2011-05-10,150.82,151.60,150.82,151.60,3200,151.60
2011-05-09,150.53,151.07,150.15,151.04,4700,151.04
2011-05-06,148.83,149.56,148.23,149.13,17600,149.13
2011-05-05,150.05,150.05,145.51,146.88,12500,146.88
2011-05-04,153.78,153.81,148.22,151.25,26000,151.25
2011-05-03,153.50,154.58,152.74,153.38,7300,153.38
2011-05-02,155.49,157.22,154.35,154.35,9400,154.35
2011-04-29,153.55,156.79,153.55,155.77,15000,155.77
2011-04-28,153.24,153.47,152.40,153.45,4800,153.45
2011-04-27,151.07,152.78,150.26,152.78,8000,152.78
2011-04-26,149.50,150.11,149.37,149.97,1100,149.97
2011-04-25,151.22,151.22,150.27,150.86,7000,150.86
2011-04-21,150.35,150.69,150.29,150.47,3500,150.47
2011-04-20,150.00,150.26,149.56,149.86,4800,149.86
2011-04-19,149.58,149.58,149.34,149.34,700,149.34
2011-04-18,149.12,149.52,148.24,149.40,4500,149.40
2011-04-15,147.38,148.38,147.30,148.38,2000,148.38
2011-04-14,145.78,147.24,145.78,147.24,12200,147.24
2011-04-13,145.56,145.93,145.29,145.55,11300,145.55
2011-04-12,144.57,145.29,144.57,144.73,2200,144.73
2011-04-11,146.91,146.91,146.91,146.91,700,146.91
2011-04-08,146.84,147.24,146.73,147.24,7400,147.24
2011-04-07,145.96,145.96,145.64,145.88,3300,145.88
2011-04-06,144.78,144.78,144.78,144.78,000,144.78
2011-04-05,144.78,144.78,144.78,144.78,1200,144.78
2011-04-04,142.69,142.69,142.69,142.69,000,142.69
2011-04-01,142.12,142.69,141.82,142.69,5100,142.69
2011-03-31,143.63,143.63,143.34,143.34,5600,143.34
2011-03-30,141.49,141.49,141.49,141.49,000,141.49
2011-03-29,141.51,141.51,141.49,141.49,5100,141.49
2011-03-28,141.71,142.00,141.71,141.86,3700,141.86
2011-03-25,143.16,143.16,142.18,142.19,4500,142.19
2011-03-24,144.73,144.73,143.03,143.03,4400,143.03
2011-03-23,142.34,142.34,142.34,142.34,000,142.34
2011-03-22,142.41,142.41,142.34,142.34,800,142.34
2011-03-21,142.93,142.93,142.64,142.64,1500,142.64
2011-03-18,140.18,140.18,140.18,140.18,000,140.18
2011-03-17,140.18,140.18,140.18,140.18,1000,140.18
2011-03-16,139.87,140.14,139.50,139.50,2700,139.50
2011-03-15,138.92,139.98,138.92,139.33,5400,139.33
2011-03-14,142.73,142.73,142.57,142.57,1200,142.57
2011-03-11,140.65,140.65,140.65,140.65,100,140.65
2011-03-10,141.94,141.94,140.39,141.04,3400,141.04
2011-03-09,143.11,143.11,142.73,142.89,4500,142.89
2011-03-08,143.08,143.08,142.69,142.69,1900,142.69
2011-03-07,143.79,143.79,142.98,143.44,3300,143.44
2011-03-04,142.30,142.74,142.30,142.74,2600,142.74
2011-03-03,142.31,142.31,141.07,141.50,6200,141.50
2011-03-02,143.70,143.97,143.54,143.96,5300,143.96
2011-03-01,142.27,143.22,142.27,143.22,2900,143.22
2011-02-28,141.07,141.30,140.60,141.19,3400,141.19
2011-02-25,141.09,141.09,141.09,141.09,100,141.09
2011-02-24,141.45,141.47,139.54,139.62,11200,139.62
2011-02-23,140.82,141.37,140.82,140.99,5000,140.99
2011-02-22,139.86,139.86,139.86,139.86,200,139.86
2011-02-18,138.43,138.84,138.43,138.66,2700,138.66
2011-02-17,138.04,138.21,137.98,138.21,1300,138.21
2011-02-16,137.58,138.14,136.86,137.46,17800,137.46
2011-02-15,137.18,137.31,137.18,137.28,600,137.28
2011-02-14,136.29,136.29,136.29,136.29,300,136.29
2011-02-11,135.68,135.68,135.68,135.68,1000,135.68
2011-02-10,136.41,136.41,136.41,136.41,000,136.41
2011-02-09,136.51,136.51,135.91,136.41,6800,136.41
2011-02-08,136.24,136.69,136.24,136.46,7000,136.46
2011-02-07,134.73,134.98,134.73,134.84,2100,134.84
2011-02-04,135.05,135.85,134.53,134.90,5200,134.90
2011-02-03,134.70,135.44,134.70,135.06,3400,135.06
2011-02-02,133.60,133.81,132.74,133.66,7700,133.66
2011-02-01,133.45,134.21,132.62,134.03,8700,134.03
2011-01-31,132.50,133.42,132.50,133.07,5400,133.07
2011-01-28,131.29,134.30,131.29,133.42,10800,133.42
2011-01-27,133.34,133.58,131.06,131.06,2800,131.06
2011-01-26,132.89,136.42,132.55,134.36,10000,134.36
2011-01-25,132.90,133.50,132.35,133.36,6500,133.36
2011-01-24,134.24,134.85,133.45,133.59,1500,133.59
2011-01-21,134.02,134.49,134.02,134.30,1500,134.30
2011-01-20,135.01,135.01,134.39,134.72,8900,134.72
2011-01-19,137.69,137.69,136.92,136.92,5400,136.92
2011-01-18,136.83,136.94,136.53,136.60,4400,136.60
2011-01-14,136.50,136.50,135.97,136.09,5700,136.09