2011-05-10,51.99,52.00,51.80,52.00,27700,52.00
2011-05-09,51.83,51.94,51.83,51.94,29000,51.94
2011-05-06,51.95,51.95,51.69,51.74,67200,51.74
2011-05-05,51.84,51.84,51.58,51.62,93700,51.62
2011-05-04,52.13,52.16,51.89,52.00,147000,52.00
2011-05-03,52.20,52.21,52.03,52.10,87000,52.10
2011-05-02,52.41,52.45,52.30,52.36,153000,52.36
2011-04-29,52.35,52.45,52.18,52.38,211000,52.38
2011-04-28,52.27,52.27,52.05,52.14,234300,52.14
2011-04-27,51.90,52.01,51.84,52.01,113600,52.01
2011-04-26,51.76,51.86,51.75,51.82,78100,51.82
2011-04-25,51.91,51.94,51.73,51.73,75100,51.73
2011-04-21,51.95,52.01,51.89,51.94,109400,51.94
2011-04-20,51.74,51.94,51.74,51.89,152200,51.89
2011-04-19,51.95,51.95,51.59,51.60,118900,51.60
2011-04-18,51.63,51.63,51.45,51.57,59400,51.57
2011-04-15,51.56,51.65,51.56,51.63,115000,51.63
2011-04-14,51.43,51.55,51.42,51.53,66600,51.53
2011-04-13,51.49,51.50,51.32,51.44,40900,51.44
2011-04-12,51.55,51.61,51.37,51.44,56900,51.44
2011-04-11,51.58,51.68,51.35,51.35,79200,51.35
2011-04-08,51.50,51.70,51.50,51.69,227000,51.69
2011-04-07,51.31,51.45,51.30,51.42,107000,51.42
2011-04-06,51.26,51.41,51.23,51.41,253200,51.41
2011-04-05,51.13,51.19,51.04,51.16,44900,51.16
2011-04-04,51.12,51.19,51.12,51.16,114400,51.16
2011-04-01,50.98,51.17,50.98,51.16,267800,51.16
2011-03-31,51.02,51.02,50.90,50.98,39800,50.98
2011-03-30,50.99,50.99,50.80,50.81,56000,50.81
2011-03-29,50.82,50.86,50.77,50.80,39700,50.80