2011-05-10,16.12,16.17,16.03,16.07,643200,16.07
2011-05-09,16.10,16.19,16.02,16.09,865400,16.09
2011-05-06,16.01,16.13,15.98,16.08,834700,16.08
2011-05-05,16.21,16.21,16.00,16.14,1564300,15.89
2011-05-04,16.41,16.43,16.07,16.25,1201400,16.00
2011-05-03,16.57,16.58,16.35,16.38,893200,16.13
2011-05-02,16.77,16.77,16.53,16.54,541000,16.29
2011-04-29,16.69,16.79,16.69,16.71,529000,16.46
2011-04-28,16.56,16.73,16.56,16.73,941500,16.48
2011-04-27,16.70,16.71,16.61,16.69,1131800,16.44
2011-04-26,16.67,16.67,16.62,16.67,659800,16.42
2011-04-25,16.58,16.63,16.55,16.61,542400,16.36
2011-04-21,16.46,16.56,16.46,16.56,771500,16.31
2011-04-20,16.50,16.53,16.45,16.49,1125000,16.24
2011-04-19,16.40,16.43,16.36,16.42,411200,16.17
2011-04-18,16.37,16.40,16.30,16.40,492100,16.15
2011-04-15,16.37,16.42,16.37,16.42,547100,16.17
2011-04-14,16.26,16.39,16.26,16.37,440300,16.12
2011-04-13,16.36,16.40,16.31,16.34,402300,16.09
2011-04-12,16.39,16.39,16.16,16.33,579400,16.08
2011-04-11,16.47,16.47,16.35,16.40,354300,16.15
2011-04-08,16.51,16.51,16.38,16.44,360900,16.19
2011-04-07,16.46,16.48,16.41,16.47,1467300,16.22
2011-04-06,16.47,16.50,16.41,16.44,309600,16.19
2011-04-05,16.44,16.46,16.40,16.43,469800,16.18
2011-04-04,16.46,16.46,16.41,16.43,498100,16.18
2011-04-01,16.41,16.44,16.37,16.41,392300,16.16
2011-03-31,16.32,16.38,16.30,16.36,523000,16.11
2011-03-30,16.29,16.32,16.27,16.31,861700,16.06
2011-03-29,16.29,16.29,16.20,16.22,495800,15.97
2011-03-28,16.36,16.38,16.25,16.28,595200,16.03
2011-03-25,16.30,16.34,16.25,16.32,440300,16.07
2011-03-24,16.21,16.29,16.20,16.29,459400,16.04
2011-03-23,16.26,16.32,16.14,16.17,855700,15.92
2011-03-22,16.23,16.25,16.17,16.25,415000,16.00
2011-03-21,16.11,16.19,16.08,16.19,867800,15.94
2011-03-18,16.11,16.18,16.01,16.02,635700,15.78
2011-03-17,16.01,16.07,15.95,16.05,578000,15.81
2011-03-16,15.85,15.98,15.77,15.92,596200,15.68
2011-03-15,15.81,15.90,15.69,15.83,739100,15.59
2011-03-14,16.05,16.06,15.93,16.01,355900,15.77
2011-03-11,16.03,16.05,15.92,16.04,504400,15.80
2011-03-10,16.20,16.25,15.95,16.03,1025700,15.79
2011-03-09,16.38,16.38,16.18,16.20,759000,15.95
2011-03-08,16.45,16.45,16.30,16.36,1474000,16.11
2011-03-07,16.50,16.51,16.36,16.41,1022300,16.16
2011-03-04,16.52,16.52,16.43,16.45,478200,16.20
2011-03-03,16.56,16.57,16.46,16.50,848500,16.25
2011-03-02,16.49,16.52,16.41,16.45,491500,16.20
2011-03-01,16.59,16.61,16.44,16.46,621800,16.21
2011-02-28,16.52,16.53,16.46,16.53,676000,16.28
2011-02-25,16.40,16.46,16.33,16.46,526600,16.21
2011-02-24,16.35,16.38,16.30,16.31,729400,16.06
2011-02-23,16.33,16.43,16.25,16.31,517200,16.06
2011-02-22,16.39,16.43,16.28,16.31,746000,16.06
2011-02-18,16.38,16.45,16.36,16.41,801300,16.16
2011-02-17,16.36,16.37,16.29,16.36,577400,16.11
2011-02-16,16.37,16.42,16.31,16.33,619600,16.08
2011-02-15,16.23,16.34,16.21,16.32,1459200,16.07
2011-02-14,16.08,16.22,16.08,16.22,625500,15.97
2011-02-11,16.00,16.08,15.98,16.08,338100,15.83
2011-02-10,16.05,16.08,16.02,16.08,451700,15.83
2011-02-09,16.00,16.11,16.00,16.06,450000,15.82
2011-02-08,15.80,16.29,15.80,16.09,867400,15.84
2011-02-07,16.22,16.22,16.10,16.11,665300,15.86
2011-02-04,16.42,16.42,16.34,16.39,590500,15.90
2011-02-03,16.38,16.39,16.32,16.39,532500,15.90
2011-02-02,16.34,16.47,16.30,16.35,530600,15.86
2011-02-01,16.37,16.49,16.30,16.32,594600,15.83
2011-01-31,16.24,16.30,16.23,16.30,565500,15.81
2011-01-28,16.34,16.34,16.21,16.23,552000,15.75
2011-01-27,16.28,16.32,16.23,16.30,553300,15.81
2011-01-26,16.17,16.28,16.15,16.26,480100,15.77
2011-01-25,16.17,16.19,16.12,16.15,477800,15.67
2011-01-24,16.07,16.18,16.06,16.16,656900,15.68
2011-01-21,16.01,16.06,16.01,16.04,537200,15.56
2011-01-20,16.10,16.14,15.86,15.98,594100,15.50
2011-01-19,16.24,16.25,16.08,16.10,495300,15.62
2011-01-18,16.30,16.31,16.22,16.23,572000,15.75
2011-01-14,16.26,16.28,16.24,16.27,559800,15.78
2011-01-13,16.25,16.25,16.20,16.23,538100,15.75
2011-01-12,16.24,16.25,16.17,16.22,579400,15.74
2011-01-11,16.14,16.19,16.13,16.18,961300,15.70
2011-01-10,16.07,16.12,16.06,16.11,524100,15.63
2011-01-07,16.08,16.10,16.03,16.07,1034300,15.59
2011-01-06,16.08,16.10,16.03,16.05,533200,15.57
2011-01-05,16.09,16.09,16.03,16.05,679100,15.57
2011-01-04,16.04,16.15,16.02,16.07,1089700,15.59
2011-01-03,16.08,16.17,16.08,16.12,928100,15.64
2010-12-31,16.06,16.10,16.04,16.07,612000,15.59
2010-12-30,16.01,16.09,15.95,16.05,2169800,15.57
2010-12-29,15.99,16.00,15.95,15.99,947700,15.51
2010-12-28,15.88,15.94,15.87,15.94,960500,15.46
2010-12-27,15.89,15.89,15.81,15.86,411400,15.39
2010-12-23,15.89,15.91,15.86,15.87,511900,15.40
2010-12-22,15.80,15.87,15.79,15.86,528100,15.39
2010-12-21,15.73,15.78,15.69,15.78,539200,15.31
2010-12-20,15.73,15.75,15.63,15.69,536400,15.22
2010-12-17,15.74,15.75,15.66,15.72,583300,15.25
2010-12-16,15.84,15.84,15.68,15.73,768800,15.26
2010-12-15,15.94,15.97,15.74,15.80,1281600,15.33
2010-12-14,16.02,16.02,15.92,15.93,976500,15.45
2010-12-13,15.99,16.00,15.94,15.99,1036400,15.51
2010-12-10,15.90,15.92,15.86,15.91,2026200,15.44
2010-12-09,15.86,15.87,15.84,15.85,677800,15.38
2010-12-08,15.90,15.91,15.80,15.82,805400,15.35
2010-12-07,15.97,15.97,15.85,15.87,676300,15.40
2010-12-06,15.85,15.89,15.85,15.86,563300,15.39
2010-12-03,15.87,15.87,15.84,15.86,488200,15.39
2010-12-02,15.89,15.90,15.80,15.86,1240900,15.39
2010-12-01,16.01,16.01,15.83,15.85,966900,15.38
2010-11-30,15.80,15.87,15.79,15.86,914000,15.39
2010-11-29,15.93,15.93,15.80,15.86,601200,15.39
2010-11-26,15.85,15.90,15.85,15.85,140900,15.38
2010-11-24,16.01,16.01,15.88,15.89,359500,15.42
2010-11-23,15.91,15.91,15.80,15.90,621000,15.43
2010-11-22,15.95,15.95,15.85,15.91,590600,15.44
2010-11-19,15.88,15.90,15.80,15.89,531300,15.42
2010-11-18,15.92,15.92,15.83,15.85,363400,15.38
2010-11-17,15.78,15.84,15.75,15.80,374300,15.33
2010-11-16,16.04,16.04,15.70,15.79,648600,15.32
2010-11-15,16.12,16.12,15.98,16.02,505500,15.54
2010-11-12,16.05,16.05,15.92,15.96,383000,15.48
2010-11-11,15.99,16.03,15.98,16.02,273000,15.54
2010-11-10,16.15,16.15,15.97,16.05,453800,15.57
2010-11-09,16.07,16.08,15.96,16.07,1164000,15.59
2010-11-08,15.98,15.99,15.90,15.95,1351500,15.47
2010-11-05,16.01,16.07,15.86,16.00,757900,15.52
2010-11-04,16.17,16.31,16.09,16.11,490800,15.39
2010-11-03,16.09,16.11,16.00,16.04,347800,15.32
2010-11-02,16.07,16.07,15.96,16.04,608300,15.32
2010-11-01,15.99,15.99,15.91,15.96,473500,15.25
2010-10-29,15.85,15.94,15.85,15.94,306200,15.23
2010-10-28,15.93,15.93,15.80,15.85,636400,15.14
2010-10-27,15.84,15.89,15.78,15.85,503700,15.14
2010-10-26,15.78,15.85,15.78,15.84,783600,15.13
2010-10-25,15.85,15.89,15.78,15.80,292200,15.09
2010-10-22,15.81,15.83,15.77,15.79,328800,15.08
2010-10-21,15.82,15.88,15.75,15.79,379000,15.08
2010-10-20,15.78,15.81,15.75,15.80,251400,15.09
2010-10-19,15.70,15.78,15.69,15.72,368200,15.02
2010-10-18,15.80,15.80,15.75,15.79,510400,15.08
2010-10-15,15.85,15.85,15.73,15.79,394100,15.08
2010-10-14,15.85,15.86,15.76,15.80,782600,15.09
2010-10-13,15.91,15.91,15.82,15.85,806000,15.14
2010-10-12,15.77,15.80,15.70,15.79,542600,15.08
2010-10-11,15.78,15.80,15.72,15.78,413000,15.07
2010-10-08,15.74,15.75,15.67,15.72,448000,15.02
2010-10-07,15.67,15.74,15.58,15.71,791000,15.01
2010-10-06,15.59,15.63,15.57,15.62,503500,14.92
2010-10-05,15.63,15.63,15.55,15.58,747700,14.88
2010-10-04,15.58,15.58,15.47,15.54,658100,14.84
2010-10-01,15.51,15.54,15.45,15.53,563700,14.83
2010-09-30,15.48,15.48,15.38,15.45,1284000,14.76
2010-09-29,15.36,15.42,15.34,15.41,600000,14.72
2010-09-28,15.34,15.38,15.27,15.35,423900,14.66
2010-09-27,15.35,15.35,15.29,15.32,393300,14.63
2010-09-24,15.39,15.40,15.28,15.28,977600,14.60
2010-09-23,15.25,15.32,15.23,15.26,550000,14.58
2010-09-22,15.29,15.35,15.28,15.33,537500,14.64
2010-09-21,15.29,15.31,15.25,15.29,509400,14.61
2010-09-20,15.26,15.29,15.20,15.26,486300,14.58
2010-09-17,15.23,15.23,15.15,15.20,637000,14.52
2010-09-16,15.23,15.23,15.15,15.19,670100,14.51
2010-09-15,15.26,15.26,15.15,15.19,649500,14.51
2010-09-14,15.28,15.29,15.20,15.23,493700,14.55
2010-09-13,15.21,15.25,15.20,15.25,571700,14.57
2010-09-10,15.25,15.26,15.16,15.18,512200,14.50
2010-09-09,15.24,15.24,15.16,15.17,829500,14.49
2010-09-08,15.20,15.20,15.12,15.12,412700,14.44
2010-09-07,15.17,15.17,15.08,15.13,454800,14.45
2010-09-03,15.22,15.22,15.16,15.19,416600,14.51
2010-09-02,15.10,15.16,15.06,15.16,896300,14.48
2010-09-01,15.09,15.10,15.01,15.07,496900,14.40