2011-05-10,15.00,15.15,15.00,15.15,15900,15.15
2011-05-09,14.74,14.81,14.72,14.81,1000,14.81
2011-05-06,14.75,14.75,14.73,14.73,300,14.73
2011-05-05,14.73,14.73,14.56,14.63,1400,14.63
2011-05-04,14.95,14.95,14.72,14.78,3800,14.78
2011-05-03,15.00,15.03,15.00,15.00,1300,15.00
2011-05-02,15.41,15.41,15.21,15.21,600,15.21
2011-04-29,15.02,15.36,15.02,15.36,5400,15.36
2011-04-28,15.10,15.10,15.02,15.02,7700,15.02
2011-04-27,15.17,15.17,14.88,14.91,8800,14.91
2011-04-26,15.04,15.06,15.01,15.03,3200,15.03
2011-04-25,15.20,15.25,15.11,15.20,4800,15.20
2011-04-21,15.30,15.32,15.20,15.20,6900,15.20
2011-04-20,15.25,15.25,15.15,15.15,4600,15.15
2011-04-19,14.84,15.04,14.84,15.04,1400,15.04
2011-04-18,14.95,14.95,14.69,14.81,10600,14.81
2011-04-15,15.15,15.15,15.02,15.15,5500,15.15
2011-04-14,15.14,15.21,15.10,15.10,9100,15.10
2011-04-13,15.26,15.32,15.20,15.32,13800,15.32
2011-04-12,15.47,15.47,15.16,15.27,11600,15.27
2011-04-11,15.74,15.79,15.50,15.50,18800,15.50
2011-04-08,15.69,15.72,15.65,15.72,8000,15.72
2011-04-07,15.64,15.64,15.51,15.53,8700,15.53
2011-04-06,15.87,15.87,15.59,15.69,10400,15.69
2011-04-05,15.61,15.79,15.54,15.75,13200,15.75
2011-04-04,15.58,15.63,15.49,15.59,26000,15.59
2011-04-01,15.31,15.39,15.30,15.38,11800,15.38
2011-03-31,15.05,15.10,15.00,15.03,12100,15.03
2011-03-30,14.96,15.13,14.92,15.04,35900,15.04
2011-03-29,14.83,14.88,14.82,14.88,8000,14.88
2011-03-28,14.76,14.84,14.66,14.75,5100,14.75
2011-03-25,14.85,14.85,14.70,14.73,7400,14.73
2011-03-24,14.79,14.79,14.65,14.76,1700,14.76
2011-03-23,14.63,14.63,14.58,14.61,2000,14.61
2011-03-22,14.75,14.75,14.59,14.59,2000,14.59
2011-03-21,14.75,14.75,14.59,14.59,1800,14.59
2011-03-18,14.71,14.71,14.42,14.42,3400,14.42
2011-03-17,14.35,14.38,14.35,14.38,300,14.38
2011-03-16,14.51,14.51,14.05,14.11,3100,14.11
2011-03-15,14.38,14.41,14.05,14.41,13100,14.41
2011-03-14,14.81,14.90,14.56,14.67,14500,14.67
2011-03-11,14.86,14.86,14.63,14.79,24500,14.79
2011-03-10,15.08,15.08,14.68,14.77,35400,14.77
2011-03-09,15.27,15.27,15.13,15.14,9900,15.14
2011-03-08,15.17,15.27,15.17,15.24,9300,15.24
2011-03-07,15.06,15.20,15.06,15.18,22300,15.18
2011-03-04,15.23,15.25,15.08,15.14,57800,15.14