2011-05-10,16.49,16.49,16.40,16.43,2400,16.43
2011-05-09,16.09,16.37,16.09,16.37,7400,16.37
2011-05-06,16.37,16.37,15.98,15.98,2300,15.98
2011-05-05,16.03,16.10,15.99,15.99,6400,15.99
2011-05-04,16.31,16.31,16.06,16.29,4800,16.29
2011-05-03,16.50,16.56,16.40,16.46,3500,16.46
2011-05-02,16.82,16.85,16.71,16.72,70000,16.72
2011-04-29,16.68,16.76,16.54,16.73,12000,16.73
2011-04-28,16.66,16.72,16.62,16.71,14900,16.71
2011-04-27,16.55,16.66,16.55,16.66,2600,16.66
2011-04-26,16.57,16.57,16.54,16.54,1700,16.54
2011-04-25,16.53,16.53,16.48,16.48,5900,16.48
2011-04-21,16.52,16.59,16.50,16.52,4200,16.52
2011-04-20,16.43,16.53,16.43,16.48,5200,16.48
2011-04-19,16.17,16.19,16.12,16.19,3000,16.19
2011-04-18,16.06,16.06,15.90,15.90,4000,15.90
2011-04-15,16.22,16.31,16.18,16.29,2900,16.29
2011-04-14,16.11,16.15,16.09,16.15,3300,16.15
2011-04-13,16.15,16.18,16.15,16.16,1300,16.16
2011-04-12,16.05,16.05,15.91,16.02,6000,16.02
2011-04-11,16.18,16.20,16.14,16.14,4900,16.14
2011-04-08,16.39,16.39,16.21,16.25,9400,16.25
2011-04-07,16.34,16.34,16.26,16.27,7400,16.27
2011-04-06,16.30,16.30,16.22,16.25,9100,16.25
2011-04-05,16.17,16.18,16.13,16.18,3400,16.18
2011-04-04,16.12,16.16,16.10,16.16,5300,16.16
2011-04-01,16.13,16.16,16.08,16.08,1500,16.08
2011-03-31,15.80,15.97,15.80,15.97,6200,15.97
2011-03-30,15.82,15.89,15.82,15.82,11900,15.82
2011-03-29,15.56,15.66,15.56,15.66,1300,15.66
2011-03-28,15.61,15.61,15.58,15.59,5400,15.59
2011-03-25,15.67,15.67,15.62,15.66,800,15.66
2011-03-24,15.69,15.72,15.51,15.71,4300,15.71
2011-03-23,15.44,15.52,15.39,15.52,1900,15.52
2011-03-22,15.36,15.36,15.36,15.36,300,15.36
2011-03-21,15.34,15.34,15.33,15.33,700,15.33
2011-03-18,15.04,15.04,14.98,14.98,1700,14.98
2011-03-17,14.92,14.98,14.88,14.88,2400,14.88
2011-03-16,14.85,14.85,14.70,14.75,3000,14.75
2011-03-15,14.82,14.95,14.70,14.95,14100,14.95
2011-03-14,15.43,15.43,15.22,15.31,2700,15.31
2011-03-11,15.26,15.33,15.25,15.30,11000,15.30
2011-03-10,15.45,15.54,15.26,15.30,4400,15.30
2011-03-09,15.63,15.63,15.54,15.54,600,15.54
2011-03-08,15.48,15.60,15.48,15.56,1000,15.56
2011-03-07,15.53,15.58,15.23,15.25,4700,15.25
2011-03-04,15.28,15.33,15.16,15.29,5800,15.29
2011-03-03,15.22,15.35,15.21,15.35,49700,15.35
2011-03-02,15.20,15.24,15.12,15.21,4900,15.21
2011-03-01,15.39,15.39,15.03,15.03,5500,15.03
2011-02-28,15.28,15.28,15.04,15.04,14800,15.04
2011-02-25,15.22,15.22,15.02,15.06,14100,15.06
2011-02-24,15.04,15.04,14.80,14.86,6400,14.86
2011-02-23,14.97,14.97,14.78,14.86,15100,14.86
2011-02-22,15.13,15.15,14.89,14.92,12300,14.92
2011-02-18,15.31,15.31,15.21,15.27,27100,15.27
2011-02-17,15.14,15.19,15.14,15.19,38600,15.19