2011-05-10,66.25,66.25,66.25,66.25,000,66.25
2011-05-09,65.62,66.26,65.62,66.25,6300,66.25
2011-05-06,65.86,65.86,65.86,65.86,000,65.86
2011-05-05,65.86,65.86,65.86,65.86,500,65.86
2011-05-04,66.75,66.78,66.66,66.66,1700,66.66
2011-05-03,69.00,69.00,69.00,69.00,000,69.00
2011-05-02,69.00,69.00,69.00,69.00,500,69.00
2011-04-29,67.46,67.46,67.46,67.46,000,67.46
2011-04-28,67.36,67.70,67.18,67.46,3900,67.46
2011-04-27,66.25,66.25,66.25,66.25,000,66.25
2011-04-26,66.25,66.25,66.25,66.25,100,66.25
2011-04-25,65.95,65.95,65.95,65.95,700,65.95
2011-04-21,65.49,65.67,65.42,65.66,7900,65.66
2011-04-20,65.06,65.53,65.00,65.26,27300,65.26
2011-04-19,62.80,62.80,62.80,62.80,000,62.80
2011-04-18,62.39,62.84,62.21,62.80,2900,62.80
2011-04-15,63.69,63.92,63.66,63.76,4100,63.76
2011-04-14,63.57,63.84,63.57,63.84,2400,63.84
2011-04-13,64.66,64.66,63.13,63.32,3500,63.32
2011-04-12,63.01,63.13,62.80,62.84,2000,62.84
2011-04-11,63.72,63.72,63.05,63.17,2000,63.17
2011-04-08,63.51,63.51,63.51,63.51,000,63.51
2011-04-07,63.51,63.51,63.51,63.51,000,63.51
2011-04-06,63.51,63.51,63.51,63.51,000,63.51
2011-04-05,63.51,63.51,63.51,63.51,000,63.51
2011-04-04,63.51,63.51,63.51,63.51,000,63.51
2011-04-01,63.88,63.88,63.38,63.51,5500,63.51
2011-03-31,63.12,63.12,63.12,63.12,000,63.12
2011-03-30,63.12,63.12,63.12,63.12,000,63.12
2011-03-29,63.12,63.12,63.12,63.12,000,63.12
2011-03-28,63.12,63.12,63.12,63.12,000,63.12
2011-03-25,63.12,63.12,63.12,63.12,100,63.12
2011-03-24,62.42,62.42,62.42,62.42,000,62.42
2011-03-23,62.42,62.42,62.42,62.42,100,62.42
2011-03-22,63.08,63.08,63.08,63.08,100,63.08
2011-03-21,63.63,63.63,63.63,63.63,9700,63.63
2011-03-18,62.00,62.00,61.81,61.81,800,61.81
2011-03-17,61.12,61.12,61.12,61.12,200,61.12
2011-03-16,59.59,59.59,59.59,59.59,000,59.59
2011-03-15,59.59,59.59,59.59,59.59,1200,59.59
2011-03-14,61.72,62.27,61.02,62.27,900,62.27
2011-03-11,64.21,64.21,64.21,64.21,200,64.21
2011-03-10,65.17,65.17,65.17,65.17,000,65.17
2011-03-09,65.17,65.17,65.17,65.17,000,65.17
2011-03-08,65.49,65.56,65.17,65.17,2200,65.17
2011-03-07,65.65,65.69,65.65,65.65,6100,65.65
2011-03-04,65.44,65.44,65.44,65.44,000,65.44
2011-03-03,65.44,65.44,65.44,65.44,100,65.44
2011-03-02,65.66,65.66,65.66,65.66,000,65.66
2011-03-01,65.45,65.66,65.45,65.66,5300,65.66
2011-02-28,65.33,65.33,65.33,65.33,000,65.33
2011-02-25,65.49,65.49,65.33,65.33,200,65.33
2011-02-24,65.43,65.43,65.43,65.43,000,65.43
2011-02-23,65.43,65.43,65.43,65.43,000,65.43
2011-02-22,65.43,65.43,65.43,65.43,100,65.43
2011-02-18,66.82,66.82,66.82,66.82,300,66.82
2011-02-17,66.40,66.40,66.40,66.40,000,66.40
2011-02-16,66.40,66.40,66.40,66.40,800,66.40
2011-02-15,66.68,66.68,66.68,66.68,000,66.68
2011-02-14,66.68,66.68,66.68,66.68,800,66.68
2011-02-11,66.26,66.54,66.26,66.49,1100,66.49
2011-02-10,65.77,65.77,65.77,65.77,000,65.77
2011-02-09,65.77,65.77,65.77,65.77,000,65.77
2011-02-08,65.77,65.77,65.77,65.77,000,65.77
2011-02-07,65.69,65.77,65.69,65.77,700,65.77
2011-02-04,65.31,65.31,65.31,65.31,300,65.31
2011-02-03,64.90,64.90,64.90,64.90,000,64.90
2011-02-02,64.90,64.90,64.90,64.90,000,64.90
2011-02-01,64.90,64.90,64.90,64.90,000,64.90
2011-01-31,64.90,64.90,64.90,64.90,000,64.90
2011-01-28,64.90,64.90,64.90,64.90,000,64.90
2011-01-27,64.90,64.90,64.90,64.90,000,64.90
2011-01-26,64.90,64.90,64.90,64.90,000,64.90
2011-01-25,64.90,64.90,64.90,64.90,000,64.90
2011-01-24,64.90,64.90,64.90,64.90,000,64.90
2011-01-21,64.40,64.90,64.40,64.90,400,64.90
2011-01-20,66.40,66.40,66.40,66.40,000,66.40
2011-01-19,66.67,66.67,66.38,66.40,1000,66.40
2011-01-18,65.81,65.81,65.81,65.81,000,65.81
2011-01-14,65.81,65.81,65.81,65.81,000,65.81
2011-01-13,65.36,65.81,65.36,65.81,600,65.81
2011-01-12,64.22,64.22,64.22,64.22,000,64.22
2011-01-11,64.22,64.22,64.22,64.22,000,64.22
2011-01-10,64.22,64.22,64.22,64.22,500,64.22
2011-01-07,64.82,64.82,64.82,64.82,000,64.82
2011-01-06,64.82,64.82,64.82,64.82,000,64.82
2011-01-05,64.82,64.82,64.82,64.82,000,64.82
2011-01-04,64.82,64.82,64.82,64.82,000,64.82
2011-01-03,65.08,65.08,64.82,64.82,600,64.82
2010-12-31,63.64,63.64,63.64,63.64,000,63.64
2010-12-30,63.64,63.64,63.64,63.64,1200,63.64
2010-12-29,63.89,63.95,63.89,63.95,500,63.95
2010-12-28,64.08,64.08,63.99,63.99,600,63.99
2010-12-27,64.22,64.22,64.22,64.22,000,64.22
2010-12-23,64.30,64.30,64.22,64.22,1300,64.22
2010-12-22,64.54,64.54,64.54,64.54,100,64.54
2010-12-21,64.22,64.22,64.22,64.22,1200,64.22
2010-12-20,62.88,62.88,62.88,62.88,000,62.55
2010-12-17,62.88,62.88,62.88,62.88,000,62.55
2010-12-16,62.88,62.88,62.88,62.88,000,62.55
2010-12-15,62.88,62.88,62.88,62.88,000,62.55
2010-12-14,62.88,62.88,62.88,62.88,000,62.55
2010-12-13,62.88,62.88,62.88,62.88,000,62.55
2010-12-10,62.88,62.88,62.88,62.88,000,62.55
2010-12-09,62.88,62.88,62.88,62.88,000,62.55
2010-12-08,62.88,62.88,62.88,62.88,000,62.55
2010-12-07,62.88,62.88,62.88,62.88,000,62.55
2010-12-06,62.88,62.88,62.88,62.88,000,62.55
2010-12-03,62.88,62.88,62.88,62.88,000,62.55
2010-12-02,62.88,62.88,62.88,62.88,000,62.55
2010-12-01,62.88,62.88,62.88,62.88,000,62.55
2010-11-30,62.88,62.88,62.88,62.88,000,62.55
2010-11-29,62.88,62.88,62.88,62.88,000,62.55
2010-11-26,62.88,62.88,62.88,62.88,000,62.55
2010-11-24,62.88,62.88,62.88,62.88,100,62.55
2010-11-23,62.61,62.61,62.61,62.61,100,62.28
2010-11-22,63.80,63.80,63.80,63.80,000,63.47
2010-11-19,63.80,63.80,63.80,63.80,100,63.47
2010-11-18,63.92,63.92,63.92,63.92,100,63.59
2010-11-17,62.38,62.38,62.10,62.10,11000,61.78
2010-11-16,61.94,61.94,61.94,61.94,100,61.62
2010-11-15,63.92,63.92,63.62,63.65,7300,63.32
2010-11-12,63.15,63.15,63.15,63.15,200,62.82
2010-11-11,63.95,63.95,63.95,63.95,000,63.62
2010-11-10,63.95,63.95,63.95,63.95,000,63.62
2010-11-09,63.95,63.95,63.95,63.95,000,63.62
2010-11-08,63.95,63.95,63.95,63.95,200,63.62
2010-11-05,62.40,62.40,62.40,62.40,000,62.08
2010-11-04,62.40,62.40,62.40,62.40,000,62.08
2010-11-03,62.40,62.40,62.40,62.40,000,62.08
2010-11-02,62.40,62.40,62.40,62.40,000,62.08
2010-11-01,62.40,62.40,62.40,62.40,000,62.08
2010-10-29,62.40,62.40,62.40,62.40,000,62.08
2010-10-28,62.40,62.40,62.40,62.40,000,62.08
2010-10-27,62.40,62.40,62.40,62.40,000,62.08
2010-10-26,62.40,62.40,62.40,62.40,000,62.08
2010-10-25,62.40,62.40,62.40,62.40,000,62.08
2010-10-22,62.40,62.40,62.40,62.40,100,62.08
2010-10-21,62.65,62.65,62.65,62.65,000,62.32
2010-10-20,62.65,62.65,62.65,62.65,000,62.32
2010-10-19,62.65,62.65,62.65,62.65,000,62.32
2010-10-18,62.65,62.65,62.65,62.65,000,62.32
2010-10-15,62.65,62.65,62.65,62.65,000,62.32
2010-10-14,62.65,62.65,62.65,62.65,200,62.32
2010-10-13,61.47,61.47,61.47,61.47,000,61.15
2010-10-12,61.25,61.57,61.25,61.47,600,61.15
2010-10-11,60.86,60.86,60.86,60.86,000,60.54
2010-10-08,60.86,60.86,60.86,60.86,000,60.54
2010-10-07,60.86,60.86,60.86,60.86,000,60.54
2010-10-06,60.86,60.86,60.86,60.86,400,60.54
2010-10-05,58.72,58.72,58.72,58.72,000,58.41
2010-10-04,58.72,58.72,58.72,58.72,000,58.41
2010-10-01,58.72,58.72,58.72,58.72,000,58.41
2010-09-30,58.72,58.72,58.72,58.72,000,58.41
2010-09-29,58.72,58.72,58.72,58.72,000,58.41
2010-09-28,58.72,58.72,58.72,58.72,000,58.41
2010-09-27,58.72,58.72,58.72,58.72,000,58.41
2010-09-24,58.72,58.72,58.72,58.72,000,58.41
2010-09-23,58.72,58.72,58.72,58.72,000,58.41
2010-09-22,58.72,58.72,58.72,58.72,000,58.41
2010-09-21,58.72,58.72,58.72,58.72,1000,58.41
2010-09-20,58.45,58.45,58.45,58.45,20000,58.15
2010-09-17,56.50,56.50,56.50,56.50,000,56.21
2010-09-16,56.50,56.50,56.50,56.50,000,56.21
2010-09-15,56.50,56.50,56.50,56.50,000,56.21
2010-09-14,56.50,56.50,56.50,56.50,000,56.21
2010-09-13,56.50,56.50,56.50,56.50,100,56.21
2010-09-10,55.52,55.52,55.52,55.52,000,55.23
2010-09-09,55.51,55.52,55.50,55.52,16000,55.23
2010-09-08,55.35,55.35,55.35,55.35,000,55.06
2010-09-07,55.35,55.35,55.35,55.35,000,55.06
2010-09-03,55.35,55.35,55.35,55.35,000,55.06
2010-09-02,55.35,55.35,55.35,55.35,000,55.06
2010-09-01,55.35,55.35,55.35,55.35,000,55.06
2010-08-31,55.35,55.35,55.35,55.35,000,55.06
2010-08-30,55.35,55.35,55.35,55.35,000,55.06
2010-08-27,55.35,55.35,55.35,55.35,000,55.06
2010-08-26,55.35,55.35,55.35,55.35,000,55.06
2010-08-25,55.35,55.35,55.35,55.35,000,55.06
2010-08-24,55.35,55.35,55.35,55.35,000,55.06
2010-08-23,55.35,55.35,55.35,55.35,000,55.06
2010-08-20,55.35,55.35,55.35,55.35,000,55.06
2010-08-19,55.35,55.35,55.35,55.35,000,55.06
2010-08-18,55.35,55.35,55.35,55.35,000,55.06
2010-08-17,55.35,55.35,55.35,55.35,000,55.06
2010-08-16,55.35,55.35,55.35,55.35,000,55.06
2010-08-13,55.35,55.35,55.35,55.35,000,55.06
2010-08-12,55.35,55.35,55.35,55.35,000,55.06
2010-08-11,55.35,55.35,55.35,55.35,000,55.06
2010-08-10,55.35,55.35,55.35,55.35,15000,55.06
2010-08-09,52.53,52.53,52.53,52.53,000,52.26
2010-08-06,52.53,52.53,52.53,52.53,000,52.26
2010-08-05,52.53,52.53,52.53,52.53,000,52.26
2010-08-04,52.53,52.53,52.53,52.53,000,52.26
2010-08-03,52.53,52.53,52.53,52.53,000,52.26
2010-08-02,52.53,52.53,52.53,52.53,000,52.26
2010-07-30,52.53,52.53,52.53,52.53,000,52.26
2010-07-29,52.53,52.53,52.53,52.53,000,52.26
2010-07-28,52.53,52.53,52.53,52.53,000,52.26
2010-07-27,52.53,52.53,52.53,52.53,000,52.26
2010-07-26,52.53,52.53,52.53,52.53,000,52.26
2010-07-23,52.53,52.53,52.53,52.53,000,52.26
2010-07-22,52.53,52.53,52.53,52.53,000,52.26
2010-07-21,52.53,52.53,52.53,52.53,000,52.26
2010-07-20,52.53,52.53,52.53,52.53,15000,52.26