2011-05-10,66.10,66.59,65.31,65.98,1200,65.98
2011-05-09,65.99,66.04,65.30,66.04,8500,66.04
2011-05-06,66.65,66.65,64.53,64.53,200,64.53
2011-05-05,67.25,67.25,65.82,65.96,600,65.96
2011-05-04,68.99,68.99,67.45,67.45,900,67.45
2011-05-03,70.25,70.25,68.31,68.31,4100,68.31
2011-05-02,70.23,70.23,70.23,70.23,000,70.23
2011-04-29,70.08,70.23,69.71,70.23,2100,70.23
2011-04-28,70.58,70.58,69.47,69.49,2000,69.49
2011-04-27,69.61,70.02,68.78,69.96,9800,69.96
2011-04-26,68.90,69.33,68.90,69.33,200,69.33
2011-04-25,68.79,68.82,68.79,68.82,400,68.82
2011-04-21,69.00,69.15,68.71,69.04,1200,69.04
2011-04-20,67.46,67.46,67.46,67.46,14100,67.46
2011-04-19,65.62,65.67,65.62,65.67,400,65.67
2011-04-18,67.39,67.39,65.52,65.52,1000,65.52
2011-04-15,68.35,68.35,66.91,66.94,2700,66.94
2011-04-14,68.21,68.22,67.36,67.54,1900,67.54
2011-04-13,69.61,69.61,68.35,68.42,1100,68.42
2011-04-12,69.89,69.89,67.92,67.92,1000,67.92
2011-04-11,70.87,70.87,69.00,69.00,800,69.00
2011-04-08,71.99,79.45,70.07,70.07,800,70.07
2011-04-07,70.62,70.62,70.18,70.18,200,70.18
2011-04-06,69.64,69.64,69.64,69.64,300,69.64
2011-04-05,69.93,70.06,69.93,70.06,600,70.06
2011-04-04,70.16,70.20,70.00,70.00,400,70.00
2011-04-01,69.78,69.78,69.78,69.78,200,69.78
2011-03-31,68.65,68.65,68.65,68.65,000,68.65
2011-03-30,68.56,68.65,68.56,68.65,500,68.65
2011-03-29,67.64,67.64,67.64,67.64,200,67.64
2011-03-28,68.71,68.71,67.63,67.63,1300,67.63
2011-03-25,68.06,68.06,68.06,68.06,200,68.06
2011-03-24,67.28,67.28,67.28,67.28,000,67.28
2011-03-23,67.28,67.28,67.28,67.28,000,67.28
2011-03-22,67.28,67.28,67.28,67.28,200,67.28
2011-03-21,67.11,67.11,67.11,67.11,200,67.11
2011-03-18,65.91,65.95,65.91,65.95,600,65.95
2011-03-17,66.15,66.15,64.95,65.21,600,65.21
2011-03-16,64.26,64.26,64.26,64.26,100,64.26
2011-03-15,63.96,64.24,62.90,64.24,1900,64.24
2011-03-14,66.17,66.17,65.28,65.29,800,65.29
2011-03-11,65.11,65.36,65.11,65.36,1100,65.36
2011-03-10,65.41,65.41,64.81,65.38,1100,65.38
2011-03-09,66.74,67.03,66.74,66.93,2300,66.93
2011-03-08,67.19,67.44,67.04,67.44,1200,67.44
2011-03-07,69.06,69.06,67.90,67.90,600,67.90
2011-03-04,67.99,68.07,67.99,68.07,200,68.07
2011-03-03,68.21,68.21,67.43,68.07,1000,68.07
2011-03-02,67.30,67.61,67.00,67.61,1000,67.61
2011-03-01,66.24,66.50,66.24,66.49,400,66.49
2011-02-28,67.30,67.41,67.30,67.41,1100,67.41
2011-02-25,66.55,66.55,66.55,66.55,400,66.55
2011-02-24,66.14,66.55,65.88,66.01,600,66.01
2011-02-23,66.33,66.33,65.24,65.24,1400,65.24
2011-02-22,65.23,65.23,64.73,64.76,2100,64.76
2011-02-18,65.59,65.62,65.57,65.57,500,65.57
2011-02-17,64.74,64.74,64.74,64.74,000,64.74
2011-02-16,64.19,64.74,64.18,64.74,3900,64.74
2011-02-15,64.31,64.31,64.31,64.31,200,64.31
2011-02-14,63.16,63.16,63.16,63.16,100,63.16
2011-02-11,64.39,64.39,63.57,63.57,200,63.57
2011-02-10,63.97,63.97,63.15,63.15,1400,63.15
2011-02-09,64.11,64.11,64.07,64.07,400,64.07
2011-02-08,64.44,64.44,64.44,64.44,300,64.44
2011-02-07,64.54,64.54,64.54,64.54,000,64.54
2011-02-04,65.75,65.75,64.54,64.54,900,64.54
2011-02-03,65.97,65.97,63.86,64.79,5600,64.79
2011-02-02,66.49,66.49,65.26,65.29,2500,65.29
2011-02-01,64.90,65.60,64.70,65.60,3900,65.60
2011-01-31,63.13,63.13,63.13,63.13,1000,63.13
2011-01-28,63.10,63.10,62.57,62.57,1500,62.57
2011-01-27,63.15,63.15,63.15,63.15,1000,63.15
2011-01-26,63.14,63.42,62.80,62.99,10300,62.99
2011-01-25,62.85,62.85,62.50,62.57,800,62.57
2011-01-24,62.89,63.30,62.89,63.15,700,63.15
2011-01-21,62.90,63.05,62.90,62.98,2000,62.98
2011-01-20,61.78,61.78,61.77,61.77,2000,61.77
2011-01-19,63.65,63.65,63.65,63.65,000,63.65
2011-01-18,64.00,64.00,63.65,63.65,2200,63.65
2011-01-14,63.11,63.11,63.11,63.11,000,63.11
2011-01-13,64.00,64.00,63.11,63.11,2200,63.11
2011-01-12,62.95,63.17,62.90,62.90,5300,62.90
2011-01-11,61.45,61.45,61.42,61.42,5000,61.42
2011-01-10,61.50,61.50,61.50,61.50,200,61.50
2011-01-07,61.68,61.68,61.35,61.35,700,61.35
2011-01-06,62.10,62.10,61.54,61.54,1200,61.54
2011-01-05,62.65,62.65,62.65,62.65,400,62.65
2011-01-04,62.02,62.02,62.02,62.02,300,62.02
2011-01-03,62.95,62.98,61.56,61.57,12500,61.57
2010-12-31,61.72,61.72,61.72,61.72,400,61.72
2010-12-30,61.17,61.17,61.09,61.09,600,61.09
2010-12-29,61.15,61.15,61.15,61.15,300,61.15
2010-12-28,60.54,60.87,60.54,60.69,9000,60.69
2010-12-27,60.28,60.28,60.28,60.28,000,60.28
2010-12-23,60.28,60.28,60.28,60.28,000,60.28
2010-12-22,60.28,60.28,60.28,60.28,000,60.28
2010-12-21,60.04,60.28,60.04,60.28,800,60.28
2010-12-20,60.41,60.41,60.41,60.41,300,59.77
2010-12-17,59.93,59.93,59.93,59.93,800,59.30
2010-12-16,60.78,60.78,60.78,60.78,000,60.14
2010-12-15,60.78,60.78,60.78,60.78,000,60.14
2010-12-14,60.87,61.19,60.77,60.78,4000,60.14
2010-12-13,60.88,60.88,60.85,60.85,700,60.21
2010-12-10,59.77,59.77,59.77,59.77,000,59.14
2010-12-09,59.77,59.77,59.77,59.77,100,59.14
2010-12-08,59.45,59.59,59.45,59.55,3400,58.92
2010-12-07,60.76,60.76,59.68,59.68,2400,59.05
2010-12-06,59.05,59.05,59.05,59.05,000,58.43
2010-12-03,59.05,59.05,59.05,59.05,500,58.43
2010-12-02,58.52,58.52,58.52,58.52,100,57.90
2010-12-01,57.16,57.50,57.01,57.44,2000,56.83
2010-11-30,55.91,56.29,55.91,56.13,700,55.54
2010-11-29,56.00,56.51,56.00,56.51,300,55.91
2010-11-26,55.55,56.74,55.55,56.68,1200,56.08
2010-11-24,56.81,56.81,56.81,56.81,000,56.21
2010-11-23,57.14,57.14,56.81,56.81,400,56.21
2010-11-22,58.76,58.76,58.76,58.76,000,58.14
2010-11-19,57.96,58.76,57.92,58.76,600,58.14
2010-11-18,57.39,57.39,57.39,57.39,000,56.78
2010-11-17,57.25,57.45,57.25,57.39,2900,56.78
2010-11-16,58.00,58.00,57.11,57.11,1200,56.51
2010-11-15,59.48,59.48,59.40,59.44,2500,58.81
2010-11-12,58.84,59.17,58.84,59.17,800,58.55
2010-11-11,60.38,60.38,60.27,60.27,500,59.63
2010-11-10,60.50,60.69,60.50,60.69,700,60.05
2010-11-09,60.72,60.72,60.72,60.72,200,60.08
2010-11-08,60.73,60.73,60.71,60.71,2000,60.07
2010-11-05,61.23,61.23,61.23,61.23,100,60.58
2010-11-04,61.18,61.32,61.18,61.29,2500,60.64
2010-11-03,59.00,59.00,59.00,59.00,500,58.38
2010-11-02,57.73,57.73,57.73,57.73,000,57.12
2010-11-01,57.73,57.73,57.73,57.73,300,57.12
2010-10-29,56.56,56.56,56.56,56.56,000,55.96
2010-10-28,56.56,56.56,56.56,56.56,000,55.96
2010-10-27,56.26,56.56,56.26,56.56,11800,55.96
2010-10-26,57.73,57.73,57.73,57.73,000,57.12
2010-10-25,57.98,57.98,57.59,57.73,600,57.12
2010-10-22,57.93,57.93,57.93,57.93,000,57.32
2010-10-21,57.93,57.93,57.93,57.93,200,57.32
2010-10-20,56.48,56.48,56.48,56.48,000,55.88
2010-10-19,56.48,56.48,56.48,56.48,500,55.88
2010-10-18,58.24,58.24,58.24,58.24,400,57.62
2010-10-15,57.65,57.65,57.65,57.65,000,57.04
2010-10-14,57.65,57.65,57.65,57.65,000,57.04
2010-10-13,57.65,57.65,57.65,57.65,000,57.04
2010-10-12,57.42,57.65,57.42,57.65,900,57.04
2010-10-11,57.74,57.74,57.74,57.74,000,57.13
2010-10-08,57.74,57.74,57.74,57.74,000,57.13
2010-10-07,57.74,57.74,57.74,57.74,000,57.13
2010-10-06,57.74,57.74,57.74,57.74,600,57.13
2010-10-05,56.99,56.99,56.99,56.99,000,56.39
2010-10-04,56.99,56.99,56.99,56.99,000,56.39
2010-10-01,56.99,56.99,56.99,56.99,500,56.39
2010-09-30,55.65,55.65,55.65,55.65,000,55.06
2010-09-29,55.65,55.65,55.65,55.65,200,55.06
2010-09-28,54.33,54.33,54.33,54.33,000,53.76
2010-09-27,54.33,54.33,54.33,54.33,000,53.76
2010-09-24,54.33,54.33,54.33,54.33,000,53.76
2010-09-23,54.33,54.33,54.33,54.33,000,53.76
2010-09-22,54.33,54.33,54.33,54.33,200,53.76
2010-09-21,54.27,54.27,54.27,54.27,2200,53.70
2010-09-20,53.80,54.10,53.80,54.10,18500,53.53
2010-09-17,53.13,53.13,53.13,53.13,000,52.57
2010-09-16,53.13,53.13,53.13,53.13,000,52.57
2010-09-15,53.13,53.13,53.13,53.13,000,52.57
2010-09-14,53.13,53.13,53.13,53.13,000,52.57
2010-09-13,53.13,53.13,53.13,53.13,000,52.57
2010-09-10,53.13,53.13,53.13,53.13,000,52.57
2010-09-09,53.13,53.13,53.13,53.13,300,52.57
2010-09-08,53.04,53.04,53.04,53.04,100,52.48
2010-09-07,52.24,52.24,52.24,52.24,000,51.69
2010-09-03,52.24,52.24,52.24,52.24,000,51.69
2010-09-02,52.36,52.36,52.21,52.24,400,51.69
2010-09-01,50.60,50.60,50.60,50.60,000,50.07
2010-08-31,50.60,50.60,50.60,50.60,000,50.07
2010-08-30,50.60,50.60,50.60,50.60,000,50.07
2010-08-27,50.60,50.60,50.60,50.60,000,50.07
2010-08-26,50.60,50.60,50.60,50.60,2500,50.07
2010-08-25,52.44,52.44,52.44,52.44,000,51.89
2010-08-24,52.44,52.44,52.44,52.44,000,51.89
2010-08-23,52.44,52.44,52.44,52.44,000,51.89
2010-08-20,52.44,52.44,52.44,52.44,000,51.89
2010-08-19,52.44,52.44,52.44,52.44,100,51.89
2010-08-18,54.00,54.00,54.00,54.00,000,53.43
2010-08-17,54.00,54.00,54.00,54.00,000,53.43
2010-08-16,54.00,54.00,54.00,54.00,000,53.43
2010-08-13,54.00,54.00,54.00,54.00,000,53.43
2010-08-12,54.00,54.00,54.00,54.00,000,53.43
2010-08-11,54.00,54.00,54.00,54.00,000,53.43
2010-08-10,53.70,54.00,53.70,54.00,30000,53.43
2010-08-09,53.74,53.74,53.74,53.74,000,53.17
2010-08-06,53.74,53.74,53.74,53.74,000,53.17
2010-08-05,53.74,53.74,53.74,53.74,000,53.17
2010-08-04,53.74,53.74,53.74,53.74,000,53.17
2010-08-03,53.74,53.74,53.74,53.74,000,53.17
2010-08-02,53.74,53.74,53.74,53.74,000,53.17
2010-07-30,53.74,53.74,53.74,53.74,000,53.17
2010-07-29,53.74,53.74,53.74,53.74,000,53.17
2010-07-28,53.74,53.74,53.74,53.74,000,53.17
2010-07-27,53.74,53.74,53.74,53.74,200,53.17
2010-07-26,50.25,50.25,50.25,50.25,000,49.72
2010-07-23,50.25,50.25,50.25,50.25,000,49.72
2010-07-22,50.25,50.25,50.25,50.25,000,49.72
2010-07-21,50.27,50.29,50.25,50.25,3000,49.72
2010-07-20,50.90,50.90,50.90,50.90,14000,50.36
2010-07-19,50.58,50.58,50.56,50.56,6000,50.03