2011-05-10,61.70,61.70,61.70,61.70,300,61.70
2011-05-09,61.70,61.70,61.70,61.70,000,61.70
2011-05-06,62.27,63.22,61.70,61.70,9700,61.70
2011-05-05,61.57,61.57,60.96,61.25,2100,61.25
2011-05-04,62.17,62.17,62.17,62.17,200,62.17
2011-05-03,61.16,62.16,61.16,62.16,600,62.16
2011-05-02,59.97,59.97,59.97,59.97,000,59.97
2011-04-29,59.97,59.97,59.97,59.97,000,59.97
2011-04-28,59.97,59.97,59.97,59.97,000,59.97
2011-04-27,59.97,59.97,59.97,59.97,000,59.97
2011-04-26,59.97,59.97,59.97,59.97,000,59.97
2011-04-25,59.89,59.97,59.89,59.97,1200,59.97
2011-04-21,60.07,60.07,60.07,60.07,000,60.07
2011-04-20,59.62,60.07,59.62,60.07,700,60.07
2011-04-19,57.81,57.81,57.81,57.81,000,57.81
2011-04-18,58.02,58.02,57.21,57.81,7100,57.81
2011-04-15,58.70,58.91,58.64,58.67,2900,58.67
2011-04-14,58.75,58.75,58.33,58.71,38900,58.71
2011-04-13,58.62,58.67,58.27,58.35,3100,58.35
2011-04-12,58.33,58.83,58.19,58.19,2600,58.19
2011-04-11,58.67,58.71,58.34,58.40,2100,58.40
2011-04-08,59.02,59.02,59.02,59.02,100,59.02
2011-04-07,57.87,57.87,57.87,57.87,400,57.87
2011-04-06,58.10,58.10,58.10,58.10,000,58.10
2011-04-05,58.10,58.10,58.10,58.10,200,58.10
2011-04-04,57.29,57.29,57.29,57.29,000,57.29
2011-04-01,57.29,57.29,57.29,57.29,000,57.29
2011-03-31,57.29,57.29,57.29,57.29,000,57.29
2011-03-30,57.29,57.29,57.29,57.29,400,57.29
2011-03-29,56.79,56.79,56.79,56.79,200,56.79
2011-03-28,56.28,56.28,56.28,56.28,000,56.28
2011-03-25,56.28,56.28,56.28,56.28,000,56.28
2011-03-24,56.28,56.28,56.28,56.28,000,56.28
2011-03-23,56.28,56.28,56.28,56.28,000,56.28
2011-03-22,56.28,56.28,56.28,56.28,200,56.28
2011-03-21,55.12,55.12,55.12,55.12,000,55.12
2011-03-18,55.12,55.12,55.12,55.12,000,55.12
2011-03-17,55.12,55.12,55.12,55.12,200,55.12
2011-03-16,54.60,54.60,54.09,54.09,400,54.09
2011-03-15,56.23,56.23,56.23,56.23,000,56.23
2011-03-14,56.23,56.23,56.23,56.23,100,56.23
2011-03-11,57.25,57.25,57.25,57.25,000,57.25
2011-03-10,57.25,57.25,57.25,57.25,000,57.25
2011-03-09,57.25,57.25,57.25,57.25,000,57.25
2011-03-08,57.25,57.25,57.25,57.25,1000,57.25
2011-03-07,57.28,57.28,57.28,57.28,000,57.28
2011-03-04,57.28,57.28,57.28,57.28,000,57.28
2011-03-03,57.28,57.28,57.28,57.28,000,57.28
2011-03-02,57.28,57.28,57.28,57.28,400,57.28
2011-03-01,57.15,57.15,57.15,57.15,000,57.15
2011-02-28,57.15,57.15,57.15,57.15,000,57.15
2011-02-25,57.15,57.15,57.15,57.15,400,57.15
2011-02-24,57.56,57.56,57.56,57.56,000,57.56
2011-02-23,57.56,57.56,57.56,57.56,000,57.56
2011-02-22,57.56,57.56,57.56,57.56,000,57.56
2011-02-18,57.56,57.56,57.56,57.56,800,57.56
2011-02-17,57.03,57.03,57.03,57.03,300,57.03
2011-02-16,56.48,56.48,56.48,56.48,000,56.48
2011-02-15,56.48,56.48,56.48,56.48,200,56.48
2011-02-14,55.99,55.99,55.99,55.99,000,55.99
2011-02-11,56.09,56.09,55.99,55.99,1800,55.99
2011-02-10,56.54,56.54,56.54,56.54,000,56.54
2011-02-09,56.54,56.54,56.54,56.54,000,56.54
2011-02-08,56.54,56.54,56.54,56.54,200,56.54
2011-02-07,55.58,55.58,55.58,55.58,000,55.58
2011-02-04,55.58,55.58,55.58,55.58,000,55.58
2011-02-03,55.58,55.58,55.58,55.58,000,55.58
2011-02-02,55.58,55.58,55.58,55.58,000,55.58
2011-02-01,55.58,55.58,55.58,55.58,000,55.58
2011-01-31,55.54,55.58,55.54,55.58,500,55.58
2011-01-28,55.47,55.47,55.47,55.47,200,55.47
2011-01-27,55.51,55.51,55.51,55.51,000,55.51
2011-01-26,55.51,55.51,55.51,55.51,000,55.51
2011-01-25,55.51,55.51,55.51,55.51,000,55.51
2011-01-24,55.51,55.51,55.51,55.51,000,55.51
2011-01-21,55.51,55.51,55.51,55.51,200,55.51
2011-01-20,56.13,56.13,56.13,56.13,000,56.13
2011-01-19,56.13,56.13,56.13,56.13,000,56.13
2011-01-18,56.13,56.13,56.13,56.13,400,56.13
2011-01-14,55.19,55.19,55.19,55.19,000,55.19
2011-01-13,55.19,55.19,55.19,55.19,000,55.19
2011-01-12,54.78,55.20,54.78,55.19,1500,55.19
2011-01-11,54.79,54.79,54.79,54.79,000,54.79
2011-01-10,54.79,54.79,54.79,54.79,3900,54.79
2011-01-07,55.46,55.46,55.46,55.46,000,55.46
2011-01-06,55.46,55.46,55.46,55.46,100,55.46
2011-01-05,55.23,55.27,55.14,55.27,2000,55.27
2011-01-04,55.80,55.80,55.80,55.80,200,55.80
2011-01-03,55.06,55.06,55.06,55.06,000,55.06
2010-12-31,55.06,55.06,55.06,55.06,000,55.06
2010-12-30,55.06,55.06,55.06,55.06,000,55.06
2010-12-29,55.06,55.06,55.06,55.06,000,55.06
2010-12-28,55.06,55.06,55.06,55.06,000,55.06
2010-12-27,55.06,55.06,55.06,55.06,000,55.06
2010-12-23,55.06,55.06,55.06,55.06,300,55.06
2010-12-22,55.10,55.10,55.10,55.10,000,55.10
2010-12-21,55.10,55.10,55.10,55.10,100,55.10
2010-12-20,55.40,55.40,55.25,55.29,1100,55.01
2010-12-17,55.88,55.88,55.88,55.88,000,55.59
2010-12-16,55.88,55.88,55.88,55.88,100,55.59
2010-12-15,56.12,56.12,56.12,56.12,000,55.83
2010-12-14,55.94,56.38,55.94,56.12,4500,55.83
2010-12-13,53.40,53.40,53.40,53.40,000,53.13
2010-12-10,53.40,53.40,53.40,53.40,000,53.13
2010-12-09,53.40,53.40,53.40,53.40,000,53.13
2010-12-08,53.40,53.40,53.40,53.40,000,53.13
2010-12-07,53.40,53.40,53.40,53.40,000,53.13
2010-12-06,53.40,53.40,53.40,53.40,000,53.13
2010-12-03,53.40,53.40,53.40,53.40,000,53.13
2010-12-02,53.40,53.40,53.40,53.40,000,53.13
2010-12-01,53.40,53.40,53.40,53.40,100,53.13
2010-11-30,56.09,56.09,56.09,56.09,000,55.80
2010-11-29,56.09,56.09,56.09,56.09,000,55.80
2010-11-26,56.09,56.09,56.09,56.09,000,55.80
2010-11-24,56.09,56.09,56.09,56.09,000,55.80
2010-11-23,56.09,56.09,56.09,56.09,000,55.80
2010-11-22,56.09,56.09,56.09,56.09,000,55.80
2010-11-19,56.09,56.09,56.09,56.09,000,55.80
2010-11-18,56.09,56.09,56.09,56.09,100,55.80
2010-11-17,56.11,56.11,56.11,56.11,000,55.82
2010-11-16,56.11,56.11,56.11,56.11,000,55.82
2010-11-15,56.11,56.11,56.11,56.11,000,55.82
2010-11-12,56.11,56.11,56.11,56.11,000,55.82
2010-11-11,56.11,56.11,56.11,56.11,000,55.82
2010-11-10,56.17,56.17,56.08,56.11,12000,55.82
2010-11-09,57.09,57.09,57.09,57.09,000,56.80
2010-11-08,57.09,57.09,57.09,57.09,000,56.80
2010-11-05,57.09,57.09,57.09,57.09,000,56.80
2010-11-04,57.09,57.09,57.09,57.09,200,56.80
2010-11-03,56.00,56.00,56.00,56.00,200,55.71
2010-11-02,56.29,56.29,56.29,56.29,200,56.00
2010-11-01,55.50,55.50,55.50,55.50,000,55.22
2010-10-29,55.50,55.50,55.50,55.50,000,55.22
2010-10-28,55.50,55.50,55.50,55.50,100,55.22
2010-10-27,55.29,55.36,55.28,55.36,6100,55.08
2010-10-26,56.59,56.59,56.59,56.59,000,56.30
2010-10-25,56.59,56.59,56.59,56.59,300,56.30
2010-10-22,56.31,56.31,55.74,55.75,1000,55.46
2010-10-21,56.85,56.85,56.85,56.85,000,56.56
2010-10-20,56.88,56.88,56.85,56.85,200,56.56
2010-10-19,57.23,57.23,57.23,57.23,000,56.94
2010-10-18,56.99,57.29,56.98,57.23,2700,56.94
2010-10-15,55.96,55.96,55.96,55.96,000,55.67
2010-10-14,55.96,55.96,55.96,55.96,000,55.67
2010-10-13,55.96,55.96,55.96,55.96,000,55.67
2010-10-12,55.96,55.96,55.96,55.96,300,55.67
2010-10-11,55.63,55.63,55.63,55.63,000,55.35
2010-10-08,55.63,55.63,55.63,55.63,000,55.35
2010-10-07,55.63,55.63,55.63,55.63,000,55.35
2010-10-06,55.63,55.63,55.63,55.63,700,55.35
2010-10-05,54.63,54.63,54.63,54.63,000,54.35
2010-10-04,54.63,54.63,54.63,54.63,000,54.35
2010-10-01,54.63,54.63,54.63,54.63,000,54.35
2010-09-30,54.63,54.63,54.63,54.63,000,54.35
2010-09-29,54.63,54.63,54.63,54.63,000,54.35
2010-09-28,54.63,54.63,54.63,54.63,000,54.35
2010-09-27,54.67,54.67,54.63,54.63,500,54.35
2010-09-24,54.11,54.11,54.11,54.11,000,53.83
2010-09-23,54.11,54.11,54.11,54.11,000,53.83
2010-09-22,54.11,54.11,54.11,54.11,100,53.83
2010-09-21,54.13,54.32,54.00,54.00,1600,53.72
2010-09-20,53.80,53.80,53.80,53.80,13500,53.52
2010-09-17,50.71,50.71,50.71,50.71,000,50.45
2010-09-16,50.71,50.71,50.71,50.71,000,50.45
2010-09-15,50.71,50.71,50.71,50.71,000,50.45
2010-09-14,50.71,50.71,50.71,50.71,000,50.45
2010-09-13,50.71,50.71,50.71,50.71,000,50.45
2010-09-10,50.71,50.71,50.71,50.71,000,50.45
2010-09-09,50.71,50.71,50.71,50.71,000,50.45
2010-09-08,50.71,50.71,50.71,50.71,000,50.45
2010-09-07,50.71,50.71,50.71,50.71,000,50.45
2010-09-03,50.71,50.71,50.71,50.71,000,50.45
2010-09-02,50.71,50.71,50.71,50.71,000,50.45
2010-09-01,50.71,50.71,50.71,50.71,000,50.45
2010-08-31,50.71,50.71,50.71,50.71,000,50.45
2010-08-30,50.71,50.71,50.71,50.71,000,50.45
2010-08-27,50.71,50.71,50.71,50.71,000,50.45
2010-08-26,50.71,50.71,50.71,50.71,000,50.45
2010-08-25,50.71,50.71,50.71,50.71,000,50.45
2010-08-24,50.71,50.71,50.71,50.71,000,50.45
2010-08-23,50.71,50.71,50.71,50.71,000,50.45
2010-08-20,50.71,50.71,50.71,50.71,000,50.45
2010-08-19,50.62,50.71,50.62,50.71,18500,50.45
2010-08-18,51.68,51.68,51.68,51.68,000,51.42
2010-08-17,51.68,51.68,51.68,51.68,000,51.42
2010-08-16,51.68,51.68,51.68,51.68,000,51.42
2010-08-13,51.68,51.68,51.68,51.68,000,51.42
2010-08-12,51.68,51.68,51.68,51.68,000,51.42
2010-08-11,51.68,51.68,51.68,51.68,000,51.42
2010-08-10,51.68,51.68,51.68,51.68,15000,51.42
2010-08-09,49.57,49.57,49.57,49.57,000,49.32
2010-08-06,49.57,49.57,49.57,49.57,000,49.32
2010-08-05,49.57,49.57,49.57,49.57,000,49.32
2010-08-04,49.57,49.57,49.57,49.57,000,49.32
2010-08-03,49.57,49.57,49.57,49.57,000,49.32
2010-08-02,49.57,49.57,49.57,49.57,000,49.32
2010-07-30,49.57,49.57,49.57,49.57,000,49.32
2010-07-29,49.57,49.57,49.57,49.57,1500,49.32
2010-07-28,49.57,49.57,49.57,49.57,1500,49.32
2010-07-27,49.84,49.84,49.84,49.84,000,49.58
2010-07-26,49.84,49.84,49.84,49.84,000,49.58
2010-07-23,49.84,49.84,49.84,49.84,3000,49.58
2010-07-22,50.27,50.27,50.27,50.27,500,50.01
2010-07-21,49.98,49.98,49.98,49.98,000,49.72
2010-07-20,49.98,49.98,49.98,49.98,15000,49.72