2011-05-10,64.51,64.51,64.51,64.51,400,64.51
2011-05-09,64.50,64.50,64.50,64.50,000,64.50
2011-05-06,64.50,64.50,64.50,64.50,200,64.50
2011-05-05,64.35,64.35,64.35,64.35,300,64.35
2011-05-04,65.98,65.98,65.43,65.43,700,65.43
2011-05-03,66.28,66.28,66.28,66.28,000,66.28
2011-05-02,67.02,67.02,66.28,66.28,200,66.28
2011-04-29,66.43,66.43,66.43,66.43,000,66.43
2011-04-28,66.02,66.43,66.02,66.43,1800,66.43
2011-04-27,65.39,66.09,65.15,66.02,69300,66.02
2011-04-26,64.84,64.84,64.84,64.84,100,64.84
2011-04-25,64.68,64.68,64.64,64.66,4700,64.66
2011-04-21,64.60,64.69,64.60,64.69,1200,64.69
2011-04-20,63.34,64.17,63.20,64.02,106000,64.02
2011-04-19,61.24,61.24,61.24,61.24,000,61.24
2011-04-18,61.50,61.50,60.80,61.24,2600,61.24
2011-04-15,62.38,62.67,61.93,62.47,3400,62.47
2011-04-14,62.34,62.68,62.31,62.62,2700,62.62
2011-04-13,62.67,62.84,62.08,62.42,2900,62.42
2011-04-12,62.04,62.23,62.03,62.14,2000,62.14
2011-04-11,63.09,63.14,62.55,62.60,1800,62.60
2011-04-08,63.42,63.42,63.42,63.42,000,63.42
2011-04-07,63.42,63.42,63.42,63.42,000,63.42
2011-04-06,63.42,63.42,63.42,63.42,000,63.42
2011-04-05,63.42,63.42,63.42,63.42,100,63.42
2011-04-04,63.57,63.57,63.57,63.57,000,63.57
2011-04-01,63.57,63.57,63.57,63.57,000,63.57
2011-03-31,63.57,63.57,63.57,63.57,200,63.57
2011-03-30,62.14,62.14,62.14,62.14,000,62.14
2011-03-29,62.14,62.14,62.14,62.14,000,62.14
2011-03-28,62.14,62.14,62.14,62.14,000,62.14
2011-03-25,62.14,62.14,62.14,62.14,500,62.14
2011-03-24,62.62,63.18,62.04,63.13,1800,63.13
2011-03-23,59.48,59.48,59.48,59.48,000,59.48
2011-03-22,59.48,59.48,59.48,59.48,000,59.48
2011-03-21,59.48,59.48,59.48,59.48,000,59.48
2011-03-18,59.48,59.48,59.48,59.48,000,59.48
2011-03-17,59.48,59.48,59.48,59.48,000,59.48
2011-03-16,59.48,59.48,59.48,59.48,000,59.48
2011-03-15,57.93,59.48,57.87,59.48,1700,59.48
2011-03-14,61.41,61.41,61.41,61.41,000,61.41
2011-03-11,61.41,61.41,61.41,61.41,000,61.41
2011-03-10,61.41,61.41,61.41,61.41,100,61.41
2011-03-09,62.54,62.54,62.54,62.54,000,62.54
2011-03-08,63.09,63.09,62.54,62.54,2200,62.54
2011-03-07,62.82,62.82,62.82,62.82,000,62.82
2011-03-04,63.35,63.35,62.82,62.82,300,62.82
2011-03-03,62.50,62.50,62.50,62.50,000,62.50
2011-03-02,62.50,62.50,62.50,62.50,000,62.50
2011-03-01,62.50,62.50,62.50,62.50,000,62.50
2011-02-28,62.50,62.50,62.50,62.50,000,62.50
2011-02-25,62.50,62.50,62.50,62.50,000,62.50
2011-02-24,62.50,62.50,62.50,62.50,000,62.50
2011-02-23,62.50,62.50,62.50,62.50,000,62.50
2011-02-22,62.50,62.50,62.50,62.50,200,62.50
2011-02-18,62.86,62.86,62.86,62.86,000,62.86
2011-02-17,62.86,62.86,62.86,62.86,000,62.86
2011-02-16,62.88,62.88,62.86,62.86,2400,62.86
2011-02-15,61.80,61.80,61.80,61.80,000,61.80
2011-02-14,61.80,61.80,61.80,61.80,000,61.80
2011-02-11,61.80,61.80,61.80,61.80,200,61.80
2011-02-10,62.45,62.45,61.93,61.93,300,61.93
2011-02-09,62.51,62.51,62.51,62.51,000,62.51
2011-02-08,62.51,62.51,62.51,62.51,000,62.51
2011-02-07,62.51,62.51,62.51,62.51,000,62.51
2011-02-04,62.51,62.51,62.51,62.51,000,62.51
2011-02-03,62.51,62.51,62.51,62.51,200,62.51
2011-02-02,63.23,63.23,63.23,63.23,000,63.23
2011-02-01,63.23,63.23,63.23,63.23,000,63.23
2011-01-31,63.23,63.23,63.23,63.23,000,63.23
2011-01-28,63.23,63.23,63.23,63.23,000,63.23
2011-01-27,63.65,63.65,63.23,63.23,600,63.23
2011-01-26,63.21,63.21,63.21,63.21,100,63.21
2011-01-25,62.52,62.52,62.52,62.52,200,62.52
2011-01-24,62.90,62.90,62.90,62.90,000,62.90
2011-01-21,62.90,62.90,62.90,62.90,000,62.90
2011-01-20,62.90,62.90,62.90,62.90,000,62.90
2011-01-19,62.90,62.90,62.90,62.90,000,62.90
2011-01-18,62.90,62.90,62.90,62.90,200,62.90
2011-01-14,62.71,62.71,62.71,62.71,1700,62.71
2011-01-13,62.43,62.45,62.43,62.45,300,62.45
2011-01-12,61.51,61.51,61.51,61.51,000,61.51
2011-01-11,61.51,61.51,61.51,61.51,000,61.51
2011-01-10,61.51,61.51,61.51,61.51,000,61.51
2011-01-07,61.51,61.51,61.51,61.51,000,61.51
2011-01-06,61.51,61.51,61.51,61.51,000,61.51
2011-01-05,61.51,61.51,61.51,61.51,000,61.51
2011-01-04,61.51,61.51,61.51,61.51,100,61.51
2011-01-03,61.40,61.40,61.30,61.31,13900,61.31
2010-12-31,59.55,59.55,59.55,59.55,000,59.55
2010-12-30,59.55,59.55,59.55,59.55,000,59.55
2010-12-29,59.55,59.55,59.55,59.55,000,59.55
2010-12-28,59.55,59.55,59.55,59.55,000,59.55
2010-12-27,59.55,59.55,59.55,59.55,000,59.55
2010-12-23,59.55,59.55,59.55,59.55,000,59.55
2010-12-22,59.55,59.55,59.55,59.55,000,59.55
2010-12-21,59.55,59.55,59.55,59.55,000,59.55
2010-12-20,59.55,59.55,59.55,59.55,000,59.24
2010-12-17,59.55,59.55,59.55,59.55,000,59.24
2010-12-16,59.55,59.55,59.55,59.55,000,59.24
2010-12-15,59.55,59.55,59.55,59.55,000,59.24
2010-12-14,59.55,59.55,59.55,59.55,000,59.24
2010-12-13,59.55,59.55,59.55,59.55,000,59.24
2010-12-10,59.60,59.60,59.55,59.55,5200,59.24
2010-12-09,59.79,59.79,59.79,59.79,000,59.48
2010-12-08,59.79,59.79,59.79,59.79,000,59.48
2010-12-07,59.79,59.79,59.79,59.79,800,59.48
2010-12-06,58.98,58.98,58.98,58.98,000,58.67
2010-12-03,58.98,58.98,58.98,58.98,000,58.67
2010-12-02,58.98,58.98,58.98,58.98,000,58.67
2010-12-01,58.98,58.98,58.98,58.98,000,58.67
2010-11-30,58.98,58.98,58.98,58.98,000,58.67
2010-11-29,58.98,58.98,58.98,58.98,000,58.67
2010-11-26,58.98,58.98,58.98,58.98,000,58.67
2010-11-24,58.98,58.98,58.98,58.98,000,58.67
2010-11-23,58.98,58.98,58.98,58.98,000,58.67
2010-11-22,58.98,58.98,58.98,58.98,200,58.67
2010-11-19,57.11,57.11,57.11,57.11,000,56.81
2010-11-18,57.11,57.11,57.11,57.11,000,56.81
2010-11-17,57.11,57.11,57.11,57.11,000,56.81
2010-11-16,57.13,57.13,57.11,57.11,500,56.81
2010-11-15,60.67,60.67,60.67,60.67,000,60.35
2010-11-12,60.67,60.67,60.67,60.67,000,60.35
2010-11-11,60.67,60.67,60.67,60.67,000,60.35
2010-11-10,60.67,60.67,60.67,60.67,000,60.35
2010-11-09,60.67,60.67,60.67,60.67,100,60.35
2010-11-08,58.50,58.50,58.50,58.50,000,58.19
2010-11-05,58.50,58.50,58.50,58.50,000,58.19
2010-11-04,58.50,58.50,58.50,58.50,000,58.19
2010-11-03,58.50,58.50,58.50,58.50,300,58.19
2010-11-02,58.54,58.77,58.51,58.77,8200,58.46
2010-11-01,57.22,57.22,57.22,57.22,000,56.92
2010-10-29,57.22,57.22,57.22,57.22,000,56.92
2010-10-28,57.22,57.22,57.22,57.22,000,56.92
2010-10-27,57.24,57.24,57.22,57.22,3000,56.92
2010-10-26,58.80,58.80,58.80,58.80,000,58.49
2010-10-25,58.80,58.80,58.80,58.80,300,58.49
2010-10-22,58.77,58.77,58.77,58.77,000,58.46
2010-10-21,58.77,58.77,58.77,58.77,000,58.46
2010-10-20,58.77,58.77,58.77,58.77,200,58.46
2010-10-19,58.58,58.58,58.58,58.58,000,58.27
2010-10-18,58.58,58.58,58.58,58.58,000,58.27
2010-10-15,58.58,58.58,58.58,58.58,000,58.27
2010-10-14,58.58,58.58,58.58,58.58,000,58.27
2010-10-13,58.58,58.58,58.58,58.58,200,58.27
2010-10-12,57.30,57.30,57.30,57.30,200,57.00
2010-10-11,57.20,57.20,57.20,57.20,000,56.90
2010-10-08,57.20,57.20,57.20,57.20,000,56.90
2010-10-07,57.20,57.20,57.20,57.20,3400,56.90
2010-10-06,57.50,57.50,57.50,57.50,800,57.20
2010-10-05,54.81,54.81,54.81,54.81,000,54.52
2010-10-04,54.81,54.81,54.81,54.81,000,54.52
2010-10-01,54.81,54.81,54.81,54.81,000,54.52
2010-09-30,54.81,54.81,54.81,54.81,000,54.52
2010-09-29,54.81,54.81,54.81,54.81,000,54.52
2010-09-28,54.81,54.81,54.81,54.81,000,54.52
2010-09-27,54.81,54.81,54.81,54.81,000,54.52
2010-09-24,54.81,54.81,54.81,54.81,000,54.52
2010-09-23,54.81,54.81,54.81,54.81,000,54.52
2010-09-22,54.81,54.81,54.81,54.81,100,54.52
2010-09-21,55.01,55.01,55.01,55.01,100,54.72
2010-09-20,54.10,54.32,54.10,54.32,20000,54.04
2010-09-17,52.93,52.93,52.93,52.93,000,52.65
2010-09-16,52.93,52.93,52.93,52.93,000,52.65
2010-09-15,52.93,52.93,52.93,52.93,000,52.65
2010-09-14,52.93,52.93,52.93,52.93,000,52.65
2010-09-13,52.93,52.93,52.93,52.93,000,52.65
2010-09-10,52.93,52.93,52.93,52.93,000,52.65
2010-09-09,52.93,52.93,52.93,52.93,000,52.65
2010-09-08,52.93,52.93,52.93,52.93,000,52.65
2010-09-07,52.93,52.93,52.93,52.93,000,52.65
2010-09-03,52.93,52.93,52.93,52.93,000,52.65
2010-09-02,52.93,52.93,52.93,52.93,000,52.65
2010-09-01,52.93,52.93,52.93,52.93,000,52.65
2010-08-31,52.93,52.93,52.93,52.93,000,52.65
2010-08-30,52.93,52.93,52.93,52.93,000,52.65
2010-08-27,52.93,52.93,52.93,52.93,000,52.65
2010-08-26,52.93,52.93,52.93,52.93,000,52.65
2010-08-25,52.93,52.93,52.93,52.93,000,52.65
2010-08-24,52.93,52.93,52.93,52.93,000,52.65
2010-08-23,52.93,52.93,52.93,52.93,000,52.65
2010-08-20,52.93,52.93,52.93,52.93,000,52.65
2010-08-19,52.93,52.93,52.93,52.93,000,52.65
2010-08-18,52.93,52.93,52.93,52.93,000,52.65
2010-08-17,52.93,52.93,52.93,52.93,000,52.65
2010-08-16,52.93,52.93,52.93,52.93,000,52.65
2010-08-13,52.93,52.93,52.93,52.93,000,52.65
2010-08-12,52.93,52.93,52.93,52.93,000,52.65
2010-08-11,52.93,52.93,52.93,52.93,000,52.65
2010-08-10,52.90,52.93,52.89,52.93,18200,52.65
2010-08-09,53.00,53.00,53.00,53.00,000,52.72
2010-08-06,53.00,53.00,53.00,53.00,000,52.72
2010-08-05,53.00,53.00,53.00,53.00,000,52.72
2010-08-04,53.00,53.00,53.00,53.00,000,52.72
2010-08-03,53.00,53.00,53.00,53.00,000,52.72
2010-08-02,53.00,53.00,53.00,53.00,100,52.72
2010-07-30,49.85,49.85,49.85,49.85,000,49.59
2010-07-29,49.85,49.85,49.85,49.85,000,49.59
2010-07-28,49.85,49.85,49.85,49.85,000,49.59
2010-07-27,49.85,49.85,49.85,49.85,000,49.59
2010-07-26,49.85,49.85,49.85,49.85,000,49.59
2010-07-23,49.85,49.85,49.85,49.85,000,49.59
2010-07-22,49.85,49.85,49.85,49.85,000,49.59
2010-07-21,49.85,49.85,49.85,49.85,000,49.59
2010-07-20,49.83,49.85,49.83,49.85,15000,49.59
2010-07-19,50.35,50.35,50.35,50.35,10000,50.09
2010-07-16,50.70,50.71,50.65,50.65,10000,50.38