2011-05-10,60.33,60.33,60.33,60.33,100,60.33
2011-05-09,60.06,60.54,60.06,60.43,5300,60.43
2011-05-06,60.61,60.61,60.61,60.61,000,60.61
2011-05-05,60.61,60.61,60.61,60.61,100,60.61
2011-05-04,59.90,59.99,59.87,59.87,1600,59.87
2011-05-03,61.45,61.45,61.45,61.45,000,61.45
2011-05-02,61.45,61.45,61.41,61.45,1300,61.45
2011-04-29,60.70,60.70,60.70,60.70,000,60.70
2011-04-28,60.69,60.97,60.47,60.70,2500,60.70
2011-04-27,59.86,60.61,59.86,60.61,600,60.61
2011-04-26,59.05,59.05,59.05,59.05,000,59.05
2011-04-25,59.05,59.05,59.05,59.05,500,59.05
2011-04-21,60.37,60.38,58.87,58.91,11500,58.91
2011-04-20,58.48,59.02,58.31,58.42,7600,58.42
2011-04-19,56.40,56.40,56.40,56.40,000,56.40
2011-04-18,55.91,56.50,55.89,56.40,2800,56.40
2011-04-15,57.84,57.84,57.24,57.30,11400,57.30
2011-04-14,57.74,58.08,57.72,57.84,2800,57.84
2011-04-13,57.97,57.97,57.46,57.64,3400,57.64
2011-04-12,58.00,58.00,56.95,57.28,5900,57.28
2011-04-11,58.91,58.91,58.00,58.46,2800,58.46
2011-04-08,59.73,59.74,59.73,59.74,1500,59.74
2011-04-07,59.06,59.06,59.06,59.06,100,59.06
2011-04-06,59.90,59.90,59.90,59.90,000,59.90
2011-04-05,59.90,59.90,59.90,59.90,000,59.90
2011-04-04,59.90,59.90,59.90,59.90,000,59.90
2011-04-01,59.90,59.90,59.90,59.90,100,59.90
2011-03-31,59.88,59.88,59.88,59.88,300,59.88
2011-03-30,59.40,59.40,59.40,59.40,100,59.40
2011-03-29,57.13,57.13,57.13,57.13,000,57.13
2011-03-28,57.13,57.13,57.13,57.13,000,57.13
2011-03-25,57.13,57.13,57.13,57.13,000,57.13
2011-03-24,57.13,57.13,57.13,57.13,000,57.13
2011-03-23,57.13,57.13,57.13,57.13,000,57.13
2011-03-22,57.13,57.13,57.13,57.13,000,57.13
2011-03-21,57.13,57.13,57.13,57.13,000,57.13
2011-03-18,57.13,57.13,57.13,57.13,100,57.13
2011-03-17,56.17,56.17,56.17,56.17,100,56.17
2011-03-16,56.56,56.56,56.56,56.56,000,56.56
2011-03-15,56.38,56.56,56.09,56.56,1000,56.56
2011-03-14,58.46,58.46,57.70,57.70,300,57.70
2011-03-11,59.19,59.26,59.19,59.26,400,59.26
2011-03-10,59.70,59.70,59.70,59.70,100,59.70
2011-03-09,60.91,60.91,60.91,60.91,000,60.91
2011-03-08,61.26,61.29,60.91,60.91,2700,60.91
2011-03-07,61.89,61.89,61.89,61.89,000,61.89
2011-03-04,61.89,61.89,61.89,61.89,000,61.89
2011-03-03,61.89,61.89,61.89,61.89,800,61.89
2011-03-02,59.97,59.97,59.97,59.97,000,59.97
2011-03-01,59.97,59.97,59.97,59.97,000,59.97
2011-02-28,59.97,59.97,59.97,59.97,000,59.97
2011-02-25,59.97,59.97,59.97,59.97,000,59.97
2011-02-24,59.97,59.97,59.97,59.97,000,59.97
2011-02-23,59.95,59.99,59.84,59.97,800,59.97
2011-02-22,62.66,62.66,62.66,62.66,000,62.66
2011-02-18,62.66,62.66,62.66,62.66,000,62.66
2011-02-17,62.66,62.66,62.66,62.66,200,62.66
2011-02-16,61.94,61.94,61.93,61.93,1600,61.93
2011-02-15,61.24,61.45,61.18,61.45,3100,61.45
2011-02-14,61.22,61.22,61.22,61.22,000,61.22
2011-02-11,61.22,61.22,61.22,61.22,000,61.22
2011-02-10,61.10,61.22,61.10,61.22,1700,61.22
2011-02-09,62.68,62.68,62.68,62.68,200,62.68
2011-02-08,63.17,63.17,63.17,63.17,100,63.17
2011-02-07,63.62,63.62,63.62,63.62,100,63.62
2011-02-04,63.01,63.01,63.01,63.01,000,63.01
2011-02-03,63.01,63.01,63.01,63.01,100,63.01
2011-02-02,62.76,63.38,62.76,63.36,1100,63.36
2011-02-01,62.00,62.00,62.00,62.00,000,62.00
2011-01-31,62.00,62.00,62.00,62.00,100,62.00
2011-01-28,63.89,63.90,62.92,63.59,1200,63.59
2011-01-27,63.13,63.13,63.13,63.13,200,63.13
2011-01-26,63.00,63.00,62.23,62.35,800,62.35
2011-01-25,61.59,61.59,61.59,61.59,800,61.59
2011-01-24,61.43,61.50,61.43,61.50,500,61.50
2011-01-21,61.93,61.93,61.93,61.93,000,61.93
2011-01-20,61.93,61.93,61.93,61.93,100,61.93
2011-01-19,61.93,61.93,61.93,61.93,000,61.93
2011-01-18,61.93,61.93,61.93,61.93,000,61.93
2011-01-14,61.93,61.93,61.93,61.93,100,61.93
2011-01-13,61.28,61.28,61.28,61.28,000,61.28
2011-01-12,61.28,61.28,61.28,61.28,500,61.28
2011-01-11,59.91,59.91,59.91,59.91,000,59.91
2011-01-10,59.91,59.91,59.91,59.91,000,59.91
2011-01-07,59.91,59.91,59.91,59.91,100,59.91
2011-01-06,60.35,60.35,60.35,60.35,000,60.35
2011-01-05,60.35,60.35,60.35,60.35,200,60.35
2011-01-04,61.00,61.00,60.05,60.21,9900,60.21
2011-01-03,60.87,60.87,60.24,60.25,18600,60.25
2010-12-31,59.98,59.98,59.98,59.98,000,59.98
2010-12-30,59.81,59.98,59.81,59.98,600,59.98
2010-12-29,59.14,59.14,59.14,59.14,000,59.14
2010-12-28,59.14,59.14,59.14,59.14,000,59.14
2010-12-27,59.14,59.14,59.14,59.14,200,59.14
2010-12-23,58.93,58.93,58.93,58.93,000,58.93
2010-12-22,58.93,58.93,58.93,58.93,600,58.93
2010-12-21,59.17,59.17,59.17,59.17,200,59.17
2010-12-20,58.57,58.57,58.57,58.57,500,58.40
2010-12-17,58.66,58.66,58.66,58.66,000,58.48
2010-12-16,58.49,58.66,58.49,58.66,600,58.48
2010-12-15,58.91,58.91,58.91,58.91,000,58.73
2010-12-14,58.71,58.94,58.71,58.91,5400,58.73
2010-12-13,58.20,58.20,58.20,58.20,000,58.03
2010-12-10,58.39,58.39,58.19,58.20,6600,58.03
2010-12-09,58.39,58.39,58.32,58.32,200,58.15
2010-12-08,54.98,54.98,54.98,54.98,000,54.82
2010-12-07,54.98,54.98,54.98,54.98,000,54.82
2010-12-06,54.98,54.98,54.98,54.98,000,54.82
2010-12-03,54.98,54.98,54.98,54.98,000,54.82
2010-12-02,54.98,54.98,54.98,54.98,000,54.82
2010-12-01,54.98,54.98,54.98,54.98,000,54.82
2010-11-30,54.98,54.98,54.98,54.98,100,54.82
2010-11-29,54.87,54.87,54.87,54.87,100,54.71
2010-11-26,55.54,55.54,55.54,55.54,000,55.37
2010-11-24,55.54,55.54,55.54,55.54,000,55.37
2010-11-23,55.54,55.54,55.54,55.54,100,55.37
2010-11-22,56.44,56.44,56.44,56.44,100,56.27
2010-11-19,54.71,54.71,54.71,54.71,000,54.55
2010-11-18,54.71,54.71,54.71,54.71,000,54.55
2010-11-17,54.71,54.71,54.71,54.71,1000,54.55
2010-11-16,54.54,54.54,54.53,54.53,700,54.37
2010-11-15,55.24,55.24,55.24,55.24,000,55.07
2010-11-12,55.24,55.24,55.24,55.24,500,55.07
2010-11-11,55.75,55.98,55.75,55.97,3400,55.80
2010-11-10,56.49,56.49,56.49,56.49,200,56.32
2010-11-09,56.52,56.52,56.52,56.52,100,56.35
2010-11-08,56.51,56.51,56.51,56.51,300,56.34
2010-11-05,55.19,55.19,55.19,55.19,000,55.03
2010-11-04,55.19,55.19,55.19,55.19,000,55.03
2010-11-03,55.19,55.19,55.19,55.19,200,55.03
2010-11-02,55.09,55.09,55.09,55.09,000,54.93
2010-11-01,55.09,55.09,55.09,55.09,000,54.93
2010-10-29,55.09,55.09,55.09,55.09,100,54.93
2010-10-28,55.40,55.40,55.40,55.40,000,55.23
2010-10-27,55.40,55.40,55.40,55.40,000,55.23
2010-10-26,55.40,55.40,55.40,55.40,500,55.23
2010-10-25,56.14,56.14,56.14,56.14,200,55.97
2010-10-22,54.83,54.83,54.83,54.83,000,54.67
2010-10-21,55.41,55.41,54.83,54.83,300,54.67
2010-10-20,53.64,53.64,53.64,53.64,000,53.48
2010-10-19,54.00,54.00,53.64,53.64,1500,53.48
2010-10-18,54.67,54.67,54.67,54.67,000,54.51
2010-10-15,54.67,54.67,54.67,54.67,000,54.51
2010-10-14,54.67,54.67,54.67,54.67,000,54.51
2010-10-13,54.67,54.67,54.67,54.67,000,54.51
2010-10-12,54.67,54.67,54.67,54.67,000,54.51
2010-10-11,54.67,54.67,54.67,54.67,400,54.51
2010-10-08,55.51,55.51,55.51,55.51,000,55.34
2010-10-07,55.51,55.51,55.51,55.51,000,55.34
2010-10-06,55.51,55.51,55.51,55.51,1000,55.34
2010-10-05,54.38,54.38,54.38,54.38,000,54.22
2010-10-04,54.38,54.38,54.38,54.38,100,54.22
2010-10-01,53.12,53.12,53.12,53.12,000,52.96
2010-09-30,53.12,53.12,53.12,53.12,000,52.96
2010-09-29,53.12,53.12,53.12,53.12,000,52.96
2010-09-28,53.12,53.12,53.12,53.12,000,52.96
2010-09-27,53.12,53.12,53.12,53.12,000,52.96
2010-09-24,53.12,53.12,53.12,53.12,200,52.96
2010-09-23,52.93,52.93,52.93,52.93,000,52.77
2010-09-22,52.93,52.93,52.93,52.93,000,52.77
2010-09-21,52.93,52.93,52.93,52.93,1100,52.77
2010-09-20,52.47,52.47,52.47,52.47,000,52.31
2010-09-17,52.47,52.47,52.47,52.47,000,52.31
2010-09-16,52.46,52.47,52.46,52.47,300,52.31
2010-09-15,52.60,52.60,52.60,52.60,300,52.44
2010-09-14,48.50,48.50,48.50,48.50,000,48.36
2010-09-13,48.50,48.50,48.50,48.50,000,48.36
2010-09-10,48.50,48.50,48.50,48.50,000,48.36
2010-09-09,48.50,48.50,48.50,48.50,000,48.36
2010-09-08,48.50,48.50,48.50,48.50,000,48.36
2010-09-07,48.50,48.50,48.50,48.50,000,48.36
2010-09-03,48.50,48.50,48.50,48.50,000,48.36
2010-09-02,48.50,48.50,48.50,48.50,000,48.36
2010-09-01,48.50,48.50,48.50,48.50,000,48.36
2010-08-31,48.50,48.50,48.50,48.50,100,48.36
2010-08-30,53.50,53.50,53.50,53.50,000,53.34
2010-08-27,53.50,53.50,53.50,53.50,000,53.34
2010-08-26,53.50,53.50,53.50,53.50,000,53.34
2010-08-25,53.50,53.50,53.50,53.50,000,53.34
2010-08-24,53.50,53.50,53.50,53.50,000,53.34
2010-08-23,53.50,53.50,53.50,53.50,000,53.34
2010-08-20,53.50,53.50,53.50,53.50,000,53.34
2010-08-19,53.50,53.50,53.50,53.50,000,53.34
2010-08-18,53.50,53.50,53.50,53.50,000,53.34
2010-08-17,53.50,53.50,53.50,53.50,000,53.34
2010-08-16,53.50,53.50,53.50,53.50,000,53.34
2010-08-13,53.50,53.50,53.50,53.50,000,53.34
2010-08-12,53.50,53.50,53.50,53.50,000,53.34
2010-08-11,53.50,53.50,53.50,53.50,000,53.34
2010-08-10,53.50,53.50,53.50,53.50,000,53.34
2010-08-09,53.50,53.50,53.50,53.50,000,53.34
2010-08-06,53.50,53.50,53.50,53.50,000,53.34
2010-08-05,53.50,53.50,53.50,53.50,000,53.34
2010-08-04,53.50,53.50,53.50,53.50,000,53.34
2010-08-03,53.50,53.50,53.50,53.50,000,53.34
2010-08-02,53.50,53.50,53.50,53.50,100,53.34
2010-07-30,50.89,50.89,50.89,50.89,000,50.74
2010-07-29,50.89,50.89,50.89,50.89,000,50.74
2010-07-28,50.89,50.89,50.89,50.89,000,50.74
2010-07-27,50.89,50.89,50.89,50.89,000,50.74
2010-07-26,50.89,50.89,50.89,50.89,000,50.74
2010-07-23,50.89,50.89,50.89,50.89,000,50.74
2010-07-22,50.89,50.89,50.89,50.89,000,50.74
2010-07-21,50.89,50.89,50.89,50.89,000,50.74
2010-07-20,50.89,50.89,50.89,50.89,15000,50.74