2011-05-10,70.05,70.57,69.16,70.52,12100,70.52
2011-05-09,68.97,69.63,68.78,69.18,4400,69.18
2011-05-06,68.54,68.54,68.54,68.54,000,68.54
2011-05-05,69.20,69.60,68.31,68.54,2700,68.54
2011-05-04,70.29,71.21,69.40,69.76,9300,69.76
2011-05-03,71.19,71.49,71.16,71.28,1700,71.28
2011-05-02,72.65,72.65,72.65,72.65,000,72.65
2011-04-29,71.65,72.65,71.65,72.65,600,72.65
2011-04-28,73.36,73.36,71.90,72.41,9100,72.41
2011-04-27,72.97,73.45,72.01,73.43,38400,73.43
2011-04-26,72.01,72.01,72.01,72.01,500,72.01
2011-04-25,71.99,71.99,71.99,71.99,000,71.99
2011-04-21,73.45,73.45,70.92,71.99,9900,71.99
2011-04-20,70.53,71.31,70.35,71.14,64600,71.14
2011-04-19,67.74,67.74,67.74,67.74,000,67.74
2011-04-18,67.48,68.10,67.19,67.74,3500,67.74
2011-04-15,69.31,70.00,69.26,69.55,4100,69.55
2011-04-14,68.12,69.97,68.12,69.42,4400,69.42
2011-04-13,69.78,70.21,68.98,69.19,4300,69.19
2011-04-12,70.54,70.54,69.22,69.23,2500,69.23
2011-04-11,72.95,72.95,70.65,70.65,4300,70.65
2011-04-08,72.11,72.11,72.11,72.11,200,72.11
2011-04-07,71.20,71.20,71.20,71.20,000,71.20
2011-04-06,71.20,71.20,71.20,71.20,800,71.20
2011-04-05,71.54,71.54,71.24,71.24,400,71.24
2011-04-04,70.29,70.29,70.29,70.29,000,70.29
2011-04-01,70.44,70.44,70.29,70.29,400,70.29
2011-03-31,69.64,69.64,69.64,69.64,000,69.64
2011-03-30,68.95,69.67,68.95,69.64,1400,69.64
2011-03-29,67.60,69.08,67.60,69.08,300,69.08
2011-03-28,67.81,68.49,67.81,68.40,1800,68.40
2011-03-25,67.88,67.88,67.88,67.88,400,67.88
2011-03-24,67.60,67.60,67.60,67.60,000,67.60
2011-03-23,67.60,67.60,67.60,67.60,100,67.60
2011-03-22,66.46,66.55,66.46,66.55,300,66.55
2011-03-21,66.80,66.80,66.42,66.54,900,66.54
2011-03-18,66.60,66.60,65.52,65.53,800,65.53
2011-03-17,65.33,65.33,63.86,64.07,800,64.07
2011-03-16,63.75,63.75,61.30,61.30,1000,61.30
2011-03-15,62.51,64.28,62.50,64.28,700,64.28
2011-03-14,66.39,66.39,64.65,64.65,600,64.65
2011-03-11,65.26,65.91,65.26,65.91,300,65.91
2011-03-10,66.01,66.01,64.25,65.85,500,65.85
2011-03-09,67.82,67.96,67.82,67.85,500,67.85
2011-03-08,68.15,68.15,67.77,67.77,2000,67.77
2011-03-07,68.73,68.73,68.73,68.73,200,68.73
2011-03-04,69.57,69.57,69.57,69.57,100,69.57
2011-03-03,69.48,69.97,69.42,69.97,800,69.97
2011-03-02,69.20,69.20,68.56,68.69,800,68.69
2011-03-01,68.24,68.24,68.24,68.24,100,68.24
2011-02-28,69.94,69.94,68.77,68.88,1300,68.88
2011-02-25,68.03,68.03,68.03,68.03,200,68.03
2011-02-24,66.99,67.32,66.11,66.11,4200,66.11
2011-02-23,66.82,66.82,66.82,66.82,200,66.82
2011-02-22,66.94,66.95,66.94,66.95,300,66.95
2011-02-18,69.35,69.35,69.01,69.01,300,69.01
2011-02-17,68.61,68.61,68.61,68.61,000,68.61
2011-02-16,68.61,68.61,68.61,68.61,000,68.61
2011-02-15,68.58,68.76,68.58,68.61,1500,68.61
2011-02-14,69.14,69.25,69.01,69.25,1100,69.25
2011-02-11,68.00,68.00,68.00,68.00,000,68.00
2011-02-10,68.00,68.00,68.00,68.00,500,68.00
2011-02-09,69.48,69.48,69.48,69.48,000,69.48
2011-02-08,69.48,69.48,69.48,69.48,100,69.48
2011-02-07,68.80,69.09,68.80,69.09,900,69.09
2011-02-04,68.80,68.80,68.80,68.80,000,68.80
2011-02-03,68.80,68.80,68.80,68.80,800,68.80
2011-02-02,68.32,68.45,68.32,68.45,400,68.45
2011-02-01,66.96,67.67,66.96,67.67,400,67.67
2011-01-31,66.22,66.22,66.13,66.13,400,66.13
2011-01-28,65.29,65.29,65.16,65.16,500,65.16
2011-01-27,67.29,67.67,67.07,67.57,1100,67.57
2011-01-26,67.27,67.55,67.17,67.17,10000,67.17
2011-01-25,66.82,66.82,66.64,66.64,200,66.64
2011-01-24,66.82,66.82,66.82,66.82,000,66.82
2011-01-21,68.02,68.02,63.88,66.82,900,66.82
2011-01-20,68.64,68.64,68.64,68.64,000,68.64
2011-01-19,68.64,68.64,68.64,68.64,000,68.64
2011-01-18,68.64,68.64,68.64,68.64,1100,68.64
2011-01-14,67.99,68.26,67.99,67.99,1900,67.99
2011-01-13,68.75,69.10,68.73,68.74,3400,68.74
2011-01-12,67.17,67.17,67.17,67.17,000,67.17
2011-01-11,67.17,67.17,67.17,67.17,5000,67.17
2011-01-10,65.98,66.83,65.98,66.83,300,66.83
2011-01-07,66.76,66.76,66.76,66.76,100,66.76
2011-01-06,67.21,67.21,67.21,67.21,100,67.21
2011-01-05,67.90,68.21,67.90,68.21,300,68.21
2011-01-04,70.00,70.29,68.48,68.72,2500,68.72
2011-01-03,68.74,69.18,68.74,69.00,5300,69.00
2010-12-31,68.24,68.24,68.24,68.24,000,68.24
2010-12-30,68.24,68.24,68.24,68.24,100,68.24
2010-12-29,69.12,69.12,68.09,68.09,600,68.09
2010-12-28,68.00,68.00,67.55,67.55,1000,67.55
2010-12-27,67.53,67.53,66.50,66.50,500,66.50
2010-12-23,67.52,67.52,67.52,67.52,900,67.52
2010-12-22,67.58,67.58,67.58,67.58,300,67.58
2010-12-21,67.29,67.29,67.29,67.29,600,67.29
2010-12-20,67.80,67.80,66.69,66.69,1300,66.35
2010-12-17,66.56,66.56,66.56,66.56,000,66.22
2010-12-16,67.94,67.94,66.56,66.56,800,66.22
2010-12-15,67.06,67.06,67.06,67.06,000,66.72
2010-12-14,67.06,67.06,67.06,67.06,000,66.72
2010-12-13,67.26,67.26,67.06,67.06,200,66.72
2010-12-10,66.19,66.58,66.19,66.58,2000,66.24
2010-12-09,65.85,65.85,65.85,65.85,500,65.52
2010-12-08,66.80,66.80,66.80,66.80,000,66.46
2010-12-07,66.80,66.80,66.80,66.80,300,66.46
2010-12-06,66.12,67.59,66.12,66.80,4500,66.46
2010-12-03,64.17,66.10,64.17,65.82,700,65.49
2010-12-02,62.59,62.59,62.59,62.59,000,62.27
2010-12-01,62.59,62.59,62.59,62.59,000,62.27
2010-11-30,62.59,62.59,62.59,62.59,000,62.27
2010-11-29,61.84,62.59,61.84,62.59,7100,62.27
2010-11-26,61.73,63.15,61.73,62.86,1200,62.54
2010-11-24,62.82,62.82,62.82,62.82,000,62.50
2010-11-23,62.80,62.82,62.80,62.82,3100,62.50
2010-11-22,64.70,64.70,64.70,64.70,000,64.37
2010-11-19,64.70,64.70,64.70,64.70,000,64.37
2010-11-18,64.68,64.70,64.68,64.70,400,64.37
2010-11-17,62.92,62.92,62.80,62.80,2200,62.48
2010-11-16,62.43,62.43,62.43,62.43,800,62.11
2010-11-15,65.20,65.20,64.56,64.56,700,64.23
2010-11-12,64.96,65.01,64.96,65.01,300,64.68
2010-11-11,66.61,66.61,66.61,66.61,000,66.27
2010-11-10,65.82,66.61,65.82,66.61,500,66.27
2010-11-09,67.78,67.78,66.71,66.84,1300,66.50
2010-11-08,66.73,66.73,66.73,66.73,000,66.39
2010-11-05,66.73,66.73,66.73,66.73,000,66.39
2010-11-04,66.17,66.81,66.17,66.73,1400,66.39
2010-11-03,64.03,64.45,63.75,64.45,6800,64.12
2010-11-02,62.87,62.87,62.87,62.87,000,62.55
2010-11-01,63.22,63.22,62.87,62.87,300,62.55
2010-10-29,63.05,63.05,63.05,63.05,100,62.73
2010-10-28,61.79,61.79,61.79,61.79,000,61.48
2010-10-27,63.81,63.81,61.79,61.79,200,61.48
2010-10-26,63.83,63.83,63.83,63.83,000,63.51
2010-10-25,63.91,63.91,63.83,63.83,300,63.51
2010-10-22,64.07,64.07,62.93,62.93,200,62.61
2010-10-21,61.20,61.20,61.20,61.20,000,60.89
2010-10-20,61.20,61.20,61.20,61.20,000,60.89
2010-10-19,62.04,62.08,61.20,61.20,900,60.89
2010-10-18,63.63,63.63,63.63,63.63,1600,63.31
2010-10-15,63.80,63.80,63.80,63.80,400,63.48
2010-10-14,64.21,64.21,64.21,64.21,100,63.89
2010-10-13,63.45,64.39,63.45,63.75,600,63.43
2010-10-12,62.51,62.51,62.51,62.51,000,62.19
2010-10-11,62.51,62.51,62.51,62.51,100,62.19
2010-10-08,62.59,62.66,62.59,62.66,200,62.34
2010-10-07,62.45,62.45,62.45,62.45,000,62.13
2010-10-06,62.45,62.45,62.45,62.45,500,62.13
2010-10-05,59.60,59.60,59.60,59.60,000,59.30
2010-10-04,59.60,59.60,59.60,59.60,100,59.30
2010-10-01,60.73,60.73,60.73,60.73,200,60.42
2010-09-30,60.22,60.22,60.22,60.22,000,59.92
2010-09-29,60.21,60.27,60.21,60.22,500,59.92
2010-09-28,60.18,60.18,60.18,60.18,200,59.88
2010-09-27,59.09,59.09,59.09,59.09,000,58.79
2010-09-24,59.09,59.09,59.09,59.09,000,58.79
2010-09-23,59.09,59.09,59.09,59.09,000,58.79
2010-09-22,59.09,59.09,59.09,59.09,200,58.79
2010-09-21,58.42,58.42,58.07,58.07,200,57.78
2010-09-20,57.74,57.74,57.74,57.74,000,57.45
2010-09-17,57.74,57.74,57.74,57.74,000,57.45
2010-09-16,57.74,57.74,57.74,57.74,000,57.45
2010-09-15,57.74,57.74,57.74,57.74,100,57.45
2010-09-14,56.36,56.36,56.36,56.36,000,56.08
2010-09-13,56.36,56.36,56.36,56.36,000,56.08
2010-09-10,56.36,56.36,56.36,56.36,100,56.08
2010-09-09,55.40,55.40,55.40,55.40,000,55.12
2010-09-08,55.40,55.40,55.40,55.40,000,55.12
2010-09-07,55.40,55.40,55.40,55.40,100,55.12
2010-09-03,52.64,52.64,52.64,52.64,000,52.37
2010-09-02,52.64,52.64,52.64,52.64,000,52.37
2010-09-01,52.64,52.64,52.64,52.64,000,52.37
2010-08-31,52.64,52.64,52.64,52.64,000,52.37
2010-08-30,52.64,52.64,52.64,52.64,000,52.37
2010-08-27,52.93,52.93,52.17,52.64,500,52.37
2010-08-26,53.07,53.07,53.04,53.04,1100,52.77
2010-08-25,55.43,55.43,55.43,55.43,000,55.15
2010-08-24,55.43,55.43,55.43,55.43,000,55.15
2010-08-23,55.43,55.43,55.43,55.43,000,55.15
2010-08-20,55.43,55.43,55.43,55.43,000,55.15
2010-08-19,55.43,55.43,55.43,55.43,000,55.15
2010-08-18,55.43,55.43,55.43,55.43,200,55.15
2010-08-17,54.94,54.94,54.94,54.94,300,54.66
2010-08-16,53.81,53.81,53.81,53.81,000,53.54
2010-08-13,53.80,53.81,53.80,53.81,200,53.54
2010-08-12,55.50,55.50,55.50,55.50,000,55.22
2010-08-11,55.50,55.50,55.50,55.50,000,55.22
2010-08-10,55.50,55.50,55.50,55.50,15000,55.22
2010-08-09,55.14,55.14,55.14,55.14,000,54.86
2010-08-06,55.14,55.14,55.14,55.14,000,54.86
2010-08-05,55.14,55.14,55.14,55.14,000,54.86
2010-08-04,55.14,55.14,55.14,55.14,000,54.86
2010-08-03,55.14,55.14,55.14,55.14,000,54.86
2010-08-02,55.14,55.14,55.14,55.14,200,54.86
2010-07-30,54.64,54.64,54.64,54.64,000,54.36
2010-07-29,54.64,54.64,54.64,54.64,200,54.36
2010-07-28,53.50,53.50,53.50,53.50,000,53.23
2010-07-27,53.50,53.50,53.50,53.50,000,53.23
2010-07-26,53.50,53.50,53.50,53.50,000,53.23
2010-07-23,53.50,53.50,53.50,53.50,000,53.23
2010-07-22,53.50,53.50,53.50,53.50,100,53.23
2010-07-21,51.63,51.64,51.61,51.61,3000,51.35
2010-07-20,51.36,51.75,51.35,51.75,25000,51.49