2011-05-10,60.65,60.65,60.65,60.65,400,60.65
2011-05-09,60.41,61.18,60.41,61.16,4600,61.16
2011-05-06,62.27,62.27,62.27,62.27,100,62.27
2011-05-05,61.91,61.91,61.91,61.91,300,61.91
2011-05-04,61.53,61.57,61.44,61.44,1500,61.44
2011-05-03,62.32,62.32,62.32,62.32,000,62.32
2011-05-02,62.32,62.32,62.32,62.32,000,62.32
2011-04-29,62.32,62.32,62.32,62.32,000,62.32
2011-04-28,62.26,62.37,62.09,62.32,3100,62.32
2011-04-27,62.53,62.53,62.53,62.53,000,62.53
2011-04-26,62.53,62.53,62.53,62.53,100,62.53
2011-04-25,61.75,61.75,61.75,61.75,100,61.75
2011-04-21,60.65,61.26,60.65,61.01,7100,61.01
2011-04-20,61.66,61.66,61.35,61.49,26400,61.49
2011-04-19,60.22,60.22,60.22,60.22,000,60.22
2011-04-18,61.29,61.29,59.67,60.22,5000,60.22
2011-04-15,61.31,61.56,61.30,61.40,4000,61.40
2011-04-14,61.07,61.39,61.06,61.36,3100,61.36
2011-04-13,61.39,61.57,61.02,61.18,3100,61.18
2011-04-12,61.05,61.29,61.04,61.10,2300,61.10
2011-04-11,61.94,61.94,61.43,61.50,2000,61.50
2011-04-08,61.46,61.46,61.46,61.46,000,61.46
2011-04-07,61.38,61.46,61.38,61.46,600,61.46
2011-04-06,61.74,61.74,61.74,61.74,000,61.74
2011-04-05,61.74,61.74,61.74,61.74,000,61.74
2011-04-04,64.22,64.22,61.74,61.74,400,61.74
2011-04-01,60.01,60.01,60.01,60.01,000,60.01
2011-03-31,60.01,60.01,60.01,60.01,000,60.01
2011-03-30,60.01,60.01,60.01,60.01,000,60.01
2011-03-29,60.01,60.01,60.01,60.01,400,60.01
2011-03-28,60.30,60.30,60.30,60.30,000,60.30
2011-03-25,60.30,60.30,60.30,60.30,100,60.30
2011-03-24,56.30,56.30,56.30,56.30,000,56.30
2011-03-23,56.30,56.30,56.30,56.30,000,56.30
2011-03-22,56.30,56.30,56.30,56.30,000,56.30
2011-03-21,56.30,56.30,56.30,56.30,000,56.30
2011-03-18,56.30,56.30,56.30,56.30,000,56.30
2011-03-17,56.30,56.30,56.30,56.30,000,56.30
2011-03-16,56.30,56.30,56.30,56.30,000,56.30
2011-03-15,56.25,56.30,56.25,56.30,300,56.30
2011-03-14,58.07,58.08,58.07,58.08,200,58.08
2011-03-11,60.63,60.63,60.63,60.63,000,60.63
2011-03-10,60.63,60.63,60.63,60.63,000,60.63
2011-03-09,60.63,60.63,60.63,60.63,000,60.63
2011-03-08,60.46,60.63,60.46,60.63,1300,60.63
2011-03-07,59.66,59.66,59.66,59.66,000,59.66
2011-03-04,59.66,59.66,59.66,59.66,000,59.66
2011-03-03,59.66,59.66,59.66,59.66,000,59.66
2011-03-02,59.66,59.66,59.66,59.66,000,59.66
2011-03-01,59.66,59.66,59.66,59.66,300,59.66
2011-02-28,59.23,59.23,59.23,59.23,000,59.23
2011-02-25,59.23,59.23,59.23,59.23,200,59.23
2011-02-24,59.47,59.47,59.47,59.47,000,59.47
2011-02-23,59.47,59.47,59.47,59.47,000,59.47
2011-02-22,59.47,59.47,59.47,59.47,000,59.47
2011-02-18,59.47,59.47,59.47,59.47,000,59.47
2011-02-17,59.47,59.47,59.47,59.47,000,59.47
2011-02-16,59.47,59.47,59.47,59.47,000,59.47
2011-02-15,59.47,59.47,59.47,59.47,000,59.47
2011-02-14,59.47,59.47,59.47,59.47,000,59.47
2011-02-11,59.47,59.47,59.47,59.47,000,59.47
2011-02-10,59.47,59.47,59.47,59.47,000,59.47
2011-02-09,59.47,59.47,59.47,59.47,000,59.47
2011-02-08,59.48,59.48,59.47,59.47,1600,59.47
2011-02-07,59.87,59.87,59.87,59.87,000,59.87
2011-02-04,59.87,59.87,59.87,59.87,000,59.87
2011-02-03,59.87,59.87,59.87,59.87,000,59.87
2011-02-02,59.87,59.87,59.87,59.87,600,59.87
2011-02-01,59.22,59.22,59.22,59.22,000,59.22
2011-01-31,59.22,59.22,59.22,59.22,000,59.22
2011-01-28,59.22,59.22,59.22,59.22,000,59.22
2011-01-27,59.22,59.22,59.22,59.22,000,59.22
2011-01-26,59.22,59.22,59.22,59.22,000,59.22
2011-01-25,59.15,59.22,59.15,59.22,2000,59.22
2011-01-24,59.22,59.22,59.22,59.22,200,59.22
2011-01-21,58.69,58.69,58.69,58.69,000,58.69
2011-01-20,58.69,58.69,58.69,58.69,000,58.69
2011-01-19,58.69,58.69,58.69,58.69,000,58.69
2011-01-18,58.44,58.69,58.44,58.69,600,58.69
2011-01-14,58.12,58.12,58.04,58.12,500,58.12
2011-01-13,58.01,58.01,58.01,58.01,200,58.01
2011-01-12,57.03,57.03,57.03,57.03,000,57.03
2011-01-11,57.03,57.03,57.03,57.03,000,57.03
2011-01-10,57.03,57.03,57.03,57.03,000,57.03
2011-01-07,57.03,57.03,57.03,57.03,000,57.03
2011-01-06,57.03,57.03,57.03,57.03,000,57.03
2011-01-05,57.03,57.03,57.03,57.03,000,57.03
2011-01-04,57.03,57.03,57.03,57.03,000,57.03
2011-01-03,57.03,57.03,57.03,57.03,000,57.03
2010-12-31,57.03,57.03,57.03,57.03,000,57.03
2010-12-30,57.03,57.03,57.03,57.03,100,57.03
2010-12-29,57.62,57.62,57.62,57.62,000,57.62
2010-12-28,57.62,57.62,57.62,57.62,000,57.62
2010-12-27,57.62,57.62,57.62,57.62,000,57.62
2010-12-23,57.62,57.62,57.62,57.62,000,57.62
2010-12-22,57.62,57.62,57.62,57.62,000,57.62
2010-12-21,57.62,57.62,57.62,57.62,000,57.62
2010-12-20,57.62,57.62,57.62,57.62,300,56.74
2010-12-17,58.28,58.28,58.28,58.28,000,57.39
2010-12-16,58.28,58.28,58.28,58.28,000,57.39
2010-12-15,58.28,58.28,58.28,58.28,000,57.39
2010-12-14,58.28,58.28,58.28,58.28,000,57.39
2010-12-13,58.28,58.28,58.28,58.28,400,57.39
2010-12-10,56.53,56.53,56.53,56.53,000,55.67
2010-12-09,56.53,56.53,56.53,56.53,000,55.67
2010-12-08,56.53,56.53,56.53,56.53,000,55.67
2010-12-07,56.53,56.53,56.53,56.53,000,55.67
2010-12-06,56.53,56.53,56.53,56.53,000,55.67
2010-12-03,56.53,56.53,56.53,56.53,000,55.67
2010-12-02,56.53,56.53,56.53,56.53,000,55.67
2010-12-01,56.53,56.53,56.53,56.53,000,55.67
2010-11-30,56.53,56.53,56.53,56.53,000,55.67
2010-11-29,56.53,56.53,56.53,56.53,200,55.67
2010-11-26,59.27,59.27,59.27,59.27,000,58.37
2010-11-24,59.27,59.27,59.27,59.27,000,58.37
2010-11-23,59.27,59.27,59.27,59.27,000,58.37
2010-11-22,59.27,59.27,59.27,59.27,000,58.37
2010-11-19,59.27,59.27,59.27,59.27,400,58.37
2010-11-18,59.28,59.28,58.26,58.26,300,57.38
2010-11-17,59.51,59.51,59.51,59.51,000,58.61
2010-11-16,59.51,59.51,59.51,59.51,000,58.61
2010-11-15,59.51,59.51,59.51,59.51,100,58.61
2010-11-12,61.01,61.01,61.01,61.01,000,60.08
2010-11-11,61.01,61.01,61.01,61.01,000,60.08
2010-11-10,61.01,61.01,61.01,61.01,000,60.08
2010-11-09,61.01,61.01,61.01,61.01,000,60.08
2010-11-08,61.01,61.01,61.01,61.01,000,60.08
2010-11-05,61.01,61.01,61.01,61.01,500,60.08
2010-11-04,61.46,61.46,61.32,61.32,800,60.39
2010-11-03,60.30,60.30,60.30,60.30,300,59.38
2010-11-02,60.29,60.51,60.27,60.51,5400,59.59
2010-11-01,59.79,59.79,59.79,59.79,100,58.88
2010-10-29,58.43,58.43,58.43,58.43,000,57.54
2010-10-28,58.43,58.43,58.43,58.43,000,57.54
2010-10-27,58.43,58.43,58.43,58.43,200,57.54
2010-10-26,59.20,59.20,59.20,59.20,200,58.30
2010-10-25,59.41,59.41,59.41,59.41,200,58.51
2010-10-22,59.49,59.49,59.24,59.24,300,58.34
2010-10-21,59.96,59.96,59.96,59.96,000,59.05
2010-10-20,59.96,59.96,59.96,59.96,000,59.05
2010-10-19,59.96,59.96,59.96,59.96,000,59.05
2010-10-18,59.96,59.96,59.96,59.96,200,59.05
2010-10-15,59.59,59.59,59.59,59.59,200,58.69
2010-10-14,58.71,58.71,58.71,58.71,000,57.82
2010-10-13,58.71,58.71,58.71,58.71,000,57.82
2010-10-12,58.71,58.71,58.71,58.71,200,57.82
2010-10-11,58.55,58.55,58.55,58.55,000,57.66
2010-10-08,58.55,58.55,58.55,58.55,000,57.66
2010-10-07,58.55,58.55,58.55,58.55,000,57.66
2010-10-06,58.55,58.55,58.55,58.55,300,57.66
2010-10-05,57.10,57.10,57.10,57.10,000,56.23
2010-10-04,57.05,57.10,57.05,57.10,200,56.23
2010-10-01,56.07,56.07,56.07,56.07,000,55.22
2010-09-30,56.07,56.07,56.07,56.07,000,55.22
2010-09-29,56.07,56.07,56.07,56.07,000,55.22
2010-09-28,56.07,56.07,56.07,56.07,000,55.22
2010-09-27,56.07,56.07,56.07,56.07,000,55.22
2010-09-24,56.07,56.07,56.07,56.07,000,55.22
2010-09-23,56.07,56.07,56.07,56.07,000,55.22
2010-09-22,56.07,56.07,56.07,56.07,000,55.22
2010-09-21,56.08,56.08,56.07,56.07,4000,55.22
2010-09-20,56.08,56.08,56.08,56.08,20000,55.23
2010-09-17,53.23,53.23,53.23,53.23,000,52.42
2010-09-16,53.23,53.23,53.23,53.23,000,52.42
2010-09-15,53.23,53.23,53.23,53.23,000,52.42
2010-09-14,53.23,53.23,53.23,53.23,000,52.42
2010-09-13,53.23,53.23,53.23,53.23,000,52.42
2010-09-10,53.23,53.23,53.23,53.23,000,52.42
2010-09-09,53.23,53.23,53.23,53.23,000,52.42
2010-09-08,53.23,53.23,53.23,53.23,000,52.42
2010-09-07,53.23,53.23,53.23,53.23,000,52.42
2010-09-03,53.23,53.23,53.23,53.23,000,52.42
2010-09-02,53.23,53.23,53.23,53.23,000,52.42
2010-09-01,53.23,53.23,53.23,53.23,000,52.42
2010-08-31,53.23,53.23,53.23,53.23,000,52.42
2010-08-30,53.23,53.23,53.23,53.23,000,52.42
2010-08-27,53.23,53.23,53.23,53.23,000,52.42
2010-08-26,53.23,53.23,53.23,53.23,000,52.42
2010-08-25,53.23,53.23,53.23,53.23,000,52.42
2010-08-24,53.23,53.23,53.23,53.23,000,52.42
2010-08-23,53.23,53.23,53.23,53.23,000,52.42
2010-08-20,53.23,53.23,53.23,53.23,000,52.42
2010-08-19,53.23,53.23,53.23,53.23,000,52.42
2010-08-18,53.23,53.23,53.23,53.23,000,52.42
2010-08-17,53.23,53.23,53.23,53.23,000,52.42
2010-08-16,53.23,53.23,53.23,53.23,000,52.42
2010-08-13,53.23,53.23,53.23,53.23,000,52.42
2010-08-12,53.23,53.23,53.23,53.23,1000,52.42
2010-08-11,54.60,54.60,54.60,54.60,000,53.77
2010-08-10,54.60,54.60,54.60,54.60,15000,53.77
2010-08-09,53.50,53.50,53.50,53.50,000,52.69
2010-08-06,53.50,53.50,53.50,53.50,000,52.69
2010-08-05,53.50,53.50,53.50,53.50,000,52.69
2010-08-04,53.50,53.50,53.50,53.50,000,52.69
2010-08-03,53.50,53.50,53.50,53.50,000,52.69
2010-08-02,53.50,53.50,53.50,53.50,000,52.69
2010-07-30,53.50,53.50,53.50,53.50,000,52.69
2010-07-29,53.50,53.50,53.50,53.50,100,52.69
2010-07-28,50.68,50.68,50.68,50.68,000,49.91
2010-07-27,50.68,50.68,50.68,50.68,000,49.91
2010-07-26,50.68,50.68,50.68,50.68,000,49.91
2010-07-23,50.68,50.68,50.68,50.68,000,49.91
2010-07-22,50.68,50.68,50.68,50.68,000,49.91
2010-07-21,50.68,50.68,50.68,50.68,000,49.91
2010-07-20,50.68,50.68,50.68,50.68,15000,49.91