2011-05-10,54.69,54.90,54.69,54.90,800,54.90
2011-05-09,54.33,54.98,54.33,54.44,6600,54.44
2011-05-06,55.75,55.75,55.75,55.75,200,55.75
2011-05-05,56.00,56.00,56.00,56.00,300,56.00
2011-05-04,55.65,55.66,55.44,55.44,2300,55.44
2011-05-03,56.86,56.86,56.86,56.86,000,56.86
2011-05-02,56.86,56.86,56.86,56.86,000,56.86
2011-04-29,56.86,56.86,56.86,56.86,200,56.86
2011-04-28,56.17,56.55,56.01,56.21,5600,56.21
2011-04-27,55.57,55.57,55.57,55.57,000,55.57
2011-04-26,55.57,55.57,55.57,55.57,100,55.57
2011-04-25,54.61,54.61,54.61,54.61,000,54.61
2011-04-21,54.73,54.86,54.53,54.61,7600,54.61
2011-04-20,54.56,54.72,54.37,54.52,7100,54.52
2011-04-19,53.97,53.97,53.95,53.95,200,53.95
2011-04-18,53.15,53.25,52.83,53.20,2500,53.20
2011-04-15,54.39,54.60,54.37,54.39,3000,54.39
2011-04-14,54.30,54.82,54.30,54.58,5600,54.58
2011-04-13,54.67,55.22,54.42,54.52,4100,54.52
2011-04-12,54.51,54.72,54.42,54.45,2400,54.45
2011-04-11,55.21,55.89,54.57,54.57,2200,54.57
2011-04-08,54.09,54.09,54.09,54.09,000,54.09
2011-04-07,53.48,54.20,53.48,54.09,2000,54.09
2011-04-06,54.20,54.20,54.20,54.20,000,54.20
2011-04-05,54.20,54.20,54.20,54.20,000,54.20
2011-04-04,54.20,54.20,54.20,54.20,600,54.20
2011-04-01,54.78,54.78,53.51,54.13,13200,54.13
2011-03-31,54.75,54.75,54.75,54.75,400,54.75
2011-03-30,55.05,55.05,55.05,55.05,400,55.05
2011-03-29,52.47,52.47,52.47,52.47,000,52.47
2011-03-28,52.47,52.47,52.47,52.47,000,52.47
2011-03-25,52.47,52.47,52.47,52.47,000,52.47
2011-03-24,52.47,52.47,52.47,52.47,000,52.47
2011-03-23,52.47,52.47,52.47,52.47,000,52.47
2011-03-22,52.47,52.47,52.47,52.47,000,52.47
2011-03-21,52.47,52.47,52.47,52.47,000,52.47
2011-03-18,52.47,52.47,52.47,52.47,100,52.47
2011-03-17,51.50,52.10,51.50,52.10,700,52.10
2011-03-16,51.71,51.71,51.71,51.71,000,51.71
2011-03-15,52.23,52.23,51.71,51.71,400,51.71
2011-03-14,56.02,56.02,56.02,56.02,000,56.02
2011-03-11,56.02,56.02,56.02,56.02,000,56.02
2011-03-10,56.02,56.02,56.02,56.02,000,56.02
2011-03-09,56.02,56.02,56.02,56.02,000,56.02
2011-03-08,56.02,56.02,56.02,56.02,1000,56.02
2011-03-07,56.02,56.02,56.02,56.02,300,56.02
2011-03-04,55.62,55.62,55.62,55.62,000,55.62
2011-03-03,55.62,55.62,55.62,55.62,000,55.62
2011-03-02,55.62,55.62,55.62,55.62,000,55.62
2011-03-01,55.63,55.63,55.62,55.62,300,55.62
2011-02-28,56.62,56.65,56.62,56.65,300,56.65
2011-02-25,55.87,55.87,55.87,55.87,000,55.87
2011-02-24,55.87,55.87,55.87,55.87,000,55.87
2011-02-23,55.87,55.87,55.87,55.87,000,55.87
2011-02-22,55.87,55.87,55.87,55.87,000,55.87
2011-02-18,55.87,55.87,55.87,55.87,000,55.87
2011-02-17,55.87,55.87,55.87,55.87,000,55.87
2011-02-16,55.87,55.87,55.87,55.87,000,55.87
2011-02-15,55.87,55.87,55.87,55.87,000,55.87
2011-02-14,55.87,55.87,55.87,55.87,000,55.87
2011-02-11,55.87,55.87,55.87,55.87,000,55.87
2011-02-10,55.87,55.87,55.87,55.87,100,55.87
2011-02-09,56.18,56.18,56.18,56.18,000,56.18
2011-02-08,56.18,56.18,56.18,56.18,000,56.18
2011-02-07,56.18,56.18,56.18,56.18,000,56.18
2011-02-04,56.18,56.18,56.18,56.18,000,56.18
2011-02-03,56.18,56.18,56.18,56.18,200,56.18
2011-02-02,55.92,55.92,55.92,55.92,500,55.92
2011-02-01,55.12,55.12,55.12,55.12,000,55.12
2011-01-31,55.08,55.12,55.08,55.12,500,55.12
2011-01-28,54.48,54.48,54.48,54.48,000,54.48
2011-01-27,54.48,54.48,54.48,54.48,000,54.48
2011-01-26,54.48,54.48,54.48,54.48,000,54.48
2011-01-25,54.48,54.48,54.48,54.48,000,54.48
2011-01-24,54.48,54.48,54.48,54.48,000,54.48
2011-01-21,54.48,54.48,54.48,54.48,000,54.48
2011-01-20,54.48,54.48,54.48,54.48,000,54.48
2011-01-19,54.48,54.48,54.48,54.48,000,54.48
2011-01-18,54.48,54.48,54.48,54.48,000,54.48
2011-01-14,54.48,54.48,54.48,54.48,000,54.48
2011-01-13,54.52,54.52,54.48,54.48,300,54.48
2011-01-12,52.40,52.40,52.40,52.40,000,52.40
2011-01-11,52.40,52.40,52.40,52.40,000,52.40
2011-01-10,52.40,52.40,52.40,52.40,300,52.40
2011-01-07,53.29,53.29,53.29,53.29,000,53.29
2011-01-06,53.75,53.75,53.28,53.29,6600,53.29
2011-01-05,53.33,53.33,53.33,53.33,000,53.33
2011-01-04,53.33,53.33,53.33,53.33,000,53.33
2011-01-03,53.33,53.33,53.33,53.33,000,53.33
2010-12-31,53.33,53.33,53.33,53.33,000,53.33
2010-12-30,53.33,53.33,53.33,53.33,000,53.33
2010-12-29,53.33,53.33,53.33,53.33,000,53.33
2010-12-28,53.33,53.33,53.33,53.33,2600,53.33
2010-12-27,53.18,53.18,53.17,53.17,3400,53.17
2010-12-23,53.76,53.76,53.76,53.76,000,53.76
2010-12-22,53.76,53.76,53.76,53.76,200,53.76
2010-12-21,54.04,54.04,54.04,54.04,000,54.04
2010-12-20,54.05,54.08,54.04,54.04,500,53.49
2010-12-17,53.93,53.93,53.93,53.93,000,53.38
2010-12-16,53.93,53.93,53.93,53.93,500,53.38
2010-12-15,54.90,54.90,54.90,54.90,000,54.34
2010-12-14,54.90,54.90,54.90,54.90,000,54.34
2010-12-13,54.90,54.90,54.90,54.90,500,54.34
2010-12-10,53.55,53.55,53.54,53.54,4100,52.99
2010-12-09,53.30,53.30,53.30,53.30,100,52.76
2010-12-08,53.51,53.51,53.51,53.51,000,52.96
2010-12-07,53.51,53.51,53.51,53.51,000,52.96
2010-12-06,53.51,53.51,53.51,53.51,200,52.96
2010-12-03,52.23,52.23,52.23,52.23,000,51.70
2010-12-02,52.23,52.23,52.23,52.23,000,51.70
2010-12-01,52.23,52.23,52.23,52.23,000,51.70
2010-11-30,52.23,52.23,52.23,52.23,000,51.70
2010-11-29,52.23,52.23,52.23,52.23,100,51.70
2010-11-26,54.75,54.75,54.75,54.75,000,54.19
2010-11-24,54.75,54.75,54.75,54.75,000,54.19
2010-11-23,54.75,54.75,54.75,54.75,000,54.19
2010-11-22,54.72,54.75,54.72,54.75,3300,54.19
2010-11-19,54.59,54.59,54.59,54.59,100,54.03
2010-11-18,54.45,54.45,54.45,54.45,000,53.89
2010-11-17,54.45,54.45,54.45,54.45,000,53.89
2010-11-16,54.50,54.50,54.37,54.45,900,53.89
2010-11-15,55.30,55.30,55.30,55.30,300,54.74
2010-11-12,55.92,55.92,55.92,55.92,000,55.35
2010-11-11,55.92,55.92,55.92,55.92,000,55.35
2010-11-10,55.85,55.92,55.85,55.92,400,55.35
2010-11-09,55.94,55.94,55.94,55.94,000,55.37
2010-11-08,55.94,55.94,55.94,55.94,300,55.37
2010-11-05,56.64,56.65,56.24,56.24,600,55.67
2010-11-04,56.92,57.12,56.92,57.12,700,56.54
2010-11-03,56.00,56.00,56.00,56.00,600,55.43
2010-11-02,54.85,54.85,54.85,54.85,000,54.29
2010-11-01,54.85,54.85,54.85,54.85,000,54.29
2010-10-29,54.85,54.85,54.85,54.85,000,54.29
2010-10-28,54.85,54.85,54.85,54.85,000,54.29
2010-10-27,54.85,54.85,54.85,54.85,000,54.29
2010-10-26,54.85,54.85,54.85,54.85,200,54.29
2010-10-25,55.16,55.16,55.16,55.16,000,54.60
2010-10-22,55.13,55.16,55.13,55.16,500,54.60
2010-10-21,55.18,55.18,55.18,55.18,000,54.62
2010-10-20,55.18,55.18,55.18,55.18,100,54.62
2010-10-19,54.67,54.67,54.67,54.67,000,54.11
2010-10-18,54.67,54.67,54.67,54.67,000,54.11
2010-10-15,54.67,54.67,54.67,54.67,000,54.11
2010-10-14,54.44,54.92,54.44,54.67,1200,54.11
2010-10-13,54.21,54.21,54.21,54.21,000,53.66
2010-10-12,54.21,54.21,54.21,54.21,000,53.66
2010-10-11,54.21,54.21,54.21,54.21,000,53.66
2010-10-08,54.21,54.21,54.21,54.21,000,53.66
2010-10-07,54.35,54.35,54.21,54.21,800,53.66
2010-10-06,54.41,54.41,54.31,54.31,900,53.76
2010-10-05,53.79,53.79,53.79,53.79,000,53.24
2010-10-04,53.79,53.79,53.79,53.79,000,53.24
2010-10-01,53.79,53.79,53.79,53.79,000,53.24
2010-09-30,53.79,53.79,53.79,53.79,000,53.24
2010-09-29,53.79,53.79,53.79,53.79,000,53.24
2010-09-28,53.79,53.79,53.79,53.79,100,53.24
2010-09-27,53.53,53.53,53.53,53.53,500,52.98
2010-09-24,53.38,53.38,53.38,53.38,000,52.84
2010-09-23,53.38,53.38,53.38,53.38,000,52.84
2010-09-22,53.44,53.45,53.38,53.38,14000,52.84
2010-09-21,52.70,52.70,52.70,52.70,000,52.16
2010-09-20,52.70,52.70,52.70,52.70,15000,52.16
2010-09-17,53.23,53.23,53.23,53.23,000,52.69
2010-09-16,53.23,53.23,53.23,53.23,000,52.69
2010-09-15,53.23,53.23,53.23,53.23,000,52.69
2010-09-14,53.23,53.23,53.23,53.23,000,52.69
2010-09-13,53.23,53.23,53.23,53.23,000,52.69
2010-09-10,53.23,53.23,53.23,53.23,000,52.69
2010-09-09,53.23,53.23,53.23,53.23,200,52.69
2010-09-08,52.55,52.55,52.55,52.55,000,52.01
2010-09-07,52.55,52.55,52.55,52.55,000,52.01
2010-09-03,52.55,52.55,52.55,52.55,000,52.01
2010-09-02,52.55,52.55,52.55,52.55,000,52.01
2010-09-01,52.55,52.55,52.55,52.55,000,52.01
2010-08-31,52.55,52.55,52.55,52.55,000,52.01
2010-08-30,52.55,52.55,52.55,52.55,000,52.01
2010-08-27,52.55,52.55,52.55,52.55,000,52.01
2010-08-26,52.55,52.55,52.55,52.55,000,52.01
2010-08-25,52.55,52.55,52.55,52.55,000,52.01
2010-08-24,52.55,52.55,52.55,52.55,000,52.01
2010-08-23,52.55,52.55,52.55,52.55,000,52.01
2010-08-20,52.55,52.55,52.55,52.55,000,52.01
2010-08-19,52.55,52.55,52.55,52.55,000,52.01
2010-08-18,52.55,52.55,52.55,52.55,000,52.01
2010-08-17,52.55,52.55,52.55,52.55,500,52.01
2010-08-16,53.00,53.00,53.00,53.00,000,52.46
2010-08-13,53.00,53.00,53.00,53.00,000,52.46
2010-08-12,53.00,53.00,53.00,53.00,000,52.46
2010-08-11,53.00,53.00,53.00,53.00,000,52.46
2010-08-10,53.00,53.00,53.00,53.00,22700,52.46
2010-08-09,52.50,52.50,52.50,52.50,000,51.96
2010-08-06,52.50,52.50,52.50,52.50,000,51.96
2010-08-05,52.50,52.50,52.50,52.50,000,51.96
2010-08-04,52.50,52.50,52.50,52.50,000,51.96
2010-08-03,52.50,52.50,52.50,52.50,000,51.96
2010-08-02,52.50,52.50,52.50,52.50,100,51.96
2010-07-30,49.93,49.93,49.93,49.93,000,49.42
2010-07-29,49.93,49.93,49.93,49.93,000,49.42
2010-07-28,49.93,49.93,49.93,49.93,000,49.42
2010-07-27,49.93,49.93,49.93,49.93,000,49.42
2010-07-26,49.93,49.93,49.93,49.93,000,49.42
2010-07-23,49.93,49.93,49.93,49.93,000,49.42
2010-07-22,49.93,49.93,49.93,49.93,000,49.42
2010-07-21,49.93,49.93,49.93,49.93,000,49.42
2010-07-20,49.93,49.93,49.93,49.93,15000,49.42
2010-07-19,50.09,50.09,50.07,50.07,2300,49.56