2011-05-10,33.25,33.56,33.25,33.56,13400,33.56
2011-05-09,33.35,33.35,33.16,33.34,16800,33.34
2011-05-06,33.42,33.65,33.25,33.25,5900,33.25
2011-05-05,32.86,33.09,32.67,32.82,20100,32.82
2011-05-04,33.55,33.60,33.10,33.20,13000,33.20
2011-05-03,34.32,34.32,33.70,33.79,13300,33.79
2011-05-02,34.86,35.07,34.80,34.86,22600,34.86
2011-04-29,34.81,34.95,34.69,34.89,8600,34.89
2011-04-28,34.77,34.79,34.55,34.68,8300,34.68
2011-04-27,35.24,35.24,34.59,35.03,22800,35.03
2011-04-26,35.20,35.29,35.03,35.19,40000,35.19
2011-04-25,35.41,35.58,35.07,35.18,9700,35.18
2011-04-21,35.28,35.30,35.05,35.23,27200,35.23
2011-04-20,34.86,35.00,34.77,34.84,17400,34.84
2011-04-19,34.05,34.18,33.94,34.07,16500,34.07
2011-04-18,33.94,33.94,33.29,33.67,21600,33.67
2011-04-15,34.16,34.32,34.01,34.25,6300,34.25
2011-04-14,33.82,34.25,33.82,34.24,19200,34.24
2011-04-13,34.14,34.35,33.82,34.01,18800,34.01
2011-04-12,33.61,33.74,33.42,33.48,15100,33.48
2011-04-11,34.28,34.54,33.97,33.99,57500,33.99
2011-04-08,34.62,34.62,34.31,34.39,10000,34.39
2011-04-07,34.40,34.53,34.26,34.36,7700,34.36
2011-04-06,34.42,34.60,34.21,34.22,10400,34.22
2011-04-05,34.26,34.39,34.23,34.24,8900,34.24
2011-04-04,34.49,34.49,34.10,34.22,64400,34.22
2011-04-01,33.76,34.21,33.76,34.15,21300,34.15
2011-03-31,33.51,33.64,33.38,33.56,11700,33.56
2011-03-30,33.00,33.37,33.00,33.24,18900,33.24
2011-03-29,32.30,32.75,32.30,32.73,15800,32.73
2011-03-28,32.39,32.46,32.26,32.29,23700,32.29
2011-03-25,32.17,32.45,32.17,32.30,4300,32.30
2011-03-24,32.03,32.27,31.99,32.17,27700,32.17
2011-03-23,31.55,31.93,31.55,31.80,28500,31.80
2011-03-22,31.55,31.66,31.48,31.59,12300,31.59
2011-03-21,31.35,31.61,31.35,31.49,10300,31.49
2011-03-18,31.02,31.19,30.98,30.98,18300,30.98
2011-03-17,30.93,30.99,30.70,30.83,19300,30.83
2011-03-16,31.10,31.43,30.48,30.57,48100,30.57
2011-03-15,30.69,31.26,30.60,31.11,58700,31.11
2011-03-14,31.57,31.69,31.33,31.59,38300,31.59
2011-03-11,30.94,31.37,30.94,31.32,18100,31.32
2011-03-10,31.81,31.81,31.21,31.22,29800,31.22
2011-03-09,32.05,32.08,31.81,31.96,62400,31.96
2011-03-08,31.67,32.09,31.67,31.92,62000,31.92
2011-03-07,31.84,31.84,31.34,31.59,68800,31.59
2011-03-04,32.05,32.05,31.76,31.87,19100,31.87
2011-03-03,31.44,31.90,31.44,31.90,21300,31.90
2011-03-02,30.73,31.14,30.73,31.11,17700,31.11
2011-03-01,31.20,31.20,30.73,30.77,25300,30.77
2011-02-28,30.79,31.00,30.68,30.83,124000,30.83
2011-02-25,30.47,30.83,30.47,30.77,72300,30.77
2011-02-24,30.20,30.40,30.10,30.34,80800,30.34
2011-02-23,30.99,30.99,30.21,30.51,87800,30.51
2011-02-22,30.93,31.17,30.64,30.66,55000,30.66
2011-02-18,31.60,31.93,31.60,31.70,37300,31.70
2011-02-17,31.32,31.72,31.32,31.64,18600,31.64
2011-02-16,31.30,31.53,31.28,31.50,31400,31.50
2011-02-15,31.17,31.32,31.12,31.18,25500,31.18
2011-02-14,31.11,31.36,31.11,31.26,42500,31.26
2011-02-11,30.49,30.97,30.30,30.93,39400,30.93
2011-02-10,30.08,30.55,29.66,30.54,280600,30.54
2011-02-09,31.29,31.29,30.55,30.60,238800,30.60
2011-02-08,31.41,31.50,31.30,31.40,111600,31.40
2011-02-07,31.38,31.74,31.38,31.50,42600,31.50
2011-02-04,31.98,31.98,31.35,31.61,28600,31.61
2011-02-03,31.64,31.91,31.56,31.84,32100,31.84
2011-02-02,32.04,32.04,31.67,31.71,28600,31.71
2011-02-01,31.60,32.10,31.51,32.10,55200,32.10
2011-01-31,31.46,31.69,31.25,31.66,17100,31.66
2011-01-28,31.99,32.14,31.16,31.40,39300,31.40
2011-01-27,32.33,32.46,32.25,32.28,19800,32.28
2011-01-26,32.43,32.63,32.43,32.59,22300,32.59
2011-01-25,32.51,32.51,32.02,32.20,37700,32.20
2011-01-24,32.36,32.47,32.20,32.37,25200,32.37
2011-01-21,32.35,32.55,32.09,32.15,39500,32.15
2011-01-20,32.43,32.60,32.18,32.50,13600,32.50
2011-01-19,32.74,32.95,32.74,32.83,23300,32.83
2011-01-18,32.59,33.01,32.59,32.99,29600,32.99
2011-01-14,32.86,33.03,32.86,32.99,23200,32.99
2011-01-13,33.16,33.24,32.88,33.03,40800,33.03
2011-01-12,33.07,33.45,33.07,33.42,18600,33.42
2011-01-11,32.52,32.76,32.52,32.76,21000,32.76
2011-01-10,32.41,32.45,32.18,32.41,20400,32.41
2011-01-07,33.19,33.19,32.51,32.82,37900,32.82
2011-01-06,33.44,33.44,32.87,33.05,54800,33.05
2011-01-05,33.32,33.41,33.22,33.33,48000,33.33
2011-01-04,33.48,33.48,33.02,33.37,93800,33.37
2011-01-03,33.49,33.49,33.12,33.29,92500,33.29
2010-12-31,32.76,32.91,32.70,32.86,35300,32.86
2010-12-30,32.53,32.76,32.53,32.74,30400,32.74
2010-12-29,32.04,32.40,32.04,32.33,53300,32.33
2010-12-28,31.80,31.91,31.76,31.91,11800,31.91
2010-12-27,32.00,32.00,31.65,31.93,22500,31.93
2010-12-23,32.42,32.42,31.88,32.07,21500,32.07
2010-12-22,32.27,32.27,32.00,32.25,23400,32.25
2010-12-21,32.13,32.24,32.07,32.17,67200,32.17
2010-12-20,31.83,31.83,31.64,31.73,22000,31.73
2010-12-17,31.76,31.89,31.71,31.88,15000,31.88
2010-12-16,31.86,31.86,31.71,31.86,8100,31.86
2010-12-15,32.09,32.09,31.72,31.72,26000,31.72
2010-12-14,32.46,32.54,32.28,32.42,20100,32.42
2010-12-13,32.03,32.47,32.03,32.36,30600,32.36
2010-12-10,31.89,32.18,31.82,32.16,56900,32.16
2010-12-09,32.31,32.31,31.83,31.86,23600,31.86
2010-12-08,32.52,32.52,32.00,32.27,63600,32.27
2010-12-07,33.06,33.10,32.59,32.59,57400,32.59
2010-12-06,32.65,32.65,32.51,32.64,18500,32.64
2010-12-03,32.57,32.79,32.51,32.79,39000,32.79
2010-12-02,32.50,32.79,32.50,32.76,126000,32.76
2010-12-01,32.24,32.44,32.12,32.44,15700,32.44
2010-11-30,31.61,31.72,31.34,31.53,15900,31.53
2010-11-29,31.34,31.66,31.33,31.66,6400,31.66
2010-11-26,31.80,31.80,31.34,31.49,16400,31.49
2010-11-24,31.88,32.34,31.88,32.33,17700,32.33
2010-11-23,31.83,31.83,31.46,31.58,60500,31.58
2010-11-22,32.74,32.74,32.24,32.62,43400,32.62
2010-11-19,32.71,32.73,32.36,32.70,28500,32.70
2010-11-18,32.51,32.90,32.51,32.82,56200,32.82
2010-11-17,31.94,32.05,31.90,31.99,28500,31.99
2010-11-16,32.45,32.45,31.71,31.74,26900,31.74
2010-11-15,32.72,33.11,32.67,32.90,19300,32.90
2010-11-12,33.30,33.30,32.70,32.80,42400,32.80
2010-11-11,33.68,33.85,33.55,33.85,55700,33.85
2010-11-10,33.88,34.04,33.56,34.04,28700,34.04
2010-11-09,34.30,34.30,33.57,33.57,43600,33.57
2010-11-08,34.38,34.38,34.05,34.17,40200,34.17
2010-11-05,34.46,34.46,34.20,34.31,43000,34.31
2010-11-04,34.12,34.35,34.04,34.34,47400,34.34
2010-11-03,33.58,33.60,33.17,33.60,30600,33.60
2010-11-02,33.15,33.37,32.89,33.35,84100,33.35
2010-11-01,33.12,33.14,32.88,32.90,83900,32.90
2010-10-29,32.59,32.59,32.34,32.56,18100,32.56
2010-10-28,32.72,32.72,32.45,32.59,104100,32.59
2010-10-27,32.67,32.67,32.12,32.40,26600,32.40
2010-10-26,32.91,33.04,32.78,33.02,53700,33.02
2010-10-25,32.85,33.12,32.85,33.01,44800,33.01
2010-10-22,32.89,32.89,32.45,32.51,29100,32.51
2010-10-21,32.88,32.91,32.38,32.65,35400,32.65
2010-10-20,32.61,32.81,32.48,32.52,34400,32.52
2010-10-19,32.80,32.80,32.01,32.11,60300,32.11
2010-10-18,33.10,33.10,32.92,33.07,155600,33.07
2010-10-15,33.69,33.69,33.07,33.27,89100,33.27
2010-10-14,33.64,33.64,33.07,33.30,52600,33.30
2010-10-13,32.96,33.49,32.96,33.35,67300,33.35
2010-10-12,32.74,32.74,32.47,32.63,41100,32.63
2010-10-11,33.23,33.23,32.60,32.70,29800,32.70
2010-10-08,32.52,32.69,32.33,32.67,26500,32.67
2010-10-07,32.75,32.75,32.16,32.32,45800,32.32
2010-10-06,32.74,32.78,32.50,32.58,38700,32.58
2010-10-05,32.35,32.64,32.33,32.60,152500,32.60
2010-10-04,32.39,32.41,31.91,32.09,3751000,32.09
2010-10-01,31.88,32.14,31.63,32.13,82200,32.13
2010-09-30,31.69,33.29,31.36,31.61,30900,31.61
2010-09-29,31.55,31.57,31.36,31.49,12000,31.49
2010-09-28,31.20,31.33,30.88,31.33,15300,31.33
2010-09-27,31.36,31.36,31.13,31.27,19500,31.27
2010-09-24,31.25,31.29,30.90,31.17,21900,31.17
2010-09-23,30.88,31.19,30.85,30.95,17000,30.95
2010-09-22,31.06,31.28,30.93,31.26,42700,31.26
2010-09-21,30.94,30.95,30.63,30.79,36900,30.79
2010-09-20,30.59,30.81,30.59,30.77,20000,30.77
2010-09-17,30.76,30.76,30.37,30.57,13800,30.57
2010-09-16,30.05,30.46,30.05,30.30,19000,30.30
2010-09-15,30.48,30.48,30.39,30.48,23400,30.48
2010-09-14,30.40,30.58,30.16,30.45,7600,30.45
2010-09-13,30.39,30.51,30.35,30.48,30400,30.48
2010-09-10,29.81,29.81,29.61,29.74,16000,29.74
2010-09-09,29.72,29.75,29.50,29.74,12400,29.74
2010-09-08,29.45,29.54,29.38,29.41,34700,29.41
2010-09-07,29.48,29.48,29.19,29.27,7700,29.27
2010-09-03,29.61,29.61,29.26,29.36,26500,29.36
2010-09-02,29.20,29.20,28.97,29.16,19800,29.16
2010-09-01,28.70,29.18,28.69,29.17,14000,29.17
2010-08-31,28.04,28.32,28.01,28.19,9200,28.19
2010-08-30,28.37,28.41,28.06,28.07,2600,28.07
2010-08-27,28.23,28.42,28.18,28.42,10700,28.42
2010-08-26,28.07,28.33,27.83,27.93,40200,27.93
2010-08-25,27.87,27.91,27.71,27.84,22100,27.84
2010-08-24,28.01,28.32,27.87,28.12,10300,28.12
2010-08-23,28.88,28.89,28.52,28.61,9200,28.61
2010-08-20,29.31,29.31,28.79,28.98,7500,28.98
2010-08-19,29.44,29.44,28.85,28.98,12800,28.98
2010-08-18,29.14,29.23,29.00,29.21,17800,29.21
2010-08-17,29.16,29.20,28.98,29.00,36400,29.00
2010-08-16,28.63,28.77,28.58,28.76,16200,28.76
2010-08-13,28.49,28.65,28.49,28.65,3600,28.65
2010-08-12,28.57,28.57,28.17,28.44,62600,28.44
2010-08-11,28.82,28.82,28.35,28.39,14700,28.39
2010-08-10,29.30,29.45,28.94,29.31,19900,29.31
2010-08-09,29.87,29.87,29.60,29.69,33800,29.69
2010-08-06,29.42,29.56,29.20,29.50,20900,29.50
2010-08-05,29.88,29.88,29.37,29.55,35900,29.55
2010-08-04,29.82,29.99,29.45,29.85,100900,29.85
2010-08-03,29.77,29.78,29.52,29.67,12400,29.67
2010-08-02,29.73,29.97,29.73,29.97,4600,29.97
2010-07-30,29.11,29.19,28.79,29.12,9300,29.12
2010-07-29,28.82,28.98,28.82,28.98,1100,28.98
2010-07-28,28.95,29.02,28.70,28.83,7300,28.83
2010-07-27,29.10,29.14,29.06,29.08,800,29.08
2010-07-26,28.73,29.14,28.73,29.10,29400,29.10
2010-07-23,28.78,28.90,28.61,28.90,5000,28.90
2010-07-22,28.29,28.59,28.29,28.56,4000,28.56
2010-07-21,27.90,28.04,27.72,27.84,4700,27.84
2010-07-20,27.53,27.76,27.47,27.76,1900,27.76
2010-07-19,27.13,27.26,27.11,27.26,800,27.26
2010-07-16,27.57,27.74,26.98,27.04,10400,27.04
2010-07-15,28.09,28.10,27.72,27.78,18000,27.78
2010-07-14,28.07,28.20,28.07,28.20,600,28.20
2010-07-13,28.32,28.32,28.04,28.20,4700,28.20
2010-07-12,27.95,28.11,27.81,28.11,10500,28.11
2010-07-09,27.70,28.22,27.70,28.18,1500,28.18
2010-07-08,27.66,27.69,27.44,27.69,2000,27.69
2010-07-07,27.44,27.44,27.41,27.44,600,27.44
2010-07-06,27.54,27.54,27.06,27.06,1000,27.06
2010-07-02,26.77,26.99,26.77,26.99,2500,26.99
2010-07-01,27.00,27.00,26.38,27.00,3900,27.00
2010-06-30,27.14,27.27,27.05,27.05,1400,27.05
2010-06-29,27.49,27.49,26.94,27.00,3400,27.00
2010-06-28,28.08,28.36,28.02,28.02,800,28.02
2010-06-25,27.90,28.37,27.90,28.13,12200,28.13
2010-06-24,28.79,28.79,28.03,28.18,2600,28.18
2010-06-23,28.32,28.68,28.32,28.68,2100,28.68
2010-06-22,29.06,29.06,28.49,28.49,1700,28.49
2010-06-21,29.20,29.35,29.03,29.06,2000,28.90
2010-06-18,28.53,28.53,28.35,28.42,2800,28.27
2010-06-17,28.76,28.76,27.89,28.41,3400,28.26
2010-06-16,27.97,28.59,27.97,28.22,13700,28.07
2010-06-15,27.92,28.59,27.86,28.26,14200,28.11
2010-06-14,27.70,27.76,27.62,27.73,1400,27.58
2010-06-11,27.26,27.38,27.26,27.36,800,27.21
2010-06-10,26.96,27.12,26.92,27.11,3600,26.97
2010-06-09,26.70,26.97,26.42,26.42,14100,26.28
2010-06-08,26.31,26.41,26.29,26.41,900,26.27
2010-06-07,26.81,26.81,26.30,26.30,4900,26.16
2010-06-04,26.72,26.76,26.67,26.68,1000,26.54
2010-06-03,27.55,27.55,26.89,26.89,16000,26.75
2010-06-02,26.89,27.36,26.89,27.36,11600,27.21
2010-06-01,26.81,27.11,26.68,26.70,4200,26.56
2010-05-28,27.32,27.32,26.95,27.30,5400,27.15
2010-05-27,26.87,27.27,26.64,27.26,12400,27.11
2010-05-26,26.20,26.25,25.85,25.85,4400,25.71
2010-05-25,25.15,25.81,25.00,25.81,10300,25.67
2010-05-24,26.63,26.63,26.23,26.32,4300,26.18
2010-05-21,25.62,26.23,25.15,25.95,10100,25.81
2010-05-20,26.08,26.08,25.45,25.76,11400,25.62
2010-05-19,26.81,26.96,26.34,26.70,6800,26.56
2010-05-18,28.09,28.11,27.24,27.24,6700,27.09
2010-05-17,28.06,28.06,27.27,27.69,17900,27.54
2010-05-14,28.17,28.34,28.00,28.08,3800,27.93
2010-05-13,28.95,29.16,28.61,28.61,41200,28.46
2010-05-12,28.35,28.88,27.22,28.86,28000,28.71
2010-05-11,28.44,28.80,28.44,28.56,3100,28.41
2010-05-10,29.89,29.89,28.47,29.04,36800,28.89
2010-05-07,27.51,27.51,26.55,26.87,11200,26.73
2010-05-06,28.04,28.15,15.00,26.67,41300,26.53
2010-05-05,28.32,28.56,28.00,28.30,30300,28.15
2010-05-04,29.63,29.63,28.50,28.68,12800,28.53
2010-05-03,29.63,29.89,29.61,29.83,10900,29.67
2010-04-30,30.17,30.18,29.75,29.75,11600,29.59
2010-04-29,29.40,29.94,29.40,29.94,24900,29.78
2010-04-28,29.95,29.95,29.31,29.50,13500,29.34
2010-04-27,30.04,30.04,29.46,29.46,24900,29.30
2010-04-26,30.34,30.38,29.52,30.25,19500,30.09
2010-04-23,30.02,30.11,29.84,30.11,24800,29.95
2010-04-22,29.74,30.06,29.55,30.06,21300,29.90
2010-04-21,30.05,30.05,29.58,29.77,43500,29.61
2010-04-20,32.07,32.07,29.57,29.82,36300,29.66
2010-04-19,29.55,29.65,29.10,29.30,9100,29.14
2010-04-16,30.09,30.14,29.38,29.45,38500,29.29
2010-04-15,30.57,30.57,30.38,30.40,13700,30.24
2010-04-14,30.30,30.70,30.30,30.65,18900,30.49
2010-04-13,30.23,30.23,29.78,30.03,15700,29.87