2011-05-10,28.21,28.50,28.16,28.50,135000,28.50
2011-05-09,28.05,28.26,27.99,28.19,70200,28.19
2011-05-06,28.17,28.47,27.96,28.03,250500,28.03
2011-05-05,27.83,28.08,27.56,27.73,280600,27.73
2011-05-04,28.56,28.56,27.99,28.19,172000,28.19
2011-05-03,29.05,29.10,28.52,28.71,138500,28.71
2011-05-02,29.57,29.71,29.35,29.39,81000,29.39
2011-04-29,29.39,29.62,29.31,29.55,47000,29.55
2011-04-28,29.50,29.50,29.16,29.38,100700,29.38
2011-04-27,29.92,29.92,29.39,29.71,93100,29.71
2011-04-26,29.80,30.00,29.76,29.91,128200,29.91
2011-04-25,30.07,30.07,29.75,29.91,51500,29.91
2011-04-21,29.99,30.05,29.83,30.04,67800,30.04
2011-04-20,29.74,29.83,29.61,29.83,94900,29.83
2011-04-19,28.93,29.22,28.92,29.21,136600,29.21
2011-04-18,28.87,28.87,28.54,28.72,230200,28.72
2011-04-15,29.54,29.55,29.31,29.50,52300,29.50
2011-04-14,29.29,29.50,29.27,29.46,161900,29.46
2011-04-13,29.84,29.84,29.40,29.49,68600,29.49
2011-04-12,29.75,29.75,29.26,29.40,125900,29.40
2011-04-11,30.29,30.33,29.86,29.95,97200,29.95
2011-04-08,30.32,30.38,30.15,30.25,60100,30.25
2011-04-07,30.13,30.34,30.02,30.16,61700,30.16
2011-04-06,30.35,30.48,30.15,30.20,251400,30.20
2011-04-05,30.26,30.35,30.19,30.25,99300,30.25
2011-04-04,30.25,30.40,30.04,30.40,226400,30.40
2011-04-01,29.79,30.09,29.79,29.98,148200,29.98
2011-03-31,29.25,29.53,29.25,29.50,168200,29.50
2011-03-30,28.98,29.26,28.96,29.22,153700,29.22
2011-03-29,28.57,28.76,28.47,28.76,340600,28.76
2011-03-28,28.69,28.73,28.55,28.60,541300,28.60
2011-03-25,28.77,28.92,28.73,28.76,59800,28.76
2011-03-24,28.57,28.77,28.46,28.74,87200,28.74
2011-03-23,28.15,28.61,28.06,28.55,91800,28.55
2011-03-22,28.04,28.09,27.96,28.08,553400,28.08
2011-03-21,27.98,28.00,27.80,27.95,103300,27.95
2011-03-18,27.56,27.72,27.48,27.48,84700,27.48
2011-03-17,27.58,27.70,27.38,27.52,113800,27.52
2011-03-16,27.77,27.93,27.04,27.26,100800,27.26
2011-03-15,27.13,27.88,27.06,27.82,91800,27.82
2011-03-14,27.92,28.22,27.91,28.18,54500,28.18
2011-03-11,27.60,28.00,27.59,27.91,64000,27.91
2011-03-10,28.06,28.07,27.79,27.86,173400,27.86
2011-03-09,28.59,28.68,28.43,28.63,74100,28.63
2011-03-08,28.41,28.69,28.24,28.55,182000,28.55
2011-03-07,28.63,28.78,28.16,28.29,102100,28.29
2011-03-04,28.47,28.54,28.24,28.47,51600,28.47
2011-03-03,28.22,28.49,28.21,28.48,50600,28.48
2011-03-02,27.75,28.09,27.71,28.03,151000,28.03
2011-03-01,28.13,28.13,27.59,27.60,97300,27.60
2011-02-28,27.84,27.94,27.75,27.93,117900,27.93
2011-02-25,27.35,27.60,27.35,27.59,113100,27.59
2011-02-24,27.18,27.37,26.97,27.15,343000,27.15
2011-02-23,27.01,27.26,26.77,27.07,77600,27.07
2011-02-22,27.27,27.42,26.84,26.95,121700,26.95
2011-02-18,27.66,27.73,27.54,27.58,54200,27.58
2011-02-17,27.37,27.59,27.37,27.55,102500,27.55
2011-02-16,27.36,27.59,27.35,27.49,138600,27.49
2011-02-15,27.07,27.29,27.07,27.23,46700,27.23
2011-02-14,27.17,27.35,27.17,27.23,548000,27.23
2011-02-11,26.79,27.30,26.55,27.27,183300,27.27
2011-02-10,26.53,26.83,26.51,26.75,287000,26.75
2011-02-09,26.94,27.13,26.78,26.94,529500,26.94
2011-02-08,27.32,27.44,27.18,27.40,197000,27.40
2011-02-07,27.28,27.45,27.16,27.30,76200,27.30
2011-02-04,27.52,27.55,27.22,27.40,76600,27.40
2011-02-03,27.60,27.60,27.34,27.45,95600,27.45
2011-02-02,27.59,27.80,27.49,27.51,74900,27.51
2011-02-01,27.37,27.62,27.30,27.52,180400,27.52
2011-01-31,26.81,27.07,26.81,26.99,116200,26.99
2011-01-28,27.40,27.40,26.54,26.63,149600,26.63
2011-01-27,27.43,27.55,27.29,27.34,46100,27.34
2011-01-26,27.37,27.51,27.34,27.42,74800,27.42
2011-01-25,27.36,27.36,27.00,27.19,102900,27.19
2011-01-24,27.13,27.41,27.10,27.41,50500,27.41
2011-01-21,27.49,27.62,27.25,27.29,41900,27.29
2011-01-20,27.63,27.63,27.22,27.42,72900,27.42
2011-01-19,28.13,28.13,27.78,27.88,71200,27.88
2011-01-18,28.01,28.08,27.90,28.05,83700,28.05
2011-01-14,28.02,28.07,27.94,28.06,159600,28.06
2011-01-13,28.22,28.29,27.95,28.01,88000,28.01
2011-01-12,28.01,28.28,28.00,28.23,110100,28.23
2011-01-11,27.57,27.67,27.48,27.67,338400,27.67
2011-01-10,27.24,27.28,27.06,27.24,73100,27.24
2011-01-07,27.63,27.67,27.19,27.41,99700,27.41
2011-01-06,27.94,27.94,27.62,27.70,106000,27.70
2011-01-05,27.73,28.05,27.71,28.00,108300,28.00
2011-01-04,28.00,28.00,27.64,27.95,890500,27.95
2011-01-03,27.67,27.97,27.67,27.83,212400,27.83
2010-12-31,27.38,27.48,27.27,27.43,63400,27.43
2010-12-30,27.22,27.35,27.08,27.29,52300,27.29
2010-12-29,26.96,27.21,26.96,27.18,69500,27.18
2010-12-28,26.91,26.91,26.75,26.82,52000,26.82
2010-12-27,26.99,26.99,26.73,26.96,103000,26.96
2010-12-23,27.04,27.06,26.86,27.05,69200,27.05
2010-12-22,27.01,27.21,27.00,27.21,62900,27.21
2010-12-21,26.71,27.13,26.71,27.07,280000,27.07
2010-12-20,26.66,26.73,26.51,26.59,60300,26.59
2010-12-17,26.75,26.75,26.57,26.68,44200,26.68
2010-12-16,26.79,26.83,26.63,26.79,57200,26.66
2010-12-15,27.15,27.15,26.77,26.82,334400,26.69
2010-12-14,27.27,27.46,27.26,27.37,86300,27.24
2010-12-13,27.18,27.48,27.18,27.34,70900,27.21
2010-12-10,26.94,27.08,26.86,27.08,61400,26.95
2010-12-09,27.10,27.10,26.74,26.82,69700,26.69
2010-12-08,27.13,27.18,26.81,26.94,85300,26.81
2010-12-07,27.68,27.68,27.27,27.27,60300,27.14
2010-12-06,27.24,27.41,27.24,27.35,63800,27.22
2010-12-03,27.15,27.49,27.10,27.49,84300,27.36
2010-12-02,27.05,27.46,27.05,27.46,89100,27.33
2010-12-01,26.85,27.02,26.79,26.92,62300,26.79
2010-11-30,26.20,26.40,26.02,26.20,93700,26.07
2010-11-29,26.35,26.49,26.04,26.46,58400,26.33
2010-11-26,26.30,26.40,26.15,26.26,23400,26.13
2010-11-24,26.48,26.71,26.41,26.69,122400,26.56
2010-11-23,26.22,26.22,25.96,26.04,92600,25.91
2010-11-22,26.86,26.94,26.50,26.82,69600,26.69
2010-11-19,26.91,26.97,26.63,26.97,58700,26.84
2010-11-18,26.80,27.12,26.80,27.07,81100,26.94
2010-11-17,26.27,26.53,26.25,26.42,104300,26.29
2010-11-16,26.94,26.94,26.20,26.28,181800,26.15
2010-11-15,27.45,27.52,27.22,27.22,62300,27.09
2010-11-12,27.62,27.71,27.18,27.36,84400,27.23
2010-11-11,28.00,28.06,27.88,28.06,51100,27.92
2010-11-10,28.05,28.14,27.69,28.08,112100,27.94
2010-11-09,28.61,28.61,27.90,28.03,116000,27.89
2010-11-08,28.38,28.49,28.32,28.46,123000,28.32
2010-11-05,28.45,28.61,28.44,28.60,70600,28.46
2010-11-04,28.26,28.67,28.26,28.65,253000,28.51
2010-11-03,27.78,27.86,27.51,27.86,130400,27.72
2010-11-02,27.50,27.64,27.43,27.61,93500,27.47
2010-11-01,27.23,27.45,27.18,27.30,112500,27.17
2010-10-29,26.94,27.02,26.87,27.02,75800,26.89
2010-10-28,27.09,27.09,26.82,26.97,57200,26.84
2010-10-27,27.04,27.04,26.60,26.81,54400,26.68
2010-10-26,27.15,27.41,27.08,27.38,54800,27.25
2010-10-25,27.35,27.44,27.25,27.31,72900,27.18
2010-10-22,27.14,27.18,26.93,27.03,60200,26.90
2010-10-21,27.23,27.35,26.76,27.04,102600,26.91
2010-10-20,26.93,27.20,26.88,27.09,67100,26.96
2010-10-19,27.07,27.13,26.66,26.72,95200,26.59
2010-10-18,27.28,27.54,27.15,27.50,69100,27.37
2010-10-15,27.54,27.61,27.07,27.33,82300,27.20
2010-10-14,27.46,27.47,27.19,27.32,98800,27.19
2010-10-13,27.20,27.49,27.18,27.37,91000,27.24
2010-10-12,26.81,26.93,26.67,26.93,69300,26.80
2010-10-11,26.93,27.05,26.87,26.98,86100,26.85
2010-10-08,26.52,26.87,26.47,26.83,125100,26.70
2010-10-07,26.83,26.83,26.33,26.45,241000,26.32
2010-10-06,26.87,26.87,26.68,26.78,115000,26.65
2010-10-05,26.42,26.87,26.42,26.79,102000,26.66
2010-10-04,26.16,26.33,26.05,26.21,79800,26.08
2010-10-01,26.07,26.28,26.04,26.17,153900,26.04
2010-09-30,25.92,25.99,25.67,25.84,356900,25.71
2010-09-29,25.70,25.85,25.67,25.80,73500,25.67
2010-09-28,25.62,25.71,25.35,25.64,122500,25.51
2010-09-27,25.56,25.65,25.46,25.58,107500,25.45
2010-09-24,25.50,25.60,25.49,25.56,81300,25.44
2010-09-23,25.06,25.41,25.06,25.17,51200,25.05
2010-09-22,25.26,25.44,25.20,25.25,73300,25.13
2010-09-21,25.36,25.39,25.16,25.29,94300,25.17
2010-09-20,25.14,25.41,25.06,25.39,79200,25.27
2010-09-17,25.14,25.17,24.94,25.00,51300,24.88
2010-09-16,24.95,25.07,24.92,25.02,52200,24.90
2010-09-15,25.01,25.14,24.97,25.10,63800,24.98
2010-09-14,25.18,25.38,25.05,25.18,69100,25.06
2010-09-13,25.00,25.20,24.99,25.17,153100,25.05
2010-09-10,24.60,24.70,24.58,24.65,46600,24.53
2010-09-09,24.74,24.80,24.56,24.63,42600,24.51
2010-09-08,24.44,24.65,24.44,24.55,59500,24.43
2010-09-07,24.64,24.64,24.33,24.33,70900,24.21
2010-09-03,24.81,24.83,24.60,24.68,53200,24.56
2010-09-02,24.39,24.51,24.34,24.50,67700,24.38
2010-09-01,24.06,24.47,24.06,24.46,53900,24.34
2010-08-31,23.52,23.87,23.52,23.75,89100,23.63
2010-08-30,23.93,23.93,23.59,23.59,40400,23.47
2010-08-27,23.73,24.02,23.51,23.98,77500,23.86
2010-08-26,23.76,23.86,23.47,23.52,44600,23.40
2010-08-25,23.52,23.77,23.38,23.73,99200,23.61
2010-08-24,23.85,23.85,23.60,23.71,185800,23.59
2010-08-23,24.40,24.42,24.06,24.06,34900,23.94
2010-08-20,24.38,24.38,24.16,24.37,33000,24.25
2010-08-19,24.67,24.72,24.31,24.41,63600,24.29
2010-08-18,24.66,24.81,24.56,24.73,27600,24.61
2010-08-17,24.83,24.93,24.69,24.81,57800,24.69
2010-08-16,24.35,24.59,24.35,24.55,188100,24.43
2010-08-13,24.24,24.39,24.24,24.25,59600,24.13
2010-08-12,24.00,24.38,23.97,24.34,26200,24.22
2010-08-11,24.60,24.60,24.23,24.29,85700,24.17
2010-08-10,25.02,25.22,24.90,25.11,49600,24.99
2010-08-09,25.54,25.56,25.42,25.52,32000,25.40
2010-08-06,25.21,25.39,25.07,25.37,47300,25.25
2010-08-05,25.24,25.42,25.24,25.38,53300,25.26
2010-08-04,25.41,25.52,25.28,25.49,71900,25.37
2010-08-03,25.37,25.45,25.14,25.35,95000,25.23
2010-08-02,25.17,25.55,25.17,25.52,301200,25.40
2010-07-30,24.54,24.89,24.43,24.80,44500,24.68
2010-07-29,24.83,24.99,24.54,24.77,50200,24.65
2010-07-28,24.64,24.79,24.54,24.71,47600,24.59
2010-07-27,24.94,24.98,24.60,24.73,76000,24.61
2010-07-26,24.49,24.75,24.40,24.74,52000,24.62
2010-07-23,24.39,24.64,24.26,24.64,41000,24.52
2010-07-22,24.14,24.54,24.14,24.46,69100,24.34
2010-07-21,24.19,24.19,23.65,23.78,56500,23.66
2010-07-20,23.31,23.93,23.25,23.92,55900,23.80
2010-07-19,23.46,23.48,23.16,23.35,69100,23.24
2010-07-16,23.53,23.55,23.03,23.04,48200,22.93
2010-07-15,23.76,23.79,23.42,23.68,81600,23.56
2010-07-14,23.89,24.02,23.76,23.88,62700,23.76
2010-07-13,24.09,24.22,24.00,24.15,74200,24.03
2010-07-12,23.97,24.04,23.70,23.88,46600,23.76
2010-07-09,23.68,23.98,23.64,23.98,40700,23.86
2010-07-08,23.69,23.69,23.34,23.60,35600,23.48
2010-07-07,22.86,23.61,22.86,23.59,89000,23.47
2010-07-06,23.41,23.44,22.86,23.06,54200,22.95
2010-07-02,22.88,22.89,22.62,22.76,89000,22.65
2010-07-01,22.57,22.71,22.20,22.66,490300,22.55
2010-06-30,22.92,23.02,22.50,22.59,77000,22.48
2010-06-29,23.00,23.22,22.59,22.69,102100,22.58
2010-06-28,24.00,24.00,23.68,23.72,62500,23.60
2010-06-25,23.59,23.94,23.50,23.91,43100,23.79
2010-06-24,23.84,24.00,23.52,23.62,63200,23.50
2010-06-23,24.16,24.18,23.75,23.94,274300,23.82
2010-06-22,24.34,24.36,23.79,23.79,146400,23.67
2010-06-21,24.60,24.66,24.17,24.33,95600,24.21
2010-06-18,23.89,23.97,23.70,23.84,68800,23.72
2010-06-17,24.40,24.40,23.82,24.00,126900,23.59
2010-06-16,24.10,24.41,24.05,24.26,86200,23.85
2010-06-15,23.76,24.34,23.76,24.33,58400,23.92
2010-06-14,23.99,24.05,23.60,23.61,56800,23.21
2010-06-11,23.29,23.81,23.29,23.80,35000,23.39
2010-06-10,23.33,23.72,23.15,23.71,168600,23.31
2010-06-09,23.26,23.39,22.80,22.88,65900,22.49
2010-06-08,22.55,22.87,22.36,22.80,83000,22.41
2010-06-07,22.77,22.95,22.40,22.40,37800,22.02
2010-06-04,22.96,23.29,22.68,22.73,99000,22.34
2010-06-03,23.86,23.91,23.28,23.56,113900,23.16
2010-06-02,23.22,23.69,23.01,23.69,109900,23.29
2010-06-01,23.08,23.50,22.82,22.82,131600,22.43
2010-05-28,23.40,23.40,23.04,23.25,151200,22.85
2010-05-27,23.29,23.54,22.81,23.54,154900,23.14
2010-05-26,22.43,22.86,22.17,22.20,85400,21.82
2010-05-25,21.38,22.09,21.29,22.09,213800,21.71
2010-05-24,22.48,22.74,22.28,22.29,117100,21.91
2010-05-21,21.46,22.57,21.42,22.54,193600,22.16
2010-05-20,22.00,22.20,21.59,21.73,230500,21.36
2010-05-19,22.69,22.89,22.41,22.80,136200,22.41
2010-05-18,23.78,23.89,22.96,23.04,101900,22.65
2010-05-17,23.40,23.59,22.89,23.39,136800,22.99
2010-05-14,23.71,23.79,23.19,23.48,162500,23.08
2010-05-13,24.33,24.39,23.99,24.06,84500,23.65
2010-05-12,24.15,24.40,24.07,24.37,123200,23.95
2010-05-11,23.97,24.34,23.63,23.91,189400,23.50
2010-05-10,23.74,24.50,23.74,24.45,196100,24.03
2010-05-07,22.84,23.22,22.04,22.74,587200,22.35
2010-05-06,23.49,23.85,21.00,22.74,444900,22.35
2010-05-05,23.57,24.07,23.37,23.67,214100,23.27
2010-05-04,24.58,24.69,23.94,24.07,231100,23.66
2010-05-03,25.25,25.26,24.95,25.09,119500,24.66
2010-04-30,25.49,25.49,24.93,24.94,69000,24.52
2010-04-29,25.12,25.37,25.08,25.35,87300,24.92
2010-04-28,25.11,25.11,24.60,24.85,128200,24.43
2010-04-27,25.44,25.44,24.66,24.70,140800,24.28
2010-04-26,25.82,25.95,25.64,25.67,141600,25.23
2010-04-23,25.40,25.67,25.30,25.67,96300,25.23
2010-04-22,25.24,25.51,24.98,25.51,60400,25.08
2010-04-21,25.66,25.66,25.08,25.34,436700,24.91
2010-04-20,25.66,25.83,25.62,25.76,104300,25.32
2010-04-19,25.22,25.58,25.10,25.48,156800,25.05
2010-04-16,26.11,26.11,25.48,25.69,248100,25.25
2010-04-15,26.43,26.59,26.38,26.42,106000,25.97
2010-04-14,26.41,26.62,26.37,26.60,128000,26.15
2010-04-13,26.28,26.30,25.98,26.24,134900,25.79
2010-04-12,26.23,26.41,26.22,26.29,140300,25.84
2010-04-09,26.28,26.46,26.28,26.46,58800,26.01
2010-04-08,25.80,26.20,25.71,26.19,146200,25.74
2010-04-07,26.10,26.20,25.78,25.90,273100,25.46
2010-04-06,26.02,26.30,25.95,26.21,154500,25.76
2010-04-05,26.03,26.17,25.96,26.12,119100,25.67
2010-04-01,25.66,25.87,25.65,25.86,155700,25.42
2010-03-31,25.21,25.41,25.16,25.33,85800,24.90
2010-03-30,25.17,25.28,25.07,25.21,86000,24.78
2010-03-29,24.68,25.00,24.65,25.00,98400,24.57
2010-03-26,24.38,24.54,24.30,24.47,99000,24.05
2010-03-25,24.57,24.67,24.14,24.17,173200,23.76
2010-03-24,24.60,24.71,24.43,24.51,136200,24.09
2010-03-23,24.68,24.87,24.61,24.87,143900,24.45
2010-03-22,24.49,24.72,24.26,24.64,169800,24.22
2010-03-19,25.06,25.06,24.47,24.61,201100,24.19
2010-03-18,25.16,25.19,24.77,24.94,91200,24.52
2010-03-17,25.23,25.33,25.09,25.19,202000,24.76
2010-03-16,24.95,25.10,24.80,25.10,178500,24.67
2010-03-15,24.85,24.91,24.62,24.83,66400,24.41
2010-03-12,25.20,25.20,24.92,24.98,77000,24.55
2010-03-11,24.88,25.04,24.70,25.04,82900,24.61
2010-03-10,24.94,25.11,24.80,25.04,168500,24.61
2010-03-09,24.61,25.06,24.60,24.86,126400,24.44
2010-03-08,24.82,24.87,24.71,24.80,116700,24.38
2010-03-05,24.43,24.75,24.43,24.74,144600,24.32
2010-03-04,24.33,24.34,23.97,24.21,83800,23.80
2010-03-03,24.39,24.60,24.24,24.31,95800,23.90
2010-03-02,24.24,24.45,24.16,24.30,93900,23.89
2010-03-01,24.49,24.49,23.85,24.06,106900,23.65
2010-02-26,23.35,23.64,23.26,23.60,95400,23.20
2010-02-25,22.90,23.36,22.71,23.29,145500,22.89
2010-02-24,23.33,23.48,23.24,23.42,94000,23.02
2010-02-23,23.62,23.66,23.10,23.18,165600,22.79
2010-02-22,23.86,23.86,23.63,23.70,99000,23.30
2010-02-19,23.52,23.74,23.31,23.62,112600,23.22
2010-02-18,23.44,23.84,23.36,23.77,78800,23.36
2010-02-17,23.81,23.81,23.48,23.60,138900,23.20
2010-02-16,23.26,23.62,23.15,23.59,132300,23.19
2010-02-12,22.80,23.04,22.55,23.01,117200,22.62
2010-02-11,22.87,23.34,22.66,23.34,111400,22.94
2010-02-10,22.89,22.93,22.51,22.80,106600,22.41
2010-02-09,22.50,23.00,22.43,22.76,221800,22.37
2010-02-08,22.30,22.41,21.89,21.98,136100,21.61
2010-02-05,22.50,22.53,21.61,22.37,463000,21.99
2010-02-04,23.34,23.34,22.46,22.47,346200,22.09
2010-02-03,23.95,24.07,23.74,23.78,101100,23.37
2010-02-02,23.72,23.90,23.49,23.90,120000,23.49
2010-02-01,23.03,23.60,23.03,23.57,116700,23.17
2010-01-29,23.43,23.49,22.71,22.79,279100,22.40
2010-01-28,23.44,23.57,22.82,23.07,238200,22.68
2010-01-27,22.96,23.18,22.75,23.18,168700,22.79
2010-01-26,23.10,23.42,22.50,23.17,275800,22.78
2010-01-25,23.73,23.94,23.53,23.62,203100,23.22
2010-01-22,23.66,23.89,23.20,23.39,265300,22.99
2010-01-21,24.66,24.71,23.78,23.78,315800,23.37
2010-01-20,25.06,25.11,24.52,24.81,130800,24.39
2010-01-19,25.13,25.59,25.13,25.41,176100,24.98
2010-01-15,25.37,25.39,24.95,25.09,131600,24.66
2010-01-14,25.51,25.56,25.36,25.46,117900,25.03
2010-01-13,25.60,25.61,25.25,25.57,277700,25.13
2010-01-12,25.63,25.79,25.30,25.50,178000,25.07
2010-01-11,26.22,26.23,25.81,25.93,166000,25.49
2010-01-08,25.90,26.03,25.76,25.99,264400,25.55
2010-01-07,25.99,26.00,25.75,25.90,242000,25.46
2010-01-06,26.08,26.23,26.01,26.16,393900,25.71
2010-01-05,25.90,26.12,25.85,26.05,328600,25.61
2010-01-04,25.61,25.82,25.45,25.82,192800,25.38
2009-12-31,25.20,25.27,25.06,25.07,114900,24.64
2009-12-30,24.81,24.92,24.72,24.92,82600,24.50
2009-12-29,25.07,25.07,24.88,24.91,95000,24.49
2009-12-28,24.90,25.14,24.85,24.95,260800,24.52
2009-12-24,24.82,25.03,24.76,24.87,81200,24.45
2009-12-23,24.53,24.72,24.40,24.71,83100,24.29
2009-12-22,24.28,24.38,24.19,24.35,295100,23.94
2009-12-21,24.34,24.49,24.18,24.25,208200,23.84
2009-12-18,24.38,24.46,24.09,24.29,165100,23.88
2009-12-17,24.80,24.82,24.31,24.37,173200,23.88
2009-12-16,25.38,25.40,25.11,25.18,179100,24.67
2009-12-15,25.04,25.24,24.96,25.07,161800,24.57
2009-12-14,25.24,25.27,25.02,25.17,161700,24.66
2009-12-11,25.14,25.14,24.87,25.02,144700,24.52
2009-12-10,24.97,25.10,24.81,24.97,64600,24.47
2009-12-09,24.77,24.99,24.60,24.99,110200,24.49
2009-12-08,25.06,25.06,24.61,24.88,715600,24.38
2009-12-07,25.35,25.55,25.14,25.29,153100,24.78
2009-12-04,25.94,26.05,25.28,25.55,199900,25.04
2009-12-03,25.90,25.91,25.34,25.42,222700,24.91
2009-12-02,25.90,25.90,25.52,25.75,439600,25.23
2009-12-01,25.57,25.91,25.52,25.86,169300,25.34
2009-11-30,25.14,25.20,24.75,25.14,166000,24.64
2009-11-27,24.67,25.20,23.00,24.93,473400,24.43
2009-11-25,25.95,26.00,25.59,25.96,86800,25.44
2009-11-24,25.86,25.90,25.44,25.74,198700,25.22
2009-11-23,26.06,26.34,25.93,26.05,251200,25.53
2009-11-20,25.58,25.59,25.25,25.50,124600,24.99
2009-11-19,26.04,26.04,25.36,25.70,133900,25.18
2009-11-18,26.46,26.46,26.00,26.21,136800,25.68
2009-11-17,26.10,26.40,25.86,26.39,265200,25.86
2009-11-16,26.12,26.30,25.85,26.21,170200,25.68
2009-11-13,25.39,25.68,25.19,25.60,151600,25.09
2009-11-12,25.63,25.74,25.01,25.22,153200,24.71
2009-11-11,26.07,26.13,25.66,25.88,355100,25.36
2009-11-10,25.56,25.89,25.51,25.83,185200,25.31
2009-11-09,25.25,25.87,25.25,25.87,241900,25.35
2009-11-06,24.98,24.98,24.58,24.95,114900,24.45
2009-11-05,24.71,24.97,24.57,24.97,128800,24.47
2009-11-04,24.58,24.83,24.42,24.51,222000,24.02
2009-11-03,23.62,24.11,23.47,24.07,120800,23.59
2009-11-02,23.91,24.39,23.63,24.04,204700,23.56
2009-10-30,24.62,24.62,23.37,23.55,265800,23.08
2009-10-29,23.68,24.77,23.61,24.72,342300,24.22
2009-10-28,24.50,24.50,23.38,23.38,530700,22.91
2009-10-27,25.23,25.23,24.68,24.80,144800,24.30
2009-10-26,25.78,26.06,25.11,25.35,207000,24.84
2009-10-23,25.93,25.99,25.43,25.54,247500,25.03
2009-10-22,25.39,25.77,25.14,25.68,176300,25.16
2009-10-21,25.33,25.85,25.26,25.35,244100,24.84
2009-10-20,25.75,25.76,25.07,25.46,238500,24.95
2009-10-19,25.49,25.87,25.39,25.79,207500,25.27
2009-10-16,25.22,25.39,24.98,25.20,231200,24.69
2009-10-15,25.45,25.71,25.26,25.69,282100,25.17
2009-10-14,25.18,25.73,25.16,25.72,260300,25.20
2009-10-13,24.69,24.71,24.33,24.66,205400,24.17
2009-10-12,24.75,24.90,24.60,24.70,204500,24.20
2009-10-09,24.16,24.50,24.16,24.45,115800,23.96
2009-10-08,24.11,24.36,24.00,24.29,172200,23.80
2009-10-07,23.69,23.82,23.58,23.77,221800,23.29
2009-10-06,23.60,23.91,23.46,23.68,165800,23.20
2009-10-05,22.88,23.30,22.62,23.26,181300,22.79
2009-10-02,22.24,22.72,22.00,22.69,252100,22.23
2009-10-01,23.07,23.18,22.53,22.58,169700,22.13
2009-09-30,23.28,23.38,22.74,23.16,138900,22.70
2009-09-29,23.17,23.23,22.95,23.14,74700,22.68
2009-09-28,22.70,23.12,22.63,23.04,67900,22.58
2009-09-25,22.62,22.86,22.55,22.72,60100,22.26
2009-09-24,23.30,23.31,22.51,22.69,191600,22.23
2009-09-23,23.65,23.72,23.29,23.31,189400,22.84
2009-09-22,23.54,23.76,23.38,23.61,305600,23.14
2009-09-21,23.10,23.33,22.95,23.14,118500,22.68
2009-09-18,23.45,23.57,23.33,23.54,147300,23.07
2009-09-17,23.42,23.70,23.29,23.38,392100,22.91
2009-09-16,23.42,23.63,23.25,23.53,220700,23.06
2009-09-15,22.76,23.11,22.68,23.09,306500,22.63
2009-09-14,22.47,22.84,22.35,22.80,145300,22.34
2009-09-11,22.83,22.94,22.56,22.72,128000,22.26
2009-09-10,22.43,22.70,22.29,22.70,131600,22.24
2009-09-09,22.25,22.51,22.15,22.35,133700,21.90
2009-09-08,22.03,22.24,21.97,22.19,385500,21.74
2009-09-04,21.11,21.44,20.98,21.40,78300,20.97
2009-09-03,20.89,20.96,20.64,20.92,108200,20.50
2009-09-02,20.31,20.63,20.23,20.45,94100,20.04
2009-09-01,20.99,21.14,20.25,20.30,191000,19.89
2009-08-31,20.96,21.02,20.80,20.90,118900,20.48
2009-08-28,21.64,21.64,21.22,21.30,53600,20.87
2009-08-27,21.45,21.47,20.99,21.43,91600,21.00
2009-08-26,21.55,21.60,21.31,21.50,89600,21.07
2009-08-25,21.73,21.99,21.53,21.57,103500,21.14
2009-08-24,21.81,21.97,21.56,21.65,180200,21.22
2009-08-21,21.33,21.65,21.30,21.54,224400,21.11
2009-08-20,21.03,21.33,20.86,21.22,68500,20.79
2009-08-19,20.40,20.94,20.40,20.94,302200,20.52
2009-08-18,20.49,20.90,20.47,20.83,210200,20.41
2009-08-17,20.55,20.71,20.00,20.32,324800,19.91
2009-08-14,21.87,21.87,21.19,21.36,174200,20.93
2009-08-13,21.90,21.92,21.56,21.82,208100,21.38
2009-08-12,21.22,21.65,21.15,21.52,116400,21.09
2009-08-11,21.74,21.74,21.10,21.22,239500,20.79
2009-08-10,21.88,21.97,21.64,21.84,106300,21.40
2009-08-07,22.05,22.20,21.83,21.96,150400,21.52
2009-08-06,22.19,22.20,21.67,21.89,107900,21.45
2009-08-05,22.02,22.07,21.56,22.05,169300,21.61
2009-08-04,22.03,22.30,21.57,22.05,198500,21.61
2009-08-03,21.92,22.44,21.75,22.38,372700,21.93
2009-07-31,21.34,21.59,21.26,21.45,194000,21.02
2009-07-30,21.33,21.61,21.26,21.45,170700,21.02
2009-07-29,21.04,21.09,20.64,20.80,100700,20.38
2009-07-28,21.48,21.57,21.16,21.50,112700,21.07
2009-07-27,21.89,21.89,21.36,21.69,182400,21.25
2009-07-24,21.40,21.53,21.18,21.52,330900,21.09
2009-07-23,20.89,21.72,20.81,21.58,288300,21.15
2009-07-22,20.46,20.78,20.36,20.68,140800,20.27
2009-07-21,21.11,21.11,20.51,20.86,171500,20.44
2009-07-20,20.94,20.94,20.45,20.93,194000,20.51
2009-07-17,19.95,20.07,19.75,20.04,139200,19.64
2009-07-16,19.50,19.81,19.40,19.79,225000,19.39
2009-07-15,19.09,19.72,19.09,19.57,236600,19.18
2009-07-14,18.64,18.70,18.50,18.57,96600,18.20
2009-07-13,18.06,18.44,17.83,18.44,503600,18.07
2009-07-10,18.29,18.36,18.02,18.33,604800,17.96
2009-07-09,18.76,18.80,18.37,18.65,89900,18.28
2009-07-08,18.51,18.63,17.90,18.19,173000,17.83
2009-07-07,19.35,19.35,18.50,18.56,118300,18.19
2009-07-06,19.10,19.28,18.75,19.28,98800,18.89
2009-07-02,19.79,19.79,19.40,19.48,129500,19.09
2009-07-01,20.23,20.45,20.15,20.19,94600,19.78
2009-06-30,20.20,20.22,19.71,19.97,252900,19.57
2009-06-29,20.09,20.17,19.90,20.14,120300,19.74
2009-06-26,19.90,20.00,19.80,19.97,407200,19.57
2009-06-25,19.28,19.84,19.15,19.78,321900,19.38
2009-06-24,19.21,19.60,19.09,19.29,168700,18.90
2009-06-23,18.49,18.87,18.47,18.75,161300,18.37
2009-06-22,19.62,20.13,18.68,18.78,553400,18.40
2009-06-19,20.01,20.01,19.63,19.74,223900,19.34
2009-06-18,19.99,20.01,19.54,19.83,410700,19.22
2009-06-17,20.00,20.10,19.50,19.99,850200,19.38
2009-06-16,20.63,20.74,20.03,20.22,167300,19.60
2009-06-15,21.00,21.00,20.17,20.50,238200,19.87
2009-06-12,21.41,21.53,21.21,21.48,191600,20.82
2009-06-11,21.41,21.99,21.41,21.72,163400,21.05
2009-06-10,21.35,21.48,20.86,21.23,215700,20.58
2009-06-09,20.95,20.95,20.57,20.88,98800,20.24
2009-06-08,20.67,21.00,20.37,20.87,162800,20.23
2009-06-05,21.68,21.68,20.92,21.18,215700,20.53
2009-06-04,20.74,21.12,20.53,21.10,281800,20.45
2009-06-03,21.09,21.54,20.30,20.53,311200,19.90
2009-06-02,21.68,22.08,21.31,21.59,347900,20.93
2009-06-01,21.76,22.10,21.52,21.93,537800,21.26
2009-05-29,20.63,20.89,20.46,20.83,192500,20.19
2009-05-28,20.08,20.37,19.76,20.34,301800,19.72
2009-05-27,19.82,20.14,19.57,19.77,195100,19.16
2009-05-26,19.04,19.57,18.75,19.55,158800,18.95
2009-05-22,19.44,19.58,19.12,19.42,153800,18.82
2009-05-21,19.08,19.23,18.89,19.04,190600,18.46
2009-05-20,19.93,20.16,19.50,19.66,279800,19.06
2009-05-19,19.57,19.78,19.20,19.54,308200,18.94
2009-05-18,18.60,19.75,18.60,19.39,119800,18.80
2009-05-15,18.66,18.71,18.13,18.37,56500,17.81
2009-05-14,18.09,18.61,18.03,18.53,408100,17.96
2009-05-13,18.91,18.91,18.12,18.30,315400,17.74
2009-05-12,19.42,19.42,18.80,19.15,212200,18.56
2009-05-11,19.18,19.93,18.66,18.90,521000,18.32
2009-05-08,19.29,19.50,18.89,19.31,252000,18.72
2009-05-07,19.50,20.40,18.50,18.60,300000,18.03
2009-05-06,19.14,19.20,18.75,19.08,169400,18.50
2009-05-05,18.78,18.78,18.38,18.60,433100,18.03
2009-05-04,18.33,19.00,16.91,18.77,514600,18.19
2009-05-01,17.31,17.49,16.86,17.33,90800,16.80
2009-04-30,17.78,17.78,16.86,17.04,348300,16.52
2009-04-29,16.69,17.30,16.69,17.11,86100,16.59
2009-04-28,16.24,16.55,16.01,16.40,63500,15.90
2009-04-27,17.00,17.00,16.30,16.35,271600,15.85
2009-04-24,17.00,17.20,16.95,17.06,122200,16.54
2009-04-23,16.46,16.80,16.46,16.80,80500,16.29
2009-04-22,16.49,16.55,15.90,16.31,96100,15.81
2009-04-21,16.01,16.60,15.97,16.60,95000,16.09
2009-04-20,16.82,16.82,16.18,16.23,281000,15.73
2009-04-17,17.15,17.16,16.91,16.95,118700,16.43
2009-04-16,17.19,17.77,16.84,17.12,133200,16.60
2009-04-15,16.77,17.04,16.74,17.00,116200,16.48
2009-04-14,17.10,17.11,16.71,16.73,293800,16.22
2009-04-13,17.06,17.35,16.92,17.22,254000,16.69
2009-04-09,17.66,17.66,16.51,17.07,249200,16.55
2009-04-08,15.92,16.30,15.90,16.11,149300,15.62
2009-04-07,15.93,16.12,15.79,15.95,97000,15.46
2009-04-06,16.36,16.50,15.92,16.12,97800,15.63
2009-04-03,16.27,16.75,15.99,16.29,126000,15.79
2009-04-02,15.83,16.70,15.78,16.14,196900,15.65
2009-04-01,14.66,15.28,14.59,15.24,178300,14.77
2009-03-31,14.60,15.00,14.57,14.77,70600,14.32
2009-03-30,15.01,15.01,14.36,14.47,131400,14.03
2009-03-27,15.48,15.52,15.27,15.36,67500,14.89
2009-03-26,15.92,15.92,15.63,15.89,145800,15.40
2009-03-25,15.33,15.54,14.93,15.34,192900,14.87
2009-03-24,15.22,15.50,15.04,15.13,52600,14.67
2009-03-23,14.94,15.65,14.94,15.65,180500,15.17
2009-03-20,14.72,14.72,14.24,14.24,72700,13.80
2009-03-19,14.69,14.89,14.53,14.58,89700,14.13
2009-03-18,14.29,14.72,13.99,14.66,83500,14.21
2009-03-17,14.04,14.43,13.96,14.43,81500,13.99
2009-03-16,14.25,14.60,14.13,14.14,169200,13.71
2009-03-13,14.13,14.23,13.88,14.04,70600,13.61
2009-03-12,13.30,13.92,13.27,13.81,56800,13.39
2009-03-11,13.73,13.74,13.30,13.45,57100,13.04
2009-03-10,12.90,13.68,12.30,13.65,129900,13.23
2009-03-09,12.47,12.84,12.38,12.42,240500,12.04
2009-03-06,12.91,12.93,12.31,12.64,89300,12.25
2009-03-05,12.68,12.84,12.39,12.50,55900,12.12
2009-03-04,12.80,13.29,12.63,13.09,144700,12.69
2009-03-03,12.23,12.36,11.84,12.12,84400,11.75
2009-03-02,12.74,12.74,11.85,11.86,90500,11.50
2009-02-27,12.65,13.04,12.56,12.76,45100,12.37
2009-02-26,13.28,13.39,12.91,12.93,48600,12.53
2009-02-25,12.98,13.23,12.62,13.00,51300,12.60
2009-02-24,12.36,13.20,12.36,13.20,171100,12.80
2009-02-23,13.10,13.14,12.27,12.27,134900,11.89
2009-02-20,12.75,12.89,12.40,12.75,497200,12.36
2009-02-19,13.25,13.48,13.05,13.05,70400,12.65
2009-02-18,13.32,13.32,12.83,12.94,53500,12.54
2009-02-17,13.70,13.90,12.97,12.97,128600,12.57
2009-02-13,14.18,14.46,14.13,14.36,30100,13.92
2009-02-12,14.10,14.10,13.61,13.98,58300,13.55
2009-02-11,14.16,14.46,13.94,14.18,61200,13.75
2009-02-10,14.76,14.80,13.90,13.96,108300,13.53
2009-02-09,14.43,14.77,14.41,14.52,54800,14.08
2009-02-06,13.80,14.49,13.78,14.41,68200,13.97
2009-02-05,13.53,13.75,13.14,13.63,42300,13.21
2009-02-04,13.16,13.60,13.16,13.26,48800,12.85
2009-02-03,12.88,13.19,12.82,13.06,33900,12.66
2009-02-02,12.72,13.01,12.54,12.85,27000,12.46
2009-01-30,12.90,13.18,12.88,12.93,23900,12.53
2009-01-29,13.18,13.25,12.98,12.98,27500,12.58
2009-01-28,13.05,13.69,13.03,13.55,111900,13.13
2009-01-27,13.06,13.06,12.86,12.93,72300,12.53
2009-01-26,12.47,13.14,12.47,12.75,67400,12.36
2009-01-23,12.07,12.77,12.07,12.57,78400,12.18
2009-01-22,12.66,12.66,12.18,12.47,32000,12.09
2009-01-21,12.52,13.20,12.29,13.02,76000,12.62
2009-01-20,12.80,12.80,12.17,12.24,62400,11.86
2009-01-16,13.33,13.43,12.81,13.15,42100,12.75
2009-01-15,12.85,13.22,12.48,13.17,64700,12.77
2009-01-14,13.47,13.47,12.76,12.86,54900,12.47
2009-01-13,13.78,13.78,13.14,13.68,57900,13.26
2009-01-12,14.14,14.14,13.48,13.53,70200,13.12
2009-01-09,14.39,14.69,14.24,14.33,106700,13.89
2009-01-08,14.53,14.78,14.40,14.78,70000,14.33
2009-01-07,15.43,15.46,14.79,14.81,75500,14.36
2009-01-06,15.81,16.49,15.81,15.99,104900,15.50
2009-01-05,15.25,15.89,15.25,15.62,73900,15.14
2009-01-02,14.69,15.29,14.59,15.21,55400,14.74
2008-12-31,13.66,14.34,13.66,14.25,59700,13.81
2008-12-30,13.78,14.08,13.78,13.98,64800,13.55
2008-12-29,14.08,14.08,13.56,13.72,69000,13.30
2008-12-26,14.78,14.78,13.64,13.97,106900,13.54
2008-12-24,13.88,13.98,13.72,13.98,37300,13.55
2008-12-23,13.91,14.20,13.90,13.99,74300,13.56
2008-12-22,14.29,14.38,13.81,13.97,118000,13.54
2008-12-19,14.71,15.00,14.37,14.48,116700,14.04
2008-12-18,15.96,15.96,14.94,15.02,92200,14.56
2008-12-17,16.11,16.11,15.61,15.85,78000,15.36
2008-12-16,16.13,16.28,15.31,16.13,150400,15.64
2008-12-15,15.48,15.48,14.99,15.06,44700,14.60
2008-12-12,14.59,15.40,14.00,15.37,78300,14.90
2008-12-11,15.43,15.90,15.05,15.11,115400,14.65
2008-12-10,14.86,15.61,14.86,15.42,93800,14.95
2008-12-09,14.47,15.01,14.25,14.48,95700,14.04
2008-12-08,14.69,15.32,14.28,14.90,166100,14.44
2008-12-05,13.10,13.92,12.91,13.91,92700,13.48
2008-12-04,13.08,13.78,12.84,13.06,57700,12.66
2008-12-03,13.08,13.82,13.05,13.77,42400,13.35
2008-12-02,13.32,13.55,13.08,13.55,89400,13.13
2008-12-01,14.05,14.05,12.69,12.73,72900,12.34
2008-11-28,14.33,14.33,13.92,14.07,81400,13.64
2008-11-26,13.75,14.49,13.00,14.47,83000,14.03
2008-11-25,13.78,13.78,13.04,13.39,84500,12.98
2008-11-24,12.72,13.90,12.72,13.56,165000,13.14
2008-11-21,11.68,12.46,11.42,12.45,72300,12.07
2008-11-20,11.55,11.84,10.76,10.90,117300,10.57
2008-11-19,12.43,12.84,11.75,11.80,79400,11.44
2008-11-18,12.74,13.21,12.53,12.92,61000,12.52
2008-11-17,12.81,13.64,12.81,13.20,78600,12.80
2008-11-14,13.51,14.25,12.90,13.41,136400,13.00
2008-11-13,12.80,14.41,12.40,14.41,134500,13.97
2008-11-12,13.29,13.80,12.55,12.57,139200,12.18
2008-11-11,14.71,14.71,13.68,14.18,152700,13.75
2008-11-10,15.85,15.94,14.79,15.15,251200,14.69
2008-11-07,13.95,14.85,13.89,14.85,141200,14.40
2008-11-06,14.13,14.54,13.51,13.59,113000,13.17
2008-11-05,16.70,16.70,14.81,14.86,222100,14.40
2008-11-04,16.09,16.72,15.75,16.67,238700,16.16
2008-11-03,14.92,15.35,14.85,15.18,98100,14.71
2008-10-31,14.29,15.00,14.25,14.70,73900,14.25
2008-10-30,14.15,14.90,14.15,14.78,152200,14.33
2008-10-29,12.79,13.75,12.43,13.31,165600,12.90
2008-10-28,11.23,12.95,11.23,12.60,126900,12.21
2008-10-27,10.70,11.35,10.40,10.91,351000,10.58
2008-10-24,12.00,12.75,10.95,11.22,793000,10.88
2008-10-23,13.04,13.14,12.17,12.92,144700,12.52
2008-10-22,14.18,14.18,12.50,12.80,98200,12.41
2008-10-21,15.19,15.19,14.47,14.49,110300,14.05
2008-10-20,14.98,15.53,14.72,15.50,99100,15.03
2008-10-17,14.60,15.00,13.73,14.12,168000,13.69
2008-10-16,14.71,14.71,13.23,14.65,151100,14.20
2008-10-15,15.93,15.93,14.00,14.11,93000,13.68
2008-10-14,18.04,18.66,16.23,16.77,200900,16.26
2008-10-13,15.88,17.20,15.21,17.20,172900,16.67
2008-10-10,12.33,14.79,12.33,13.82,270200,13.40
2008-10-09,15.14,15.75,14.05,14.05,154400,13.62
2008-10-08,15.72,15.72,14.01,15.05,318100,14.59
2008-10-07,16.86,17.00,15.00,15.00,373000,14.54
2008-10-06,16.55,16.85,14.75,16.00,343900,15.51
2008-10-03,18.10,19.40,18.02,18.06,220100,17.51
2008-10-02,21.30,21.30,18.85,18.89,135400,18.31
2008-10-01,21.96,21.96,19.41,20.72,290100,20.09
2008-09-30,20.15,20.48,19.01,20.46,169200,19.83
2008-09-29,21.23,21.23,17.95,18.66,184900,18.09
2008-09-26,21.34,21.71,21.12,21.56,126800,20.90
2008-09-25,21.61,22.54,21.45,22.50,143100,21.81
2008-09-24,21.16,21.75,21.16,21.39,53400,20.73
2008-09-23,21.65,22.02,21.08,21.20,91400,20.55
2008-09-22,25.00,25.00,22.08,22.08,158700,21.40
2008-09-19,22.64,24.40,21.84,23.10,352400,22.39
2008-09-18,18.54,20.09,18.25,19.82,325900,19.21
2008-09-17,19.73,19.73,18.12,18.18,275900,17.62
2008-09-16,19.16,20.44,19.00,20.33,349200,19.71
2008-09-15,20.75,21.60,20.59,20.60,288100,19.97
2008-09-12,21.19,22.60,21.19,22.46,482700,21.77
2008-09-11,21.14,21.84,20.88,21.50,712500,20.84
2008-09-10,21.44,22.11,21.44,21.90,194300,21.23
2008-09-09,22.92,22.92,21.45,21.45,357300,20.79
2008-09-08,24.09,24.09,22.85,23.15,283200,22.44
2008-09-05,22.65,23.06,22.27,23.04,2409300,22.33
2008-09-04,23.63,23.75,22.73,22.86,166900,22.16
2008-09-03,24.41,24.58,23.92,24.15,149500,23.41
2008-09-02,25.10,25.32,24.68,24.85,187900,24.09
2008-08-29,25.70,25.70,25.25,25.26,49700,24.49
2008-08-28,25.53,25.71,25.45,25.61,91700,24.83
2008-08-27,24.83,25.58,24.68,25.48,110900,24.70
2008-08-26,24.60,24.93,24.60,24.76,68500,24.00
2008-08-25,25.00,25.18,24.60,24.60,151400,23.85
2008-08-22,25.37,25.37,25.05,25.17,148400,24.40
2008-08-21,25.16,25.48,25.00,25.39,89900,24.61
2008-08-20,24.43,25.32,24.43,25.30,106300,24.52
2008-08-19,24.61,24.61,23.86,24.18,142200,23.44
2008-08-18,25.38,25.41,24.48,24.85,66000,24.09
2008-08-15,25.41,25.50,25.14,25.19,83000,24.42
2008-08-14,25.39,25.86,25.39,25.71,110700,24.92
2008-08-13,25.13,25.43,24.91,25.39,235600,24.61
2008-08-12,25.55,25.80,25.30,25.37,126500,24.59
2008-08-11,25.78,25.99,25.70,25.85,247500,25.06
2008-08-08,26.17,26.17,25.19,26.03,78400,25.23
2008-08-07,26.96,26.96,26.18,26.35,77100,25.54
2008-08-06,26.21,27.11,26.21,26.95,95000,26.12
2008-08-05,26.23,26.78,26.10,26.74,106400,25.92
2008-08-04,27.42,27.42,26.45,26.45,89300,25.64
2008-08-01,28.56,28.56,27.43,27.59,122600,26.74
2008-07-31,28.14,28.25,27.70,27.77,114200,26.92
2008-07-30,27.93,28.20,27.45,28.16,143800,27.30
2008-07-29,26.40,27.19,26.40,27.18,97000,26.35
2008-07-28,27.25,27.28,26.59,26.61,123200,25.79
2008-07-25,27.30,27.48,26.98,27.25,69300,26.42
2008-07-24,28.75,28.75,27.34,27.37,80900,26.53
2008-07-23,28.89,28.99,28.60,28.63,72500,27.75
2008-07-22,28.30,28.80,28.23,28.80,51500,27.92
2008-07-21,28.45,28.70,28.45,28.65,54500,27.77
2008-07-18,28.29,28.45,27.97,28.20,100100,27.34
2008-07-17,28.99,28.99,28.32,28.46,105900,27.59
2008-07-16,27.06,28.50,27.06,28.47,62600,27.60
2008-07-15,27.71,28.13,27.19,27.70,144000,26.85
2008-07-14,28.18,29.10,28.10,28.21,164500,27.35
2008-07-11,28.13,28.53,27.80,28.15,177800,27.29
2008-07-10,28.53,28.54,27.79,28.40,125500,27.53
2008-07-09,28.40,28.52,27.50,27.73,82900,26.88
2008-07-08,27.81,28.30,27.22,28.30,226000,27.43
2008-07-07,28.06,29.03,27.75,28.05,543500,27.19
2008-07-03,28.04,28.49,27.68,28.08,230900,27.22
2008-07-02,29.01,29.54,28.04,28.14,294100,27.28
2008-07-01,29.30,29.82,28.75,29.19,94800,28.30
2008-06-30,30.53,30.53,29.75,29.91,69300,28.99
2008-06-27,30.10,30.10,29.50,29.72,108400,28.81
2008-06-26,30.45,30.45,29.35,29.43,135700,28.53
2008-06-25,29.53,30.66,29.53,30.35,70000,29.42
2008-06-24,30.42,30.42,29.50,29.80,70200,28.89
2008-06-23,30.00,30.24,29.86,29.90,75400,28.98
2008-06-20,30.93,30.93,29.94,29.98,80400,29.06
2008-06-19,31.31,31.31,30.80,31.00,120400,30.05
2008-06-18,31.50,31.50,30.77,31.00,75200,30.05
2008-06-17,31.03,31.40,31.03,31.20,67100,30.24
2008-06-16,31.15,31.17,30.61,30.85,52200,29.90
2008-06-13,31.15,31.15,30.37,30.76,65300,29.82
2008-06-12,30.46,30.98,30.37,30.90,179200,29.95
2008-06-11,30.19,30.58,30.02,30.02,122000,29.10
2008-06-10,30.22,30.73,30.22,30.41,133600,29.48
2008-06-09,32.14,32.14,30.90,31.15,146200,30.20
2008-06-06,32.10,32.15,31.25,31.31,206100,30.35
2008-06-05,31.87,32.41,31.48,32.34,97100,31.35
2008-06-04,32.43,32.43,31.16,31.20,124000,30.24
2008-06-03,32.71,32.75,31.83,32.00,74300,31.02
2008-06-02,33.75,33.75,32.60,32.65,62000,31.65
2008-05-30,33.40,33.40,32.92,32.99,154800,31.98
2008-05-29,32.99,33.21,32.61,32.85,245000,31.84
2008-05-28,32.59,32.75,32.02,32.69,106500,31.69
2008-05-27,32.70,32.70,31.89,32.24,130200,31.25
2008-05-23,33.05,33.11,32.44,32.70,133800,31.70
2008-05-22,33.45,33.67,33.07,33.27,98300,32.25
2008-05-21,34.31,34.31,33.26,33.36,188100,32.34
2008-05-20,34.10,34.10,33.20,33.33,130300,32.31
2008-05-19,34.69,34.69,34.08,34.20,207100,33.15
2008-05-16,33.46,34.22,33.45,34.14,381700,33.09
2008-05-15,33.61,33.65,33.02,33.65,258000,32.62
2008-05-14,32.99,33.60,32.98,33.14,136700,32.12
2008-05-13,32.37,32.84,32.37,32.70,112800,31.70
2008-05-12,32.62,32.62,31.84,32.49,84500,31.49
2008-05-09,32.47,32.47,31.93,32.24,42700,31.25
2008-05-08,32.45,32.45,31.84,32.35,125200,31.36
2008-05-07,32.57,32.57,31.56,31.70,506400,30.73
2008-05-06,32.14,32.80,31.71,32.80,212900,31.80
2008-05-05,32.63,32.63,32.11,32.35,132100,31.36
2008-05-02,32.74,32.74,32.18,32.37,140700,31.38
2008-05-01,31.81,32.15,31.35,32.15,88800,31.16
2008-04-30,31.46,31.73,30.74,31.53,147000,30.56
2008-04-29,31.95,31.95,30.71,30.80,58100,29.86
2008-04-28,31.73,31.78,31.18,31.18,83300,30.22
2008-04-25,31.00,31.54,30.89,31.54,57100,30.57
2008-04-24,31.39,31.55,30.81,31.23,65700,30.27
2008-04-23,31.29,31.60,31.10,31.58,86300,30.61
2008-04-22,30.63,31.15,30.63,30.94,88600,29.99
2008-04-21,30.70,31.10,30.50,31.07,59400,30.12
2008-04-18,30.86,30.86,30.31,30.72,142000,29.78
2008-04-17,30.08,30.45,30.00,30.39,67100,29.46
2008-04-16,30.19,30.55,29.89,30.47,68400,29.54
2008-04-15,28.95,29.65,28.95,29.65,46800,28.74
2008-04-14,29.23,29.27,28.74,29.01,41500,28.12
2008-04-11,29.67,29.67,29.05,29.18,35500,28.29
2008-04-10,29.35,29.84,29.20,29.64,44800,28.73
2008-04-09,29.46,29.77,29.00,29.11,55700,28.22
2008-04-08,29.64,29.66,29.08,29.47,54800,28.57
2008-04-07,30.05,30.10,29.48,29.61,79600,28.70
2008-04-04,29.38,29.51,28.92,29.27,66900,28.37
2008-04-03,28.67,29.31,28.67,29.18,68500,28.29
2008-04-02,28.51,29.10,28.50,28.56,106900,27.68
2008-04-01,27.95,28.76,27.95,28.73,83100,27.85
2008-03-31,27.94,27.95,27.00,27.95,115400,27.09
2008-03-28,27.86,27.89,27.31,27.82,151300,26.97
2008-03-27,27.64,27.75,26.98,27.36,39700,26.52
2008-03-26,26.78,27.50,26.78,27.20,74900,26.37
2008-03-25,26.75,27.56,26.69,27.47,58400,26.63
2008-03-24,26.51,27.11,26.06,26.67,75800,25.85
2008-03-20,25.81,26.06,25.15,26.00,71800,25.20
2008-03-19,27.50,27.54,25.89,25.89,143500,25.10
2008-03-18,26.24,27.64,26.24,27.57,91600,26.73
2008-03-17,26.14,26.99,24.00,26.38,111600,25.57
2008-03-14,28.73,28.73,27.10,27.18,84300,26.35
2008-03-13,28.00,28.38,27.30,28.21,66800,27.35
2008-03-12,29.40,29.40,28.45,28.51,82900,27.64
2008-03-11,27.14,29.03,26.73,28.95,94800,28.06
2008-03-10,27.43,27.77,26.90,26.90,97200,26.08
2008-03-07,27.65,28.24,27.37,27.67,81500,26.82
2008-03-06,28.93,28.93,27.86,27.96,84300,27.10
2008-03-05,28.90,29.17,28.51,28.75,74700,27.87
2008-03-04,28.60,28.81,27.82,28.40,105000,27.53
2008-03-03,29.35,29.35,28.75,29.24,64200,28.34
2008-02-29,29.58,30.30,29.00,29.15,111200,28.26
2008-02-28,30.39,30.40,30.03,30.18,44800,29.26
2008-02-27,30.09,30.67,29.97,30.48,59400,29.55
2008-02-26,30.00,30.08,29.33,30.05,71900,29.13
2008-02-25,29.01,29.69,28.96,29.61,58400,28.70
2008-02-22,29.16,29.50,28.80,29.50,131400,28.60
2008-02-21,30.44,30.44,28.97,29.08,85900,28.19
2008-02-20,28.75,29.66,28.69,29.59,75800,28.68
2008-02-19,29.72,29.72,28.50,29.20,136400,28.31
2008-02-15,28.59,29.05,28.17,28.85,117000,27.97
2008-02-14,29.36,29.38,28.34,28.38,159000,27.51
2008-02-13,28.54,28.95,27.90,28.95,186200,28.06
2008-02-12,27.40,28.55,27.40,28.20,172100,27.34
2008-02-11,27.43,27.64,26.73,27.30,79800,26.46
2008-02-08,27.19,27.31,26.85,27.07,65700,26.24
2008-02-07,26.50,27.49,26.38,27.42,190400,26.58
2008-02-06,27.93,27.93,26.81,26.89,61100,26.07
2008-02-05,28.76,28.76,27.35,27.42,122900,26.58
2008-02-04,28.99,29.44,28.83,28.90,76500,28.01
2008-02-01,27.71,28.75,27.71,28.73,114700,27.85
2008-01-31,26.78,27.98,26.50,27.70,130200,26.85
2008-01-30,27.76,28.50,27.20,27.55,112000,26.71
2008-01-29,28.94,28.94,27.95,28.20,111200,27.34
2008-01-28,27.69,28.27,27.28,28.10,191800,27.24
2008-01-25,28.60,29.71,27.76,27.83,223400,26.98
2008-01-24,27.99,28.22,27.35,27.99,172700,27.13
2008-01-23,25.97,28.00,25.27,28.00,438100,27.14
2008-01-22,25.94,27.83,24.00,27.10,1202400,26.27
2008-01-18,27.52,29.20,27.49,28.30,344100,27.43
2008-01-17,28.76,29.58,27.60,27.60,304900,26.75
2008-01-16,30.00,30.00,28.20,28.76,644600,27.88
2008-01-15,32.57,32.57,30.25,30.56,147000,29.62
2008-01-14,31.81,32.38,31.81,32.14,102600,31.16
2008-01-11,32.93,32.93,31.90,32.04,134200,31.06
2008-01-10,32.24,33.16,31.89,32.95,157400,31.94
2008-01-09,31.92,32.40,31.50,32.28,89400,31.29
2008-01-08,32.14,32.62,31.27,31.27,134400,30.31
2008-01-07,31.35,32.26,31.04,31.55,106300,30.58
2008-01-04,31.96,31.96,30.95,31.14,161800,30.19
2008-01-03,31.54,32.20,31.54,32.20,215800,31.21
2008-01-02,32.50,32.55,31.60,31.84,205600,30.86
2007-12-31,32.21,32.47,31.88,32.05,85200,31.07
2007-12-28,32.40,32.42,31.98,32.16,62200,31.17
2007-12-27,33.05,33.05,32.16,32.26,85900,31.27
2007-12-26,33.33,34.00,32.74,33.30,61000,32.28
2007-12-24,34.16,34.49,32.68,33.63,78500,32.60
2007-12-21,32.36,32.64,32.05,32.60,109000,31.60
2007-12-20,32.20,32.20,31.51,32.00,50900,30.90
2007-12-19,31.78,31.90,31.38,31.66,88000,30.57
2007-12-18,31.37,31.60,30.44,31.36,108600,30.28
2007-12-17,30.75,31.24,30.25,30.32,217300,29.27
2007-12-14,32.02,32.44,31.81,31.99,173600,30.89
2007-12-13,32.80,33.00,32.02,33.00,204900,31.86
2007-12-12,34.04,34.31,32.90,33.41,254100,32.26
2007-12-11,34.20,34.39,31.55,32.77,262000,31.64
2007-12-10,35.30,35.30,33.89,34.18,182100,33.00
2007-12-07,35.00,35.00,33.90,34.50,626300,33.31
2007-12-06,33.64,34.64,33.64,34.56,264900,33.37
2007-12-05,32.51,34.15,32.51,34.15,335400,32.97
2007-12-04,32.35,32.74,32.10,32.62,281500,31.49
2007-12-03,32.14,32.72,32.14,32.26,469200,31.15
2007-11-30,34.75,34.75,32.43,32.62,494000,31.49
2007-11-29,33.07,33.07,31.99,32.85,529300,31.72
2007-11-28,31.62,32.89,31.62,32.82,302000,31.69
2007-11-27,30.00,31.08,30.00,31.00,131000,29.93
2007-11-26,31.27,31.75,29.95,29.95,214400,28.92
2007-11-23,30.14,31.50,30.14,30.84,51300,29.78
2007-11-21,31.85,31.85,29.84,30.08,168400,29.04
2007-11-20,31.28,32.23,30.95,31.70,167000,30.61
2007-11-19,32.50,32.50,30.50,30.85,190400,29.79
2007-11-16,32.11,32.35,31.55,32.27,242400,31.16
2007-11-15,32.28,32.62,31.50,31.99,186000,30.89
2007-11-14,33.70,33.86,32.56,32.80,453200,31.67
2007-11-13,30.38,32.68,30.38,32.30,572200,31.19
2007-11-12,32.00,32.00,29.50,29.51,1157300,28.49
2007-11-09,32.50,32.95,31.99,32.30,881800,31.19
2007-11-08,32.68,33.83,31.63,32.95,312200,31.81
2007-11-07,36.17,36.17,32.75,32.90,299600,31.76
2007-11-06,34.03,34.28,33.46,34.28,207400,33.10
2007-11-05,33.53,33.53,32.41,33.10,308800,31.96
2007-11-02,34.67,35.18,34.10,35.08,199200,33.87
2007-11-01,35.65,35.65,34.50,34.58,279800,33.39
2007-10-31,35.39,36.10,35.16,35.94,578900,34.70
2007-10-30,35.59,35.59,34.81,34.86,276800,33.66
2007-10-29,35.43,35.61,35.20,35.49,473200,34.27
2007-10-26,34.27,34.67,33.96,34.60,239400,33.41
2007-10-25,33.75,33.78,33.00,33.53,147500,32.37
2007-10-24,33.45,33.45,32.44,33.29,251100,32.14
2007-10-23,33.65,33.79,33.11,33.78,256300,32.61
2007-10-22,31.25,32.48,31.19,32.38,310400,31.26
2007-10-19,33.38,33.38,31.11,31.92,463500,30.82
2007-10-18,33.35,33.81,32.80,33.77,230800,32.60
2007-10-17,33.60,34.20,33.21,33.94,510400,32.77
2007-10-16,33.00,33.14,32.20,32.36,115100,31.24
2007-10-15,33.75,33.75,32.50,33.06,181200,31.92
2007-10-12,32.70,33.00,32.30,33.00,167200,31.86
2007-10-11,33.14,33.35,31.33,31.96,357300,30.86
2007-10-10,32.35,32.38,31.94,32.22,157500,31.11
2007-10-09,31.94,32.34,31.69,32.22,240000,31.11
2007-10-08,31.50,31.51,31.22,31.47,146900,30.38
2007-10-05,31.69,32.88,31.30,31.85,257700,30.75
2007-10-04,30.36,30.75,29.85,30.67,221800,29.61
2007-10-03,31.24,31.24,30.15,30.21,466400,29.17
2007-10-02,31.75,31.80,31.25,31.58,267600,30.49
2007-10-01,30.38,31.75,30.35,31.40,694600,30.32
2007-09-28,30.60,30.69,30.00,30.34,222900,29.29
2007-09-27,30.17,31.03,30.00,30.62,1044000,29.56
2007-09-26,29.69,29.85,29.56,29.85,229700,28.82
2007-09-25,29.29,29.30,28.84,29.30,132900,28.29
2007-09-24,29.33,29.80,29.21,29.40,146900,28.39
2007-09-21,28.69,28.79,28.50,28.63,104800,27.64
2007-09-20,28.40,28.48,27.87,28.08,95300,27.11
2007-09-19,28.30,29.00,28.10,28.21,227100,27.24
2007-09-18,26.90,28.45,26.60,28.05,243000,27.08
2007-09-17,26.69,26.70,26.20,26.45,98200,25.54
2007-09-14,26.69,26.93,26.60,26.76,67600,25.84
2007-09-13,26.39,26.77,26.36,26.63,98500,25.71
2007-09-12,26.19,26.32,25.76,26.20,83400,25.30
2007-09-11,26.15,26.83,25.93,26.55,265600,25.63
2007-09-10,25.83,26.69,25.38,26.38,285000,25.47
2007-09-07,25.75,25.75,25.35,25.55,95700,24.67
2007-09-06,26.05,26.22,25.87,26.17,30200,25.27
2007-09-05,25.99,26.09,25.72,25.80,52900,24.91
2007-09-04,25.99,26.70,25.71,26.64,187100,25.72
2007-08-31,26.01,26.50,25.95,26.15,128200,25.25
2007-08-30,24.99,25.47,24.65,25.17,23400,24.30
2007-08-29,24.76,25.40,24.67,25.40,49700,24.52
2007-08-28,25.29,25.29,24.28,24.39,82800,23.55
2007-08-27,25.65,25.88,25.20,25.78,51100,24.89
2007-08-24,24.45,25.35,24.35,25.25,60900,24.38
2007-08-23,24.75,24.75,24.06,24.30,45100,23.46
2007-08-22,24.00,24.41,24.00,24.41,32500,23.57
2007-08-21,23.05,23.32,23.03,23.32,11000,22.52
2007-08-20,23.35,23.45,22.70,23.20,45400,22.40
2007-08-17,24.30,24.30,22.05,23.18,89400,22.38
2007-08-16,21.50,21.80,20.00,21.75,124900,21.00
2007-08-15,23.24,23.42,22.35,22.70,68900,21.92
2007-08-14,24.29,24.29,23.63,23.77,24600,22.95
2007-08-13,24.20,24.46,24.09,24.30,89900,23.46
2007-08-10,23.70,24.15,23.52,24.10,51000,23.27
2007-08-09,24.55,24.80,24.17,24.40,36500,23.56
2007-08-08,25.16,25.86,25.16,25.25,118400,24.38
2007-08-07,24.30,24.65,24.24,24.65,22100,23.80
2007-08-06,24.25,24.62,23.45,24.55,77700,23.70
2007-08-03,25.15,25.15,24.20,24.22,68800,23.38
2007-08-02,25.08,25.20,24.85,25.07,113000,24.20
2007-08-01,25.00,25.11,23.32,25.00,349300,24.14
2007-07-31,25.95,26.00,25.22,25.25,137400,24.38
2007-07-30,25.11,25.52,24.98,25.51,74300,24.63
2007-07-27,24.93,25.51,24.50,25.03,102000,24.17
2007-07-26,25.40,25.60,23.50,25.06,109900,24.20
2007-07-25,26.25,26.40,25.66,26.08,53600,25.18
2007-07-24,26.59,26.60,26.00,26.03,138700,25.13
2007-07-23,26.67,26.83,26.39,26.80,73000,25.87
2007-07-20,26.62,26.65,26.09,26.45,71600,25.54
2007-07-19,26.50,26.56,26.37,26.56,96300,25.64
2007-07-18,26.04,26.15,25.83,26.13,121800,25.23
2007-07-17,26.45,26.49,26.18,26.38,192500,25.47
2007-07-16,26.45,26.52,26.40,26.42,116400,25.51
2007-07-13,26.50,26.70,26.30,26.66,110600,25.74
2007-07-12,26.00,26.50,26.00,26.50,154200,25.59
2007-07-11,25.35,26.00,25.34,26.00,526300,25.10
2007-07-10,25.60,25.65,25.28,25.35,179600,24.48
2007-07-09,25.70,25.99,25.70,25.75,215400,24.86
2007-07-06,25.25,26.70,25.24,25.50,89200,24.62
2007-07-05,24.68,25.15,24.68,25.10,125300,24.23
2007-07-03,24.89,24.90,24.75,24.90,32200,24.04
2007-07-02,24.39,24.60,24.31,24.60,46900,23.75
2007-06-29,24.40,24.60,23.97,24.12,207400,23.29
2007-06-28,24.25,24.70,24.17,24.40,203300,23.56
2007-06-27,23.80,24.02,23.75,24.00,79100,23.17
2007-06-26,24.10,24.14,23.88,23.88,20800,23.06
2007-06-25,24.13,24.22,23.90,23.95,55600,23.12
2007-06-22,24.44,24.75,24.10,24.35,129500,23.51