2011-05-10,36.93,36.93,36.55,36.55,1500,36.55
2011-05-09,38.00,38.00,36.94,36.94,800,36.94
2011-05-06,37.93,38.08,37.93,38.08,1100,38.08
2011-05-05,39.36,39.36,37.74,39.26,5600,39.26
2011-05-04,38.00,38.54,37.93,38.21,13000,38.21
2011-05-03,37.18,37.81,37.18,37.59,6300,37.59
2011-05-02,36.40,36.91,36.40,36.90,400,36.90
2011-04-29,36.80,37.17,36.80,37.17,800,37.17
2011-04-28,36.70,36.70,36.54,36.54,400,36.54
2011-04-27,38.28,38.30,37.00,37.00,19500,37.00
2011-04-26,39.40,39.40,39.35,39.35,800,39.35
2011-04-25,39.98,39.98,39.92,39.92,400,39.92
2011-04-21,39.43,39.43,39.43,39.43,200,39.43
2011-04-20,39.96,39.96,39.43,39.53,800,39.53
2011-04-19,41.22,41.22,41.22,41.22,000,41.22
2011-04-18,41.22,41.22,41.22,41.22,1500,41.22
2011-04-15,41.11,41.11,41.11,41.11,000,41.11
2011-04-14,41.11,41.11,41.11,41.11,1200,41.11
2011-04-13,41.16,41.48,41.16,41.22,700,41.22
2011-04-12,42.18,42.18,42.18,42.18,200,42.18
2011-04-11,41.63,41.63,41.63,41.63,500,41.63
2011-04-08,41.55,41.55,41.55,41.55,200,41.55
2011-04-07,41.60,41.60,41.60,41.60,000,41.60
2011-04-06,41.60,41.60,41.60,41.60,000,41.60
2011-04-05,41.60,41.60,41.60,41.60,100,41.60
2011-04-04,45.05,45.05,42.35,42.70,800,42.70
2011-04-01,43.40,43.40,43.40,43.40,000,43.40
2011-03-31,43.84,43.84,43.40,43.40,500,43.40
2011-03-30,44.47,44.47,43.80,43.80,800,43.80
2011-03-29,47.12,47.12,45.84,45.84,3500,45.84
2011-03-28,48.61,48.61,47.11,47.12,700,47.12
2011-03-25,46.38,46.63,46.34,46.63,1600,46.63
2011-03-24,48.58,48.58,48.58,48.58,000,48.58
2011-03-23,49.05,49.05,48.58,48.58,600,48.58
2011-03-22,48.98,49.00,48.98,49.00,3500,49.00
2011-03-21,48.93,48.93,47.67,47.67,1100,47.67
2011-03-18,49.15,49.15,49.05,49.05,2700,49.05
2011-03-17,50.04,50.07,49.81,50.07,9200,50.07
2011-03-16,48.18,48.18,48.18,48.18,000,48.18
2011-03-15,48.18,48.18,48.18,48.18,000,48.18
2011-03-14,48.42,48.42,48.18,48.18,5200,48.18
2011-03-11,49.22,49.22,47.94,47.94,200,47.94
2011-03-10,48.34,48.34,48.25,48.34,10100,48.34
2011-03-09,47.01,47.01,47.01,47.01,000,47.01
2011-03-08,47.58,47.58,47.01,47.01,800,47.01
2011-03-07,48.51,48.63,48.12,48.12,6200,48.12
2011-03-04,47.68,47.68,47.68,47.68,000,47.68
2011-03-03,48.30,48.32,47.50,47.68,21800,47.68
2011-03-02,50.67,50.67,49.06,49.06,400,49.06
2011-03-01,49.16,49.16,49.16,49.16,000,49.16
2011-02-28,49.42,49.42,49.16,49.16,300,49.16
2011-02-25,50.74,50.74,50.74,50.74,000,50.74
2011-02-24,51.16,51.52,50.74,50.74,10200,50.74
2011-02-23,50.08,51.00,50.07,51.00,11000,51.00
2011-02-22,49.99,50.07,49.99,50.07,5000,50.07
2011-02-18,50.28,50.28,48.47,48.47,300,48.47
2011-02-17,50.77,50.77,50.77,50.77,000,50.77
2011-02-16,50.77,50.77,50.77,50.77,400,50.77
2011-02-15,49.04,49.04,49.04,49.04,500,49.04
2011-02-14,49.46,49.46,49.46,49.46,5000,49.46
2011-02-11,50.32,50.32,50.32,50.32,000,50.32
2011-02-10,50.32,50.32,50.32,50.32,200,50.32
2011-02-09,50.60,50.60,50.60,50.60,100,50.60
2011-02-08,50.11,50.14,50.11,50.14,10300,50.14
2011-02-07,49.78,49.81,49.78,49.81,200,49.81
2011-02-04,50.14,50.14,50.14,50.14,000,50.14
2011-02-03,50.14,50.14,50.14,50.14,000,50.14
2011-02-02,50.14,50.14,50.14,50.14,000,50.14
2011-02-01,50.14,50.14,50.14,50.14,000,50.14
2011-01-31,50.14,50.14,50.14,50.14,000,50.14
2011-01-28,50.14,50.14,50.14,50.14,200,50.14
2011-01-27,47.65,47.65,47.65,47.65,000,47.65
2011-01-26,47.60,47.65,47.60,47.65,400,47.65
2011-01-25,49.44,49.44,49.44,49.44,100,49.44
2011-01-24,49.15,49.15,49.15,49.15,000,49.15
2011-01-21,49.15,49.15,49.15,49.15,000,49.15
2011-01-20,49.15,49.15,49.15,49.15,700,49.15
2011-01-19,47.93,47.94,47.93,47.94,200,47.94
2011-01-18,47.94,47.94,47.94,47.94,000,47.94
2011-01-14,48.17,48.17,47.94,47.94,600,47.94
2011-01-13,45.06,48.29,45.06,48.17,600,48.17
2011-01-12,48.93,48.93,48.93,48.93,000,48.93
2011-01-11,48.93,48.93,48.93,48.93,100,48.93
2011-01-10,49.18,49.18,49.18,49.18,000,49.18
2011-01-07,49.18,49.18,49.18,49.18,000,49.18
2011-01-06,50.80,50.80,49.18,49.18,200,49.18
2011-01-05,50.80,50.80,50.80,50.80,000,50.80
2011-01-04,50.80,50.80,50.80,50.80,000,50.80
2011-01-03,50.80,50.80,50.80,50.80,000,50.80
2010-12-31,50.80,50.80,50.80,50.80,400,50.80
2010-12-30,50.27,50.27,50.27,50.27,2700,50.27
2010-12-29,50.02,50.02,50.02,50.02,100,50.02
2010-12-28,50.16,50.16,50.16,50.16,000,50.16
2010-12-27,50.16,50.16,50.16,50.16,100,50.16
2010-12-23,49.64,49.64,49.64,49.64,000,49.64
2010-12-22,49.64,49.64,49.64,49.64,500,49.64
2010-12-21,49.85,49.85,49.56,49.56,600,49.56
2010-12-20,50.15,50.15,50.15,50.15,000,50.15
2010-12-17,50.15,50.15,50.15,50.15,100,50.15
2010-12-16,51.52,51.52,51.52,51.52,100,51.52
2010-12-15,51.92,52.97,51.92,52.97,1000,52.97
2010-12-14,56.04,56.04,56.04,56.04,000,56.04
2010-12-13,56.04,56.04,56.04,56.04,000,56.04
2010-12-10,56.04,56.04,56.04,56.04,000,56.04
2010-12-09,56.04,56.04,56.04,56.04,000,56.04
2010-12-08,56.04,56.04,56.04,56.04,000,56.04
2010-12-07,56.04,56.04,56.04,56.04,100,56.04
2010-12-06,56.20,56.20,56.20,56.20,100,56.20
2010-12-03,56.18,56.19,56.04,56.04,600,56.04
2010-12-02,56.56,56.56,56.56,56.56,300,56.56
2010-12-01,57.29,57.29,57.29,57.29,000,57.29
2010-11-30,57.29,57.29,57.29,57.29,000,57.29
2010-11-29,57.71,57.71,57.29,57.29,700,57.29
2010-11-26,56.83,56.83,56.83,56.83,300,56.83
2010-11-24,57.10,57.10,57.10,57.10,000,57.10
2010-11-23,57.10,57.10,57.10,57.10,000,57.10
2010-11-22,57.10,57.10,57.10,57.10,000,57.10
2010-11-19,56.90,57.12,56.90,57.10,3400,57.10
2010-11-18,57.75,57.75,56.94,57.30,300,57.30
2010-11-17,59.70,59.70,59.70,59.70,000,59.70
2010-11-16,59.70,59.70,59.70,59.70,300,59.70
2010-11-15,58.29,58.29,58.21,58.22,2200,58.22
2010-11-12,58.21,58.21,58.21,58.21,000,58.21
2010-11-11,58.21,58.21,58.21,58.21,000,58.21
2010-11-10,59.60,59.62,58.21,58.21,1200,58.21
2010-11-09,57.77,57.77,57.77,57.77,000,57.77
2010-11-08,57.42,57.91,57.42,57.77,2200,57.77
2010-11-05,56.85,57.45,56.85,57.45,2900,57.45
2010-11-04,56.59,56.59,56.59,56.59,000,56.59
2010-11-03,56.67,56.95,56.59,56.59,1300,56.59
2010-11-02,56.94,56.94,56.94,56.94,000,56.94
2010-11-01,56.63,56.94,56.63,56.94,300,56.94
2010-10-29,56.15,56.15,56.15,56.15,000,56.15
2010-10-28,55.82,56.25,55.81,56.15,9400,56.15
2010-10-27,56.93,57.75,56.80,56.80,11600,56.80
2010-10-26,57.83,57.83,57.21,57.38,7500,57.38
2010-10-25,56.74,57.10,56.66,57.10,9600,57.10
2010-10-22,57.94,57.97,57.94,57.97,2000,57.97
2010-10-21,58.84,58.84,58.15,58.15,1500,58.15
2010-10-20,58.36,58.36,56.92,57.73,3200,57.73
2010-10-19,58.00,58.50,58.00,58.13,400,58.13
2010-10-18,56.81,56.94,56.30,56.30,3300,56.30
2010-10-15,57.82,58.10,56.99,57.11,8200,57.11
2010-10-14,58.24,58.38,58.18,58.34,5500,58.34
2010-10-13,57.81,57.86,57.31,57.86,700,57.86
2010-10-12,60.13,60.13,58.11,58.18,3800,58.18
2010-10-11,58.80,59.30,58.80,59.30,1600,59.30
2010-10-08,58.81,59.22,58.81,59.22,400,59.22
2010-10-07,60.35,60.35,59.54,59.78,10000,59.78
2010-10-06,59.03,59.62,58.93,59.61,500,59.61
2010-10-05,60.24,60.24,58.94,58.94,700,58.94
2010-10-04,61.97,61.97,61.90,61.90,300,61.90
2010-10-01,61.03,61.03,61.03,61.03,000,61.03
2010-09-30,60.24,61.03,60.24,61.03,500,61.03
2010-09-29,60.56,61.13,60.55,61.13,300,61.13
2010-09-28,61.74,61.74,61.16,61.16,500,61.16
2010-09-27,59.86,60.64,59.86,60.64,1200,60.64
2010-09-24,61.01,61.01,61.01,61.01,000,61.01
2010-09-23,61.01,61.01,61.01,61.01,000,61.01
2010-09-22,61.01,61.01,61.01,61.01,000,61.01
2010-09-21,61.01,61.01,61.01,61.01,200,61.01
2010-09-20,62.33,62.33,61.50,61.50,300,61.50
2010-09-17,63.56,63.56,63.56,63.56,000,63.56
2010-09-16,63.49,63.56,63.19,63.56,400,63.56
2010-09-15,63.50,63.50,62.84,62.84,600,62.84
2010-09-14,64.23,64.23,64.23,64.23,500,64.23
2010-09-13,63.55,63.55,63.55,63.55,200,63.55
2010-09-10,64.35,64.35,64.35,64.35,200,64.35
2010-09-09,66.01,66.01,64.75,65.34,1900,65.34
2010-09-08,68.77,68.77,68.77,68.77,100,68.77
2010-09-07,68.08,68.54,68.08,68.54,200,68.54
2010-09-03,68.08,68.08,68.08,68.08,1000,68.08
2010-09-02,70.66,70.66,70.66,70.66,000,70.66
2010-09-01,70.66,70.66,70.66,70.66,300,70.66
2010-08-31,74.23,74.30,74.23,74.30,600,74.30
2010-08-30,75.60,75.60,75.60,75.60,000,75.60
2010-08-27,75.60,75.60,75.60,75.60,000,75.60
2010-08-26,73.17,75.60,73.17,75.60,400,75.60
2010-08-25,75.90,75.90,74.31,74.31,1600,74.31
2010-08-24,74.55,75.09,74.46,74.46,1500,74.46
2010-08-23,70.37,72.12,70.37,72.12,200,72.12
2010-08-20,72.69,72.70,72.69,72.70,200,72.70
2010-08-19,71.76,71.76,71.76,71.76,100,71.76
2010-08-18,68.72,69.78,67.91,68.76,9900,68.76
2010-08-17,68.50,68.50,68.50,68.50,100,68.50
2010-08-16,71.41,71.41,69.86,69.86,800,69.86
2010-08-13,70.62,70.62,69.69,69.78,1000,69.78
2010-08-12,70.98,70.98,68.49,69.08,2700,69.08
2010-08-11,66.37,66.37,66.37,66.37,000,66.37
2010-08-10,67.10,67.10,66.37,66.37,700,66.37
2010-08-09,65.59,66.03,65.59,66.00,900,66.00
2010-08-06,68.94,69.05,66.28,66.28,4600,66.28
2010-08-05,66.83,67.46,66.83,67.19,1300,67.19
2010-08-04,66.87,66.87,66.55,66.55,400,66.55
2010-08-03,69.91,69.91,68.27,68.27,2400,68.27
2010-08-02,70.60,70.60,70.60,70.60,100,70.60
2010-07-30,74.44,74.66,71.47,71.56,1400,71.56
2010-07-29,72.09,73.91,72.09,73.91,600,73.91
2010-07-28,71.83,73.54,71.83,73.54,2100,73.54
2010-07-27,70.07,70.84,70.07,70.84,700,70.84
2010-07-26,71.94,71.94,70.24,70.24,1000,70.24
2010-07-23,74.27,77.52,74.27,74.63,9000,74.63
2010-07-22,76.07,76.08,76.04,76.04,700,76.04
2010-07-21,77.14,78.49,76.37,78.49,2000,78.49
2010-07-20,79.44,79.48,78.48,78.48,1100,78.48
2010-07-19,79.43,79.43,79.43,79.43,500,79.43
2010-07-16,74.52,74.52,74.52,74.52,000,74.52
2010-07-15,74.52,74.52,74.50,74.52,500,74.52
2010-07-14,74.16,74.16,74.16,74.16,000,74.16
2010-07-13,74.34,74.34,74.16,74.16,200,74.16
2010-07-12,75.89,77.47,75.89,77.47,300,77.47
2010-07-09,78.84,78.84,76.79,76.96,1800,76.96
2010-07-08,79.99,79.99,79.31,79.31,400,79.31
2010-07-07,84.93,84.93,81.87,81.87,3200,81.87
2010-07-06,79.69,83.61,79.68,83.61,3400,83.61
2010-07-02,81.97,81.97,81.97,81.97,200,81.97
2010-07-01,80.30,85.62,80.30,83.16,3800,83.16
2010-06-30,76.86,79.67,76.71,79.67,2900,79.67
2010-06-29,77.14,77.14,76.18,77.14,200,77.14
2010-06-28,71.84,71.84,71.84,71.84,000,71.84
2010-06-25,73.65,73.66,71.29,71.84,2000,71.84
2010-06-24,73.72,73.98,73.72,73.98,600,73.98
2010-06-23,73.48,73.48,73.07,73.07,1200,73.07
2010-06-22,71.49,73.17,71.49,73.15,600,73.15
2010-06-21,70.12,70.12,70.12,70.12,000,70.12
2010-06-18,69.50,70.12,68.91,70.12,1300,70.12
2010-06-17,70.24,70.24,70.24,70.24,000,70.24
2010-06-16,70.51,70.51,69.70,70.24,400,70.24
2010-06-15,70.20,70.20,69.70,69.70,1000,69.70
2010-06-14,73.25,73.25,73.25,73.25,000,73.25
2010-06-11,75.90,75.90,73.23,73.25,1000,73.25
2010-06-10,77.38,77.38,75.04,75.04,1400,75.04
2010-06-09,78.07,80.15,77.42,80.15,3400,80.15
2010-06-08,78.81,80.44,77.19,79.65,1600,79.65
2010-06-07,76.86,77.72,75.81,77.72,3200,77.72
2010-06-04,70.54,70.54,70.54,70.54,000,70.54
2010-06-03,71.25,71.31,70.49,70.54,3000,70.54
2010-06-02,75.70,75.70,71.75,71.75,3000,71.75
2010-06-01,74.77,77.10,74.77,77.10,400,77.10
2010-05-28,73.90,73.90,73.90,73.90,000,73.90
2010-05-27,75.25,75.39,73.90,73.90,1600,73.90
2010-05-26,74.87,77.93,74.66,77.90,2800,77.90
2010-05-25,79.74,80.54,76.56,76.56,3800,76.56
2010-05-24,76.50,76.50,76.21,76.44,2100,76.44
2010-05-21,77.82,78.01,74.80,75.94,3900,75.94
2010-05-20,75.60,75.82,74.56,74.80,800,74.80
2010-05-19,68.91,70.93,68.91,69.85,3000,69.85
2010-05-18,67.40,69.69,66.98,69.54,5600,69.54
2010-05-17,68.16,68.16,68.13,68.13,200,68.13
2010-05-14,67.92,69.54,67.49,68.53,5400,68.53
2010-05-13,64.54,64.54,64.54,64.54,000,64.54
2010-05-12,64.54,64.54,64.54,64.54,300,64.54
2010-05-11,67.43,67.43,65.61,66.78,800,66.78
2010-05-10,66.08,69.38,66.08,68.52,9700,68.52
2010-05-07,77.50,77.50,69.66,73.00,2400,73.00
2010-05-06,64.87,77.25,64.81,73.20,7400,73.20
2010-05-05,64.72,64.73,63.94,64.10,3000,64.10
2010-05-04,61.06,62.06,61.06,61.50,4300,61.50
2010-05-03,60.33,60.33,59.42,59.42,1300,59.42
2010-04-30,58.83,60.33,58.83,60.33,3500,60.33
2010-04-29,62.62,62.62,58.75,59.41,6400,59.41
2010-04-28,63.39,63.52,63.33,63.52,900,63.52
2010-04-27,62.01,63.60,61.27,63.60,1900,63.60
2010-04-26,61.09,62.10,61.09,62.10,3500,62.10
2010-04-23,62.34,62.34,61.45,61.45,500,61.45
2010-04-22,61.86,63.98,61.86,62.62,10000,62.62
2010-04-21,61.22,62.21,61.10,61.77,4900,61.77
2010-04-20,59.92,60.33,59.81,59.81,1300,59.81
2010-04-19,59.37,60.83,59.37,60.30,6500,60.30
2010-04-16,59.10,60.08,59.10,59.70,1000,59.70
2010-04-15,58.95,59.10,58.95,59.10,2100,59.10
2010-04-14,59.73,60.02,59.27,59.27,1100,59.27
2010-04-13,60.00,60.66,59.92,59.92,1800,59.92
2010-04-12,60.04,60.50,59.95,60.16,3700,60.16
2010-04-09,60.10,60.10,60.10,60.10,100,60.10