2011-05-10,83.80,83.81,83.55,83.58,129500,83.58
2011-05-09,83.87,83.98,83.75,83.91,76000,83.91
2011-05-06,83.50,83.87,83.43,83.77,69800,83.77
2011-05-05,83.41,83.68,83.41,83.66,73900,83.66
2011-05-04,83.30,83.48,83.25,83.37,148000,83.37
2011-05-03,83.24,83.34,83.12,83.32,79000,83.32
2011-05-02,82.87,83.30,82.87,83.20,184000,83.20
2011-04-29,83.21,83.46,83.10,83.46,92000,83.19
2011-04-28,83.20,83.23,83.00,83.15,87400,82.88
2011-04-27,82.87,83.00,82.73,82.99,123200,82.72
2011-04-26,82.90,83.13,82.84,83.13,131500,82.86
2011-04-25,82.53,82.83,82.49,82.79,200700,82.52
2011-04-21,82.42,82.63,82.42,82.59,92100,82.32
2011-04-20,82.64,82.64,82.41,82.51,143700,82.24
2011-04-19,82.64,82.70,82.53,82.60,125100,82.33
2011-04-18,82.27,82.65,82.21,82.48,102800,82.21
2011-04-15,82.20,82.34,82.18,82.30,103900,82.03
2011-04-14,82.14,82.23,81.92,82.00,112600,81.73
2011-04-13,81.80,82.13,81.75,82.04,121900,81.77
2011-04-12,81.73,82.00,81.73,81.88,107900,81.61
2011-04-11,81.45,81.61,81.38,81.52,92300,81.26
2011-04-08,81.43,81.63,81.32,81.51,106400,81.25
2011-04-07,81.51,81.76,81.45,81.63,70700,81.36
2011-04-06,81.68,81.69,81.49,81.54,63000,81.28
2011-04-05,81.87,81.99,81.70,81.77,102000,81.50
2011-04-04,81.92,82.09,81.86,82.03,135600,81.76
2011-04-01,81.30,81.88,81.30,81.87,75900,81.60
2011-03-31,82.25,82.28,81.89,81.98,99700,81.43
2011-03-30,81.93,82.14,81.89,82.10,73700,81.55
2011-03-29,82.07,82.15,81.80,81.87,70200,81.32
2011-03-28,82.09,82.16,81.93,82.02,260100,81.47
2011-03-25,82.32,82.44,82.04,82.13,87100,81.58
2011-03-24,82.49,82.57,82.27,82.32,103700,81.77
2011-03-23,82.86,82.90,82.58,82.63,171500,82.08
2011-03-22,82.81,82.97,82.76,82.92,157900,82.37
2011-03-21,83.38,83.38,82.79,82.97,99700,82.42
2011-03-18,83.06,83.32,83.06,83.25,50900,82.69
2011-03-17,83.45,83.51,83.09,83.40,232700,82.84
2011-03-16,83.51,84.03,83.37,83.45,258600,82.89
2011-03-15,83.45,83.50,83.10,83.15,128500,82.59
2011-03-14,82.90,83.10,82.90,83.00,71300,82.44
2011-03-11,82.85,82.87,82.64,82.77,102700,82.22
2011-03-10,82.60,82.88,82.39,82.80,99400,82.25
2011-03-09,82.07,82.50,82.05,82.38,94200,81.83
2011-03-08,82.03,82.18,81.89,82.00,125400,81.45
2011-03-07,82.08,82.38,81.92,82.16,66600,81.61
2011-03-04,81.83,82.30,81.83,82.28,88500,81.73
2011-03-03,82.03,82.03,81.72,81.78,92800,81.23
2011-03-02,82.36,82.64,82.27,82.29,75200,81.74
2011-03-01,82.27,82.59,82.16,82.55,69400,82.00
2011-02-28,82.77,82.79,82.66,82.78,87500,81.98
2011-02-25,82.34,82.61,82.34,82.61,80600,81.81
2011-02-24,82.37,82.64,82.28,82.31,111100,81.51
2011-02-23,82.55,82.62,82.28,82.30,90300,81.50
2011-02-22,82.00,82.51,81.99,82.51,152100,81.71
2011-02-18,81.75,81.94,81.59,81.93,84900,81.13
2011-02-17,81.97,81.97,81.77,81.84,79600,81.05
2011-02-16,81.69,81.74,81.38,81.60,76500,80.81
2011-02-15,81.45,81.60,81.32,81.56,76300,80.77
2011-02-14,81.28,81.60,81.27,81.46,108100,80.67
2011-02-11,81.37,81.63,81.24,81.36,271500,80.57
2011-02-10,81.26,81.40,81.04,81.06,151300,80.27
2011-02-09,81.21,81.58,81.14,81.45,261900,80.66
2011-02-08,81.44,81.52,81.01,81.05,150700,80.26
2011-02-07,81.40,81.57,81.30,81.50,174900,80.71
2011-02-04,81.79,81.84,81.39,81.58,321000,80.79
2011-02-03,82.11,82.17,81.92,81.94,148600,81.14
2011-02-02,82.50,82.63,82.14,82.29,446200,81.49
2011-02-01,82.58,82.62,82.30,82.49,142800,81.69
2011-01-31,83.26,83.31,82.95,83.00,97800,81.92
2011-01-28,82.70,83.31,82.70,83.24,137600,82.15
2011-01-27,82.84,82.99,82.61,82.85,100700,81.77
2011-01-26,82.90,82.95,82.61,82.71,122900,81.63
2011-01-25,82.65,83.14,82.55,83.03,95100,81.95
2011-01-24,82.75,82.76,82.55,82.63,130500,81.55
2011-01-21,82.41,82.62,82.31,82.59,107500,81.51
2011-01-20,82.60,82.70,82.19,82.30,100000,81.23
2011-01-19,82.64,82.97,82.64,82.86,205300,81.78
2011-01-18,82.83,82.88,82.51,82.81,126100,81.73
2011-01-14,83.13,83.23,82.86,82.92,123200,81.84
2011-01-13,82.56,83.07,82.53,83.01,364300,81.93
2011-01-12,82.48,82.75,82.33,82.62,131900,81.54
2011-01-11,82.93,82.95,82.58,82.76,106900,81.68
2011-01-10,82.73,82.94,82.66,82.88,84100,81.80
2011-01-07,82.34,82.86,82.31,82.73,110300,81.65
2011-01-06,82.16,82.35,82.03,82.24,182000,81.17
2011-01-05,82.17,82.21,81.77,81.93,139300,80.86
2011-01-04,82.62,82.75,82.43,82.54,190800,81.46
2011-01-03,82.17,82.53,82.02,82.42,287700,81.35
2010-12-31,82.26,82.59,82.24,82.49,103500,81.41
2010-12-30,82.12,82.27,81.90,82.12,109200,81.05
2010-12-29,81.59,82.43,81.57,82.30,113300,81.23
2010-12-28,82.22,82.34,81.54,81.54,163900,80.48
2010-12-27,81.99,82.21,81.72,82.15,159600,81.08
2010-12-23,82.85,82.86,82.53,82.59,171700,80.82
2010-12-22,83.18,83.18,82.76,82.89,140200,81.11
2010-12-21,82.99,83.14,82.72,83.02,363000,81.24
2010-12-20,83.02,83.28,82.81,82.90,185600,81.12
2010-12-17,82.46,82.96,82.43,82.85,130100,81.07
2010-12-16,82.00,82.31,81.70,82.23,241300,80.46
2010-12-15,82.27,82.52,81.79,81.95,257000,80.19
2010-12-14,82.78,82.78,82.00,82.19,280500,80.42
2010-12-13,82.63,83.14,82.49,82.89,239200,81.11
2010-12-10,83.07,83.25,82.72,82.74,167900,80.96
2010-12-09,83.23,83.40,82.96,83.25,293200,81.46
2010-12-08,83.33,83.33,82.57,83.09,630600,81.31
2010-12-07,84.49,84.49,83.53,83.67,364400,81.87
2010-12-06,84.64,84.80,84.54,84.77,90800,82.95
2010-12-03,84.71,84.77,84.19,84.32,250800,82.51
2010-12-02,84.51,84.73,84.36,84.36,366600,82.55
2010-12-01,84.78,84.86,84.37,84.57,644800,82.75
2010-11-30,85.87,85.89,85.56,85.62,177000,83.52
2010-11-29,85.71,85.71,85.42,85.58,164500,83.48
2010-11-26,85.38,85.47,85.24,85.47,37300,83.37
2010-11-24,85.60,85.60,85.10,85.28,380600,83.18
2010-11-23,86.06,86.14,85.75,85.88,362700,83.77
2010-11-22,85.54,85.77,85.40,85.74,294500,83.63
2010-11-19,85.22,85.36,85.11,85.30,136600,83.20
2010-11-18,85.28,85.30,84.90,85.18,168100,83.09
2010-11-17,85.59,85.71,85.25,85.39,139100,83.29
2010-11-16,85.32,85.39,84.80,85.36,274900,83.26
2010-11-15,85.69,85.79,84.97,85.00,551800,82.91
2010-11-12,86.63,86.70,86.05,86.14,153900,84.02
2010-11-11,86.95,87.01,86.53,86.79,84800,84.66
2010-11-10,86.56,86.89,86.20,86.77,158800,84.64
2010-11-09,87.37,87.47,86.58,86.68,458900,84.55
2010-11-08,87.38,87.43,87.15,87.23,127700,85.09
2010-11-05,87.35,87.50,87.13,87.24,151700,85.10
2010-11-04,87.35,87.61,87.35,87.48,211100,85.33
2010-11-03,86.92,87.11,86.50,86.92,370300,84.78
2010-11-02,86.70,86.70,86.54,86.67,56400,84.54
2010-11-01,86.96,86.96,86.46,86.50,109700,84.37
2010-10-29,86.81,86.90,86.67,86.86,124500,84.46
2010-10-28,86.37,86.67,86.27,86.62,107200,84.22
2010-10-27,86.39,86.42,86.07,86.09,136000,83.71
2010-10-26,86.73,86.76,86.50,86.53,95600,84.14
2010-10-25,87.25,87.28,86.92,86.96,142900,84.55
2010-10-22,86.88,86.95,86.77,86.92,119100,84.51
2010-10-21,87.17,87.19,86.92,86.95,111200,84.54
2010-10-20,87.16,87.40,87.01,87.21,131800,84.80
2010-10-19,86.81,87.30,86.81,87.21,171900,84.80
2010-10-18,86.95,87.17,86.72,87.05,128500,84.64
2010-10-15,86.83,86.95,86.54,86.66,173300,84.26
2010-10-14,87.17,87.37,86.91,86.91,115500,84.50
2010-10-13,87.13,87.43,87.07,87.40,173500,84.98
2010-10-12,87.56,87.56,87.25,87.31,246400,84.89
2010-10-11,87.47,87.50,87.37,87.43,273600,85.01
2010-10-08,87.54,87.58,87.29,87.30,104500,84.88
2010-10-07,87.37,87.39,87.23,87.33,113000,84.91
2010-10-06,87.18,87.41,87.15,87.25,359500,84.84
2010-10-05,86.69,86.89,86.67,86.81,94200,84.41
2010-10-04,86.61,86.66,86.56,86.65,124800,84.25
2010-10-01,86.27,86.50,86.11,86.35,141500,83.96
2010-09-30,86.74,86.74,86.26,86.72,421900,84.06
2010-09-29,86.88,86.90,86.66,86.78,125300,84.12
2010-09-28,86.51,86.90,86.51,86.87,97700,84.20
2010-09-27,86.35,86.62,86.33,86.51,179000,83.85
2010-09-24,86.12,86.18,86.00,86.10,137900,83.46
2010-09-23,86.61,86.62,86.28,86.35,105400,83.70
2010-09-22,86.44,86.54,86.24,86.31,163100,83.66
2010-09-21,85.84,86.23,85.62,86.17,145300,83.52
2010-09-20,85.55,85.63,85.32,85.63,138900,83.00
2010-09-17,85.48,85.53,85.29,85.43,119900,82.81
2010-09-16,85.29,85.39,85.11,85.21,142500,82.59
2010-09-15,85.47,85.77,85.38,85.40,296200,82.78
2010-09-14,85.36,85.70,85.32,85.69,92400,83.06
2010-09-13,84.87,85.31,84.87,85.26,260800,82.64
2010-09-10,84.97,85.06,84.73,84.99,152800,82.38
2010-09-09,85.37,85.41,85.04,85.14,245800,82.53
2010-09-08,85.72,85.74,85.51,85.59,176900,82.96
2010-09-07,85.46,85.76,85.34,85.76,284700,83.13
2010-09-03,85.24,85.37,85.03,85.11,206300,82.50
2010-09-02,85.65,85.74,85.57,85.66,224000,83.03
2010-09-01,86.14,86.14,85.59,85.80,231400,83.17
2010-08-31,86.55,86.57,86.33,86.50,132400,83.57
2010-08-30,85.98,86.27,85.88,86.24,172200,83.32
2010-08-27,86.26,86.45,85.57,85.61,214900,82.71
2010-08-26,86.26,86.48,86.21,86.46,124800,83.54
2010-08-25,86.76,86.79,86.20,86.27,125700,83.35
2010-08-24,86.44,86.64,86.25,86.55,160500,83.62
2010-08-23,85.99,86.14,85.86,86.11,96300,83.20
2010-08-20,86.19,86.20,85.92,85.95,138400,83.04
2010-08-19,85.97,86.32,85.88,86.25,126800,83.33
2010-08-18,86.22,86.23,85.90,85.93,171800,83.02
2010-08-17,86.05,86.12,85.83,85.96,140900,83.05
2010-08-16,86.19,86.28,86.03,86.22,182800,83.30
2010-08-13,85.45,85.74,85.44,85.71,219100,82.81
2010-08-12,85.73,85.73,85.33,85.36,335100,82.47
2010-08-11,85.61,85.69,85.50,85.64,181200,82.74
2010-08-10,84.99,85.46,84.91,85.34,210500,82.45
2010-08-09,85.03,85.06,84.94,85.02,152700,82.14
2010-08-06,84.85,84.99,84.74,84.99,169000,82.12
2010-08-05,84.56,84.62,84.40,84.62,222800,81.76
2010-08-04,84.70,84.70,84.24,84.24,374800,81.39
2010-08-03,84.54,84.68,84.42,84.51,427400,81.65
2010-08-02,84.51,84.51,84.18,84.28,568400,81.43
2010-07-30,84.84,84.85,84.50,84.83,205800,81.69
2010-07-29,84.35,84.56,84.15,84.40,242300,81.28
2010-07-28,84.04,84.30,83.81,84.22,177800,81.11
2010-07-27,83.95,84.01,83.82,83.93,149900,80.83
2010-07-26,83.98,84.08,83.72,83.99,134600,80.88
2010-07-23,84.29,84.30,83.96,83.98,131700,80.88
2010-07-22,84.43,84.43,84.12,84.21,144700,81.10
2010-07-21,84.13,84.51,84.09,84.49,180900,81.37
2010-07-20,84.17,84.29,84.04,84.08,149500,80.97
2010-07-19,84.20,84.20,83.93,84.00,229200,80.89
2010-07-16,83.84,84.17,83.76,84.07,155000,80.96
2010-07-15,83.50,83.86,83.50,83.77,165200,80.67
2010-07-14,83.24,83.52,83.15,83.47,189600,80.38
2010-07-13,83.13,83.23,83.00,83.04,288500,79.97
2010-07-12,83.30,83.46,83.23,83.28,274400,80.20
2010-07-09,83.35,83.35,83.11,83.21,152000,80.13
2010-07-08,83.18,83.38,82.94,83.30,254900,80.22
2010-07-07,83.73,83.73,83.36,83.41,163300,80.33
2010-07-06,83.48,83.63,83.20,83.50,247400,80.41
2010-07-02,83.17,83.47,83.17,83.31,323400,80.23
2010-07-01,83.54,83.72,83.40,83.42,297800,80.34
2010-06-30,83.72,83.72,83.50,83.70,262500,80.34
2010-06-29,83.46,83.63,83.40,83.60,237200,80.25
2010-06-28,83.03,83.41,83.03,83.40,183600,80.06
2010-06-25,82.86,83.10,82.69,82.97,247000,79.64
2010-06-24,82.77,83.00,82.68,82.82,126700,79.50
2010-06-23,82.70,82.93,82.65,82.91,92800,79.59
2010-06-22,82.33,82.56,82.20,82.56,145200,79.25
2010-06-21,81.87,82.30,81.80,82.22,178400,78.92
2010-06-18,82.35,82.36,82.14,82.14,251000,78.85
2010-06-17,82.05,82.45,82.05,82.39,201400,79.09
2010-06-16,82.03,82.04,81.71,82.00,142600,78.71
2010-06-15,82.03,82.03,81.65,81.79,130400,78.51
2010-06-14,81.74,81.99,81.60,81.97,112200,78.68
2010-06-11,81.89,82.09,81.75,82.03,101900,78.74
2010-06-10,82.01,82.07,81.65,81.75,201300,78.47
2010-06-09,82.10,82.35,81.96,82.32,165500,79.02
2010-06-08,82.26,82.44,82.22,82.27,141100,78.97
2010-06-07,82.30,82.39,82.01,82.38,144500,79.08
2010-06-04,81.96,82.20,81.75,82.17,149700,78.88
2010-06-03,81.44,81.61,81.22,81.50,173200,78.23
2010-06-02,81.87,81.92,81.53,81.60,553400,78.33
2010-06-01,82.22,82.22,81.63,81.87,298300,78.59
2010-05-28,82.00,82.16,81.85,82.06,134100,78.51
2010-05-27,81.99,82.01,81.67,81.81,282500,78.27
2010-05-26,82.47,82.47,82.00,82.37,253900,78.80
2010-05-25,82.69,82.78,82.47,82.54,369800,78.97
2010-05-24,82.49,82.81,82.35,82.45,694100,78.88
2010-05-21,82.85,82.92,82.22,82.45,387100,78.88
2010-05-20,82.21,82.42,82.02,82.30,210200,78.74
2010-05-19,81.98,82.14,81.83,81.96,118500,78.41
2010-05-18,81.60,81.96,81.50,81.92,141000,78.37
2010-05-17,81.67,81.91,81.45,81.54,105600,78.01
2010-05-14,81.57,81.67,81.32,81.54,141600,78.01
2010-05-13,81.12,81.42,80.97,81.25,94400,77.73
2010-05-12,81.24,81.32,81.06,81.23,87800,77.71
2010-05-11,81.38,81.42,81.06,81.37,93500,77.85
2010-05-10,81.41,81.41,81.05,81.24,143900,77.72
2010-05-07,81.61,81.61,81.05,81.32,290200,77.80
2010-05-06,81.30,81.91,81.05,81.22,106000,77.70
2010-05-05,81.22,81.53,81.03,81.31,89900,77.79
2010-05-04,81.04,81.12,80.90,81.05,69300,77.54
2010-05-03,80.85,80.92,80.70,80.79,147600,77.29
2010-04-30,80.99,81.20,80.90,81.15,71600,77.36
2010-04-29,80.75,80.86,80.63,80.84,117400,77.07
2010-04-28,80.87,80.90,80.55,80.74,107500,76.97
2010-04-27,80.68,81.00,80.55,80.99,438700,77.21
2010-04-26,80.50,80.53,80.30,80.37,70100,76.62
2010-04-23,80.40,80.44,80.27,80.37,73400,76.62
2010-04-22,80.81,80.87,80.42,80.46,55500,76.71
2010-04-21,80.56,80.74,80.45,80.70,107200,76.94
2010-04-20,80.46,80.46,80.29,80.42,60500,76.67
2010-04-19,80.63,80.64,80.41,80.48,71000,76.73
2010-04-16,80.39,80.70,80.38,80.70,134500,76.94
2010-04-15,80.20,80.45,80.12,80.31,71800,76.56
2010-04-14,80.20,80.38,80.09,80.15,122000,76.41
2010-04-13,80.22,80.30,80.08,80.25,75000,76.51
2010-04-12,80.13,80.13,79.90,80.06,129000,76.33
2010-04-09,79.81,79.97,79.67,79.97,135100,76.24
2010-04-08,80.00,80.12,79.72,79.85,90200,76.13
2010-04-07,79.44,79.92,79.41,79.84,125700,76.12
2010-04-06,79.43,79.58,79.32,79.50,113100,75.79
2010-04-05,79.53,79.60,79.10,79.34,273400,75.64
2010-04-01,79.98,80.01,79.80,79.88,92700,76.15
2010-03-31,80.35,80.36,80.17,80.28,80900,76.27
2010-03-30,79.93,80.15,79.86,80.15,83100,76.14
2010-03-29,80.06,80.19,79.95,80.06,96700,76.06
2010-03-26,79.97,80.20,79.83,80.17,209300,76.16
2010-03-25,80.10,80.16,79.68,79.95,140100,75.95
2010-03-24,80.48,80.54,80.05,80.11,129700,76.10
2010-03-23,80.93,80.94,80.77,80.85,198700,76.81
2010-03-22,80.89,80.93,80.75,80.84,143300,76.80
2010-03-19,80.71,80.92,80.68,80.74,110200,76.70
2010-03-18,81.05,81.05,80.68,80.76,100000,76.72
2010-03-17,80.95,81.01,80.88,81.01,110500,76.96
2010-03-16,80.57,80.90,80.57,80.89,125200,76.85
2010-03-15,80.57,80.59,80.42,80.52,93200,76.49
2010-03-12,80.22,80.60,80.22,80.56,98300,76.53
2010-03-11,80.42,80.52,80.30,80.42,91900,76.40
2010-03-10,80.46,80.64,80.38,80.53,97300,76.50
2010-03-09,80.45,80.66,80.45,80.64,78700,76.61
2010-03-08,80.39,80.48,80.35,80.48,70500,76.46
2010-03-05,80.56,80.56,80.31,80.34,102900,76.32
2010-03-04,80.60,80.75,80.53,80.74,128200,76.70
2010-03-03,80.58,80.68,80.46,80.63,114400,76.60
2010-03-02,80.54,80.67,80.44,80.66,166400,76.63
2010-03-01,80.60,80.60,80.41,80.51,113100,76.48
2010-02-26,80.53,80.88,80.53,80.76,70800,76.47
2010-02-25,80.53,80.65,80.46,80.58,95400,76.30
2010-02-24,80.30,80.49,80.21,80.43,79700,76.16
2010-02-23,79.92,80.38,79.89,80.33,98200,76.06
2010-02-22,80.02,80.02,79.78,79.92,91400,75.68
2010-02-19,79.82,79.85,79.61,79.80,97900,75.56
2010-02-18,80.00,80.00,79.68,79.77,83200,75.53
2010-02-17,80.04,80.19,79.81,79.93,120400,75.69
2010-02-16,79.96,80.24,79.93,80.15,167000,75.89
2010-02-12,80.24,80.24,80.02,80.10,118100,75.85
2010-02-11,80.07,80.10,79.81,79.99,145300,75.74
2010-02-10,80.34,80.40,79.95,80.06,151200,75.81
2010-02-09,80.52,80.59,80.27,80.31,162200,76.04
2010-02-08,80.56,80.61,80.38,80.52,145100,76.24
2010-02-05,80.44,80.75,80.34,80.59,281300,76.31
2010-02-04,80.13,80.58,80.13,80.57,96700,76.29
2010-02-03,80.22,80.28,79.90,80.10,172700,75.85
2010-02-02,80.29,80.39,80.17,80.34,72900,76.07
2010-02-01,80.34,80.34,80.05,80.16,135800,75.90
2010-01-29,80.36,80.71,80.25,80.70,79400,76.14
2010-01-28,80.38,80.45,80.22,80.36,78100,75.82
2010-01-27,80.69,80.72,80.29,80.39,109200,75.85
2010-01-26,80.79,80.79,80.51,80.52,189300,75.97
2010-01-25,80.59,80.65,80.54,80.64,100800,76.08
2010-01-22,80.59,80.75,80.47,80.64,73500,76.08
2010-01-21,80.45,80.75,80.33,80.65,103000,76.09
2010-01-20,80.28,80.45,80.24,80.37,125800,75.83
2010-01-19,80.12,80.17,80.00,80.16,116100,75.63
2010-01-15,80.25,80.39,80.12,80.26,141600,75.72
2010-01-14,80.04,80.16,79.85,80.10,98200,75.57
2010-01-13,80.04,80.39,79.80,79.87,94700,75.35
2010-01-12,80.15,80.24,79.97,80.16,132200,75.63
2010-01-11,79.79,79.89,79.60,79.82,182300,75.31
2010-01-08,79.77,79.79,79.50,79.68,95600,75.18
2010-01-07,79.61,79.62,79.42,79.50,113400,75.01
2010-01-06,79.77,79.79,79.46,79.60,111000,75.10
2010-01-05,79.70,79.87,79.54,79.81,96200,75.30
2010-01-04,79.23,79.44,79.13,79.39,136700,74.90
2009-12-31,79.06,79.27,78.75,79.07,59200,74.60
2009-12-30,79.28,79.37,79.07,79.21,68600,74.73
2009-12-29,79.06,79.26,78.90,79.24,120600,74.76
2009-12-28,79.17,79.20,79.00,79.07,130900,74.60
2009-12-24,79.44,79.47,79.20,79.20,80500,74.72
2009-12-23,79.87,79.93,79.66,79.78,109300,75.27
2009-12-22,79.80,79.90,79.61,79.77,187300,75.26
2009-12-21,80.33,80.40,79.86,80.00,138000,75.48
2009-12-18,80.65,80.75,80.41,80.45,133700,75.90
2009-12-17,80.48,80.67,80.40,80.67,63300,76.11
2009-12-16,80.40,80.49,80.27,80.36,136000,75.82
2009-12-15,80.20,80.25,80.00,80.24,136300,75.70
2009-12-14,80.50,80.53,80.30,80.37,95200,75.83
2009-12-11,80.41,80.49,80.25,80.40,89400,75.85
2009-12-10,80.69,80.77,80.31,80.62,200400,76.06
2009-12-09,81.13,81.13,80.61,80.68,130800,76.12
2009-12-08,81.00,81.16,80.73,81.04,128700,76.46
2009-12-07,80.51,80.68,80.25,80.63,156200,76.07
2009-12-04,80.98,80.98,80.03,80.30,130600,75.76
2009-12-03,80.69,80.91,80.57,80.91,471800,76.34
2009-12-02,81.14,81.14,80.75,80.86,135900,76.29
2009-12-01,81.37,81.37,81.02,81.13,101300,76.54
2009-11-30,81.52,81.71,81.25,81.71,90600,76.83
2009-11-27,81.50,81.54,81.26,81.54,22000,76.67
2009-11-25,81.19,81.33,80.89,81.25,229200,76.39
2009-11-24,80.85,81.37,80.79,81.23,173000,76.37
2009-11-23,80.77,80.93,80.64,80.87,98800,76.04
2009-11-20,80.90,80.91,80.67,80.86,131700,76.03
2009-11-19,80.89,81.00,80.72,80.95,106900,76.11
2009-11-18,80.96,80.96,80.62,80.75,151800,75.92
2009-11-17,80.75,81.00,80.54,80.95,236200,76.11
2009-11-16,80.75,80.98,80.53,80.89,161800,76.05
2009-11-13,80.41,80.58,80.29,80.58,138300,75.76
2009-11-12,80.34,80.49,80.18,80.40,190900,75.59
2009-11-11,80.35,80.59,80.25,80.51,194100,75.70
2009-11-10,80.28,80.42,80.14,80.31,118600,75.51
2009-11-09,80.07,80.30,80.01,80.25,132100,75.45
2009-11-06,79.95,80.19,79.85,79.96,63700,75.18
2009-11-05,79.82,79.99,79.74,79.91,190500,75.13
2009-11-04,79.77,80.02,79.56,79.93,83800,75.15
2009-11-03,79.91,80.16,79.85,79.87,91400,75.10
2009-11-02,80.25,80.28,79.98,80.07,29600,75.28
2009-10-30,80.16,80.42,80.07,80.40,106000,75.32
2009-10-29,80.03,80.06,79.64,79.90,116900,74.85
2009-10-28,80.04,80.39,79.96,80.12,131900,75.05
2009-10-27,79.62,80.15,79.58,80.10,127700,75.03
2009-10-26,79.73,79.85,79.36,79.36,147400,74.34
2009-10-23,79.93,80.04,79.62,79.90,155500,74.85
2009-10-22,80.05,80.19,79.87,80.16,92600,75.09
2009-10-21,80.28,80.28,79.86,80.14,135700,75.07
2009-10-20,80.43,80.49,80.25,80.47,155600,75.38
2009-10-19,79.98,80.08,79.84,80.08,85900,75.02
2009-10-16,79.59,79.97,79.59,79.83,85600,74.78
2009-10-15,79.76,79.80,79.63,79.68,146700,74.64
2009-10-14,79.88,80.18,79.85,79.87,108000,74.82
2009-10-13,80.37,80.40,80.14,80.29,112700,75.21
2009-10-12,79.89,80.36,79.86,80.05,144200,74.99
2009-10-09,80.38,80.48,79.74,79.76,144000,74.72
2009-10-08,81.00,81.02,80.60,80.71,100200,75.61
2009-10-07,80.64,80.96,80.61,80.87,114100,75.76
2009-10-06,80.66,80.72,80.50,80.50,195100,75.41
2009-10-05,80.75,80.75,80.42,80.70,135100,75.60
2009-10-02,80.86,80.91,80.40,80.53,106400,75.44
2009-10-01,80.50,80.80,80.46,80.75,81800,75.64
2009-09-30,80.44,80.64,80.35,80.56,108100,75.20
2009-09-29,80.30,80.51,80.23,80.48,188100,75.12
2009-09-28,80.36,80.45,80.13,80.37,144000,75.02
2009-09-25,80.24,80.43,80.03,80.42,267400,75.07
2009-09-24,80.13,80.19,79.92,80.19,140900,74.85
2009-09-23,79.73,80.08,79.55,80.08,184200,74.75
2009-09-22,79.59,79.85,79.50,79.81,149800,74.50
2009-09-21,79.78,79.86,79.51,79.59,109900,74.29
2009-09-18,79.80,79.90,79.50,79.60,114300,74.30
2009-09-17,79.67,79.98,79.39,79.93,160100,74.61
2009-09-16,79.78,79.82,79.26,79.58,170600,74.28
2009-09-15,79.61,79.64,79.32,79.56,135200,74.27
2009-09-14,80.00,80.02,79.58,79.64,246100,74.34
2009-09-11,80.05,80.20,79.80,80.10,228700,74.77
2009-09-10,79.46,79.95,79.30,79.75,188900,74.44
2009-09-09,78.88,79.28,78.73,79.09,482500,73.83
2009-09-08,79.29,79.60,79.21,79.24,73200,73.97
2009-09-04,79.61,79.79,79.38,79.38,158700,74.10
2009-09-03,79.77,79.98,79.61,79.78,176200,74.47
2009-09-02,79.65,80.09,79.48,79.94,137300,74.62
2009-09-01,79.37,80.25,79.10,79.67,241100,74.37
2009-08-31,79.54,79.73,79.40,79.67,96900,74.10
2009-08-28,79.11,79.51,79.01,79.51,104100,73.95
2009-08-27,79.29,79.45,79.00,79.26,117000,73.72
2009-08-26,79.42,79.42,79.13,79.37,112000,73.82
2009-08-25,79.02,79.25,78.82,79.20,158300,73.66
2009-08-24,78.51,79.04,78.49,79.04,138000,73.52
2009-08-21,79.14,79.17,78.51,78.56,141800,73.07
2009-08-20,79.04,79.12,78.64,78.97,87300,73.45
2009-08-19,79.22,79.22,78.67,79.07,99000,73.54
2009-08-18,78.94,79.04,78.57,78.79,124700,73.28
2009-08-17,78.95,79.01,78.65,79.00,62300,73.48
2009-08-14,78.69,78.88,78.33,78.63,91000,73.13
2009-08-13,78.18,78.59,77.99,78.54,136700,73.05
2009-08-12,78.15,78.15,77.61,77.96,198900,72.51
2009-08-11,78.05,78.22,77.71,78.19,94400,72.72
2009-08-10,77.48,77.84,77.20,77.74,66700,72.31
2009-08-07,77.39,78.00,77.02,77.36,118200,71.95
2009-08-06,77.84,78.00,77.67,77.77,90100,72.33
2009-08-05,77.64,78.14,77.60,77.72,90800,72.29
2009-08-04,78.22,78.22,77.55,77.68,86400,72.25
2009-08-03,78.35,78.39,77.75,78.08,116300,72.62
2009-07-31,78.23,79.00,78.23,78.87,116700,73.09
2009-07-30,77.70,78.25,77.63,78.13,96500,72.40
2009-07-29,77.81,77.96,77.49,77.76,107200,72.06
2009-07-28,77.51,77.73,77.25,77.32,137600,71.65
2009-07-27,77.21,77.47,77.06,77.43,83500,71.75
2009-07-24,77.37,77.57,77.29,77.47,118800,71.79
2009-07-23,77.92,77.92,77.31,77.45,135600,71.77
2009-07-22,78.23,78.23,77.75,77.93,87000,72.22
2009-07-21,77.47,78.28,77.30,78.24,98600,72.50
2009-07-20,77.12,77.87,77.06,77.58,91100,71.89
2009-07-17,77.21,77.33,77.05,77.16,66000,71.50
2009-07-16,77.14,77.50,76.96,77.43,89400,71.75
2009-07-15,77.41,77.49,76.84,76.84,135700,71.21
2009-07-14,77.79,77.86,77.52,77.66,50300,71.97
2009-07-13,78.07,78.13,77.82,77.89,64500,72.18
2009-07-10,77.90,78.35,77.62,77.83,137400,72.12
2009-07-09,77.73,78.13,77.29,77.52,123000,71.84
2009-07-08,77.49,78.12,77.36,78.02,83500,72.30
2009-07-07,77.19,77.50,77.05,77.45,101300,71.77
2009-07-06,77.08,77.19,76.81,77.17,59000,71.51
2009-07-02,77.19,77.26,77.00,77.23,73400,71.57
2009-07-01,76.85,77.04,76.55,77.03,81500,71.38
2009-06-30,77.12,77.32,76.86,77.27,108900,71.33
2009-06-29,77.35,77.41,77.02,77.12,131100,71.20
2009-06-26,76.83,77.23,76.83,77.13,71400,71.21
2009-06-25,76.41,77.00,76.16,76.94,83100,71.03
2009-06-24,76.68,77.00,76.25,76.41,85000,70.54
2009-06-23,76.38,76.74,76.24,76.67,83100,70.78
2009-06-22,76.22,76.32,75.99,76.14,74900,70.29
2009-06-19,75.33,76.00,75.33,75.97,86400,70.13
2009-06-18,75.94,76.31,75.36,75.52,104900,69.72
2009-06-17,76.47,76.60,76.08,76.31,88200,70.45
2009-06-16,75.95,76.39,75.95,76.39,62100,70.52
2009-06-15,76.33,76.33,75.30,75.96,92600,70.13
2009-06-12,75.52,76.10,75.52,75.80,85100,69.98
2009-06-11,75.43,75.70,74.87,75.61,113100,69.80
2009-06-10,75.21,75.25,74.64,74.87,101000,69.12
2009-06-09,75.59,75.59,73.60,75.19,252200,69.41
2009-06-08,75.65,75.65,74.75,74.75,168700,69.01
2009-06-05,75.29,75.55,75.00,75.05,130200,69.28
2009-06-04,76.54,76.54,75.55,75.82,101500,70.00
2009-06-03,76.30,76.59,76.02,76.29,159500,70.43
2009-06-02,75.95,76.11,75.60,76.10,107000,70.25
2009-06-01,76.03,76.03,75.31,75.57,136700,69.77
2009-05-29,75.98,76.70,75.98,76.60,98600,70.45
2009-05-28,76.09,76.10,75.31,75.95,72600,69.85
2009-05-27,76.20,76.30,75.31,75.56,93100,69.49
2009-05-26,76.93,76.93,76.00,76.08,81900,69.97
2009-05-22,76.53,76.67,76.22,76.38,102800,70.24
2009-05-21,77.58,77.58,76.49,76.58,134400,70.43
2009-05-20,77.22,77.60,77.01,77.45,66300,71.23
2009-05-19,77.23,77.23,76.73,77.02,127200,70.83
2009-05-18,77.43,77.43,76.83,76.95,129100,70.77
2009-05-15,77.44,77.44,77.11,77.30,90200,71.09
2009-05-14,77.51,77.51,77.01,77.39,79100,71.17
2009-05-13,77.33,77.36,77.17,77.22,76200,71.02
2009-05-12,77.10,77.31,76.98,77.15,84300,70.95
2009-05-11,76.99,77.01,76.65,76.90,96600,70.72
2009-05-08,76.52,76.70,76.33,76.60,102200,70.45
2009-05-07,76.59,76.60,76.13,76.28,77800,70.15
2009-05-06,76.48,76.60,76.25,76.49,138500,70.35
2009-05-05,76.37,76.55,76.18,76.42,255200,70.28
2009-05-04,76.50,76.57,76.06,76.41,56800,70.27
2009-05-01,76.01,76.66,75.81,76.02,146100,69.91
2009-04-30,76.39,76.67,76.22,76.67,58200,70.25
2009-04-29,76.72,77.50,76.30,76.45,73700,70.05
2009-04-28,76.89,76.89,76.24,76.45,101400,70.05
2009-04-27,76.48,76.84,76.48,76.81,94400,70.38
2009-04-24,76.48,76.67,76.24,76.54,72900,70.13
2009-04-23,76.59,76.60,76.17,76.38,134300,69.98
2009-04-22,76.69,76.70,76.37,76.69,57800,70.27
2009-04-21,76.78,77.06,76.46,76.51,67700,70.10
2009-04-20,76.51,76.87,76.30,76.81,69500,70.38
2009-04-17,76.66,76.76,75.91,76.42,147300,70.02
2009-04-16,76.75,76.89,76.57,76.81,50300,70.38
2009-04-15,76.59,77.02,76.36,76.95,86200,70.50
2009-04-14,76.50,76.67,76.35,76.61,56000,70.19
2009-04-13,76.14,76.43,76.04,76.43,80300,70.03
2009-04-09,75.93,76.18,75.75,75.90,54300,69.54
2009-04-08,75.95,76.18,75.70,76.15,54600,69.77
2009-04-07,75.61,75.72,75.40,75.72,70700,69.38
2009-04-06,75.74,75.83,75.25,75.28,147300,68.97
2009-04-03,76.04,76.21,75.55,75.60,129700,69.27
2009-04-02,76.43,76.49,75.79,76.20,89800,69.82
2009-04-01,76.43,76.59,76.17,76.55,72500,70.14
2009-03-31,76.44,76.70,76.29,76.62,57500,69.92
2009-03-30,76.45,76.51,76.01,76.33,57900,69.66
2009-03-27,76.50,76.59,76.20,76.35,125900,69.68
2009-03-26,75.88,76.35,75.56,76.33,40800,69.66
2009-03-25,75.93,76.18,75.62,75.69,190900,69.08
2009-03-24,76.06,76.58,75.94,75.94,144500,69.30
2009-03-23,76.90,77.08,76.22,76.26,210900,69.60
2009-03-20,76.91,77.10,76.46,76.64,84100,69.94
2009-03-19,77.66,77.66,76.64,76.72,146600,70.02
2009-03-18,75.17,77.76,75.00,77.30,92200,70.54
2009-03-17,75.38,75.54,74.76,74.87,87700,68.33
2009-03-16,74.87,75.37,74.73,75.34,151100,68.76
2009-03-13,75.14,75.73,75.04,75.53,60600,68.93
2009-03-12,74.63,75.46,74.63,75.40,70300,68.81
2009-03-11,74.51,75.05,74.26,74.57,110100,68.05
2009-03-10,74.88,75.00,74.56,74.85,121600,68.31
2009-03-09,75.49,75.50,74.87,75.14,60900,68.57
2009-03-06,75.24,75.87,75.24,75.63,85600,69.02
2009-03-05,75.60,75.89,75.22,75.87,65600,69.24
2009-03-04,74.69,75.40,74.67,75.40,77100,68.81
2009-03-03,75.28,75.84,75.12,75.64,95900,69.03
2009-03-02,75.71,75.93,75.42,75.72,186300,69.10
2009-02-27,76.09,76.18,75.58,75.75,66800,68.89
2009-02-26,75.94,76.02,75.72,75.92,144300,69.04
2009-02-25,76.64,76.75,75.89,76.02,122700,69.13
2009-02-24,76.84,77.09,76.61,76.74,55900,69.79
2009-02-23,76.72,77.33,76.72,76.84,56100,69.88
2009-02-20,77.21,77.64,77.08,77.31,94100,70.31
2009-02-19,76.80,77.47,76.73,76.90,102300,69.93
2009-02-18,77.55,77.96,77.15,77.33,77500,70.32
2009-02-17,78.11,78.20,77.80,78.09,66300,71.02
2009-02-13,77.44,77.64,77.16,77.55,57600,70.52
2009-02-12,77.55,77.92,77.37,77.65,56100,70.62
2009-02-11,76.80,77.65,76.70,77.41,98800,70.40
2009-02-10,77.12,77.27,76.00,76.48,191900,69.55
2009-02-09,77.07,77.07,76.37,76.62,87600,69.68
2009-02-06,76.58,76.58,76.32,76.45,70700,69.52
2009-02-05,76.32,77.14,76.26,76.56,120900,69.62
2009-02-04,75.93,76.59,75.93,76.39,142900,69.47
2009-02-03,77.45,77.66,76.35,76.54,80600,69.61
2009-02-02,77.41,77.42,77.00,77.37,82600,70.36
2009-01-30,77.54,77.66,76.76,77.11,152400,69.85
2009-01-29,77.95,77.95,77.14,77.20,79100,69.93
2009-01-28,77.78,78.54,77.78,77.99,107100,70.65
2009-01-27,77.27,78.16,77.18,78.04,50700,70.70
2009-01-26,77.55,78.08,76.63,77.19,92200,69.93
2009-01-23,77.56,77.70,77.02,77.65,83200,70.34
2009-01-22,77.87,77.87,77.25,77.36,88400,70.08
2009-01-21,78.38,78.38,77.60,77.69,61900,70.38
2009-01-20,77.94,78.72,77.55,78.40,93100,71.02
2009-01-16,79.00,79.15,78.00,78.90,93700,71.47
2009-01-15,79.50,79.50,78.72,79.06,91400,71.62
2009-01-14,79.19,79.49,78.98,79.17,96800,71.72
2009-01-13,78.90,78.96,78.45,78.86,305100,71.44
2009-01-12,78.61,79.15,78.61,78.96,81000,71.53
2009-01-09,78.17,78.66,77.90,78.48,65400,71.09
2009-01-08,77.99,78.25,77.72,78.23,103200,70.87
2009-01-07,78.39,78.44,77.52,77.91,115500,70.58
2009-01-06,78.15,78.30,77.44,78.13,78700,70.78
2009-01-05,78.24,78.65,77.51,78.40,206200,71.02
2009-01-02,78.87,79.56,78.36,78.36,73700,70.99
2008-12-31,79.25,79.93,79.05,79.57,192500,72.08
2008-12-30,79.00,79.72,78.88,79.71,91200,72.21
2008-12-29,79.07,79.91,78.97,79.58,85600,72.09
2008-12-26,78.90,79.42,78.12,79.42,72700,71.95
2008-12-24,78.52,79.55,78.52,78.81,45700,71.39
2008-12-23,78.71,79.70,77.96,79.08,109300,71.37
2008-12-22,78.29,79.13,78.29,78.89,65200,71.20
2008-12-19,78.77,79.21,77.65,78.89,107800,71.20
2008-12-18,78.70,79.82,78.70,79.75,90000,71.97
2008-12-17,78.16,78.70,77.73,78.69,119000,71.02
2008-12-16,76.54,77.74,76.01,77.56,140600,70.00
2008-12-15,76.40,76.40,75.66,76.35,131900,68.91
2008-12-12,75.59,75.99,74.80,75.99,103900,68.58
2008-12-11,75.95,76.07,75.23,75.76,72600,68.37
2008-12-10,75.12,75.52,74.60,75.40,88300,68.05
2008-12-09,74.95,75.59,74.93,75.53,47300,68.17
2008-12-08,75.11,75.34,74.95,75.02,87000,67.71
2008-12-05,75.83,76.28,75.07,75.19,95000,67.86
2008-12-04,75.48,76.31,75.00,76.31,66100,68.87
2008-12-03,75.21,75.34,74.58,75.22,96800,67.89
2008-12-02,75.09,75.32,74.69,75.15,155700,67.82
2008-12-01,75.27,75.27,74.40,75.03,110400,67.71
2008-11-28,74.58,74.95,73.84,74.76,26000,67.20
2008-11-26,74.04,75.23,74.04,74.95,106500,67.37
2008-11-25,73.91,74.35,73.47,74.24,102100,66.74
2008-11-24,73.59,73.59,73.03,73.16,103600,65.77
2008-11-21,73.60,74.05,73.31,73.86,160900,66.39
2008-11-20,74.24,74.32,73.50,74.31,60900,66.80
2008-11-19,73.16,73.69,72.99,73.55,48500,66.12
2008-11-18,72.85,73.24,72.61,73.16,27800,65.77
2008-11-17,72.48,72.78,72.33,72.77,26900,65.41
2008-11-14,72.31,72.61,72.23,72.61,33000,65.27
2008-11-13,72.64,72.82,71.85,72.18,51500,64.88
2008-11-12,72.74,72.74,71.47,72.59,54400,65.25
2008-11-11,72.32,72.72,71.82,72.36,72800,65.05
2008-11-10,71.74,71.99,71.28,71.99,46100,64.71
2008-11-07,71.77,71.77,71.37,71.74,26300,64.49
2008-11-06,71.77,71.91,70.93,71.91,38700,64.64
2008-11-05,71.37,72.08,71.35,71.87,33000,64.61
2008-11-04,70.91,71.12,70.50,70.98,75500,63.81
2008-11-03,70.30,70.96,70.13,70.79,64300,63.64
2008-10-31,71.02,71.25,70.56,70.77,29900,63.34
2008-10-30,71.03,71.25,70.64,70.80,55000,63.37
2008-10-29,71.08,71.50,70.77,71.13,37800,63.66
2008-10-28,71.02,71.53,70.62,70.69,39000,63.27
2008-10-27,71.78,71.89,71.18,71.43,46000,63.93
2008-10-24,72.11,72.11,70.83,70.83,37500,63.39
2008-10-23,72.21,72.28,71.79,72.10,24700,64.53
2008-10-22,72.10,72.33,71.68,72.33,69400,64.73
2008-10-21,71.56,71.83,71.14,71.72,50500,64.19
2008-10-20,71.18,71.19,70.27,71.19,35300,63.71
2008-10-17,70.58,70.60,69.58,70.38,72900,62.99
2008-10-16,70.48,71.00,69.75,70.54,96600,63.13
2008-10-15,70.70,70.87,70.17,70.72,40500,63.29
2008-10-14,70.45,71.21,69.23,70.78,78600,63.35
2008-10-13,66.09,68.17,64.75,68.17,155600,61.01
2008-10-10,68.94,69.57,67.04,67.12,108000,60.07
2008-10-09,72.01,72.01,70.00,70.00,111600,62.65
2008-10-08,73.52,73.93,70.88,72.18,60300,64.60
2008-10-07,73.57,73.74,72.83,73.58,30100,65.85
2008-10-06,74.31,74.54,73.65,73.82,37900,66.07
2008-10-03,73.72,74.51,73.11,73.94,32400,66.18
2008-10-02,73.57,74.21,73.50,74.21,35600,66.42
2008-10-01,73.49,73.61,72.53,73.30,38700,65.60
2008-09-30,75.04,75.04,73.00,73.27,72700,65.32
2008-09-29,74.92,75.45,74.37,74.37,73100,66.30
2008-09-26,74.79,75.35,74.29,74.68,91300,66.58
2008-09-25,74.67,75.47,74.29,74.87,56200,66.75
2008-09-24,74.88,75.76,74.70,75.08,81900,66.94
2008-09-23,74.96,75.23,74.33,75.20,45400,67.04
2008-09-22,74.85,76.67,74.68,75.25,43200,67.09
2008-09-19,75.28,76.49,73.59,76.14,54400,67.88
2008-09-18,76.34,76.64,75.00,75.54,96700,67.35
2008-09-17,76.64,77.05,75.89,76.72,80500,68.40
2008-09-16,78.30,78.30,76.43,76.76,87800,68.43
2008-09-15,78.52,78.52,77.21,78.01,57900,69.55
2008-09-12,76.98,77.29,76.65,76.84,44500,68.50
2008-09-11,77.63,77.63,77.21,77.25,175900,68.87
2008-09-10,77.12,77.43,76.91,77.38,94500,68.99
2008-09-09,77.16,77.48,76.97,77.38,101200,68.99
2008-09-08,76.90,77.20,76.60,77.20,40800,68.83
2008-09-05,77.49,77.50,77.00,77.14,98700,68.77
2008-09-04,77.12,77.39,76.96,77.24,68600,68.86
2008-09-03,76.82,77.08,76.79,76.99,70600,68.64
2008-09-02,76.55,76.83,76.19,76.83,34200,68.50
2008-08-29,77.11,77.11,76.55,76.56,47900,67.98
2008-08-28,76.83,76.94,76.68,76.92,37200,68.30
2008-08-27,76.57,77.03,76.50,77.02,27900,68.39
2008-08-26,76.78,76.96,76.62,76.96,69400,68.34
2008-08-25,76.67,76.97,76.67,76.96,46600,68.34
2008-08-22,76.48,76.55,76.35,76.52,11500,67.95
2008-08-21,76.63,76.84,76.47,76.67,33200,68.08
2008-08-20,76.58,76.90,76.50,76.78,42800,68.18
2008-08-19,76.64,76.70,76.36,76.57,40000,67.99
2008-08-18,76.62,76.81,76.56,76.64,27800,68.05
2008-08-15,76.64,76.76,76.55,76.67,29600,68.08
2008-08-14,76.47,76.54,76.22,76.47,64100,67.90
2008-08-13,76.61,76.61,76.09,76.30,24500,67.75
2008-08-12,76.38,76.53,76.29,76.53,52300,67.96
2008-08-11,75.95,76.27,75.68,76.08,32100,67.56
2008-08-08,76.54,76.54,76.12,76.39,44100,67.83
2008-08-07,76.17,76.56,76.00,76.54,24100,67.97
2008-08-06,75.96,75.96,75.51,75.92,22000,67.41
2008-08-05,76.08,76.11,75.74,75.82,28600,67.33
2008-08-04,75.84,76.26,75.84,76.14,16800,67.61
2008-08-01,76.25,76.25,75.89,76.16,74100,67.63
2008-07-31,76.39,76.47,76.25,76.45,33500,67.62
2008-07-30,75.81,76.09,75.58,75.97,34100,67.19
2008-07-29,75.83,76.12,75.79,75.92,34400,67.15
2008-07-28,76.10,76.24,75.97,76.07,20700,67.28
2008-07-25,75.87,76.13,75.69,75.78,32800,67.02
2008-07-24,75.56,76.26,75.56,76.22,69300,67.41
2008-07-23,75.49,75.56,75.30,75.56,36400,66.83
2008-07-22,75.81,75.88,75.54,75.54,23200,66.81
2008-07-21,75.66,75.93,75.55,75.93,45300,67.16
2008-07-18,75.91,76.04,75.50,75.65,59400,66.91
2008-07-17,76.05,76.15,75.69,75.78,36000,67.02
2008-07-16,76.41,76.61,76.23,76.23,17900,67.42
2008-07-15,76.62,77.08,76.62,76.85,46200,67.97
2008-07-14,76.35,76.91,76.32,76.77,34200,67.90
2008-07-11,77.19,77.19,76.19,76.42,34200,67.59
2008-07-10,76.82,77.05,76.77,77.03,32200,68.13
2008-07-09,76.69,77.05,76.62,77.05,33000,68.15
2008-07-08,76.80,76.83,76.44,76.76,75700,67.89
2008-07-07,76.32,76.70,76.06,76.40,43900,67.57
2008-07-03,76.04,76.23,75.91,76.20,55500,67.39
2008-07-02,76.01,76.36,75.74,76.28,23700,67.46
2008-07-01,77.06,77.06,76.02,76.18,21300,67.38
2008-06-30,76.69,76.70,76.45,76.66,18400,67.54
2008-06-27,77.00,77.00,76.31,76.53,20400,67.42
2008-06-26,76.55,76.55,76.14,76.34,15900,67.25
2008-06-25,76.35,76.35,75.64,76.10,28700,67.04
2008-06-24,76.13,76.24,75.97,76.21,28800,67.14
2008-06-23,76.10,76.10,75.82,75.90,13000,66.87
2008-06-20,76.00,76.29,75.98,76.04,43400,66.99
2008-06-19,76.12,76.17,75.67,75.81,20900,66.79
2008-06-18,76.09,76.31,75.92,76.28,83600,67.20
2008-06-17,76.05,76.15,75.73,76.07,27900,67.02
2008-06-16,75.91,75.91,75.43,75.69,33600,66.68
2008-06-13,75.55,76.09,75.50,75.71,40800,66.70
2008-06-12,76.00,76.18,75.64,75.82,54800,66.80
2008-06-11,76.45,76.69,76.27,76.42,25400,67.33
2008-06-10,76.55,76.56,76.07,76.22,30100,67.15
2008-06-09,76.81,76.96,76.50,76.70,36700,67.57
2008-06-06,76.83,77.35,76.83,77.20,29800,68.01
2008-06-05,76.82,76.82,76.47,76.65,35600,67.53
2008-06-04,77.38,77.51,76.90,76.90,65600,67.75
2008-06-03,77.08,77.53,76.04,77.36,19200,68.15
2008-06-02,76.53,76.95,76.00,76.95,41900,67.79
2008-05-30,76.86,77.18,76.76,76.95,30200,67.52
2008-05-29,76.88,76.93,76.50,76.78,43400,67.37
2008-05-28,77.75,77.75,76.89,77.01,55800,67.57
2008-05-27,77.77,77.77,77.34,77.51,37200,68.01
2008-05-23,77.74,77.89,77.68,77.89,29900,68.35
2008-05-22,79.48,79.48,77.30,77.49,34700,68.00
2008-05-21,78.10,78.26,77.98,78.12,56900,68.55
2008-05-20,78.38,78.38,78.05,78.32,40100,68.72
2008-05-19,78.16,78.16,77.65,78.12,47100,68.55
2008-05-16,78.40,78.40,77.86,77.86,34700,68.32
2008-05-15,77.78,78.06,77.49,78.06,43200,68.50
2008-05-14,77.75,77.83,77.21,77.51,42800,68.01
2008-05-13,78.34,78.34,77.37,77.49,81600,68.00
2008-05-12,78.26,78.43,78.10,78.13,33400,68.56
2008-05-09,78.44,78.48,78.23,78.30,36800,68.71
2008-05-08,78.17,78.38,77.90,78.38,40900,68.78
2008-05-07,77.59,77.95,77.33,77.94,30000,68.39
2008-05-06,78.36,78.36,77.65,77.75,26600,68.22
2008-05-05,77.79,78.17,77.79,78.08,29100,68.51
2008-05-02,78.10,78.10,77.71,77.94,32800,68.39
2008-05-01,78.38,78.52,77.97,78.00,75600,68.44
2008-04-30,78.54,78.54,77.98,78.41,40700,68.56
2008-04-29,78.13,78.36,78.05,78.12,25700,68.31
2008-04-28,77.98,78.17,77.86,78.10,22100,68.29
2008-04-25,77.83,78.06,77.53,77.72,53800,67.96
2008-04-24,78.09,78.18,77.58,77.81,52600,68.04
2008-04-23,78.40,78.51,78.20,78.37,52600,68.52
2008-04-22,77.95,78.62,77.95,78.52,45800,68.66
2008-04-21,78.28,78.43,77.94,78.22,38900,68.39
2008-04-18,78.00,78.30,77.57,78.20,18200,68.38
2008-04-17,78.10,78.40,77.97,78.30,30000,68.46
2008-04-16,78.51,78.86,78.09,78.32,40300,68.48
2008-04-15,79.13,79.13,78.75,78.85,22900,68.94
2008-04-14,80.18,80.18,79.02,79.02,16700,69.09
2008-04-11,79.40,79.40,79.14,79.33,23900,69.36
2008-04-10,79.31,79.34,78.80,78.80,26200,68.90
2008-04-09,78.78,79.44,78.78,78.90,24900,68.99
2008-04-08,78.84,79.06,78.80,79.00,19900,69.08
2008-04-07,78.84,79.02,78.51,78.51,54200,68.65
2008-04-04,79.45,79.45,79.02,79.15,33000,69.21
2008-04-03,78.61,78.75,78.50,78.50,197100,68.64
2008-04-02,78.83,78.83,78.38,78.53,41400,68.66
2008-04-01,79.27,79.27,78.54,78.79,62500,68.89
2008-03-31,80.26,80.26,79.54,79.60,39700,69.33
2008-03-28,79.10,79.52,79.02,79.48,25400,69.23
2008-03-27,79.06,79.26,78.92,79.01,55400,68.82
2008-03-26,79.54,79.54,79.07,79.16,36900,68.95
2008-03-25,78.60,79.15,78.60,79.15,37800,68.94
2008-03-24,79.70,79.70,78.49,78.62,85400,68.48
2008-03-20,81.49,81.49,79.35,79.69,56600,69.41
2008-03-19,80.73,80.73,79.16,79.69,19900,69.41
2008-03-18,78.35,79.70,78.35,78.65,36400,68.51
2008-03-17,79.71,79.71,78.95,79.38,32300,69.14
2008-03-14,78.71,79.11,78.59,78.95,30400,68.77
2008-03-13,79.09,79.15,78.32,78.50,47500,68.37
2008-03-12,78.42,79.20,78.34,79.20,32100,68.98
2008-03-11,78.42,78.67,78.33,78.48,60700,68.36
2008-03-10,78.62,79.26,78.62,78.95,25700,68.77
2008-03-07,78.86,78.86,78.32,78.55,21600,68.42
2008-03-06,78.45,78.76,78.39,78.56,48400,68.43
2008-03-05,78.75,78.76,78.02,78.02,116200,67.96
2008-03-04,78.97,79.24,78.61,78.75,98600,68.59
2008-03-03,79.85,79.85,78.86,79.06,71600,68.86
2008-02-29,79.36,79.60,79.17,79.59,31600,69.10
2008-02-28,78.77,78.91,78.37,78.91,90000,68.51
2008-02-27,78.44,78.47,78.02,78.22,37100,67.91
2008-02-26,77.77,78.16,77.77,78.15,120600,67.85
2008-02-25,78.13,78.24,77.73,77.83,39200,67.57
2008-02-22,78.45,78.70,78.22,78.28,25600,67.96
2008-02-21,78.06,78.62,77.86,78.59,93000,68.23
2008-02-20,77.73,77.92,77.57,77.70,53900,67.46
2008-02-19,78.28,78.28,77.75,77.85,51500,67.59
2008-02-15,78.35,78.63,78.35,78.50,25200,68.15
2008-02-14,78.58,78.72,78.15,78.39,18100,68.06
2008-02-13,78.87,79.08,78.67,78.76,19400,68.38
2008-02-12,78.28,79.06,78.28,79.02,28800,68.60
2008-02-11,79.19,79.40,79.04,79.40,23000,68.93
2008-02-08,78.98,79.06,78.72,79.06,41200,68.64
2008-02-07,79.30,79.30,78.42,78.46,111400,68.12
2008-02-06,79.40,79.41,79.16,79.33,68100,68.87
2008-02-05,79.60,79.62,79.34,79.54,38100,69.06
2008-02-04,79.00,79.17,78.79,79.15,110600,68.72
2008-02-01,79.38,79.51,79.15,79.22,65400,68.78
2008-01-31,79.75,79.76,79.30,79.50,52000,68.77
2008-01-30,78.73,81.45,78.50,79.25,238200,68.55
2008-01-29,79.40,79.42,79.09,79.19,63000,68.50
2008-01-28,79.52,79.58,79.29,79.50,48300,68.77
2008-01-25,78.87,79.69,78.57,79.69,31900,68.93
2008-01-24,79.56,79.58,78.94,78.99,38300,68.32
2008-01-23,80.79,80.79,79.49,79.63,124700,68.88
2008-01-22,79.91,79.91,79.35,79.85,57900,69.07
2008-01-18,79.06,79.26,79.00,79.26,35800,68.56
2008-01-17,78.81,79.33,78.72,79.31,28400,68.60
2008-01-16,78.92,79.03,78.63,78.80,45200,68.16
2008-01-15,78.55,78.93,78.55,78.93,38700,68.27
2008-01-14,78.61,78.61,78.32,78.52,30600,67.92
2008-01-11,78.29,78.49,78.02,78.43,18700,67.84
2008-01-10,79.18,79.18,77.88,78.06,44600,67.52
2008-01-09,78.55,78.55,78.19,78.22,18000,67.66
2008-01-08,79.94,79.94,77.96,78.40,52000,67.81
2008-01-07,78.35,78.38,78.09,78.38,57200,67.80
2008-01-04,78.30,78.37,78.09,78.21,80100,67.65
2008-01-03,77.86,78.00,77.60,78.00,55300,67.47
2008-01-02,78.97,78.97,77.42,77.99,63600,67.46
2007-12-31,77.45,77.45,77.03,77.32,22300,66.88
2007-12-28,77.02,77.14,76.77,77.09,29600,66.68
2007-12-27,76.21,77.52,76.21,76.56,15000,66.22
2007-12-26,76.06,76.41,75.90,75.95,18800,65.70
2007-12-24,76.42,76.57,76.29,76.38,14700,66.07
2007-12-21,77.37,78.39,76.78,76.99,93600,66.34
2007-12-20,77.03,77.76,77.03,77.58,161700,66.85
2007-12-19,77.19,77.47,76.61,77.22,34900,66.54
2007-12-18,76.56,83.00,76.56,76.96,23300,66.31
2007-12-17,76.57,76.83,76.55,76.83,38600,66.20
2007-12-14,76.51,76.60,76.32,76.40,20900,65.83
2007-12-13,76.80,76.88,76.60,76.60,15300,66.00
2007-12-12,76.66,77.22,76.60,77.04,34400,66.38
2007-12-11,76.56,77.54,76.56,77.50,37300,66.78
2007-12-10,76.85,76.89,76.58,76.69,25100,66.08
2007-12-07,77.14,77.14,76.61,76.83,11000,66.20
2007-12-06,77.60,77.60,77.21,77.30,23800,66.61
2007-12-05,77.70,77.85,77.59,77.69,16700,66.94
2007-12-04,77.94,78.00,77.66,77.94,19500,67.16
2007-12-03,79.97,79.97,77.70,77.91,27100,67.13
2007-11-30,77.53,77.96,77.53,77.94,22800,66.90
2007-11-29,77.84,78.06,77.82,77.85,16400,66.83
2007-11-28,77.67,77.67,77.32,77.50,33000,66.53
2007-11-27,80.25,80.25,77.50,77.70,50200,66.70
2007-11-26,76.69,78.36,76.69,78.36,19100,67.26
2007-11-23,77.38,77.48,77.35,77.47,9000,66.50
2007-11-21,77.59,77.67,77.33,77.62,14200,66.63
2007-11-20,77.30,77.39,77.06,77.18,23000,66.25
2007-11-19,76.93,77.42,76.83,77.36,8600,66.41
2007-11-16,76.83,77.02,76.80,76.80,26600,65.93
2007-11-15,76.71,76.91,76.45,76.89,24000,66.00
2007-11-14,76.24,76.48,76.24,76.45,9500,65.62
2007-11-13,76.95,76.95,76.39,76.41,12800,65.59
2007-11-12,76.85,76.85,76.70,76.80,18100,65.93
2007-11-09,76.59,76.73,76.48,76.70,11700,65.84
2007-11-08,76.40,76.54,76.31,76.37,15900,65.56
2007-11-07,76.19,76.29,76.08,76.28,13500,65.48
2007-11-06,76.12,76.29,76.02,76.07,17800,65.30
2007-11-05,76.51,76.51,76.25,76.26,28900,65.46
2007-11-02,76.18,76.68,76.18,76.55,46000,65.71
2007-11-01,76.09,76.48,76.09,76.46,14800,65.63
2007-10-31,76.32,76.43,76.03,76.04,14000,65.02
2007-10-30,76.46,76.54,76.38,76.50,12000,65.41
2007-10-29,76.41,76.58,76.35,76.51,11600,65.42
2007-10-26,76.44,76.63,76.38,76.45,17300,65.37
2007-10-25,76.69,76.75,76.55,76.60,12000,65.50
2007-10-24,76.62,76.83,76.48,76.74,20200,65.62
2007-10-23,76.32,76.46,76.24,76.41,22900,65.34
2007-10-22,76.44,76.44,76.19,76.32,18800,65.26
2007-10-19,76.22,76.51,76.10,76.47,31100,65.39
2007-10-18,75.98,76.04,75.95,76.03,10400,65.01
2007-10-17,75.47,75.91,75.47,75.87,92900,64.87
2007-10-16,75.30,75.35,75.25,75.25,4200,64.34
2007-10-15,75.06,75.25,75.06,75.20,13800,64.30
2007-10-12,75.09,75.32,75.09,75.12,8600,64.23
2007-10-11,75.12,75.33,75.10,75.33,9700,64.41
2007-10-10,75.12,75.43,75.12,75.43,9000,64.50
2007-10-09,75.33,75.39,75.12,75.16,24600,64.27
2007-10-08,75.33,75.50,75.27,75.50,13200,64.56
2007-10-05,75.28,75.77,75.07,75.26,16300,64.35
2007-10-04,75.57,75.68,75.54,75.66,6200,64.69
2007-10-03,75.64,75.74,75.32,75.46,17500,64.52
2007-10-02,75.40,75.65,75.39,75.59,23400,64.63
2007-10-01,75.33,75.47,75.26,75.37,17300,64.45
2007-09-28,75.85,75.85,75.50,75.55,14900,64.35
2007-09-27,75.39,75.63,75.39,75.61,13800,64.40
2007-09-26,75.29,75.45,75.15,75.30,10400,64.13
2007-09-25,75.51,75.61,75.33,75.33,14600,64.16
2007-09-24,75.18,75.30,75.13,75.30,20400,64.13
2007-09-21,75.15,75.22,74.99,75.17,13300,64.02
2007-09-20,75.23,75.31,74.63,74.70,19200,63.62
2007-09-19,75.52,75.52,75.25,75.49,20900,64.29
2007-09-18,75.44,75.69,75.30,75.64,13300,64.42
2007-09-17,75.44,75.56,75.42,75.55,16700,64.35
2007-09-14,75.90,75.90,75.38,75.48,17100,64.29
2007-09-13,75.67,75.67,75.35,75.45,15100,64.26
2007-09-12,75.98,76.01,75.80,75.87,15000,64.62
2007-09-11,76.06,76.13,75.85,75.85,24400,64.60
2007-09-10,76.07,76.31,75.91,76.08,31800,64.80
2007-09-07,76.00,76.03,75.77,75.89,21900,64.64
2007-09-06,75.53,75.63,75.35,75.39,30800,64.21
2007-09-05,75.45,75.67,75.45,75.63,15000,64.41
2007-09-04,75.39,75.39,75.21,75.30,17900,64.13
2007-08-31,75.35,75.68,75.28,75.67,9100,64.19
2007-08-30,75.49,75.62,75.44,75.57,11600,64.11
2007-08-29,75.50,75.62,75.30,75.39,10500,63.96
2007-08-28,75.31,75.66,75.14,75.66,7400,64.18
2007-08-27,75.10,75.22,75.05,75.22,9200,63.81
2007-08-24,75.03,75.04,74.89,74.96,38700,63.59
2007-08-23,74.78,75.03,74.78,74.92,6800,63.56
2007-08-22,74.82,74.99,74.74,74.89,20800,63.53
2007-08-21,75.09,75.13,74.98,75.04,7100,63.66
2007-08-20,74.87,75.01,74.83,74.86,19000,63.51
2007-08-17,74.75,74.87,74.67,74.79,31000,63.45
2007-08-16,74.66,75.06,74.64,74.64,9000,63.32
2007-08-15,74.67,74.77,74.42,74.64,15100,63.32
2007-08-14,74.14,74.61,74.14,74.61,4600,63.29
2007-08-13,74.16,74.37,73.88,74.37,6400,63.09
2007-08-10,74.41,74.43,74.20,74.21,8600,62.95
2007-08-09,74.42,74.45,74.01,74.40,22000,63.12
2007-08-08,74.30,74.30,74.04,74.16,6100,62.91
2007-08-07,74.46,74.50,74.28,74.32,4700,63.05
2007-08-06,74.63,74.66,74.40,74.44,7000,63.15
2007-08-03,74.36,74.66,74.36,74.66,7100,63.34
2007-08-02,74.18,74.30,74.11,74.26,12100,63.00
2007-08-01,74.36,74.43,74.24,74.37,6900,63.09
2007-07-31,74.38,74.69,74.37,74.69,4200,63.16
2007-07-30,74.43,74.48,74.25,74.25,3800,62.78
2007-07-27,74.49,74.50,74.15,74.50,21900,63.00
2007-07-26,74.48,74.72,74.40,74.65,14900,63.12
2007-07-25,74.14,74.24,74.08,74.23,16100,62.77
2007-07-24,74.08,74.13,74.01,74.03,10200,62.60
2007-07-23,73.94,73.98,73.92,73.96,7300,62.54
2007-07-20,73.90,74.17,73.90,74.07,329300,62.63
2007-07-19,73.58,73.74,73.58,73.72,18700,62.34
2007-07-18,73.66,73.93,73.61,73.79,19800,62.40
2007-07-17,73.55,73.65,73.47,73.59,4400,62.23
2007-07-16,73.46,73.63,73.43,73.60,9100,62.24
2007-07-13,73.43,73.45,73.17,73.36,7700,62.03
2007-07-12,73.50,73.50,73.27,73.27,7500,61.96
2007-07-11,73.63,73.63,73.42,73.43,14500,62.09
2007-07-10,73.47,73.74,73.47,73.74,8400,62.35
2007-07-09,73.18,73.20,73.04,73.18,5500,61.88
2007-07-06,73.16,73.18,73.00,73.12,8200,61.83
2007-07-05,73.44,73.46,73.08,73.23,12900,61.92
2007-07-03,73.88,73.88,73.63,73.63,4500,62.26
2007-07-02,73.70,73.81,73.69,73.81,5900,62.41
2007-06-29,73.69,73.86,73.59,73.86,58700,62.27
2007-06-28,73.66,73.68,73.42,73.42,11800,61.90
2007-06-27,73.85,73.85,73.61,73.61,12900,62.06
2007-06-26,73.69,73.71,73.46,73.61,7200,62.06
2007-06-25,73.60,73.74,73.58,73.67,6100,62.11
2007-06-22,73.19,73.50,73.19,73.38,8100,61.87
2007-06-21,73.44,73.46,73.27,73.28,14700,61.78
2007-06-20,73.55,73.57,73.42,73.42,15400,61.90
2007-06-19,73.40,73.67,73.39,73.67,10700,62.11
2007-06-18,73.27,73.37,73.17,73.37,7100,61.86
2007-06-15,73.06,73.29,73.06,73.27,6900,61.77
2007-06-14,73.07,73.08,72.86,72.87,9000,61.44
2007-06-13,72.92,73.05,72.90,73.03,5200,61.57
2007-06-12,73.04,73.06,72.80,72.82,31200,61.39
2007-06-11,73.22,73.37,73.22,73.27,4700,61.77
2007-06-08,73.27,73.41,73.20,73.39,16600,61.87
2007-06-07,73.69,73.69,73.36,73.41,27400,61.89
2007-06-06,73.97,74.05,73.95,74.02,18700,62.40
2007-06-05,74.05,74.07,73.94,73.94,37600,62.34
2007-06-04,74.07,74.11,74.00,74.09,13500,62.46
2007-06-01,74.13,74.14,73.97,73.97,19100,62.36
2007-05-31,74.59,74.59,74.38,74.49,18000,62.60
2007-05-30,74.67,74.67,74.56,74.58,26200,62.68
2007-05-29,74.61,74.61,74.52,74.53,14400,62.64
2007-05-25,74.59,74.64,74.59,74.64,5800,62.73
2007-05-24,74.65,74.65,74.45,74.64,30600,62.73
2007-05-23,74.78,74.79,74.58,74.62,7600,62.71
2007-05-22,74.88,74.88,74.71,74.71,25400,62.79
2007-05-21,74.79,74.92,74.77,74.92,37100,62.96
2007-05-18,74.94,74.98,74.77,74.80,25300,62.86
2007-05-17,75.05,75.10,74.99,75.01,10500,63.04
2007-05-16,75.21,75.24,75.17,75.21,38300,63.21
2007-05-15,75.30,75.30,75.11,75.18,6200,63.18
2007-05-14,75.30,75.33,75.22,75.25,23000,63.24
2007-05-11,75.54,75.55,75.29,75.29,45600,63.27
2007-05-10,75.32,75.41,75.30,75.41,14000,63.38
2007-05-09,75.45,75.46,75.31,75.31,46200,63.29
2007-05-08,75.39,75.52,75.39,75.42,13400,63.38
2007-05-07,75.42,75.42,75.33,75.41,14400,63.38
2007-05-04,75.36,75.39,75.36,75.39,13600,63.36
2007-05-03,75.30,75.31,75.17,75.21,13600,63.21
2007-05-02,75.29,75.34,75.29,75.33,6200,63.31
2007-05-01,75.54,75.57,75.10,75.33,19000,63.31
2007-04-30,75.44,75.60,75.44,75.60,11300,63.36
2007-04-27,75.36,75.36,75.24,75.24,8300,63.06
2007-04-26,75.44,75.44,75.28,75.28,3300,63.09
2007-04-25,75.53,75.62,75.47,75.48,7800,63.26
2007-04-24,75.47,75.63,75.44,75.56,8300,63.32
2007-04-23,75.30,75.43,75.25,75.41,5300,63.20
2007-04-20,75.35,75.37,75.24,75.31,8300,63.12
2007-04-19,75.36,75.36,75.30,75.31,3400,63.12
2007-04-18,75.28,75.34,75.28,75.33,1600,63.13
2007-04-17,75.15,75.19,75.15,75.17,5300,63.00
2007-04-16,74.96,75.00,74.93,75.00,38300,62.86
2007-04-13,74.96,75.01,74.86,74.86,9600,62.74
2007-04-12,75.05,75.06,74.91,74.94,6600,62.81
2007-04-11,75.02,75.05,74.94,74.95,14800,62.81
2007-04-10,75.02,75.06,75.00,75.06,12400,62.91