2011-05-10,25.29,25.29,25.25,25.28,265300,25.28
2011-05-09,25.31,25.31,25.25,25.28,72000,25.28
2011-05-06,25.24,25.27,25.24,25.27,66300,25.27
2011-05-05,25.27,25.27,25.24,25.25,61700,25.25
2011-05-04,25.28,25.28,25.25,25.27,58000,25.27
2011-05-03,25.30,25.30,25.24,25.27,130000,25.27
2011-05-02,25.26,25.29,25.25,25.28,103000,25.28
2011-04-29,25.27,25.29,25.26,25.28,101000,25.28
2011-04-28,25.27,25.28,25.26,25.28,232900,25.28
2011-04-27,25.28,25.28,25.25,25.26,99800,25.26
2011-04-26,25.27,25.28,25.22,25.26,117500,25.26
2011-04-25,25.28,25.28,25.25,25.27,65200,25.27
2011-04-21,25.27,25.28,25.25,25.28,113900,25.28
2011-04-20,25.28,25.28,25.22,25.28,136000,25.28
2011-04-19,25.25,25.26,25.23,25.25,153400,25.25
2011-04-18,25.16,25.36,25.14,25.22,196800,25.22
2011-04-15,25.30,25.30,25.24,25.27,182000,25.27
2011-04-14,25.28,25.31,25.25,25.30,181400,25.23
2011-04-13,25.30,25.31,25.26,25.31,240700,25.24
2011-04-12,25.27,25.32,25.27,25.28,71400,25.21
2011-04-11,25.30,25.33,25.27,25.31,213300,25.24
2011-04-08,25.30,25.31,25.26,25.29,158500,25.22
2011-04-07,25.28,25.30,25.24,25.28,128800,25.21
2011-04-06,25.16,25.25,25.16,25.24,91900,25.17
2011-04-05,25.22,25.22,25.14,25.19,108700,25.12
2011-04-04,25.20,25.20,25.11,25.19,70300,25.12
2011-04-01,25.11,25.11,25.05,25.10,83400,25.03
2011-03-31,25.15,25.15,25.04,25.12,238500,25.05
2011-03-30,25.10,25.11,25.06,25.11,75900,25.04
2011-03-29,25.04,25.06,25.00,25.06,43900,24.99
2011-03-28,25.04,25.05,25.01,25.04,146600,24.97
2011-03-25,24.98,25.03,24.97,25.02,40700,24.95
2011-03-24,24.96,24.98,24.93,24.97,37400,24.90
2011-03-23,24.95,24.96,24.78,24.94,43500,24.87
2011-03-22,24.89,24.90,24.84,24.90,61900,24.83
2011-03-21,24.90,24.90,24.80,24.88,48900,24.81