2011-05-10,17.09,17.09,17.09,17.09,000,17.09
2011-05-09,16.82,17.09,16.82,17.09,2600,17.09
2011-05-06,17.00,17.16,16.96,16.96,7800,16.96
2011-05-05,16.71,16.72,16.50,16.50,3700,16.50
2011-05-04,16.92,16.99,16.71,16.71,5100,16.71
2011-05-03,17.38,17.38,17.13,17.14,15000,17.14
2011-05-02,17.86,17.86,17.54,17.63,1800,17.63
2011-04-29,17.61,17.68,17.61,17.61,600,17.61
2011-04-28,17.37,17.62,17.25,17.62,1600,17.62
2011-04-27,17.76,17.76,17.76,17.76,200,17.76
2011-04-26,17.82,18.01,17.82,17.97,2900,17.97
2011-04-25,17.79,17.79,17.79,17.79,000,17.79
2011-04-21,17.76,17.95,17.72,17.79,6100,17.79
2011-04-20,17.79,17.80,17.65,17.69,6200,17.69
2011-04-19,17.19,17.49,17.16,17.48,9200,17.48
2011-04-18,17.18,17.18,16.85,17.01,2600,17.01
2011-04-15,17.19,17.24,17.19,17.24,800,17.24
2011-04-14,17.24,17.24,17.24,17.24,400,17.24
2011-04-13,17.58,17.60,17.20,17.36,3600,17.36
2011-04-12,17.91,17.91,17.91,17.91,000,17.91
2011-04-11,17.90,17.91,17.90,17.91,800,17.91
2011-04-08,17.80,17.80,17.71,17.71,3100,17.71
2011-04-07,17.54,17.90,17.54,17.90,2800,17.90
2011-04-06,17.96,17.97,17.70,17.70,1200,17.70
2011-04-05,17.66,17.74,17.56,17.74,5000,17.74
2011-04-04,17.65,17.65,17.59,17.60,700,17.60
2011-04-01,17.56,17.72,17.56,17.56,3800,17.56
2011-03-31,17.00,17.28,17.00,17.28,1200,17.28
2011-03-30,16.89,16.98,16.80,16.98,2000,16.98
2011-03-29,16.48,16.48,16.34,16.38,1000,16.38
2011-03-28,16.48,16.53,16.26,16.27,7400,16.27
2011-03-25,16.62,16.62,16.27,16.40,4800,16.40
2011-03-24,16.45,16.57,16.33,16.39,5300,16.39
2011-03-23,16.47,16.47,16.47,16.47,100,16.47
2011-03-22,16.33,16.55,16.28,16.55,4900,16.55
2011-03-21,16.36,16.36,16.36,16.36,200,16.36
2011-03-18,16.11,16.26,16.10,16.10,2600,16.10
2011-03-17,16.00,16.00,16.00,16.00,400,16.00
2011-03-16,16.04,16.04,15.85,15.85,800,15.85
2011-03-15,15.97,16.10,15.97,16.10,800,16.10
2011-03-14,16.02,16.21,16.02,16.21,4300,16.21
2011-03-11,15.84,16.12,15.84,15.98,3600,15.98
2011-03-10,16.02,16.02,15.90,15.91,1000,15.91
2011-03-09,16.22,16.37,16.10,16.10,5700,16.10
2011-03-08,15.88,16.21,15.87,16.02,2100,16.02
2011-03-07,16.49,16.49,16.04,16.04,2600,16.04
2011-03-04,16.38,16.41,16.33,16.39,2700,16.39
2011-03-03,16.28,16.37,16.28,16.37,1700,16.37
2011-03-02,16.02,16.08,15.98,16.01,700,16.01
2011-03-01,16.08,16.08,15.83,15.83,1700,15.83
2011-02-28,16.03,16.03,16.03,16.03,000,16.03
2011-02-25,16.15,16.15,16.03,16.03,2300,16.03
2011-02-24,15.90,15.90,15.90,15.90,000,15.90
2011-02-23,15.63,15.95,15.63,15.90,2000,15.90
2011-02-22,16.24,16.24,15.81,15.86,2400,15.86
2011-02-18,16.45,16.74,16.45,16.53,3100,16.53
2011-02-17,16.34,16.51,16.29,16.34,6500,16.34
2011-02-16,16.18,16.18,16.14,16.15,4900,16.15
2011-02-15,15.94,16.04,15.94,16.04,3400,16.04
2011-02-14,15.64,16.10,15.64,15.95,7200,15.95
2011-02-11,15.23,15.70,15.16,15.70,900,15.70
2011-02-10,15.28,15.28,15.28,15.28,000,15.28
2011-02-09,15.30,15.34,15.23,15.28,10700,15.28
2011-02-08,15.49,15.50,15.47,15.48,2700,15.48
2011-02-07,15.10,15.28,15.10,15.18,3500,15.18
2011-02-04,15.28,15.36,15.07,15.14,19400,15.14
2011-02-03,15.85,15.85,15.47,15.58,4300,15.58
2011-02-02,16.09,16.09,16.09,16.09,100,16.09
2011-02-01,16.00,16.10,15.97,16.10,23900,16.10
2011-01-31,15.87,15.96,15.84,15.96,2000,15.96
2011-01-28,16.11,16.13,15.71,15.87,10200,15.87
2011-01-27,16.25,16.25,16.14,16.24,1900,16.24
2011-01-26,16.62,16.62,16.46,16.49,1900,16.49
2011-01-25,16.50,16.65,16.50,16.65,600,16.65
2011-01-24,16.50,16.81,16.50,16.74,5600,16.74
2011-01-21,16.80,16.80,16.64,16.65,600,16.65
2011-01-20,16.79,16.82,16.72,16.78,3700,16.78
2011-01-19,16.94,17.12,16.90,16.90,8000,16.90
2011-01-18,17.00,17.21,17.00,17.10,4500,17.10
2011-01-14,17.06,17.09,16.95,17.09,1600,17.09
2011-01-13,17.28,17.45,17.23,17.23,3200,17.23
2011-01-12,17.17,17.45,17.12,17.32,14700,17.32
2011-01-11,16.98,17.13,16.98,17.13,3300,17.13
2011-01-10,16.75,16.96,16.71,16.96,13400,16.96
2011-01-07,17.25,17.25,16.87,16.87,3100,16.87
2011-01-06,17.44,17.44,17.19,17.29,2300,17.29
2011-01-05,17.62,17.62,17.51,17.54,3900,17.54
2011-01-04,17.79,17.79,17.47,17.67,7200,17.67
2011-01-03,17.68,17.98,17.68,17.95,5000,17.95
2010-12-31,17.57,17.57,17.57,17.57,1000,17.57
2010-12-30,17.04,17.58,17.04,17.49,4100,17.49
2010-12-29,16.99,17.29,16.99,17.13,3900,17.13
2010-12-28,16.98,16.99,16.85,16.87,11400,16.87
2010-12-27,16.86,16.86,16.73,16.85,3500,16.85
2010-12-23,16.60,16.89,16.47,16.86,11700,16.86
2010-12-22,16.69,16.76,16.58,16.76,4600,16.76
2010-12-21,16.68,16.77,16.61,16.67,12800,16.67
2010-12-20,16.58,16.58,16.39,16.41,2800,16.41
2010-12-17,16.40,16.41,16.40,16.41,1200,16.41
2010-12-16,16.69,16.69,16.39,16.39,2300,16.39
2010-12-15,16.89,16.89,16.75,16.75,1100,16.75
2010-12-14,16.84,17.05,16.84,16.91,2900,16.91
2010-12-13,16.80,16.96,16.75,16.90,15600,16.90
2010-12-10,16.50,16.68,16.50,16.68,1300,16.68
2010-12-09,17.01,17.01,16.53,16.61,5600,16.61
2010-12-08,17.34,17.37,16.95,17.01,10600,17.01
2010-12-07,17.59,17.66,17.27,17.29,12600,17.29
2010-12-06,17.55,17.55,17.34,17.45,22800,17.45
2010-12-03,17.64,17.76,17.58,17.58,20300,17.58
2010-12-02,17.75,17.78,17.75,17.78,1900,17.78
2010-12-01,17.59,17.79,17.59,17.74,3300,17.74
2010-11-30,16.71,17.37,16.71,17.37,2700,17.37
2010-11-29,16.98,17.19,16.90,17.18,16000,17.18
2010-11-26,17.18,17.18,17.18,17.18,2100,17.18
2010-11-24,17.38,17.45,17.27,17.41,19400,17.41
2010-11-23,17.00,17.00,16.80,16.88,6500,16.88
2010-11-22,17.67,17.70,17.31,17.51,5500,17.51
2010-11-19,17.53,17.53,17.17,17.53,100200,17.53
2010-11-18,17.62,17.80,17.62,17.76,13300,17.76
2010-11-17,17.27,17.44,17.19,17.31,24200,17.31
2010-11-16,17.36,17.37,16.83,16.95,17200,16.95
2010-11-15,17.42,17.70,17.42,17.58,10300,17.58
2010-11-12,17.34,17.51,17.34,17.46,28900,17.46
2010-11-11,17.50,17.57,17.42,17.57,5400,17.57
2010-11-10,17.86,17.86,17.52,17.68,36600,17.68
2010-11-09,18.59,18.59,17.89,17.94,52900,17.94
2010-11-08,18.43,18.53,18.40,18.53,43200,18.53
2010-11-05,18.67,18.67,18.56,18.64,31800,18.64
2010-11-04,18.50,18.74,18.50,18.70,12600,18.70
2010-11-03,18.33,18.33,18.15,18.33,12600,18.33
2010-11-02,18.21,18.21,18.12,18.16,15000,18.16
2010-11-01,17.87,18.00,17.87,18.00,12100,18.00
2010-10-29,17.80,17.81,17.65,17.71,16600,17.71
2010-10-28,17.70,17.70,17.58,17.64,9200,17.64
2010-10-27,17.83,17.83,17.54,17.62,900,17.62
2010-10-26,17.67,17.92,17.67,17.89,9000,17.89
2010-10-25,17.76,17.85,17.64,17.83,14800,17.83
2010-10-22,17.73,17.90,17.57,17.59,3100,17.59
2010-10-21,18.01,18.01,17.61,17.65,3600,17.65
2010-10-20,17.84,18.21,17.84,18.15,11300,18.15
2010-10-19,18.20,18.20,17.86,17.87,13900,17.87
2010-10-18,18.79,18.79,18.51,18.52,21300,18.52
2010-10-15,19.01,19.01,18.71,18.86,7300,18.86
2010-10-14,19.16,19.16,18.80,18.85,30900,18.85
2010-10-13,18.87,19.18,18.78,19.11,33800,19.11
2010-10-12,18.49,18.56,18.42,18.56,10100,18.56
2010-10-11,18.48,18.51,18.40,18.50,12800,18.50
2010-10-08,17.82,18.38,17.82,18.36,6900,18.36
2010-10-07,18.08,18.08,17.68,17.81,21900,17.81
2010-10-06,18.07,18.13,17.80,17.87,21500,17.87
2010-10-05,17.68,18.09,17.67,18.05,19000,18.05
2010-10-04,17.60,17.67,17.50,17.52,14600,17.52
2010-10-01,17.46,17.62,17.39,17.55,9500,17.55
2010-09-30,17.00,17.24,17.00,17.15,25400,17.15
2010-09-29,16.92,16.99,16.91,16.97,25000,16.97
2010-09-28,16.69,16.89,16.69,16.86,3700,16.86
2010-09-27,16.72,16.75,16.63,16.73,4500,16.73
2010-09-24,16.91,16.98,16.65,16.72,18400,16.72
2010-09-23,16.65,16.88,16.65,16.70,12600,16.70
2010-09-22,16.69,16.69,16.55,16.65,8900,16.65
2010-09-21,16.44,16.52,16.42,16.49,3500,16.49
2010-09-20,16.47,16.50,16.47,16.49,6300,16.49
2010-09-17,16.54,16.54,16.31,16.38,5000,16.38
2010-09-16,16.49,16.61,16.45,16.47,4000,16.47
2010-09-15,16.51,16.51,16.38,16.47,1100,16.47
2010-09-14,16.46,16.59,16.37,16.49,8900,16.49
2010-09-13,16.16,16.39,16.16,16.37,5300,16.37
2010-09-10,15.87,15.96,15.87,15.96,1500,15.96
2010-09-09,15.82,15.84,15.76,15.84,8000,15.84
2010-09-08,15.63,15.69,15.63,15.69,8600,15.69
2010-09-07,15.47,15.47,15.43,15.43,1000,15.43
2010-09-03,15.87,15.87,15.50,15.58,8400,15.58
2010-09-02,15.76,15.76,15.66,15.72,2700,15.72
2010-09-01,15.72,15.72,15.69,15.71,2100,15.71
2010-08-31,15.15,15.30,15.15,15.21,1700,15.21
2010-08-30,15.08,15.08,15.08,15.08,100,15.08
2010-08-27,15.12,15.28,15.04,15.28,4200,15.28
2010-08-26,15.30,15.30,14.96,14.96,3900,14.96
2010-08-25,15.22,15.22,15.02,15.21,4800,15.21
2010-08-24,15.16,15.19,15.15,15.16,3100,15.16
2010-08-23,15.71,15.71,15.46,15.46,2900,15.46
2010-08-20,15.55,15.55,15.45,15.50,8000,15.50
2010-08-19,15.63,15.72,15.53,15.65,10300,15.65
2010-08-18,15.60,15.81,15.57,15.70,35400,15.70
2010-08-17,15.68,15.68,15.60,15.62,7100,15.62
2010-08-16,15.25,15.51,15.24,15.49,8200,15.49
2010-08-13,15.34,15.34,15.28,15.28,8100,15.28
2010-08-12,14.97,15.19,14.89,15.17,5900,15.17
2010-08-11,15.27,15.27,14.99,15.12,7300,15.12
2010-08-10,15.52,15.57,15.40,15.43,3800,15.43
2010-08-09,15.63,15.71,15.60,15.64,10000,15.64
2010-08-06,15.58,15.68,15.43,15.54,16500,15.54
2010-08-05,15.57,15.68,15.57,15.68,8900,15.68
2010-08-04,15.69,15.70,15.51,15.64,14500,15.64
2010-08-03,15.96,15.96,15.63,15.65,39100,15.65
2010-08-02,15.98,16.14,15.94,16.02,42100,16.02
2010-07-30,15.45,15.87,15.45,15.78,31300,15.78
2010-07-29,15.58,15.58,15.40,15.56,106100,15.56