2011-05-10,20.61,20.64,20.60,20.63,17400,20.63
2011-05-09,20.63,20.64,20.62,20.62,5600,20.62
2011-05-06,20.61,20.65,20.61,20.64,34500,20.64
2011-05-05,20.57,20.64,20.57,20.64,8900,20.64
2011-05-04,20.59,20.64,20.58,20.59,31000,20.59
2011-05-03,20.60,20.60,20.55,20.58,11000,20.58
2011-05-02,20.60,20.66,20.54,20.64,12000,20.64
2011-04-29,20.55,20.63,20.55,20.60,9800,20.59
2011-04-28,20.66,20.66,20.57,20.60,8300,20.59
2011-04-27,20.60,20.68,20.55,20.60,25100,20.59
2011-04-26,20.60,20.64,20.60,20.61,20700,20.60
2011-04-25,20.60,20.61,20.53,20.61,21800,20.60
2011-04-21,20.59,20.64,20.56,20.58,19800,20.57
2011-04-20,20.59,20.59,20.55,20.57,5700,20.56
2011-04-19,20.60,20.60,20.56,20.57,8300,20.56
2011-04-18,20.60,20.60,20.55,20.56,3900,20.55
2011-04-15,20.58,20.60,20.51,20.59,18700,20.58
2011-04-14,20.56,20.59,20.55,20.59,7000,20.58
2011-04-13,20.51,20.60,20.51,20.60,593300,20.59
2011-04-12,20.59,20.59,20.55,20.59,13500,20.58
2011-04-11,20.52,20.55,20.52,20.52,5800,20.51
2011-04-08,20.51,20.57,20.51,20.57,4300,20.56
2011-04-07,20.52,20.52,20.50,20.52,25700,20.51
2011-04-06,20.52,20.52,20.47,20.47,17600,20.46
2011-04-05,20.54,20.55,20.49,20.54,3700,20.53
2011-04-04,20.62,20.62,20.51,20.51,24200,20.50
2011-04-01,20.60,20.60,20.56,20.59,6000,20.58
2011-03-31,20.58,20.63,20.57,20.59,32100,20.56
2011-03-30,20.54,20.58,20.52,20.58,35800,20.55
2011-03-29,20.52,20.54,20.49,20.54,19100,20.51
2011-03-28,20.52,20.52,20.52,20.52,11200,20.49
2011-03-25,20.50,20.55,20.50,20.52,15500,20.49
2011-03-24,20.54,20.59,20.53,20.59,6600,20.56
2011-03-23,20.56,20.57,20.56,20.57,2500,20.54
2011-03-22,20.55,20.58,20.54,20.57,10700,20.54
2011-03-21,20.54,20.60,20.54,20.59,12700,20.56
2011-03-18,20.55,20.62,20.53,20.60,29600,20.57
2011-03-17,20.61,20.62,20.59,20.62,16800,20.59
2011-03-16,20.62,20.62,20.52,20.60,12300,20.57
2011-03-15,20.65,20.65,20.60,20.61,34400,20.58
2011-03-14,20.58,20.65,20.57,20.64,34900,20.61
2011-03-11,20.55,20.63,20.55,20.62,57100,20.59
2011-03-10,20.55,20.62,20.53,20.61,29800,20.58
2011-03-09,20.60,20.61,20.53,20.53,20100,20.50
2011-03-08,20.53,20.59,20.53,20.58,14100,20.55
2011-03-07,20.59,20.59,20.56,20.58,31100,20.55
2011-03-04,20.53,20.59,20.53,20.59,21900,20.56
2011-03-03,20.58,20.58,20.51,20.57,28000,20.54
2011-03-02,20.54,20.60,20.54,20.59,21300,20.56
2011-03-01,20.59,20.60,20.55,20.60,9600,20.57
2011-02-28,20.54,20.62,20.51,20.61,24700,20.56
2011-02-25,20.53,20.60,20.53,20.60,46400,20.55
2011-02-24,20.57,21.16,20.55,20.55,21900,20.50
2011-02-23,20.56,20.61,20.54,20.54,4400,20.49
2011-02-22,20.55,20.63,20.55,20.61,54000,20.56
2011-02-18,20.57,20.58,20.51,20.56,48700,20.51
2011-02-17,20.47,20.57,20.47,20.55,23700,20.50
2011-02-16,20.45,20.63,20.45,20.54,18400,20.49
2011-02-15,20.48,20.55,20.45,20.53,13100,20.48
2011-02-14,20.60,20.60,20.54,20.55,10500,20.50
2011-02-11,20.53,20.58,20.53,20.57,22900,20.52
2011-02-10,20.57,20.58,20.56,20.56,29000,20.51
2011-02-09,20.62,20.62,20.51,20.58,16000,20.53
2011-02-08,20.56,20.58,20.50,20.50,113300,20.45
2011-02-07,20.59,20.60,20.52,20.54,18800,20.49
2011-02-04,20.57,20.58,20.46,20.53,90700,20.48
2011-02-03,20.57,20.57,20.54,20.57,23700,20.52
2011-02-02,20.61,20.61,20.50,20.60,10800,20.55
2011-02-01,20.59,20.59,20.51,20.59,13900,20.54
2011-01-31,20.52,20.61,20.52,20.61,11400,20.54
2011-01-28,20.60,20.61,20.53,20.60,22200,20.53
2011-01-27,20.56,20.65,20.56,20.63,48000,20.56
2011-01-26,20.55,20.61,20.54,20.60,103000,20.53
2011-01-25,20.52,20.56,20.52,20.55,14600,20.48
2011-01-24,20.48,20.55,20.47,20.49,14800,20.42
2011-01-21,20.58,20.58,20.48,20.55,19600,20.48
2011-01-20,20.56,20.57,20.47,20.55,40800,20.48
2011-01-19,20.57,20.57,20.48,20.55,17700,20.48
2011-01-18,20.56,20.56,20.46,20.53,9300,20.46
2011-01-14,20.49,20.57,20.49,20.57,3200,20.50
2011-01-13,20.55,20.57,20.55,20.57,8700,20.50
2011-01-12,20.57,20.58,20.54,20.58,6300,20.51
2011-01-11,20.61,20.61,20.53,20.60,22200,20.53
2011-01-10,20.64,20.64,20.52,20.58,28900,20.51
2011-01-07,20.57,20.61,20.54,20.56,10000,20.49
2011-01-06,20.58,20.58,20.54,20.55,6000,20.48
2011-01-05,20.58,20.58,20.52,20.53,7900,20.46
2011-01-04,20.58,20.59,20.45,20.50,28600,20.43
2011-01-03,20.56,20.56,20.46,20.55,4300,20.48
2010-12-31,20.57,20.59,20.56,20.57,7100,20.50
2010-12-30,20.54,20.55,20.54,20.54,1500,20.47
2010-12-29,20.58,20.58,20.56,20.56,3400,20.49
2010-12-28,20.57,20.57,20.52,20.52,16300,20.43
2010-12-27,20.59,20.59,20.45,20.57,9800,20.48
2010-12-23,20.61,20.61,20.51,20.56,7600,20.47
2010-12-22,20.55,20.61,20.53,20.58,8800,20.49
2010-12-21,20.54,20.55,20.54,20.54,1400,20.45
2010-12-20,20.55,20.63,20.46,20.46,5100,20.37
2010-12-17,20.46,20.55,20.46,20.55,7100,20.46
2010-12-16,20.52,20.54,20.45,20.54,6500,20.45
2010-12-15,20.53,20.56,20.40,20.52,15700,20.43
2010-12-14,20.45,20.52,20.44,20.51,6300,20.42
2010-12-13,20.49,20.53,20.49,20.53,600,20.44
2010-12-10,20.53,20.58,20.45,20.45,8000,20.36
2010-12-09,20.50,20.52,20.38,20.46,24100,20.37
2010-12-08,20.51,20.51,20.47,20.49,16800,20.40
2010-12-07,20.50,20.53,20.50,20.52,4500,20.43
2010-12-06,20.50,20.56,20.46,20.46,55700,20.37
2010-12-03,20.51,20.72,20.42,20.56,123900,20.47
2010-12-02,20.51,20.52,20.45,20.52,3800,20.43
2010-12-01,20.51,20.54,20.50,20.51,7200,20.42
2010-11-30,20.53,20.57,20.47,20.55,79700,20.44
2010-11-29,20.48,20.55,20.48,20.55,6900,20.44
2010-11-26,20.56,20.57,20.56,20.57,1900,20.46
2010-11-24,20.63,20.63,20.47,20.48,9800,20.37
2010-11-23,20.78,20.78,20.59,20.59,2900,20.48
2010-11-22,20.56,20.58,20.51,20.58,12300,20.47
2010-11-19,20.61,20.71,20.61,20.62,11900,20.51
2010-11-18,20.59,20.60,20.55,20.60,15000,20.49
2010-11-17,20.59,20.59,20.56,20.58,3800,20.47
2010-11-16,20.57,21.16,20.49,20.53,13100,20.42
2010-11-15,20.58,20.68,20.57,20.57,13100,20.46
2010-11-12,20.58,20.58,20.57,20.57,4400,20.46
2010-11-11,20.62,20.62,20.58,20.59,9300,20.48
2010-11-10,20.57,20.61,20.57,20.61,8500,20.50
2010-11-09,20.62,20.62,20.60,20.60,5900,20.49
2010-11-08,20.66,20.66,20.63,20.63,1800,20.52
2010-11-05,20.61,20.73,20.60,20.61,10600,20.50
2010-11-04,20.62,20.63,20.58,20.61,6200,20.50
2010-11-03,20.60,21.34,20.56,20.59,11200,20.48
2010-11-02,20.58,20.59,20.58,20.59,9400,20.48
2010-11-01,20.60,20.61,20.55,20.59,28800,20.48
2010-10-29,20.54,20.62,20.54,20.56,31400,20.43
2010-10-28,20.72,20.72,20.58,20.59,23400,20.46
2010-10-27,20.63,20.63,20.60,20.61,14900,20.48
2010-10-26,20.62,20.65,20.59,20.62,12000,20.49
2010-10-25,20.62,20.64,20.59,20.62,10800,20.49
2010-10-22,20.66,20.67,20.60,20.60,5700,20.47
2010-10-21,20.61,20.63,20.61,20.63,7400,20.50
2010-10-20,20.61,20.61,20.57,20.57,19000,20.44
2010-10-19,20.59,20.60,20.59,20.59,7400,20.46
2010-10-18,20.64,20.64,20.62,20.63,31700,20.50
2010-10-15,20.64,20.64,20.62,20.62,15200,20.49
2010-10-14,20.52,20.58,20.50,20.54,3000,20.41
2010-10-13,20.64,20.64,20.55,20.60,8600,20.47
2010-10-12,20.53,20.64,20.53,20.64,4000,20.51
2010-10-11,20.56,20.62,20.56,20.62,2900,20.49
2010-10-08,20.61,20.71,20.58,20.62,22200,20.49
2010-10-07,20.57,20.61,20.55,20.60,9600,20.47
2010-10-06,20.58,20.58,20.50,20.57,8300,20.44
2010-10-05,20.50,20.56,20.50,20.56,12500,20.43
2010-10-04,20.54,20.67,20.53,20.54,11000,20.41
2010-10-01,20.57,20.57,20.55,20.55,9200,20.42
2010-09-30,20.54,22.37,20.50,20.55,89700,20.40
2010-09-29,20.55,20.55,20.50,20.50,8000,20.35
2010-09-28,20.54,20.55,20.54,20.54,6400,20.39
2010-09-27,20.54,20.57,20.51,20.57,7000,20.42
2010-09-24,20.56,20.56,20.55,20.55,12800,20.40
2010-09-23,20.46,20.55,20.46,20.55,7000,20.40
2010-09-22,20.44,20.55,20.44,20.50,43800,20.35
2010-09-21,20.51,20.59,20.51,20.54,20800,20.39
2010-09-20,20.55,20.55,20.54,20.54,14500,20.39
2010-09-17,20.54,20.55,20.50,20.50,6700,20.35
2010-09-16,20.53,20.53,20.53,20.53,8800,20.38
2010-09-15,20.52,20.52,20.52,20.52,6400,20.37
2010-09-14,20.52,20.52,20.50,20.50,10000,20.35
2010-09-13,20.52,20.52,20.52,20.52,6300,20.37
2010-09-10,20.47,20.50,20.47,20.50,12200,20.35
2010-09-09,20.51,20.51,20.46,20.47,5700,20.32
2010-09-08,20.49,20.52,20.47,20.51,10200,20.36
2010-09-07,20.46,20.49,20.44,20.44,6900,20.29
2010-09-03,20.40,20.56,20.40,20.49,13500,20.34
2010-09-02,20.60,20.60,20.44,20.51,23400,20.36
2010-09-01,20.55,20.65,20.53,20.58,8400,20.43
2010-08-31,20.59,20.59,20.56,20.56,6800,20.39
2010-08-30,20.66,20.66,20.53,20.53,7900,20.36
2010-08-27,20.54,20.57,20.54,20.56,8000,20.39
2010-08-26,20.56,20.64,20.52,20.56,13300,20.39
2010-08-25,20.55,20.56,20.53,20.53,26200,20.36
2010-08-24,20.56,20.56,20.53,20.55,5800,20.38
2010-08-23,20.55,20.56,20.53,20.56,10800,20.39
2010-08-20,20.55,20.57,20.54,20.56,20100,20.39
2010-08-19,20.56,20.58,20.56,20.57,14200,20.40
2010-08-18,20.56,20.57,20.54,20.55,59600,20.38
2010-08-17,20.55,20.58,20.53,20.55,9000,20.38
2010-08-16,20.53,20.53,20.50,20.50,2800,20.33
2010-08-13,20.50,20.51,20.50,20.51,2500,20.34
2010-08-12,20.49,20.50,20.48,20.49,3600,20.32
2010-08-11,20.53,20.53,20.50,20.50,3600,20.33
2010-08-10,20.47,20.55,20.47,20.54,11600,20.37
2010-08-09,20.50,20.54,20.47,20.47,20400,20.30
2010-08-06,20.54,20.54,20.47,20.47,15800,20.30
2010-08-05,20.56,20.56,20.53,20.55,8000,20.38
2010-08-04,20.57,20.57,20.50,20.51,14200,20.34
2010-08-03,20.54,20.54,20.50,20.52,11400,20.35
2010-08-02,20.63,20.63,19.97,20.51,34700,20.34
2010-07-30,20.50,20.51,20.49,20.49,5100,20.30
2010-07-29,20.52,20.55,20.52,20.55,9500,20.36
2010-07-28,20.50,20.51,20.49,20.51,12800,20.32
2010-07-27,20.48,20.50,20.47,20.50,17200,20.31
2010-07-26,20.49,20.49,20.42,20.42,13600,20.23
2010-07-23,20.48,20.48,20.41,20.45,24800,20.26
2010-07-22,20.45,20.47,20.43,20.46,13000,20.27
2010-07-21,20.46,20.46,20.43,20.45,6200,20.26
2010-07-20,20.46,20.46,20.42,20.43,10800,20.24
2010-07-19,20.44,20.44,20.41,20.43,19300,20.24
2010-07-16,20.40,20.41,20.38,20.38,11800,20.19
2010-07-15,20.39,20.39,20.33,20.34,27600,20.15
2010-07-14,20.37,20.37,20.34,20.36,8600,20.17
2010-07-13,20.27,20.30,20.26,20.30,5800,20.11
2010-07-12,20.27,20.27,20.22,20.27,13400,20.08
2010-07-09,20.30,20.30,20.26,20.28,14100,20.09
2010-07-08,20.44,20.44,20.27,20.27,3200,20.08
2010-07-07,20.29,20.30,20.28,20.29,6000,20.10
2010-07-06,20.36,20.36,20.27,20.27,1700,20.08
2010-07-02,20.30,20.30,20.27,20.30,4800,20.11
2010-07-01,20.33,20.33,20.25,20.25,7200,20.06
2010-06-30,20.27,20.28,20.27,20.27,4500,20.08
2010-06-29,20.28,20.28,20.23,20.23,9400,20.04
2010-06-28,20.27,20.27,20.26,20.26,8300,20.07
2010-06-25,20.32,20.33,20.28,20.30,9700,20.11
2010-06-24,20.34,20.34,20.26,20.29,23200,20.10
2010-06-23,20.21,20.27,20.21,20.24,13900,20.05
2010-06-22,20.21,20.21,20.20,20.21,5700,20.02
2010-06-21,20.21,20.22,20.21,20.22,16500,20.03
2010-06-18,20.21,20.21,20.18,20.19,7600,20.00
2010-06-17,20.26,20.26,20.19,20.20,14300,20.01
2010-06-16,20.18,20.29,20.18,20.25,20600,20.06
2010-06-15,20.15,20.15,20.14,20.14,9200,19.95
2010-06-14,20.41,20.41,20.10,20.13,6800,19.94
2010-06-11,20.16,20.17,20.14,20.16,6500,19.97
2010-06-10,20.22,20.22,20.08,20.10,10600,19.92
2010-06-09,20.13,20.14,20.11,20.13,1200,19.94
2010-06-08,20.10,20.12,20.09,20.09,2600,19.91
2010-06-07,20.22,20.22,20.09,20.11,2500,19.92