2011-05-10,21.43,21.43,21.35,21.35,18600,21.35
2011-05-09,21.41,21.41,21.39,21.40,15000,21.40
2011-05-06,21.43,21.43,21.34,21.38,13300,21.38
2011-05-05,21.40,21.40,21.33,21.35,35700,21.35
2011-05-04,21.36,21.37,21.27,21.34,12000,21.34
2011-05-03,21.31,21.34,21.26,21.28,18000,21.28
2011-05-02,21.32,21.38,21.25,21.29,37000,21.29
2011-04-29,21.42,21.42,21.26,21.33,15000,21.26
2011-04-28,21.36,21.36,21.22,21.28,22400,21.21
2011-04-27,21.28,21.28,21.15,21.24,8000,21.17
2011-04-26,21.32,21.32,21.18,21.22,13700,21.15
2011-04-25,21.25,21.25,21.11,21.14,10300,21.07
2011-04-21,21.17,21.17,21.08,21.10,16000,21.03
2011-04-20,21.18,21.18,21.09,21.10,6300,21.03
2011-04-19,21.20,21.20,21.12,21.14,5600,21.07
2011-04-18,21.04,21.09,21.04,21.07,8200,21.00
2011-04-15,21.06,21.09,21.02,21.08,6500,21.01
2011-04-14,21.08,21.08,20.96,20.98,8500,20.91
2011-04-13,20.85,21.01,20.85,21.01,4700,20.94
2011-04-12,21.02,21.02,20.91,20.98,11400,20.91
2011-04-11,20.94,20.97,20.80,20.86,1331300,20.79
2011-04-08,20.99,21.04,20.94,21.01,20700,20.94
2011-04-07,21.01,21.01,20.95,20.95,11200,20.88
2011-04-06,21.03,21.03,20.87,20.96,11100,20.89
2011-04-05,21.03,21.03,20.97,20.99,9200,20.92
2011-04-04,21.06,21.06,20.99,21.05,9900,20.98
2011-04-01,20.99,21.04,20.96,21.01,7200,20.94
2011-03-31,21.10,21.10,21.00,21.03,12100,20.90
2011-03-30,21.04,21.06,20.99,21.05,16900,20.92
2011-03-29,21.05,21.05,21.04,21.04,2800,20.91
2011-03-28,21.13,21.13,21.00,21.07,14300,20.94
2011-03-25,21.12,21.13,21.08,21.09,6500,20.96
2011-03-24,21.18,21.18,21.17,21.17,11100,21.04
2011-03-23,21.24,21.24,21.19,21.24,9900,21.11
2011-03-22,21.23,21.24,21.23,21.24,13800,21.11
2011-03-21,21.29,21.29,21.25,21.28,5100,21.15
2011-03-18,21.33,21.36,21.27,21.34,27000,21.21
2011-03-17,21.31,21.37,21.31,21.37,18400,21.24
2011-03-16,21.25,21.29,21.23,21.29,9300,21.16
2011-03-15,21.27,21.30,21.27,21.27,6900,21.14
2011-03-14,21.21,21.26,21.21,21.25,17900,21.12
2011-03-11,21.22,21.22,21.21,21.22,6000,21.09
2011-03-10,21.14,21.22,21.12,21.22,20600,21.09
2011-03-09,21.01,21.08,21.01,21.08,15900,20.95
2011-03-08,21.05,21.05,20.97,21.05,10000,20.92
2011-03-07,21.04,21.06,21.04,21.05,5400,20.92
2011-03-04,20.98,21.04,20.98,21.03,13700,20.90
2011-03-03,20.92,20.96,20.91,20.95,8800,20.82
2011-03-02,21.02,21.06,21.01,21.03,23400,20.90
2011-03-01,21.05,21.07,21.03,21.04,10800,20.91
2011-02-28,21.14,21.15,21.13,21.13,11000,20.94
2011-02-25,21.09,21.11,21.08,21.11,11300,20.93
2011-02-24,21.07,21.10,21.07,21.08,7400,20.90
2011-02-23,21.14,21.20,21.11,21.13,48600,20.94
2011-02-22,21.01,21.03,20.98,21.03,14100,20.85
2011-02-18,20.94,20.98,20.94,20.98,22500,20.80
2011-02-17,20.93,20.95,20.93,20.94,15000,20.76
2011-02-16,20.94,20.94,20.86,20.91,8800,20.73
2011-02-15,20.91,20.94,20.88,20.94,8000,20.76
2011-02-14,20.90,20.92,20.84,20.84,6800,20.66
2011-02-11,20.78,20.85,20.78,20.85,10800,20.67
2011-02-10,20.80,20.80,20.73,20.75,8600,20.57
2011-02-09,20.78,20.85,20.77,20.79,14500,20.61
2011-02-08,20.82,20.84,20.76,20.76,77000,20.58
2011-02-07,20.78,20.80,20.78,20.80,7400,20.62
2011-02-04,20.86,20.87,20.65,20.82,24600,20.64
2011-02-03,20.92,20.93,20.87,20.92,4200,20.74
2011-02-02,20.99,21.02,20.91,20.97,11000,20.79
2011-02-01,21.05,21.06,21.01,21.05,3200,20.87
2011-01-31,21.17,21.20,21.12,21.14,7600,20.91
2011-01-28,21.06,21.17,21.04,21.17,8200,20.94
2011-01-27,21.01,21.03,20.97,21.03,17400,20.80
2011-01-26,21.12,21.12,21.05,21.08,8600,20.85
2011-01-25,21.12,21.16,21.09,21.15,13800,20.92
2011-01-24,21.02,21.08,21.02,21.08,5700,20.85
2011-01-21,21.02,21.03,21.01,21.03,7000,20.80
2011-01-20,21.02,21.02,20.96,20.99,2400,20.76
2011-01-19,21.07,21.07,21.02,21.07,2600,20.84
2011-01-18,21.08,21.09,21.02,21.06,41500,20.83
2011-01-14,21.18,21.19,21.10,21.12,18100,20.89
2011-01-13,21.05,21.12,21.04,21.12,11300,20.89
2011-01-12,20.99,21.04,20.95,21.04,27700,20.81
2011-01-11,21.11,21.12,21.06,21.07,40700,20.84
2011-01-10,21.12,21.12,21.05,21.11,2600,20.88
2011-01-07,21.07,21.09,21.04,21.08,6000,20.85
2011-01-06,20.94,20.97,20.94,20.97,3800,20.74
2011-01-05,20.96,20.99,20.91,20.94,839700,20.71
2011-01-04,21.01,21.06,20.99,21.05,36800,20.82
2011-01-03,20.74,20.96,20.74,20.96,5600,20.73
2010-12-31,21.01,21.07,20.93,21.07,52300,20.84
2010-12-30,20.93,20.93,20.90,20.90,1600,20.67
2010-12-29,20.72,20.90,20.72,20.86,1000,20.63
2010-12-28,20.84,20.87,20.84,20.84,5400,20.55
2010-12-27,20.85,20.85,20.85,20.85,500,20.56
2010-12-23,20.86,20.87,20.83,20.87,4000,20.58
2010-12-22,20.97,20.98,20.93,20.93,2500,20.64
2010-12-21,20.92,20.94,20.88,20.94,4700,20.65
2010-12-20,20.95,20.95,20.95,20.95,2300,20.66
2010-12-17,20.71,20.80,20.71,20.80,1600,20.51
2010-12-16,20.68,20.68,20.65,20.65,2300,20.36
2010-12-15,20.62,20.65,20.62,20.65,1300,20.36
2010-12-14,20.72,20.75,20.72,20.75,400,20.46
2010-12-13,20.81,20.89,20.81,20.83,1500,20.54
2010-12-10,20.91,20.91,20.86,20.86,4200,20.57
2010-12-09,20.89,20.89,20.84,20.89,600,20.60
2010-12-08,20.83,20.83,20.79,20.81,7300,20.52
2010-12-07,21.06,21.06,21.06,21.06,2500,20.77
2010-12-06,21.13,21.16,21.05,21.16,4400,20.86
2010-12-03,21.16,21.16,21.06,21.10,11400,20.80
2010-12-02,20.98,21.05,20.98,21.00,9700,20.71
2010-12-01,21.16,21.20,21.16,21.20,14200,20.90
2010-11-30,21.29,21.36,21.29,21.31,73200,20.94
2010-11-29,21.32,21.33,21.31,21.32,6700,20.95
2010-11-26,21.15,21.20,21.15,21.20,4700,20.84
2010-11-24,21.25,21.25,21.18,21.18,2700,20.82
2010-11-23,21.47,21.47,21.47,21.47,700,21.10
2010-11-22,21.30,21.37,21.30,21.37,2100,21.00
2010-11-19,21.21,21.23,21.21,21.23,3100,20.87
2010-11-18,21.24,21.24,21.18,21.18,3000,20.82
2010-11-17,21.30,21.30,21.30,21.30,1800,20.93
2010-11-16,21.23,21.27,21.19,21.27,5500,20.91
2010-11-15,21.34,21.34,21.29,21.29,400,20.92
2010-11-12,21.57,21.59,21.57,21.59,2400,21.22
2010-11-11,21.48,21.62,21.46,21.50,5000,21.13
2010-11-10,21.55,21.60,21.54,21.60,5800,21.23
2010-11-09,21.70,21.70,21.70,21.70,2000,21.33
2010-11-08,21.69,21.69,21.69,21.69,300,21.32
2010-11-05,21.75,21.75,21.71,21.71,5700,21.34
2010-11-04,21.67,21.67,21.62,21.62,10300,21.25
2010-11-03,21.60,21.60,21.60,21.60,300,21.23
2010-11-02,21.59,21.59,21.59,21.59,000,21.22
2010-11-01,21.62,21.62,21.58,21.59,1100,21.22
2010-10-29,21.50,21.50,21.50,21.50,500,21.07
2010-10-28,21.47,21.47,21.47,21.47,1000,21.04
2010-10-27,21.47,21.47,21.41,21.47,4000,21.04
2010-10-26,21.52,21.52,21.52,21.52,500,21.09
2010-10-25,21.50,21.53,21.47,21.51,4900,21.08
2010-10-22,21.50,21.50,21.50,21.50,1200,21.07
2010-10-21,21.55,21.56,21.50,21.53,6300,21.10
2010-10-20,21.56,21.57,21.54,21.54,1100,21.11
2010-10-19,21.50,21.50,21.50,21.50,5000,21.07
2010-10-18,21.48,21.48,21.46,21.46,1500,21.03
2010-10-15,21.60,21.60,21.50,21.52,3500,21.09
2010-10-14,21.65,21.68,21.59,21.60,8800,21.17
2010-10-13,21.79,21.79,21.66,21.66,17900,21.23
2010-10-12,21.74,21.74,21.68,21.68,1800,21.25
2010-10-11,21.79,21.81,21.78,21.79,7200,21.36
2010-10-08,21.70,21.70,21.70,21.70,100,21.27
2010-10-07,21.75,21.75,21.73,21.73,3000,21.30
2010-10-06,21.60,21.63,21.60,21.62,8300,21.19
2010-10-05,21.47,21.63,21.47,21.51,8400,21.08
2010-10-04,21.47,21.47,21.46,21.46,3600,21.03
2010-10-01,21.48,21.49,21.48,21.49,700,21.06
2010-09-30,21.53,21.53,21.47,21.52,7000,21.04
2010-09-29,21.58,21.58,21.57,21.57,7300,21.08
2010-09-28,21.45,21.52,21.45,21.52,7300,21.04
2010-09-27,21.42,21.43,21.42,21.43,5400,20.95
2010-09-24,21.45,21.45,21.45,21.45,4100,20.97
2010-09-23,21.50,21.50,21.46,21.48,10500,21.00
2010-09-22,21.44,21.51,21.44,21.48,3100,21.00
2010-09-21,21.29,21.37,21.29,21.35,19800,20.87
2010-09-20,21.34,21.34,21.26,21.27,9600,20.79
2010-09-17,21.20,21.21,21.19,21.21,10000,20.73
2010-09-16,21.23,21.25,21.21,21.23,13100,20.75
2010-09-15,21.31,21.31,21.28,21.28,3500,20.80
2010-09-14,21.24,21.24,21.24,21.24,1000,20.76
2010-09-13,21.13,21.13,21.13,21.13,2000,20.65
2010-09-10,21.13,21.13,21.13,21.13,1900,20.65
2010-09-09,21.23,21.23,21.23,21.23,400,20.75
2010-09-08,21.29,21.29,21.28,21.28,13500,20.80
2010-09-07,21.17,21.21,21.17,21.19,28000,20.71
2010-09-03,21.13,21.13,21.13,21.13,2500,20.65
2010-09-02,21.30,21.30,21.30,21.30,000,20.82
2010-09-01,21.35,21.35,21.30,21.30,6000,20.82
2010-08-31,21.36,21.36,21.33,21.36,6300,20.83
2010-08-30,21.28,21.29,21.28,21.29,9900,20.76
2010-08-27,21.35,21.35,21.31,21.33,23900,20.80
2010-08-26,21.39,21.39,21.37,21.37,2500,20.83
2010-08-25,21.43,21.43,21.38,21.38,9500,20.84
2010-08-24,21.39,21.39,21.33,21.38,7200,20.84
2010-08-23,21.34,21.34,21.32,21.32,200,20.79
2010-08-20,21.37,21.39,21.37,21.38,6900,20.84
2010-08-19,21.31,21.34,21.31,21.34,7100,20.81
2010-08-18,21.32,21.32,21.29,21.31,1500,20.78
2010-08-17,21.37,21.37,21.36,21.36,3500,20.83
2010-08-16,21.35,21.35,21.30,21.30,2200,20.77
2010-08-13,21.16,21.22,21.16,21.22,3100,20.69
2010-08-12,21.24,21.24,21.22,21.23,2500,20.70
2010-08-11,21.22,21.24,21.20,21.21,22500,20.68
2010-08-10,21.10,21.21,21.10,21.20,7000,20.67
2010-08-09,21.14,21.14,21.13,21.13,5000,20.60
2010-08-06,21.06,21.06,21.05,21.06,8300,20.53
2010-08-05,21.00,21.07,21.00,21.07,21700,20.54
2010-08-04,21.05,21.05,21.02,21.04,2900,20.51
2010-08-03,20.99,20.99,20.98,20.99,4100,20.46
2010-08-02,21.06,21.11,20.99,21.06,14400,20.53
2010-07-30,21.05,21.05,21.00,21.01,6200,20.42
2010-07-29,20.99,21.04,20.99,20.99,5000,20.40
2010-07-28,20.92,20.95,20.92,20.93,9200,20.34
2010-07-27,20.88,20.94,20.87,20.89,4900,20.30
2010-07-26,20.85,20.96,20.85,20.87,12200,20.28
2010-07-23,20.93,20.95,20.91,20.91,32400,20.32
2010-07-22,20.96,20.97,20.93,20.97,10600,20.38
2010-07-21,20.91,20.96,20.91,20.93,6600,20.34
2010-07-20,20.89,20.89,20.89,20.89,3200,20.30
2010-07-19,20.90,20.91,20.90,20.91,4400,20.32
2010-07-16,20.79,20.88,20.78,20.86,12600,20.27
2010-07-15,20.74,20.74,20.72,20.74,4400,20.15
2010-07-14,20.64,20.67,20.64,20.66,11900,20.08
2010-07-13,20.62,20.62,20.62,20.62,000,20.04
2010-07-12,20.62,20.64,20.62,20.62,5400,20.04
2010-07-09,20.60,20.60,20.54,20.54,1000,19.96
2010-07-08,20.64,20.68,20.64,20.68,9000,20.09
2010-07-07,20.55,20.55,20.55,20.55,000,19.97
2010-07-06,20.53,20.55,20.53,20.55,1400,19.97
2010-07-02,20.65,20.65,20.64,20.64,1100,20.06
2010-07-01,20.70,20.70,20.70,20.70,100,20.11
2010-06-30,20.64,20.64,20.63,20.64,3400,20.06
2010-06-29,20.63,20.63,20.63,20.63,2800,20.05
2010-06-28,20.51,20.52,20.51,20.52,8800,19.94
2010-06-25,20.45,20.48,20.45,20.48,1000,19.90
2010-06-24,20.49,20.49,20.42,20.48,11600,19.90
2010-06-23,20.44,20.44,20.43,20.43,1700,19.85
2010-06-22,20.28,20.29,20.28,20.29,8500,19.72
2010-06-21,20.28,20.30,20.28,20.30,4700,19.73
2010-06-18,20.30,20.30,20.30,20.30,900,19.73
2010-06-17,20.21,20.25,20.21,20.25,14000,19.68
2010-06-16,20.13,20.14,20.13,20.13,5600,19.56
2010-06-15,20.23,20.23,20.20,20.20,4500,19.63
2010-06-14,20.13,20.13,20.13,20.13,000,19.56
2010-06-11,20.06,20.13,20.06,20.13,8200,19.56
2010-06-10,20.20,20.20,20.20,20.20,600,19.63
2010-06-09,20.25,20.25,20.23,20.23,700,19.66
2010-06-08,20.25,20.25,20.23,20.25,1900,19.68
2010-06-07,20.23,20.23,20.23,20.23,100,19.66