2011-05-10,25.57,25.57,25.55,25.57,10300,25.57
2011-05-09,25.56,25.56,25.56,25.56,17000,25.56
2011-05-06,25.53,25.55,25.48,25.54,2800,25.54
2011-05-05,25.52,25.54,25.47,25.52,28700,25.52
2011-05-04,25.48,25.51,25.48,25.51,10000,25.51
2011-05-03,25.52,25.55,25.52,25.52,15000,25.52
2011-05-02,25.57,25.57,25.56,25.56,8500,25.56
2011-04-29,25.56,25.58,25.54,25.58,23000,25.53
2011-04-28,25.54,25.57,25.54,25.55,19800,25.50
2011-04-27,25.55,25.59,25.54,25.56,9000,25.51
2011-04-26,25.53,25.56,25.50,25.55,12800,25.50
2011-04-25,25.53,25.56,25.50,25.54,12000,25.49
2011-04-21,25.51,25.55,25.51,25.53,5400,25.48
2011-04-20,25.53,25.53,25.52,25.53,10100,25.48
2011-04-19,25.45,25.50,25.44,25.50,10600,25.45
2011-04-18,25.45,25.67,25.45,25.54,12200,25.49
2011-04-15,25.45,25.53,25.45,25.53,3200,25.48
2011-04-14,25.52,25.54,25.50,25.52,8600,25.47
2011-04-13,25.49,25.55,25.48,25.51,29100,25.46
2011-04-12,25.49,25.49,25.44,25.48,27200,25.43
2011-04-11,25.50,25.50,25.49,25.50,7400,25.45
2011-04-08,25.49,25.50,25.45,25.46,20500,25.41
2011-04-07,25.50,25.50,25.48,25.50,14800,25.45
2011-04-06,25.42,25.47,25.42,25.45,38200,25.40
2011-04-05,25.40,25.45,25.40,25.45,18600,25.40
2011-04-04,25.49,25.49,25.45,25.47,13100,25.42
2011-04-01,25.44,25.49,25.39,25.43,14600,25.38
2011-03-31,25.45,25.46,25.40,25.45,65600,25.36
2011-03-30,25.44,25.44,25.40,25.42,31500,25.33
2011-03-29,25.38,25.44,25.38,25.41,18300,25.32
2011-03-28,25.36,25.38,25.36,25.38,6800,25.29
2011-03-25,25.36,25.38,25.35,25.35,15300,25.26
2011-03-24,25.35,25.37,25.34,25.37,10500,25.28
2011-03-23,25.37,25.38,25.36,25.38,8000,25.29
2011-03-22,25.36,25.37,25.35,25.37,22700,25.28
2011-03-21,25.33,25.37,25.29,25.35,13800,25.26
2011-03-18,25.34,25.34,25.31,25.32,11100,25.23
2011-03-17,25.31,25.31,25.26,25.30,16300,25.21
2011-03-16,25.30,25.35,25.22,25.30,33600,25.21
2011-03-15,25.18,25.31,25.16,25.31,18400,25.22
2011-03-14,25.43,25.44,25.37,25.40,11600,25.31
2011-03-11,25.41,25.44,25.40,25.42,20100,25.33
2011-03-10,25.49,25.49,25.44,25.45,37800,25.36
2011-03-09,25.48,25.51,25.47,25.50,27800,25.41
2011-03-08,25.38,25.51,25.36,25.45,29800,25.36
2011-03-07,25.41,25.45,25.28,25.40,56600,25.31
2011-03-04,25.41,25.47,25.38,25.46,47200,25.37
2011-03-03,25.34,25.48,25.34,25.44,49700,25.35
2011-03-02,25.37,25.37,25.36,25.36,6500,25.27
2011-03-01,25.44,25.44,25.40,25.43,4400,25.34
2011-02-28,25.46,25.48,25.46,25.47,4600,25.31
2011-02-25,25.43,25.45,25.38,25.38,14600,25.22
2011-02-24,25.44,25.45,25.44,25.45,9600,25.29
2011-02-23,25.41,25.45,25.41,25.45,32800,25.29
2011-02-22,25.44,25.47,25.44,25.46,7400,25.30
2011-02-18,25.43,25.43,25.40,25.42,12900,25.26
2011-02-17,25.44,25.46,25.37,25.43,10000,25.27
2011-02-16,25.37,25.40,25.37,25.38,67400,25.22
2011-02-15,25.36,25.39,25.36,25.37,14600,25.21
2011-02-14,25.35,25.37,25.34,25.36,6000,25.20
2011-02-11,25.34,25.35,25.34,25.35,11900,25.19
2011-02-10,25.31,25.31,25.30,25.30,8400,25.14
2011-02-09,25.34,25.34,25.31,25.31,7800,25.15
2011-02-08,25.34,25.34,25.31,25.32,7000,25.16
2011-02-07,25.34,25.35,25.26,25.26,6400,25.10
2011-02-04,25.25,25.30,25.25,25.29,15100,25.13
2011-02-03,25.30,25.32,25.29,25.29,3400,25.13
2011-02-02,25.27,25.27,25.26,25.26,3800,25.10
2011-02-01,25.26,25.29,25.24,25.25,8100,25.09
2011-01-31,25.22,25.22,25.20,25.21,10000,25.05
2011-01-28,25.24,25.25,25.23,25.25,5300,25.09
2011-01-27,25.26,25.30,25.25,25.25,2500,25.09
2011-01-26,25.26,25.26,25.26,25.26,2700,25.10
2011-01-25,25.26,25.26,25.25,25.26,4400,25.10