2011-05-10,22.02,22.20,21.94,22.19,36800,22.19
2011-05-09,21.81,21.94,21.69,21.93,27600,21.93
2011-05-06,21.94,22.05,21.67,21.76,16300,21.76
2011-05-05,21.80,21.92,21.65,21.77,38000,21.77
2011-05-04,22.19,22.20,21.96,22.05,39000,22.05
2011-05-03,22.23,22.23,22.04,22.13,120100,22.13
2011-05-02,22.44,22.44,22.20,22.22,78000,22.22
2011-04-29,22.20,22.37,22.20,22.31,157000,22.31
2011-04-28,22.11,22.28,22.08,22.24,75300,22.24
2011-04-27,21.89,22.07,21.73,22.02,68700,22.02
2011-04-26,21.72,21.88,21.65,21.88,242700,21.88
2011-04-25,21.67,21.67,21.53,21.64,51700,21.64
2011-04-21,21.52,21.63,21.49,21.57,48100,21.57
2011-04-20,21.42,21.50,21.34,21.43,31300,21.43
2011-04-19,20.98,21.09,20.93,21.09,27400,21.09
2011-04-18,21.06,21.06,20.69,20.93,46100,20.93
2011-04-15,21.18,21.33,21.14,21.28,21500,21.28
2011-04-14,21.06,21.21,20.99,21.20,60900,21.20
2011-04-13,21.09,21.18,20.94,21.02,17200,21.02
2011-04-12,21.08,21.15,20.97,20.98,35400,20.98
2011-04-11,21.33,21.33,21.09,21.16,30400,21.16
2011-04-08,21.33,21.33,21.14,21.22,33800,21.22
2011-04-07,21.34,21.35,21.14,21.17,53900,21.17
2011-04-06,21.35,21.37,21.27,21.35,26700,21.35
2011-04-05,21.28,21.36,21.18,21.25,29000,21.25
2011-04-04,21.39,21.50,21.33,21.41,24300,21.41
2011-04-01,21.30,21.39,21.15,21.36,82800,21.36
2011-03-31,21.12,21.22,21.07,21.19,36500,21.19
2011-03-30,20.91,21.14,20.91,21.12,40100,21.12
2011-03-29,20.59,20.85,20.58,20.82,38700,20.82
2011-03-28,20.76,20.82,20.61,20.62,39400,20.62
2011-03-25,20.86,20.93,20.73,20.77,75400,20.77
2011-03-24,20.77,20.85,20.59,20.85,57800,20.85
2011-03-23,20.58,20.71,20.45,20.64,30700,20.64
2011-03-22,20.64,20.67,20.56,20.65,16600,20.65
2011-03-21,20.57,20.72,20.56,20.71,39500,20.71
2011-03-18,20.19,20.29,20.18,20.23,33200,20.23
2011-03-17,20.00,20.02,19.79,19.85,101100,19.85
2011-03-16,19.83,19.97,19.43,19.57,102800,19.57
2011-03-15,19.57,19.99,19.27,19.89,78300,19.89
2011-03-14,20.15,20.23,20.05,20.18,103000,20.18
2011-03-11,20.22,20.40,20.19,20.34,85900,20.34
2011-03-10,20.53,20.56,20.31,20.34,41800,20.34
2011-03-09,20.76,20.90,20.76,20.83,37500,20.83
2011-03-08,20.70,20.94,20.69,20.78,185000,20.78
2011-03-07,20.80,20.93,20.60,20.69,48100,20.69
2011-03-04,20.96,20.98,20.68,20.83,26400,20.83
2011-03-03,20.89,21.08,20.89,21.02,49200,21.02
2011-03-02,20.50,20.75,20.50,20.69,56400,20.69
2011-03-01,20.82,20.84,20.41,20.48,70200,20.48
2011-02-28,20.77,20.90,20.74,20.82,31000,20.82
2011-02-25,20.58,20.68,20.51,20.68,25500,20.68
2011-02-24,20.44,20.54,20.26,20.42,25100,20.42
2011-02-23,20.57,20.65,20.27,20.39,69700,20.39
2011-02-22,20.88,20.88,20.53,20.54,60500,20.54
2011-02-18,21.00,21.13,20.98,21.10,72700,21.10
2011-02-17,20.84,20.97,20.79,20.95,49600,20.95
2011-02-16,20.87,20.94,20.80,20.93,67800,20.93
2011-02-15,20.90,20.92,20.79,20.80,67600,20.80
2011-02-14,20.78,20.95,20.78,20.93,170300,20.93
2011-02-11,20.58,20.89,20.58,20.87,57500,20.87
2011-02-10,20.63,20.76,20.58,20.72,60300,20.72
2011-02-09,20.75,20.84,20.71,20.81,34900,20.81
2011-02-08,20.76,20.80,20.65,20.80,57700,20.80
2011-02-07,20.73,20.85,20.72,20.74,62100,20.74
2011-02-04,20.61,20.65,20.50,20.65,54900,20.65
2011-02-03,20.48,20.53,20.40,20.51,53000,20.51
2011-02-02,20.72,20.74,20.50,20.54,48500,20.54
2011-02-01,20.65,20.92,20.62,20.90,59800,20.90
2011-01-31,20.41,20.47,20.33,20.43,59100,20.43
2011-01-28,20.64,20.65,20.20,20.23,76800,20.23
2011-01-27,20.74,20.74,20.60,20.71,65500,20.71
2011-01-26,20.66,20.80,20.58,20.73,51000,20.73
2011-01-25,20.44,20.63,20.41,20.63,40600,20.63
2011-01-24,20.24,20.59,20.24,20.58,46100,20.58
2011-01-21,20.43,20.48,20.26,20.29,29700,20.29
2011-01-20,20.46,20.49,20.30,20.42,49200,20.42
2011-01-19,20.90,20.90,20.54,20.62,62100,20.62
2011-01-18,20.79,20.90,20.74,20.81,82100,20.81
2011-01-14,20.63,20.81,20.62,20.81,40300,20.81
2011-01-13,20.82,20.82,20.59,20.68,75400,20.68
2011-01-12,20.94,20.94,20.77,20.93,50700,20.93
2011-01-11,20.44,20.56,20.40,20.51,55300,20.51
2011-01-10,20.34,20.45,20.16,20.44,101700,20.44
2011-01-07,20.47,20.61,20.30,20.50,49300,20.50
2011-01-06,20.62,20.63,20.43,20.49,62900,20.49
2011-01-05,20.57,20.68,20.52,20.60,61600,20.60
2011-01-04,20.99,20.99,20.65,20.81,62700,20.81
2011-01-03,21.00,21.04,20.87,20.91,68700,20.91
2010-12-31,20.81,20.87,20.75,20.77,47900,20.77
2010-12-30,20.83,20.85,20.73,20.78,45400,20.78
2010-12-29,20.61,20.85,20.61,20.81,40200,20.81
2010-12-28,20.70,20.75,20.50,20.61,59700,20.61
2010-12-27,20.58,20.64,20.48,20.59,24300,20.59
2010-12-23,21.06,21.13,21.06,21.10,37200,20.68
2010-12-22,21.03,21.07,20.96,21.07,47800,20.65
2010-12-21,20.94,21.02,20.93,21.01,65200,20.59
2010-12-20,20.91,20.96,20.80,20.90,81900,20.49
2010-12-17,20.78,20.78,20.62,20.75,28100,20.34
2010-12-16,20.60,20.88,20.60,20.88,35200,20.47
2010-12-15,20.69,20.78,20.58,20.62,44200,20.21
2010-12-14,20.77,20.91,20.74,20.83,154200,20.42
2010-12-13,20.59,20.83,20.59,20.75,45700,20.34
2010-12-10,20.43,20.59,20.38,20.58,25300,20.17
2010-12-09,20.41,20.44,20.27,20.42,103000,20.02
2010-12-08,20.37,20.49,20.32,20.41,25200,20.01
2010-12-07,20.43,20.56,20.34,20.39,46000,19.99
2010-12-06,20.21,20.35,20.13,20.30,54100,19.90
2010-12-03,20.01,20.32,20.01,20.28,18400,19.88
2010-12-02,19.75,20.13,19.75,20.09,27800,19.69
2010-12-01,19.60,19.83,19.60,19.81,54900,19.42
2010-11-30,19.40,19.54,19.30,19.43,84800,19.05
2010-11-29,19.68,19.69,19.40,19.68,18200,19.29
2010-11-26,19.83,19.90,19.72,19.84,16700,19.45
2010-11-24,19.77,19.99,19.74,19.98,56900,19.59
2010-11-23,19.76,19.88,19.65,19.69,26700,19.30
2010-11-22,19.95,20.10,19.86,20.05,28700,19.65
2010-11-19,19.86,20.11,19.84,20.07,25200,19.67
2010-11-18,19.80,19.96,19.80,19.86,19100,19.47
2010-11-17,19.58,19.70,19.57,19.65,21700,19.26
2010-11-16,19.94,19.94,19.47,19.56,42900,19.17
2010-11-15,20.00,20.12,19.95,19.95,19400,19.56
2010-11-12,20.17,20.17,19.90,19.93,21800,19.54
2010-11-11,20.11,20.15,20.01,20.11,22200,19.71
2010-11-10,20.09,20.25,19.93,20.20,27000,19.80
2010-11-09,20.37,20.39,20.00,20.05,31300,19.65
2010-11-08,20.35,20.35,20.12,20.21,28000,19.81
2010-11-05,20.38,20.45,20.32,20.45,36700,20.05
2010-11-04,20.07,20.38,20.07,20.37,71500,19.97
2010-11-03,19.80,19.88,19.66,19.82,31200,19.43
2010-11-02,19.68,19.84,19.68,19.83,150900,19.44
2010-11-01,19.65,19.72,19.43,19.51,43600,19.12
2010-10-29,19.45,19.57,19.45,19.50,38500,19.11
2010-10-28,19.53,19.59,19.41,19.52,42900,19.13
2010-10-27,19.39,19.41,19.20,19.36,20100,18.98
2010-10-26,19.40,19.51,19.38,19.43,28700,19.05
2010-10-25,19.64,19.68,19.54,19.56,46800,19.17
2010-10-22,19.48,19.53,19.41,19.50,24800,19.11
2010-10-21,19.56,19.65,19.32,19.41,34800,19.03
2010-10-20,19.24,19.46,19.24,19.42,33800,19.04
2010-10-19,19.21,19.30,18.97,19.09,38500,18.71
2010-10-18,19.28,19.50,19.28,19.45,351600,19.07
2010-10-15,19.48,19.50,19.31,19.34,20200,18.96
2010-10-14,19.46,19.57,19.38,19.51,31500,19.12
2010-10-13,19.31,19.49,19.19,19.34,43900,18.96
2010-10-12,19.04,19.24,18.98,19.18,96900,18.80
2010-10-11,19.14,19.24,19.12,19.15,41300,18.77
2010-10-08,18.96,19.19,18.96,19.14,17200,18.76
2010-10-07,19.10,19.10,18.84,18.95,36300,18.58
2010-10-06,18.98,18.99,18.90,18.98,48600,18.60
2010-10-05,18.69,18.95,18.65,18.89,36600,18.52
2010-10-04,18.66,18.66,18.42,18.48,11400,18.11
2010-10-01,18.66,18.71,18.57,18.67,15800,18.30
2010-09-30,18.71,18.77,18.49,18.58,34000,18.21
2010-09-29,18.60,18.73,18.56,18.66,38800,18.29
2010-09-28,18.51,18.63,18.39,18.61,116100,18.24
2010-09-27,18.62,18.62,18.47,18.52,34300,18.15
2010-09-24,18.33,18.57,18.31,18.51,88600,18.14
2010-09-23,18.28,18.31,18.11,18.12,33900,17.76
2010-09-22,18.33,18.48,18.25,18.33,20000,17.97
2010-09-21,18.32,18.46,18.28,18.31,87800,17.95
2010-09-20,18.18,18.39,18.18,18.37,67000,18.01
2010-09-17,18.13,18.18,18.05,18.10,16200,17.74
2010-09-16,18.10,18.15,18.06,18.12,15600,17.76
2010-09-15,18.14,18.25,18.06,18.22,12200,17.86
2010-09-14,18.12,18.32,18.05,18.22,61800,17.86
2010-09-13,18.20,18.20,18.06,18.14,84700,17.78
2010-09-10,18.04,18.04,17.94,17.97,17600,17.61
2010-09-09,18.05,18.10,17.92,17.96,18800,17.61
2010-09-08,17.85,18.03,17.83,17.88,28500,17.53
2010-09-07,17.87,17.87,17.75,17.75,57200,17.40
2010-09-03,17.81,17.90,17.77,17.87,53200,17.52
2010-09-02,17.64,17.72,17.59,17.71,32100,17.36
2010-09-01,17.27,17.60,17.27,17.54,34900,17.19
2010-08-31,16.99,17.10,16.92,16.99,30700,16.65
2010-08-30,17.15,17.24,17.01,17.01,22300,16.67
2010-08-27,17.09,17.27,16.94,17.26,39600,16.92
2010-08-26,17.11,17.15,16.92,16.92,52800,16.59
2010-08-25,16.82,17.07,16.75,17.01,44900,16.67
2010-08-24,17.00,17.05,16.70,16.95,72800,16.62
2010-08-23,17.39,17.39,17.14,17.14,16900,16.80
2010-08-20,17.36,17.36,17.12,17.25,27800,16.91
2010-08-19,17.78,17.78,17.36,17.48,51000,17.13
2010-08-18,17.97,17.98,17.78,17.86,21100,17.51
2010-08-17,17.92,18.03,17.80,17.96,68700,17.61
2010-08-16,17.60,17.76,17.50,17.69,20800,17.34
2010-08-13,17.62,17.72,17.59,17.60,13100,17.25
2010-08-12,17.61,17.72,17.47,17.71,38100,17.36
2010-08-11,18.00,18.00,17.69,17.72,102200,17.37
2010-08-10,18.42,18.47,18.20,18.36,37600,18.00
2010-08-09,18.54,18.64,18.48,18.57,21100,18.20
2010-08-06,18.44,18.57,18.34,18.53,25800,18.16
2010-08-05,18.43,18.60,18.43,18.55,37300,18.18
2010-08-04,18.59,18.60,18.43,18.52,26600,18.15
2010-08-03,18.48,18.60,18.40,18.49,55700,18.12
2010-08-02,18.42,18.58,18.37,18.50,14600,18.13
2010-07-30,17.93,18.16,17.89,18.07,19600,17.71
2010-07-29,18.16,18.21,17.88,18.05,237700,17.69
2010-07-28,17.91,18.01,17.85,17.89,32900,17.54
2010-07-27,18.14,18.16,17.94,17.98,40800,17.62
2010-07-26,17.88,18.03,17.78,18.00,65500,17.64
2010-07-23,17.59,17.88,17.55,17.85,21300,17.50
2010-07-22,17.44,17.66,17.44,17.58,96300,17.23
2010-07-21,17.44,17.46,17.13,17.21,35500,16.87
2010-07-20,17.07,17.50,17.07,17.48,39900,17.13
2010-07-19,17.27,17.37,17.18,17.33,25300,16.99
2010-07-16,17.59,17.59,17.14,17.16,16200,16.82
2010-07-15,17.66,17.75,17.51,17.75,78600,17.40
2010-07-14,17.57,17.69,17.48,17.55,67500,17.20
2010-07-13,17.52,17.74,17.45,17.68,38200,17.33
2010-07-12,17.32,17.39,17.20,17.23,37900,16.89
2010-07-09,17.40,17.45,17.29,17.44,24000,17.10
2010-07-08,17.25,17.39,17.22,17.38,43600,17.04
2010-07-07,16.82,17.28,16.82,17.25,47500,16.91
2010-07-06,16.94,17.01,16.55,16.58,84800,16.25
2010-07-02,16.69,16.79,16.56,16.63,57000,16.30
2010-07-01,16.65,16.71,16.46,16.60,44000,16.27
2010-06-30,16.66,16.79,16.48,16.48,83400,16.15
2010-06-29,16.82,16.86,16.51,16.62,101400,16.29
2010-06-28,17.25,17.26,17.02,17.06,181200,16.72
2010-06-25,17.11,17.20,16.96,17.15,31500,16.81
2010-06-24,17.21,17.21,16.99,16.99,32400,16.65
2010-06-23,17.15,17.30,17.00,17.15,226300,16.81
2010-06-22,17.34,17.45,17.03,17.04,62200,16.70
2010-06-21,17.64,17.64,17.20,17.26,75600,16.92
2010-06-18,17.52,17.57,17.40,17.46,37000,17.11
2010-06-17,17.40,17.47,17.26,17.44,54500,17.10
2010-06-16,17.27,17.47,17.26,17.35,83600,17.01
2010-06-15,17.14,17.50,17.14,17.48,32300,17.13
2010-06-14,17.06,17.25,16.95,16.99,49500,16.65
2010-06-11,16.69,16.82,16.61,16.80,35500,16.47
2010-06-10,16.53,16.80,16.50,16.77,308400,16.44
2010-06-09,16.33,16.46,16.10,16.12,154900,15.80
2010-06-08,16.05,16.21,15.92,16.18,158900,15.86
2010-06-07,16.46,16.46,16.02,16.02,36900,15.70
2010-06-04,16.61,16.69,16.24,16.30,189800,15.98
2010-06-03,16.96,17.04,16.84,16.98,55100,16.64
2010-06-02,16.60,16.97,16.53,16.96,21800,16.62
2010-06-01,16.66,16.89,16.48,16.48,55100,16.15
2010-05-28,16.95,16.95,16.58,16.66,28100,16.33
2010-05-27,16.29,16.93,16.29,16.93,40100,16.60
2010-05-26,16.42,16.46,16.15,16.15,36500,15.83
2010-05-25,15.96,16.33,15.81,16.30,104100,15.98
2010-05-24,16.46,16.54,16.25,16.25,41000,15.93
2010-05-21,16.13,16.65,16.08,16.65,94900,16.32
2010-05-20,16.72,16.72,16.25,16.31,93400,15.99
2010-05-19,17.04,17.14,16.72,16.96,61800,16.62
2010-05-18,17.65,17.65,16.96,17.02,282500,16.68
2010-05-17,17.25,17.40,16.94,17.37,51600,17.03
2010-05-14,17.67,17.69,17.20,17.27,63400,16.93
2010-05-13,17.88,17.88,17.65,17.65,43600,17.30
2010-05-12,17.85,18.00,17.71,17.93,58400,17.58
2010-05-11,17.46,17.84,17.45,17.52,98300,17.17
2010-05-10,17.65,17.74,17.19,17.63,83200,17.28
2010-05-07,16.93,17.09,16.40,16.68,460700,16.35
2010-05-06,17.81,17.81,8.00,16.92,279000,16.59
2010-05-05,17.91,17.98,17.73,17.78,80700,17.43
2010-05-04,18.36,18.45,18.03,18.10,93100,17.74
2010-05-03,18.57,18.76,18.51,18.72,26900,18.35
2010-04-30,18.84,18.84,18.43,18.43,32100,18.07
2010-04-29,18.52,18.77,18.46,18.73,45000,18.36
2010-04-28,18.49,18.49,18.15,18.27,66700,17.91
2010-04-27,18.79,18.79,18.24,18.27,64300,17.91
2010-04-26,18.95,18.95,18.78,18.78,52600,18.41
2010-04-23,18.66,18.94,18.66,18.90,57500,18.53
2010-04-22,18.58,18.81,18.50,18.75,70800,18.38
2010-04-21,18.77,18.79,18.64,18.73,33600,18.36
2010-04-20,18.70,18.85,18.70,18.76,35200,18.39
2010-04-19,18.60,18.69,18.43,18.67,56800,18.30
2010-04-16,18.97,18.98,18.67,18.75,48900,18.38
2010-04-15,19.06,19.11,18.95,19.05,35000,18.67
2010-04-14,18.99,19.09,18.90,19.04,43600,18.66
2010-04-13,18.94,18.94,18.74,18.83,37500,18.46
2010-04-12,18.97,18.97,18.85,18.88,28300,18.51
2010-04-09,18.82,18.89,18.73,18.85,168200,18.48
2010-04-08,18.66,18.76,18.44,18.71,36400,18.34
2010-04-07,18.80,18.81,18.63,18.73,43100,18.36
2010-04-06,18.72,18.88,18.68,18.86,46200,18.49
2010-04-05,18.80,18.94,18.77,18.88,74900,18.51
2010-04-01,18.74,18.79,18.61,18.73,72600,18.36
2010-03-31,18.52,18.54,18.33,18.43,40400,18.07
2010-03-30,18.59,18.59,18.39,18.50,78200,18.13
2010-03-29,18.35,18.39,18.26,18.35,70800,17.99
2010-03-26,18.25,18.25,18.07,18.12,72200,17.76
2010-03-25,18.34,18.37,18.07,18.09,158900,17.73
2010-03-24,18.27,18.27,18.09,18.14,47500,17.78
2010-03-23,18.33,18.46,18.25,18.45,69800,18.09
2010-03-22,18.11,18.28,17.96,18.22,75400,17.86
2010-03-19,18.32,18.34,18.10,18.20,52200,17.84
2010-03-18,18.40,18.40,18.23,18.30,36500,17.94
2010-03-17,18.34,18.44,18.25,18.33,68800,17.97
2010-03-16,18.06,18.25,18.06,18.25,48500,17.89
2010-03-15,18.10,18.14,18.00,18.11,18300,17.75
2010-03-12,18.24,18.25,18.05,18.14,46800,17.78
2010-03-11,18.04,18.14,17.94,18.11,39500,17.75
2010-03-10,18.03,18.19,18.03,18.14,50300,17.78
2010-03-09,18.02,18.12,17.94,18.04,32600,17.68
2010-03-08,18.06,18.19,17.99,18.01,34700,17.65
2010-03-05,17.90,18.08,17.90,18.05,59400,17.69
2010-03-04,18.10,18.11,17.90,17.93,167200,17.58
2010-03-03,17.92,18.13,17.92,18.01,72000,17.65
2010-03-02,17.78,17.92,17.77,17.83,83200,17.48
2010-03-01,17.88,17.88,17.59,17.67,57700,17.32
2010-02-26,17.56,17.61,17.41,17.55,45400,17.20
2010-02-25,17.29,17.61,17.11,17.61,52900,17.26
2010-02-24,17.62,17.71,17.55,17.70,333100,17.35
2010-02-23,17.80,17.82,17.52,17.56,55800,17.21
2010-02-22,17.83,17.95,17.75,17.80,67400,17.45
2010-02-19,17.72,17.78,17.56,17.70,46300,17.35
2010-02-18,17.55,17.85,17.51,17.85,63000,17.50
2010-02-17,17.69,17.72,17.58,17.68,38200,17.33
2010-02-16,17.31,17.59,17.31,17.55,49600,17.20
2010-02-12,17.37,17.37,17.08,17.35,53000,17.01
2010-02-11,17.28,17.48,17.11,17.48,66500,17.13
2010-02-10,17.15,17.36,17.10,17.27,63700,16.93
2010-02-09,17.07,17.42,17.03,17.22,86700,16.88
2010-02-08,17.07,17.17,16.87,16.87,29600,16.54
2010-02-05,17.25,17.25,16.85,17.17,128600,16.83
2010-02-04,17.66,17.81,17.30,17.30,78900,16.96
2010-02-03,18.01,18.01,17.78,17.93,74700,17.58
2010-02-02,17.86,18.12,17.81,18.11,61300,17.75
2010-02-01,17.81,17.96,17.75,17.85,125700,17.50
2010-01-29,17.69,17.86,17.44,17.51,98300,17.16
2010-01-28,17.90,17.97,17.55,17.63,228100,17.28
2010-01-27,17.92,18.05,17.80,18.00,149300,17.64
2010-01-26,18.01,18.22,18.00,18.01,206300,17.65
2010-01-25,18.31,18.31,18.13,18.16,127100,17.80
2010-01-22,18.34,18.36,17.95,17.98,151800,17.62
2010-01-21,18.57,18.70,18.23,18.30,107700,17.94
2010-01-20,18.84,18.86,18.50,18.67,97400,18.30
2010-01-19,18.82,18.95,18.76,18.90,119300,18.53
2010-01-15,18.95,18.96,18.66,18.76,87700,18.39
2010-01-14,18.99,19.03,18.85,18.97,56900,18.60
2010-01-13,18.95,18.95,18.73,18.89,88800,18.52
2010-01-12,18.88,19.04,18.76,18.87,62600,18.50
2010-01-11,19.08,19.18,18.91,19.07,94700,18.69
2010-01-08,18.68,18.94,18.63,18.94,132500,18.57
2010-01-07,18.70,18.71,18.56,18.62,54000,18.25
2010-01-06,18.75,18.81,18.62,18.67,1127900,18.30
2010-01-05,18.80,18.80,18.65,18.76,85800,18.39
2010-01-04,18.48,18.76,18.48,18.72,122200,18.35
2009-12-31,18.64,18.64,18.42,18.42,50300,18.06
2009-12-30,18.53,18.59,18.42,18.52,80700,18.15
2009-12-29,18.50,18.60,18.40,18.50,60200,18.13
2009-12-28,18.60,18.70,18.38,18.47,134700,18.10
2009-12-24,18.57,18.57,18.42,18.53,49600,18.16
2009-12-23,18.68,18.68,18.40,18.61,133700,18.05
2009-12-22,18.61,18.61,18.40,18.55,126700,17.99
2009-12-21,18.52,18.64,18.31,18.52,134000,17.96
2009-12-18,18.47,18.49,18.20,18.41,137100,17.85
2009-12-17,18.55,18.55,18.31,18.39,97800,17.83
2009-12-16,18.81,18.81,18.60,18.69,111400,18.12
2009-12-15,18.60,18.69,18.52,18.65,158900,18.08
2009-12-14,18.60,18.67,18.46,18.67,243100,18.10
2009-12-11,18.48,18.54,18.34,18.45,94100,17.89
2009-12-10,18.39,18.44,18.28,18.35,82800,17.79
2009-12-09,18.30,18.32,18.05,18.32,111200,17.76
2009-12-08,18.50,18.58,18.17,18.35,102700,17.79
2009-12-07,18.62,18.79,18.50,18.61,151700,18.05
2009-12-04,18.67,18.80,18.39,18.54,97300,17.98
2009-12-03,18.70,18.80,18.41,18.41,105800,17.85
2009-12-02,18.50,18.70,18.48,18.61,111600,18.05
2009-12-01,18.19,18.57,18.19,18.47,1071700,17.91
2009-11-30,18.07,18.17,17.92,18.17,67500,17.62
2009-11-27,17.95,18.20,17.77,18.10,69800,17.55
2009-11-25,18.30,18.41,18.26,18.39,101900,17.83
2009-11-24,18.20,18.28,18.05,18.23,78300,17.68
2009-11-23,18.13,18.35,18.07,18.20,151900,17.65
2009-11-20,17.83,18.01,17.80,17.93,52800,17.39
2009-11-19,18.13,18.20,17.89,17.98,381400,17.44
2009-11-18,18.46,18.46,18.20,18.37,52600,17.81
2009-11-17,18.41,18.46,18.24,18.42,65700,17.86
2009-11-16,18.25,18.50,18.16,18.42,100400,17.86
2009-11-13,18.09,18.28,18.02,18.24,61300,17.69
2009-11-12,18.22,18.25,17.94,18.02,70200,17.47
2009-11-11,18.22,18.29,18.06,18.15,72900,17.60
2009-11-10,18.02,18.18,18.00,18.12,55600,17.57
2009-11-09,17.81,18.16,17.81,18.11,94400,17.56
2009-11-06,17.59,17.74,17.51,17.70,68300,17.16
2009-11-05,17.39,17.76,17.39,17.70,105400,17.16
2009-11-04,17.47,17.69,17.33,17.38,93000,16.85
2009-11-03,17.00,17.27,17.00,17.21,135500,16.69
2009-11-02,17.17,17.38,17.00,17.19,51300,16.67
2009-10-30,17.54,17.61,17.10,17.20,77500,16.68
2009-10-29,17.28,17.62,17.25,17.50,47800,16.97
2009-10-28,17.39,17.41,17.00,17.01,73000,16.49
2009-10-27,17.55,17.70,17.41,17.49,56500,16.96
2009-10-26,17.85,17.98,17.52,17.61,42900,17.08
2009-10-23,18.08,18.14,17.70,17.80,66300,17.26
2009-10-22,17.82,18.13,17.82,18.12,61200,17.57
2009-10-21,17.92,18.18,17.81,17.81,115000,17.27
2009-10-20,18.14,18.19,17.80,17.92,190100,17.38
2009-10-19,17.98,18.14,17.95,18.10,67600,17.55
2009-10-16,17.94,17.98,17.75,17.87,87800,17.33
2009-10-15,18.01,18.10,17.85,18.09,120600,17.54
2009-10-14,18.01,18.14,17.92,18.07,96300,17.52
2009-10-13,17.84,17.93,17.69,17.83,40100,17.29
2009-10-12,17.86,17.93,17.72,17.81,63600,17.27
2009-10-09,17.69,17.75,17.56,17.75,66800,17.21
2009-10-08,17.60,17.80,17.57,17.69,101500,17.15
2009-10-07,17.40,17.51,17.38,17.42,50300,16.89
2009-10-06,17.39,17.61,17.32,17.46,79800,16.93
2009-10-05,17.10,17.30,17.03,17.27,66600,16.75
2009-10-02,17.20,17.25,17.00,17.13,134800,16.61
2009-10-01,17.86,17.97,17.35,17.38,141400,16.85
2009-09-30,17.93,18.04,17.67,17.86,138000,17.32
2009-09-29,17.87,17.98,17.75,17.91,59000,17.37
2009-09-28,17.55,17.90,17.47,17.87,66400,17.33
2009-09-25,17.51,17.70,17.48,17.53,73300,17.00
2009-09-24,18.00,18.04,17.51,17.69,59900,17.15
2009-09-23,18.09,18.22,17.86,17.94,62000,17.40
2009-09-22,18.11,18.15,17.95,18.03,99700,17.48
2009-09-21,17.93,18.08,17.82,17.95,134100,17.41
2009-09-18,18.17,18.17,17.95,18.08,74800,17.53
2009-09-17,18.14,18.22,18.00,18.11,368700,17.56
2009-09-16,18.01,18.24,17.94,18.21,135700,17.66
2009-09-15,17.74,17.95,17.68,17.92,61000,17.38
2009-09-14,17.61,17.83,17.50,17.83,57800,17.29
2009-09-11,17.78,17.89,17.60,17.68,66100,17.14
2009-09-10,17.55,17.73,17.38,17.73,71600,17.19
2009-09-09,17.33,17.59,17.30,17.50,66900,16.97
2009-09-08,17.09,17.28,17.09,17.22,135300,16.70
2009-09-04,16.81,16.99,16.67,16.91,32600,16.40
2009-09-03,16.78,16.82,16.61,16.79,36800,16.28
2009-09-02,16.61,16.69,16.50,16.63,34700,16.13
2009-09-01,16.80,17.05,16.56,16.62,84900,16.12
2009-08-31,16.93,17.00,16.77,16.93,62500,16.42
2009-08-28,17.20,17.28,16.95,17.07,55100,16.55
2009-08-27,17.13,17.23,16.80,17.17,63500,16.65
2009-08-26,17.22,17.22,16.93,17.10,62700,16.58
2009-08-25,17.34,17.34,17.00,17.08,133900,16.56
2009-08-24,16.97,17.09,16.83,16.92,198000,16.41
2009-08-21,16.60,16.92,16.59,16.89,93900,16.38
2009-08-20,16.25,16.58,16.25,16.53,141100,16.03
2009-08-19,15.98,16.42,15.90,16.32,24700,15.83
2009-08-18,15.86,16.21,15.86,16.17,27600,15.68
2009-08-17,16.06,16.13,15.77,15.84,49700,15.36
2009-08-14,16.55,16.55,16.20,16.38,30500,15.88
2009-08-13,16.59,16.59,16.37,16.50,31400,16.00
2009-08-12,16.15,16.57,16.13,16.37,53700,15.87
2009-08-11,16.30,16.30,16.06,16.25,45600,15.76
2009-08-10,16.16,16.32,16.12,16.28,39300,15.79
2009-08-07,16.26,16.38,16.16,16.31,196800,15.82
2009-08-06,16.43,16.43,16.15,16.24,35900,15.75
2009-08-05,16.62,16.69,16.39,16.58,39300,16.08
2009-08-04,16.57,16.73,16.53,16.69,42800,16.18
2009-08-03,16.59,16.95,16.55,16.74,89000,16.23
2009-07-31,16.31,16.50,16.26,16.39,131200,15.89
2009-07-30,16.28,16.51,16.20,16.25,59600,15.76
2009-07-29,16.18,16.30,16.02,16.17,69200,15.68
2009-07-28,16.26,16.33,16.04,16.33,55600,15.84
2009-07-27,16.29,16.42,16.15,16.42,23700,15.92
2009-07-24,16.11,16.39,16.03,16.38,41000,15.88
2009-07-23,16.29,16.43,15.88,16.27,87800,15.78
2009-07-22,16.00,16.22,15.87,16.16,50100,15.67
2009-07-21,16.15,16.15,15.83,16.03,87300,15.54
2009-07-20,15.82,16.08,15.75,16.08,60700,15.59
2009-07-17,15.70,15.74,15.55,15.67,57400,15.20
2009-07-16,15.49,15.92,15.46,15.85,49300,15.37
2009-07-15,15.41,15.81,15.34,15.54,62600,15.07
2009-07-14,14.97,15.14,14.91,15.09,108400,14.63
2009-07-13,14.93,15.06,14.64,15.00,60100,14.55
2009-07-10,14.55,14.80,14.55,14.80,68000,14.35
2009-07-09,14.82,14.88,14.56,14.77,55700,14.32
2009-07-08,14.84,14.84,14.49,14.66,54700,14.22
2009-07-07,15.21,15.21,14.77,14.77,44200,14.32
2009-07-06,15.10,15.36,15.01,15.19,40200,14.73
2009-07-02,15.61,15.61,15.32,15.39,58300,14.92
2009-07-01,15.83,15.91,15.69,15.79,48100,15.31
2009-06-30,15.75,15.86,15.50,15.67,37800,15.20
2009-06-29,15.54,15.88,15.54,15.75,54300,15.27
2009-06-26,15.51,15.59,15.28,15.59,20000,15.12
2009-06-25,15.17,15.49,15.03,15.47,64100,15.00
2009-06-24,15.18,15.42,15.00,15.02,121500,14.56
2009-06-23,14.90,15.08,14.82,14.93,123700,14.48
2009-06-22,15.49,15.49,14.90,14.98,101300,14.53
2009-06-19,15.31,15.59,15.18,15.37,189000,14.90
2009-06-18,15.26,15.32,15.10,15.17,46700,14.71
2009-06-17,15.21,15.33,14.98,15.27,81500,14.81
2009-06-16,15.53,15.53,15.09,15.12,40600,14.66
2009-06-15,15.66,15.77,15.21,15.42,90900,14.95
2009-06-12,16.15,16.15,15.63,15.85,76700,15.37
2009-06-11,15.79,16.07,15.60,15.95,100100,15.47
2009-06-10,15.90,15.96,15.44,15.68,88900,15.20
2009-06-09,15.69,15.84,15.55,15.77,71400,15.29
2009-06-08,15.35,15.60,15.19,15.52,53300,15.05
2009-06-05,15.63,15.63,15.30,15.43,104500,14.96
2009-06-04,15.51,15.66,15.36,15.60,90200,15.13
2009-06-03,15.56,15.70,15.27,15.47,98100,15.00
2009-06-02,15.50,15.97,15.50,15.93,80800,15.45
2009-06-01,15.41,15.62,15.17,15.55,33400,15.08
2009-05-29,15.12,15.17,14.94,15.17,35200,14.71
2009-05-28,14.79,15.02,14.70,14.98,31700,14.53
2009-05-27,14.95,15.20,14.79,14.80,39700,14.35
2009-05-26,14.53,15.19,14.51,15.05,61600,14.59
2009-05-22,14.92,14.97,14.75,14.85,13300,14.40
2009-05-21,14.89,14.89,14.66,14.84,39900,14.39
2009-05-20,15.16,15.23,14.92,14.92,32700,14.47
2009-05-19,14.73,15.15,14.73,15.03,41500,14.57
2009-05-18,14.34,14.80,14.32,14.80,43900,14.35
2009-05-15,14.41,14.50,14.21,14.28,38700,13.85
2009-05-14,14.04,14.38,14.04,14.34,62400,13.91
2009-05-13,14.35,14.35,14.00,14.07,39000,13.64
2009-05-12,14.81,14.81,14.49,14.68,33700,14.24
2009-05-11,14.67,14.71,14.43,14.48,35600,14.04
2009-05-08,14.77,15.00,14.64,14.92,38700,14.47
2009-05-07,14.61,14.82,14.27,14.45,50900,14.01
2009-05-06,14.51,14.60,14.27,14.45,43400,14.01
2009-05-05,14.32,14.46,14.28,14.45,33800,14.01
2009-05-04,14.15,14.47,14.07,14.47,32900,14.03
2009-05-01,13.79,14.08,13.78,13.98,28300,13.56
2009-04-30,13.86,14.02,13.68,13.75,46900,13.33
2009-04-29,13.51,13.95,13.51,13.80,53000,13.38
2009-04-28,13.18,13.50,13.18,13.42,51500,13.01
2009-04-27,13.43,13.58,13.27,13.39,34300,12.98
2009-04-24,13.35,13.64,13.33,13.42,44900,13.01
2009-04-23,13.11,13.31,13.00,13.31,38200,12.91
2009-04-22,13.12,13.32,12.88,13.00,39900,12.61
2009-04-21,12.61,13.10,12.61,13.06,32400,12.66
2009-04-20,13.44,13.44,12.75,12.81,26300,12.42
2009-04-17,13.42,13.49,13.23,13.35,44400,12.95
2009-04-16,13.41,13.41,13.00,13.37,40700,12.96
2009-04-15,12.97,13.09,12.57,13.09,20400,12.69
2009-04-14,13.00,13.00,12.58,12.81,16800,12.42
2009-04-13,13.13,13.17,12.88,13.05,21900,12.65
2009-04-09,12.64,13.08,12.55,13.03,41900,12.64
2009-04-08,12.56,12.64,12.45,12.55,21800,12.17
2009-04-07,12.62,12.75,12.53,12.56,39800,12.18
2009-04-06,12.84,12.84,12.65,12.76,11400,12.37
2009-04-03,12.82,12.88,12.61,12.84,101000,12.45
2009-04-02,12.63,12.84,12.45,12.67,44000,12.29
2009-04-01,12.32,12.36,11.98,12.33,81400,11.96
2009-03-31,12.14,12.31,11.99,12.17,18700,11.80
2009-03-30,11.99,11.99,11.70,11.80,50900,11.44
2009-03-27,12.26,12.50,12.09,12.18,53500,11.81
2009-03-26,12.38,12.55,12.28,12.47,107800,12.09
2009-03-25,12.25,12.60,12.05,12.37,85200,12.00
2009-03-24,12.47,12.50,12.06,12.20,93700,11.83
2009-03-23,11.97,12.50,11.93,12.39,59100,12.01
2009-03-20,11.82,12.11,11.72,11.84,55900,11.48
2009-03-19,12.01,12.24,11.82,11.83,31600,11.47
2009-03-18,11.51,12.04,11.51,12.00,41800,11.64
2009-03-17,11.19,11.76,11.19,11.74,116500,11.38
2009-03-16,11.48,11.66,11.29,11.31,51100,10.97
2009-03-13,11.10,11.32,11.05,11.22,35200,10.88
2009-03-12,10.78,11.22,10.76,11.19,63200,10.85
2009-03-11,10.89,11.10,10.76,10.87,33400,10.54
2009-03-10,10.37,10.98,10.37,10.93,56800,10.60
2009-03-09,10.35,10.58,10.16,10.33,187100,10.02
2009-03-06,10.65,11.09,10.28,10.56,124300,10.24
2009-03-05,10.78,11.15,10.55,10.62,66300,10.30
2009-03-04,10.77,11.38,10.77,11.27,48200,10.93
2009-03-03,10.77,11.00,10.62,10.74,84500,10.41
2009-03-02,11.09,11.54,10.80,10.84,183600,10.51
2009-02-27,11.49,11.97,11.28,11.60,40100,11.25
2009-02-26,11.86,12.00,11.50,11.50,47300,11.15
2009-02-25,11.95,12.00,11.65,11.79,25200,11.43
2009-02-24,11.64,12.22,11.60,12.17,86500,11.80
2009-02-23,12.03,12.26,11.53,11.68,90500,11.33
2009-02-20,12.20,12.27,11.83,12.04,74900,11.68
2009-02-19,12.47,12.64,12.25,12.30,26700,11.93
2009-02-18,12.52,12.71,12.26,12.39,68100,12.01
2009-02-17,12.90,12.90,12.50,12.60,100200,12.22
2009-02-13,13.26,13.43,13.13,13.15,137100,12.75
2009-02-12,12.84,13.25,12.77,13.12,120700,12.72
2009-02-11,13.10,13.32,12.88,13.16,78100,12.76
2009-02-10,13.61,13.71,13.02,13.17,53300,12.77
2009-02-09,13.75,13.75,13.54,13.66,38400,13.25
2009-02-06,13.31,13.69,13.31,13.58,68400,13.17
2009-02-05,13.15,13.42,13.03,13.18,39800,12.78
2009-02-04,13.07,13.34,13.00,13.09,96100,12.69
2009-02-03,12.90,13.13,12.69,13.06,53300,12.66
2009-02-02,12.75,12.85,12.54,12.66,85000,12.28
2009-01-30,13.27,13.43,12.77,12.79,138400,12.40
2009-01-29,13.40,13.40,12.96,13.07,86000,12.67
2009-01-28,13.42,13.57,13.21,13.45,154000,13.04
2009-01-27,12.94,13.06,12.76,12.93,37800,12.54
2009-01-26,13.03,13.14,12.69,12.79,115300,12.40
2009-01-23,12.27,12.91,12.27,12.65,32200,12.27
2009-01-22,13.00,13.00,12.52,12.84,28000,12.45
2009-01-21,12.62,13.05,12.50,13.05,32800,12.65
2009-01-20,13.24,13.24,12.50,12.61,85100,12.23
2009-01-16,13.34,13.55,13.10,13.47,40600,13.06
2009-01-15,13.51,13.64,12.90,13.29,62000,12.89
2009-01-14,13.09,13.41,13.05,13.11,54500,12.71
2009-01-13,13.50,13.69,13.35,13.49,73900,13.08
2009-01-12,13.82,14.00,13.61,13.65,40700,13.24
2009-01-09,14.65,14.65,14.06,14.06,48600,13.63
2009-01-08,14.18,14.66,14.18,14.51,15800,14.07
2009-01-07,14.85,14.85,14.30,14.40,22500,13.96
2009-01-06,14.82,14.93,14.48,14.77,42500,14.32
2009-01-05,14.80,14.80,14.44,14.66,44300,14.22
2009-01-02,14.45,14.72,13.85,14.59,59700,14.15
2008-12-31,14.05,14.39,14.04,14.16,62100,13.73
2008-12-30,13.40,14.04,13.40,14.04,109500,13.61
2008-12-29,14.04,14.04,13.27,13.44,178800,13.03
2008-12-26,13.33,13.69,13.21,13.51,31700,13.10
2008-12-24,13.79,13.79,13.36,13.45,24800,13.04
2008-12-23,14.38,14.85,14.27,14.46,153800,12.82
2008-12-22,14.59,14.84,14.19,14.33,83400,12.70
2008-12-19,14.72,15.19,14.72,14.78,38300,13.10
2008-12-18,15.23,15.52,14.83,14.94,65800,13.24
2008-12-17,14.61,15.50,14.61,15.41,116700,13.66
2008-12-16,15.21,15.47,14.19,15.21,162000,13.48
2008-12-15,14.65,14.70,14.19,14.31,43600,12.68
2008-12-12,14.00,14.78,14.00,14.41,52300,12.77
2008-12-11,14.08,14.54,14.02,14.17,43400,12.56
2008-12-10,13.98,14.49,13.98,14.36,49300,12.73
2008-12-09,14.28,14.29,13.78,14.01,80500,12.42
2008-12-08,13.85,14.30,13.84,14.13,117600,12.53
2008-12-05,13.33,13.79,12.94,13.65,68900,12.10
2008-12-04,13.92,13.93,13.32,13.41,104900,11.89
2008-12-03,13.32,14.07,13.32,14.07,69900,12.47
2008-12-02,13.34,13.94,13.32,13.71,70200,12.15
2008-12-01,13.67,13.86,13.02,13.18,82600,11.68
2008-11-28,14.12,14.54,13.94,14.29,32800,12.67
2008-11-26,13.89,14.55,13.82,14.51,74400,12.86
2008-11-25,14.33,14.55,14.07,14.50,32900,12.85
2008-11-24,13.15,14.18,13.15,14.03,47100,12.44
2008-11-21,12.62,13.36,12.33,13.35,94900,11.83
2008-11-20,13.35,13.59,11.72,11.83,161700,10.49
2008-11-19,14.27,14.60,13.50,13.50,138500,11.97
2008-11-18,14.32,14.81,13.97,14.29,29200,12.67
2008-11-17,14.16,15.36,14.16,14.60,87800,12.94
2008-11-14,14.16,15.18,14.16,14.50,54100,12.85
2008-11-13,13.64,15.36,13.64,15.15,59700,13.43
2008-11-12,14.88,15.08,14.28,14.30,48500,12.68
2008-11-11,15.03,16.00,14.83,15.15,66800,13.43
2008-11-10,15.82,16.32,15.49,15.79,74100,14.00
2008-11-07,15.27,16.00,15.27,15.69,39400,13.91
2008-11-06,15.68,16.17,15.11,15.26,79900,13.53
2008-11-05,16.16,16.76,16.09,16.10,49800,14.27
2008-11-04,16.50,16.95,16.11,16.67,142200,14.78
2008-11-03,15.93,16.44,15.73,16.01,40900,14.19
2008-10-31,15.86,16.22,15.01,15.73,76400,13.94
2008-10-30,15.08,16.00,15.00,15.30,35700,13.56
2008-10-29,14.39,15.51,14.39,15.14,59400,13.42
2008-10-28,13.21,14.75,13.13,14.60,227400,12.94
2008-10-27,12.97,13.80,12.97,13.21,180100,11.71
2008-10-24,13.81,14.08,13.11,13.83,138600,12.26
2008-10-23,14.01,14.96,13.90,14.49,82200,12.84
2008-10-22,15.53,15.55,14.26,14.56,52000,12.91
2008-10-21,16.50,16.50,15.69,15.82,55600,14.02
2008-10-20,18.12,18.12,16.06,16.62,70200,14.73
2008-10-17,15.92,16.94,15.88,16.72,164600,14.82
2008-10-16,15.85,16.49,15.28,16.47,101500,14.60
2008-10-15,16.91,17.45,15.81,15.81,69000,14.01
2008-10-14,18.37,18.37,16.98,17.41,51400,15.43
2008-10-13,16.00,17.65,15.80,17.32,49800,15.35
2008-10-10,14.34,15.48,13.89,15.36,316100,13.62
2008-10-09,15.60,16.75,14.96,15.03,80200,13.32
2008-10-08,16.01,16.74,15.51,16.27,153300,14.42
2008-10-07,17.61,17.64,16.36,16.54,147200,14.66
2008-10-06,17.86,17.86,16.48,17.55,221400,15.56
2008-10-03,17.97,18.96,17.79,18.85,133600,16.71
2008-10-02,19.75,19.75,18.46,18.53,79100,16.43
2008-10-01,20.20,20.20,19.39,19.70,49500,17.46
2008-09-30,19.76,19.90,18.31,19.70,235100,17.46
2008-09-29,22.51,22.51,19.00,19.51,150700,17.29
2008-09-26,21.01,21.04,20.70,21.04,39000,18.65
2008-09-25,21.01,21.47,21.00,21.36,50400,18.93
2008-09-24,21.01,21.33,21.00,21.01,123600,18.62
2008-09-23,21.02,21.90,21.02,21.15,71800,18.75
2008-09-22,21.59,22.15,21.01,21.69,76800,19.23
2008-09-19,21.70,23.11,21.70,22.04,54200,19.54
2008-09-18,20.11,21.60,20.11,21.37,117400,18.94
2008-09-17,20.16,20.97,20.07,20.85,121100,18.48
2008-09-16,20.03,21.15,20.01,21.10,155600,18.70
2008-09-15,20.52,21.43,20.52,21.00,107400,18.61
2008-09-12,20.70,21.56,20.70,21.44,777900,19.00
2008-09-11,21.17,21.19,20.72,21.08,1200000,18.69
2008-09-10,20.86,21.43,20.25,21.26,330400,18.85
2008-09-09,20.98,22.03,20.59,20.90,179400,18.53
2008-09-08,21.61,22.19,21.61,21.85,115900,19.37
2008-09-05,21.50,22.05,21.34,21.57,1445000,19.12
2008-09-04,23.48,23.48,21.75,21.89,157200,19.40
2008-09-03,23.17,23.17,22.76,23.11,35400,20.48
2008-09-02,23.34,23.56,22.99,23.10,56900,20.48
2008-08-29,23.43,23.58,23.25,23.43,20400,20.77
2008-08-28,23.47,23.47,23.19,23.40,23100,20.74
2008-08-27,22.86,23.18,22.83,23.08,57600,20.46
2008-08-26,23.10,23.17,22.90,22.90,36200,20.30
2008-08-25,23.28,23.40,23.07,23.08,30100,20.46
2008-08-22,23.53,23.53,23.20,23.27,20400,20.63
2008-08-21,23.03,23.33,23.03,23.23,41100,20.59
2008-08-20,23.10,23.25,22.91,23.25,63500,20.61
2008-08-19,23.30,23.40,23.01,23.15,49000,20.52
2008-08-18,23.82,23.82,23.33,23.44,25000,20.78
2008-08-15,23.49,23.66,23.48,23.60,43900,20.92
2008-08-14,23.57,23.71,23.37,23.59,25700,20.91
2008-08-13,23.44,23.76,23.35,23.60,35400,20.92
2008-08-12,23.99,23.99,23.62,23.74,33000,21.04
2008-08-11,23.53,24.03,23.45,23.89,40400,21.18
2008-08-08,23.44,23.82,23.30,23.69,37800,21.00
2008-08-07,23.50,23.64,23.29,23.36,57000,20.71
2008-08-06,23.37,23.55,23.20,23.55,40600,20.88
2008-08-05,22.95,23.28,22.55,23.28,35300,20.64
2008-08-04,23.00,23.41,22.62,22.62,47200,20.05
2008-08-01,23.41,23.41,22.88,23.00,19200,20.39
2008-07-31,23.14,23.51,23.09,23.21,50100,20.57
2008-07-30,23.23,23.61,23.22,23.48,28300,20.81
2008-07-29,23.21,23.35,23.05,23.24,61400,20.60
2008-07-28,23.57,23.71,23.12,23.25,24100,20.61
2008-07-25,23.51,24.53,23.37,23.48,57300,20.81
2008-07-24,23.96,23.96,23.23,23.29,40100,20.64
2008-07-23,23.87,23.90,23.52,23.80,68600,21.10
2008-07-22,23.49,23.70,23.29,23.70,49700,21.01
2008-07-21,23.49,23.51,23.07,23.51,31200,20.84
2008-07-18,22.90,23.00,22.63,22.97,27100,20.36
2008-07-17,22.11,22.75,22.11,22.75,41000,20.17
2008-07-16,21.51,22.23,21.47,22.15,56900,19.63
2008-07-15,21.90,21.90,21.35,21.58,115700,19.13
2008-07-14,22.56,22.56,21.65,21.94,188600,19.45
2008-07-11,22.48,22.48,21.77,22.24,104400,19.71
2008-07-10,22.42,22.42,22.05,22.37,50900,19.83
2008-07-09,22.89,22.90,22.23,22.26,42800,19.73
2008-07-08,22.32,22.72,22.16,22.72,181800,20.14
2008-07-07,22.72,22.80,22.40,22.45,115700,19.90
2008-07-03,22.57,22.74,22.27,22.55,44300,19.99
2008-07-02,23.28,23.64,22.45,22.48,56900,19.93
2008-07-01,23.50,23.73,22.90,23.35,71300,20.70
2008-06-30,23.16,23.71,23.16,23.54,70900,20.87
2008-06-27,23.14,23.60,23.14,23.30,88000,20.65
2008-06-26,24.01,24.01,23.25,23.32,46900,20.67
2008-06-25,23.57,23.97,23.50,23.91,90200,21.19
2008-06-24,23.76,23.93,23.57,23.57,64600,20.89
2008-06-23,24.17,24.17,23.94,23.96,89700,21.24
2008-06-20,24.28,24.48,23.89,23.90,170100,21.19
2008-06-19,24.33,24.75,24.33,24.61,99100,21.81
2008-06-18,24.54,24.75,24.42,24.53,51600,21.74
2008-06-17,24.79,25.01,24.52,24.86,62600,22.04
2008-06-16,25.46,25.46,24.61,24.83,68300,22.01
2008-06-13,24.63,24.85,24.01,24.85,33200,22.03
2008-06-12,25.69,25.69,24.40,24.49,58400,21.71
2008-06-11,25.36,25.36,24.67,24.76,113600,21.95
2008-06-10,25.36,25.54,25.21,25.42,190600,22.53
2008-06-09,25.96,25.98,25.56,25.67,67600,22.75
2008-06-06,26.25,26.25,25.75,25.80,73800,22.87
2008-06-05,25.73,26.25,25.73,26.20,82900,23.22
2008-06-04,25.59,25.87,25.59,25.73,106500,22.81
2008-06-03,25.89,25.95,25.55,25.74,87300,22.82
2008-06-02,25.73,25.84,25.40,25.54,72300,22.64
2008-05-30,25.60,25.89,25.51,25.73,188400,22.81
2008-05-29,25.84,25.84,25.36,25.57,128000,22.67
2008-05-28,25.21,25.49,25.21,25.43,178200,22.54
2008-05-27,25.80,25.80,24.95,25.23,144100,22.36
2008-05-23,25.81,25.81,24.92,25.16,66200,22.30
2008-05-22,25.48,25.48,25.15,25.24,73400,22.37
2008-05-21,25.54,25.58,25.10,25.30,166700,22.43
2008-05-20,25.55,25.55,25.10,25.10,64500,22.25
2008-05-19,25.55,25.57,25.25,25.33,112600,22.45
2008-05-16,25.20,25.32,24.99,25.28,106900,22.41
2008-05-15,25.18,25.18,24.80,25.17,60200,22.31
2008-05-14,24.99,25.15,24.85,24.92,99500,22.09
2008-05-13,24.97,25.00,24.65,24.87,81800,22.05
2008-05-12,24.92,24.95,24.57,24.95,77800,22.12
2008-05-09,24.60,24.70,24.29,24.61,53800,21.81
2008-05-08,24.97,24.97,24.58,24.71,34300,21.90
2008-05-07,24.89,24.95,24.51,24.53,51600,21.74
2008-05-06,24.88,24.88,24.54,24.80,60200,21.98
2008-05-05,24.79,24.85,24.51,24.81,75900,21.99
2008-05-02,24.99,25.00,24.55,24.70,57900,21.89
2008-05-01,24.47,24.80,24.05,24.51,479200,21.73
2008-04-30,24.69,24.87,24.35,24.70,86700,21.89
2008-04-29,24.71,24.99,24.61,24.77,78900,21.96
2008-04-28,24.63,24.96,24.60,24.88,78500,22.05
2008-04-25,24.76,25.00,24.46,24.74,80000,21.93
2008-04-24,24.52,24.55,23.50,24.44,67300,21.66
2008-04-23,24.50,24.50,24.03,24.28,69300,21.52
2008-04-22,24.02,24.40,24.02,24.05,70800,21.32
2008-04-21,24.78,24.78,24.22,24.29,49300,21.53
2008-04-18,24.58,24.58,23.40,24.47,40600,21.69
2008-04-17,24.29,24.40,23.93,24.28,53700,21.52
2008-04-16,24.78,24.78,23.50,24.50,64100,21.72
2008-04-15,23.72,23.90,23.55,23.76,36000,21.06
2008-04-14,24.85,24.85,23.59,23.73,49300,21.03
2008-04-11,24.86,24.86,23.65,23.75,52700,21.05
2008-04-10,23.85,24.15,23.81,24.10,68300,21.36
2008-04-09,24.99,25.00,23.89,23.99,98700,21.27
2008-04-08,24.75,24.75,24.12,24.41,102100,21.64
2008-04-07,24.53,24.75,24.46,24.52,90500,21.73
2008-04-04,24.32,24.63,24.24,24.52,40200,21.73
2008-04-03,24.01,24.37,24.00,24.25,54500,21.50
2008-04-02,25.30,25.30,24.00,24.30,98700,21.54
2008-04-01,23.80,24.50,23.69,24.34,331000,21.58
2008-03-31,23.32,23.65,23.30,23.50,62200,20.83
2008-03-28,23.80,23.80,23.24,23.29,59700,20.64
2008-03-27,23.50,23.95,23.39,23.66,54600,20.97
2008-03-26,23.29,23.72,23.04,23.52,41600,20.85
2008-03-25,23.69,25.62,23.20,23.84,75100,21.13
2008-03-24,22.89,23.47,22.88,23.36,42200,20.71
2008-03-20,22.67,22.88,22.35,22.88,79000,20.28
2008-03-19,24.48,24.48,22.78,22.78,124400,20.19
2008-03-18,23.32,24.21,23.09,23.61,77200,20.93
2008-03-17,23.03,23.29,22.76,23.04,158500,20.42
2008-03-14,24.10,24.25,23.06,23.22,55800,20.58
2008-03-13,23.31,24.05,23.21,24.05,66000,21.32
2008-03-12,23.70,23.81,23.43,23.47,40700,20.80
2008-03-11,23.26,23.55,22.95,23.55,43500,20.88
2008-03-10,22.95,23.34,22.70,22.71,110200,20.13
2008-03-07,23.00,23.42,22.85,23.05,70800,20.43
2008-03-06,23.70,23.94,23.29,23.48,49000,20.81
2008-03-05,23.94,23.94,23.53,23.69,126800,21.00
2008-03-04,23.37,23.72,23.14,23.72,48600,21.03
2008-03-03,23.81,23.90,23.47,23.50,61300,20.83
2008-02-29,24.11,24.75,23.85,23.98,86900,21.26
2008-02-28,24.21,24.57,24.17,24.37,126900,21.60
2008-02-27,24.00,24.55,24.00,24.47,206300,21.69
2008-02-26,23.80,24.40,23.41,24.23,309300,21.48
2008-02-25,23.45,24.08,22.90,23.95,140000,21.23
2008-02-22,23.88,23.88,23.22,23.45,129000,20.79
2008-02-21,23.69,23.69,23.19,23.42,133800,20.76
2008-02-20,23.50,23.54,23.06,23.50,116500,20.83
2008-02-19,23.89,23.89,23.23,23.31,59000,20.66
2008-02-15,22.95,23.36,22.90,23.30,59300,20.65
2008-02-14,23.99,23.99,23.20,23.20,59900,20.56
2008-02-13,23.40,23.74,23.16,23.60,65400,20.92
2008-02-12,23.71,23.71,22.82,22.94,277100,20.33
2008-02-11,22.80,23.26,22.44,22.86,48800,20.26
2008-02-08,22.70,22.98,22.50,22.68,48800,20.10
2008-02-07,22.61,22.98,22.48,22.72,132200,20.14
2008-02-06,22.96,23.39,22.86,22.87,58200,20.27
2008-02-05,23.57,23.65,22.82,22.95,97600,20.34
2008-02-04,24.03,24.24,23.82,23.85,44200,21.14
2008-02-01,23.86,24.20,23.50,24.20,58300,21.45
2008-01-31,23.42,23.76,22.92,23.65,73300,20.96
2008-01-30,23.44,23.75,22.99,23.44,59200,20.78
2008-01-29,23.50,23.50,23.00,23.36,67900,20.71
2008-01-28,22.75,23.68,21.86,23.09,76400,20.47
2008-01-25,22.95,24.01,22.65,22.86,93800,20.26
2008-01-24,23.37,23.37,22.20,22.97,178500,20.36
2008-01-23,21.84,22.37,19.25,22.05,204100,19.55
2008-01-22,20.50,22.51,19.00,22.36,193800,19.82
2008-01-18,22.99,23.60,22.80,23.08,107500,20.46
2008-01-17,23.50,23.95,22.98,23.00,115300,20.39
2008-01-16,23.51,24.00,23.20,23.58,84000,20.90
2008-01-15,24.63,24.64,23.60,23.75,137300,21.05
2008-01-14,24.33,24.69,24.30,24.65,150200,21.85
2008-01-11,24.78,24.84,23.98,24.30,188800,21.54
2008-01-10,25.30,25.30,24.70,25.13,54200,22.28
2008-01-09,24.68,25.29,24.39,24.82,77300,22.00
2008-01-08,25.74,25.74,24.67,24.80,138700,21.98
2008-01-07,25.50,25.55,25.12,25.31,118500,22.44
2008-01-04,25.85,25.85,25.24,25.32,104100,22.44
2008-01-03,25.95,25.99,25.66,25.85,160900,22.91
2008-01-02,25.90,26.10,25.46,25.60,312800,22.69
2007-12-31,26.23,26.62,25.77,25.88,412400,22.94
2007-12-28,26.17,26.29,26.00,26.14,324900,23.17
2007-12-27,26.44,26.44,25.81,25.91,357400,22.97
2007-12-26,26.10,26.48,25.98,26.25,272000,23.27
2007-12-24,25.86,26.06,25.75,25.95,57000,22.91
2007-12-21,25.14,25.71,25.14,25.71,119900,22.69
2007-12-20,24.85,25.15,24.70,25.15,53400,22.20
2007-12-19,25.15,25.15,24.58,24.66,59700,21.77
2007-12-18,24.77,24.91,24.34,24.79,75600,21.88
2007-12-17,25.04,25.04,24.54,24.78,99300,21.87
2007-12-14,24.80,25.39,24.68,25.11,207600,22.17
2007-12-13,25.25,25.65,25.25,25.55,89000,22.55
2007-12-12,26.31,26.34,25.55,25.80,58400,22.77
2007-12-11,26.45,26.45,25.50,25.56,72300,22.56
2007-12-10,25.88,26.30,25.88,26.30,110000,23.22
2007-12-07,26.09,26.17,25.90,26.15,91500,23.08
2007-12-06,26.12,26.12,25.68,26.10,62900,23.04
2007-12-05,25.46,26.41,25.46,25.75,46900,22.73
2007-12-04,25.65,25.70,25.26,25.42,52800,22.44
2007-12-03,25.75,25.75,25.41,25.52,40200,22.53
2007-11-30,26.25,26.25,25.36,25.56,77700,22.56
2007-11-29,25.65,26.10,25.28,25.54,202100,22.54
2007-11-28,25.15,25.72,24.93,25.64,70300,22.63
2007-11-27,25.02,25.08,24.61,25.08,106400,22.14
2007-11-26,25.01,25.29,24.67,24.67,70000,21.78
2007-11-23,25.00,25.11,24.78,25.01,23700,22.08
2007-11-21,26.25,26.25,24.42,24.63,50800,21.74
2007-11-20,24.98,25.06,24.60,24.90,43100,21.98
2007-11-19,24.95,25.10,24.60,24.75,49800,21.85
2007-11-16,25.41,25.45,24.62,24.89,36400,21.97
2007-11-15,25.45,25.50,25.02,25.45,73800,22.47
2007-11-14,25.79,25.79,25.49,25.57,42600,22.57
2007-11-13,25.20,25.54,25.12,25.48,88000,22.49
2007-11-12,25.65,25.65,24.83,24.93,48100,22.01
2007-11-09,25.10,25.45,25.10,25.45,57900,22.47
2007-11-08,25.60,25.61,25.16,25.52,89300,22.53
2007-11-07,26.10,26.15,25.48,25.56,103200,22.56
2007-11-06,26.21,26.38,25.98,26.38,119400,23.29
2007-11-05,26.03,26.15,25.83,26.15,69700,23.08
2007-11-02,26.02,26.15,25.81,26.15,64500,23.08
2007-11-01,26.09,26.09,25.74,25.78,125000,22.76
2007-10-31,26.48,26.60,26.25,26.54,85000,23.43
2007-10-30,26.54,26.59,26.29,26.39,106100,23.30
2007-10-29,26.80,26.80,25.40,26.45,86200,23.35
2007-10-26,26.10,26.40,26.10,26.40,56900,23.30
2007-10-25,26.35,26.35,25.80,25.95,48200,22.91
2007-10-24,26.05,26.07,25.57,25.99,55800,22.94
2007-10-23,25.99,26.06,25.75,26.06,69100,23.00
2007-10-22,25.50,25.69,25.36,25.69,90300,22.68
2007-10-19,26.33,26.33,25.58,25.75,73500,22.73
2007-10-18,26.33,26.35,26.16,26.35,46600,23.26
2007-10-17,26.00,26.45,26.00,26.22,62600,23.15
2007-10-16,26.29,26.29,25.85,25.95,58400,22.91
2007-10-15,26.54,26.55,26.02,26.25,130200,23.17
2007-10-12,26.38,26.44,26.12,26.38,102800,23.29
2007-10-11,26.45,26.56,26.00,26.15,94000,23.08
2007-10-10,26.34,26.34,26.05,26.23,71400,23.15
2007-10-09,26.28,26.34,26.13,26.34,83600,23.25
2007-10-08,26.14,26.16,26.00,26.10,46100,23.04
2007-10-05,26.05,26.28,26.00,26.21,40100,23.14
2007-10-04,25.92,25.92,25.67,25.85,48100,22.82
2007-10-03,26.09,26.10,25.76,25.85,50000,22.82
2007-10-02,26.17,26.20,25.84,26.20,46600,23.13
2007-10-01,26.10,26.30,26.01,26.30,195000,23.22
2007-09-28,26.08,26.10,25.93,26.01,115100,22.96
2007-09-27,25.96,26.00,25.76,25.95,137100,22.91
2007-09-26,25.41,25.70,25.41,25.60,603700,22.60
2007-09-25,25.15,25.27,25.10,25.27,32500,22.31
2007-09-24,25.17,25.29,25.05,25.20,93700,22.24
2007-09-21,25.36,25.36,25.13,25.29,117500,22.32
2007-09-20,25.18,25.32,25.00,25.15,50400,22.20
2007-09-19,25.32,25.39,25.12,25.19,72100,22.24
2007-09-18,24.51,25.25,24.50,25.12,107500,22.17
2007-09-17,24.43,24.54,24.28,24.47,38200,21.60
2007-09-14,24.66,24.71,24.51,24.71,46000,21.81
2007-09-13,23.21,24.90,23.21,24.80,34000,21.89
2007-09-12,24.46,24.75,24.37,24.70,45800,21.80
2007-09-11,24.40,24.53,24.30,24.53,30500,21.65
2007-09-10,24.34,24.36,23.89,24.21,135400,21.37
2007-09-07,24.10,24.30,24.01,24.20,57500,21.36
2007-09-06,24.58,24.70,24.40,24.63,72700,21.74
2007-09-05,24.74,24.74,24.39,24.65,128100,21.76
2007-09-04,24.85,25.17,24.77,25.17,153100,22.22
2007-08-31,25.03,25.25,24.90,25.13,182000,22.18
2007-08-30,24.46,24.90,24.36,24.70,183500,21.80
2007-08-29,24.21,24.58,24.08,24.49,155700,21.62
2007-08-28,24.16,24.26,23.58,23.94,60200,21.13
2007-08-27,24.50,24.60,24.19,24.55,118200,21.67
2007-08-24,23.99,24.42,23.97,24.42,111200,21.56
2007-08-23,24.20,24.22,23.84,24.00,48500,21.19
2007-08-22,23.77,24.00,23.77,24.00,71200,21.19
2007-08-21,23.75,23.75,23.33,23.46,73800,20.71
2007-08-20,23.60,23.61,23.22,23.57,107400,20.81
2007-08-17,23.17,29.86,22.74,23.10,188800,20.39
2007-08-16,23.02,23.11,22.41,22.75,213600,20.08
2007-08-15,23.51,23.76,23.05,23.05,166700,20.35
2007-08-14,24.38,24.50,23.64,23.88,103200,21.08
2007-08-13,24.44,24.60,24.11,24.11,107200,21.28
2007-08-10,24.55,24.72,24.25,24.58,185300,21.70
2007-08-09,25.05,25.14,24.80,24.94,90600,22.02
2007-08-08,24.88,25.29,24.88,25.23,340000,22.27
2007-08-07,24.82,25.10,24.61,25.04,70000,22.10
2007-08-06,24.75,24.95,24.50,24.80,79700,21.89
2007-08-03,25.10,25.11,24.55,24.65,53000,21.76
2007-08-02,25.03,25.15,24.90,25.13,103300,22.18
2007-08-01,24.60,25.10,24.50,25.05,213400,22.11
2007-07-31,25.45,25.45,24.76,24.76,122100,21.86
2007-07-30,24.70,25.05,24.49,24.83,328600,21.92
2007-07-27,24.55,25.50,24.51,24.63,158800,21.74
2007-07-26,25.40,25.50,24.67,24.92,255900,22.00
2007-07-25,25.90,26.00,25.54,25.69,99700,22.68
2007-07-24,26.14,26.15,25.50,25.67,119700,22.66
2007-07-23,26.50,26.50,25.91,26.28,214100,23.20
2007-07-20,26.36,26.40,25.78,25.92,299200,22.88
2007-07-19,26.22,26.25,26.05,26.09,250900,23.03
2007-07-18,25.98,26.05,25.75,25.96,68100,22.92
2007-07-17,26.20,26.30,25.95,25.95,251900,22.91
2007-07-16,26.34,26.45,26.15,26.20,218000,23.13
2007-07-13,26.39,26.45,26.16,26.34,129300,23.25
2007-07-12,26.00,26.27,25.94,26.26,138500,23.18
2007-07-11,25.80,25.90,25.70,25.83,391500,22.80
2007-07-10,25.89,25.90,25.60,25.76,140600,22.74
2007-07-09,25.84,25.99,25.80,25.90,161100,22.86
2007-07-06,25.90,25.90,25.75,25.75,194300,22.73
2007-07-05,25.98,25.98,25.77,25.88,208500,22.84
2007-07-03,25.89,26.00,25.83,25.88,112600,22.84
2007-07-02,25.65,25.92,25.60,25.85,118900,22.82
2007-06-29,25.44,25.60,25.40,25.57,73800,22.57
2007-06-28,25.55,25.55,25.00,25.30,137100,22.33
2007-06-27,25.10,25.25,25.05,25.25,187900,22.29
2007-06-26,25.19,25.35,25.00,25.07,187000,22.13
2007-06-25,25.30,25.45,25.05,25.15,281100,22.20
2007-06-22,25.36,25.55,25.21,25.21,1084300,22.25
2007-06-21,25.44,25.65,25.01,25.43,230300,22.45
2007-06-20,25.60,25.70,25.35,25.45,891500,22.47
2007-06-19,25.39,25.59,25.30,25.54,199300,22.54
2007-06-18,25.56,25.60,25.31,25.46,159500,22.47
2007-06-15,25.34,25.50,25.34,25.46,201000,22.47
2007-06-14,24.94,25.24,24.94,25.24,209200,22.28
2007-06-13,24.69,24.90,24.65,24.85,149000,21.94
2007-06-12,24.89,25.05,24.65,24.65,266700,21.76
2007-06-11,24.93,25.15,24.83,25.08,157600,22.14
2007-06-08,24.81,25.01,24.69,25.01,201100,22.08
2007-06-07,25.24,25.25,24.83,24.83,160300,21.92
2007-06-06,25.68,25.68,25.30,25.35,255200,22.38
2007-06-05,25.89,26.00,25.70,25.71,421600,22.69
2007-06-04,25.91,26.00,25.70,25.87,449900,22.84
2007-06-01,25.63,25.70,25.60,25.67,134500,22.66
2007-05-31,25.60,25.70,25.50,25.58,329200,22.58
2007-05-30,25.16,25.33,25.12,25.33,140000,22.36
2007-05-29,25.15,25.28,25.08,25.10,124700,22.16
2007-05-25,24.89,25.12,24.89,25.12,140300,22.17
2007-05-24,25.16,25.20,24.83,24.84,176000,21.93
2007-05-23,25.23,25.40,25.15,25.17,265900,22.22
2007-05-22,24.84,25.10,24.84,25.10,427200,22.16
2007-05-21,24.88,25.10,24.85,25.00,293000,22.07
2007-05-18,24.76,25.10,24.76,25.00,770900,22.07
2007-05-17,24.66,24.90,24.66,24.85,430700,21.94
2007-05-16,25.15,25.43,24.70,25.08,543200,22.14
2007-05-15,24.82,25.20,24.62,25.10,248000,22.16
2007-05-14,24.82,24.82,24.75,24.80,22900,21.89