2011-05-10,104.09,104.75,104.09,104.52,9000,104.52
2011-05-09,104.77,104.77,104.20,104.21,6800,104.21
2011-05-06,104.64,104.65,104.05,104.30,6800,104.30
2011-05-05,104.10,104.81,103.75,104.30,8700,104.30
2011-05-04,103.60,103.98,103.41,103.82,33000,103.82
2011-05-03,103.88,103.88,103.14,103.74,8400,103.74
2011-05-02,103.02,103.82,103.02,103.63,3800,103.63
2011-04-29,103.25,104.14,102.97,104.05,6900,103.72
2011-04-28,103.00,103.23,102.73,103.18,8200,102.85
2011-04-27,103.25,103.25,103.06,103.08,6400,102.76
2011-04-26,102.44,103.00,102.44,103.00,3400,102.68
2011-04-25,102.50,102.78,102.11,102.78,4300,102.46
2011-04-21,102.15,102.30,102.15,102.28,8300,101.96
2011-04-20,102.01,102.95,101.80,102.16,5300,101.84
2011-04-19,102.02,102.44,101.85,101.85,4900,101.53
2011-04-18,102.02,102.20,101.75,101.85,9600,101.53
2011-04-15,101.40,101.99,101.40,101.99,3800,101.67
2011-04-14,101.03,101.40,101.03,101.35,1600,101.03
2011-04-13,100.61,101.44,100.61,101.40,700,101.08
2011-04-12,101.46,101.54,100.57,101.50,7500,101.18
2011-04-11,101.00,101.00,100.01,100.40,13100,100.08
2011-04-08,101.89,101.89,100.80,101.50,3400,101.18
2011-04-07,101.77,101.77,100.70,101.70,3600,101.38
2011-04-06,101.20,101.48,101.20,101.46,8800,101.14
2011-04-05,101.15,101.54,100.58,101.54,6100,101.22
2011-04-04,100.00,101.25,100.00,100.55,3800,100.23
2011-04-01,101.30,101.68,100.17,100.60,9300,100.28
2011-03-31,102.00,102.00,101.05,101.07,3500,100.42
2011-03-30,100.83,101.84,100.83,101.25,6700,100.60
2011-03-29,102.30,102.43,101.50,101.77,4100,101.12
2011-03-28,101.15,102.87,101.15,101.94,4600,101.29
2011-03-25,102.45,102.45,101.65,101.80,8500,101.15
2011-03-24,101.60,102.24,101.60,102.15,4700,101.50
2011-03-23,101.50,102.26,101.39,101.39,1600,100.74
2011-03-22,101.17,101.94,101.00,101.31,65700,100.66
2011-03-21,100.85,102.26,100.85,101.30,5900,100.65
2011-03-18,100.79,102.01,100.79,101.18,2600,100.53
2011-03-17,102.42,102.42,101.03,101.22,7000,100.57
2011-03-16,101.45,102.50,101.42,102.12,11500,101.47
2011-03-15,102.38,102.38,100.88,101.00,25400,100.35
2011-03-14,100.72,101.00,100.72,100.75,15800,100.11
2011-03-11,100.67,101.75,100.61,100.67,1900,100.03
2011-03-10,100.94,101.98,100.90,101.00,13300,100.35
2011-03-09,101.70,101.75,100.85,101.65,8600,101.00
2011-03-08,100.79,101.75,100.79,101.75,38000,101.10
2011-03-07,101.15,101.98,101.11,101.20,13800,100.55
2011-03-04,101.60,101.60,101.11,101.45,3900,100.80
2011-03-03,101.00,101.99,101.00,101.10,14000,100.45
2011-03-02,102.40,102.40,101.00,101.20,13000,100.55
2011-03-01,102.56,102.65,100.24,100.40,3200,99.76
2011-02-28,100.24,100.75,100.24,100.75,55600,99.77
2011-02-25,100.50,100.69,99.24,100.69,7600,99.71
2011-02-24,99.50,100.36,98.54,99.13,4900,98.17
2011-02-23,99.89,100.40,99.81,100.28,6900,99.31
2011-02-22,99.90,100.00,99.11,99.68,5800,98.71
2011-02-18,99.42,99.82,99.02,99.80,9000,98.83
2011-02-17,99.49,99.49,98.78,99.42,4100,98.46
2011-02-16,98.64,99.19,98.09,99.19,14300,98.23
2011-02-15,98.03,98.71,97.89,98.45,11800,97.49
2011-02-14,98.25,98.25,96.55,98.08,9600,97.13
2011-02-11,97.55,98.00,97.24,97.24,9600,96.30
2011-02-10,96.00,97.97,96.00,97.97,15000,97.02
2011-02-09,97.50,97.50,96.06,96.20,24000,95.27
2011-02-08,96.73,97.58,96.67,96.67,9500,95.73
2011-02-07,96.80,97.82,96.80,97.38,3800,96.44
2011-02-04,96.88,98.20,96.88,97.93,14800,96.98
2011-02-03,98.49,98.50,96.96,97.05,20300,96.11
2011-02-02,98.00,100.35,97.25,99.04,37100,98.08
2011-02-01,97.22,97.93,97.22,97.30,17400,96.36
2011-01-31,98.49,98.49,97.50,97.60,67500,96.33
2011-01-28,97.74,98.00,97.29,98.00,7100,96.72
2011-01-27,98.39,98.39,97.14,97.30,24500,96.03
2011-01-26,98.20,98.20,97.31,98.00,16100,96.72
2011-01-25,97.06,98.35,97.00,97.59,11200,96.32
2011-01-24,97.00,98.15,97.00,97.05,13800,95.78
2011-01-21,95.60,97.10,95.60,96.45,16300,95.19
2011-01-20,95.73,97.32,95.73,97.10,5500,95.83
2011-01-19,96.40,97.44,96.40,96.89,5600,95.63
2011-01-18,95.50,96.98,95.27,96.30,21500,95.04
2011-01-14,96.39,97.40,95.34,96.35,17700,95.09
2011-01-13,97.91,98.26,96.92,97.43,9200,96.16
2011-01-12,98.79,98.79,97.58,98.49,6800,97.21
2011-01-11,99.02,99.63,98.73,98.81,6000,97.52
2011-01-10,99.25,100.00,98.89,98.89,4100,97.60
2011-01-07,100.31,100.31,99.13,99.92,2600,98.62
2011-01-06,99.88,100.49,99.10,100.49,7000,99.18
2011-01-05,99.00,100.82,99.00,100.12,4800,98.81
2011-01-04,99.50,100.00,99.00,100.00,8300,98.70
2011-01-03,98.85,99.95,98.79,99.47,4800,98.17
2010-12-31,99.94,99.94,98.85,98.85,39000,97.56
2010-12-30,98.90,99.77,98.85,99.18,21900,97.89
2010-12-29,99.42,100.00,99.00,99.02,57100,97.73
2010-12-28,99.65,100.00,99.40,99.45,37200,98.15
2010-12-27,100.55,101.05,99.86,99.86,25600,98.25
2010-12-23,101.00,101.00,100.42,100.63,7000,99.00
2010-12-22,100.76,101.93,100.10,101.49,21300,99.85
2010-12-21,101.03,101.96,101.03,101.39,15200,99.75
2010-12-20,101.02,101.93,101.02,101.16,11100,99.52
2010-12-17,100.31,101.81,100.31,101.02,8700,99.39
2010-12-16,99.88,100.87,99.54,100.86,14400,99.23
2010-12-15,99.05,100.60,98.71,100.10,18900,98.48
2010-12-14,100.50,101.31,99.41,99.41,14500,97.80
2010-12-13,101.04,101.70,100.50,101.70,17800,100.06
2010-12-10,101.36,102.50,100.96,101.50,10800,99.86
2010-12-09,102.52,102.59,101.29,101.29,16500,99.65
2010-12-08,101.15,103.03,101.15,102.68,21400,101.02
2010-12-07,102.18,103.64,101.92,102.00,10900,100.35
2010-12-06,102.61,104.70,102.43,102.45,6100,100.79
2010-12-03,103.04,104.38,102.69,104.32,9000,102.63
2010-12-02,104.69,104.69,103.36,103.36,4400,101.69
2010-12-01,104.95,104.95,104.31,104.35,6700,102.66
2010-11-30,105.14,105.21,104.94,105.16,6900,103.12
2010-11-29,105.25,105.25,104.80,104.97,19800,102.94
2010-11-26,105.25,105.30,104.73,104.96,5500,102.93
2010-11-24,105.20,105.22,104.84,105.20,7600,103.16
2010-11-23,105.05,105.16,104.75,105.16,19400,103.12
2010-11-22,104.00,104.89,104.00,104.89,7700,102.86
2010-11-19,103.61,104.42,103.60,103.63,12300,101.62
2010-11-18,103.25,103.25,100.99,103.06,13800,101.07
2010-11-17,101.50,102.82,101.50,102.06,10100,100.08
2010-11-16,102.00,102.50,100.61,102.14,32900,100.16
2010-11-15,105.30,105.45,102.06,102.48,34900,100.50
2010-11-12,106.35,106.35,105.63,105.84,11200,103.79
2010-11-11,107.13,107.13,105.73,106.36,11900,104.30
2010-11-10,107.54,107.54,107.12,107.32,17600,105.24
2010-11-09,108.15,108.39,107.72,107.87,16600,105.78
2010-11-08,108.38,108.64,108.28,108.43,13100,106.33
2010-11-05,108.69,108.69,108.40,108.42,10800,106.32
2010-11-04,108.50,108.79,108.50,108.77,5300,106.66
2010-11-03,108.80,108.80,108.39,108.46,21700,106.36
2010-11-02,108.65,108.76,108.65,108.67,4200,106.57
2010-11-01,108.78,108.79,108.58,108.73,5500,106.63
2010-10-29,109.03,109.16,109.03,109.16,5100,106.71
2010-10-28,109.11,109.11,108.90,109.00,1100,106.55
2010-10-27,109.18,109.21,109.07,109.07,2200,106.62
2010-10-26,109.60,109.60,109.28,109.36,10000,106.90
2010-10-25,109.42,109.60,109.42,109.58,7200,107.12
2010-10-22,109.65,109.68,109.52,109.63,9600,107.17
2010-10-21,109.65,109.70,109.46,109.69,7600,107.23
2010-10-20,109.67,109.72,109.49,109.72,4500,107.26
2010-10-19,109.38,109.69,109.36,109.43,6200,106.97
2010-10-18,109.51,109.65,108.54,109.41,28900,106.95
2010-10-15,109.51,109.73,109.43,109.43,3300,106.97
2010-10-14,109.71,109.71,109.60,109.60,1600,107.14
2010-10-13,109.66,109.80,109.66,109.80,12500,107.33
2010-10-12,109.68,109.91,109.68,109.89,2500,107.42
2010-10-11,109.20,109.85,109.20,109.64,44200,107.18
2010-10-08,109.94,110.00,109.69,110.00,8300,107.53
2010-10-07,109.60,109.83,109.60,109.83,2400,107.36
2010-10-06,109.42,109.60,109.39,109.60,16000,107.14
2010-10-05,109.47,109.55,109.36,109.55,5300,107.09
2010-10-04,109.75,109.75,109.52,109.67,10300,107.21
2010-10-01,109.80,109.80,109.70,109.71,3200,107.25
2010-09-30,110.15,110.21,110.11,110.15,5500,107.33
2010-09-29,110.26,110.27,110.12,110.25,3500,107.43
2010-09-28,110.29,110.32,110.15,110.31,5700,107.49
2010-09-27,110.37,110.37,110.08,110.25,7000,107.43
2010-09-24,110.21,110.30,109.99,110.17,31000,107.35
2010-09-23,110.10,110.27,110.10,110.14,15600,107.32
2010-09-22,110.00,110.07,109.98,110.04,4700,107.23
2010-09-21,109.59,109.89,109.59,109.65,2000,106.85
2010-09-20,109.72,109.80,109.57,109.61,3400,106.81
2010-09-17,109.70,109.70,109.60,109.68,10400,106.87
2010-09-16,109.62,109.74,109.61,109.74,1000,106.93
2010-09-15,109.55,109.75,109.54,109.66,1000,106.86
2010-09-14,109.60,109.75,109.60,109.65,7700,106.85
2010-09-13,109.58,109.69,106.78,109.62,7800,106.82
2010-09-10,109.78,109.79,109.53,109.54,9500,106.74
2010-09-09,109.90,109.90,109.67,109.78,5100,106.97
2010-09-08,110.01,110.01,109.67,109.85,7600,107.04
2010-09-07,110.11,110.16,109.93,109.93,5100,107.12
2010-09-03,110.27,110.27,109.89,109.91,13900,107.10
2010-09-02,110.40,110.40,110.20,110.35,3700,107.53
2010-09-01,110.38,110.41,110.21,110.40,6300,107.58
2010-08-31,110.61,110.79,110.61,110.61,3800,107.45
2010-08-30,110.46,110.67,110.46,110.56,8700,107.40
2010-08-27,110.75,110.78,110.52,110.56,8500,107.40
2010-08-26,110.60,110.80,110.55,110.72,6400,107.56
2010-08-25,110.50,110.65,110.50,110.50,4800,107.34
2010-08-24,110.36,110.36,110.17,110.34,900,107.19
2010-08-23,110.21,110.22,109.20,110.17,11100,107.02
2010-08-20,109.99,110.18,109.92,110.18,16900,107.03
2010-08-19,109.69,109.94,109.69,109.94,5900,106.80
2010-08-18,109.80,109.81,109.75,109.78,3900,106.65
2010-08-17,109.50,109.67,109.50,109.65,2400,106.52
2010-08-16,109.10,109.43,109.10,109.42,11700,106.30
2010-08-13,109.07,109.19,109.07,109.18,4500,106.06
2010-08-12,109.00,109.14,108.94,109.01,9200,105.90
2010-08-11,108.86,109.00,108.69,108.99,9200,105.88
2010-08-10,108.63,108.65,108.49,108.49,4400,105.39
2010-08-09,108.56,108.56,108.37,108.37,6200,105.28
2010-08-06,108.52,108.60,108.00,108.27,17400,105.18
2010-08-05,108.43,108.49,108.23,108.49,3600,105.39
2010-08-04,108.29,108.29,108.25,108.26,2400,105.17
2010-08-03,107.99,108.23,107.99,108.20,8300,105.11
2010-08-02,108.30,108.30,108.01,108.22,7100,105.13
2010-07-30,108.28,108.64,108.28,108.30,16200,104.87
2010-07-29,108.39,108.47,108.23,108.46,14000,105.03
2010-07-28,108.34,108.36,108.21,108.35,8400,104.92
2010-07-27,108.17,108.38,108.15,108.36,8900,104.93
2010-07-26,108.07,108.28,108.07,108.25,3700,104.82
2010-07-23,108.24,108.24,108.02,108.11,10700,104.69
2010-07-22,108.13,108.13,107.91,108.09,9300,104.67
2010-07-21,107.87,107.95,107.69,107.94,2900,104.52
2010-07-20,107.50,107.88,107.50,107.79,20800,104.38
2010-07-19,107.91,107.91,107.42,107.42,12200,104.02
2010-07-16,107.89,107.94,107.73,107.92,4700,104.50
2010-07-15,107.72,107.79,107.60,107.78,3800,104.37
2010-07-14,107.64,107.65,107.58,107.65,3600,104.24
2010-07-13,107.58,107.65,107.58,107.65,7200,104.24
2010-07-12,107.59,107.59,107.51,107.54,1600,104.14
2010-07-09,107.61,107.61,107.31,107.54,4000,104.14
2010-07-08,107.35,107.52,107.31,107.31,7500,103.91
2010-07-07,107.44,107.56,107.26,107.56,4000,104.16
2010-07-06,107.16,107.36,107.16,107.34,3200,103.94
2010-07-02,107.34,107.51,107.10,107.32,4400,103.92
2010-07-01,107.27,107.29,107.06,107.29,8500,103.89
2010-06-30,107.26,107.49,107.26,107.35,5900,103.61
2010-06-29,107.33,107.48,107.28,107.36,5700,103.62
2010-06-28,107.21,107.44,107.21,107.35,6600,103.61
2010-06-25,107.39,107.59,107.20,107.22,13200,103.49
2010-06-24,107.27,107.39,107.19,107.39,4000,103.65
2010-06-23,107.15,107.33,107.15,107.25,1600,103.52
2010-06-22,106.79,107.21,106.79,107.13,16800,103.40
2010-06-21,107.00,107.21,107.00,107.15,10900,103.42
2010-06-18,107.18,107.18,107.01,107.04,5100,103.32
2010-06-17,107.13,107.16,107.05,107.15,10400,103.42
2010-06-16,107.07,107.16,106.25,106.31,17400,102.61
2010-06-15,107.10,107.15,106.98,106.98,8000,103.26
2010-06-14,107.50,107.51,107.09,107.18,6800,103.45
2010-06-11,107.50,107.57,107.33,107.56,1600,103.82
2010-06-10,107.88,107.88,107.51,107.64,12700,103.89
2010-06-09,107.60,107.88,107.60,107.79,19500,104.04
2010-06-08,107.74,107.81,107.60,107.81,21300,104.06
2010-06-07,107.61,107.75,107.54,107.56,10300,103.82
2010-06-04,107.58,107.58,107.36,107.58,3400,103.84
2010-06-03,107.44,107.64,107.40,107.64,2600,103.89
2010-06-02,107.59,107.60,107.50,107.50,1700,103.76
2010-06-01,107.65,107.65,107.43,107.60,3200,103.86
2010-05-28,107.90,107.95,107.71,107.95,4000,103.86
2010-05-27,108.09,108.09,107.22,107.66,11000,103.58
2010-05-26,107.96,108.14,107.90,108.07,5000,103.97
2010-05-25,107.80,108.13,107.80,108.13,2600,104.03
2010-05-24,107.94,107.96,107.74,107.95,10700,103.86
2010-05-21,107.71,107.92,107.71,107.88,6500,103.79
2010-05-20,107.66,107.80,107.66,107.80,2700,103.71
2010-05-19,107.48,107.75,107.48,107.75,800,103.66
2010-05-18,107.41,107.70,107.41,107.46,4400,103.38
2010-05-17,107.50,107.57,107.36,107.57,3900,103.49
2010-05-14,107.49,107.62,106.20,107.52,22500,103.44
2010-05-13,107.49,107.49,107.26,107.26,3800,103.19
2010-05-12,107.49,107.53,107.30,107.40,2200,103.33
2010-05-11,107.48,107.52,107.29,107.51,2800,103.43
2010-05-10,107.46,107.61,107.31,107.46,14700,103.38
2010-05-07,107.50,107.50,107.25,107.30,4900,103.23
2010-05-06,107.57,107.65,107.47,107.47,9900,103.39
2010-05-05,107.55,107.55,107.48,107.49,15400,103.41
2010-05-04,107.53,107.60,107.40,107.59,8000,103.51
2010-05-03,107.66,107.66,107.40,107.48,11300,103.40
2010-04-30,107.76,107.82,107.68,107.81,2100,103.38
2010-04-29,107.85,107.85,107.67,107.83,5100,103.40
2010-04-28,107.71,107.85,107.59,107.85,20500,103.42
2010-04-27,107.47,107.78,107.47,107.66,6000,103.24
2010-04-26,107.28,107.55,107.25,107.34,11600,102.93
2010-04-23,107.23,107.26,107.05,107.24,6500,102.83
2010-04-22,107.11,107.16,106.99,107.15,6300,102.75
2010-04-21,106.78,107.05,106.75,106.90,11400,102.51
2010-04-20,106.67,106.68,106.39,106.48,8100,102.11
2010-04-19,106.27,106.54,106.27,106.54,3700,102.16
2010-04-16,106.33,106.39,106.31,106.35,5100,101.98
2010-04-15,106.04,106.25,106.03,106.21,1900,101.85
2010-04-14,105.90,106.12,105.89,106.10,8300,101.74
2010-04-13,105.90,106.03,105.88,106.03,800,101.67
2010-04-12,105.61,105.92,105.61,105.90,5000,101.55
2010-04-09,105.79,105.82,105.59,105.59,10900,101.25
2010-04-08,105.51,105.78,105.51,105.77,5300,101.43
2010-04-07,105.65,105.70,105.51,105.52,3800,101.19
2010-04-06,104.48,105.74,104.48,105.72,9100,101.38
2010-04-05,105.80,105.80,105.19,105.74,20100,101.40
2010-04-01,106.07,106.07,105.70,105.77,17400,101.43
2010-03-31,106.00,106.14,106.00,106.11,1600,101.41
2010-03-30,106.24,106.24,106.00,106.00,5300,101.30
2010-03-29,105.94,106.11,105.94,106.10,2600,101.40
2010-03-26,105.88,106.24,105.88,106.00,5500,101.30
2010-03-25,106.22,106.38,106.05,106.05,4200,101.35
2010-03-24,106.67,106.68,106.19,106.19,26900,101.49
2010-03-23,106.53,106.68,106.52,106.52,4900,101.80
2010-03-22,106.54,106.77,106.54,106.59,9700,101.87
2010-03-19,107.02,107.02,106.84,106.87,3500,102.14
2010-03-18,106.36,108.33,106.36,106.59,21100,101.87
2010-03-17,106.59,106.61,106.40,106.40,6600,101.69
2010-03-16,106.44,106.64,106.41,106.55,8100,101.83
2010-03-15,106.36,106.58,106.36,106.58,3500,101.86
2010-03-12,106.27,106.53,106.23,106.50,5900,101.78
2010-03-11,106.23,110.39,106.22,106.37,24700,101.66
2010-03-10,106.38,106.46,106.24,106.45,17200,101.73
2010-03-09,106.39,106.52,106.24,106.52,10000,101.80
2010-03-08,106.37,106.39,106.20,106.39,10800,101.68
2010-03-05,106.09,106.35,106.09,106.35,3800,101.64
2010-03-04,106.10,106.29,106.09,106.09,19800,101.39
2010-03-03,105.90,106.13,105.90,106.12,14300,101.42
2010-03-02,106.02,106.10,105.88,106.07,3000,101.37
2010-03-01,106.01,106.03,105.98,105.98,4300,101.29
2010-02-26,106.24,106.27,106.13,106.27,5700,101.23
2010-02-25,106.17,106.21,105.96,106.19,6800,101.15
2010-02-24,105.89,106.06,105.89,106.06,3500,101.03
2010-02-23,105.93,105.93,105.70,105.75,2900,100.73
2010-02-22,105.81,105.81,105.58,105.79,7200,100.77
2010-02-19,105.92,106.09,105.68,105.88,12300,100.86
2010-02-18,105.79,106.03,105.76,105.90,4400,100.87
2010-02-17,105.79,106.02,105.79,105.97,6100,100.94
2010-02-16,105.81,106.07,105.78,105.99,11300,100.96
2010-02-12,105.80,106.05,105.79,105.82,1700,100.80
2010-02-11,105.90,106.03,105.88,105.88,5900,100.86
2010-02-10,106.13,106.13,105.84,105.88,3100,100.86
2010-02-09,105.80,106.16,105.80,106.10,17100,101.06
2010-02-08,106.21,106.21,106.00,106.17,2400,101.13
2010-02-05,106.11,106.21,105.86,106.21,7300,101.17
2010-02-04,105.63,106.08,105.38,106.08,6300,101.05
2010-02-03,105.83,105.95,105.58,105.83,10900,100.81
2010-02-02,105.15,105.73,105.15,105.55,2900,100.54
2010-02-01,105.49,105.59,105.41,105.45,6200,100.45
2010-01-29,105.84,105.89,105.73,105.73,7800,100.38
2010-01-28,105.87,105.89,105.81,105.85,4500,100.49
2010-01-27,106.08,106.08,105.78,105.80,2100,100.45
2010-01-26,106.18,106.18,105.86,106.03,6500,100.67
2010-01-25,106.27,106.27,106.04,106.20,5500,100.83
2010-01-22,106.09,106.33,105.90,106.03,5600,100.67
2010-01-21,106.36,106.38,105.68,106.36,9100,100.98
2010-01-20,106.28,106.28,106.05,106.25,4400,100.87
2010-01-19,106.08,106.24,106.03,106.10,4300,100.73
2010-01-15,106.16,106.24,106.00,106.21,5100,100.84
2010-01-14,106.15,106.16,105.82,106.10,6900,100.73
2010-01-13,105.79,106.00,105.74,105.79,6300,100.44
2010-01-12,105.88,105.88,105.75,105.87,3800,100.51
2010-01-11,105.61,105.93,105.60,105.89,6500,100.53
2010-01-08,105.54,105.90,105.54,105.60,8200,100.26
2010-01-07,105.80,105.88,105.63,105.80,12700,100.45
2010-01-06,105.75,105.75,105.40,105.65,6200,100.30
2010-01-05,105.39,105.80,105.32,105.37,6400,100.04
2010-01-04,105.46,105.56,105.45,105.45,3000,100.11
2009-12-31,105.41,105.57,105.41,105.55,1900,100.21
2009-12-30,105.61,105.61,105.40,105.59,7800,100.25
2009-12-29,105.42,105.62,105.19,105.56,16900,100.22
2009-12-28,105.80,105.90,105.32,105.73,16500,100.08
2009-12-24,105.45,105.54,105.41,105.46,3500,99.83
2009-12-23,105.42,105.43,105.39,105.43,2600,99.80
2009-12-22,105.30,105.65,105.27,105.43,11900,99.80
2009-12-21,105.34,105.63,105.34,105.39,8500,99.76
2009-12-18,105.38,105.67,105.38,105.62,17000,99.98
2009-12-17,105.67,105.73,105.53,105.65,10300,100.01
2009-12-16,105.59,105.75,105.33,105.59,5800,99.95
2009-12-15,105.77,105.81,105.45,105.53,8200,99.89
2009-12-14,105.45,105.89,105.45,105.85,14400,100.20
2009-12-11,105.60,105.84,105.40,105.52,3700,99.88
2009-12-10,105.77,105.78,105.41,105.62,4500,99.98
2009-12-09,105.46,105.84,105.39,105.78,3100,100.13
2009-12-08,105.12,105.59,105.07,105.25,8100,99.63
2009-12-07,105.04,105.66,104.89,105.08,12200,99.47
2009-12-04,105.20,105.44,104.86,105.05,14400,99.44
2009-12-03,106.02,106.06,104.83,104.99,19000,99.38
2009-12-02,105.50,105.81,105.03,105.49,25100,99.86
2009-12-01,105.30,105.82,105.08,105.48,6600,99.85
2009-11-30,105.49,105.98,105.25,105.65,4100,99.69
2009-11-27,105.52,105.81,105.52,105.81,500,99.84
2009-11-25,105.57,105.68,105.08,105.68,6700,99.72
2009-11-24,104.83,105.76,104.83,105.18,10000,99.25
2009-11-23,104.95,105.79,104.95,105.19,4600,99.26
2009-11-20,105.64,105.82,104.75,105.54,8000,99.59
2009-11-19,105.59,105.78,105.15,105.50,2800,99.55
2009-11-18,104.66,105.84,104.66,105.00,9000,99.08
2009-11-17,104.71,105.50,104.71,105.30,5900,99.36
2009-11-16,104.82,105.40,104.66,104.66,4300,98.76
2009-11-13,104.80,105.30,104.80,104.85,6700,98.93
2009-11-12,105.42,105.70,104.92,104.92,2700,99.00
2009-11-11,105.96,105.96,105.25,105.95,5600,99.97
2009-11-10,105.56,105.58,104.94,105.58,2700,99.62
2009-11-09,105.50,106.07,105.50,105.51,9900,99.56
2009-11-06,105.80,105.80,105.58,105.77,5100,99.80
2009-11-05,105.67,105.93,104.90,105.50,7400,99.55
2009-11-04,105.79,106.13,105.70,105.75,5200,99.78
2009-11-03,105.66,105.79,105.41,105.46,6100,99.51
2009-11-02,105.77,105.95,104.66,104.66,33600,98.76
2009-10-30,106.09,106.10,105.82,106.04,2500,99.74
2009-10-29,106.62,106.64,105.91,106.33,4300,100.01
2009-10-28,106.73,106.85,105.76,106.60,8400,100.27
2009-10-27,106.78,106.79,105.75,106.11,4000,99.81
2009-10-26,106.49,106.87,105.68,106.75,3900,100.41
2009-10-23,107.06,107.06,106.00,106.86,3400,100.51
2009-10-22,107.10,107.10,106.07,106.80,7700,100.46
2009-10-21,105.99,106.85,105.72,106.69,9600,100.35
2009-10-20,105.77,106.00,105.77,106.00,3700,99.70
2009-10-19,106.00,106.59,105.77,105.77,6400,99.49
2009-10-16,106.86,107.28,105.66,105.66,9600,99.38
2009-10-15,106.88,107.20,105.92,106.95,11800,100.60
2009-10-14,107.53,107.53,106.29,106.97,4500,100.62
2009-10-13,108.31,108.31,107.33,107.96,6200,101.55
2009-10-12,107.36,108.50,106.71,108.40,11300,101.96
2009-10-09,108.63,108.63,107.39,108.35,5900,101.91
2009-10-08,108.87,110.05,108.20,108.20,6800,101.77
2009-10-07,110.49,110.49,108.34,109.46,5200,102.96
2009-10-06,109.88,110.31,109.03,109.18,5800,102.69
2009-10-05,108.40,108.80,108.34,108.77,3300,102.31
2009-10-02,109.83,109.89,108.40,109.00,2200,102.52
2009-10-01,109.17,110.28,108.22,108.38,11900,101.94
2009-09-30,109.94,109.95,108.15,108.20,4300,101.47
2009-09-29,109.24,109.86,108.17,108.18,5900,101.46
2009-09-28,109.25,110.00,107.70,108.59,15200,101.84
2009-09-25,109.05,110.00,109.05,109.60,10800,102.79
2009-09-24,108.94,109.98,108.93,109.91,6000,103.08
2009-09-23,109.50,109.67,109.19,109.54,3600,102.73
2009-09-22,109.45,109.50,109.45,109.50,2700,102.69
2009-09-21,109.50,109.50,108.81,109.49,5800,102.68
2009-09-18,109.10,109.49,108.20,109.25,4200,102.46
2009-09-17,108.82,109.09,108.50,108.89,9900,102.12
2009-09-16,108.75,109.09,108.00,108.00,5200,101.29
2009-09-15,108.72,108.89,108.50,108.50,2800,101.76
2009-09-14,109.50,109.50,107.60,108.86,1700,102.09
2009-09-11,108.23,109.25,107.25,109.13,2300,102.35
2009-09-10,108.10,108.50,107.96,108.49,6500,101.75
2009-09-09,108.99,109.00,106.78,108.08,1600,101.36
2009-09-08,107.35,109.23,106.50,109.00,5300,102.22
2009-09-04,106.33,107.35,106.19,107.29,8500,100.62
2009-09-03,106.31,107.42,106.21,106.60,8000,99.97
2009-09-02,107.24,109.47,106.04,107.43,2700,100.75
2009-09-01,107.55,107.75,106.00,107.22,9000,100.56
2009-08-31,106.35,110.59,106.35,108.31,64900,101.58
2009-08-28,106.44,106.61,106.05,106.05,9400,99.46
2009-08-27,106.02,107.45,104.94,107.23,16200,100.56
2009-08-26,106.00,106.00,105.02,105.93,8300,99.35
2009-08-25,105.84,105.99,105.33,105.33,4200,98.78
2009-08-24,106.84,106.84,103.43,105.33,11400,98.78
2009-08-21,104.36,105.90,104.36,105.87,1900,99.29
2009-08-20,105.99,106.00,104.31,104.45,10000,97.96
2009-08-19,106.11,106.14,105.85,106.14,1200,99.54
2009-08-18,105.79,105.79,105.00,105.46,14400,98.90
2009-08-17,104.63,105.16,103.71,105.16,5400,98.62
2009-08-14,104.00,104.25,103.50,104.25,10400,97.77
2009-08-13,104.57,104.57,103.56,104.07,8200,97.60
2009-08-12,103.86,104.05,103.42,104.05,10600,97.58
2009-08-11,103.18,103.77,103.18,103.66,6000,97.22
2009-08-10,103.40,103.40,103.02,103.36,3800,96.94
2009-08-07,104.12,104.12,103.12,103.35,6600,96.93
2009-08-06,104.00,104.22,102.79,103.40,4300,96.97
2009-08-05,103.27,103.40,102.90,103.40,5600,96.97
2009-08-04,103.24,103.27,102.79,103.27,14200,96.85
2009-08-03,102.27,102.85,102.16,102.85,28400,96.46
2009-07-31,102.44,102.44,101.80,102.41,17200,96.04
2009-07-30,101.73,102.18,101.61,102.18,9700,95.83
2009-07-29,101.69,101.93,101.69,101.89,2000,95.56
2009-07-28,101.83,101.83,101.41,101.71,4700,95.39
2009-07-27,100.45,101.70,100.45,101.68,8000,95.36
2009-07-24,101.63,101.74,101.60,101.61,1800,95.29
2009-07-23,101.84,101.84,101.60,101.81,3200,95.48
2009-07-22,101.44,101.80,100.88,101.80,12700,95.47
2009-07-21,101.78,101.97,101.63,101.93,13400,95.59
2009-07-20,101.91,101.91,101.55,101.55,6800,95.24
2009-07-17,101.76,101.76,101.71,101.72,600,95.40
2009-07-16,102.05,102.05,101.49,101.90,8700,95.57
2009-07-15,102.05,102.05,101.51,102.04,3500,95.70
2009-07-14,101.71,101.98,101.71,101.96,1400,95.62
2009-07-13,101.69,101.70,100.89,101.70,4900,95.38
2009-07-10,101.47,101.47,100.06,100.88,5500,94.61
2009-07-09,100.84,101.90,95.66,100.39,51100,94.15
2009-07-08,101.19,101.85,101.00,101.75,4800,95.43
2009-07-07,102.09,102.09,99.97,100.50,17000,94.25
2009-07-06,99.95,101.70,99.95,101.50,4800,95.19
2009-07-02,101.00,102.20,100.00,100.00,25200,93.78
2009-07-01,101.01,102.00,100.91,100.91,14100,94.64
2009-06-30,102.19,102.19,101.95,101.95,4300,95.30
2009-06-29,102.16,102.16,101.91,102.16,6100,95.50
2009-06-26,102.10,102.27,101.66,101.66,7200,95.03
2009-06-25,102.20,102.20,102.01,102.20,2600,95.54
2009-06-24,102.00,102.20,102.00,102.15,2300,95.49
2009-06-23,102.40,102.40,102.01,102.01,4600,95.36
2009-06-22,106.45,106.45,101.00,102.13,2700,95.47
2009-06-19,102.55,102.55,102.00,102.06,13800,95.40
2009-06-18,102.58,102.61,102.31,102.55,5600,95.86
2009-06-17,102.81,102.81,102.21,102.25,4400,95.58
2009-06-16,102.59,102.59,102.21,102.27,5200,95.60
2009-06-15,102.62,102.65,102.23,102.59,22400,95.90
2009-06-12,102.30,102.60,102.26,102.60,4400,95.91
2009-06-11,102.73,102.76,102.16,102.50,3300,95.82
2009-06-10,103.18,103.94,102.90,102.93,19400,96.22
2009-06-09,103.07,103.58,103.07,103.22,11000,96.49
2009-06-08,104.01,104.01,103.64,103.76,8800,96.99
2009-06-05,104.08,104.08,104.07,104.08,1200,97.29
2009-06-04,104.19,104.20,104.00,104.00,3400,97.22
2009-06-03,103.26,104.21,103.26,104.18,14100,97.39
2009-06-02,104.14,104.14,103.97,104.10,7200,97.31
2009-06-01,103.90,104.16,103.24,104.09,6600,97.30
2009-05-29,104.42,104.45,103.74,104.38,2300,97.26
2009-05-28,103.66,104.52,103.62,104.48,5500,97.35
2009-05-27,105.04,105.12,104.31,104.31,2400,97.20
2009-05-26,105.12,105.22,105.12,105.14,1100,97.97
2009-05-22,105.49,105.49,105.08,105.20,2700,98.02
2009-05-21,105.14,105.16,105.02,105.16,2200,97.99
2009-05-20,105.68,105.68,105.08,105.14,5200,97.97
2009-05-19,105.07,105.08,105.03,105.08,1700,97.91
2009-05-18,105.01,106.51,104.86,104.86,3400,97.71
2009-05-15,105.32,105.32,104.97,105.03,4700,97.87
2009-05-14,105.05,105.05,104.84,104.88,2100,97.73
2009-05-13,104.71,105.00,104.71,104.88,2900,97.73
2009-05-12,105.00,105.01,104.85,105.01,5000,97.85
2009-05-11,105.47,105.50,104.50,105.50,3600,98.30
2009-05-08,104.75,105.49,104.18,105.48,7900,98.29
2009-05-07,104.88,105.16,104.62,104.93,4900,97.77
2009-05-06,104.85,105.61,104.57,105.56,14500,98.36
2009-05-05,105.23,105.23,104.61,104.70,5400,97.56
2009-05-04,105.77,105.77,104.80,104.90,3300,97.75
2009-05-01,104.75,104.85,104.74,104.79,4500,97.64
2009-04-30,104.77,104.78,104.68,104.75,9300,97.29
2009-04-29,104.91,105.07,104.86,104.86,15100,97.39
2009-04-28,105.54,105.54,104.95,105.19,8900,97.70
2009-04-27,105.90,106.09,105.10,106.01,6100,98.46
2009-04-24,105.08,105.59,105.06,105.06,4500,97.58
2009-04-23,104.10,105.07,104.10,105.07,6000,97.59
2009-04-22,104.38,104.42,104.25,104.42,2300,96.99
2009-04-21,104.28,104.48,104.25,104.35,5700,96.92
2009-04-20,104.29,104.29,104.23,104.26,1600,96.84
2009-04-17,104.19,104.19,104.00,104.19,1400,96.77
2009-04-16,103.98,103.98,103.46,103.55,11000,96.18
2009-04-15,104.12,104.20,103.46,104.20,10900,96.78
2009-04-14,103.82,103.82,103.53,103.81,5700,96.42
2009-04-13,103.50,104.02,103.50,103.50,6400,96.13
2009-04-09,103.82,104.00,103.56,104.00,9000,96.60
2009-04-08,103.12,103.77,103.12,103.50,5500,96.13
2009-04-07,103.50,103.76,103.47,103.69,3200,96.31
2009-04-06,103.56,103.83,103.50,103.72,5400,96.34
2009-04-03,103.90,103.93,103.57,103.75,14000,96.36
2009-04-02,103.96,103.96,103.74,103.93,8800,96.53
2009-04-01,103.59,104.08,103.23,103.23,13900,95.88
2009-03-31,104.13,104.13,103.51,103.80,3600,96.09
2009-03-30,103.93,103.93,103.89,103.89,2000,96.17
2009-03-27,104.17,104.17,103.46,103.96,4000,96.23
2009-03-26,104.00,104.31,103.62,103.65,6400,95.95
2009-03-25,103.67,104.37,103.67,104.37,7300,96.61
2009-03-24,103.37,104.30,103.37,104.24,5100,96.49
2009-03-23,103.19,107.00,103.19,103.84,8800,96.12
2009-03-20,102.50,103.90,102.50,103.53,3400,95.84
2009-03-19,102.70,103.35,102.56,102.85,8300,95.21
2009-03-18,101.50,101.70,101.32,101.65,3300,94.10
2009-03-17,101.25,102.76,100.85,101.66,57300,94.10
2009-03-16,101.76,101.76,101.05,101.46,2300,93.92
2009-03-13,101.26,101.67,101.26,101.64,4200,94.09
2009-03-12,102.49,102.49,101.21,101.93,2200,94.35
2009-03-11,101.94,101.94,101.94,101.94,100,94.36
2009-03-10,101.04,102.14,101.04,101.09,11400,93.58
2009-03-09,101.99,101.99,101.05,101.13,8700,93.61
2009-03-06,102.19,102.19,100.81,101.52,10700,93.98
2009-03-05,101.30,102.25,100.91,101.69,5700,94.13
2009-03-04,102.30,102.30,100.78,101.28,6800,93.75
2009-03-03,102.10,102.68,102.10,102.60,3100,94.97
2009-03-02,102.67,102.86,102.10,102.10,5000,94.51
2009-02-27,103.06,103.31,102.40,102.44,9900,94.52
2009-02-26,102.40,103.22,102.15,103.22,3700,95.24
2009-02-25,103.27,103.27,103.21,103.24,700,95.26
2009-02-24,102.46,103.27,102.38,103.00,2600,95.04
2009-02-23,101.75,103.49,101.51,102.85,17900,94.90
2009-02-20,103.28,103.91,102.06,102.06,8900,94.17
2009-02-19,102.90,103.85,102.32,103.11,7400,95.14
2009-02-18,103.82,104.07,102.51,102.95,12300,94.99
2009-02-17,103.73,104.11,103.30,103.90,4000,95.87
2009-02-13,102.80,102.99,102.35,102.43,4300,94.51
2009-02-12,103.82,103.86,102.69,103.08,3000,95.11
2009-02-11,104.18,104.39,103.57,104.25,4100,96.19
2009-02-10,104.21,104.36,103.54,103.81,2700,95.79
2009-02-09,103.29,104.25,102.14,104.25,8600,96.19
2009-02-06,103.56,103.56,103.37,103.39,3200,95.40
2009-02-05,103.92,103.92,102.90,103.30,3900,95.32
2009-02-04,103.00,103.00,102.07,102.07,4400,94.18
2009-02-03,103.33,103.33,101.97,102.44,2500,94.52
2009-02-02,101.03,102.00,101.03,101.40,2800,93.56
2009-01-30,100.99,101.88,100.99,101.37,4100,93.23
2009-01-29,102.56,102.56,100.68,101.28,8000,93.15
2009-01-28,102.34,102.36,101.25,101.25,5000,93.12
2009-01-27,101.49,102.27,101.14,101.80,1800,93.63
2009-01-26,102.14,102.14,100.00,101.31,4900,93.18
2009-01-23,103.31,103.56,101.55,101.67,5100,93.51
2009-01-22,100.36,102.10,100.36,101.60,4700,93.44
2009-01-21,102.96,103.36,102.18,102.70,7700,94.45
2009-01-20,103.59,104.00,103.03,103.20,5600,94.91
2009-01-16,104.29,104.47,103.14,104.36,6800,95.98
2009-01-15,104.00,104.00,103.70,103.90,600,95.56
2009-01-14,103.83,104.80,103.79,104.43,6200,96.05
2009-01-13,103.69,104.17,103.47,104.09,3700,95.73
2009-01-12,104.00,104.00,102.61,103.64,10500,95.32
2009-01-09,103.98,103.98,102.92,103.55,6900,95.24
2009-01-08,103.40,103.80,102.93,103.80,12900,95.47
2009-01-07,102.14,103.46,101.95,103.45,10800,95.14
2009-01-06,102.17,102.97,101.55,102.71,6000,94.46
2009-01-05,101.67,102.43,100.46,102.24,6700,94.03
2009-01-02,101.28,101.46,100.18,101.40,27900,93.26
2008-12-31,101.10,101.42,99.94,101.39,8800,93.25
2008-12-30,101.05,101.11,99.60,99.61,10500,91.61
2008-12-29,100.98,101.17,100.29,101.08,6800,92.96
2008-12-26,101.11,101.42,100.20,101.22,6800,92.73
2008-12-24,100.84,101.10,99.71,101.10,5200,92.62
2008-12-23,100.20,100.49,99.46,100.49,4500,92.06
2008-12-22,100.73,100.73,99.30,100.34,6800,91.93
2008-12-19,99.05,100.05,99.05,99.30,2700,90.97
2008-12-18,100.34,101.27,98.82,99.94,23900,91.56
2008-12-17,100.73,101.30,98.49,99.61,19000,91.26
2008-12-16,100.50,100.50,97.81,100.50,5500,92.07
2008-12-15,96.90,99.14,96.90,98.92,2000,90.62
2008-12-12,96.55,97.99,96.07,97.96,16000,89.75
2008-12-11,96.05,97.04,95.11,97.00,14200,88.87
2008-12-10,96.57,96.75,95.89,96.75,4200,88.64
2008-12-09,96.60,97.11,95.48,96.89,3600,88.77
2008-12-08,97.98,97.98,96.54,97.06,2100,88.92
2008-12-05,97.35,98.24,96.95,97.04,2500,88.90
2008-12-04,96.69,98.04,96.20,97.95,74800,89.74
2008-12-03,96.57,97.22,95.60,96.57,8000,88.47
2008-12-02,95.50,96.90,95.45,96.75,10400,88.64
2008-12-01,95.75,96.58,95.50,95.87,3400,87.83
2008-11-28,96.75,96.75,96.30,96.30,500,87.93
2008-11-26,97.90,97.90,96.25,96.75,7000,88.34
2008-11-25,98.71,98.78,96.50,96.50,30700,88.11
2008-11-24,98.95,98.96,96.81,98.72,9200,90.14
2008-11-21,100.58,100.58,97.64,98.78,2400,90.19
2008-11-20,100.98,101.23,99.75,100.50,4300,91.76
2008-11-19,100.60,100.92,99.92,99.92,2100,91.23
2008-11-18,99.75,101.25,99.75,100.35,2000,91.62
2008-11-17,101.54,101.54,100.70,100.74,3800,91.98
2008-11-14,102.00,102.08,101.23,101.93,5500,93.07
2008-11-13,102.83,102.83,102.01,102.02,2800,93.15
2008-11-12,102.97,104.83,102.05,102.81,15300,93.87
2008-11-11,102.90,102.90,102.05,102.23,7600,93.34
2008-11-10,104.00,104.00,102.99,102.99,2100,94.04
2008-11-07,102.50,103.43,102.50,103.43,3400,94.44
2008-11-06,103.26,104.30,102.50,103.66,13900,94.65
2008-11-05,100.01,103.53,100.01,103.53,2700,94.53
2008-11-04,99.99,101.01,99.99,101.01,5800,92.23
2008-11-03,98.85,100.00,98.84,100.00,4300,91.31
2008-10-31,98.96,99.01,97.79,98.95,3900,90.06
2008-10-30,97.37,98.62,96.99,97.25,1300,88.52
2008-10-29,98.10,98.25,97.85,97.96,2600,89.16
2008-10-28,99.87,99.87,97.85,98.95,2100,90.06
2008-10-27,97.23,100.70,97.23,98.54,9200,89.69
2008-10-24,99.25,99.25,97.49,97.49,700,88.73
2008-10-23,96.31,98.49,96.31,98.32,7800,89.49
2008-10-22,95.16,96.95,95.06,96.89,12700,88.19
2008-10-21,93.44,95.20,92.97,95.20,6900,86.65
2008-10-20,92.54,94.00,92.54,94.00,12900,85.56
2008-10-17,91.39,92.51,90.48,90.48,11500,82.35
2008-10-16,91.99,92.00,89.62,91.19,11800,83.00
2008-10-15,92.03,92.04,91.00,91.00,2700,82.83
2008-10-14,91.59,92.00,91.25,92.00,2700,83.74
2008-10-13,95.00,95.00,90.29,91.90,3700,83.65
2008-10-10,94.28,94.43,87.32,92.16,15900,83.88
2008-10-09,97.00,98.46,96.00,96.00,7400,87.38
2008-10-08,97.70,100.95,92.80,98.17,4300,89.35
2008-10-07,98.50,100.52,98.00,99.61,6000,90.66
2008-10-06,99.72,101.90,98.54,99.00,10400,90.11
2008-10-03,100.75,100.91,100.05,100.05,800,91.06
2008-10-02,99.72,101.68,99.71,100.99,5200,91.92
2008-10-01,101.16,101.16,100.34,100.59,2700,91.56
2008-09-30,100.01,100.67,100.00,100.49,10200,91.21
2008-09-29,101.13,102.01,93.20,100.55,16900,91.26
2008-09-26,100.63,101.14,100.50,100.50,3600,91.21
2008-09-25,100.66,100.91,100.54,100.91,14900,91.59
2008-09-24,101.17,101.18,100.35,100.50,15400,91.21
2008-09-23,101.25,101.61,100.52,101.57,6100,92.19
2008-09-22,101.46,101.74,101.33,101.74,3300,92.34
2008-09-19,100.99,101.74,100.59,100.61,4800,91.31
2008-09-18,101.80,102.92,98.61,100.00,9300,90.76
2008-09-17,102.68,103.39,102.55,102.65,4600,93.17
2008-09-16,103.18,103.33,103.00,103.00,4900,93.48
2008-09-15,103.90,104.15,103.89,103.97,4300,94.36
2008-09-12,103.83,103.94,103.33,103.82,1500,94.23
2008-09-11,104.00,104.42,103.97,104.32,7600,94.68
2008-09-10,104.13,104.26,103.83,103.89,5500,94.29
2008-09-09,104.19,104.35,104.00,104.18,1500,94.55
2008-09-08,104.10,104.21,103.82,104.21,1000,94.58
2008-09-05,104.11,104.29,104.11,104.14,2100,94.52
2008-09-04,103.90,104.17,103.84,104.09,6600,94.47
2008-09-03,103.44,103.89,103.44,103.89,1500,94.29
2008-09-02,103.42,103.61,103.37,103.37,13200,93.82
2008-08-29,103.73,103.88,103.03,103.86,8800,94.03
2008-08-28,103.84,103.84,103.48,103.71,4500,93.89
2008-08-27,103.88,103.90,103.61,103.90,9300,94.06
2008-08-26,103.65,103.89,103.51,103.86,7200,94.03
2008-08-25,103.75,103.85,103.50,103.79,4700,93.96
2008-08-22,103.59,103.65,103.58,103.65,2900,93.84
2008-08-21,103.49,103.80,103.25,103.48,1700,93.68
2008-08-20,103.87,104.05,103.80,103.80,7800,93.97
2008-08-19,103.49,103.78,103.49,103.75,1800,93.93
2008-08-18,103.50,103.65,103.50,103.65,1800,93.84
2008-08-15,105.15,105.15,103.20,103.60,4200,93.79
2008-08-14,102.66,102.90,102.66,102.90,800,93.16
2008-08-13,102.56,102.56,102.53,102.56,1400,92.85
2008-08-12,102.48,102.48,102.22,102.23,800,92.55
2008-08-11,102.71,102.71,102.09,102.16,3600,92.49
2008-08-08,102.39,102.65,102.26,102.30,5500,92.62
2008-08-07,102.07,102.50,102.02,102.21,7800,92.53
2008-08-06,101.50,101.78,101.34,101.78,6500,92.15
2008-08-05,102.05,102.06,101.65,101.65,9600,92.03
2008-08-04,102.29,102.29,102.03,102.09,2900,92.43
2008-08-01,102.08,102.52,102.08,102.13,2100,92.46
2008-07-31,101.99,102.24,101.99,102.24,15500,92.30
2008-07-30,102.33,102.48,101.78,102.03,37700,92.11
2008-07-29,102.45,102.70,102.40,102.70,7800,92.72
2008-07-28,102.68,102.84,102.39,102.39,800,92.44
2008-07-25,102.43,102.43,102.43,102.43,1000,92.48
2008-07-24,101.73,102.60,101.72,102.45,16900,92.49
2008-07-23,101.79,102.51,101.79,102.40,3800,92.45
2008-07-22,102.91,102.91,102.62,102.82,4100,92.83
2008-07-21,103.02,103.08,102.83,103.08,2600,93.06
2008-07-18,103.19,103.19,102.72,102.91,9300,92.91
2008-07-17,103.39,103.45,102.88,102.88,1300,92.88
2008-07-16,104.07,104.07,103.40,103.75,4600,93.67
2008-07-15,104.19,104.19,103.44,103.71,1800,93.63
2008-07-14,103.30,103.50,103.25,103.25,2000,93.22
2008-07-11,103.64,103.85,103.23,103.49,5000,93.43
2008-07-10,103.67,103.89,103.67,103.80,7500,93.71
2008-07-09,103.61,103.70,103.40,103.70,3800,93.62
2008-07-08,103.30,103.31,103.24,103.31,2400,93.27
2008-07-07,105.00,105.00,103.11,103.17,4700,93.14
2008-07-03,103.51,103.51,102.41,102.89,17000,92.89
2008-07-02,103.46,103.46,102.20,102.23,1800,92.29
2008-07-01,102.19,102.79,102.02,102.12,5700,92.20
2008-06-30,102.59,102.84,102.59,102.80,4500,92.57
2008-06-27,102.25,102.59,102.01,102.59,10500,92.38
2008-06-26,102.10,102.31,102.10,102.25,4300,92.08
2008-06-25,101.91,101.92,101.84,101.84,300,91.71
2008-06-24,101.96,101.96,101.71,101.93,1700,91.79
2008-06-23,101.56,102.08,101.27,101.28,13600,91.20
2008-06-20,102.54,102.59,101.77,101.77,10400,91.64
2008-06-19,103.36,103.36,102.81,103.11,8400,92.85
2008-06-18,103.49,103.80,103.35,103.80,2000,93.47
2008-06-17,102.69,103.65,102.69,103.65,1600,93.34
2008-06-16,103.63,103.63,103.36,103.57,4100,93.27
2008-06-13,103.73,103.73,103.38,103.38,5400,93.09
2008-06-12,104.11,104.11,103.73,103.98,1800,93.63
2008-06-11,104.14,104.29,104.14,104.20,3000,93.83
2008-06-10,104.38,104.38,104.00,104.06,2200,93.71
2008-06-09,104.14,104.55,104.14,104.22,2500,93.85
2008-06-06,104.59,104.67,104.16,104.60,9500,94.19
2008-06-05,104.42,104.54,104.29,104.29,11500,93.91
2008-06-04,104.68,104.68,104.37,104.37,3600,93.99
2008-06-03,104.70,104.83,104.65,104.73,9500,94.31
2008-06-02,104.73,104.91,104.73,104.84,9000,94.41
2008-05-30,104.61,104.62,104.11,104.11,2500,93.51
2008-05-29,104.80,104.80,104.64,104.75,4900,94.09
2008-05-28,105.41,105.41,105.41,105.41,400,94.68
2008-05-27,105.32,105.32,104.91,105.18,2300,94.47
2008-05-23,105.47,105.69,104.90,105.64,28200,94.89
2008-05-22,105.26,105.26,104.87,105.16,5100,94.45
2008-05-21,105.66,105.68,105.47,105.68,1600,94.92
2008-05-20,105.66,105.66,105.29,105.29,6800,94.57
2008-05-19,104.86,105.40,104.86,105.24,7900,94.53
2008-05-16,105.19,105.60,104.88,105.14,8000,94.44
2008-05-15,105.16,105.22,104.95,105.22,9900,94.51
2008-05-14,104.86,105.13,104.57,104.92,1800,94.24
2008-05-13,104.75,105.51,104.14,104.78,19100,94.11
2008-05-12,105.04,105.04,104.87,104.87,1500,94.19
2008-05-09,104.86,105.00,104.50,104.60,3600,93.95
2008-05-08,104.81,104.90,104.50,104.74,4200,94.08
2008-05-07,104.76,104.76,104.30,104.30,4500,93.68
2008-05-06,104.75,104.78,104.21,104.54,4700,93.90
2008-05-05,104.84,105.05,103.90,104.23,13300,93.62
2008-05-02,105.13,105.13,104.62,104.92,1800,94.24
2008-05-01,105.40,105.40,104.78,104.78,15000,94.11
2008-04-30,105.66,105.76,104.81,105.53,17000,94.53
2008-04-29,105.48,105.48,104.93,105.25,6400,94.28
2008-04-28,105.00,105.32,104.66,105.00,6000,94.06
2008-04-25,104.49,104.56,104.39,104.39,4600,93.51
2008-04-24,105.68,105.68,104.25,104.50,8600,93.61
2008-04-23,104.60,105.12,104.43,105.12,6200,94.17
2008-04-22,104.29,104.89,104.29,104.89,9000,93.96
2008-04-21,104.38,104.68,103.79,104.67,4600,93.76
2008-04-18,105.83,105.83,103.62,104.92,43700,93.99
2008-04-17,105.75,105.75,105.00,105.13,1600,94.18
2008-04-16,105.00,105.01,104.90,104.90,900,93.97
2008-04-15,105.46,105.47,105.39,105.39,500,94.41
2008-04-14,106.00,106.00,105.12,105.30,4200,94.33
2008-04-11,104.98,105.07,104.98,105.06,3000,94.11
2008-04-10,106.03,106.03,104.56,104.69,1400,93.78
2008-04-09,103.84,104.81,103.84,104.75,2200,93.84
2008-04-08,104.05,104.05,103.60,103.78,4600,92.97
2008-04-07,103.60,103.67,103.32,103.66,17200,92.86
2008-04-04,103.28,105.10,102.87,103.52,28200,92.73
2008-04-03,102.58,102.65,102.50,102.55,2600,91.86
2008-04-02,102.29,102.45,102.25,102.45,9300,91.78
2008-04-01,102.87,102.92,102.58,102.75,7900,92.04
2008-03-31,103.66,103.70,103.50,103.58,9100,92.51
2008-03-28,102.84,103.24,102.82,103.24,1300,92.20
2008-03-27,102.52,102.54,102.25,102.50,4400,91.54
2008-03-26,103.52,103.52,103.00,103.33,30800,92.28
2008-03-25,102.61,103.08,102.61,103.08,10000,92.06
2008-03-24,102.99,103.02,102.62,102.62,12800,91.65
2008-03-20,103.57,104.00,103.28,104.00,3900,92.88
2008-03-19,102.99,103.61,102.99,103.61,8100,92.53
2008-03-18,103.55,103.93,103.25,103.25,11500,92.21
2008-03-17,103.06,103.75,103.06,103.75,9800,92.66
2008-03-14,103.32,103.40,102.98,103.40,9200,92.35
2008-03-13,105.50,108.30,102.70,102.86,8300,91.86
2008-03-12,103.24,103.62,103.24,103.49,30500,92.43
2008-03-11,103.15,103.21,103.09,103.21,4900,92.18
2008-03-10,103.30,103.50,103.28,103.39,4200,92.34
2008-03-07,102.82,103.28,102.50,103.21,8200,92.18
2008-03-06,102.33,102.90,102.21,102.68,23300,91.70
2008-03-05,102.34,102.34,101.86,102.10,41800,91.19
2008-03-04,101.10,101.49,100.79,101.17,14800,90.36
2008-03-03,101.38,101.50,101.10,101.43,16900,90.59
2008-02-29,101.37,101.37,100.62,100.99,17200,89.96
2008-02-28,102.58,102.60,101.84,101.84,13900,90.71
2008-02-27,103.10,103.10,102.60,102.92,30200,91.68
2008-02-26,103.36,103.63,103.30,103.63,30200,92.31
2008-02-25,103.50,103.50,103.00,103.13,5600,91.86
2008-02-22,103.95,104.43,103.70,103.70,5600,92.37
2008-02-21,104.34,104.55,103.69,104.25,9400,92.86
2008-02-20,104.05,104.48,104.05,104.38,6700,92.98
2008-02-19,104.40,104.51,103.76,103.76,9100,92.42
2008-02-15,104.80,105.03,104.80,105.03,3900,93.56
2008-02-14,105.08,105.08,104.56,104.78,3500,93.33
2008-02-13,105.71,105.71,105.51,105.71,3600,94.16
2008-02-12,105.49,105.93,105.49,105.89,14700,94.32
2008-02-11,105.99,105.99,105.89,105.97,20300,94.39
2008-02-08,105.70,105.91,105.70,105.88,12000,94.31
2008-02-07,105.95,106.09,105.40,105.41,13100,93.89
2008-02-06,105.82,106.05,105.82,105.95,12900,94.38
2008-02-05,106.41,106.41,106.04,106.04,7900,94.46
2008-02-04,105.83,105.88,105.75,105.82,5100,94.26
2008-02-01,106.06,106.06,105.68,106.01,10300,94.43
2008-01-31,106.13,106.13,105.69,106.03,3200,94.16
2008-01-30,106.11,106.11,105.57,105.57,8000,93.75
2008-01-29,105.96,106.02,105.66,105.90,12100,94.05
2008-01-28,106.24,106.24,106.01,106.09,14800,94.22
2008-01-25,105.77,106.11,105.69,105.84,3800,93.99
2008-01-24,105.94,106.00,105.85,105.97,1100,94.11
2008-01-23,107.44,107.44,106.00,106.00,12100,94.14
2008-01-22,106.46,106.79,106.46,106.79,1600,94.84
2008-01-18,106.10,106.43,105.71,106.43,9400,94.52
2008-01-17,105.97,106.47,105.90,106.47,16200,94.55
2008-01-16,106.19,106.24,105.97,105.97,13700,94.11
2008-01-15,106.07,106.24,105.78,106.24,9200,94.35
2008-01-14,105.42,105.86,105.40,105.86,1900,94.01
2008-01-11,105.58,105.69,105.15,105.69,6200,93.86
2008-01-10,105.50,105.51,105.30,105.30,32600,93.51
2008-01-09,105.53,105.63,105.31,105.31,3600,93.52
2008-01-08,105.25,105.48,105.25,105.48,14700,93.67
2008-01-07,105.25,105.25,105.25,105.25,49700,93.47
2008-01-04,105.44,105.44,105.44,105.44,100,93.64
2008-01-03,104.33,104.90,104.33,104.90,5700,93.16
2008-01-02,104.33,104.36,103.80,104.33,10200,92.65
2007-12-31,104.50,105.00,104.33,104.34,16100,92.66
2007-12-28,104.35,104.35,104.20,104.20,500,92.54
2007-12-27,104.10,104.10,103.97,103.97,400,92.33
2007-12-26,103.78,104.15,103.78,104.15,25200,92.24
2007-12-24,103.84,103.84,103.81,103.81,1300,91.94
2007-12-21,104.33,104.33,103.63,103.93,9800,92.04
2007-12-20,104.33,104.33,104.20,104.20,2000,92.28
2007-12-19,104.33,104.40,104.33,104.33,19300,92.40
2007-12-18,104.35,104.35,104.32,104.32,15600,92.39
2007-12-17,103.84,103.84,103.84,103.84,200,91.96
2007-12-14,103.64,103.64,103.56,103.56,700,91.72
2007-12-13,104.00,104.24,103.90,104.03,6600,92.13
2007-12-12,103.65,104.32,103.65,104.32,1200,92.39
2007-12-11,103.50,104.00,103.50,104.00,100,92.11
2007-12-10,103.17,103.55,103.17,103.55,1200,91.71
2007-12-07,103.62,103.62,103.00,103.44,3300,91.61
2007-12-06,103.84,103.89,103.45,103.58,4200,91.73
2007-12-05,104.21,104.21,104.21,104.21,200,92.29
2007-12-04,104.02,104.40,101.30,104.40,77900,92.46
2007-12-03,104.44,104.45,104.40,104.40,6100,92.46
2007-11-30,104.80,104.80,104.80,104.80,000,92.55
2007-11-29,104.80,104.80,104.80,104.80,500,92.55
2007-11-28,104.50,104.64,104.50,104.64,1600,92.41
2007-11-27,103.97,104.32,103.97,104.26,7400,92.07
2007-11-26,103.97,104.68,103.97,104.68,6300,92.44
2007-11-23,103.40,103.40,103.40,103.40,000,91.31
2007-11-21,103.54,103.70,103.40,103.40,15300,91.31
2007-11-20,103.90,103.90,103.41,103.41,1600,91.32
2007-11-19,103.75,103.75,102.74,103.48,37700,91.38
2007-11-16,103.75,103.75,103.50,103.50,4200,91.40
2007-11-15,103.40,103.50,103.40,103.50,1200,91.40
2007-11-14,103.20,103.20,103.20,103.20,000,91.14
2007-11-13,103.20,103.27,103.20,103.20,4800,91.14
2007-11-12,103.30,103.30,103.20,103.20,700,91.14
2007-11-09,103.30,103.30,103.30,103.30,3000,91.22
2007-11-08,103.11,103.25,103.07,103.22,4500,91.15
2007-11-07,103.15,103.20,103.00,103.17,15900,91.11
2007-11-06,103.33,103.40,103.15,103.15,2000,91.09
2007-11-05,103.72,103.72,103.48,103.55,2200,91.45
2007-11-02,103.75,103.85,103.70,103.73,37300,91.60
2007-11-01,103.85,103.98,103.73,103.73,6900,91.60
2007-10-31,103.99,103.99,103.91,103.91,1200,91.53
2007-10-30,104.11,104.11,103.97,104.10,8100,91.70
2007-10-29,103.91,104.12,103.88,103.88,6900,91.50
2007-10-26,103.85,104.15,103.85,104.10,5600,91.70
2007-10-25,104.30,104.30,104.24,104.24,1500,91.82
2007-10-24,104.35,104.50,104.35,104.50,2100,92.05
2007-10-23,104.18,104.30,104.18,104.30,1300,91.87
2007-10-22,104.25,104.25,104.10,104.11,11800,91.71
2007-10-19,104.06,104.34,104.05,104.20,64000,91.79
2007-10-18,103.78,103.89,103.78,103.89,3800,91.51
2007-10-17,103.40,103.75,103.40,103.69,2500,91.34
2007-10-16,103.41,103.41,103.36,103.37,3300,91.05
2007-10-15,103.20,103.29,103.10,103.28,4100,90.97
2007-10-12,103.30,103.40,103.22,103.22,2100,90.92
2007-10-11,103.35,103.40,103.30,103.40,5400,91.08