2011-05-10,20.30,20.51,20.30,20.51,600,20.51
2011-05-09,20.34,20.34,20.25,20.31,3500,20.31
2011-05-06,20.50,20.50,20.36,20.36,800,20.36
2011-05-05,20.37,20.37,20.32,20.32,3000,20.32
2011-05-04,20.52,20.52,20.50,20.50,2500,20.50
2011-05-03,21.04,21.04,20.71,20.71,1800,20.71
2011-05-02,21.37,21.37,21.08,21.08,9100,21.08
2011-04-29,21.15,21.20,21.15,21.20,700,21.20
2011-04-28,20.97,21.12,20.97,21.00,1000,21.00
2011-04-27,20.93,20.93,20.72,20.90,2700,20.90
2011-04-26,20.85,20.85,20.85,20.85,000,20.85
2011-04-25,20.85,20.85,20.85,20.85,1700,20.85
2011-04-21,20.89,20.89,20.89,20.89,200,20.89
2011-04-20,20.75,20.86,20.73,20.86,1900,20.86
2011-04-19,20.33,20.36,20.32,20.36,1300,20.36
2011-04-18,20.38,20.38,20.22,20.22,2200,20.22
2011-04-15,20.40,20.40,20.40,20.40,000,20.40
2011-04-14,20.27,20.43,20.27,20.40,2000,20.40
2011-04-13,20.51,20.51,20.45,20.45,3100,20.45
2011-04-12,20.86,20.86,20.41,20.41,3500,20.41
2011-04-11,21.09,21.09,20.76,20.76,4300,20.76
2011-04-08,21.27,21.27,21.02,21.03,6200,21.03
2011-04-07,20.95,20.95,20.91,20.91,4000,20.91
2011-04-06,21.08,21.08,20.82,20.82,3100,20.82
2011-04-05,20.59,20.59,20.59,20.59,100,20.59
2011-04-04,20.76,20.76,20.65,20.67,7300,20.67
2011-04-01,20.65,20.69,20.65,20.69,1100,20.69
2011-03-31,20.57,20.57,20.57,20.57,900,20.57
2011-03-30,20.33,20.40,20.33,20.35,1900,20.35
2011-03-29,20.35,20.36,20.26,20.26,3400,20.26
2011-03-28,20.56,20.58,20.41,20.41,700,20.41
2011-03-25,20.81,20.81,20.51,20.51,1500,20.51
2011-03-24,20.78,20.80,20.75,20.78,5300,20.78
2011-03-23,20.79,20.79,20.65,20.65,1900,20.65
2011-03-22,20.70,20.75,20.70,20.75,1400,20.75
2011-03-21,20.91,20.92,20.80,20.92,14200,20.92
2011-03-18,20.59,20.61,20.46,20.58,5200,20.58
2011-03-17,19.82,20.50,19.76,20.14,6100,20.14
2011-03-16,19.50,19.50,19.30,19.30,5600,19.30
2011-03-15,19.43,19.53,19.35,19.53,1200,19.53