2011-05-10,27.16,27.28,27.10,27.25,75900,27.25
2011-05-09,26.71,27.11,26.71,27.06,53000,27.06
2011-05-06,26.85,27.11,26.69,26.78,20300,26.78
2011-05-05,26.60,26.78,26.48,26.56,75400,26.56
2011-05-04,27.13,27.14,26.69,26.83,49000,26.83
2011-05-03,27.31,27.41,26.97,27.11,58000,27.11
2011-05-02,27.58,27.78,27.38,27.41,64000,27.41
2011-04-29,27.52,27.67,27.40,27.57,49000,27.57
2011-04-28,27.62,27.62,27.32,27.53,34000,27.53
2011-04-27,27.66,27.66,27.30,27.51,60900,27.51
2011-04-26,27.53,27.64,27.36,27.61,86100,27.61
2011-04-25,27.57,27.57,27.14,27.37,139700,27.37
2011-04-21,27.65,27.65,27.39,27.46,202900,27.46
2011-04-20,27.52,27.56,27.37,27.54,134900,27.54
2011-04-19,26.84,27.08,26.84,27.05,58500,27.05
2011-04-18,27.06,27.06,26.73,26.85,43700,26.85
2011-04-15,27.31,27.31,27.09,27.21,69600,27.21
2011-04-14,26.93,27.30,26.93,27.28,85700,27.28
2011-04-13,27.21,27.21,26.78,26.94,55000,26.94
2011-04-12,27.07,27.07,26.73,26.88,101100,26.88
2011-04-11,27.21,27.46,27.12,27.21,307400,27.21
2011-04-08,27.41,27.42,27.17,27.22,93600,27.22
2011-04-07,27.18,27.18,26.93,27.01,72000,27.01
2011-04-06,27.22,27.22,26.85,27.04,50000,27.04
2011-04-05,26.99,27.11,26.85,27.00,90700,27.00
2011-04-04,27.20,27.27,27.03,27.07,276900,27.07
2011-04-01,27.00,27.17,26.88,27.02,145400,27.02
2011-03-31,26.86,26.93,26.70,26.84,111500,26.84
2011-03-30,26.77,26.81,26.60,26.73,149900,26.73
2011-03-29,26.43,26.59,26.24,26.57,163400,26.57
2011-03-28,26.44,26.52,26.31,26.31,114700,26.31
2011-03-25,26.30,26.49,26.25,26.32,145200,26.32
2011-03-24,26.07,26.26,25.91,26.19,324900,26.19
2011-03-23,25.85,26.00,25.65,25.96,112800,25.96
2011-03-22,25.92,25.95,25.65,25.78,201800,25.78