2011-05-10,24.80,24.95,24.78,24.92,4200,24.92
2011-05-09,24.55,24.76,24.53,24.71,3000,24.71
2011-05-06,24.68,24.68,24.55,24.55,2200,24.55
2011-05-05,24.55,24.55,24.33,24.34,4000,24.34
2011-05-04,24.82,24.94,24.48,24.65,13000,24.65
2011-05-03,24.81,24.88,24.71,24.74,1800,24.74
2011-05-02,25.06,25.06,24.92,24.92,1600,24.92
2011-04-29,24.92,25.03,24.92,25.01,3500,25.01
2011-04-28,24.75,24.85,24.74,24.84,12900,24.84
2011-04-27,24.59,24.81,24.57,24.76,24300,24.76
2011-04-26,24.69,24.73,24.69,24.69,6600,24.69
2011-04-25,24.38,24.40,24.24,24.38,10600,24.38
2011-04-21,24.41,24.41,24.28,24.36,10900,24.36
2011-04-20,24.24,24.24,24.18,24.20,900,24.20
2011-04-19,23.92,23.99,23.83,23.93,3200,23.93
2011-04-18,24.10,24.10,23.86,23.90,1500,23.90
2011-04-15,24.12,24.29,24.02,24.26,2000,24.26
2011-04-14,23.92,23.92,23.92,23.92,500,23.92
2011-04-13,24.01,24.06,23.92,24.06,1800,24.06
2011-04-12,24.07,24.07,24.02,24.02,500,24.02
2011-04-11,24.35,24.35,24.10,24.10,1400,24.10
2011-04-08,24.70,24.70,24.30,24.30,2600,24.30
2011-04-07,24.60,24.62,24.54,24.59,13300,24.59
2011-04-06,24.59,24.64,24.54,24.63,3000,24.63
2011-04-05,24.44,24.56,24.41,24.43,10000,24.43
2011-04-04,24.45,24.53,24.45,24.53,4500,24.53
2011-04-01,24.55,24.55,24.46,24.48,1500,24.48
2011-03-31,24.24,24.31,24.22,24.28,3200,24.28
2011-03-30,24.29,24.37,24.27,24.35,6000,24.35
2011-03-29,24.47,24.47,23.99,24.15,2000,24.15
2011-03-28,24.27,24.27,24.18,24.18,2300,24.18
2011-03-25,24.25,24.34,24.25,24.25,1800,24.25
2011-03-24,23.98,24.04,23.94,24.04,2500,24.04
2011-03-23,23.52,23.88,23.52,23.87,2900,23.87
2011-03-22,23.65,23.70,23.63,23.70,1100,23.70
2011-03-21,23.45,23.53,23.45,23.53,1500,23.53
2011-03-18,23.27,23.27,23.18,23.21,2100,23.21
2011-03-17,23.08,23.08,22.99,23.03,2000,23.03
2011-03-16,23.02,23.02,22.78,22.95,4600,22.95
2011-03-15,22.70,22.99,22.70,22.99,1700,22.99
2011-03-14,23.12,23.16,22.99,23.16,2600,23.16
2011-03-11,23.14,23.35,23.14,23.35,1600,23.35
2011-03-10,23.40,23.40,23.30,23.30,2300,23.30
2011-03-09,23.66,23.76,23.66,23.74,6100,23.74
2011-03-08,23.88,23.88,23.79,23.79,500,23.79
2011-03-07,23.78,23.78,23.39,23.46,1900,23.46
2011-03-04,23.84,23.84,23.77,23.82,1300,23.82
2011-03-03,24.00,24.06,24.00,24.06,2200,24.06
2011-03-02,23.46,23.59,23.46,23.59,700,23.59
2011-03-01,23.88,23.88,23.50,23.58,3500,23.58
2011-02-28,23.67,23.67,23.64,23.64,700,23.64
2011-02-25,23.74,23.79,23.74,23.79,500,23.79
2011-02-24,23.26,23.46,23.16,23.44,5400,23.44
2011-02-23,23.05,23.09,22.98,23.08,2200,23.08
2011-02-22,23.62,23.62,23.60,23.60,600,23.60
2011-02-18,23.86,23.86,23.82,23.82,500,23.82
2011-02-17,23.36,23.84,23.36,23.84,2200,23.84
2011-02-16,23.46,23.55,23.45,23.55,900,23.55
2011-02-15,23.42,23.43,23.40,23.41,800,23.41
2011-02-14,23.33,23.43,23.31,23.43,3200,23.43
2011-02-11,23.04,23.38,23.04,23.38,1900,23.38
2011-02-10,23.09,23.10,23.09,23.10,1200,23.10
2011-02-09,23.14,23.14,23.09,23.11,1300,23.11
2011-02-08,23.02,23.17,23.02,23.17,700,23.17
2011-02-07,22.98,23.22,22.98,23.11,6000,23.11
2011-02-04,22.86,22.87,22.86,22.87,3300,22.87
2011-02-03,22.76,22.82,22.76,22.81,1700,22.81
2011-02-02,22.84,22.85,22.83,22.84,1300,22.84
2011-02-01,22.81,22.90,22.77,22.89,7200,22.89
2011-01-31,22.45,22.50,22.33,22.47,36900,22.47
2011-01-28,22.60,22.60,22.49,22.49,1500,22.49
2011-01-27,22.83,22.86,22.80,22.82,46400,22.82
2011-01-26,22.82,22.88,22.82,22.86,1100,22.86
2011-01-25,22.47,22.59,22.45,22.59,3500,22.59
2011-01-24,22.40,22.60,22.40,22.60,3600,22.60
2011-01-21,22.55,22.55,22.49,22.49,700,22.49
2011-01-20,22.60,22.60,22.52,22.60,5200,22.60
2011-01-19,23.02,23.02,22.70,22.70,1800,22.70
2011-01-18,22.95,23.04,22.95,23.04,3800,23.04
2011-01-14,22.78,22.91,22.78,22.91,2300,22.91
2011-01-13,22.84,22.84,22.75,22.75,1900,22.75
2011-01-12,22.89,22.89,22.80,22.84,4000,22.84
2011-01-11,22.71,22.72,22.71,22.71,500,22.71
2011-01-10,22.38,22.65,22.38,22.65,900,22.65
2011-01-07,22.57,22.57,22.52,22.56,600,22.56
2011-01-06,22.83,22.83,22.77,22.79,4600,22.79
2011-01-05,22.83,22.89,22.79,22.87,4000,22.87
2011-01-04,22.98,22.98,22.70,22.79,5900,22.79
2011-01-03,22.85,23.04,22.85,23.02,1600,23.02
2010-12-31,22.74,22.83,22.72,22.78,4900,22.78
2010-12-30,22.93,22.94,22.87,22.88,1800,22.88
2010-12-29,22.88,22.91,22.88,22.91,45100,22.91
2010-12-28,22.74,22.81,22.74,22.80,3600,22.80
2010-12-27,22.72,22.84,22.67,22.82,10800,22.82
2010-12-23,22.83,22.90,22.83,22.85,3100,22.74
2010-12-22,22.81,22.83,22.79,22.83,2100,22.72
2010-12-21,22.78,22.82,22.78,22.80,5700,22.69
2010-12-20,22.59,22.70,22.57,22.68,1700,22.57
2010-12-17,22.46,22.61,22.43,22.61,3400,22.50
2010-12-16,22.38,22.54,22.38,22.54,3000,22.43
2010-12-15,22.31,22.48,22.31,22.37,1800,22.27
2010-12-14,22.39,22.45,22.39,22.45,800,22.34
2010-12-13,22.38,22.38,22.31,22.31,1600,22.21
2010-12-10,22.30,22.40,22.30,22.40,800,22.30
2010-12-09,22.36,22.37,22.24,22.26,2700,22.16
2010-12-08,22.17,22.21,22.17,22.18,1300,22.08
2010-12-07,22.38,22.38,22.29,22.36,22300,22.26
2010-12-06,22.27,22.27,22.23,22.23,1700,22.13
2010-12-03,22.23,22.28,22.23,22.27,2800,22.17
2010-12-02,22.06,22.06,22.01,22.02,1800,21.92
2010-12-01,21.87,21.87,21.87,21.87,300,21.77
2010-11-30,21.53,21.57,21.53,21.56,1000,21.46
2010-11-29,21.60,21.74,21.54,21.71,3500,21.61
2010-11-26,21.87,21.87,21.87,21.87,400,21.77
2010-11-24,21.75,21.87,21.73,21.87,1900,21.77
2010-11-23,21.56,21.56,21.47,21.53,1000,21.43
2010-11-22,21.76,21.79,21.71,21.79,1900,21.69
2010-11-19,21.80,21.87,21.80,21.82,3700,21.72
2010-11-18,21.86,21.87,21.86,21.87,400,21.77
2010-11-17,21.55,21.55,21.52,21.52,400,21.42
2010-11-16,21.66,21.66,21.41,21.41,1700,21.31
2010-11-15,21.90,21.98,21.80,21.80,2100,21.70
2010-11-12,21.82,21.87,21.82,21.84,1200,21.74
2010-11-11,22.01,22.10,22.01,22.08,1200,21.98
2010-11-10,22.00,22.10,21.83,22.08,33700,21.98
2010-11-09,22.25,22.30,21.96,21.96,7700,21.86
2010-11-08,22.15,22.17,22.15,22.17,2000,22.07
2010-11-05,22.26,22.26,22.19,22.19,1900,22.09
2010-11-04,22.14,22.17,22.05,22.14,2200,22.04
2010-11-03,21.77,21.88,21.75,21.75,3000,21.65
2010-11-02,21.67,21.81,21.67,21.81,1400,21.71
2010-11-01,21.67,21.67,21.45,21.45,1200,21.35
2010-10-29,21.62,21.62,21.56,21.60,3300,21.50
2010-10-28,21.45,21.47,21.45,21.47,500,21.37
2010-10-27,21.26,21.26,21.21,21.21,600,21.11
2010-10-26,21.47,21.52,21.47,21.50,700,21.40
2010-10-25,21.54,21.61,21.52,21.52,1900,21.42
2010-10-22,21.40,21.42,21.38,21.41,58700,21.31
2010-10-21,21.62,21.62,21.21,21.28,6900,21.18
2010-10-20,21.38,21.49,21.38,21.40,2800,21.30
2010-10-19,21.24,21.34,21.15,21.15,2400,21.05
2010-10-18,21.45,21.48,21.45,21.48,300,21.38
2010-10-15,21.45,21.45,21.41,21.41,1600,21.31
2010-10-14,21.39,21.52,21.31,21.31,1700,21.21
2010-10-13,21.37,21.52,21.37,21.52,2300,21.42
2010-10-12,21.02,21.02,21.02,21.02,500,20.92
2010-10-11,20.98,21.00,20.96,21.00,1300,20.90
2010-10-08,20.75,20.92,20.75,20.92,400,20.82
2010-10-07,20.75,20.76,20.73,20.76,74500,20.66
2010-10-06,20.77,20.91,20.74,20.74,2400,20.64
2010-10-05,20.59,20.79,20.59,20.72,11700,20.62
2010-10-04,20.40,20.47,20.36,20.44,10100,20.34
2010-10-01,20.82,20.82,20.64,20.67,1400,20.57
2010-09-30,20.89,20.93,20.84,20.84,500,20.74
2010-09-29,20.54,20.78,20.54,20.78,4200,20.68
2010-09-28,20.42,20.64,20.42,20.64,2700,20.54
2010-09-27,20.57,20.57,20.50,20.50,600,20.40
2010-09-24,20.39,20.50,20.39,20.50,5200,20.40
2010-09-23,19.87,20.19,19.87,20.11,4300,20.02
2010-09-22,20.38,20.39,20.13,20.13,75600,20.04
2010-09-21,20.39,20.41,20.33,20.33,900,20.23
2010-09-20,20.33,20.46,20.31,20.46,1700,20.36
2010-09-17,20.08,20.15,20.00,20.10,5400,20.01
2010-09-16,19.99,19.99,19.87,19.95,4800,19.86
2010-09-15,19.94,20.20,19.94,20.17,2200,20.08
2010-09-14,20.18,20.18,20.12,20.18,1700,20.09
2010-09-13,20.00,20.20,20.00,20.20,2000,20.11
2010-09-10,19.84,19.84,19.84,19.84,200,19.75
2010-09-09,19.93,19.93,19.85,19.87,1000,19.78
2010-09-08,19.77,19.81,19.75,19.75,2300,19.66
2010-09-07,19.63,19.63,19.63,19.63,300,19.54
2010-09-03,19.94,20.05,19.92,19.93,2400,19.84
2010-09-02,19.62,19.78,19.62,19.78,11900,19.69
2010-09-01,19.36,19.52,19.36,19.52,11600,19.43
2010-08-31,18.94,18.98,18.94,18.97,3300,18.88
2010-08-30,19.11,19.12,18.96,18.97,1200,18.88
2010-08-27,19.13,19.26,19.13,19.25,1500,19.16
2010-08-26,19.05,19.13,18.92,18.97,12700,18.88
2010-08-25,18.66,19.04,18.66,19.04,4600,18.95
2010-08-24,18.79,18.93,18.72,18.80,2200,18.71
2010-08-23,19.11,19.19,18.96,18.96,1400,18.87
2010-08-20,18.81,18.98,18.81,18.98,500,18.89
2010-08-19,19.05,19.05,19.05,19.05,100,18.96
2010-08-18,19.13,19.39,19.13,19.33,1600,19.24
2010-08-17,19.10,19.18,19.10,19.18,1400,19.09
2010-08-16,18.86,18.86,18.86,18.86,400,18.77
2010-08-13,18.95,18.96,18.88,18.95,6900,18.86
2010-08-12,19.06,19.07,18.99,19.01,21000,18.92
2010-08-11,19.32,19.32,19.13,19.13,2000,19.04
2010-08-10,19.51,19.66,19.48,19.66,12200,19.57
2010-08-09,19.81,19.88,19.81,19.87,3300,19.78
2010-08-06,19.61,19.68,19.60,19.68,3500,19.59
2010-08-05,19.85,19.85,19.85,19.85,1100,19.76
2010-08-04,19.84,19.94,19.84,19.94,500,19.85
2010-08-03,19.95,19.98,19.88,19.97,1600,19.88
2010-08-02,19.97,19.99,19.94,19.94,22200,19.85
2010-07-30,19.48,19.81,19.48,19.76,3400,19.67
2010-07-29,19.81,19.82,19.49,19.74,3000,19.65
2010-07-28,19.91,19.91,19.62,19.62,6100,19.53
2010-07-27,20.13,20.18,19.88,19.93,15300,19.84
2010-07-26,19.75,20.00,19.71,19.95,5200,19.86
2010-07-23,19.43,19.56,19.42,19.56,4300,19.47
2010-07-22,19.31,19.51,19.31,19.51,1200,19.42
2010-07-21,19.41,19.52,19.01,19.01,3700,18.92
2010-07-20,18.96,19.08,18.74,19.04,22700,18.95
2010-07-19,19.12,19.12,19.07,19.07,8900,18.98
2010-07-16,19.15,19.19,19.11,19.11,9700,19.02
2010-07-15,19.52,19.53,19.39,19.39,1400,19.30
2010-07-14,19.61,19.63,19.48,19.53,4100,19.44
2010-07-13,19.23,19.63,19.23,19.63,6000,19.54
2010-07-12,18.89,19.10,18.89,19.10,1500,19.01
2010-07-09,19.05,19.14,19.00,19.14,3700,19.05
2010-07-08,18.94,18.99,18.87,18.99,900,18.90
2010-07-07,18.64,18.75,18.64,18.75,1300,18.66
2010-07-06,18.69,18.89,18.43,18.49,5100,18.40
2010-07-02,18.62,18.66,18.49,18.56,60200,18.47
2010-07-01,18.62,18.67,18.24,18.63,5700,18.54
2010-06-30,18.75,18.96,18.75,18.88,4600,18.79
2010-06-29,19.29,19.29,18.67,18.78,6600,18.69
2010-06-28,19.52,19.54,19.42,19.51,49400,19.42
2010-06-25,19.33,19.53,19.33,19.53,1600,19.44
2010-06-24,19.50,19.50,19.35,19.40,1100,19.31
2010-06-23,19.71,19.71,19.71,19.71,1000,19.62
2010-06-22,20.22,20.22,19.75,19.75,58100,19.66
2010-06-21,20.30,20.37,19.99,20.07,17300,19.98
2010-06-18,20.33,20.39,20.13,20.13,14400,20.04
2010-06-17,20.30,20.42,20.28,20.42,2300,20.32
2010-06-16,20.29,20.42,20.26,20.36,1800,20.26
2010-06-15,20.20,20.20,20.19,20.19,700,20.10
2010-06-14,20.25,20.36,20.25,20.36,1500,20.26
2010-06-11,19.93,19.96,19.92,19.96,1200,19.87
2010-06-10,19.38,19.75,19.38,19.75,14400,19.66
2010-06-09,19.23,19.58,19.23,19.49,2200,19.40
2010-06-08,19.12,19.12,18.98,19.06,1700,18.97
2010-06-07,19.59,19.59,19.35,19.44,2400,19.35
2010-06-04,20.04,20.04,19.53,19.53,9800,19.44
2010-06-03,20.23,20.34,20.23,20.30,2100,20.20
2010-06-02,19.66,20.01,19.66,20.01,114000,19.92
2010-06-01,19.80,20.19,19.80,19.92,9600,19.83
2010-05-28,20.24,20.24,20.10,20.10,3100,20.01
2010-05-27,19.76,20.14,19.75,20.14,9200,20.05
2010-05-26,19.85,19.86,19.46,19.46,3800,19.37
2010-05-25,19.01,19.38,18.96,19.37,3500,19.28
2010-05-24,19.52,19.68,19.46,19.65,2800,19.56
2010-05-21,19.15,19.58,18.81,19.54,24900,19.45
2010-05-20,19.81,19.81,19.34,19.47,4400,19.38
2010-05-19,20.40,20.40,20.01,20.23,4900,20.14
2010-05-18,21.00,21.11,20.47,20.52,7800,20.42
2010-05-17,20.85,21.02,20.45,20.83,9700,20.73
2010-05-14,21.33,21.33,20.64,20.74,2500,20.64
2010-05-13,21.52,21.59,21.36,21.36,3000,21.26
2010-05-12,21.18,21.53,21.18,21.52,12700,21.42
2010-05-11,20.79,21.18,20.79,21.06,3700,20.96
2010-05-10,20.78,20.93,20.72,20.93,10500,20.83
2010-05-07,20.40,20.50,19.96,20.01,35000,19.92
2010-05-06,21.01,21.18,13.47,20.48,45800,20.38
2010-05-05,21.12,21.28,20.98,21.13,3700,21.03
2010-05-04,21.51,21.51,21.13,21.16,4200,21.06
2010-05-03,21.62,21.68,21.61,21.68,1900,21.58
2010-04-30,21.75,21.80,21.47,21.47,2800,21.37
2010-04-29,21.59,21.83,21.59,21.83,12400,21.73
2010-04-28,21.45,21.52,21.34,21.40,3000,21.30
2010-04-27,21.80,21.80,21.49,21.49,3400,21.39
2010-04-26,22.10,22.11,21.93,21.95,5600,21.85
2010-04-23,21.75,22.03,21.73,22.03,7600,21.93
2010-04-22,21.56,21.76,21.44,21.76,3600,21.66
2010-04-21,21.47,21.70,21.47,21.70,16900,21.60
2010-04-20,21.48,21.58,21.46,21.54,21400,21.44
2010-04-19,21.25,21.30,21.04,21.21,4000,21.11
2010-04-16,21.65,21.65,21.25,21.28,4200,21.18
2010-04-15,21.56,21.70,21.56,21.67,8000,21.57
2010-04-14,21.43,21.52,21.43,21.51,2300,21.41
2010-04-13,21.27,21.36,21.26,21.35,2500,21.25
2010-04-12,21.33,21.35,21.30,21.35,3500,21.25
2010-04-09,21.09,21.18,21.09,21.18,3100,21.08
2010-04-08,20.98,21.16,20.98,21.13,3000,21.03
2010-04-07,21.28,21.37,21.17,21.22,2700,21.12
2010-04-06,21.22,21.36,21.22,21.36,2300,21.26
2010-04-05,20.99,21.22,20.99,21.22,28700,21.12
2010-04-01,20.82,20.97,20.82,20.86,12500,20.76
2010-03-31,20.81,20.88,20.81,20.82,1200,20.72
2010-03-30,20.84,20.96,20.84,20.92,4200,20.82
2010-03-29,20.76,20.91,20.76,20.84,5300,20.74
2010-03-26,20.72,20.72,20.72,20.72,300,20.62
2010-03-25,21.03,21.05,20.83,20.83,14300,20.73
2010-03-24,21.03,21.03,20.90,20.91,4600,20.81
2010-03-23,20.85,20.93,20.85,20.91,2600,20.81
2010-03-22,20.40,20.79,20.40,20.78,4800,20.68
2010-03-19,20.77,20.77,20.58,20.58,8100,20.48
2010-03-18,20.79,20.79,20.74,20.76,3000,20.66
2010-03-17,20.75,20.90,20.75,20.83,6600,20.73
2010-03-16,20.57,20.69,20.57,20.69,1500,20.59
2010-03-15,20.55,20.55,20.35,20.46,16200,20.36
2010-03-12,20.61,20.61,20.50,20.56,55500,20.46
2010-03-11,20.43,20.47,20.40,20.47,3500,20.37
2010-03-10,20.45,20.55,20.40,20.47,4600,20.37
2010-03-09,20.42,20.49,20.40,20.42,4500,20.32
2010-03-08,20.41,20.45,20.41,20.45,1000,20.35
2010-03-05,20.09,20.40,20.09,20.39,2600,20.29
2010-03-04,19.87,19.91,19.87,19.91,6700,19.82
2010-03-03,19.87,19.87,19.87,19.87,300,19.78
2010-03-02,19.57,19.81,19.57,19.77,5300,19.68
2010-03-01,19.19,19.47,19.19,19.47,6400,19.38
2010-02-26,19.27,19.27,19.19,19.19,1900,19.10
2010-02-25,19.02,19.29,18.91,19.28,13900,19.19
2010-02-24,19.07,19.16,19.05,19.11,34000,19.02
2010-02-23,19.08,19.08,18.98,19.01,37700,18.92
2010-02-22,19.26,19.29,19.23,19.29,16100,19.20
2010-02-19,19.11,19.29,19.11,19.24,1700,19.15
2010-02-18,19.02,19.10,19.02,19.10,18200,19.01
2010-02-17,18.98,19.05,18.93,19.02,20300,18.93
2010-02-16,18.79,18.89,18.78,18.88,6800,18.79
2010-02-12,18.51,18.58,18.50,18.58,2600,18.49
2010-02-11,18.32,18.56,18.17,18.53,34900,18.44
2010-02-10,18.44,18.44,18.25,18.39,5200,18.30
2010-02-09,18.45,18.55,18.39,18.49,6200,18.40
2010-02-08,18.23,18.27,18.23,18.27,1200,18.18
2010-02-05,18.40,18.40,17.96,18.21,14000,18.12
2010-02-04,18.83,18.83,18.47,18.47,8100,18.38
2010-02-03,18.96,18.96,18.96,18.96,1300,18.87
2010-02-02,18.80,18.97,18.79,18.97,4700,18.88
2010-02-01,18.65,18.78,18.62,18.78,13400,18.69
2010-01-29,18.82,18.94,18.53,18.60,76700,18.51
2010-01-28,19.00,19.00,18.67,18.81,140400,18.72
2010-01-27,18.91,18.96,18.74,18.96,48600,18.87
2010-01-26,18.87,19.05,18.79,18.95,140100,18.86
2010-01-25,18.78,18.82,18.70,18.82,3200,18.73
2010-01-22,18.93,19.00,18.63,18.64,4200,18.55
2010-01-21,19.36,19.36,19.05,19.06,6000,18.97
2010-01-20,19.56,19.56,19.39,19.50,6800,19.41
2010-01-19,19.44,19.71,19.44,19.71,700,19.62
2010-01-15,19.29,19.29,19.18,19.23,2300,19.14
2010-01-14,19.33,19.44,19.33,19.42,2300,19.33
2010-01-13,19.25,19.25,19.25,19.25,100,19.16
2010-01-12,19.27,19.27,19.19,19.19,2100,19.10
2010-01-11,19.50,19.50,19.37,19.38,4800,19.29
2010-01-08,19.23,19.23,19.23,19.23,1100,19.14
2010-01-07,19.18,19.26,19.18,19.26,4900,19.17
2010-01-06,19.18,19.20,19.18,19.20,3000,19.11
2010-01-05,19.08,19.13,19.08,19.13,2000,19.04
2010-01-04,18.83,19.05,18.83,19.05,9400,18.96
2009-12-31,18.87,18.89,18.20,18.76,7200,18.67
2009-12-30,18.80,18.84,18.71,18.84,5900,18.75
2009-12-29,18.93,18.93,18.86,18.86,4200,18.77
2009-12-28,19.00,19.04,18.91,18.95,10300,18.86
2009-12-24,18.97,19.00,18.93,18.94,6700,18.85
2009-12-23,18.42,19.23,18.42,19.23,2300,18.80
2009-12-22,18.97,19.02,18.93,18.99,5400,18.56
2009-12-21,18.72,18.93,18.72,18.86,5600,18.44
2009-12-18,18.70,18.72,18.53,18.71,21100,18.29
2009-12-17,18.65,18.65,18.60,18.60,300,18.18
2009-12-16,18.82,18.96,18.82,18.91,7000,18.49
2009-12-15,18.73,18.81,18.73,18.73,1400,18.31
2009-12-14,18.65,18.83,18.65,18.83,38200,18.41
2009-12-11,18.48,18.60,18.48,18.60,200,18.18
2009-12-10,18.33,18.43,18.33,18.43,900,18.02
2009-12-09,18.24,18.24,18.24,18.24,100,17.83
2009-12-08,18.26,18.28,18.24,18.24,1300,17.83
2009-12-07,18.48,18.49,18.41,18.41,2900,18.00
2009-12-04,18.35,18.56,18.33,18.43,3800,18.02
2009-12-03,18.32,18.34,18.18,18.18,2100,17.77
2009-12-02,18.29,18.40,18.29,18.31,1100,17.90
2009-12-01,18.59,18.59,18.17,18.31,1000,17.90
2009-11-30,18.01,18.01,17.85,17.97,3300,17.57
2009-11-27,18.05,18.05,17.76,18.05,3700,17.65
2009-11-25,18.22,18.32,18.22,18.32,700,17.91
2009-11-24,18.12,18.27,18.12,18.23,2400,17.82
2009-11-23,18.26,18.44,18.26,18.36,3100,17.95
2009-11-20,18.04,18.06,17.98,18.04,2700,17.64
2009-11-19,18.40,18.40,18.10,18.17,3500,17.76
2009-11-18,18.52,18.52,18.41,18.46,2500,18.05
2009-11-17,18.55,18.55,18.29,18.53,3600,18.11
2009-11-16,18.31,18.59,18.31,18.55,1500,18.13
2009-11-13,18.26,18.26,18.15,18.23,900,17.82
2009-11-12,18.24,18.25,18.12,18.12,1400,17.71
2009-11-11,18.28,18.28,18.19,18.22,12300,17.81
2009-11-10,18.14,18.21,18.09,18.21,44500,17.80
2009-11-09,17.83,18.15,17.83,18.15,2200,17.74
2009-11-06,17.65,17.81,17.55,17.73,4600,17.33
2009-11-05,17.48,17.66,17.48,17.66,10000,17.26
2009-11-04,17.52,17.52,17.31,17.31,25700,16.92
2009-11-03,17.20,17.32,17.04,17.32,7800,16.93
2009-11-02,17.17,17.23,17.16,17.23,2100,16.84
2009-10-30,17.44,17.45,17.06,17.06,8700,16.68
2009-10-29,17.37,17.58,17.37,17.56,4300,17.17
2009-10-28,17.60,17.60,17.25,17.27,8800,16.88
2009-10-27,17.87,17.89,17.77,17.81,8800,17.41
2009-10-26,18.23,18.23,17.84,17.84,7400,17.44
2009-10-23,18.12,18.12,18.05,18.08,2600,17.67
2009-10-22,18.02,18.02,17.99,17.99,4300,17.59
2009-10-21,18.23,18.43,18.06,18.06,5500,17.65
2009-10-20,18.33,18.35,18.18,18.21,4200,17.80
2009-10-19,18.42,18.43,18.41,18.43,600,18.02
2009-10-16,18.20,18.24,18.10,18.20,3100,17.79
2009-10-15,18.17,18.36,18.17,18.35,16400,17.94
2009-10-14,18.10,18.29,18.08,18.29,18500,17.88
2009-10-13,17.88,17.97,17.88,17.97,1000,17.57
2009-10-12,18.02,18.12,17.96,18.00,5500,17.60
2009-10-09,17.96,18.00,17.90,18.00,7300,17.60
2009-10-08,17.86,17.99,17.80,17.91,12800,17.51
2009-10-07,17.56,17.71,17.50,17.71,5100,17.31
2009-10-06,17.41,17.63,17.41,17.60,39900,17.21
2009-10-05,17.06,17.33,16.98,17.33,3100,16.94
2009-10-02,16.94,17.06,16.93,16.98,2500,16.60
2009-10-01,17.43,17.43,17.12,17.12,600,16.74
2009-09-30,17.52,17.64,17.22,17.53,2100,17.14
2009-09-29,17.50,17.50,17.50,17.50,000,17.11
2009-09-28,17.45,17.50,17.45,17.50,300,17.11
2009-09-25,17.35,17.35,17.12,17.13,700,16.75
2009-09-24,17.52,17.52,17.28,17.33,5100,16.94
2009-09-23,17.59,17.65,17.58,17.59,1100,17.20
2009-09-22,17.61,17.61,17.60,17.60,2300,17.21
2009-09-21,17.26,17.26,17.26,17.26,100,16.87
2009-09-18,17.37,17.40,17.31,17.39,4200,17.00
2009-09-17,17.37,17.41,17.37,17.41,500,17.02
2009-09-16,17.02,17.02,17.02,17.02,000,16.64
2009-09-15,17.02,17.02,17.02,17.02,1000,16.64
2009-09-14,16.82,16.82,16.82,16.82,400,16.44
2009-09-11,16.57,16.57,16.57,16.57,000,16.20
2009-09-10,16.57,16.57,16.57,16.57,000,16.20
2009-09-09,16.46,16.57,16.46,16.57,2300,16.20
2009-09-08,16.36,16.37,16.34,16.37,4900,16.00
2009-09-04,15.90,15.90,15.90,15.90,000,15.54
2009-09-03,15.78,15.90,15.78,15.90,2000,15.54
2009-09-02,15.73,15.74,15.73,15.74,600,15.39
2009-09-01,16.09,16.09,16.09,16.09,000,15.73
2009-08-31,16.11,16.11,16.06,16.09,700,15.73
2009-08-28,16.37,16.37,16.37,16.37,000,16.00
2009-08-27,16.23,16.37,16.23,16.37,600,16.00
2009-08-26,16.45,16.50,16.39,16.39,700,16.02
2009-08-25,16.47,16.47,16.47,16.47,1000,16.10
2009-08-24,16.55,16.55,16.47,16.48,4000,16.11
2009-08-21,16.37,16.39,16.37,16.39,800,16.02
2009-08-20,15.84,16.13,15.84,16.13,1600,15.77
2009-08-19,15.71,15.87,15.71,15.87,1700,15.51
2009-08-18,15.60,15.60,15.60,15.60,000,15.25
2009-08-17,15.59,15.60,15.56,15.60,3300,15.25
2009-08-14,15.94,15.95,15.94,15.95,200,15.59
2009-08-13,15.94,16.03,15.94,16.02,600,15.66
2009-08-12,15.75,15.75,15.75,15.75,000,15.40
2009-08-11,15.75,15.75,15.75,15.75,100,15.40
2009-08-10,15.75,15.75,15.75,15.75,200,15.40
2009-08-07,15.75,15.82,15.75,15.77,1300,15.42
2009-08-06,15.47,15.47,15.47,15.47,000,15.12
2009-08-05,15.47,15.47,15.47,15.47,1600,15.12
2009-08-04,15.65,15.71,15.63,15.71,4200,15.36
2009-08-03,15.40,15.40,15.40,15.40,000,15.05
2009-07-31,15.40,15.40,15.39,15.40,400,15.05
2009-07-30,14.98,14.98,14.98,14.98,000,14.64
2009-07-29,14.98,14.98,14.98,14.98,000,14.64
2009-07-28,14.98,14.98,14.98,14.98,000,14.64
2009-07-27,15.10,15.10,14.97,14.98,800,14.64
2009-07-24,14.88,15.09,14.87,15.09,7200,14.75
2009-07-23,14.80,14.90,14.80,14.90,200,14.57
2009-07-22,14.53,14.62,14.53,14.55,1000,14.22
2009-07-21,14.58,14.58,14.58,14.58,000,14.25
2009-07-20,14.58,14.59,14.58,14.58,900,14.25
2009-07-17,14.34,14.35,14.34,14.34,700,14.02
2009-07-16,14.07,14.07,14.07,14.07,300,13.75
2009-07-15,14.04,14.10,14.04,14.10,800,13.78
2009-07-14,13.38,13.38,13.38,13.38,000,13.08
2009-07-13,13.38,13.38,13.38,13.38,1000,13.08
2009-07-10,13.29,13.29,13.29,13.29,000,12.99
2009-07-09,13.29,13.29,13.29,13.29,200,12.99
2009-07-08,13.36,13.36,13.23,13.25,1600,12.95
2009-07-07,13.55,13.56,13.50,13.54,12000,13.24
2009-07-06,13.53,13.62,13.52,13.62,9700,13.31
2009-07-02,13.76,13.76,13.76,13.76,400,13.45
2009-07-01,14.12,14.12,14.03,14.03,2700,13.72
2009-06-30,13.77,13.82,13.75,13.82,1500,13.51
2009-06-29,13.73,13.81,13.73,13.81,9300,13.50
2009-06-26,13.46,13.46,13.46,13.46,000,13.16
2009-06-25,13.46,13.46,13.46,13.46,000,13.16
2009-06-24,13.45,13.46,13.45,13.46,300,13.16
2009-06-23,13.41,13.41,13.31,13.32,1800,13.02
2009-06-22,13.57,13.57,13.57,13.57,100,13.27
2009-06-19,13.93,13.93,13.93,13.93,200,13.62
2009-06-18,13.79,13.79,13.74,13.75,5600,13.44
2009-06-17,13.60,13.69,13.60,13.65,2600,13.34
2009-06-16,13.99,13.99,13.99,13.99,200,13.68
2009-06-15,14.18,14.18,14.18,14.18,000,13.86
2009-06-12,14.29,14.29,14.18,14.18,800,13.86
2009-06-11,14.32,14.32,14.32,14.32,200,14.00
2009-06-10,14.25,14.25,14.23,14.23,1500,13.91
2009-06-09,14.16,14.28,14.16,14.28,600,13.96
2009-06-08,14.30,14.30,14.30,14.30,000,13.98
2009-06-05,14.30,14.30,14.30,14.30,200,13.98
2009-06-04,14.15,14.26,14.15,14.26,2000,13.94
2009-06-03,14.05,14.05,13.95,14.00,3800,13.69
2009-06-02,14.10,14.25,14.10,14.25,6500,13.93
2009-06-01,13.75,14.10,13.75,14.10,3900,13.78
2009-05-29,13.51,13.51,13.49,13.51,6700,13.21
2009-05-28,13.39,13.48,13.39,13.48,400,13.18
2009-05-27,13.64,13.64,13.64,13.64,300,13.33
2009-05-26,13.21,13.58,13.21,13.58,4400,13.28
2009-05-22,13.22,13.22,13.22,13.22,000,12.92
2009-05-21,13.27,13.31,13.22,13.22,300,12.92
2009-05-20,13.72,13.72,13.63,13.63,1700,13.32
2009-05-19,13.50,13.60,13.50,13.60,400,13.29
2009-05-18,13.45,13.46,13.41,13.41,2600,13.11
2009-05-15,13.34,13.44,13.34,13.44,8200,13.14
2009-05-14,13.19,13.33,13.19,13.33,900,13.03
2009-05-13,13.34,13.39,13.21,13.21,5800,12.91
2009-05-12,13.43,13.43,13.43,13.43,200,13.13
2009-05-11,13.70,13.70,13.55,13.63,1500,13.32
2009-05-08,13.69,13.69,13.69,13.69,000,13.38
2009-05-07,13.93,13.93,13.69,13.69,1900,13.38
2009-05-06,13.63,13.75,13.61,13.67,2400,13.36
2009-05-05,13.53,13.56,13.43,13.43,2500,13.13
2009-05-04,13.28,13.42,13.28,13.42,1900,13.12
2009-05-01,12.87,13.00,12.86,12.93,5300,12.64
2009-04-30,13.13,13.13,13.13,13.13,100,12.84
2009-04-29,12.67,12.91,12.67,12.91,1300,12.62
2009-04-28,12.43,12.57,12.43,12.57,4500,12.29
2009-04-27,12.61,12.61,12.61,12.61,000,12.33
2009-04-24,12.52,12.61,12.52,12.61,5000,12.33
2009-04-23,12.34,12.42,12.33,12.36,3800,12.08
2009-04-22,12.57,12.57,12.57,12.57,000,12.29
2009-04-21,12.31,12.57,12.25,12.57,1200,12.29
2009-04-20,12.93,12.93,12.93,12.93,000,12.64
2009-04-17,12.79,12.94,12.76,12.93,2800,12.64
2009-04-16,12.55,12.75,11.80,12.75,9900,12.46
2009-04-15,11.83,11.83,11.83,11.83,200,11.56
2009-04-14,12.39,12.43,12.39,12.43,4000,12.15
2009-04-13,12.44,12.44,12.44,12.44,2000,12.16
2009-04-09,12.39,12.53,12.39,12.53,3700,12.25
2009-04-08,11.80,12.06,11.80,12.06,1100,11.79
2009-04-07,11.93,11.93,11.93,11.93,400,11.66
2009-04-06,11.93,11.93,11.93,11.93,1700,11.66
2009-04-03,11.90,11.94,11.90,11.93,5200,11.66
2009-04-02,11.25,11.93,11.25,11.93,1000,11.66
2009-04-01,11.26,11.39,11.26,11.39,1900,11.13
2009-03-31,11.23,11.23,11.19,11.19,1100,10.94
2009-03-30,11.17,11.17,11.08,11.08,7200,10.83
2009-03-27,11.49,11.49,11.49,11.49,200,11.23
2009-03-26,11.44,11.45,11.41,11.45,4600,11.19
2009-03-25,11.19,11.19,11.19,11.19,200,10.94
2009-03-24,11.18,11.18,11.18,11.18,100,10.93
2009-03-23,10.91,10.91,10.91,10.91,100,10.67
2009-03-20,10.92,11.03,10.92,10.92,2000,10.68
2009-03-19,11.02,11.02,11.02,11.02,1200,10.77
2009-03-18,10.73,10.75,10.73,10.75,1000,10.51
2009-03-17,10.62,10.62,10.62,10.62,2000,10.38
2009-03-16,10.60,10.60,10.43,10.43,2700,10.20
2009-03-13,10.48,10.48,10.48,10.48,1000,10.24
2009-03-12,9.91,9.91,9.91,9.91,000,9.69
2009-03-11,9.89,9.92,9.89,9.91,1000,9.69
2009-03-10,8.55,9.86,8.55,9.79,3900,9.57
2009-03-09,9.60,9.60,9.28,9.39,16600,9.18
2009-03-06,9.64,9.70,9.42,9.53,6300,9.32
2009-03-05,9.66,9.71,9.48,9.54,6600,9.33
2009-03-04,9.82,10.03,9.82,10.01,3000,9.79
2009-03-03,9.87,9.88,9.71,9.79,3700,9.57
2009-03-02,9.90,9.91,9.76,9.78,3400,9.56
2009-02-27,10.34,10.47,10.34,10.44,600,10.21
2009-02-26,10.65,10.65,10.65,10.65,600,10.41
2009-02-25,10.58,10.58,10.58,10.58,000,10.34
2009-02-24,10.58,10.58,10.58,10.58,000,10.34
2009-02-23,10.80,10.80,10.58,10.58,3200,10.34
2009-02-20,10.17,10.83,10.17,10.65,3600,10.41
2009-02-19,11.03,11.04,10.94,10.94,2200,10.69
2009-02-18,11.02,11.13,11.02,11.13,1100,10.88
2009-02-17,10.58,11.24,10.58,11.16,900,10.91
2009-02-13,11.69,11.69,11.69,11.69,300,11.43
2009-02-12,10.88,11.54,9.81,11.43,9200,11.17
2009-02-11,11.40,11.44,11.34,11.39,800,11.13
2009-02-10,11.64,11.79,11.39,11.39,4800,11.13
2009-02-09,11.65,11.79,11.65,11.77,2300,11.51
2009-02-06,11.49,11.74,11.47,11.73,5700,11.47
2009-02-05,11.15,11.22,11.15,11.22,400,10.97
2009-02-04,11.27,11.27,11.27,11.27,1000,11.02
2009-02-03,11.22,11.35,11.22,11.35,300,11.10
2009-02-02,11.24,11.28,11.24,11.28,1100,11.03
2009-01-30,11.23,11.28,11.09,11.09,3600,10.84
2009-01-29,11.62,11.64,11.62,11.64,700,11.38
2009-01-28,11.47,11.59,11.47,11.59,500,11.33
2009-01-27,11.38,11.38,11.37,11.37,1300,11.11
2009-01-26,11.24,11.48,11.24,11.48,3800,11.22
2009-01-23,11.06,11.06,11.06,11.06,000,10.81
2009-01-22,11.14,11.14,10.98,11.06,600,10.81
2009-01-21,11.04,11.04,11.04,11.04,100,10.79
2009-01-20,11.37,11.37,11.13,11.13,3000,10.88
2009-01-16,11.42,11.42,11.39,11.39,1900,11.13
2009-01-15,11.19,11.29,11.06,11.29,1200,11.04
2009-01-14,11.47,11.47,11.47,11.47,000,11.21
2009-01-13,11.47,11.47,11.47,11.47,2800,11.21
2009-01-12,11.71,11.71,11.42,11.45,500,11.19
2009-01-09,11.78,11.78,11.78,11.78,5200,11.52
2009-01-08,12.01,12.10,12.01,12.10,400,11.83
2009-01-07,12.00,12.00,12.00,12.00,200,11.73
2009-01-06,12.12,12.27,12.12,12.27,200,11.99
2009-01-05,12.03,12.10,11.99,12.05,1000,11.78
2009-01-02,11.60,11.60,11.53,11.53,900,11.27
2008-12-31,11.37,11.64,11.37,11.56,18400,11.30
2008-12-30,11.02,11.29,11.02,11.29,1700,11.04
2008-12-29,11.08,11.08,10.86,10.97,5600,10.72
2008-12-26,11.00,11.05,10.74,11.05,2800,10.80
2008-12-24,11.02,11.02,10.87,10.89,7200,10.65
2008-12-23,11.57,11.57,11.35,11.35,2000,10.68
2008-12-22,11.72,11.72,11.34,11.34,3300,10.67
2008-12-19,11.70,11.88,11.70,11.70,1300,11.01
2008-12-18,11.80,11.80,11.72,11.72,300,11.03
2008-12-17,11.55,11.70,11.55,11.70,1500,11.01
2008-12-16,11.43,11.55,11.42,11.55,2700,10.87
2008-12-15,11.57,11.57,11.21,11.26,5400,10.59
2008-12-12,11.47,11.47,11.47,11.47,100,10.79
2008-12-11,11.98,11.99,11.67,11.67,1400,10.98
2008-12-10,11.97,12.05,11.84,11.95,3400,11.24
2008-12-09,12.09,12.11,11.84,11.84,3600,11.14
2008-12-08,11.14,12.03,11.14,11.97,2400,11.26
2008-12-05,10.83,11.36,10.70,11.36,3400,10.69
2008-12-04,11.20,11.44,10.90,10.93,5600,10.28
2008-12-03,11.00,11.25,10.91,11.19,1800,10.53
2008-12-02,10.83,10.98,10.83,10.87,600,10.23
2008-12-01,11.37,11.37,11.00,11.03,4400,10.38
2008-11-28,11.53,11.62,11.51,11.62,2200,10.93
2008-11-26,10.92,11.25,10.92,11.25,5500,10.58
2008-11-25,10.77,10.80,10.60,10.80,2600,10.16
2008-11-24,9.85,10.78,9.85,10.78,1900,10.14
2008-11-21,9.08,9.62,9.08,9.62,5900,9.05
2008-11-20,10.00,10.00,9.25,9.25,3800,8.70
2008-11-19,10.50,10.51,10.13,10.13,4100,9.53
2008-11-18,11.06,11.22,10.66,10.74,6800,10.10
2008-11-17,11.31,11.69,11.29,11.48,8100,10.80
2008-11-14,11.88,11.88,11.59,11.59,400,10.90
2008-11-13,11.11,11.42,10.80,11.42,6900,10.74
2008-11-12,11.75,11.75,11.24,11.24,2700,10.57
2008-11-11,12.18,12.18,12.18,12.18,1000,11.46
2008-11-10,12.59,12.59,12.59,12.59,1000,11.84
2008-11-07,12.89,12.98,12.89,12.89,5600,12.13
2008-11-06,12.99,13.06,12.91,12.91,1000,12.14
2008-11-05,13.92,13.92,13.92,13.92,1600,13.09
2008-11-04,13.94,14.10,13.92,13.92,1800,13.09
2008-11-03,13.80,13.80,13.80,13.80,1000,12.98
2008-10-31,13.19,13.72,13.19,13.72,3000,12.91
2008-10-30,13.97,13.97,13.03,13.21,12600,12.43
2008-10-29,12.70,12.76,12.70,12.76,400,12.00
2008-10-28,11.89,12.33,11.47,12.32,11500,11.59
2008-10-27,11.83,11.90,11.80,11.90,2300,11.19
2008-10-24,11.51,12.05,11.51,12.05,6500,11.34
2008-10-23,12.01,12.41,12.01,12.41,3200,11.67
2008-10-22,12.64,12.66,12.42,12.66,400,11.91
2008-10-21,13.97,13.97,13.96,13.96,300,13.13
2008-10-20,14.06,14.06,13.96,13.96,500,13.13
2008-10-17,12.95,14.09,12.95,13.73,29100,12.92
2008-10-16,13.37,13.59,12.97,13.59,5600,12.78
2008-10-15,14.27,14.27,13.72,13.74,2900,12.93
2008-10-14,13.93,15.55,13.93,15.05,9100,14.16
2008-10-13,14.08,14.60,14.08,14.60,2800,13.73
2008-10-10,12.81,13.24,12.46,13.22,8500,12.44
2008-10-09,14.35,14.35,13.46,13.57,8400,12.77
2008-10-08,13.79,14.65,13.79,14.65,2400,13.78
2008-10-07,15.47,15.47,14.57,14.57,1700,13.71
2008-10-06,15.73,15.73,14.87,15.22,5300,14.32
2008-10-03,16.51,17.05,16.51,16.63,8200,15.64
2008-10-02,17.45,17.46,16.78,16.78,5700,15.78
2008-10-01,17.10,17.72,17.10,17.65,20500,16.60
2008-09-30,17.50,18.05,17.50,17.97,47500,16.90
2008-09-29,18.37,18.37,17.15,17.39,21400,16.36
2008-09-26,18.65,18.87,18.65,18.87,3500,17.75
2008-09-25,19.16,19.19,19.10,19.10,8400,17.97
2008-09-24,19.01,19.27,19.01,19.07,6600,17.94
2008-09-23,19.78,19.78,19.14,19.14,5800,18.01
2008-09-22,20.02,20.02,19.50,19.56,3700,18.40
2008-09-19,19.98,20.09,19.96,19.97,3200,18.79
2008-09-18,18.86,19.11,18.16,19.06,15700,17.93
2008-09-17,19.33,19.47,18.69,18.69,65800,17.58
2008-09-16,18.86,19.75,18.79,19.75,36000,18.58
2008-09-15,21.28,21.28,19.71,19.71,32600,18.54
2008-09-12,20.28,20.41,20.28,20.41,1100,19.20
2008-09-11,20.03,20.37,20.03,20.37,33800,19.16
2008-09-10,20.49,20.64,20.34,20.46,84300,19.25
2008-09-09,20.71,21.17,20.51,20.51,20600,19.29
2008-09-08,20.62,21.45,20.62,21.15,3400,19.90
2008-09-05,20.54,20.95,20.48,20.93,3200,19.69
2008-09-04,20.75,21.35,20.75,20.82,2900,19.59
2008-09-03,21.62,21.70,21.36,21.40,17200,20.13
2008-09-02,22.00,22.02,21.59,21.59,3800,20.31
2008-08-29,21.83,21.83,21.79,21.79,7400,20.50
2008-08-28,21.67,21.92,21.67,21.92,4200,20.62
2008-08-27,21.34,21.58,21.34,21.55,1600,20.27
2008-08-26,21.18,21.18,21.18,21.18,500,19.92
2008-08-25,21.16,21.18,21.16,21.18,6000,19.92
2008-08-22,21.46,21.48,21.46,21.48,400,20.21
2008-08-21,21.13,21.28,21.13,21.27,3000,20.01
2008-08-20,21.22,21.23,21.15,21.22,8000,19.96
2008-08-19,21.46,21.46,21.19,21.20,6700,19.94
2008-08-18,21.75,21.75,21.52,21.54,5000,20.26
2008-08-15,21.62,21.73,21.62,21.73,13700,20.44
2008-08-14,21.32,21.65,21.32,21.65,4300,20.37
2008-08-13,21.34,21.42,21.34,21.42,300,20.15
2008-08-12,21.45,21.46,21.34,21.34,1400,20.07
2008-08-11,20.95,21.72,20.95,21.59,7500,20.31
2008-08-08,21.08,21.08,21.08,21.08,000,19.83
2008-08-07,21.19,21.19,21.08,21.08,600,19.83
2008-08-06,21.06,21.25,21.05,21.25,2800,19.99
2008-08-05,20.67,20.97,20.67,20.97,2400,19.73
2008-08-04,20.90,20.90,20.63,20.63,2500,19.41
2008-08-01,21.05,21.10,21.01,21.10,9100,19.85
2008-07-31,20.96,21.34,20.96,21.26,2500,20.00
2008-07-30,21.22,21.22,21.07,21.07,3800,19.82
2008-07-29,20.88,21.15,20.81,21.15,21200,19.90
2008-07-28,20.95,20.95,20.95,20.95,000,19.71
2008-07-25,20.75,20.96,20.75,20.95,7900,19.71
2008-07-24,21.67,21.67,20.79,20.79,2300,19.56
2008-07-23,21.25,21.41,21.25,21.41,2200,20.14
2008-07-22,20.78,21.00,20.78,20.98,8600,19.74
2008-07-21,21.00,21.00,20.91,20.91,1600,19.67
2008-07-18,20.84,20.85,20.82,20.85,4100,19.61
2008-07-17,20.91,20.98,20.79,20.98,5400,19.74
2008-07-16,20.27,20.68,20.18,20.68,3200,19.45
2008-07-15,20.21,20.50,19.99,20.28,16300,19.08
2008-07-14,20.82,20.82,20.41,20.41,11900,19.20
2008-07-11,20.41,20.76,20.30,20.58,12900,19.36
2008-07-10,20.60,20.68,20.41,20.63,11500,19.41
2008-07-09,21.02,21.19,20.76,20.76,3600,19.53
2008-07-08,20.50,20.76,20.31,20.76,24300,19.53
2008-07-07,20.45,21.19,20.45,20.94,18200,19.70
2008-07-03,20.75,20.93,20.44,20.44,2600,19.23
2008-07-02,21.54,21.54,21.00,21.00,8300,19.75
2008-07-01,21.53,21.63,21.18,21.51,9400,20.23
2008-06-30,21.71,21.78,21.65,21.71,30900,20.42
2008-06-27,21.64,21.72,21.62,21.66,8300,20.38
2008-06-26,22.06,22.06,21.70,21.70,17300,20.41
2008-06-25,22.24,22.48,22.21,22.32,9000,21.00
2008-06-24,22.34,22.44,22.16,22.37,12500,21.04
2008-06-23,22.58,22.63,22.45,22.45,7200,21.12
2008-06-20,22.81,22.81,22.49,22.51,16300,21.18
2008-06-19,22.89,22.89,22.75,22.75,2300,21.40
2008-06-18,23.05,23.05,22.86,22.94,50600,21.58
2008-06-17,23.67,23.67,23.40,23.40,23600,22.01
2008-06-16,23.54,23.65,23.51,23.65,5000,22.25
2008-06-13,23.35,23.49,23.34,23.49,29300,22.10
2008-06-12,23.49,23.54,23.17,23.28,6200,21.90
2008-06-11,23.61,23.61,23.29,23.29,3300,21.91
2008-06-10,23.55,23.72,23.53,23.72,17000,22.31
2008-06-09,23.94,23.94,23.64,23.64,15100,22.24
2008-06-06,24.55,24.55,24.14,24.14,2100,22.71
2008-06-05,24.26,24.60,24.23,24.60,11300,23.14
2008-06-04,24.11,24.33,24.10,24.20,16000,22.76
2008-06-03,24.35,24.35,23.94,24.09,20700,22.66
2008-06-02,24.53,24.53,24.05,24.21,25600,22.77
2008-05-30,24.40,24.49,24.40,24.47,34000,23.02
2008-05-29,24.39,24.62,24.39,24.60,12900,23.14
2008-05-28,24.20,24.36,24.16,24.29,14300,22.85
2008-05-27,23.93,24.20,23.49,24.01,28700,22.59
2008-05-23,24.04,24.04,23.91,23.91,13800,22.49
2008-05-22,24.20,24.41,24.20,24.27,26700,22.83
2008-05-21,24.83,24.86,24.28,24.29,36900,22.85
2008-05-20,24.92,24.92,24.56,24.68,23300,23.22
2008-05-19,25.00,25.16,24.91,24.95,8200,23.47
2008-05-16,25.10,25.10,24.82,24.91,3200,23.43
2008-05-15,24.73,25.09,24.73,25.07,4500,23.58
2008-05-14,25.05,25.05,24.89,24.89,1100,23.41
2008-05-13,24.56,24.82,24.55,24.80,14700,23.33
2008-05-12,24.26,24.46,24.26,24.46,13200,23.01
2008-05-09,23.98,24.13,23.98,24.08,4100,22.65
2008-05-08,24.05,24.05,23.95,23.97,2300,22.55
2008-05-07,24.22,24.26,23.94,23.94,3400,22.52
2008-05-06,23.65,24.11,23.65,24.11,3600,22.68
2008-05-05,23.79,23.81,23.64,23.78,18700,22.37
2008-05-02,24.08,24.08,23.86,23.87,12700,22.45
2008-05-01,23.40,23.94,23.40,23.91,7000,22.49
2008-04-30,23.46,23.73,23.45,23.45,42800,22.06
2008-04-29,23.57,23.57,23.45,23.51,4200,22.12
2008-04-28,23.61,23.69,23.53,23.60,8700,22.20
2008-04-25,23.50,23.53,23.23,23.53,2900,22.13
2008-04-24,23.05,23.42,23.05,23.38,1800,21.99
2008-04-23,23.19,23.19,23.18,23.18,500,21.81
2008-04-22,23.42,23.42,23.18,23.33,8500,21.95
2008-04-21,23.62,23.67,23.59,23.64,3100,22.24
2008-04-18,23.79,23.89,23.78,23.78,1800,22.37
2008-04-17,23.54,23.54,23.47,23.48,4300,22.09
2008-04-16,23.07,23.43,23.07,23.41,2900,22.02
2008-04-15,22.86,22.86,22.72,22.85,22500,21.50
2008-04-14,22.78,22.85,22.74,22.76,8100,21.41
2008-04-11,23.11,23.11,22.84,22.84,26400,21.49
2008-04-10,23.23,23.36,23.20,23.20,6000,21.82
2008-04-09,23.58,23.58,23.27,23.27,2200,21.89
2008-04-08,23.75,23.75,23.58,23.65,2800,22.25
2008-04-07,23.83,24.04,23.77,23.77,3800,22.36
2008-04-04,24.06,24.06,23.66,23.66,3700,22.26
2008-04-03,23.63,23.79,23.63,23.79,500,22.38
2008-04-02,23.57,23.98,23.57,23.77,4300,22.36
2008-04-01,23.10,23.63,23.10,23.62,9900,22.22
2008-03-31,22.98,22.98,21.70,22.95,17900,21.59
2008-03-28,22.22,22.87,22.22,22.56,7600,21.22
2008-03-27,23.21,23.25,22.87,22.87,15700,21.51
2008-03-26,23.28,23.28,23.05,23.16,12100,21.79
2008-03-25,23.37,23.44,23.37,23.42,1800,22.03
2008-03-24,23.71,23.71,23.11,23.44,20700,22.05
2008-03-20,22.48,22.97,22.48,22.97,3700,21.61
2008-03-19,23.47,23.47,22.25,22.25,9200,20.93
2008-03-18,22.15,22.69,22.13,22.65,17600,21.31
2008-03-17,21.74,21.85,21.49,21.79,4600,20.50
2008-03-14,22.59,22.64,22.05,22.22,107200,20.90
2008-03-13,22.14,22.76,22.00,22.62,84100,21.28
2008-03-12,22.57,22.84,22.41,22.42,18300,21.09
2008-03-11,22.09,22.55,21.92,22.55,126300,21.21
2008-03-10,22.09,22.25,21.80,21.80,31500,20.51
2008-03-07,22.10,22.54,22.03,22.27,60800,20.95
2008-03-06,22.79,22.79,22.33,22.35,66600,21.02
2008-03-05,22.93,23.18,22.92,23.03,23000,21.66
2008-03-04,22.80,22.90,22.49,22.86,13400,21.50
2008-03-03,22.95,23.00,22.90,22.98,6800,21.62
2008-02-29,23.33,23.35,23.15,23.15,8900,21.78
2008-02-28,23.87,24.00,23.72,23.72,12600,22.31
2008-02-27,24.11,24.24,23.94,24.00,2300,22.58
2008-02-26,23.99,24.37,23.99,24.32,18400,22.88
2008-02-25,23.77,23.88,23.58,23.88,36200,22.46
2008-02-22,23.62,23.62,23.20,23.51,12400,22.12
2008-02-21,24.00,24.01,23.49,23.49,11700,22.10
2008-02-20,23.53,24.01,23.51,23.91,81000,22.49
2008-02-19,24.04,24.04,23.75,23.77,16000,22.36
2008-02-15,23.88,23.98,23.76,23.98,8700,22.56
2008-02-14,24.49,24.49,24.08,24.09,45400,22.66
2008-02-13,24.45,24.50,24.30,24.47,17000,23.02
2008-02-12,24.49,24.52,24.09,24.17,17600,22.74
2008-02-11,24.20,24.35,23.99,24.24,32700,22.80
2008-02-08,24.14,24.35,24.14,24.23,10900,22.79
2008-02-07,24.34,24.34,24.00,24.14,6500,22.71
2008-02-06,24.53,24.74,24.37,24.37,7500,22.92
2008-02-05,24.96,24.99,24.61,24.61,12600,23.15
2008-02-04,25.51,25.51,25.33,25.33,29500,23.83
2008-02-01,25.45,25.68,25.45,25.68,3200,24.16
2008-01-31,25.04,25.15,25.04,25.15,600,23.66
2008-01-30,24.62,25.10,24.56,24.58,4800,23.12
2008-01-29,24.72,24.72,24.40,24.72,14300,23.25
2008-01-28,23.85,24.33,23.51,24.33,11300,22.89
2008-01-25,24.27,24.30,23.76,23.76,10000,22.35
2008-01-24,24.00,24.22,23.85,24.22,8400,22.78
2008-01-23,22.71,23.73,22.55,23.73,20900,22.32
2008-01-22,21.87,23.13,21.87,22.97,31400,21.61
2008-01-18,23.61,23.75,23.13,23.27,8100,21.89
2008-01-17,24.10,24.15,23.36,23.39,12700,22.00
2008-01-16,23.99,24.34,23.87,24.15,15200,22.72
2008-01-15,24.37,24.41,23.99,23.99,23200,22.57
2008-01-14,24.66,24.66,24.48,24.61,11000,23.15
2008-01-11,24.52,24.72,24.37,24.37,3100,22.92
2008-01-10,24.46,25.15,24.46,25.08,35400,23.59
2008-01-09,24.48,24.61,24.05,24.61,17600,23.15
2008-01-08,25.27,25.27,24.52,24.53,8100,23.08
2008-01-07,25.13,25.45,24.97,25.16,13800,23.67
2008-01-04,25.94,25.94,25.06,25.06,34200,23.57
2008-01-03,26.42,26.42,26.09,26.09,10700,24.54
2008-01-02,26.74,26.74,26.29,26.36,8400,24.80
2007-12-31,26.63,26.84,26.60,26.84,35200,25.25
2007-12-28,27.04,27.04,26.81,26.84,9200,25.25
2007-12-27,27.02,27.25,26.85,26.85,49000,25.26
2007-12-26,27.19,27.30,27.19,27.28,9200,25.66
2007-12-24,27.39,27.44,27.32,27.38,8400,25.58
2007-12-21,26.99,27.25,26.97,27.23,8300,25.44
2007-12-20,26.78,26.78,26.50,26.73,12500,24.98
2007-12-19,26.62,26.94,26.61,26.70,12200,24.95
2007-12-18,26.78,26.81,26.44,26.81,12600,25.05
2007-12-17,26.97,26.97,26.65,26.65,11200,24.90
2007-12-14,27.13,27.21,26.94,26.94,4400,25.17
2007-12-13,27.34,27.42,27.23,27.42,6700,25.62
2007-12-12,27.79,27.81,27.35,27.59,12000,25.78
2007-12-11,28.05,28.20,27.56,27.56,8900,25.75
2007-12-10,27.87,28.10,27.87,28.10,40100,26.26
2007-12-07,27.94,27.94,27.73,27.78,30900,25.96
2007-12-06,27.40,27.70,27.40,27.70,6800,25.88
2007-12-05,27.39,27.50,27.28,27.42,15900,25.62
2007-12-04,27.10,27.28,27.07,27.23,2800,25.44
2007-12-03,27.33,27.50,27.23,27.33,14800,25.54
2007-11-30,27.34,27.34,27.19,27.19,2000,25.40
2007-11-29,26.80,26.93,26.73,26.84,9600,25.08
2007-11-28,26.50,26.89,26.48,26.89,3300,25.12
2007-11-27,25.97,26.05,25.77,26.05,6900,24.34
2007-11-26,26.59,26.59,25.81,25.81,10400,24.12
2007-11-23,26.23,26.49,26.23,26.44,4600,24.70
2007-11-21,26.11,26.38,26.02,26.12,10500,24.41
2007-11-20,26.51,26.71,26.18,26.34,10600,24.61
2007-11-19,26.92,26.92,26.46,26.46,9100,24.72
2007-11-16,27.18,27.22,26.93,27.20,9100,25.41
2007-11-15,27.36,27.36,27.00,27.07,9000,25.29
2007-11-14,27.64,27.65,27.33,27.33,12200,25.54
2007-11-13,27.18,27.52,27.12,27.46,8600,25.66
2007-11-12,27.28,27.37,26.91,26.93,22200,25.16
2007-11-09,27.70,27.70,27.12,27.31,14900,25.52
2007-11-08,27.85,27.95,27.21,27.66,26100,25.84
2007-11-07,28.18,28.34,27.75,27.75,49900,25.93
2007-11-06,28.26,28.46,28.13,28.42,26700,26.55
2007-11-05,28.37,28.50,28.21,28.41,35400,26.54
2007-11-02,28.60,28.73,28.41,28.60,65200,26.72
2007-11-01,28.70,28.88,28.50,28.55,42000,26.68
2007-10-31,28.91,29.20,28.78,29.20,38400,27.28
2007-10-30,28.78,28.82,28.70,28.72,44700,26.83
2007-10-29,28.90,28.99,28.73,28.89,185600,26.99
2007-10-26,28.67,28.90,28.64,28.86,7100,26.97
2007-10-25,28.74,28.85,28.45,28.64,44700,26.76
2007-10-24,28.75,28.82,28.23,28.82,25100,26.93
2007-10-23,28.65,28.91,28.58,28.91,53500,27.01
2007-10-22,28.22,28.68,28.17,28.40,25300,26.54
2007-10-19,29.14,29.14,28.40,28.40,86600,26.54
2007-10-18,29.14,29.27,29.09,29.23,12400,27.31
2007-10-17,29.46,29.47,29.01,29.22,25200,27.30
2007-10-16,29.46,29.49,29.31,29.38,30200,27.45
2007-10-15,29.74,29.74,29.35,29.35,16700,27.42
2007-10-12,29.75,29.92,29.75,29.83,38500,27.87
2007-10-11,30.10,30.15,29.59,29.75,14700,27.80
2007-10-10,29.95,30.04,29.87,30.04,4500,28.07
2007-10-09,30.04,30.10,29.85,30.05,8000,28.08
2007-10-08,29.80,29.94,29.80,29.93,16300,27.96
2007-10-05,29.59,30.00,29.59,29.84,213600,27.88
2007-10-04,29.38,29.53,29.34,29.47,8300,27.54
2007-10-03,29.55,29.55,29.34,29.34,3900,27.41
2007-10-02,29.40,29.51,29.34,29.51,9200,27.57
2007-10-01,29.18,29.45,29.18,29.25,91000,27.33
2007-09-28,29.30,29.30,29.06,29.11,29100,27.20
2007-09-27,29.15,29.22,29.06,29.22,13500,27.30
2007-09-26,28.97,29.15,28.97,29.01,10200,27.11
2007-09-25,29.01,29.01,28.77,28.86,33800,26.97
2007-09-24,29.20,29.24,28.99,28.99,28100,27.09
2007-09-21,29.08,29.33,29.08,29.25,27100,27.33
2007-09-20,29.23,29.23,28.93,29.02,56900,27.11
2007-09-19,29.27,29.39,29.20,29.23,38900,27.31
2007-09-18,28.43,29.00,28.35,29.00,16400,27.10
2007-09-17,28.44,28.44,28.08,28.08,28300,26.24
2007-09-14,28.29,28.57,28.29,28.56,18600,26.68
2007-09-13,28.50,28.62,28.41,28.51,16300,26.64
2007-09-12,28.39,28.53,28.39,28.46,24600,26.59
2007-09-11,28.46,28.52,28.31,28.49,21200,26.62
2007-09-10,28.58,28.58,28.17,28.23,10400,26.38
2007-09-07,28.62,28.66,28.46,28.49,9500,26.62
2007-09-06,28.99,29.02,28.91,28.99,11000,27.09
2007-09-05,29.07,29.10,28.93,28.95,21200,27.05
2007-09-04,29.02,29.50,29.02,29.40,24200,27.47
2007-08-31,28.76,29.02,28.72,28.97,21900,27.07
2007-08-30,28.51,28.81,28.51,28.61,15800,26.73
2007-08-29,28.31,28.68,28.18,28.67,15800,26.79
2007-08-28,28.58,28.61,28.11,28.13,9900,26.28
2007-08-27,28.98,28.98,28.80,28.83,12200,26.94
2007-08-24,28.62,28.95,28.56,28.95,19000,27.05
2007-08-23,28.75,28.75,28.48,28.61,9400,26.73
2007-08-22,28.39,28.64,28.39,28.58,8200,26.70
2007-08-21,28.05,28.26,28.05,28.22,7400,26.37
2007-08-20,28.10,28.17,27.82,28.02,29000,26.18
2007-08-17,27.61,28.07,27.58,28.01,15200,26.17
2007-08-16,27.41,27.44,26.82,27.35,36100,25.55
2007-08-15,28.17,28.36,27.65,27.68,21200,25.86
2007-08-14,28.85,28.85,28.26,28.26,154100,26.40
2007-08-13,28.98,29.08,28.81,28.81,5700,26.92
2007-08-10,28.19,28.71,27.83,28.70,73600,26.82
2007-08-09,28.88,28.99,28.45,28.49,15200,26.62
2007-08-08,28.84,29.44,28.84,29.44,36600,27.51
2007-08-07,28.42,28.64,28.38,28.64,11000,26.76
2007-08-06,28.34,28.41,27.88,28.41,64100,26.54
2007-08-03,29.02,29.02,28.26,28.26,33400,26.40
2007-08-02,29.11,29.20,28.93,29.04,23400,27.13
2007-08-01,29.16,29.18,28.56,28.60,90200,26.72
2007-07-31,29.62,29.68,29.06,29.06,32300,27.15
2007-07-30,29.00,29.39,28.94,29.24,46500,27.32
2007-07-27,29.37,29.64,29.07,29.07,89500,27.16
2007-07-26,29.71,29.83,29.06,29.43,97900,27.50
2007-07-25,30.41,30.48,29.96,30.06,187000,28.09
2007-07-24,30.92,30.93,30.27,30.38,81000,28.39
2007-07-23,31.14,31.29,31.11,31.15,43900,29.10
2007-07-20,31.54,31.54,31.12,31.25,11100,29.20
2007-07-19,31.44,31.55,31.41,31.54,26900,29.47
2007-07-18,31.24,31.30,31.06,31.30,20600,29.24
2007-07-17,31.42,31.50,31.33,31.41,18800,29.35
2007-07-16,31.38,31.48,31.31,31.41,45400,29.35
2007-07-13,31.40,31.52,31.38,31.46,50200,29.39
2007-07-12,31.34,31.42,31.26,31.42,23600,29.36
2007-07-11,31.09,31.16,30.98,31.12,15500,29.08
2007-07-10,31.08,31.19,30.97,30.97,16200,28.94
2007-07-09,31.28,31.34,31.15,31.26,36900,29.21
2007-07-06,31.19,31.34,31.17,31.32,28200,29.26
2007-07-05,31.05,31.17,31.02,31.17,107600,29.12
2007-07-03,31.05,31.10,30.96,31.03,29800,28.99
2007-07-02,30.72,31.02,30.72,30.99,22300,28.96
2007-06-29,30.85,31.00,30.58,30.65,47700,28.64
2007-06-28,30.84,30.93,30.73,30.78,21100,28.76
2007-06-27,30.50,30.78,30.26,30.78,14200,28.76
2007-06-26,30.74,30.74,30.44,30.51,36400,28.51
2007-06-25,30.94,30.94,30.57,30.59,20600,28.58
2007-06-22,31.01,31.06,30.77,30.83,21600,28.81
2007-06-21,31.15,31.15,30.83,31.12,35600,29.08
2007-06-20,31.63,31.63,31.07,31.07,51800,29.03
2007-06-19,31.42,31.43,31.26,31.42,22400,29.36
2007-06-18,31.27,31.27,31.06,31.19,48300,29.14
2007-06-15,31.37,31.49,31.19,31.27,75600,29.22
2007-06-14,30.90,31.07,30.90,31.07,47600,29.03
2007-06-13,30.23,30.77,30.23,30.77,40000,28.75
2007-06-12,30.54,30.54,30.22,30.29,19600,28.30
2007-06-11,30.45,30.67,30.35,30.59,26000,28.58
2007-06-08,30.20,30.47,30.05,30.41,41100,28.41
2007-06-07,30.77,30.84,30.09,30.17,33800,28.19
2007-06-06,30.96,31.02,30.79,30.84,23500,28.82
2007-06-05,31.25,31.25,30.98,31.21,41200,29.16
2007-06-04,31.00,31.27,31.00,31.25,53100,29.20
2007-06-01,30.95,31.03,30.90,31.01,122800,28.97
2007-05-31,30.68,30.94,30.64,30.79,171700,28.77
2007-05-30,29.89,30.49,29.89,30.48,32200,28.48
2007-05-29,30.18,30.18,30.00,30.13,23600,28.15
2007-05-25,29.80,30.12,29.80,30.10,16600,28.12
2007-05-24,30.00,30.20,29.58,29.67,27700,27.72
2007-05-23,30.29,30.35,30.08,30.10,68100,28.12
2007-05-22,29.98,30.19,29.98,30.18,28200,28.20
2007-05-21,29.67,29.98,29.62,29.88,109000,27.92
2007-05-18,29.36,29.59,29.36,29.59,13100,27.65
2007-05-17,29.31,29.37,29.26,29.36,10600,27.43
2007-05-16,29.42,29.42,29.15,29.35,14800,27.42
2007-05-15,29.50,29.60,29.26,29.26,26000,27.34
2007-05-14,29.55,29.59,29.42,29.47,28100,27.54
2007-05-11,29.20,29.50,29.18,29.44,110400,27.51
2007-05-10,29.38,29.40,29.06,29.10,35300,27.19
2007-05-09,29.21,29.38,29.12,29.37,12500,27.44
2007-05-08,29.12,29.31,28.98,29.31,48700,27.39
2007-05-07,29.15,29.22,29.12,29.19,20400,27.27
2007-05-04,29.10,29.21,28.92,28.98,124800,27.08
2007-05-03,28.73,28.88,28.71,28.88,39700,26.98
2007-05-02,28.72,28.84,28.70,28.74,67800,26.85
2007-05-01,28.40,28.54,28.26,28.40,64100,26.54
2007-04-30,28.82,28.89,28.53,28.58,21700,26.70
2007-04-27,28.90,28.90,28.70,28.78,9000,26.89
2007-04-26,29.06,29.11,28.82,28.98,18800,27.08
2007-04-25,28.80,28.95,28.70,28.92,32800,27.02
2007-04-24,28.60,28.66,28.50,28.52,14100,26.65
2007-04-23,28.50,28.60,28.49,28.50,9500,26.63
2007-04-20,28.45,28.45,28.30,28.45,13400,26.58
2007-04-19,28.14,28.36,28.12,28.20,13000,26.35
2007-04-18,28.52,28.58,28.45,28.55,34300,26.68
2007-04-17,28.59,28.65,28.53,28.59,25000,26.71
2007-04-16,28.38,28.60,28.26,28.60,27500,26.72
2007-04-13,28.19,28.20,28.12,28.18,10000,26.33
2007-04-12,27.87,28.11,27.87,28.03,15800,26.19
2007-04-11,27.91,27.91,27.72,27.80,6500,25.97
2007-04-10,28.00,28.01,27.90,28.00,16400,26.16
2007-04-09,28.02,28.12,27.97,28.00,22200,26.16
2007-04-05,27.85,27.98,27.82,27.94,46800,26.11
2007-04-04,27.70,27.80,27.70,27.80,21300,25.97
2007-04-03,27.53,27.68,27.53,27.60,12300,25.79
2007-04-02,27.41,27.41,27.29,27.38,5100,25.58
2007-03-30,27.35,27.35,27.14,27.32,12300,25.53
2007-03-29,27.31,27.31,27.12,27.31,32700,25.52
2007-03-28,27.02,27.13,26.98,27.05,85200,25.27
2007-03-27,27.08,27.13,27.04,27.13,11500,25.35
2007-03-26,27.20,27.20,26.97,27.20,11200,25.41
2007-03-23,27.13,27.20,27.05,27.16,16300,25.38
2007-03-22,27.02,27.08,26.91,27.06,34800,25.28
2007-03-21,26.59,27.00,26.53,27.00,22700,25.23
2007-03-20,26.43,26.59,26.38,26.53,9900,24.79
2007-03-19,26.25,26.39,26.20,26.39,6700,24.66
2007-03-16,26.22,26.22,26.00,26.02,3900,24.31
2007-03-15,26.05,26.23,26.05,26.15,6300,24.43
2007-03-14,25.92,25.96,25.67,25.94,9900,24.24
2007-03-13,26.20,26.38,25.90,25.90,26300,24.20
2007-03-12,26.19,26.36,26.19,26.32,27100,24.59
2007-03-09,26.16,26.20,26.07,26.16,11600,24.44
2007-03-08,26.01,26.06,25.97,25.97,3000,24.26
2007-03-07,25.65,25.84,25.63,25.75,23500,24.06
2007-03-06,25.47,25.71,25.40,25.66,4800,23.98
2007-03-05,25.30,25.36,25.18,25.18,13900,23.53
2007-03-02,25.77,25.81,25.53,25.62,17900,23.94
2007-03-01,25.64,25.99,25.45,25.87,17600,24.17
2007-02-28,25.85,26.00,25.75,25.95,13900,24.25
2007-02-27,26.41,26.41,25.71,25.84,27500,24.14
2007-02-26,26.88,26.88,26.60,26.70,18100,24.95
2007-02-23,26.79,26.80,26.66,26.78,11200,25.02
2007-02-22,26.90,26.92,26.70,26.81,39600,25.05
2007-02-21,26.69,26.83,26.66,26.81,11100,25.05
2007-02-20,26.57,26.73,26.55,26.73,11600,24.98
2007-02-16,26.62,26.67,26.50,26.67,14600,24.92
2007-02-15,26.58,26.58,26.50,26.52,70300,24.78
2007-02-14,26.41,26.58,26.41,26.50,7300,24.76
2007-02-13,26.17,26.28,26.17,26.28,5800,24.55
2007-02-12,25.96,25.99,25.92,25.95,8500,24.25
2007-02-09,26.15,26.19,25.84,25.84,6600,24.14
2007-02-08,26.21,26.22,26.08,26.22,27300,24.50
2007-02-07,26.18,26.27,26.15,26.20,34400,24.48
2007-02-06,26.10,26.23,26.04,26.23,12100,24.51
2007-02-05,26.11,26.11,26.00,26.04,9900,24.33
2007-02-02,26.08,26.15,26.05,26.15,11600,24.43
2007-02-01,26.04,26.06,25.86,26.02,49800,24.31
2007-01-31,25.78,25.97,25.68,25.97,31700,24.26
2007-01-30,25.68,25.81,25.63,25.81,33900,24.12
2007-01-29,25.54,25.67,25.54,25.63,7700,23.95
2007-01-26,25.44,25.59,25.36,25.54,13200,23.86
2007-01-25,25.60,25.60,25.21,25.24,17700,23.58
2007-01-24,25.47,25.63,25.42,25.57,10300,23.89
2007-01-23,25.29,25.42,25.28,25.41,8100,23.74
2007-01-22,25.36,25.36,25.14,25.19,14700,23.54
2007-01-19,25.20,25.36,25.19,25.36,3100,23.69
2007-01-18,25.38,25.41,25.23,25.25,25100,23.59
2007-01-17,25.40,25.46,25.37,25.37,9400,23.70
2007-01-16,25.46,25.49,25.35,25.38,12900,23.71
2007-01-12,25.25,25.38,25.25,25.38,2700,23.71
2007-01-11,24.98,25.28,24.97,25.20,14300,23.55
2007-01-10,24.94,25.01,24.91,25.01,4800,23.37
2007-01-09,25.00,25.00,24.71,24.94,14200,23.30
2007-01-08,24.88,24.98,24.84,24.98,11900,23.34
2007-01-05,24.90,24.91,24.78,24.85,10600,23.22
2007-01-04,24.90,25.01,24.74,25.01,2800,23.37
2007-01-03,25.14,25.16,24.83,24.83,4900,23.20
2006-12-29,25.13,25.16,25.06,25.07,14200,23.42
2006-12-28,25.18,25.18,25.16,25.16,3000,23.51
2006-12-27,25.20,25.21,25.10,25.15,12000,23.50
2006-12-26,24.98,25.07,24.96,25.07,5600,23.42
2006-12-22,24.86,24.96,24.85,24.95,800,23.31
2006-12-21,25.00,25.01,24.86,24.90,18100,23.27
2006-12-20,24.98,25.09,24.96,24.99,8900,23.35
2006-12-19,24.74,24.98,24.74,24.98,3800,23.34
2006-12-18,25.18,25.20,24.88,24.88,15100,23.25
2006-12-15,25.24,25.28,25.20,25.20,10000,23.55