2011-05-10,62.46,62.89,62.33,62.74,14100,62.74
2011-05-09,62.02,62.36,61.81,62.21,33000,62.21
2011-05-06,62.35,62.55,61.77,61.96,12300,61.96
2011-05-05,61.84,62.11,61.51,61.59,13900,61.59
2011-05-04,62.23,62.23,61.78,62.04,23000,62.04
2011-05-03,62.82,62.82,62.15,62.41,26000,62.41
2011-05-02,62.92,62.96,62.45,62.57,42000,62.57
2011-04-29,62.71,63.07,62.54,62.78,13000,62.78
2011-04-28,63.10,63.10,62.43,62.65,10800,62.65
2011-04-27,62.19,62.69,62.02,62.57,29700,62.57
2011-04-26,61.70,62.30,61.69,62.10,36200,62.10
2011-04-25,61.72,61.72,61.47,61.58,10400,61.58
2011-04-21,61.67,61.71,61.60,61.64,9800,61.64
2011-04-20,61.37,61.49,61.25,61.47,57400,61.47
2011-04-19,60.29,60.48,60.17,60.47,28700,60.47
2011-04-18,60.25,60.25,59.73,60.13,35500,60.13
2011-04-15,60.79,60.95,60.71,60.79,67900,60.79
2011-04-14,60.25,60.74,60.25,60.67,45700,60.67
2011-04-13,60.91,60.91,60.49,60.69,11200,60.69
2011-04-12,60.78,60.79,60.51,60.65,29800,60.65
2011-04-11,61.32,61.54,60.96,61.05,20100,61.05
2011-04-08,61.57,61.62,61.16,61.38,18300,61.38
2011-04-07,61.82,61.96,61.45,61.72,26500,61.72
2011-04-06,61.98,62.03,61.72,61.93,21000,61.93
2011-04-05,61.65,61.92,61.65,61.69,22100,61.69
2011-04-04,61.67,61.71,61.60,61.68,9000,61.68
2011-04-01,61.70,61.88,61.54,61.62,10200,61.62
2011-03-31,61.39,61.51,61.30,61.37,6000,61.37
2011-03-30,61.10,61.55,61.00,61.42,32500,61.42
2011-03-29,60.28,60.87,60.23,60.87,20100,60.87
2011-03-28,60.66,60.78,60.44,60.47,8800,60.47
2011-03-25,60.51,60.73,60.43,60.49,9300,60.49
2011-03-24,60.48,60.48,59.87,60.29,16500,60.29
2011-03-23,59.55,59.95,59.11,59.82,35800,59.82
2011-03-22,59.91,59.91,59.70,59.75,7000,59.75
2011-03-21,59.65,60.11,59.65,60.00,34600,60.00
2011-03-18,59.46,59.46,58.83,58.93,23400,58.93
2011-03-17,58.84,58.86,58.33,58.62,21400,58.62
2011-03-16,59.51,59.51,57.50,57.89,44100,57.89
2011-03-15,58.30,60.13,58.00,59.17,31800,59.17
2011-03-14,59.65,59.77,59.27,59.72,30700,59.72
2011-03-11,59.41,60.11,59.41,60.02,17800,60.02
2011-03-10,59.69,59.91,59.44,59.49,42900,59.49
2011-03-09,60.60,60.63,60.29,60.50,10400,60.50
2011-03-08,60.02,60.77,60.00,60.68,81700,60.68
2011-03-07,61.03,61.03,59.97,60.30,8200,60.30
2011-03-04,60.97,60.97,60.47,60.49,4300,60.49
2011-03-03,60.57,61.20,60.57,61.16,11800,61.16
2011-03-02,60.30,60.34,60.02,60.07,26600,60.07
2011-03-01,60.98,61.19,60.04,60.06,22200,60.06
2011-02-28,61.11,61.11,60.63,60.82,7200,60.82
2011-02-25,60.46,60.59,60.41,60.53,10900,60.53
2011-02-24,59.93,60.09,59.44,59.94,20600,59.94
2011-02-23,60.43,60.43,59.70,59.92,75300,59.92
2011-02-22,61.50,61.50,60.15,60.31,26100,60.31
2011-02-18,61.50,61.78,61.47,61.68,7300,61.68
2011-02-17,61.31,61.61,61.20,61.58,7100,61.58
2011-02-16,61.00,61.44,60.99,61.44,196600,61.44
2011-02-15,60.92,60.97,60.77,60.92,16900,60.92
2011-02-14,61.00,61.08,60.82,61.05,9800,61.05
2011-02-11,60.23,60.98,60.21,60.86,58800,60.86
2011-02-10,60.00,60.50,59.94,60.48,6500,60.48
2011-02-09,60.51,60.56,60.26,60.50,28900,60.50
2011-02-08,61.00,61.00,60.32,60.61,49900,60.61
2011-02-07,60.26,60.55,59.48,60.33,14900,60.33
2011-02-04,59.88,59.99,59.73,59.96,6800,59.96
2011-02-03,59.20,59.81,59.20,59.76,10200,59.76
2011-02-02,59.51,59.72,59.48,59.54,65000,59.54
2011-02-01,59.25,59.80,59.12,59.72,7400,59.72
2011-01-31,58.53,58.69,58.49,58.59,16400,58.59
2011-01-28,59.25,59.25,58.13,58.22,20000,58.22
2011-01-27,59.22,59.46,59.21,59.40,16100,59.40
2011-01-26,59.20,59.33,57.74,59.15,8000,59.15
2011-01-25,58.75,59.01,58.63,59.01,6600,59.01
2011-01-24,58.77,59.08,58.65,58.99,31500,58.99
2011-01-21,58.77,58.84,58.70,58.70,4400,58.70
2011-01-20,58.27,58.63,58.07,58.49,51800,58.49
2011-01-19,59.16,59.16,58.57,58.64,8600,58.64
2011-01-18,59.85,59.85,58.07,59.12,12700,59.12
2011-01-14,58.49,58.88,58.45,58.88,2500,58.88
2011-01-13,58.68,58.68,58.41,58.41,7700,58.41
2011-01-12,58.35,58.56,58.35,58.48,4000,58.48
2011-01-11,58.16,58.16,57.82,57.95,16500,57.95
2011-01-10,57.67,57.99,57.66,57.98,9600,57.98
2011-01-07,58.03,58.07,57.49,57.97,8900,57.97
2011-01-06,58.15,58.20,57.93,58.07,16500,58.07
2011-01-05,57.52,58.13,57.52,58.02,32000,58.02
2011-01-04,58.00,58.00,57.52,57.83,84300,57.83
2011-01-03,57.40,58.09,57.40,57.82,68900,57.82
2010-12-31,56.95,57.10,56.89,57.03,4500,57.03
2010-12-30,57.17,57.17,56.98,57.13,15600,57.13
2010-12-29,57.24,57.30,57.16,57.16,17000,57.16
2010-12-28,57.14,57.18,57.06,57.16,1900,57.16
2010-12-27,57.01,57.16,56.96,57.16,14900,57.16
2010-12-23,57.05,57.15,56.98,57.12,16900,57.12
2010-12-22,57.06,57.20,56.95,57.18,36200,57.18
2010-12-21,56.69,56.94,56.69,56.94,30900,56.94
2010-12-20,56.99,56.99,56.40,56.57,8500,56.57
2010-12-17,55.82,56.45,55.82,56.42,4900,56.42
2010-12-16,55.63,56.42,54.68,56.38,8500,56.38
2010-12-15,56.08,56.32,56.08,56.09,4900,56.09
2010-12-14,56.21,56.55,56.21,56.22,11200,56.22
2010-12-13,56.45,56.50,56.22,56.22,47300,56.22
2010-12-10,56.58,56.58,56.04,56.32,11000,56.32
2010-12-09,56.03,56.03,55.78,55.94,7000,55.94
2010-12-08,55.44,55.69,55.21,55.69,4100,55.69
2010-12-07,55.75,55.77,55.47,55.47,4700,55.47
2010-12-06,55.36,55.46,55.24,55.34,7600,55.34
2010-12-03,55.04,55.43,55.04,55.43,21900,55.43
2010-12-02,54.75,55.34,54.64,55.34,15500,55.34
2010-12-01,54.20,54.65,54.20,54.59,14300,54.59
2010-11-30,53.35,53.56,53.19,53.40,27000,53.40
2010-11-29,53.59,53.78,53.25,53.78,17600,53.78
2010-11-26,53.73,53.94,52.89,53.92,2900,53.92
2010-11-24,53.88,54.29,53.86,54.29,26900,54.29
2010-11-23,53.75,53.77,53.45,53.47,9900,53.47
2010-11-22,54.07,54.35,54.03,54.35,2900,54.35
2010-11-19,54.14,54.35,53.97,54.35,7900,54.35
2010-11-18,53.84,54.38,53.84,54.25,15900,54.25
2010-11-17,53.65,53.65,53.34,53.43,9100,53.43
2010-11-16,53.90,54.00,53.12,53.41,75600,53.41
2010-11-15,54.53,54.80,54.37,54.37,20100,54.37
2010-11-12,54.68,54.79,54.19,54.28,8500,54.28
2010-11-11,54.84,54.97,54.62,54.97,4500,54.97
2010-11-10,54.73,55.18,54.60,55.15,14900,55.15
2010-11-09,55.46,55.57,54.79,54.96,9100,54.96
2010-11-08,55.53,55.58,55.38,55.54,69600,55.54
2010-11-05,55.65,55.65,55.36,55.58,32400,55.58
2010-11-04,55.05,55.57,55.05,55.53,15300,55.53
2010-11-03,54.20,54.44,53.00,54.44,18800,54.44
2010-11-02,54.19,55.16,54.16,54.20,11700,54.20
2010-11-01,54.61,54.61,52.60,53.73,8300,53.73
2010-10-29,53.68,53.84,53.57,53.69,6300,53.69
2010-10-28,53.61,53.76,53.33,53.66,6000,53.66
2010-10-27,53.29,53.47,53.07,53.46,7200,53.46
2010-10-26,53.36,53.71,53.33,53.54,23200,53.54
2010-10-25,53.98,54.07,53.64,53.64,4600,53.64
2010-10-22,53.75,53.75,53.40,53.49,9100,53.49
2010-10-21,53.88,53.96,53.13,53.49,15100,53.49
2010-10-20,52.88,53.67,52.88,53.52,11200,53.52
2010-10-19,53.24,53.40,52.71,52.97,6000,52.97
2010-10-18,53.55,53.97,53.46,53.88,23600,53.88
2010-10-15,53.87,53.87,53.19,53.61,36500,53.61
2010-10-14,53.46,53.46,52.91,53.16,5200,53.16
2010-10-13,53.16,53.83,53.16,53.53,30200,53.53
2010-10-12,52.64,53.17,52.64,53.10,700,53.10
2010-10-11,52.96,53.03,52.89,52.91,1300,52.91
2010-10-08,52.43,52.89,52.37,52.79,4200,52.79
2010-10-07,52.98,52.98,51.68,52.45,33300,52.45
2010-10-06,52.63,52.75,52.48,52.63,12000,52.63
2010-10-05,52.12,52.78,52.01,52.76,10600,52.76
2010-10-04,51.95,52.01,51.30,51.47,15300,51.47
2010-10-01,52.30,52.30,51.71,52.00,15900,52.00
2010-09-30,52.02,52.39,51.72,51.83,15000,51.83
2010-09-29,52.04,52.10,51.81,51.88,2600,51.88
2010-09-28,51.51,52.10,51.51,52.04,3200,52.04
2010-09-27,51.89,52.07,51.72,51.72,10800,51.72
2010-09-24,51.77,52.03,51.74,51.95,34500,51.95
2010-09-23,51.31,51.34,50.88,50.88,32100,50.88
2010-09-22,51.30,51.56,51.18,51.30,8500,51.30
2010-09-21,51.60,51.93,50.95,51.56,13100,51.56
2010-09-20,51.12,51.82,51.12,51.82,3900,51.77
2010-09-17,51.43,51.43,50.84,50.94,3300,50.89
2010-09-16,50.84,50.93,50.71,50.90,5800,50.85
2010-09-15,50.39,51.00,50.39,51.00,3700,50.95
2010-09-14,50.76,51.00,50.45,50.96,5100,50.91
2010-09-13,50.77,50.78,50.55,50.78,11500,50.73
2010-09-10,49.77,50.09,49.77,50.04,6600,49.99
2010-09-09,49.98,50.15,49.87,49.87,1700,49.82
2010-09-08,49.32,49.78,49.32,49.56,8100,49.52
2010-09-07,49.63,49.63,49.35,49.42,149500,49.38
2010-09-03,49.50,49.97,49.49,49.96,6500,49.91
2010-09-02,48.76,49.14,48.76,49.14,5000,49.10
2010-09-01,47.78,48.76,47.78,48.76,11300,48.72
2010-08-31,47.09,47.61,46.99,47.35,19200,47.31
2010-08-30,48.06,48.06,47.42,47.42,14400,47.38
2010-08-27,47.63,48.23,46.94,48.07,6000,48.03
2010-08-26,48.01,48.05,47.36,47.36,2200,47.32
2010-08-25,47.12,47.85,47.07,47.68,8500,47.64
2010-08-24,47.56,47.84,47.36,47.51,4800,47.47
2010-08-23,48.77,48.77,48.25,48.25,2500,48.21
2010-08-20,48.41,48.47,48.15,48.42,7700,48.38
2010-08-19,49.18,49.34,48.58,48.68,6300,48.64
2010-08-18,49.39,49.65,49.39,49.59,1300,49.55
2010-08-17,49.28,49.74,49.27,49.44,2700,49.40
2010-08-16,48.61,48.99,48.44,48.95,6500,48.91
2010-08-13,48.84,49.28,48.84,49.01,25300,48.97
2010-08-12,49.10,49.27,48.18,49.20,4300,49.16
2010-08-11,50.35,50.35,49.40,49.42,12200,49.38
2010-08-10,50.95,52.10,50.63,50.95,9900,50.90
2010-08-09,51.37,51.45,51.07,51.37,9200,51.32
2010-08-06,50.66,51.07,50.44,51.00,3400,50.95
2010-08-05,51.11,51.21,51.07,51.10,2600,51.05
2010-08-04,51.18,51.45,51.18,51.45,7900,51.40
2010-08-03,51.11,51.16,50.58,51.16,53000,51.11
2010-08-02,50.75,51.35,50.75,51.35,3200,51.30
2010-07-30,49.82,50.35,49.82,50.25,10600,50.20
2010-07-29,50.56,50.87,49.91,50.37,5200,50.32
2010-07-28,50.65,50.67,50.26,50.40,1700,50.35
2010-07-27,51.11,51.11,50.65,50.82,44100,50.77
2010-07-26,50.27,50.64,50.19,50.61,22500,50.56
2010-07-23,49.53,50.14,49.51,50.14,7300,50.09
2010-07-22,49.50,49.80,49.50,49.65,3100,49.60
2010-07-21,49.77,49.77,48.72,48.76,2900,48.72
2010-07-20,48.37,49.38,48.23,49.33,17800,49.29
2010-07-19,48.46,48.89,48.46,48.85,6700,48.81
2010-07-16,49.86,49.86,48.65,48.68,11900,48.64
2010-07-15,49.91,50.19,49.43,50.19,5500,50.14
2010-07-14,49.96,51.26,49.91,50.01,12900,49.96
2010-07-13,49.66,50.26,49.65,50.08,88700,50.03
2010-07-12,49.20,49.40,49.03,49.31,5700,49.27
2010-07-09,48.93,49.00,48.78,49.00,1300,48.96
2010-07-08,48.85,48.85,48.39,48.79,5400,48.75
2010-07-07,47.43,48.17,47.03,48.17,13700,48.13
2010-07-06,47.33,47.57,46.59,46.90,7500,46.86
2010-07-02,46.60,47.06,46.36,46.72,13000,46.68
2010-07-01,46.20,47.14,46.12,46.90,47500,46.86
2010-06-30,47.39,47.71,46.89,46.96,4000,46.92
2010-06-29,48.33,48.36,47.22,47.23,15400,47.19
2010-06-28,49.15,49.41,48.79,49.03,12900,48.99
2010-06-25,49.10,49.31,48.64,49.13,8300,49.09
2010-06-24,49.55,49.65,48.93,48.93,11900,48.89
2010-06-23,50.04,50.04,49.14,49.84,10400,49.79
2010-06-22,50.67,50.84,50.15,50.15,29800,50.10
2010-06-21,51.50,51.50,50.58,50.80,4400,50.63
2010-06-18,51.04,51.07,51.00,51.07,800,50.90
2010-06-17,51.15,51.15,50.60,51.01,20500,50.84
2010-06-16,50.57,50.95,50.54,50.88,19300,50.71
2010-06-15,50.00,50.84,50.00,50.84,8500,50.67
2010-06-14,49.99,50.38,49.90,50.08,5600,49.91
2010-06-11,49.20,49.56,49.07,49.38,16400,49.21
2010-06-10,49.20,49.56,48.93,49.52,18600,49.35
2010-06-09,48.61,49.02,48.05,48.06,5100,47.90
2010-06-08,48.03,48.47,47.67,48.47,10200,48.31
2010-06-07,48.67,48.80,47.95,47.95,11100,47.79
2010-06-04,49.33,49.65,48.49,48.62,72800,48.46
2010-06-03,50.23,50.40,49.89,50.24,9000,50.07
2010-06-02,49.21,49.85,48.97,49.85,6700,49.68
2010-06-01,49.49,50.00,48.85,48.85,12100,48.68
2010-05-28,50.47,50.47,49.70,50.04,14300,49.87
2010-05-27,49.70,50.38,49.44,50.38,76500,50.21
2010-05-26,49.20,49.72,48.55,48.67,283500,48.51
2010-05-25,47.85,48.96,47.50,48.96,70700,48.79
2010-05-24,49.55,49.55,49.41,49.41,2600,49.24
2010-05-21,48.14,49.61,46.55,49.53,37300,49.36
2010-05-20,49.67,49.78,48.88,48.88,95800,48.71
2010-05-19,50.66,51.02,49.84,50.71,46500,50.54
2010-05-18,52.05,52.14,50.82,50.95,32700,50.78
2010-05-17,51.63,51.73,50.77,51.71,10000,51.53
2010-05-14,52.09,52.09,51.19,51.53,62100,51.36
2010-05-13,52.92,53.24,52.50,52.50,10100,52.32
2010-05-12,52.73,53.14,52.68,53.08,6600,52.90
2010-05-11,51.94,53.10,51.94,52.47,33100,52.29
2010-05-10,52.88,52.88,52.01,52.42,37300,52.24
2010-05-07,51.00,51.22,49.98,50.60,14500,50.43
2010-05-06,52.79,53.06,45.00,51.13,58600,50.96
2010-05-05,53.00,53.50,52.74,53.15,18900,52.97
2010-05-04,54.03,54.03,53.15,53.36,12600,53.18
2010-05-03,54.33,54.74,54.11,54.66,9500,54.47
2010-04-30,54.97,55.02,54.00,54.00,38400,53.82
2010-04-29,54.60,55.00,54.55,54.85,27600,54.66
2010-04-28,54.00,54.35,53.37,54.14,53000,53.96
2010-04-27,54.79,54.98,53.71,53.79,37000,53.61
2010-04-26,55.40,55.51,55.23,55.26,16800,55.07
2010-04-23,55.15,55.42,55.05,55.40,23600,55.21
2010-04-22,54.81,55.23,54.42,55.20,48000,55.01
2010-04-21,55.15,55.27,54.76,55.06,71600,54.87
2010-04-20,55.03,55.16,54.84,55.11,44400,54.92
2010-04-19,53.31,54.63,53.17,54.63,44800,54.45
2010-04-16,55.28,55.28,54.20,54.46,32700,54.28
2010-04-15,55.27,55.53,55.21,55.45,45600,55.26
2010-04-14,54.92,55.30,54.81,55.28,49100,55.09
2010-04-13,54.52,54.70,54.21,54.65,42900,54.47
2010-04-12,54.49,54.64,54.43,54.58,33600,54.40
2010-04-09,54.19,54.46,54.11,54.44,20200,54.26
2010-04-08,53.74,54.27,53.63,54.23,35000,54.05
2010-04-07,54.03,54.22,53.81,53.93,20300,53.75
2010-04-06,53.97,54.27,53.97,54.17,9700,53.99
2010-04-05,53.71,54.10,53.67,54.08,28700,53.90
2010-04-01,53.80,53.83,53.37,53.61,11400,53.43
2010-03-31,53.34,53.54,53.19,53.34,7400,53.16
2010-03-30,53.47,53.68,53.29,53.54,7900,53.36
2010-03-29,53.49,53.53,53.32,53.52,10400,53.34
2010-03-26,53.34,53.47,52.16,53.15,7100,52.97
2010-03-25,53.65,53.77,53.18,53.18,8500,53.00
2010-03-24,53.48,53.48,53.15,53.28,3300,53.10
2010-03-23,53.57,53.68,53.23,53.66,38700,53.46
2010-03-22,52.73,53.30,52.72,53.27,10300,53.07
2010-03-19,53.20,53.20,52.67,52.84,5600,52.64
2010-03-18,53.09,53.22,52.93,53.14,5000,52.94
2010-03-17,52.97,53.25,52.95,53.05,10000,52.85
2010-03-16,52.19,52.83,52.19,52.76,6400,52.56
2010-03-15,52.24,52.34,51.94,52.26,5700,52.06
2010-03-12,52.42,52.42,52.23,52.24,6500,52.04
2010-03-11,52.05,52.38,52.00,52.38,10400,52.18
2010-03-10,51.95,52.18,51.95,52.14,77600,51.94
2010-03-09,51.64,52.00,51.62,51.78,9500,51.58
2010-03-08,51.79,51.85,51.72,51.79,10400,51.59
2010-03-05,51.27,51.79,51.27,51.79,6800,51.59
2010-03-04,51.12,51.12,50.82,51.10,9200,50.91
2010-03-03,51.04,51.23,50.74,50.84,16200,50.65
2010-03-02,51.00,51.06,50.80,50.87,191300,50.68
2010-03-01,50.49,50.76,50.39,50.73,50100,50.54
2010-02-26,49.82,50.37,49.82,50.20,262000,50.01
2010-02-25,49.55,49.97,49.33,49.97,12900,49.78
2010-02-24,49.75,50.06,49.68,50.06,8300,49.87
2010-02-23,50.08,50.17,49.50,49.60,23000,49.41
2010-02-22,50.16,50.35,50.08,50.09,4600,49.90
2010-02-19,50.32,50.32,50.17,50.22,3100,50.03
2010-02-18,49.81,50.14,49.69,50.13,3400,49.94
2010-02-17,49.76,49.77,49.63,49.77,1600,49.58
2010-02-16,50.50,50.50,48.92,49.51,13700,49.32
2010-02-12,48.17,48.69,47.48,48.69,18400,48.51
2010-02-11,48.31,48.77,48.06,48.70,19400,48.52
2010-02-10,48.34,48.47,47.97,48.29,6400,48.11
2010-02-09,48.27,48.66,48.08,48.38,15800,48.20
2010-02-08,48.32,48.40,46.96,47.88,19500,47.70
2010-02-05,48.21,48.26,47.31,48.26,15800,48.08
2010-02-04,49.20,49.20,48.20,48.20,27100,48.02
2010-02-03,49.71,49.80,49.46,49.72,18100,49.53
2010-02-02,49.31,49.83,49.23,49.83,6200,49.64
2010-02-01,48.81,49.14,48.79,49.14,15600,48.95
2010-01-29,49.25,49.59,48.60,48.68,15000,48.50
2010-01-28,49.70,49.70,48.85,49.10,7100,48.91
2010-01-27,49.40,49.69,49.09,49.69,18900,49.50
2010-01-26,49.25,49.81,49.25,49.32,9600,49.13
2010-01-25,49.67,49.69,49.35,49.46,20300,49.27
2010-01-22,50.15,50.25,49.26,49.35,10000,49.16
2010-01-21,51.43,51.43,50.15,50.29,13400,50.10
2010-01-20,51.41,51.41,50.77,51.16,11400,50.97
2010-01-19,51.15,51.69,50.99,51.67,11800,51.47
2010-01-15,51.62,51.62,51.04,51.14,4200,50.95
2010-01-14,53.11,53.11,51.53,51.72,4200,51.52
2010-01-13,51.23,51.70,51.20,51.68,8100,51.48
2010-01-12,51.42,51.49,51.08,51.26,20800,51.07
2010-01-11,51.68,51.68,51.43,51.65,4400,51.46
2010-01-08,51.30,51.37,51.10,51.33,7800,51.14
2010-01-07,51.17,51.42,51.09,51.38,12800,51.19
2010-01-06,51.12,51.29,51.05,51.18,13600,50.99
2010-01-05,50.96,51.12,50.85,51.10,11700,50.91
2010-01-04,50.58,50.92,50.39,50.87,10900,50.68
2009-12-31,50.66,50.66,50.15,50.15,4900,49.96
2009-12-30,50.60,50.63,50.49,50.63,3200,50.44
2009-12-29,50.86,50.86,50.75,50.78,2900,50.59
2009-12-28,50.80,50.80,50.60,50.71,4800,50.52
2009-12-24,50.51,50.69,50.43,50.69,34000,50.50
2009-12-23,50.46,50.46,50.24,50.41,9800,50.22
2009-12-22,50.16,50.39,50.16,50.36,12100,50.04
2009-12-21,49.03,50.23,49.03,50.08,87900,49.76
2009-12-18,49.61,49.62,49.25,49.60,7500,49.29
2009-12-17,49.63,49.63,49.27,49.27,7100,48.96
2009-12-16,50.04,50.19,49.85,49.89,12200,49.57
2009-12-15,49.96,50.00,49.74,49.86,6300,49.54
2009-12-14,50.04,50.21,49.85,50.21,17400,49.89
2009-12-11,49.70,49.76,49.49,49.65,12500,49.33
2009-12-10,49.48,49.58,49.46,49.49,10300,49.18
2009-12-09,48.75,49.17,48.68,49.17,259900,48.86
2009-12-08,49.31,49.31,48.86,48.94,6000,48.63
2009-12-07,49.64,49.80,49.63,49.69,11200,49.37
2009-12-04,49.94,50.08,49.24,49.55,15500,49.24
2009-12-03,49.90,50.03,49.23,49.32,9400,49.01
2009-12-02,49.74,49.97,49.56,49.71,11700,49.39
2009-12-01,49.58,49.76,49.43,49.64,7300,49.32
2009-11-30,48.91,49.11,48.67,49.08,40700,48.77
2009-11-27,48.69,49.18,48.60,48.98,21100,48.67
2009-11-25,49.76,49.76,49.54,49.68,6100,49.36
2009-11-24,49.61,49.66,48.10,49.66,13400,49.34
2009-11-23,49.52,49.80,49.41,49.55,46300,49.24
2009-11-20,48.87,49.05,48.69,49.05,12600,48.74
2009-11-19,49.26,49.26,48.81,49.05,13500,48.74
2009-11-18,49.93,49.93,49.47,49.82,10300,49.50
2009-11-17,49.57,49.89,49.40,49.89,14700,49.57
2009-11-16,49.49,50.03,49.49,49.84,26300,49.52
2009-11-13,49.10,49.33,48.86,49.22,17100,48.91
2009-11-12,49.19,49.52,48.81,48.90,31200,48.59
2009-11-11,49.49,49.74,49.20,49.41,12100,49.10
2009-11-10,49.11,49.15,48.91,49.14,16900,48.83
2009-11-09,48.34,49.26,48.34,49.26,17000,48.95
2009-11-06,47.69,48.11,47.68,48.05,14100,47.75
2009-11-05,47.34,47.85,47.34,47.85,23900,47.55
2009-11-04,47.77,47.77,46.81,47.04,24000,46.74
2009-11-03,46.44,47.10,46.44,47.10,16500,46.80
2009-11-02,46.72,47.14,46.36,47.00,23400,46.70
2009-10-30,47.70,47.71,46.48,46.57,13900,46.27
2009-10-29,47.09,47.91,47.04,47.88,7500,47.58
2009-10-28,47.55,47.55,46.77,46.77,23200,46.47
2009-10-27,48.06,48.09,47.79,47.79,13800,47.49
2009-10-26,48.46,48.91,47.88,47.93,10600,47.63
2009-10-23,49.05,49.13,48.30,48.46,17300,48.15
2009-10-22,48.35,49.10,48.18,48.96,20500,48.65
2009-10-21,48.84,49.15,48.33,48.34,17200,48.03
2009-10-20,49.22,49.22,48.60,48.81,17500,48.50
2009-10-19,49.05,49.29,48.73,49.17,17200,48.86
2009-10-16,48.71,48.90,48.46,48.70,26200,48.39
2009-10-15,48.85,49.08,48.62,49.08,22600,48.77
2009-10-14,48.69,48.96,48.49,48.96,16900,48.65
2009-10-13,48.04,48.24,47.91,48.21,17000,47.90
2009-10-12,48.39,48.44,48.16,48.36,1300,48.05
2009-10-09,47.68,48.04,47.68,48.04,22700,47.74
2009-10-08,47.69,48.00,47.65,47.78,11200,47.48
2009-10-07,47.28,47.42,47.20,47.40,6000,47.10
2009-10-06,46.97,47.52,46.97,47.36,13800,47.06
2009-10-05,46.04,46.67,45.96,46.60,17700,46.30
2009-10-02,45.67,46.11,45.67,45.87,31600,45.58
2009-10-01,47.25,47.25,46.13,46.18,62300,45.89
2009-09-30,47.60,47.62,46.93,47.38,16200,47.08
2009-09-29,47.57,47.82,47.38,47.52,28200,47.22
2009-09-28,47.32,47.49,47.28,47.44,3100,47.14
2009-09-25,46.63,46.94,46.40,46.56,45200,46.26
2009-09-24,47.37,47.39,46.64,46.76,45800,46.46
2009-09-23,47.75,48.16,47.37,47.38,70900,46.99
2009-09-22,47.86,47.86,47.51,47.70,51900,47.31
2009-09-21,47.29,50.19,47.05,47.41,35200,47.02
2009-09-18,47.50,47.75,47.43,47.59,6300,47.20
2009-09-17,47.64,47.82,47.27,47.42,44300,47.03
2009-09-16,47.20,47.58,47.00,47.54,24700,47.15
2009-09-15,46.90,47.07,46.71,46.97,45800,46.59
2009-09-14,46.24,46.77,46.24,46.77,34900,46.39
2009-09-11,46.68,46.79,46.40,46.56,37200,46.18
2009-09-10,46.23,46.60,45.87,46.58,24300,46.20
2009-09-09,45.63,46.18,45.61,46.12,46100,45.74
2009-09-08,45.67,45.67,45.42,45.61,80600,45.24
2009-09-04,44.60,45.16,44.59,45.16,15800,44.79
2009-09-03,44.34,44.63,44.34,44.63,500,44.26
2009-09-02,44.23,44.50,44.10,44.21,99400,43.85
2009-09-01,45.22,45.69,44.44,44.44,93700,44.08
2009-08-31,45.34,45.34,45.10,45.23,5800,44.86
2009-08-28,45.95,46.10,45.42,45.70,49500,45.33
2009-08-27,45.52,45.87,45.18,45.81,47300,45.43
2009-08-26,45.60,45.88,45.41,45.68,77300,45.31
2009-08-25,45.81,46.12,45.56,45.62,000,45.25
2009-08-24,45.91,45.96,45.43,45.49,000,45.12
2009-08-21,45.00,45.65,45.00,45.65,000,45.28
2009-08-20,44.32,44.66,44.32,44.66,000,44.29
2009-08-19,43.75,44.38,43.74,44.24,000,43.88
2009-08-18,43.58,43.98,42.60,43.93,000,43.57
2009-08-17,43.87,43.87,43.39,43.56,000,43.20
2009-08-14,45.00,45.00,44.11,44.44,000,44.08
2009-08-13,45.10,45.10,44.41,44.87,000,44.50
2009-08-12,43.95,44.89,43.95,44.58,000,44.21
2009-08-11,44.52,44.52,44.04,44.17,000,43.81
2009-08-10,44.53,44.74,44.34,44.38,000,44.02
2009-08-07,44.60,45.03,44.41,44.82,000,44.45
2009-08-06,44.56,44.56,43.37,44.24,000,43.88
2009-08-05,44.60,44.69,44.17,44.56,000,44.19
2009-08-04,44.41,44.59,44.16,44.53,000,44.17
2009-08-03,44.38,46.25,44.03,44.46,000,44.10
2009-07-31,42.60,44.21,42.60,43.80,000,43.44
2009-07-30,43.76,44.29,42.17,43.81,000,43.45
2009-07-29,43.32,43.52,43.10,43.36,000,43.00
2009-07-28,43.48,43.54,43.00,43.50,000,43.14
2009-07-27,43.40,43.57,43.15,43.50,000,43.14
2009-07-24,43.15,43.45,42.85,43.42,000,43.06
2009-07-23,42.37,43.40,42.33,43.28,000,42.93
2009-07-22,42.11,42.53,42.11,42.27,000,41.92
2009-07-21,42.24,42.32,41.92,42.32,000,41.97
2009-07-20,41.99,42.07,41.72,42.07,000,41.73
2009-07-17,41.75,41.83,41.50,41.71,000,41.37
2009-07-16,41.25,41.86,41.15,41.71,000,41.37
2009-07-15,40.77,41.45,40.76,41.45,000,41.11
2009-07-14,40.00,40.41,39.90,40.17,000,39.84