2011-05-10,22.81,22.98,22.76,22.97,106900,22.97
2011-05-09,22.61,22.74,22.45,22.72,87000,22.72
2011-05-06,22.63,22.91,22.46,22.53,97200,22.53
2011-05-05,22.55,22.65,22.18,22.27,971600,22.27
2011-05-04,23.01,23.05,22.66,22.82,96000,22.82
2011-05-03,23.25,23.25,22.94,23.10,93500,23.10
2011-05-02,23.56,23.56,23.28,23.34,109000,23.34
2011-04-29,23.35,23.41,23.27,23.35,58000,23.35
2011-04-28,23.26,23.45,23.26,23.44,92200,23.44
2011-04-27,23.24,23.36,23.09,23.35,46400,23.35
2011-04-26,23.08,23.30,23.03,23.22,53400,23.22
2011-04-25,23.21,23.21,22.90,23.02,101700,23.02
2011-04-21,23.17,23.22,23.04,23.20,176600,23.20
2011-04-20,23.05,23.12,22.90,22.98,255200,22.98
2011-04-19,22.52,22.78,22.52,22.76,63800,22.76
2011-04-18,22.69,22.69,22.23,22.47,281900,22.47
2011-04-15,22.88,23.03,22.88,22.95,136200,22.95
2011-04-14,22.70,22.93,22.68,22.89,89200,22.89
2011-04-13,22.86,22.94,22.60,22.71,112600,22.71
2011-04-12,22.79,22.85,22.60,22.74,116000,22.74
2011-04-11,23.12,23.17,22.90,22.95,70500,22.95
2011-04-08,23.46,23.46,23.09,23.16,296700,23.16
2011-04-07,23.27,23.28,22.96,23.19,716400,23.19
2011-04-06,23.41,23.43,23.23,23.33,77600,23.33
2011-04-05,23.19,23.38,23.16,23.29,140200,23.29
2011-04-04,23.51,23.51,23.30,23.38,191600,23.38
2011-04-01,23.25,23.41,23.08,23.39,258600,23.39
2011-03-31,22.99,23.26,22.99,23.23,384300,23.23
2011-03-30,22.96,23.05,22.87,23.00,390900,23.00
2011-03-29,22.40,22.65,22.32,22.64,311800,22.64
2011-03-28,22.33,22.48,22.33,22.42,48400,22.42
2011-03-25,22.41,22.55,22.29,22.38,277200,22.38
2011-03-24,22.30,22.45,22.16,22.43,79500,22.43
2011-03-23,22.10,22.27,21.96,22.18,106700,22.18
2011-03-22,22.27,22.27,22.05,22.12,116100,22.12
2011-03-21,22.00,22.22,22.00,22.19,264500,22.19
2011-03-18,21.74,21.78,21.57,21.70,125800,21.70
2011-03-17,21.10,21.40,21.10,21.33,252200,21.33
2011-03-16,21.16,21.17,20.39,20.62,139700,20.62
2011-03-15,20.88,21.51,20.56,21.33,171700,21.33
2011-03-14,21.58,21.73,21.45,21.70,73400,21.70
2011-03-11,21.36,21.81,21.26,21.78,137600,21.78
2011-03-10,21.71,21.72,21.48,21.49,122200,21.49
2011-03-09,22.06,22.10,21.95,22.03,110100,22.03
2011-03-08,22.09,22.23,21.94,22.05,205200,22.05
2011-03-07,22.17,22.41,21.96,22.03,47900,22.03
2011-03-04,22.43,22.44,22.05,22.22,93400,22.22
2011-03-03,22.31,22.52,22.28,22.49,177500,22.49
2011-03-02,21.93,22.14,21.93,22.07,56200,22.07
2011-03-01,22.32,22.39,21.86,21.92,77100,21.92
2011-02-28,22.32,22.39,22.21,22.29,96100,22.29
2011-02-25,22.05,22.16,21.99,22.16,45700,22.16
2011-02-24,21.87,21.94,21.66,21.86,108000,21.86
2011-02-23,21.89,22.03,21.59,21.81,319800,21.81
2011-02-22,22.30,22.35,21.87,21.94,158600,21.94
2011-02-18,22.57,22.57,22.40,22.46,63800,22.46
2011-02-17,22.35,22.63,22.35,22.60,63700,22.60
2011-02-16,22.42,22.58,22.42,22.56,61100,22.56
2011-02-15,22.46,22.49,22.35,22.37,107900,22.37
2011-02-14,22.54,22.54,22.43,22.53,32200,22.53
2011-02-11,22.33,22.54,22.23,22.54,76400,22.54
2011-02-10,22.30,22.34,22.12,22.34,60400,22.34
2011-02-09,22.48,22.48,22.26,22.42,89600,22.42
2011-02-08,22.52,22.56,22.34,22.38,289800,22.38
2011-02-07,22.12,22.56,22.12,22.55,64600,22.55
2011-02-04,22.43,22.43,22.19,22.36,114100,22.36
2011-02-03,22.31,22.38,22.12,22.38,78300,22.38
2011-02-02,22.48,22.48,22.29,22.40,119000,22.40
2011-02-01,22.34,22.65,22.26,22.63,174600,22.63
2011-01-31,22.00,22.22,22.00,22.10,43100,22.10
2011-01-28,22.39,22.39,21.87,21.90,111200,21.90
2011-01-27,22.39,22.45,22.25,22.43,56700,22.43
2011-01-26,22.24,22.42,22.19,22.34,192900,22.34
2011-01-25,22.01,22.16,21.91,22.16,150400,22.16
2011-01-24,21.78,21.98,21.78,21.97,160800,21.97
2011-01-21,21.50,21.61,21.44,21.53,48100,21.53
2011-01-20,21.28,21.31,21.03,21.22,44100,21.22
2011-01-19,21.63,21.63,21.27,21.31,21800,21.31
2011-01-18,21.59,21.59,21.45,21.57,78400,21.57
2011-01-14,21.40,21.52,21.33,21.50,43800,21.50
2011-01-13,21.47,21.55,21.38,21.41,68000,21.41
2011-01-12,21.19,21.38,21.19,21.38,38100,21.38
2011-01-11,20.93,21.02,20.88,21.02,26200,21.02
2011-01-10,20.75,20.82,20.58,20.82,45100,20.82
2011-01-07,20.93,21.03,20.68,20.92,163000,20.92
2011-01-06,21.11,21.11,20.86,20.90,277700,20.90
2011-01-05,20.89,21.12,20.89,21.07,108300,21.07
2011-01-04,21.03,21.03,20.76,20.90,93000,20.90
2011-01-03,20.83,21.05,20.83,20.96,166700,20.96
2010-12-31,20.59,20.70,20.56,20.63,29300,20.63
2010-12-30,20.64,20.64,20.49,20.55,42500,20.55
2010-12-29,20.46,20.65,20.46,20.63,64400,20.63
2010-12-28,20.40,20.42,20.35,20.41,71500,20.41
2010-12-27,20.36,20.42,20.24,20.41,31900,20.41
2010-12-23,20.86,20.99,20.86,20.95,38300,20.36
2010-12-22,20.89,21.01,20.89,21.00,43800,20.40
2010-12-21,20.75,20.85,20.75,20.83,57600,20.24
2010-12-20,20.43,20.50,20.35,20.48,139900,19.90
2010-12-17,20.42,20.50,20.33,20.48,38100,19.90
2010-12-16,20.55,20.55,20.40,20.55,36700,19.97
2010-12-15,20.68,20.76,20.48,20.54,41800,19.96
2010-12-14,20.84,20.98,20.77,20.80,28900,20.21
2010-12-13,20.73,20.95,20.73,20.85,29200,20.26
2010-12-10,20.58,20.72,20.53,20.69,95700,20.10
2010-12-09,20.68,20.68,20.45,20.57,38700,19.99
2010-12-08,20.62,20.72,20.50,20.64,38800,20.05
2010-12-07,20.97,20.97,20.58,20.64,495100,20.05
2010-12-06,20.69,20.77,20.60,20.73,1021600,20.14
2010-12-03,20.48,20.83,20.48,20.83,59000,20.24
2010-12-02,20.07,20.65,20.05,20.65,33200,20.06
2010-12-01,19.84,20.05,19.81,19.95,142000,19.38
2010-11-30,19.43,19.62,19.39,19.53,42300,18.98
2010-11-29,19.67,19.80,19.42,19.76,45700,19.20
2010-11-26,19.86,19.87,19.79,19.85,18600,19.29
2010-11-24,20.04,20.19,19.95,20.18,85200,19.61
2010-11-23,19.98,20.06,19.79,19.84,51600,19.28
2010-11-22,20.30,20.41,20.15,20.37,51100,19.79
2010-11-19,20.46,20.55,20.31,20.55,89000,19.97
2010-11-18,20.34,20.53,20.34,20.48,21100,19.90
2010-11-17,19.97,20.23,19.97,20.09,23200,19.52
2010-11-16,20.23,20.24,19.82,19.90,106800,19.34
2010-11-15,20.53,20.76,20.45,20.45,59200,19.87
2010-11-12,20.77,20.82,20.42,20.53,32300,19.95
2010-11-11,20.92,20.92,20.71,20.86,46900,20.27
2010-11-10,20.90,20.99,20.72,20.99,40400,20.39
2010-11-09,21.21,21.26,20.70,20.78,170200,20.19
2010-11-08,20.91,21.04,20.78,21.03,279900,20.43
2010-11-05,21.01,21.07,20.90,20.98,99200,20.39
2010-11-04,20.82,21.17,20.82,21.17,297400,20.57
2010-11-03,20.67,20.78,20.47,20.76,57900,20.17
2010-11-02,20.52,20.67,20.52,20.53,37100,19.95
2010-11-01,20.50,20.59,20.25,20.39,18600,19.81
2010-10-29,20.24,20.42,20.19,20.40,27400,19.82
2010-10-28,20.29,20.29,20.10,20.24,14500,19.67
2010-10-27,20.22,20.39,20.11,20.29,32700,19.71
2010-10-26,20.44,20.45,20.32,20.39,29600,19.81
2010-10-25,20.63,20.66,20.46,20.47,54500,19.89
2010-10-22,20.25,20.36,20.25,20.35,16400,19.77
2010-10-21,20.27,20.40,20.04,20.23,31400,19.66
2010-10-20,19.76,20.16,19.76,20.09,16100,19.52
2010-10-19,19.81,19.85,19.51,19.62,76900,19.06
2010-10-18,19.97,20.13,19.87,20.11,21500,19.54
2010-10-15,20.05,20.18,19.87,19.94,63100,19.37
2010-10-14,20.07,20.21,19.98,20.05,75800,19.48
2010-10-13,19.98,20.19,19.87,20.04,71000,19.47
2010-10-12,19.67,19.87,19.54,19.85,91400,19.29
2010-10-11,19.92,19.92,19.79,19.85,30800,19.29
2010-10-08,19.66,19.87,19.63,19.84,18200,19.28
2010-10-07,19.97,19.97,19.63,19.68,24100,19.12
2010-10-06,19.75,19.84,19.73,19.82,36700,19.26
2010-10-05,19.44,19.79,19.42,19.75,60500,19.19
2010-10-04,19.30,19.30,18.96,19.08,45900,18.54
2010-10-01,19.54,19.57,19.40,19.52,112700,18.97
2010-09-30,19.51,19.54,19.16,19.30,41200,18.75
2010-09-29,19.31,19.43,19.23,19.32,120300,18.77
2010-09-28,19.05,19.31,18.96,19.30,38500,18.75
2010-09-27,19.21,19.21,18.99,19.03,26700,18.49
2010-09-24,18.86,19.13,18.86,19.13,38500,18.59
2010-09-23,18.63,18.74,18.48,18.57,101200,18.04
2010-09-22,19.04,19.10,18.80,18.83,33000,18.30
2010-09-21,19.15,19.16,18.85,18.99,96100,18.45
2010-09-20,19.09,19.09,18.85,19.07,47300,18.53
2010-09-17,19.00,19.14,18.92,18.97,30900,18.43
2010-09-16,19.00,19.04,18.94,19.04,32800,18.50
2010-09-15,19.04,19.07,18.96,19.04,181300,18.50
2010-09-14,19.06,19.19,18.98,19.13,25600,18.59
2010-09-13,19.01,19.09,18.93,19.05,22400,18.51
2010-09-10,18.61,18.74,18.61,18.69,11000,18.16
2010-09-09,18.77,18.84,18.57,18.62,27800,18.09
2010-09-08,18.59,18.68,18.55,18.60,29600,18.07
2010-09-07,18.68,18.68,18.44,18.47,21700,17.95
2010-09-03,18.79,18.87,18.71,18.77,62200,18.24
2010-09-02,18.59,18.71,18.49,18.71,71000,18.18
2010-09-01,18.03,18.44,18.03,18.38,80600,17.86
2010-08-31,17.60,17.82,17.59,17.73,39200,17.23
2010-08-30,17.90,17.90,17.72,17.72,33200,17.22
2010-08-27,17.70,17.97,17.62,17.91,55400,17.40
2010-08-26,17.70,17.80,17.54,17.56,29300,17.06
2010-08-25,17.41,17.63,17.26,17.58,36900,17.08
2010-08-24,17.72,17.72,17.54,17.55,74200,17.05
2010-08-23,18.12,18.20,17.99,17.99,28600,17.48
2010-08-20,18.15,18.17,17.96,18.12,18700,17.61
2010-08-19,18.77,18.77,18.30,18.40,191700,17.88
2010-08-18,18.73,18.86,18.62,18.78,19600,18.25
2010-08-17,18.50,18.83,18.50,18.73,31900,18.20
2010-08-16,18.08,18.37,18.08,18.27,38600,17.75
2010-08-13,18.28,18.34,18.22,18.25,50700,17.73
2010-08-12,18.03,18.28,17.91,18.24,196600,17.72
2010-08-11,18.53,18.54,18.11,18.11,64400,17.60
2010-08-10,18.98,19.09,18.75,19.02,43600,18.48
2010-08-09,19.33,19.36,19.26,19.32,16400,18.77
2010-08-06,19.06,19.24,19.02,19.23,35300,18.68
2010-08-05,19.22,19.27,19.15,19.27,32600,18.72
2010-08-04,19.18,19.27,19.12,19.27,44900,18.72
2010-08-03,19.17,19.19,19.00,19.08,70100,18.54
2010-08-02,19.02,19.22,18.95,19.20,108400,18.66
2010-07-30,18.43,18.64,18.43,18.62,94900,18.09
2010-07-29,18.84,18.84,18.46,18.55,36900,18.02
2010-07-28,18.68,18.75,18.55,18.65,128400,18.12
2010-07-27,19.02,19.02,18.71,18.82,122600,18.29
2010-07-26,18.56,18.88,18.56,18.87,179100,18.33
2010-07-23,18.40,18.66,18.24,18.66,189800,18.13
2010-07-22,18.04,18.46,18.04,18.40,49400,17.88
2010-07-21,18.05,18.11,17.69,17.75,41800,17.25
2010-07-20,17.54,17.91,17.40,17.91,235000,17.40
2010-07-19,17.53,17.61,17.35,17.57,48200,17.07
2010-07-16,17.77,17.77,17.38,17.41,81900,16.92
2010-07-15,17.87,17.97,17.70,17.93,33500,17.42
2010-07-14,17.96,17.98,17.79,17.89,57300,17.38
2010-07-13,17.81,18.00,17.79,17.91,37700,17.40
2010-07-12,17.62,17.70,17.48,17.55,65300,17.05
2010-07-09,17.59,17.73,17.59,17.73,19800,17.23
2010-07-08,17.45,17.64,17.38,17.63,31900,17.13
2010-07-07,17.07,17.43,17.02,17.43,115800,16.94
2010-07-06,17.15,17.32,16.88,17.00,265300,16.52
2010-07-02,16.99,17.10,16.74,16.83,34800,16.35
2010-07-01,16.91,17.07,16.65,16.96,185300,16.48
2010-06-30,17.03,17.23,16.91,16.94,20200,16.46
2010-06-29,17.40,17.43,16.94,17.08,320400,16.60
2010-06-28,17.84,17.97,17.68,17.82,31500,17.31
2010-06-25,17.84,18.05,17.76,18.03,16700,17.52
2010-06-24,18.25,18.25,17.80,17.80,46000,17.30
2010-06-23,18.32,18.32,18.00,18.32,45500,17.80
2010-06-22,18.64,18.68,18.17,18.18,25200,17.66
2010-06-21,18.84,18.84,18.41,18.55,125400,18.02
2010-06-18,18.28,18.55,18.28,18.48,36800,17.96
2010-06-17,18.34,18.37,18.12,18.37,12800,17.85
2010-06-16,18.27,18.40,18.16,18.28,168500,17.76
2010-06-15,18.31,18.59,18.24,18.46,428300,17.94
2010-06-14,18.31,18.44,18.04,18.13,77700,17.62
2010-06-11,17.65,18.04,17.55,18.04,38000,17.53
2010-06-10,17.52,17.76,17.43,17.76,28900,17.26
2010-06-09,17.01,17.32,16.93,16.94,31000,16.46
2010-06-08,16.63,16.95,16.61,16.93,64400,16.45
2010-06-07,17.00,17.10,16.67,16.67,115000,16.20
2010-06-04,17.30,17.44,16.98,16.98,64800,16.50
2010-06-03,17.93,17.96,17.58,17.76,177100,17.26
2010-06-02,17.47,17.87,17.37,17.87,87100,17.36
2010-06-01,17.59,17.87,17.20,17.21,166400,16.72
2010-05-28,17.85,17.86,17.49,17.65,34900,17.15
2010-05-27,17.42,17.88,17.42,17.88,121400,17.37
2010-05-26,17.26,17.49,16.94,17.05,51400,16.57
2010-05-25,16.61,17.14,16.48,17.14,79800,16.65
2010-05-24,17.36,17.56,17.18,17.18,27900,16.69
2010-05-21,17.00,17.51,16.78,17.49,194200,16.99
2010-05-20,17.31,17.52,17.02,17.10,77000,16.62
2010-05-19,17.90,18.04,17.57,17.94,47300,17.43
2010-05-18,18.56,18.79,17.97,18.04,30700,17.53
2010-05-17,18.37,18.47,17.94,18.39,19400,17.87
2010-05-14,18.50,18.50,18.14,18.31,55200,17.79
2010-05-13,18.97,18.97,18.63,18.69,183800,18.16
2010-05-12,18.79,19.04,18.74,19.04,73300,18.50
2010-05-11,18.76,18.80,18.35,18.52,82500,17.99
2010-05-10,18.51,18.95,18.43,18.65,52100,18.12
2010-05-07,17.76,17.97,17.34,17.51,484800,17.01
2010-05-06,18.40,19.05,8.00,17.85,212800,17.34
2010-05-05,18.55,18.91,18.38,18.53,1010300,18.00
2010-05-04,19.51,19.52,18.86,18.90,52900,18.36
2010-05-03,19.69,19.94,19.67,19.93,174000,19.36
2010-04-30,20.00,20.00,19.57,19.57,127000,19.02
2010-04-29,19.72,19.86,19.68,19.86,190400,19.30
2010-04-28,19.75,19.75,19.34,19.41,197800,18.86
2010-04-27,20.25,20.25,19.51,19.54,143500,18.99
2010-04-26,20.55,20.65,20.42,20.45,67900,19.87
2010-04-23,20.23,20.51,20.23,20.47,222200,19.89
2010-04-22,19.81,20.23,19.78,20.19,53000,19.62
2010-04-21,19.77,20.07,19.77,20.03,38800,19.46
2010-04-20,19.81,19.91,19.71,19.89,271900,19.33
2010-04-19,19.40,19.62,19.26,19.61,78700,19.05
2010-04-16,19.86,19.86,19.36,19.58,342800,19.02
2010-04-15,19.89,19.98,19.84,19.93,92100,19.36
2010-04-14,19.77,19.97,19.66,19.96,51900,19.39
2010-04-13,19.55,19.61,19.41,19.56,28000,19.01
2010-04-12,19.63,19.63,19.50,19.59,42100,19.03
2010-04-09,19.43,19.60,19.41,19.60,1314900,19.04
2010-04-08,19.29,19.39,19.20,19.35,46700,18.80
2010-04-07,19.28,19.36,19.19,19.27,1285200,18.72
2010-04-06,19.05,19.25,18.98,19.25,155200,18.70
2010-04-05,18.89,19.20,18.80,19.09,79800,18.55
2010-04-01,18.84,19.00,18.81,19.00,61900,18.46
2010-03-31,18.55,18.77,18.55,18.63,21400,18.10
2010-03-30,18.73,18.80,18.62,18.70,59900,18.17
2010-03-29,18.63,18.65,18.55,18.63,27000,18.10
2010-03-26,18.39,18.64,18.39,18.52,44300,17.99
2010-03-25,18.55,18.69,18.32,18.33,53500,17.81
2010-03-24,18.56,18.62,18.49,18.52,12200,17.99
2010-03-23,18.59,18.73,18.52,18.73,25900,18.20
2010-03-22,18.16,18.61,18.02,18.56,160500,18.03
2010-03-19,18.58,18.69,18.35,18.38,33000,17.86
2010-03-18,18.82,18.82,18.54,18.62,17300,18.09
2010-03-17,18.54,18.81,18.52,18.77,66800,18.24
2010-03-16,18.30,18.60,18.30,18.60,53500,18.07
2010-03-15,18.40,18.42,18.15,18.35,50000,17.83
2010-03-12,18.47,18.50,18.34,18.50,35000,17.98
2010-03-11,18.15,18.25,17.96,18.25,35900,17.73
2010-03-10,18.12,18.19,17.99,18.15,39400,17.64
2010-03-09,17.93,18.16,17.93,18.05,76100,17.54
2010-03-08,18.19,18.21,18.05,18.12,66400,17.61
2010-03-05,17.90,18.21,17.90,18.09,88400,17.58
2010-03-04,17.93,17.93,17.72,17.83,15600,17.32
2010-03-03,17.79,18.00,17.69,17.88,64600,17.37
2010-03-02,17.47,17.70,17.47,17.66,46600,17.16
2010-03-01,17.10,17.50,17.10,17.50,168600,17.00
2010-02-26,17.13,17.13,16.98,17.06,30700,16.58
2010-02-25,17.00,17.12,16.84,17.12,23100,16.63
2010-02-24,17.08,17.25,17.08,17.18,23600,16.69
2010-02-23,17.32,17.36,17.04,17.07,27400,16.59
2010-02-22,17.22,17.39,17.16,17.31,46000,16.82
2010-02-19,17.30,17.40,17.14,17.28,25900,16.79
2010-02-18,17.24,17.41,17.20,17.36,40400,16.87
2010-02-17,17.41,17.41,17.12,17.19,32500,16.70
2010-02-16,16.82,17.27,16.81,17.25,65600,16.76
2010-02-12,16.65,16.79,16.48,16.75,151300,16.28
2010-02-11,16.77,16.97,16.59,16.92,32800,16.44
2010-02-10,16.74,16.81,16.52,16.67,43700,16.20
2010-02-09,16.49,16.86,16.47,16.73,25800,16.26
2010-02-08,16.30,16.61,16.30,16.32,72000,15.86
2010-02-05,16.34,16.42,15.99,16.38,307700,15.92
2010-02-04,16.88,16.93,16.48,16.48,146500,16.01
2010-02-03,17.60,17.60,17.05,17.18,1178500,16.69
2010-02-02,17.35,17.54,17.24,17.49,38600,16.99
2010-02-01,16.86,17.23,16.78,17.18,53300,16.69
2010-01-29,17.00,17.08,16.62,16.75,45900,16.28
2010-01-28,17.34,17.34,16.76,16.91,42500,16.43
2010-01-27,17.24,17.34,16.93,17.20,161300,16.71
2010-01-26,17.34,17.59,17.23,17.27,26600,16.78
2010-01-25,17.40,17.68,17.39,17.51,42900,17.01
2010-01-22,17.70,17.70,17.20,17.27,80500,16.78
2010-01-21,18.35,18.38,17.63,17.63,81600,17.13
2010-01-20,18.25,18.62,18.05,18.30,153200,17.78
2010-01-19,18.50,18.65,18.43,18.65,42100,18.12
2010-01-15,18.50,18.54,18.20,18.42,117200,17.90
2010-01-14,18.86,18.86,18.53,18.61,43600,18.08
2010-01-13,18.77,18.81,18.60,18.80,51600,18.27
2010-01-12,18.75,18.78,18.47,18.56,65000,18.03
2010-01-11,19.04,19.04,18.76,18.80,366800,18.27
2010-01-08,18.65,18.94,18.63,18.83,65800,18.30
2010-01-07,18.87,19.02,18.60,18.73,456700,18.20
2010-01-06,18.67,19.01,18.67,18.87,991600,18.33
2010-01-05,18.36,18.75,18.36,18.67,93300,18.14
2010-01-04,18.19,18.48,18.19,18.22,164500,17.70
2009-12-31,18.33,18.39,17.92,17.96,39500,17.45
2009-12-30,18.15,18.18,18.01,18.18,19900,17.66
2009-12-29,18.29,18.35,18.19,18.24,182700,17.72
2009-12-28,18.17,18.34,18.16,18.19,94200,17.67
2009-12-24,18.23,18.23,18.05,18.15,16900,17.64
2009-12-23,18.04,18.10,17.86,18.10,86800,17.54
2009-12-22,17.82,17.98,17.68,17.90,94000,17.35
2009-12-21,17.52,17.86,17.52,17.67,36600,17.12
2009-12-18,17.75,17.75,17.42,17.63,80900,17.08
2009-12-17,17.80,17.87,17.53,17.58,51300,17.04
2009-12-16,17.87,18.10,17.87,18.04,82300,17.48
2009-12-15,18.08,18.09,17.85,17.90,49000,17.35
2009-12-14,18.10,18.15,17.97,18.14,27300,17.58
2009-12-11,17.93,18.03,17.84,18.00,34200,17.44
2009-12-10,17.75,17.95,17.73,17.82,49900,17.27
2009-12-09,17.85,17.89,17.60,17.79,23600,17.24
2009-12-08,17.91,17.91,17.69,17.76,36100,17.21
2009-12-07,17.92,18.15,17.89,18.03,28400,17.47
2009-12-04,18.10,18.21,17.74,17.94,67600,17.38
2009-12-03,18.03,18.12,17.87,17.91,15700,17.36
2009-12-02,17.95,18.01,17.83,18.01,42700,17.45
2009-12-01,17.80,18.00,17.78,18.00,98700,17.44
2009-11-30,17.32,17.56,17.23,17.56,202200,17.02
2009-11-27,17.22,17.41,16.88,17.28,23600,16.74
2009-11-25,17.54,17.76,17.54,17.69,59500,17.14
2009-11-24,17.59,17.59,17.35,17.48,32600,16.94
2009-11-23,17.36,17.72,17.36,17.61,34600,17.06
2009-11-20,17.15,17.32,17.15,17.32,34200,16.78
2009-11-19,17.49,17.49,17.22,17.31,29500,16.77
2009-11-18,17.63,17.65,17.37,17.64,64700,17.09
2009-11-17,17.60,17.60,17.33,17.58,59200,17.04
2009-11-16,17.61,17.83,17.60,17.73,78700,17.18
2009-11-13,17.29,17.50,17.23,17.45,93100,16.91
2009-11-12,17.54,17.54,17.14,17.16,25400,16.63
2009-11-11,17.64,17.70,17.48,17.56,17800,17.02
2009-11-10,17.41,17.53,17.28,17.42,72400,16.88
2009-11-09,17.25,17.60,17.24,17.55,26600,17.01
2009-11-06,17.02,17.14,16.96,17.06,50400,16.53
2009-11-05,17.05,17.19,16.99,17.19,19500,16.66
2009-11-04,16.88,17.08,16.82,16.85,60900,16.33
2009-11-03,16.35,16.65,16.35,16.63,77100,16.11
2009-11-02,16.45,16.73,16.25,16.47,123700,15.96
2009-10-30,16.91,17.00,16.28,16.39,87300,15.88
2009-10-29,16.61,17.00,16.61,16.92,44400,16.40
2009-10-28,16.77,16.87,16.07,16.14,160500,15.64
2009-10-27,17.27,17.31,16.98,17.00,46400,16.47
2009-10-26,17.60,17.85,17.26,17.31,146400,16.77
2009-10-23,17.92,18.00,17.64,17.70,45500,17.15
2009-10-22,17.71,17.97,17.62,17.97,24700,17.41
2009-10-21,17.85,18.05,17.74,17.77,33300,17.22
2009-10-20,18.03,18.03,17.76,17.91,41700,17.36
2009-10-19,17.76,18.13,17.76,18.12,75200,17.56
2009-10-16,17.87,17.91,17.66,17.76,21400,17.21
2009-10-15,17.87,18.07,17.87,18.07,58500,17.51
2009-10-14,18.01,18.09,17.82,18.05,101600,17.49
2009-10-13,17.61,17.69,17.48,17.61,74100,17.06
2009-10-12,17.74,17.88,17.54,17.69,60500,17.14
2009-10-09,17.41,17.56,17.38,17.53,29700,16.99
2009-10-08,17.41,17.69,17.35,17.60,52900,17.05
2009-10-07,17.32,17.32,17.03,17.16,47000,16.63
2009-10-06,17.01,17.22,16.93,17.05,109600,16.52
2009-10-05,16.58,16.90,16.58,16.87,32500,16.35
2009-10-02,16.44,16.70,16.28,16.61,62900,16.10
2009-10-01,17.22,17.22,16.51,16.58,70400,16.07
2009-09-30,17.31,17.36,16.97,17.18,42300,16.65
2009-09-29,17.22,17.28,17.06,17.15,155600,16.62
2009-09-28,17.18,17.47,17.11,17.32,93000,16.78
2009-09-25,17.31,17.31,16.76,17.04,25600,16.51
2009-09-24,17.83,17.83,17.04,17.11,41400,16.58
2009-09-23,17.90,17.90,17.53,17.53,57300,16.99
2009-09-22,17.56,17.68,17.39,17.55,47400,17.01
2009-09-21,17.29,17.62,17.01,17.26,34600,16.73
2009-09-18,17.42,17.61,17.40,17.51,47900,16.97
2009-09-17,17.47,17.62,17.29,17.41,88600,16.87
2009-09-16,17.50,17.62,17.37,17.62,89900,17.07
2009-09-15,17.23,17.47,17.12,17.40,72000,16.86
2009-09-14,16.87,17.30,16.83,17.22,43100,16.69
2009-09-11,17.18,17.18,16.98,17.07,46300,16.54
2009-09-10,16.85,17.10,16.71,17.09,31400,16.56
2009-09-09,16.70,16.99,16.70,16.89,71500,16.37
2009-09-08,16.69,16.73,16.52,16.69,41300,16.17
2009-09-04,16.05,16.38,16.01,16.22,18800,15.72
2009-09-03,15.95,16.03,15.87,15.98,17900,15.48
2009-09-02,15.88,15.97,15.66,15.85,102500,15.36
2009-09-01,16.57,16.65,15.94,15.99,57600,15.49
2009-08-31,16.70,16.73,16.48,16.63,52200,16.11
2009-08-28,16.91,16.95,16.73,16.80,28900,16.28
2009-08-27,16.50,16.99,16.39,16.76,67400,16.24
2009-08-26,16.64,16.64,16.46,16.64,46400,16.12
2009-08-25,16.54,16.85,16.54,16.66,81400,16.14
2009-08-24,16.66,16.79,16.41,16.46,51700,15.95
2009-08-21,16.39,16.61,16.39,16.61,93600,16.10
2009-08-20,15.88,16.18,15.88,16.16,101600,15.66
2009-08-19,15.56,15.88,15.48,15.81,35700,15.32
2009-08-18,15.59,15.76,15.54,15.63,257900,15.15
2009-08-17,15.50,15.59,15.12,15.59,71300,15.11
2009-08-14,16.18,16.29,15.77,15.90,198900,15.41
2009-08-13,16.06,16.11,15.90,16.06,166700,15.56
2009-08-12,15.52,15.94,15.52,15.87,28200,15.38
2009-08-11,15.66,15.71,15.47,15.52,34200,15.04
2009-08-10,15.88,15.88,15.58,15.82,42600,15.33
2009-08-07,15.84,16.05,15.80,16.01,65900,15.51
2009-08-06,15.91,15.91,15.50,15.75,54900,15.26
2009-08-05,15.96,16.06,15.78,15.94,161600,15.45
2009-08-04,15.65,15.95,15.62,15.87,175000,15.38
2009-08-03,15.81,15.85,15.41,15.79,159300,15.30
2009-07-31,15.33,15.51,15.33,15.45,13500,14.97
2009-07-30,15.20,15.52,15.20,15.35,94400,14.87
2009-07-29,15.05,15.05,14.65,14.99,21100,14.53
2009-07-28,15.01,15.07,14.84,15.07,16000,14.60
2009-07-27,14.91,15.18,14.53,15.06,26600,14.59
2009-07-24,14.90,14.91,14.71,14.91,24500,14.45
2009-07-23,14.61,14.91,14.53,14.78,58500,14.32
2009-07-22,14.37,14.53,14.25,14.45,54400,14.00
2009-07-21,14.02,14.48,14.02,14.40,57000,13.95
2009-07-20,14.00,14.24,13.92,14.23,40100,13.79
2009-07-17,13.99,13.99,13.72,13.91,70900,13.48
2009-07-16,13.87,13.92,13.70,13.92,44500,13.49
2009-07-15,13.37,13.72,13.37,13.72,47300,13.29
2009-07-14,13.00,13.10,12.95,13.04,38800,12.64
2009-07-13,12.77,12.99,12.70,12.98,28500,12.58
2009-07-10,12.69,12.81,11.71,12.66,399600,12.27
2009-07-09,12.79,12.91,12.69,12.80,28500,12.40
2009-07-08,12.85,12.90,12.39,12.61,180700,12.22
2009-07-07,13.00,13.19,12.84,12.90,33600,12.50
2009-07-06,13.03,13.22,12.88,13.12,44500,12.71
2009-07-02,13.66,13.66,13.29,13.39,59400,12.98
2009-07-01,13.83,13.94,13.69,13.82,82100,13.39
2009-06-30,13.61,13.78,13.37,13.37,78300,12.96
2009-06-29,13.60,13.80,13.60,13.67,88800,13.25
2009-06-26,13.27,13.63,13.27,13.58,37800,13.16
2009-06-25,13.05,13.41,13.05,13.38,17100,12.97
2009-06-24,13.08,13.37,13.03,13.17,41100,12.76
2009-06-23,13.00,13.00,12.50,12.79,18700,12.39
2009-06-22,12.96,13.08,12.70,12.71,44800,12.32
2009-06-19,13.33,13.64,13.22,13.22,29600,12.81
2009-06-18,13.26,13.50,13.15,13.32,30200,12.91
2009-06-17,13.31,13.56,13.13,13.36,72400,12.95
2009-06-16,13.84,13.94,13.03,13.50,94100,13.08
2009-06-15,14.58,14.58,13.71,13.97,61200,13.54
2009-06-12,14.45,14.62,14.22,14.50,71300,14.05
2009-06-11,14.55,14.73,14.41,14.69,38900,14.23
2009-06-10,14.83,14.83,14.24,14.44,30200,13.99
2009-06-09,14.83,14.83,14.40,14.51,32700,14.06
2009-06-08,14.41,14.60,14.25,14.46,72300,14.01
2009-06-05,15.17,15.99,14.54,14.77,39400,14.31
2009-06-04,14.60,14.90,14.38,14.84,64400,14.38
2009-06-03,15.04,15.04,14.42,14.69,64100,14.23
2009-06-02,15.08,15.31,14.90,15.11,101200,14.64
2009-06-01,15.22,15.40,14.92,15.00,160800,14.54
2009-05-29,14.66,14.72,14.45,14.69,38600,14.23
2009-05-28,14.92,14.92,14.13,14.50,16800,14.05
2009-05-27,14.75,15.00,14.08,14.27,47000,13.83
2009-05-26,13.98,14.48,13.00,14.31,31700,13.87
2009-05-22,14.19,14.23,13.93,14.13,107700,13.69
2009-05-21,13.98,14.05,13.75,13.91,58700,13.48
2009-05-20,14.29,14.60,14.03,14.06,92700,13.62
2009-05-19,14.11,14.26,13.81,14.22,56500,13.78
2009-05-18,13.69,13.91,13.41,13.90,32700,13.47
2009-05-15,13.14,13.45,13.02,13.06,28400,12.66
2009-05-14,12.90,13.33,12.50,13.22,222100,12.81
2009-05-13,13.89,13.89,12.76,12.80,92700,12.40
2009-05-12,14.35,14.35,13.70,13.96,29600,13.53
2009-05-11,14.05,14.31,13.80,14.09,194400,13.65
2009-05-08,13.83,14.32,13.70,14.25,219200,13.81
2009-05-07,14.37,14.37,13.17,13.21,67100,12.80
2009-05-06,13.93,14.01,13.61,13.98,54100,13.55
2009-05-05,13.54,13.62,13.21,13.34,94400,12.93
2009-05-04,12.25,13.44,12.25,13.31,41300,12.90
2009-05-01,12.30,12.74,12.30,12.62,80000,12.23
2009-04-30,12.38,12.48,11.79,12.31,22000,11.93
2009-04-29,11.92,12.30,11.92,12.01,14200,11.64
2009-04-28,11.75,11.98,11.70,11.87,37100,11.50
2009-04-27,11.78,11.82,11.58,11.75,10200,11.39
2009-04-24,11.12,11.97,11.12,11.83,35700,11.46
2009-04-23,11.08,11.29,10.95,11.29,32400,10.94
2009-04-22,10.73,11.07,10.55,10.85,49000,10.51
2009-04-21,10.35,10.76,10.35,10.62,6100,10.29
2009-04-20,10.99,10.99,10.38,10.44,14200,10.12
2009-04-17,10.90,11.01,10.80,10.93,52500,10.59
2009-04-16,10.80,10.95,9.96,10.87,49600,10.53
2009-04-15,10.60,10.84,10.60,10.81,34200,10.48
2009-04-14,10.55,10.65,10.42,10.42,20500,10.10
2009-04-13,10.97,10.97,10.25,10.58,22800,10.25
2009-04-09,10.43,10.50,10.30,10.40,55100,10.08
2009-04-08,10.01,10.07,9.85,9.94,10200,9.63
2009-04-07,10.31,10.31,9.41,9.99,20900,9.68
2009-04-06,10.16,10.16,10.00,10.16,29800,9.85
2009-04-03,10.00,10.20,10.00,10.13,47100,9.82
2009-04-02,10.00,10.20,9.90,9.97,32900,9.66
2009-04-01,9.22,9.74,9.22,9.60,11000,9.30
2009-03-31,9.97,9.97,9.20,9.34,31600,9.05
2009-03-30,9.24,10.02,9.08,9.20,12000,8.91
2009-03-27,9.78,9.78,9.59,9.64,17000,9.34
2009-03-26,9.72,9.72,9.20,9.71,31800,9.41
2009-03-25,9.55,9.70,9.21,9.43,24800,9.14
2009-03-24,9.59,9.59,9.43,9.56,25000,9.26
2009-03-23,9.25,9.52,9.25,9.52,7800,9.23
2009-03-20,9.13,9.13,8.66,8.80,21100,8.53
2009-03-19,9.39,9.39,8.91,8.91,59100,8.63
2009-03-18,8.76,9.03,8.52,9.03,14700,8.75
2009-03-17,8.66,8.66,8.40,8.60,13300,8.33
2009-03-16,8.75,8.75,8.48,8.49,17900,8.23
2009-03-13,8.65,8.65,8.31,8.48,22500,8.22
2009-03-12,8.09,8.52,8.08,8.51,26300,8.25
2009-03-11,7.76,8.18,7.76,8.00,20000,7.75
2009-03-10,7.81,7.91,7.66,7.87,9400,7.63
2009-03-09,7.31,7.49,7.21,7.26,18200,7.04
2009-03-06,7.65,7.75,7.33,7.43,12300,7.20
2009-03-05,7.62,7.80,7.50,7.58,32700,7.35
2009-03-04,7.97,8.03,7.81,7.96,11600,7.71
2009-03-03,7.76,7.87,7.63,7.67,37900,7.43
2009-03-02,8.28,8.29,7.85,7.90,10300,7.66
2009-02-27,8.39,8.80,8.39,8.53,70600,8.27
2009-02-26,8.74,8.83,8.55,8.60,104500,8.33
2009-02-25,8.60,8.73,8.32,8.73,18600,8.46
2009-02-24,8.50,8.79,8.27,8.73,45500,8.46
2009-02-23,8.89,9.19,8.42,8.48,20400,8.22
2009-02-20,8.94,9.06,8.77,9.06,11600,8.78
2009-02-19,9.65,9.65,9.02,9.06,23800,8.78
2009-02-18,9.42,9.42,9.20,9.20,7600,8.91
2009-02-17,9.40,9.44,9.30,9.37,28900,9.08
2009-02-13,9.98,10.02,9.87,9.91,15400,9.60
2009-02-12,9.65,10.05,9.50,9.75,64600,9.45
2009-02-11,9.70,9.96,9.69,9.86,15500,9.55
2009-02-10,10.42,10.42,9.82,9.99,21800,9.68
2009-02-09,10.68,10.68,10.30,10.45,13200,10.13
2009-02-06,10.11,10.34,10.07,10.34,23500,10.02
2009-02-05,9.80,10.10,9.80,10.03,2100,9.72
2009-02-04,10.35,10.80,10.03,10.04,8700,9.73
2009-02-03,10.18,10.18,10.00,10.13,10200,9.82
2009-02-02,10.05,10.05,9.70,10.00,40400,9.69
2009-01-30,10.62,10.62,10.20,10.23,28200,9.91
2009-01-29,10.90,10.90,10.52,10.66,9100,10.33
2009-01-28,10.99,11.13,10.83,11.02,18100,10.68
2009-01-27,10.59,10.73,10.56,10.72,30600,10.39
2009-01-26,10.63,10.73,10.50,10.56,12200,10.23
2009-01-23,10.15,10.42,10.13,10.41,13200,10.09
2009-01-22,10.20,10.47,10.14,10.31,19300,9.99
2009-01-21,10.36,10.49,10.03,10.49,21600,10.16
2009-01-20,10.77,11.30,10.17,10.19,22900,9.87
2009-01-16,11.26,11.76,10.81,10.97,27400,10.63
2009-01-15,10.56,11.09,10.36,10.86,27000,10.52
2009-01-14,10.85,10.96,10.73,10.88,17100,10.54
2009-01-13,11.10,11.34,10.97,11.30,14000,10.95
2009-01-12,11.86,11.86,11.30,11.30,11000,10.95
2009-01-09,12.00,12.00,11.87,11.87,26700,11.50
2009-01-08,12.04,12.10,11.96,12.06,5900,11.69
2009-01-07,12.47,12.47,12.04,12.04,8400,11.67
2009-01-06,12.01,12.58,12.01,12.53,14600,12.14
2009-01-05,12.17,12.20,12.01,12.02,4300,11.65
2009-01-02,11.75,12.27,11.65,12.27,45200,11.89
2008-12-31,11.77,11.99,11.58,11.99,37200,11.62
2008-12-30,11.41,11.65,11.35,11.52,15900,11.16
2008-12-29,11.04,11.26,10.97,11.19,48000,10.84
2008-12-26,10.60,11.06,10.60,11.06,13100,10.72
2008-12-24,11.37,11.37,10.53,11.23,19300,10.88
2008-12-23,11.54,11.77,11.41,11.43,24400,10.68
2008-12-22,11.71,11.82,11.41,11.41,11900,10.66
2008-12-19,11.81,11.92,11.55,11.68,17700,10.91
2008-12-18,12.11,12.18,11.62,11.68,10300,10.91
2008-12-17,11.79,12.17,11.72,12.16,82600,11.36
2008-12-16,11.87,11.91,11.41,11.87,8100,11.09
2008-12-15,11.41,11.60,11.15,11.26,19200,10.52
2008-12-12,10.85,11.39,10.83,11.26,40700,10.52
2008-12-11,11.51,11.65,11.11,11.33,77900,10.59
2008-12-10,11.46,11.86,11.43,11.44,99900,10.69
2008-12-09,11.33,11.72,11.33,11.35,12900,10.61
2008-12-08,11.01,11.48,11.01,11.45,34100,10.70
2008-12-05,10.35,10.81,10.15,10.81,169100,10.10
2008-12-04,10.66,10.90,10.45,10.45,30600,9.76
2008-12-03,10.49,10.59,10.29,10.50,14400,9.81
2008-12-02,9.99,10.45,9.97,10.17,6100,9.50
2008-12-01,10.35,10.42,10.17,10.25,5400,9.58
2008-11-28,10.70,10.93,10.70,10.93,4300,10.21
2008-11-26,10.36,10.90,10.36,10.90,11900,10.19
2008-11-25,10.92,10.92,10.33,10.39,7900,9.71
2008-11-24,9.18,10.69,9.18,10.59,37900,9.90
2008-11-21,9.68,9.90,9.47,9.90,8700,9.25
2008-11-20,10.04,10.32,9.58,9.58,45800,8.95
2008-11-19,11.60,11.60,10.20,10.33,10000,9.65
2008-11-18,11.08,11.09,10.70,10.81,20200,10.10
2008-11-17,11.10,11.32,10.92,11.01,12000,10.29
2008-11-14,11.86,11.86,11.27,11.64,13500,10.88
2008-11-13,11.27,11.27,10.98,11.05,21700,10.33
2008-11-12,11.47,11.47,11.02,11.20,6300,10.47
2008-11-11,11.45,11.45,11.06,11.38,23100,10.63
2008-11-10,11.91,12.05,11.47,11.52,17100,10.76
2008-11-07,11.55,11.74,11.33,11.66,5200,10.90
2008-11-06,11.75,11.75,11.35,11.44,13600,10.69
2008-11-05,12.50,12.50,12.02,12.09,18700,11.30
2008-11-04,12.04,12.52,12.04,12.52,40100,11.70
2008-11-03,11.71,12.01,11.71,11.93,7900,11.15
2008-10-31,11.31,12.00,11.31,11.64,7200,10.88
2008-10-30,11.51,11.60,11.39,11.57,2100,10.81
2008-10-29,10.88,11.34,10.88,11.33,21700,10.59
2008-10-28,10.21,10.30,9.75,10.30,11100,9.62
2008-10-27,10.33,10.33,9.90,9.94,9300,9.29
2008-10-24,9.68,10.49,9.38,10.49,21900,9.80
2008-10-23,11.76,11.76,10.66,10.68,9300,9.98
2008-10-22,11.55,11.55,11.10,11.10,4700,10.37
2008-10-21,11.56,12.35,11.56,12.00,20400,11.21
2008-10-20,12.94,12.94,11.90,11.91,19200,11.13
2008-10-17,12.20,12.28,11.63,11.75,46600,10.98
2008-10-16,11.73,13.08,11.60,11.90,16600,11.12
2008-10-15,12.76,12.83,12.05,12.05,24800,11.26
2008-10-14,13.25,14.01,12.94,13.00,13000,12.15
2008-10-13,11.49,13.33,11.49,13.20,27500,12.33
2008-10-10,11.82,12.19,11.46,11.58,24000,10.82
2008-10-09,13.35,13.62,12.44,12.44,23700,11.62
2008-10-08,12.66,13.45,12.66,13.26,86200,12.39
2008-10-07,14.99,14.99,13.20,13.20,61100,12.33
2008-10-06,14.97,14.97,13.78,14.12,72600,13.19
2008-10-03,15.89,16.11,15.36,15.52,9900,14.50
2008-10-02,16.01,16.29,15.75,15.76,48000,14.73
2008-10-01,17.06,17.06,16.26,16.31,19000,15.24
2008-09-30,16.03,16.47,16.03,16.47,5800,15.39
2008-09-29,18.39,18.39,16.05,16.05,9000,15.00
2008-09-26,17.30,17.52,17.08,17.17,28600,16.04
2008-09-25,17.41,17.79,17.41,17.77,10800,16.60
2008-09-24,17.98,17.98,17.18,17.18,7800,16.05
2008-09-23,17.63,17.80,17.26,17.26,10200,16.13
2008-09-22,19.60,19.60,17.70,17.70,7900,16.54
2008-09-19,17.01,18.39,17.01,18.13,21000,16.94
2008-09-18,16.10,17.41,16.10,16.80,27600,15.70
2008-09-17,17.29,17.57,16.91,16.91,66900,15.80
2008-09-16,17.51,17.90,17.51,17.81,13000,16.64
2008-09-15,18.19,18.34,17.97,17.97,10600,16.79
2008-09-12,17.55,18.56,17.55,18.51,11700,17.30
2008-09-11,17.65,18.23,17.65,18.20,19900,17.01
2008-09-10,17.51,18.55,17.51,18.31,16400,17.11
2008-09-09,17.86,18.55,17.86,17.96,28000,16.78
2008-09-08,19.13,19.13,18.31,18.44,57500,17.23
2008-09-05,18.60,18.60,17.51,18.37,52000,17.17
2008-09-04,19.39,19.39,18.15,18.24,28900,17.04
2008-09-03,18.81,18.90,18.61,18.90,41600,17.66
2008-09-02,19.25,19.25,18.64,18.68,6100,17.46
2008-08-29,19.47,19.47,18.55,18.73,9700,17.50
2008-08-28,18.50,18.79,18.22,18.71,20600,17.48
2008-08-27,18.33,18.39,18.13,18.28,11400,17.08
2008-08-26,17.91,18.20,17.91,18.13,9200,16.94
2008-08-25,19.20,19.20,18.10,18.21,34900,17.02
2008-08-22,18.40,18.48,18.28,18.33,4100,17.13
2008-08-21,18.30,18.35,18.17,18.31,12500,17.11
2008-08-20,18.06,18.30,18.06,18.30,7900,17.10
2008-08-19,18.01,18.26,18.01,18.21,14600,17.02
2008-08-18,18.51,18.80,18.45,18.53,42200,17.31
2008-08-15,18.95,18.95,18.69,18.94,14200,17.70
2008-08-14,18.87,19.00,18.71,18.88,16500,17.64
2008-08-13,19.22,19.22,18.73,18.95,19300,17.71
2008-08-12,19.15,19.28,19.15,19.20,5000,17.94
2008-08-11,19.19,19.25,19.06,19.15,6400,17.89
2008-08-08,18.59,19.18,18.59,19.06,9400,17.81
2008-08-07,19.19,19.19,18.65,18.69,27000,17.46
2008-08-06,19.01,19.99,18.51,19.20,10000,17.94
2008-08-05,18.25,19.15,18.25,19.10,10700,17.85
2008-08-04,18.98,19.01,18.75,18.78,5400,17.55
2008-08-01,19.39,19.39,19.00,19.08,3400,17.83
2008-07-31,18.98,19.21,18.91,19.15,25000,17.89
2008-07-30,18.42,18.86,18.42,18.77,27200,17.54
2008-07-29,18.16,18.50,18.16,18.50,55100,17.29
2008-07-28,18.18,18.45,18.10,18.22,13800,17.03
2008-07-25,18.55,18.55,18.30,18.32,14000,17.12
2008-07-24,18.74,18.82,18.40,18.55,12900,17.33
2008-07-23,18.69,18.99,18.69,18.83,19000,17.60
2008-07-22,18.55,18.79,18.51,18.79,86300,17.56
2008-07-21,18.18,18.75,18.18,18.64,10500,17.42
2008-07-18,18.22,18.42,18.22,18.25,5000,17.05
2008-07-17,17.85,18.59,17.85,18.31,11400,17.11
2008-07-16,18.43,18.43,17.39,17.92,44600,16.74
2008-07-15,17.12,17.78,16.55,17.61,140100,16.46
2008-07-14,18.05,18.20,17.86,17.96,18000,16.78
2008-07-11,18.07,18.16,17.83,18.13,15500,16.94
2008-07-10,18.30,18.30,18.02,18.14,18900,16.95
2008-07-09,18.30,18.49,18.17,18.17,12300,16.98
2008-07-08,18.21,18.40,18.04,18.40,26000,17.19
2008-07-07,18.50,18.65,18.17,18.20,41900,17.01
2008-07-03,18.84,18.84,18.50,18.52,7400,17.31
2008-07-02,18.51,19.66,18.51,18.86,19300,17.62
2008-07-01,18.82,19.08,18.50,19.02,20800,17.77
2008-06-30,20.32,20.32,19.16,19.16,33100,17.90
2008-06-27,19.58,19.58,19.23,19.25,17300,17.99
2008-06-26,19.63,19.89,19.33,19.45,68600,18.17
2008-06-25,20.22,20.22,19.80,19.87,17200,18.57
2008-06-24,20.02,20.02,19.63,19.83,29400,18.53
2008-06-23,20.09,20.18,19.83,19.89,24100,18.59
2008-06-20,20.25,20.25,20.04,20.15,25200,18.83
2008-06-19,20.38,20.44,20.26,20.30,22100,18.97
2008-06-18,20.49,20.58,20.43,20.50,28900,19.16
2008-06-17,20.74,20.80,20.70,20.74,49200,19.38
2008-06-16,20.73,20.74,20.53,20.63,25400,19.28
2008-06-13,20.56,20.69,20.56,20.64,3800,19.29
2008-06-12,20.74,20.74,20.52,20.55,20800,19.20
2008-06-11,20.94,20.94,20.67,20.70,8400,19.34
2008-06-10,21.25,21.25,20.90,20.98,22900,19.60
2008-06-09,21.75,21.75,21.31,21.47,14200,20.06
2008-06-06,22.00,22.05,21.70,21.70,21800,20.28
2008-06-05,21.90,22.29,21.90,22.29,11800,20.83
2008-06-04,22.02,22.18,21.92,22.05,8900,20.60
2008-06-03,22.47,22.47,21.72,21.90,41200,20.46
2008-06-02,22.47,22.47,21.90,22.10,38800,20.65
2008-05-30,22.24,22.32,22.22,22.25,22600,20.79
2008-05-29,22.21,22.21,21.81,22.14,39600,20.69
2008-05-28,21.79,22.01,21.66,22.01,14300,20.57
2008-05-27,22.44,22.44,20.89,21.71,26800,20.29
2008-05-23,21.83,21.83,21.46,21.46,15800,20.05
2008-05-22,21.92,22.00,21.85,21.89,26600,20.45
2008-05-21,21.87,22.03,21.72,21.73,22400,20.31
2008-05-20,22.61,22.61,21.92,22.02,17500,20.58
2008-05-19,22.25,22.40,22.15,22.17,28600,20.72
2008-05-16,22.21,22.26,22.08,22.20,36800,20.74
2008-05-15,21.80,22.20,21.80,22.20,25500,20.74
2008-05-14,21.80,21.94,21.76,21.76,17400,20.33
2008-05-13,22.51,22.51,21.55,21.75,31700,20.32
2008-05-12,21.73,21.73,21.42,21.70,27300,20.28
2008-05-09,21.66,21.69,21.42,21.55,14400,20.14
2008-05-08,22.09,22.09,21.65,21.85,34200,20.42
2008-05-07,22.53,22.53,21.47,21.55,31600,20.14
2008-05-06,21.50,21.95,21.50,21.78,38200,20.35
2008-05-05,21.59,21.59,21.49,21.54,23800,20.13
2008-05-02,21.15,21.77,20.63,21.57,58200,20.16
2008-05-01,21.31,21.37,21.11,21.24,46000,19.85
2008-04-30,21.64,21.70,21.29,21.44,79800,20.03
2008-04-29,21.92,21.92,21.28,21.38,94500,19.98
2008-04-28,21.62,21.91,21.62,21.80,25100,20.37
2008-04-25,21.75,21.75,21.56,21.70,41300,20.28
2008-04-24,21.40,21.64,21.30,21.52,32100,20.11
2008-04-23,21.64,21.64,21.32,21.52,32000,20.11
2008-04-22,22.00,22.00,21.49,21.69,58400,20.27
2008-04-21,21.99,22.22,21.64,21.99,26300,20.55
2008-04-18,22.21,22.21,21.79,21.95,32100,20.51
2008-04-17,22.20,22.20,21.80,21.94,46800,20.50
2008-04-16,21.60,22.22,21.55,22.15,38900,20.70
2008-04-15,21.78,21.78,21.30,21.50,43300,20.09
2008-04-14,22.33,22.33,21.53,21.63,28900,20.21
2008-04-11,21.88,21.88,21.57,21.69,18600,20.27
2008-04-10,23.47,23.47,21.77,21.95,36300,20.51
2008-04-09,22.38,22.38,22.00,22.22,29800,20.76
2008-04-08,22.95,22.95,22.35,22.55,25700,21.07
2008-04-07,22.10,23.01,22.10,22.65,98200,21.16
2008-04-04,22.50,22.50,22.01,22.25,36500,20.79
2008-04-03,22.50,22.50,21.53,22.49,31200,21.02
2008-04-02,21.54,22.00,21.54,22.00,58000,20.56
2008-04-01,21.29,21.75,21.27,21.75,41000,20.32
2008-03-31,21.29,21.29,20.53,21.01,62000,19.63
2008-03-28,21.29,21.29,20.75,20.80,10500,19.44
2008-03-27,21.00,21.04,20.67,20.85,39000,19.48
2008-03-26,20.80,21.09,20.70,20.84,18400,19.47
2008-03-25,20.53,21.10,20.53,20.78,36400,19.42
2008-03-24,20.30,20.75,20.26,20.58,17100,19.23
2008-03-20,20.00,20.08,19.75,20.08,17000,18.76
2008-03-19,20.75,20.85,20.02,20.02,30000,18.71
2008-03-18,21.29,21.29,20.43,20.72,18900,19.36
2008-03-17,20.99,20.99,20.03,20.43,18700,19.09
2008-03-14,21.72,21.72,20.63,20.79,22400,19.43
2008-03-13,21.37,21.37,20.00,21.00,22100,19.62
2008-03-12,20.95,21.25,20.90,21.03,18100,19.65
2008-03-11,20.63,21.06,20.56,20.90,28200,19.53
2008-03-10,20.50,21.09,20.20,20.32,37500,18.99
2008-03-07,21.15,21.15,20.63,20.90,39300,19.53
2008-03-06,21.80,21.80,21.25,21.27,50900,19.88
2008-03-05,21.59,21.79,21.50,21.73,16000,20.31
2008-03-04,21.98,21.98,21.30,21.57,56500,20.16
2008-03-03,21.01,21.98,21.01,21.83,34100,20.40
2008-02-29,23.01,23.01,21.75,21.84,124100,20.41
2008-02-28,22.63,22.63,22.21,22.36,28900,20.89
2008-02-27,23.27,23.27,21.85,22.60,42800,21.12
2008-02-26,22.89,22.89,21.67,22.45,59600,20.98
2008-02-25,21.31,22.15,21.31,22.15,41400,20.70
2008-02-22,21.98,22.00,21.50,21.50,47400,20.09
2008-02-21,21.99,21.99,21.62,21.70,17400,20.28
2008-02-20,21.28,21.63,21.16,21.60,42300,20.18
2008-02-19,22.16,22.16,21.39,21.39,45200,19.99
2008-02-15,21.20,21.34,21.02,21.29,16800,19.89
2008-02-14,21.63,21.63,21.09,21.10,45400,19.72
2008-02-13,22.50,22.50,21.03,21.28,58100,19.88
2008-02-12,21.70,21.80,21.36,21.55,138500,20.14
2008-02-11,21.97,21.97,20.76,21.10,27800,19.72
2008-02-08,21.03,21.15,20.93,21.10,9600,19.72
2008-02-07,20.99,21.00,20.60,20.70,56000,19.34
2008-02-06,21.29,21.29,20.98,20.98,12200,19.60
2008-02-05,21.60,21.60,21.00,21.10,34500,19.72
2008-02-04,23.12,23.12,21.90,21.90,26700,20.46
2008-02-01,21.82,22.25,21.81,22.25,13300,20.79
2008-01-31,21.44,21.80,21.25,21.80,12900,20.37
2008-01-30,21.50,22.37,21.35,21.55,20200,20.14
2008-01-29,21.45,21.49,21.20,21.49,18400,20.08
2008-01-28,20.80,21.02,20.77,21.02,9900,19.64
2008-01-25,21.50,21.54,21.18,21.25,14800,19.86
2008-01-24,21.17,21.17,20.66,20.90,35900,19.53
2008-01-23,19.60,21.07,19.59,20.30,19700,18.97
2008-01-22,18.49,21.95,13.15,20.20,68400,18.88
2008-01-18,22.33,22.33,20.70,20.97,32800,19.59
2008-01-17,21.44,21.60,20.90,21.07,14200,19.69
2008-01-16,21.51,21.55,20.91,21.05,27100,19.67
2008-01-15,22.49,22.67,21.36,21.70,38600,20.28
2008-01-14,22.50,22.55,22.32,22.32,38500,20.86
2008-01-11,23.00,23.00,22.55,22.60,25300,21.12
2008-01-10,22.10,22.82,22.10,22.82,46400,21.32
2008-01-09,24.60,24.60,21.00,22.40,41900,20.93
2008-01-08,23.28,23.30,22.79,22.79,45300,21.30
2008-01-07,23.20,23.26,22.88,22.90,159700,21.40
2008-01-04,23.73,23.73,23.35,23.40,49800,21.87
2008-01-03,24.04,24.05,23.95,23.95,24800,22.38
2008-01-02,24.28,24.30,23.99,24.00,11400,22.43
2007-12-31,24.28,24.30,24.23,24.25,20900,22.66
2007-12-28,24.33,24.33,24.14,24.15,230400,22.57
2007-12-27,24.28,24.30,24.00,24.05,22700,22.47
2007-12-26,24.35,24.55,24.34,24.55,31000,22.94
2007-12-24,24.40,24.45,24.22,24.30,10400,22.63
2007-12-21,23.80,24.25,23.78,24.00,26800,22.35
2007-12-20,23.49,23.49,23.00,23.30,24700,21.70
2007-12-19,23.37,23.40,23.10,23.25,22700,21.65
2007-12-18,22.50,23.30,22.00,23.10,25500,21.51
2007-12-17,23.01,23.39,23.00,23.00,29400,21.42
2007-12-14,23.99,23.99,23.50,23.65,14800,22.02
2007-12-13,24.54,24.55,24.20,24.35,15300,22.67
2007-12-12,26.89,28.91,24.49,24.49,26900,22.81
2007-12-11,25.35,25.45,24.67,24.67,38200,22.97
2007-12-10,25.25,25.30,25.18,25.21,18400,23.48
2007-12-07,26.24,26.24,25.04,25.10,83000,23.37
2007-12-06,25.00,25.04,24.92,25.04,20500,23.32
2007-12-05,24.85,24.90,24.70,24.80,39600,23.09
2007-12-04,24.75,24.75,24.40,24.60,43300,22.91
2007-12-03,24.80,24.85,24.75,24.75,30500,23.05
2007-11-30,24.95,25.00,24.77,24.80,15600,23.09
2007-11-29,24.50,24.65,24.35,24.60,9800,22.91
2007-11-28,24.20,24.45,24.20,24.45,9900,22.77
2007-11-27,23.70,23.75,23.59,23.75,13100,22.12
2007-11-26,23.95,24.10,23.45,23.45,6100,21.84
2007-11-23,23.75,23.75,23.70,23.75,2900,22.12
2007-11-21,23.55,23.55,23.30,23.50,24800,21.88
2007-11-20,23.74,23.85,23.65,23.80,30300,22.16
2007-11-19,24.20,24.20,23.60,23.65,31900,22.02
2007-11-16,24.58,24.58,24.24,24.45,21600,22.77
2007-11-15,24.65,24.75,24.35,24.40,14100,22.72
2007-11-14,25.17,25.20,24.90,24.90,25000,23.19
2007-11-13,26.43,27.75,24.45,24.65,37900,22.95
2007-11-12,24.29,24.40,24.25,24.25,22300,22.58
2007-11-09,25.20,25.20,24.90,24.90,12400,23.19