2011-05-10,21.90,21.99,21.84,21.97,104100,21.97
2011-05-09,21.75,21.80,21.66,21.78,63200,21.78
2011-05-06,21.78,22.00,21.61,21.69,91000,21.69
2011-05-05,21.65,21.70,21.50,21.61,113900,21.61
2011-05-04,21.83,21.86,21.66,21.77,82000,21.77
2011-05-03,21.94,21.94,21.79,21.88,80000,21.88
2011-05-02,21.99,22.03,21.91,21.91,106000,21.91
2011-04-29,22.00,22.00,21.86,21.98,85000,21.98
2011-04-28,21.89,22.00,21.85,21.95,158800,21.95
2011-04-27,21.74,21.90,21.71,21.88,91500,21.88
2011-04-26,21.61,21.72,21.52,21.71,145300,21.71
2011-04-25,21.48,21.54,21.43,21.54,161200,21.54
2011-04-21,21.57,21.57,21.25,21.51,75900,21.51
2011-04-20,21.45,21.49,21.44,21.49,94700,21.49
2011-04-19,21.22,21.25,21.15,21.25,264300,21.25
2011-04-18,21.18,21.31,21.09,21.15,197600,21.15
2011-04-15,21.29,21.42,21.29,21.40,261800,21.40
2011-04-14,21.19,21.32,21.13,21.31,67700,21.31
2011-04-13,21.33,21.33,21.13,21.23,92100,21.23
2011-04-12,21.26,21.31,21.16,21.23,132000,21.23
2011-04-11,21.41,21.48,21.33,21.37,171000,21.37
2011-04-08,21.56,21.56,21.34,21.41,147000,21.41
2011-04-07,21.50,21.51,21.37,21.45,92300,21.45
2011-04-06,21.54,21.54,21.41,21.50,204200,21.50
2011-04-05,21.33,21.49,21.33,21.43,253300,21.43
2011-04-04,21.32,21.40,21.32,21.40,332700,21.40
2011-04-01,21.41,21.44,21.28,21.35,121200,21.35
2011-03-31,21.32,21.32,21.22,21.25,65000,21.25
2011-03-30,21.22,21.50,21.16,21.24,92100,21.24
2011-03-29,21.11,21.11,20.96,21.10,204300,21.10
2011-03-28,21.08,21.15,21.04,21.05,178000,21.05
2011-03-25,21.04,21.25,20.99,21.04,313800,21.04
2011-03-24,21.17,21.28,21.11,21.24,90700,20.98
2011-03-23,21.04,21.15,21.00,21.13,67900,20.87
2011-03-22,21.14,21.15,21.06,21.10,104900,20.84
2011-03-21,21.09,21.14,21.02,21.12,99000,20.86
2011-03-18,20.95,20.96,20.79,20.83,103000,20.58
2011-03-17,20.77,20.78,20.64,20.72,106700,20.47
2011-03-16,20.72,20.78,20.41,20.53,143700,20.28
2011-03-15,20.60,20.78,20.40,20.73,140400,20.48
2011-03-14,20.93,20.99,20.86,20.93,188400,20.67
2011-03-11,20.88,21.11,20.81,21.07,100500,20.81
2011-03-10,21.15,21.16,20.97,21.00,95500,20.74
2011-03-09,21.26,21.28,21.18,21.24,109800,20.98
2011-03-08,21.14,21.29,21.09,21.27,158400,21.01
2011-03-07,21.29,21.35,21.07,21.15,132400,20.89
2011-03-04,21.33,21.33,21.13,21.26,111800,21.00
2011-03-03,21.24,21.37,21.24,21.35,135200,21.09
2011-03-02,21.09,21.38,21.02,21.10,126000,20.84
2011-03-01,21.30,21.32,21.02,21.04,175000,20.78
2011-02-28,21.23,21.27,21.13,21.26,156700,21.00
2011-02-25,20.94,21.30,20.94,21.11,100200,20.85
2011-02-24,20.86,21.20,20.76,20.89,124400,20.64
2011-02-23,21.04,21.04,20.80,20.90,180400,20.65
2011-02-22,21.16,21.17,20.90,20.93,159400,20.67
2011-02-18,21.23,21.23,21.14,21.18,127800,20.92
2011-02-17,21.06,21.18,21.01,21.18,198300,20.92
2011-02-16,21.06,21.10,21.01,21.06,87600,20.80
2011-02-15,20.97,21.02,20.92,20.98,118800,20.72
2011-02-14,20.98,21.30,20.91,21.00,110800,20.74
2011-02-11,20.78,20.94,20.78,20.93,123300,20.67
2011-02-10,20.82,20.87,20.73,20.87,167500,20.62
2011-02-09,20.83,20.96,20.81,20.87,151400,20.62
2011-02-08,21.17,21.17,20.78,20.86,2315700,20.61
2011-02-07,20.81,20.88,20.77,20.85,132300,20.60
2011-02-04,20.81,20.81,20.67,20.77,156800,20.52
2011-02-03,20.74,20.81,20.66,20.79,192900,20.54
2011-02-02,20.78,20.81,20.74,20.74,188700,20.49
2011-02-01,20.66,20.80,20.62,20.80,175000,20.55
2011-01-31,20.50,20.58,20.46,20.52,77400,20.27
2011-01-28,20.67,20.68,20.41,20.41,61800,20.16
2011-01-27,20.62,20.68,20.57,20.67,136500,20.42
2011-01-26,20.56,20.59,20.47,20.58,169400,20.33
2011-01-25,20.44,20.47,20.35,20.47,86900,20.22
2011-01-24,20.35,20.49,20.35,20.47,48800,20.22
2011-01-21,20.31,20.43,20.26,20.33,94200,20.08
2011-01-20,20.24,20.26,20.14,20.23,103200,19.98
2011-01-19,20.40,20.41,20.20,20.24,103700,19.99
2011-01-18,20.35,20.42,20.35,20.42,189200,20.17
2011-01-14,20.27,20.41,20.27,20.41,172800,20.16
2011-01-13,20.26,20.36,20.22,20.32,215900,20.07
2011-01-12,20.20,20.30,20.20,20.30,155800,20.05
2011-01-11,20.09,20.15,20.05,20.14,262300,19.89
2011-01-10,19.92,20.09,19.91,20.05,151100,19.81
2011-01-07,20.08,20.14,19.96,20.04,217600,19.80
2011-01-06,20.10,20.14,20.04,20.07,268600,19.83
2011-01-05,20.04,20.14,20.02,20.14,1208800,19.89
2011-01-04,20.21,20.21,20.05,20.14,169800,19.89
2011-01-03,20.20,20.23,20.10,20.16,289100,19.91
2010-12-31,20.05,20.13,20.04,20.07,57800,19.83
2010-12-30,20.05,20.10,19.92,20.04,240500,19.80
2010-12-29,20.00,20.09,20.00,20.04,107500,19.80
2010-12-28,19.95,20.00,19.92,20.00,98900,19.76
2010-12-27,19.96,19.98,19.87,19.98,87700,19.74
2010-12-23,20.21,20.24,20.17,20.22,89900,19.73
2010-12-22,20.13,20.20,20.10,20.20,129300,19.71
2010-12-21,20.14,20.14,20.05,20.11,146300,19.62
2010-12-20,19.98,20.07,19.96,20.04,188000,19.55
2010-12-17,19.91,19.99,19.87,19.98,140300,19.50
2010-12-16,19.85,19.97,19.83,19.97,91900,19.49
2010-12-15,19.98,20.00,19.85,19.87,127600,19.39
2010-12-14,20.03,20.07,19.98,20.01,118400,19.52
2010-12-13,19.99,20.03,19.97,19.99,107800,19.51
2010-12-10,19.92,19.97,19.86,19.97,341000,19.49
2010-12-09,19.94,19.97,19.82,19.85,124500,19.37
2010-12-08,19.92,19.98,19.85,19.90,332700,19.42
2010-12-07,20.00,20.07,19.93,19.94,235000,19.46
2010-12-06,19.87,19.96,19.87,19.92,417500,19.44
2010-12-03,19.87,20.00,19.87,19.98,410000,19.50
2010-12-02,19.76,19.98,19.76,19.97,225700,19.49
2010-12-01,19.80,19.85,19.75,19.81,135000,19.33
2010-11-30,19.57,19.62,19.50,19.56,90400,19.09
2010-11-29,19.62,19.69,19.47,19.68,135900,19.20
2010-11-26,19.69,19.77,19.64,19.70,35500,19.22
2010-11-24,19.77,19.82,19.72,19.81,101900,19.33
2010-11-23,19.62,19.66,19.54,19.63,98600,19.15
2010-11-22,19.85,19.86,19.68,19.84,105300,19.36
2010-11-19,19.81,19.89,19.70,19.88,98300,19.40
2010-11-18,19.79,19.85,19.78,19.83,124200,19.35
2010-11-17,19.50,19.64,19.48,19.60,449400,19.12
2010-11-16,19.80,19.80,19.39,19.50,130900,19.03
2010-11-15,19.99,20.10,19.81,19.85,101100,19.37
2010-11-12,19.95,20.00,19.80,19.87,116500,19.39
2010-11-11,20.03,20.07,19.99,20.05,68100,19.56
2010-11-10,20.07,20.11,19.92,20.11,90200,19.62
2010-11-09,20.34,20.34,20.05,20.12,160000,19.63
2010-11-08,20.29,20.32,20.21,20.26,162900,19.77
2010-11-05,20.33,20.35,20.26,20.34,118100,19.85
2010-11-04,20.14,20.28,20.13,20.27,335200,19.78
2010-11-03,19.93,19.98,19.80,19.97,233200,19.49
2010-11-02,19.96,19.99,19.87,19.96,160400,19.48
2010-11-01,19.93,19.95,19.70,19.79,163700,19.31
2010-10-29,19.78,19.84,19.73,19.82,58500,19.34
2010-10-28,19.87,19.91,19.67,19.77,71800,19.29
2010-10-27,19.74,19.90,19.56,19.73,126000,19.25
2010-10-26,19.75,19.82,19.71,19.79,50500,19.31
2010-10-25,19.95,19.96,19.80,19.83,95100,19.35
2010-10-22,19.84,19.96,19.75,19.81,489100,19.33
2010-10-21,19.91,19.96,19.67,19.79,102800,19.31
2010-10-20,19.68,19.85,19.66,19.79,158800,19.31
2010-10-19,19.71,19.92,19.51,19.59,120000,19.11
2010-10-18,19.75,19.87,19.72,19.86,106500,19.38
2010-10-15,19.88,19.88,19.66,19.73,70200,19.25
2010-10-14,19.78,19.88,19.69,19.76,77200,19.28
2010-10-13,19.76,19.86,19.68,19.80,112000,19.32
2010-10-12,19.49,19.65,19.46,19.64,95700,19.16
2010-10-11,19.60,19.61,19.54,19.58,90600,19.10
2010-10-08,19.49,19.59,19.42,19.56,87000,19.09
2010-10-07,19.57,19.57,19.37,19.44,166100,18.97
2010-10-06,19.47,19.49,19.40,19.44,1466800,18.97
2010-10-05,19.26,19.48,19.25,19.45,180000,18.98
2010-10-04,19.26,19.28,19.10,19.18,102100,18.71
2010-10-01,19.33,19.34,19.18,19.24,151600,18.77
2010-09-30,19.34,19.35,19.10,19.18,184100,18.71
2010-09-29,19.19,19.25,19.11,19.20,70500,18.73
2010-09-28,19.12,19.22,18.97,19.18,88000,18.71
2010-09-27,19.16,19.17,19.05,19.06,129700,18.60
2010-09-24,19.02,19.16,18.94,19.16,388500,18.70
2010-09-23,19.09,19.20,19.02,19.06,108500,18.38
2010-09-22,19.26,19.34,19.17,19.22,188900,18.53
2010-09-21,19.33,19.34,19.16,19.25,213400,18.56
2010-09-20,19.16,19.35,19.09,19.28,301100,18.59
2010-09-17,19.16,19.39,18.97,19.08,342200,18.40
2010-09-16,19.07,19.09,19.01,19.09,223600,18.41
2010-09-15,19.06,19.11,18.97,19.11,167200,18.43
2010-09-14,19.06,19.13,18.98,19.08,144200,18.40
2010-09-13,19.15,19.15,19.02,19.08,188300,18.40
2010-09-10,18.97,18.98,18.89,18.96,171900,18.28
2010-09-09,19.05,19.05,18.82,18.89,218900,18.21
2010-09-08,18.81,18.88,18.76,18.79,246100,18.12
2010-09-07,18.91,18.91,18.70,18.71,274600,18.04
2010-09-03,18.97,18.97,18.84,18.95,275100,18.27
2010-09-02,18.75,18.81,18.68,18.77,244800,18.10
2010-09-01,18.57,18.69,18.50,18.69,192200,18.02
2010-08-31,18.28,18.38,18.21,18.31,241600,17.65
2010-08-30,18.46,18.50,18.31,18.32,182600,17.66
2010-08-27,18.36,18.50,18.17,18.49,68800,17.83
2010-08-26,18.34,18.41,18.18,18.21,314400,17.56
2010-08-25,18.16,18.36,18.08,18.34,207100,17.68
2010-08-24,18.29,18.73,18.19,18.31,115700,17.65
2010-08-23,18.56,18.60,18.42,18.43,118700,17.77
2010-08-20,18.45,18.77,18.32,18.45,122600,17.79
2010-08-19,18.66,18.69,18.42,18.50,160400,17.84
2010-08-18,18.71,18.78,18.59,18.75,211300,18.08
2010-08-17,18.73,18.78,18.62,18.72,110300,18.05
2010-08-16,18.41,18.56,18.37,18.53,50300,17.87
2010-08-13,18.46,18.55,18.44,18.50,72700,17.84
2010-08-12,18.32,18.46,18.22,18.41,114700,17.75
2010-08-11,18.73,18.94,18.45,18.48,135900,17.82
2010-08-10,18.80,18.97,18.72,18.90,118800,18.22
2010-08-09,18.98,19.01,18.91,18.98,118700,18.30
2010-08-06,18.88,19.00,18.70,18.90,237300,18.22
2010-08-05,18.92,19.00,18.84,18.91,191700,18.23
2010-08-04,18.92,19.05,18.83,18.95,1576000,18.27
2010-08-03,18.85,18.91,18.73,18.83,225400,18.16
2010-08-02,18.85,18.90,18.76,18.90,214200,18.22
2010-07-30,18.42,18.61,18.34,18.61,76500,17.94
2010-07-29,18.78,18.79,18.43,18.57,193200,17.91
2010-07-28,18.75,18.75,18.56,18.63,146500,17.96
2010-07-27,18.88,18.99,18.66,18.76,403800,18.09
2010-07-26,18.63,18.75,18.51,18.74,390300,18.07
2010-07-23,18.37,18.55,18.30,18.51,221200,17.85
2010-07-22,18.28,18.40,18.23,18.38,78100,17.72
2010-07-21,18.38,18.38,17.93,17.99,139800,17.35
2010-07-20,17.86,18.21,17.86,18.17,64200,17.52
2010-07-19,18.00,18.07,17.88,18.05,100700,17.40
2010-07-16,18.20,18.20,17.88,17.88,55700,17.24
2010-07-15,18.26,18.27,18.02,18.26,95200,17.61
2010-07-14,18.24,18.42,18.13,18.23,90300,17.58
2010-07-13,18.13,18.27,18.11,18.17,139100,17.52
2010-07-12,18.01,18.03,17.91,17.99,82300,17.35
2010-07-09,17.95,18.04,17.88,18.04,103900,17.39
2010-07-08,18.00,18.00,17.74,17.92,189000,17.28
2010-07-07,17.49,17.78,17.27,17.75,459200,17.11
2010-07-06,17.38,17.68,17.16,17.25,442600,16.63
2010-07-02,17.28,17.33,17.11,17.20,116700,16.58
2010-07-01,17.34,17.34,17.01,17.24,130100,16.62
2010-06-30,17.44,17.53,17.25,17.25,64300,16.63
2010-06-29,17.54,17.56,17.29,17.36,120100,16.74
2010-06-28,17.70,17.84,17.64,17.79,50800,17.15
2010-06-25,17.61,17.77,17.56,17.75,61300,17.11
2010-06-24,17.73,17.86,17.56,17.58,51100,16.95
2010-06-23,18.02,18.12,17.88,18.02,194600,17.12
2010-06-22,18.32,18.39,18.03,18.04,88100,17.14
2010-06-21,18.50,18.63,18.25,18.35,86900,17.44
2010-06-18,18.34,18.37,18.28,18.36,38800,17.45
2010-06-17,18.30,18.37,18.18,18.36,270000,17.45
2010-06-16,18.17,18.37,18.17,18.29,40500,17.38
2010-06-15,18.09,18.31,18.08,18.31,46800,17.40
2010-06-14,17.98,18.11,17.97,17.97,61500,17.08
2010-06-11,17.63,17.87,17.61,17.87,37300,16.98
2010-06-10,17.55,17.78,17.55,17.77,32300,16.89
2010-06-09,17.42,17.59,17.36,17.38,19300,16.51
2010-06-08,17.14,17.36,17.09,17.36,100500,16.50
2010-06-07,17.32,17.46,17.16,17.16,106300,16.31
2010-06-04,17.48,17.66,17.26,17.30,194800,16.44
2010-06-03,17.89,17.92,17.74,17.84,155200,16.95
2010-06-02,17.49,17.79,17.49,17.79,43100,16.90
2010-06-01,17.56,17.81,17.30,17.45,58800,16.58
2010-05-28,17.96,17.96,17.69,17.80,60500,16.91
2010-05-27,17.60,17.90,17.59,17.90,54800,17.01
2010-05-26,17.41,17.62,17.34,17.39,145900,16.52
2010-05-25,17.05,17.30,16.80,17.30,230800,16.44
2010-05-24,17.52,17.59,17.36,17.36,124200,16.50
2010-05-21,17.11,17.54,16.79,17.47,214600,16.60
2010-05-20,17.64,17.72,17.31,17.31,345200,16.45
2010-05-19,18.01,18.14,17.73,17.96,137100,17.07
2010-05-18,18.49,18.56,18.10,18.12,97600,17.22
2010-05-17,18.41,18.50,18.09,18.38,38200,17.46
2010-05-14,18.62,18.62,18.28,18.37,93000,17.46
2010-05-13,18.76,18.86,18.67,18.72,60900,17.79
2010-05-12,18.58,18.82,18.58,18.80,61400,17.86
2010-05-11,18.34,18.76,18.15,18.60,293600,17.67
2010-05-10,18.32,18.57,18.25,18.51,164200,17.59
2010-05-07,17.82,17.98,17.45,17.76,349700,16.88
2010-05-06,18.45,18.54,11.76,17.92,690300,17.03
2010-05-05,18.78,18.78,18.43,18.53,284700,17.61
2010-05-04,19.04,19.09,18.78,18.84,104100,17.90
2010-05-03,19.04,19.26,19.03,19.25,55300,18.29
2010-04-30,19.20,19.26,19.03,19.06,24700,18.11
2010-04-29,19.14,19.25,19.13,19.21,36000,18.25
2010-04-28,19.01,19.05,18.91,18.99,34500,18.04
2010-04-27,19.25,19.33,18.95,18.99,87200,18.04
2010-04-26,19.42,19.46,19.35,19.37,55200,18.41
2010-04-23,19.32,19.42,19.22,19.38,37400,18.41
2010-04-22,19.13,19.32,19.10,19.32,62000,18.36
2010-04-21,19.29,19.29,19.17,19.27,77300,18.31
2010-04-20,19.09,19.21,19.09,19.20,59400,18.24
2010-04-19,18.97,19.05,18.87,19.05,105700,18.10
2010-04-16,19.19,19.19,18.94,19.00,91400,18.05
2010-04-15,19.30,19.31,19.22,19.25,43300,18.29
2010-04-14,19.24,19.29,19.19,19.27,95600,18.31
2010-04-13,19.12,19.20,19.02,19.20,107100,18.24
2010-04-12,19.14,19.17,19.07,19.15,84600,18.20
2010-04-09,19.05,19.13,18.98,19.10,30800,18.15
2010-04-08,18.91,19.03,18.90,18.98,93600,18.03
2010-04-07,19.07,19.12,18.93,18.98,1395300,18.03
2010-04-06,18.98,19.17,18.97,19.13,144600,18.18
2010-04-05,18.87,19.07,18.87,19.04,148200,18.09
2010-04-01,18.77,18.91,18.77,18.86,83200,17.92
2010-03-31,18.75,18.81,18.72,18.74,67200,17.81
2010-03-30,18.81,18.83,18.73,18.79,62800,17.85
2010-03-29,18.71,18.75,18.64,18.75,77000,17.82
2010-03-26,18.71,18.72,18.59,18.62,78800,17.69
2010-03-25,18.81,18.85,18.65,18.66,167200,17.73
2010-03-24,18.97,19.00,18.91,18.95,65500,17.80
2010-03-23,18.98,19.07,18.93,19.07,57900,17.91
2010-03-22,18.78,18.97,18.74,18.95,135100,17.80
2010-03-19,19.05,19.05,18.85,18.89,160600,17.74
2010-03-18,19.09,19.09,19.00,19.05,116700,17.89
2010-03-17,19.02,19.11,19.02,19.11,101600,17.95
2010-03-16,18.87,18.99,18.84,18.99,90300,17.83
2010-03-15,18.83,18.83,18.71,18.81,226300,17.66
2010-03-12,18.84,18.84,18.77,18.82,87100,17.67
2010-03-11,18.65,18.78,18.60,18.78,88000,17.64
2010-03-10,18.60,18.72,18.60,18.71,70500,17.57
2010-03-09,18.56,18.66,18.54,18.62,426100,17.49
2010-03-08,18.58,18.60,18.55,18.60,233100,17.47
2010-03-05,18.43,18.55,18.39,18.55,170400,17.42
2010-03-04,18.36,18.37,18.23,18.35,320200,17.23
2010-03-03,18.39,18.42,18.27,18.30,178500,17.19
2010-03-02,18.26,18.37,18.26,18.32,269000,17.20
2010-03-01,18.12,18.27,18.10,18.27,124900,17.16
2010-02-26,18.08,18.11,17.98,18.10,67200,17.00
2010-02-25,17.97,18.09,17.86,18.08,156000,16.98
2010-02-24,18.01,18.10,17.97,18.10,75200,17.00
2010-02-23,18.13,18.13,17.94,17.97,54700,16.88
2010-02-22,18.25,18.26,18.10,18.14,137600,17.04
2010-02-19,18.10,18.19,18.02,18.15,216300,17.05
2010-02-18,18.01,18.12,17.98,18.11,152900,17.01
2010-02-17,17.97,18.01,17.94,17.99,66300,16.89
2010-02-16,17.73,17.94,17.73,17.93,115200,16.84
2010-02-12,17.50,17.61,17.41,17.61,100500,16.54
2010-02-11,17.39,17.59,17.30,17.59,61500,16.52
2010-02-10,17.42,17.50,17.27,17.41,78800,16.35
2010-02-09,17.38,17.53,17.30,17.44,90500,16.38
2010-02-08,17.40,17.42,17.24,17.26,64100,16.21
2010-02-05,17.46,17.46,17.02,17.38,335500,16.32
2010-02-04,17.80,17.85,17.43,17.44,210100,16.38
2010-02-03,17.97,18.01,17.89,17.93,1409200,16.84
2010-02-02,17.82,18.03,17.77,18.02,123600,16.92
2010-02-01,17.58,17.80,17.56,17.76,168200,16.68
2010-01-29,17.74,17.80,17.50,17.54,127300,16.47
2010-01-28,17.90,17.90,17.61,17.71,59100,16.63
2010-01-27,17.82,17.86,17.70,17.86,67700,16.77
2010-01-26,17.90,17.99,17.81,17.88,182000,16.79
2010-01-25,17.98,18.01,17.89,17.95,55100,16.86
2010-01-22,18.14,18.14,17.84,17.88,135400,16.79
2010-01-21,18.47,18.50,18.15,18.16,106200,17.05
2010-01-20,18.51,18.52,18.31,18.46,158800,17.34
2010-01-19,18.35,18.57,18.35,18.56,68200,17.43
2010-01-15,18.43,18.44,18.27,18.34,172500,17.22
2010-01-14,18.41,18.46,18.37,18.43,264600,17.31
2010-01-13,18.36,18.44,18.27,18.43,91200,17.31
2010-01-12,18.34,18.38,18.27,18.33,196200,17.21
2010-01-11,18.42,18.47,18.36,18.44,142700,17.32
2010-01-08,18.27,18.34,18.22,18.34,169900,17.22
2010-01-07,18.26,18.30,18.16,18.29,183500,17.18
2010-01-06,18.21,18.30,18.21,18.25,1521300,17.14
2010-01-05,18.14,18.24,18.11,18.23,274400,17.12
2010-01-04,18.05,18.27,18.05,18.18,87800,17.07
2009-12-31,18.13,18.13,17.92,17.92,31400,16.83
2009-12-30,18.08,18.12,18.01,18.09,310000,16.99
2009-12-29,18.17,18.17,18.05,18.09,121200,16.99
2009-12-28,18.13,18.18,18.04,18.07,73600,16.97
2009-12-24,17.96,18.11,17.96,18.11,57900,17.01
2009-12-23,18.15,18.24,18.15,18.23,169500,16.91
2009-12-22,18.11,18.16,18.08,18.15,171500,16.84
2009-12-21,18.01,18.13,18.01,18.08,536100,16.77
2009-12-18,17.95,18.00,17.85,17.93,166500,16.63
2009-12-17,17.93,17.93,17.82,17.89,133000,16.60
2009-12-16,18.05,18.08,17.99,18.03,86600,16.73
2009-12-15,17.98,18.01,17.88,17.95,113000,16.65
2009-12-14,17.88,18.02,17.88,18.02,138100,16.72
2009-12-11,17.80,17.85,17.72,17.84,84400,16.55
2009-12-10,17.64,17.75,17.64,17.71,117300,16.43
2009-12-09,17.55,17.65,17.52,17.64,97000,16.36
2009-12-08,17.64,17.72,17.54,17.60,188500,16.33
2009-12-07,17.80,17.88,17.77,17.80,117700,16.51
2009-12-04,17.79,18.01,17.66,17.82,183400,16.53
2009-12-03,17.82,17.99,17.71,17.71,182400,16.43
2009-12-02,17.68,17.83,17.68,17.78,111000,16.49
2009-12-01,17.94,17.94,17.64,17.72,193800,16.44
2009-11-30,17.42,17.53,17.38,17.52,257200,16.25
2009-11-27,17.30,17.55,17.26,17.47,132900,16.21
2009-11-25,17.60,17.74,17.58,17.72,104600,16.44
2009-11-24,17.62,17.64,17.46,17.60,347400,16.33
2009-11-23,17.62,17.80,17.55,17.55,68800,16.28
2009-11-20,17.39,17.49,17.36,17.41,61700,16.15
2009-11-19,17.57,17.57,17.35,17.46,60700,16.20
2009-11-18,17.65,17.99,17.56,17.63,46400,16.36
2009-11-17,17.61,17.65,17.47,17.65,105500,16.37
2009-11-16,17.44,17.68,17.44,17.64,49400,16.36
2009-11-13,17.35,17.45,17.23,17.38,55500,16.12
2009-11-12,17.43,17.50,17.28,17.30,38500,16.05
2009-11-11,17.55,17.61,17.40,17.46,83000,16.20
2009-11-10,17.42,17.46,17.33,17.43,162600,16.17
2009-11-09,17.24,17.45,17.19,17.43,126400,16.17
2009-11-06,16.99,17.12,16.99,17.10,48000,15.86
2009-11-05,17.00,17.14,16.98,17.12,77400,15.88
2009-11-04,16.91,17.04,16.84,16.87,85200,15.65
2009-11-03,16.69,16.84,16.62,16.80,775000,15.59
2009-11-02,16.69,16.89,16.56,16.76,1335000,15.55
2009-10-30,17.02,17.03,16.63,16.68,46800,15.47
2009-10-29,16.78,17.08,16.65,17.04,66500,15.81
2009-10-28,17.08,17.11,16.70,16.70,40700,15.49
2009-10-27,17.13,17.23,17.09,17.11,39700,15.87
2009-10-26,17.39,17.52,17.12,17.13,58700,15.89
2009-10-23,17.57,17.57,17.30,17.34,90000,16.09
2009-10-22,17.32,17.55,17.29,17.53,76200,16.26
2009-10-21,17.37,17.55,17.31,17.31,155300,16.06
2009-10-20,17.53,17.53,17.36,17.42,131800,16.16
2009-10-19,17.33,17.55,17.31,17.49,160400,16.23
2009-10-16,17.30,17.39,17.22,17.36,66600,16.10
2009-10-15,17.24,17.37,17.24,17.34,60200,16.09
2009-10-14,17.23,17.31,17.16,17.30,45100,16.05
2009-10-13,17.07,17.11,16.97,17.07,38400,15.84
2009-10-12,17.08,17.19,17.08,17.11,61400,15.87
2009-10-09,16.96,17.13,16.94,17.03,41800,15.80
2009-10-08,16.92,17.01,16.91,16.98,91900,15.75
2009-10-07,16.80,16.80,16.73,16.78,53600,15.57
2009-10-06,16.75,16.89,16.73,16.81,42800,15.59
2009-10-05,16.35,16.64,16.35,16.60,300300,15.40
2009-10-02,16.39,16.44,16.26,16.38,82800,15.20
2009-10-01,16.82,16.82,16.48,16.48,1324400,15.29
2009-09-30,16.86,16.93,16.69,16.86,40700,15.64
2009-09-29,16.91,16.94,16.79,16.86,74700,15.64
2009-09-28,16.63,16.91,16.63,16.86,58300,15.64
2009-09-25,16.68,16.74,16.58,16.63,111400,15.43
2009-09-24,16.96,17.02,16.60,16.67,97900,15.46
2009-09-23,17.25,17.34,17.07,17.10,38800,15.65
2009-09-22,17.14,17.21,17.08,17.21,54500,15.75
2009-09-21,16.90,17.05,16.87,16.98,34900,15.54
2009-09-18,17.09,17.13,16.99,17.07,79000,15.62
2009-09-17,17.01,17.23,16.98,17.07,134900,15.62
2009-09-16,16.94,17.09,16.89,17.09,52000,15.64
2009-09-15,16.71,16.87,16.66,16.83,70500,15.40
2009-09-14,16.51,16.75,16.45,16.75,36300,15.33
2009-09-11,16.60,16.67,16.53,16.61,43600,15.20
2009-09-10,16.52,16.60,16.40,16.59,46000,15.19
2009-09-09,16.30,16.50,16.30,16.47,48000,15.08
2009-09-08,16.17,16.38,16.17,16.32,53900,14.94
2009-09-04,16.06,16.18,15.95,16.15,57300,14.78
2009-09-03,15.99,15.99,15.86,15.99,62100,14.64
2009-09-02,16.00,16.02,15.90,15.92,120900,14.57
2009-09-01,16.35,16.47,16.02,16.07,1467100,14.71
2009-08-31,16.42,16.42,16.28,16.37,30000,14.98
2009-08-28,16.69,16.69,16.38,16.53,29000,15.13
2009-08-27,16.53,16.56,16.26,16.48,79000,15.08
2009-08-26,16.50,16.52,16.35,16.47,41100,15.08
2009-08-25,16.48,16.60,16.44,16.49,40500,15.09
2009-08-24,16.40,16.53,16.34,16.38,28300,14.99
2009-08-21,16.23,16.40,16.23,16.39,34500,15.00
2009-08-20,16.01,16.12,15.97,16.11,28800,14.75
2009-08-19,15.68,15.96,15.68,15.94,52200,14.59
2009-08-18,15.66,15.90,15.66,15.88,34700,14.54
2009-08-17,15.87,15.87,15.63,15.69,48700,14.36
2009-08-14,16.15,16.19,15.93,16.11,80800,14.75
2009-08-13,16.25,16.26,16.12,16.25,26300,14.87
2009-08-12,16.05,16.25,16.04,16.16,65300,14.79
2009-08-11,16.22,16.24,15.91,16.02,57200,14.66
2009-08-10,16.19,16.30,16.14,16.23,69800,14.86
2009-08-07,16.09,16.40,16.08,16.31,75100,14.93
2009-08-06,16.11,16.18,15.93,15.96,254600,14.61
2009-08-05,16.02,16.13,15.89,16.10,105800,14.74
2009-08-04,15.97,16.10,15.85,16.07,123900,14.71
2009-08-03,15.89,16.00,15.75,15.98,156600,14.63
2009-07-31,15.65,15.83,15.56,15.72,302100,14.39
2009-07-30,15.59,15.72,15.53,15.63,72700,14.31
2009-07-29,15.58,15.58,15.29,15.45,90200,14.14
2009-07-28,15.64,15.64,15.42,15.57,82800,14.25
2009-07-27,15.57,15.68,15.50,15.68,149900,14.35
2009-07-24,15.44,15.53,15.32,15.53,120200,14.21
2009-07-23,15.15,15.48,15.10,15.45,115200,14.14
2009-07-22,14.99,15.14,14.94,15.10,89900,13.82
2009-07-21,15.16,15.19,14.95,15.06,107200,13.78
2009-07-20,14.97,15.06,14.89,15.06,68200,13.78
2009-07-17,14.89,14.89,14.76,14.85,47500,13.59
2009-07-16,14.64,14.93,14.64,14.88,47500,13.62
2009-07-15,14.57,14.75,14.50,14.73,94300,13.48
2009-07-14,14.28,14.33,14.14,14.33,30400,13.12
2009-07-13,13.97,14.21,13.88,14.20,38700,13.00
2009-07-10,13.86,13.94,13.80,13.93,42400,12.75
2009-07-09,13.85,13.98,13.85,13.88,38700,12.70
2009-07-08,13.90,13.96,13.69,13.78,34000,12.61
2009-07-07,14.32,14.32,13.93,13.95,255100,12.77
2009-07-06,14.17,14.22,14.00,14.22,447400,13.02
2009-07-02,14.42,14.42,14.21,14.27,51300,13.06
2009-07-01,14.51,14.66,14.51,14.61,17200,13.37
2009-06-30,14.84,14.84,14.32,14.45,87200,13.23
2009-06-29,14.40,14.58,14.33,14.52,92000,13.29
2009-06-26,14.32,14.41,14.22,14.34,249700,13.13
2009-06-25,14.01,14.34,13.98,14.34,56800,13.13
2009-06-24,13.96,14.28,13.96,14.07,316500,12.88
2009-06-23,14.05,14.21,14.00,14.08,43500,12.69
2009-06-22,14.59,14.60,14.09,14.10,139200,12.71
2009-06-19,14.60,14.68,14.53,14.54,73900,13.10
2009-06-18,14.43,14.58,14.39,14.58,68900,13.14
2009-06-17,14.54,14.54,14.32,14.45,68800,13.02
2009-06-16,14.85,14.85,14.46,14.53,100600,13.10
2009-06-15,14.87,15.24,14.65,14.73,85100,13.28
2009-06-12,15.20,15.44,14.93,15.18,86900,13.68
2009-06-11,15.14,15.27,14.93,15.14,147900,13.65
2009-06-10,15.49,15.49,14.85,15.04,395900,13.56
2009-06-09,15.19,15.21,14.95,15.09,462300,13.60
2009-06-08,15.91,15.91,14.80,15.07,295500,13.58
2009-06-05,15.71,15.71,14.92,15.14,525600,13.65
2009-06-04,15.07,15.30,14.94,15.15,575300,13.65
2009-06-03,15.16,15.51,14.91,15.03,396400,13.55
2009-06-02,15.56,15.56,15.03,15.18,63600,13.68
2009-06-01,14.92,15.30,14.92,15.20,47400,13.70
2009-05-29,14.58,14.73,14.45,14.73,41300,13.28
2009-05-28,14.20,14.46,14.08,14.42,50800,13.00
2009-05-27,14.49,14.49,14.15,14.16,75000,12.76
2009-05-26,13.99,14.41,13.86,14.41,45700,12.99
2009-05-22,14.10,14.10,13.85,13.98,35800,12.60
2009-05-21,14.18,14.18,13.80,13.95,76900,12.57
2009-05-20,14.12,14.50,13.49,14.14,44400,12.74
2009-05-19,14.16,14.74,14.00,14.18,114500,12.78
2009-05-18,13.48,14.09,13.48,14.03,42000,12.64
2009-05-15,13.55,13.67,13.29,13.36,16900,12.04
2009-05-14,13.36,13.68,13.12,13.60,38500,12.26
2009-05-13,13.75,13.82,13.23,13.23,64100,11.92
2009-05-12,14.43,14.43,13.89,14.14,69900,12.74
2009-05-11,14.80,14.80,14.25,14.30,58100,12.89
2009-05-08,14.39,14.67,14.17,14.65,44100,13.20
2009-05-07,14.48,14.52,13.82,13.89,101400,12.52
2009-05-06,14.25,14.33,13.99,14.28,52600,12.87
2009-05-05,13.84,14.05,13.79,13.99,42000,12.61
2009-05-04,13.18,14.02,13.18,13.93,49000,12.55
2009-05-01,13.11,13.36,13.08,13.29,30300,11.98
2009-04-30,13.34,13.42,13.10,13.13,53600,11.83
2009-04-29,12.76,13.14,12.76,13.06,68000,11.77
2009-04-28,12.50,12.71,12.40,12.52,54900,11.28
2009-04-27,12.57,12.84,12.51,12.57,17500,11.33
2009-04-24,13.06,13.06,12.59,12.90,27400,11.63
2009-04-23,13.02,13.02,12.24,12.53,26500,11.29
2009-04-22,12.25,12.66,12.24,12.34,68300,11.12
2009-04-21,11.88,12.35,11.58,12.32,38300,11.10
2009-04-20,12.74,13.18,11.86,11.86,79300,10.69
2009-04-17,12.73,12.88,12.50,12.75,49800,11.49
2009-04-16,12.31,12.71,12.21,12.59,52700,11.35
2009-04-15,12.13,12.30,11.86,12.30,29100,11.09
2009-04-14,12.17,12.37,11.95,11.95,29600,10.77
2009-04-13,12.26,12.49,11.94,12.32,38100,11.10
2009-04-09,11.67,12.23,11.67,12.20,92400,11.00
2009-04-08,11.40,11.53,11.27,11.53,22400,10.39
2009-04-07,11.67,11.67,11.25,11.25,18700,10.14
2009-04-06,11.32,11.65,11.32,11.57,20400,10.43
2009-04-03,11.38,11.71,11.30,11.67,12900,10.52
2009-04-02,11.75,12.10,11.35,11.51,36100,10.37
2009-04-01,10.86,11.00,10.51,10.93,34600,9.85
2009-03-31,10.61,10.95,10.49,10.73,25600,9.67
2009-03-30,11.11,11.11,10.35,10.35,16700,9.33
2009-03-27,11.15,11.21,10.99,10.99,60800,9.90
2009-03-26,11.47,11.53,11.39,11.39,29700,10.27
2009-03-25,11.15,11.52,10.75,11.15,181500,10.05
2009-03-24,11.07,11.58,9.95,11.20,41900,9.84
2009-03-23,11.25,11.46,11.11,11.46,17400,10.06
2009-03-20,11.12,11.62,10.50,10.54,26000,9.26
2009-03-19,11.24,11.80,11.00,11.00,88200,9.66
2009-03-18,10.34,11.08,10.11,10.92,21600,9.59
2009-03-17,10.19,10.55,9.97,10.55,31500,9.26
2009-03-16,10.15,11.88,10.05,10.05,23300,8.83
2009-03-13,9.06,10.40,9.06,10.11,20600,8.88
2009-03-12,9.88,10.19,9.42,10.05,35500,8.83
2009-03-11,9.91,9.91,9.32,9.54,30400,8.38
2009-03-10,8.74,9.35,8.74,9.30,99100,8.17
2009-03-09,8.39,8.72,8.39,8.42,39700,7.39
2009-03-06,8.70,8.89,8.44,8.61,11500,7.56
2009-03-05,9.20,9.20,8.73,8.76,62500,7.69
2009-03-04,9.04,9.49,9.04,9.40,22600,8.25
2009-03-03,9.18,9.28,8.98,9.06,28100,7.96
2009-03-02,9.89,9.89,9.21,9.21,31000,8.09
2009-02-27,10.20,10.22,9.70,9.97,21700,8.76
2009-02-26,10.49,10.53,10.17,10.17,34100,8.93
2009-02-25,10.28,10.37,9.91,10.16,43000,8.92
2009-02-24,9.64,10.27,9.64,10.20,33200,8.96
2009-02-23,10.48,10.48,9.70,9.70,29900,8.52
2009-02-20,10.14,10.31,9.75,10.16,216300,8.92
2009-02-19,10.72,10.92,10.39,10.47,56900,9.19
2009-02-18,10.82,10.97,10.56,10.63,142400,9.34
2009-02-17,11.36,11.76,10.75,10.83,131900,9.51
2009-02-13,11.56,12.77,11.42,11.50,23200,10.10
2009-02-12,11.40,11.60,11.22,11.60,46400,10.19
2009-02-11,11.67,11.74,11.41,11.56,30700,10.15
2009-02-10,12.06,12.06,11.50,11.59,33000,10.18
2009-02-09,11.78,12.19,11.68,12.14,16100,10.66
2009-02-06,11.88,12.14,11.61,12.11,18200,10.63
2009-02-05,11.54,11.78,11.34,11.71,23200,10.28
2009-02-04,11.74,11.90,11.59,11.60,18600,10.19
2009-02-03,11.60,11.78,11.53,11.70,13600,10.27
2009-02-02,11.59,11.65,11.42,11.62,43200,10.20
2009-01-30,12.10,12.10,11.64,11.71,50400,10.28
2009-01-29,12.45,12.45,12.03,12.05,79300,10.58
2009-01-28,12.52,12.64,12.42,12.52,28400,10.99
2009-01-27,11.96,12.11,11.90,12.10,21100,10.63
2009-01-26,12.09,12.16,11.82,11.97,36300,10.51
2009-01-23,11.22,11.80,11.22,11.71,20600,10.28
2009-01-22,11.80,12.11,11.44,11.66,14700,10.24
2009-01-21,11.57,11.78,11.31,11.76,8400,10.33
2009-01-20,12.05,12.05,11.27,11.31,38800,9.93
2009-01-16,12.04,12.31,11.88,12.18,19400,10.70
2009-01-15,12.00,12.11,11.50,12.04,36200,10.57
2009-01-14,12.60,12.65,12.00,12.08,23500,10.61
2009-01-13,12.54,12.57,12.38,12.57,8800,11.04
2009-01-12,12.88,12.95,12.35,12.43,46000,10.92
2009-01-09,13.45,13.45,12.98,12.99,44300,11.41
2009-01-08,13.13,13.29,13.03,13.23,20300,11.62
2009-01-07,13.61,13.79,13.14,13.17,22400,11.57
2009-01-06,13.30,13.79,13.30,13.67,98000,12.00
2009-01-05,13.13,13.43,13.00,13.26,35200,11.64
2009-01-02,12.81,13.22,12.70,13.20,24600,11.59
2008-12-31,12.52,12.85,12.45,12.75,53200,11.20
2008-12-30,11.90,12.39,11.90,12.39,31000,10.88
2008-12-29,12.00,12.23,11.88,12.00,42300,10.54
2008-12-26,12.15,12.24,12.08,12.20,8100,10.71
2008-12-24,12.35,12.41,11.98,12.26,58600,10.77
2008-12-23,12.55,12.61,12.29,12.39,42500,10.57
2008-12-22,13.05,13.05,12.29,12.42,54500,10.60
2008-12-19,12.68,12.98,12.62,12.78,25100,10.90
2008-12-18,13.44,13.44,12.52,12.52,58700,10.68
2008-12-17,12.75,13.16,12.67,12.97,30100,11.06
2008-12-16,12.84,12.84,12.28,12.84,29500,10.95
2008-12-15,12.52,12.52,11.92,12.12,20500,10.34
2008-12-12,12.20,12.42,11.80,12.41,31100,10.59
2008-12-11,12.88,12.88,12.10,12.17,17200,10.38
2008-12-10,12.43,12.73,12.43,12.73,18000,10.86
2008-12-09,13.32,13.32,12.30,12.35,36100,10.54
2008-12-08,12.28,12.77,12.28,12.63,92800,10.77
2008-12-05,11.50,12.09,11.29,11.99,15700,10.23
2008-12-04,11.53,12.12,11.53,11.64,25800,9.93
2008-12-03,11.65,11.99,11.49,11.99,9700,10.23
2008-12-02,11.73,11.79,11.50,11.69,9300,9.97
2008-12-01,12.42,12.50,11.43,11.43,11900,9.75
2008-11-28,12.52,12.65,12.45,12.65,23200,10.79
2008-11-26,11.84,12.57,11.84,12.44,15800,10.61
2008-11-25,12.41,12.41,11.72,12.08,40500,10.31
2008-11-24,10.70,11.80,10.70,11.77,16800,10.04
2008-11-21,10.61,10.78,10.09,10.52,67900,8.97
2008-11-20,11.17,11.27,10.34,10.34,46500,8.82
2008-11-19,12.35,12.35,11.53,11.53,180700,9.84
2008-11-18,12.64,12.73,12.01,12.28,56900,10.48
2008-11-17,12.56,13.40,12.55,12.62,16300,10.77
2008-11-14,12.78,13.33,12.78,13.05,16800,11.13
2008-11-13,12.59,13.09,12.15,12.80,38700,10.92
2008-11-12,13.37,13.37,12.65,12.73,23400,10.86
2008-11-11,13.85,13.85,13.39,13.47,32800,11.49
2008-11-10,14.50,15.17,13.83,13.90,21400,11.86
2008-11-07,14.21,14.35,13.96,14.03,19300,11.97
2008-11-06,15.02,15.02,13.88,14.04,32600,11.98
2008-11-05,15.84,15.84,14.60,14.81,18000,12.63
2008-11-04,15.45,15.55,15.12,15.45,77500,13.18
2008-11-03,14.91,14.98,14.70,14.87,29100,12.69
2008-10-31,14.20,14.85,14.19,14.67,45800,12.51
2008-10-30,15.22,15.22,14.04,14.30,24200,12.20
2008-10-29,13.98,14.47,13.78,14.04,57700,11.98
2008-10-28,12.90,13.56,12.80,13.54,33500,11.55
2008-10-27,13.16,13.35,12.81,12.81,28700,10.93
2008-10-24,13.17,13.48,12.94,13.33,15300,11.37
2008-10-23,14.42,14.42,13.17,13.66,28800,11.65
2008-10-22,14.75,14.75,13.64,13.85,24100,11.82
2008-10-21,14.76,15.31,14.76,14.85,18500,12.67
2008-10-20,15.00,15.37,14.78,15.15,11200,12.92
2008-10-17,13.91,15.19,13.91,14.72,48000,12.56
2008-10-16,14.83,14.83,13.50,14.55,12300,12.41
2008-10-15,15.72,15.72,14.23,14.23,22000,12.14
2008-10-14,16.22,16.56,15.06,15.43,31000,13.16
2008-10-13,13.90,15.03,13.90,15.03,37400,12.82
2008-10-10,13.01,14.05,12.50,13.42,48100,11.45
2008-10-09,14.92,15.25,13.19,13.78,76300,11.76
2008-10-08,14.75,15.34,14.29,14.64,67100,12.49
2008-10-07,16.21,16.82,15.47,15.47,88500,13.20
2008-10-06,17.14,17.14,15.66,16.71,44500,14.26
2008-10-03,18.24,18.37,17.46,17.49,16900,14.92
2008-10-02,18.50,18.50,17.83,17.84,42700,15.22
2008-10-01,18.32,18.76,18.32,18.74,21000,15.99
2008-09-30,18.69,18.69,18.15,18.60,21300,15.87
2008-09-29,18.66,19.16,17.46,17.54,57100,14.96
2008-09-26,18.76,19.59,18.76,19.59,32500,16.71
2008-09-25,19.52,19.71,19.50,19.55,7100,16.68
2008-09-24,19.42,19.42,19.20,19.30,9700,16.46
2008-09-23,20.11,20.16,19.65,19.71,15300,16.51
2008-09-22,20.27,20.72,20.05,20.07,36100,16.81
2008-09-19,21.20,22.25,20.49,20.89,20500,17.50
2008-09-18,18.03,19.70,18.03,19.64,31000,16.45
2008-09-17,19.60,19.60,18.49,18.58,20200,15.57
2008-09-16,18.75,19.50,18.64,19.48,88900,16.32
2008-09-15,19.84,19.99,19.56,19.56,9200,16.39
2008-09-12,19.67,20.53,19.67,20.46,17800,17.14
2008-09-11,20.00,20.27,19.83,20.27,11500,16.98
2008-09-10,19.96,20.41,19.96,20.27,13900,16.98
2008-09-09,21.98,21.98,20.24,20.26,20800,16.97
2008-09-08,22.00,22.00,20.75,20.93,8500,17.54
2008-09-05,20.40,20.50,20.10,20.50,11200,17.18
2008-09-04,21.00,21.00,20.49,20.63,11200,17.28
2008-09-03,20.94,21.09,20.88,21.09,4900,17.67
2008-09-02,21.55,21.55,20.83,20.92,75700,17.53
2008-08-29,21.00,21.03,20.91,20.94,6800,17.54
2008-08-28,20.81,21.02,20.80,21.01,10000,17.60
2008-08-27,20.54,20.65,20.52,20.59,5100,17.25
2008-08-26,20.37,20.47,20.32,20.42,14500,17.11
2008-08-25,20.53,20.53,20.36,20.45,79700,17.13
2008-08-22,20.58,20.60,20.43,20.60,12400,17.26
2008-08-21,20.22,20.47,20.22,20.41,11100,17.10
2008-08-20,20.52,20.52,20.26,20.44,9400,17.12
2008-08-19,20.58,20.58,20.35,20.50,4700,17.18
2008-08-18,20.96,20.96,20.62,20.67,4900,17.32
2008-08-15,20.86,20.89,20.83,20.84,5000,17.46
2008-08-14,20.67,20.85,20.67,20.78,4800,17.41
2008-08-13,20.66,20.75,20.50,20.72,4900,17.36
2008-08-12,21.84,21.84,20.68,20.76,15000,17.39
2008-08-11,20.30,21.15,20.30,20.97,44400,17.57
2008-08-08,20.22,20.73,20.22,20.72,4100,17.36
2008-08-07,20.86,20.86,20.33,20.33,11900,17.03
2008-08-06,20.60,20.79,20.55,20.78,9000,17.41
2008-08-05,20.35,20.52,20.30,20.51,7400,17.18
2008-08-04,20.28,20.29,20.19,20.19,8400,16.92
2008-08-01,20.71,20.71,20.28,20.46,6500,17.14
2008-07-31,20.51,20.56,20.33,20.42,8800,17.11
2008-07-30,20.39,20.59,20.33,20.57,7600,17.23
2008-07-29,19.84,20.31,19.84,20.31,8000,17.02
2008-07-28,20.26,20.26,19.87,19.87,11200,16.65
2008-07-25,20.39,20.39,20.02,20.07,9000,16.81
2008-07-24,20.65,20.66,20.04,20.11,9600,16.85
2008-07-23,20.72,20.87,20.58,20.67,16300,17.32
2008-07-22,20.05,20.52,20.00,20.52,6100,17.19
2008-07-21,19.99,20.28,19.99,20.18,13300,16.91
2008-07-18,19.85,20.10,19.85,20.05,9300,16.80
2008-07-17,19.80,20.00,19.80,19.94,9400,16.71
2008-07-16,19.06,19.56,19.04,19.56,17300,16.39
2008-07-15,18.55,19.40,18.55,19.13,13700,16.03
2008-07-14,19.75,19.77,19.45,19.45,12800,16.30
2008-07-11,19.72,19.90,19.60,19.85,10100,16.63
2008-07-10,19.78,20.05,19.78,19.87,6000,16.65
2008-07-09,20.25,20.34,19.86,19.87,15800,16.65
2008-07-08,19.77,20.24,19.62,20.24,10700,16.96
2008-07-07,20.02,20.19,19.66,19.70,27000,16.50
2008-07-03,20.25,20.25,20.01,20.08,19100,16.82
2008-07-02,20.69,20.74,20.28,20.33,14700,17.03
2008-07-01,20.44,20.59,20.34,20.55,10800,17.22
2008-06-30,20.67,20.69,20.55,20.55,13900,17.22
2008-06-27,20.84,20.84,20.56,20.61,36300,17.27
2008-06-26,21.00,21.02,20.78,20.81,32600,17.43
2008-06-25,21.20,21.32,21.15,21.18,11400,17.74
2008-06-24,21.12,21.20,20.92,21.04,22700,17.63
2008-06-23,21.68,21.68,21.47,21.47,14900,17.71
2008-06-20,21.75,21.75,21.54,21.60,22200,17.81
2008-06-19,22.05,22.05,21.75,21.91,11100,18.07
2008-06-18,22.00,22.00,21.84,21.93,12300,18.08
2008-06-17,22.10,22.29,22.10,22.19,6000,18.30
2008-06-16,22.10,22.30,22.10,22.22,2900,18.32
2008-06-13,22.00,22.19,22.00,22.19,5000,18.30
2008-06-12,22.05,22.39,21.91,21.93,21500,18.08
2008-06-11,22.12,22.21,22.05,22.05,10100,18.18
2008-06-10,22.50,22.50,22.28,22.41,19700,18.48
2008-06-09,22.48,22.78,22.44,22.44,23100,18.51
2008-06-06,23.04,23.04,22.65,22.65,15000,18.68
2008-06-05,22.77,23.19,22.63,23.14,5000,19.08
2008-06-04,23.26,23.26,22.70,22.88,27700,18.87
2008-06-03,23.05,23.10,22.81,22.94,8300,18.92
2008-06-02,23.30,23.30,22.93,23.01,10700,18.98
2008-05-30,23.28,23.29,23.21,23.23,10800,19.16
2008-05-29,23.06,23.35,23.06,23.24,25000,19.17
2008-05-28,23.21,23.21,23.03,23.12,8800,19.07
2008-05-27,23.05,23.14,22.99,23.11,27400,19.06
2008-05-23,23.05,23.11,22.96,23.03,23400,18.99
2008-05-22,23.22,23.30,23.19,23.23,14500,19.16
2008-05-21,23.42,23.48,23.13,23.20,14000,19.13
2008-05-20,23.44,23.44,23.28,23.36,95400,19.26
2008-05-19,23.54,23.66,23.48,23.48,8200,19.36
2008-05-16,23.60,23.60,23.37,23.51,8500,19.39
2008-05-15,23.41,23.56,23.34,23.56,13300,19.43
2008-05-14,23.42,23.53,23.39,23.42,11700,19.31
2008-05-13,24.38,24.38,23.23,23.33,10800,19.24
2008-05-12,23.21,23.33,23.14,23.29,19200,19.21
2008-05-09,22.76,23.13,22.76,23.03,15900,18.99
2008-05-08,23.05,23.15,23.00,23.00,9000,18.97
2008-05-07,23.35,23.46,23.10,23.10,22100,19.05
2008-05-06,23.13,23.42,23.07,23.38,51000,19.28
2008-05-05,23.31,23.31,23.14,23.20,17800,19.13
2008-05-02,23.48,23.48,23.23,23.24,22300,19.17
2008-05-01,22.89,23.28,22.89,23.21,8000,19.14
2008-04-30,23.05,23.11,22.92,22.92,19300,18.90
2008-04-29,23.11,23.11,22.96,23.00,12300,18.97
2008-04-28,23.07,23.14,22.93,23.08,14500,19.03
2008-04-25,23.01,23.02,22.74,23.02,15900,18.98
2008-04-24,22.51,22.86,22.48,22.84,52300,18.84
2008-04-23,22.58,22.65,22.48,22.51,7900,18.56
2008-04-22,22.66,22.66,22.39,22.45,15000,18.51
2008-04-21,22.81,22.81,22.65,22.72,4000,18.74
2008-04-18,22.91,22.96,22.84,22.84,5700,18.84
2008-04-17,22.46,22.65,22.44,22.60,10500,18.64
2008-04-16,22.14,22.55,22.14,22.55,7700,18.60
2008-04-15,21.91,22.00,21.86,22.00,13800,18.14
2008-04-14,21.99,21.99,21.81,21.83,20400,18.00
2008-04-11,22.10,22.17,21.95,21.97,14000,18.12
2008-04-10,22.13,22.39,22.13,22.28,10400,18.37
2008-04-09,22.82,22.82,22.21,22.25,13600,18.35
2008-04-08,22.62,22.65,22.50,22.56,8300,18.60
2008-04-07,23.00,23.05,22.72,22.74,5100,18.75
2008-04-04,22.78,22.85,22.64,22.66,12700,18.69
2008-04-03,22.53,22.75,22.52,22.73,13200,18.74
2008-04-02,22.46,22.75,22.46,22.75,9000,18.76
2008-04-01,22.07,22.55,22.07,22.49,24400,18.55
2008-03-31,21.82,22.00,21.75,21.80,22800,17.98
2008-03-28,22.12,22.12,21.75,21.75,13600,17.94
2008-03-27,22.42,22.42,22.06,22.06,7200,18.19
2008-03-26,22.39,22.39,22.17,22.26,23800,18.36
2008-03-25,22.38,22.44,22.24,22.41,10300,18.48
2008-03-24,22.42,22.81,22.42,22.64,30000,18.37
2008-03-20,21.84,22.29,21.84,22.29,13900,18.09
2008-03-19,22.36,22.36,21.75,21.75,6600,17.65
2008-03-18,21.53,22.09,21.53,22.09,29600,17.92
2008-03-17,21.00,21.52,21.00,21.44,21500,17.40
2008-03-14,22.35,22.35,21.57,21.73,44900,17.63
2008-03-13,21.78,22.18,21.64,22.15,18300,17.97
2008-03-12,22.28,22.43,22.07,22.07,22200,17.91
2008-03-11,21.57,22.02,21.57,22.02,22600,17.87
2008-03-10,21.69,21.74,21.08,21.08,22000,17.10
2008-03-07,21.41,21.88,21.41,21.74,29100,17.64
2008-03-06,22.06,22.06,21.69,21.72,26600,17.62
2008-03-05,22.36,22.49,22.17,22.29,27200,18.09
2008-03-04,22.29,22.32,22.08,22.29,25900,18.09
2008-03-03,22.41,22.50,22.29,22.43,18700,18.20
2008-02-29,22.85,22.85,22.46,22.53,30500,18.28
2008-02-28,23.19,23.23,23.01,23.08,25000,18.73
2008-02-27,23.44,23.63,23.33,23.40,22800,18.99
2008-02-26,23.30,23.66,23.30,23.54,37200,19.10
2008-02-25,22.96,23.32,22.92,23.31,27200,18.91
2008-02-22,22.75,22.91,22.45,22.91,21300,18.59
2008-02-21,23.12,23.13,22.65,22.65,14700,18.38
2008-02-20,22.63,23.05,22.63,23.00,9700,18.66
2008-02-19,23.17,23.17,22.73,22.74,23600,18.45
2008-02-15,22.76,22.81,22.57,22.78,27000,18.48
2008-02-14,23.16,23.16,22.80,22.83,22000,18.52
2008-02-13,23.13,23.18,22.98,23.18,15500,18.81
2008-02-12,23.06,23.23,22.93,22.96,22400,18.63
2008-02-11,22.96,22.96,22.74,22.89,6200,18.57
2008-02-08,23.07,23.20,22.80,22.95,19400,18.62
2008-02-07,22.82,23.14,22.82,23.13,18300,18.77
2008-02-06,23.14,23.26,22.89,22.92,32400,18.60
2008-02-05,23.41,23.52,23.08,23.08,126600,18.73
2008-02-04,24.09,24.09,23.74,23.75,19400,19.27
2008-02-01,23.95,24.10,23.80,24.10,7600,19.55
2008-01-31,22.98,23.86,22.82,23.69,24300,19.22
2008-01-30,23.40,23.68,23.21,23.28,36900,18.89
2008-01-29,23.44,23.44,22.92,23.34,17500,18.94
2008-01-28,22.50,23.07,22.39,23.07,23200,18.72
2008-01-25,22.80,22.95,22.39,22.55,27400,18.30
2008-01-24,22.39,22.74,22.39,22.63,33100,18.36
2008-01-23,20.80,22.46,20.80,22.39,55300,18.17
2008-01-22,20.11,21.53,20.04,21.37,28500,17.34
2008-01-18,21.70,21.70,21.14,21.24,19000,17.23
2008-01-17,22.13,22.13,21.42,21.46,20000,17.41
2008-01-16,22.03,22.30,21.84,22.09,37300,17.92
2008-01-15,22.16,22.17,21.97,22.00,102100,17.85
2008-01-14,22.51,22.51,22.28,22.50,20900,18.26
2008-01-11,22.24,22.47,22.21,22.41,11000,18.18
2008-01-10,21.93,22.52,21.93,22.37,11400,18.15
2008-01-09,21.91,22.09,21.60,22.09,10000,17.92
2008-01-08,22.69,22.69,21.94,21.95,14500,17.81
2008-01-07,22.45,22.61,22.31,22.51,23500,18.26
2008-01-04,22.84,22.86,22.38,22.38,17400,18.16
2008-01-03,23.28,23.28,22.98,23.00,10800,18.66
2008-01-02,23.42,23.42,23.09,23.14,12000,18.78
2007-12-31,23.17,23.41,23.12,23.27,37700,18.88
2007-12-28,23.49,23.52,23.24,23.34,45500,18.94
2007-12-27,23.63,23.63,23.33,23.33,27100,18.93
2007-12-26,23.85,23.85,23.51,23.68,33500,19.21
2007-12-24,23.89,24.06,23.77,24.06,64500,19.22
2007-12-21,23.44,23.68,23.44,23.68,19300,18.92
2007-12-20,23.40,23.40,23.12,23.26,39300,18.59
2007-12-19,23.47,23.50,23.22,23.35,21600,18.66
2007-12-18,23.35,23.48,23.10,23.35,18100,18.66
2007-12-17,23.55,23.57,23.21,23.21,23400,18.55
2007-12-14,23.66,23.82,23.49,23.49,74700,18.77
2007-12-13,24.13,24.13,23.65,23.89,17700,19.09
2007-12-12,24.60,24.60,23.93,24.14,34000,19.29
2007-12-11,24.97,24.97,24.20,24.23,13600,19.36
2007-12-10,24.69,25.03,24.69,24.97,5000,19.95
2007-12-07,24.84,24.84,24.64,24.64,10900,19.69
2007-12-06,24.48,24.73,24.34,24.73,59700,19.76
2007-12-05,24.32,24.45,24.11,24.22,21000,19.35
2007-12-04,24.26,24.26,23.96,24.18,19400,19.32
2007-12-03,24.45,24.58,24.37,24.40,17200,19.50
2007-11-30,24.75,24.75,24.38,24.43,16000,19.52
2007-11-29,24.56,24.56,23.84,24.36,38000,19.46
2007-11-28,23.91,24.32,23.91,24.32,18600,19.43
2007-11-27,23.55,23.71,23.49,23.65,17400,18.90
2007-11-26,23.78,24.05,23.43,23.43,22800,18.72
2007-11-23,23.70,24.08,23.70,24.08,2200,19.24
2007-11-21,23.70,23.82,23.56,23.63,12400,18.88
2007-11-20,23.93,24.14,23.62,23.94,10900,19.13
2007-11-19,24.26,24.26,23.91,23.92,43500,19.11
2007-11-16,24.15,24.47,24.15,24.34,15800,19.45
2007-11-15,24.83,24.83,24.36,24.43,20400,19.52
2007-11-14,25.20,25.29,24.79,24.81,7700,19.82
2007-11-13,24.29,25.03,24.29,25.03,22100,20.00
2007-11-12,24.45,24.73,24.40,24.41,4500,19.50
2007-11-09,24.40,24.76,24.36,24.58,13500,19.64
2007-11-08,24.75,24.81,24.41,24.74,17200,19.77
2007-11-07,25.07,25.11,24.64,24.64,21600,19.69
2007-11-06,25.08,25.29,25.04,25.29,12300,20.21
2007-11-05,24.58,25.15,24.58,25.04,18200,20.01
2007-11-02,25.40,25.40,25.10,25.20,24600,20.14
2007-11-01,25.73,25.73,25.38,25.38,8300,20.28
2007-10-31,25.93,26.17,25.89,26.01,71300,20.78
2007-10-30,25.78,25.88,25.77,25.78,13200,20.60
2007-10-29,25.96,25.96,25.78,25.83,10900,20.64
2007-10-26,25.73,25.82,25.57,25.81,12300,20.62
2007-10-25,25.56,25.67,25.37,25.50,83400,20.38
2007-10-24,25.58,25.58,25.25,25.54,26000,20.41
2007-10-23,25.65,25.66,25.41,25.58,12100,20.44
2007-10-22,25.27,25.55,25.11,25.48,19900,20.36
2007-10-19,25.78,25.82,25.39,25.43,18900,20.32
2007-10-18,25.83,26.01,25.83,25.97,16800,20.75
2007-10-17,26.18,26.18,25.76,25.94,10800,20.73
2007-10-16,26.12,26.20,25.97,25.99,7600,20.77
2007-10-15,26.49,26.49,26.24,26.29,10800,21.01
2007-10-12,26.74,26.74,26.59,26.61,15400,21.26
2007-10-11,26.76,26.86,26.46,26.60,54400,21.25
2007-10-10,26.70,26.70,26.63,26.67,11400,21.31
2007-10-09,26.67,26.83,26.60,26.78,262700,21.40
2007-10-08,26.79,26.79,26.62,26.65,10400,21.29
2007-10-05,26.62,26.87,26.62,26.83,18800,21.44
2007-10-04,26.42,26.51,26.42,26.50,8400,21.17
2007-10-03,26.45,26.50,26.35,26.37,13700,21.07
2007-10-02,26.27,26.47,26.26,26.46,69400,21.14
2007-10-01,26.03,26.33,26.03,26.31,17300,21.02
2007-09-28,26.01,26.01,25.89,25.91,39800,20.70
2007-09-27,26.02,26.08,25.96,26.02,12400,20.79
2007-09-26,26.07,26.07,25.88,25.95,53400,20.73
2007-09-25,25.87,25.90,25.83,25.90,29500,20.69
2007-09-24,26.10,26.30,25.99,26.04,29500,20.81
2007-09-21,26.46,26.48,26.37,26.39,10300,20.83
2007-09-20,26.63,26.63,26.29,26.31,13800,20.77
2007-09-19,26.67,26.84,26.59,26.66,18200,21.04
2007-09-18,25.86,26.54,25.86,26.54,24500,20.95
2007-09-17,25.84,25.84,25.78,25.82,4100,20.38
2007-09-14,25.70,25.93,25.70,25.91,15800,20.45
2007-09-13,25.82,25.95,25.78,25.84,14000,20.40
2007-09-12,25.56,25.74,25.56,25.66,4400,20.25
2007-09-11,25.48,25.69,25.48,25.66,9100,20.25
2007-09-10,25.65,25.65,25.29,25.41,35200,20.06
2007-09-07,25.67,25.74,25.58,25.63,18300,20.23
2007-09-06,25.97,25.99,25.85,25.96,18400,20.49
2007-09-05,26.14,26.14,25.96,26.03,2519400,20.55
2007-09-04,26.10,26.46,26.10,26.36,39800,20.81
2007-08-31,26.16,26.25,26.01,26.10,25100,20.60
2007-08-30,25.70,25.91,25.69,25.76,14700,20.33
2007-08-29,25.40,25.86,25.40,25.85,30000,20.40
2007-08-28,25.72,25.75,25.32,25.34,34200,20.00
2007-08-27,26.10,26.10,25.92,25.92,33000,20.46
2007-08-24,26.02,26.15,25.92,26.15,44300,20.64
2007-08-23,26.11,26.15,25.87,25.93,53200,20.47
2007-08-22,25.87,26.00,25.85,25.95,11300,20.48
2007-08-21,25.41,25.68,25.41,25.62,24200,20.22
2007-08-20,25.57,25.65,25.27,25.47,59500,20.10
2007-08-17,25.52,25.53,25.10,25.44,30900,20.08
2007-08-16,24.25,24.75,23.72,24.75,209300,19.54
2007-08-15,24.82,25.19,24.53,24.53,73200,19.36
2007-08-14,25.59,25.59,24.92,24.92,56300,19.67
2007-08-13,25.76,25.78,25.51,25.55,18000,20.17
2007-08-10,25.34,25.57,24.99,25.49,34400,20.12
2007-08-09,25.83,25.96,25.57,25.60,30800,20.21
2007-08-08,26.14,26.47,25.97,26.21,65600,20.69
2007-08-07,25.47,26.03,25.47,25.89,23800,20.44
2007-08-06,25.27,25.60,24.73,25.60,41200,20.21
2007-08-03,26.05,26.05,25.22,25.22,68000,19.91
2007-08-02,26.01,26.12,25.89,26.05,41700,20.56
2007-08-01,25.99,26.06,25.53,25.97,71200,20.50
2007-07-31,26.45,26.59,26.08,26.08,26900,20.59
2007-07-30,26.09,26.27,25.94,26.22,50800,20.70
2007-07-27,26.32,26.60,26.10,26.10,13800,20.60
2007-07-26,26.70,26.70,26.08,26.39,86300,20.83
2007-07-25,27.07,27.19,26.74,26.98,44900,21.30
2007-07-24,27.36,27.46,26.88,26.90,26800,21.23
2007-07-23,27.71,27.71,27.52,27.52,9000,21.72
2007-07-20,27.82,27.86,27.51,27.58,19600,21.77
2007-07-19,27.92,27.96,27.85,27.90,25900,22.02
2007-07-18,27.79,27.80,27.64,27.80,33900,21.94
2007-07-17,27.95,28.05,27.93,27.95,40000,22.06
2007-07-16,28.03,28.08,27.92,27.93,53800,22.05
2007-07-13,27.95,28.09,27.94,28.06,24700,22.15
2007-07-12,27.78,27.99,27.78,27.99,18200,22.09
2007-07-11,27.65,27.69,27.55,27.66,67300,21.83
2007-07-10,27.91,27.91,27.61,27.61,28800,21.79
2007-07-09,28.00,28.07,27.95,27.98,21500,22.09
2007-07-06,27.90,28.03,27.87,27.99,18800,22.09
2007-07-05,27.89,27.99,27.81,27.92,11800,22.04
2007-07-03,27.96,28.43,27.90,27.91,28700,22.03
2007-07-02,27.67,27.85,27.67,27.85,15700,21.98
2007-06-29,27.63,27.69,27.38,27.50,17200,21.71
2007-06-28,27.49,27.65,27.49,27.52,14100,21.72
2007-06-27,27.25,27.48,27.03,27.48,20300,21.69
2007-06-26,27.50,27.50,27.28,27.29,20100,21.54
2007-06-25,27.58,27.59,27.28,27.36,24600,21.60
2007-06-22,27.96,27.96,27.71,27.75,16400,21.66
2007-06-21,27.89,27.99,27.71,27.98,21100,21.83
2007-06-20,28.30,28.32,27.87,27.88,14000,21.76
2007-06-19,28.23,28.23,28.07,28.17,81800,21.98
2007-06-18,28.44,28.46,27.68,28.20,23300,22.01
2007-06-15,28.09,28.42,28.09,28.23,97400,22.03
2007-06-14,27.89,27.99,27.89,27.91,34100,21.78
2007-06-13,27.60,27.90,27.56,27.90,16200,21.77
2007-06-12,27.80,27.94,27.32,27.32,29400,21.32
2007-06-11,27.73,27.99,27.73,27.90,17200,21.77
2007-06-08,27.53,27.88,27.53,27.88,27800,21.76
2007-06-07,28.09,28.09,27.56,27.60,179300,21.54
2007-06-06,28.31,28.32,28.08,28.12,30500,21.94
2007-06-05,28.49,28.55,28.33,28.40,38100,22.16
2007-06-04,28.57,28.59,28.52,28.59,37000,22.31
2007-06-01,28.49,28.54,28.48,28.50,25000,22.24
2007-05-31,28.43,28.44,28.29,28.33,32600,22.11
2007-05-30,28.01,28.33,28.01,28.33,13700,22.11
2007-05-29,28.12,28.21,28.07,28.10,12700,21.93
2007-05-25,27.97,28.03,27.89,27.98,29600,21.83
2007-05-24,28.29,28.29,27.79,27.84,24700,21.73
2007-05-23,28.33,28.44,28.25,28.28,34100,22.07
2007-05-22,28.28,28.33,28.22,28.28,17400,22.07
2007-05-21,28.12,28.26,28.08,28.20,11500,22.01
2007-05-18,28.06,28.09,28.03,28.05,21200,21.89
2007-05-17,28.01,28.06,27.89,28.02,25200,21.87
2007-05-16,27.94,28.00,27.90,27.98,14700,21.83
2007-05-15,27.88,28.12,27.88,27.90,25400,21.77
2007-05-14,28.06,28.06,27.93,27.94,14100,21.80
2007-05-11,27.93,27.99,27.91,27.97,22800,21.83
2007-05-10,27.91,28.02,27.73,27.73,16500,21.64
2007-05-09,27.94,28.14,27.93,28.08,38000,21.91
2007-05-08,27.99,27.99,27.87,27.93,9900,21.80
2007-05-07,28.01,28.01,27.94,28.00,19300,21.85
2007-05-04,27.86,27.97,27.84,27.90,16900,21.77
2007-05-03,27.90,27.90,27.73,27.84,19800,21.73
2007-05-02,27.49,27.73,27.49,27.71,19500,21.62
2007-05-01,27.53,27.59,27.38,27.52,26300,21.48
2007-04-30,27.87,27.87,27.53,27.53,23700,21.48
2007-04-27,27.74,27.79,27.64,27.73,12400,21.64
2007-04-26,27.67,27.80,27.67,27.79,19500,21.69
2007-04-25,27.74,27.76,27.60,27.73,14600,21.64
2007-04-24,27.65,27.65,27.48,27.51,17900,21.47
2007-04-23,27.65,27.74,27.55,27.58,25100,21.52
2007-04-20,27.53,27.62,27.51,27.55,16600,21.50
2007-04-19,27.42,27.49,27.35,27.42,11100,21.40
2007-04-18,27.43,27.55,27.40,27.55,15100,21.50
2007-04-17,27.45,27.45,27.35,27.42,10500,21.40
2007-04-16,27.26,27.37,27.26,27.37,11900,21.36
2007-04-13,26.98,27.07,26.95,27.03,25200,21.09
2007-04-12,26.90,26.94,26.79,26.94,7100,21.02
2007-04-11,26.90,26.97,26.83,26.86,16900,20.96
2007-04-10,26.93,26.96,26.89,26.96,12300,21.04
2007-04-09,26.94,26.94,26.81,26.86,13400,20.96
2007-04-05,26.83,26.85,26.77,26.80,20100,20.91
2007-04-04,26.83,26.83,26.70,26.77,18100,20.89
2007-04-03,26.76,26.80,26.67,26.76,15800,20.88
2007-04-02,26.65,26.65,26.50,26.62,22400,20.77
2007-03-30,26.72,26.72,26.40,26.51,25100,20.69
2007-03-29,26.67,26.67,26.51,26.61,9600,20.77
2007-03-28,26.55,26.61,26.47,26.50,21800,20.68
2007-03-27,26.66,26.68,26.57,26.64,25700,20.79
2007-03-26,26.90,26.90,26.58,26.78,41000,20.90
2007-03-23,27.10,27.12,27.05,27.09,15900,20.89
2007-03-22,27.01,27.12,26.98,27.07,62300,20.88
2007-03-21,26.70,27.00,26.61,26.99,18000,20.81
2007-03-20,26.59,26.66,26.46,26.66,15900,20.56
2007-03-19,26.26,26.48,26.26,26.46,14800,20.40
2007-03-16,26.30,26.40,26.17,26.22,16400,20.22
2007-03-15,26.03,26.34,26.03,26.31,20600,20.29
2007-03-14,26.05,26.22,25.65,26.08,19600,20.11
2007-03-13,26.40,26.42,25.90,25.98,21700,20.03
2007-03-12,26.33,26.50,26.29,26.47,14800,20.41
2007-03-09,26.45,26.48,26.31,26.42,22400,20.37
2007-03-08,26.28,26.46,26.27,26.36,18800,20.33
2007-03-07,26.29,26.34,26.09,26.19,17600,20.20
2007-03-06,26.23,26.27,26.01,26.24,27200,20.24
2007-03-05,25.90,26.11,25.79,25.79,64900,19.89
2007-03-02,26.59,26.59,26.35,26.35,26500,20.32
2007-03-01,26.40,26.71,26.02,26.63,43300,20.54
2007-02-28,26.65,26.82,26.44,26.74,35700,20.62
2007-02-27,26.98,27.01,26.36,26.66,39400,20.56
2007-02-26,27.36,27.41,27.18,27.30,30700,21.05
2007-02-23,27.24,27.26,27.03,27.25,35600,21.01
2007-02-22,27.34,27.38,27.23,27.31,26400,21.06
2007-02-21,27.25,27.29,27.19,27.28,25000,21.04
2007-02-20,27.28,27.39,27.17,27.38,37900,21.11
2007-02-16,27.30,27.31,27.21,27.30,28400,21.05
2007-02-15,27.31,27.31,27.23,27.29,46100,21.04
2007-02-14,27.17,27.35,27.04,27.26,31000,21.02
2007-02-13,26.92,27.12,26.92,27.12,39400,20.91
2007-02-12,26.88,26.95,26.78,26.84,28500,20.70
2007-02-09,27.11,27.11,26.79,26.92,36200,20.76
2007-02-08,27.15,27.16,27.01,27.16,64300,20.94
2007-02-07,27.21,27.27,27.19,27.25,23600,21.01
2007-02-06,27.17,27.20,27.10,27.20,27200,20.98
2007-02-05,27.06,27.15,27.06,27.12,41700,20.91
2007-02-02,27.13,27.13,27.05,27.13,27300,20.92
2007-02-01,26.98,27.10,26.98,27.10,26300,20.90
2007-01-31,26.72,26.94,26.66,26.91,29500,20.75
2007-01-30,26.64,26.72,26.63,26.72,40900,20.61
2007-01-29,26.63,26.64,26.55,26.60,25300,20.51
2007-01-26,26.60,26.62,26.44,26.59,33300,20.51
2007-01-25,26.73,26.73,26.50,26.54,37600,20.47
2007-01-24,26.60,26.72,26.55,26.72,40900,20.61
2007-01-23,26.42,26.57,26.36,26.54,51700,20.47
2007-01-22,26.41,26.46,26.36,26.41,36400,20.37
2007-01-19,26.35,26.48,26.30,26.48,32100,20.42
2007-01-18,26.47,26.47,26.31,26.38,36200,20.34
2007-01-17,26.31,26.50,26.30,26.44,21200,20.39
2007-01-16,26.48,26.48,26.38,26.43,33200,20.38
2007-01-12,26.37,26.46,26.35,26.44,22900,20.39
2007-01-11,26.15,26.43,26.15,26.34,17400,20.31
2007-01-10,26.02,26.19,26.02,26.18,24200,20.19
2007-01-09,26.23,26.23,25.98,26.18,70700,20.19
2007-01-08,26.14,26.20,26.05,26.18,16100,20.19
2007-01-05,26.31,26.31,26.01,26.12,23700,20.14
2007-01-04,26.34,26.36,26.26,26.35,31000,20.32
2007-01-03,26.56,26.59,26.33,26.43,40000,20.38
2006-12-29,26.54,26.54,26.43,26.43,24300,20.38
2006-12-28,26.65,26.65,26.52,26.57,16300,20.49
2006-12-27,26.43,26.62,26.43,26.62,46700,20.53
2006-12-26,26.35,26.46,26.35,26.46,35800,20.40
2006-12-22,26.46,26.50,26.30,26.36,40600,20.33
2006-12-21,26.95,26.95,26.70,26.76,36000,20.36
2006-12-20,26.90,26.94,26.82,26.87,18100,20.44
2006-12-19,26.83,26.89,26.72,26.85,16600,20.43
2006-12-18,27.07,27.07,26.80,26.85,102100,20.43
2006-12-15,27.11,27.11,26.91,26.93,51400,20.49
2006-12-14,26.82,26.95,26.78,26.95,28400,20.50
2006-12-13,26.84,26.88,26.71,26.76,20900,20.36
2006-12-12,26.80,26.80,26.62,26.73,23900,20.34
2006-12-11,26.80,26.83,26.73,26.73,20800,20.34
2006-12-08,26.65,26.79,26.64,26.70,21400,20.31
2006-12-07,26.82,26.90,26.70,26.75,14500,20.35
2006-12-06,26.85,26.85,26.72,26.79,32800,20.38
2006-12-05,26.80,26.83,26.70,26.82,40100,20.40
2006-12-04,26.56,26.74,26.56,26.74,28500,20.34
2006-12-01,26.55,26.60,26.35,26.56,39500,20.21
2006-11-30,26.50,26.60,26.41,26.53,85600,20.18
2006-11-29,26.25,26.47,26.25,26.46,23400,20.13
2006-11-28,26.01,26.21,26.01,26.21,18700,19.94
2006-11-27,26.42,26.42,26.03,26.10,34900,19.86
2006-11-24,26.40,26.44,26.30,26.43,17800,20.11
2006-11-22,26.44,26.44,26.30,26.36,79600,20.05
2006-11-21,26.32,26.35,26.22,26.35,26500,20.05
2006-11-20,26.20,26.30,26.20,26.24,22900,19.96
2006-11-17,26.24,26.24,26.10,26.22,36200,19.95
2006-11-16,26.25,26.30,26.19,26.22,34100,19.95
2006-11-15,26.04,26.21,26.04,26.19,42600,19.92
2006-11-14,25.93,26.04,25.79,26.04,22200,19.81
2006-11-13,26.00,26.00,25.78,25.88,18500,19.69
2006-11-10,25.85,25.87,25.80,25.87,20800,19.68
2006-11-09,26.00,26.02,25.87,25.87,87800,19.68
2006-11-08,25.91,25.98,25.81,25.94,52400,19.73
2006-11-07,26.03,26.07,25.90,25.92,103700,19.72
2006-11-06,25.80,25.99,25.76,25.97,44700,19.76
2006-11-03,25.69,25.75,25.65,25.69,42700,19.54
2006-11-02,25.70,25.70,25.49,25.62,48200,19.49
2006-11-01,26.05,26.05,25.67,25.67,43900,19.53
2006-10-31,26.00,26.06,25.93,26.05,23800,19.82
2006-10-30,26.03,26.03,25.91,25.98,38600,19.77
2006-10-27,26.12,26.15,26.01,26.02,59800,19.80
2006-10-26,26.18,26.18,25.97,26.08,93000,19.84
2006-10-25,25.85,25.99,25.81,25.99,37800,19.77
2006-10-24,25.76,25.81,25.68,25.81,27600,19.64
2006-10-23,25.70,25.75,25.68,25.75,17400,19.59
2006-10-20,25.80,25.80,25.60,25.71,47000,19.56
2006-10-19,25.75,25.79,25.70,25.78,21600,19.61
2006-10-18,25.85,25.88,25.70,25.75,20800,19.59
2006-10-17,25.76,25.76,25.60,25.72,33100,19.57
2006-10-16,25.65,25.77,25.65,25.76,24500,19.60
2006-10-13,25.55,25.68,25.51,25.66,24800,19.52
2006-10-12,25.40,25.53,25.36,25.53,17400,19.42
2006-10-11,25.35,25.36,25.26,25.26,18300,19.22
2006-10-10,25.33,25.35,25.27,25.32,29100,19.26
2006-10-09,25.30,25.33,25.19,25.33,32100,19.27
2006-10-06,25.27,25.27,25.13,25.22,36000,19.19
2006-10-05,25.20,25.30,25.14,25.27,53400,19.22
2006-10-04,24.96,25.15,24.91,25.15,31700,19.13
2006-10-03,25.03,25.07,24.94,24.94,42900,18.97
2006-10-02,25.12,26.00,25.05,25.07,63700,19.07
2006-09-29,25.22,25.22,25.10,25.11,57200,19.10
2006-09-28,25.21,25.29,25.12,25.20,33500,19.17
2006-09-27,25.08,25.18,25.04,25.18,74700,19.16
2006-09-26,24.95,25.04,24.88,25.04,174400,19.05
2006-09-25,24.78,24.93,24.64,24.92,7100,18.96
2006-09-22,24.86,24.86,24.71,24.78,12800,18.85
2006-09-21,25.00,25.05,24.88,24.91,27000,18.95