2011-05-10,32.11,32.37,32.11,32.37,3800,32.37
2011-05-09,31.83,32.06,31.83,32.06,4700,32.06
2011-05-06,31.99,32.14,31.80,31.80,4800,31.80
2011-05-05,31.50,31.83,31.37,31.51,10100,31.51
2011-05-04,32.12,32.12,31.75,31.75,1400,31.75
2011-05-03,32.16,32.24,31.91,32.02,4400,32.02
2011-05-02,32.52,32.52,32.30,32.32,7500,32.32
2011-04-29,32.23,32.34,32.15,32.29,9900,32.29
2011-04-28,32.24,32.24,32.12,32.14,11100,32.14
2011-04-27,32.17,32.25,31.94,32.25,3600,32.25
2011-04-26,31.76,32.05,31.76,32.04,1700,32.04
2011-04-25,31.95,31.95,31.71,31.71,10600,31.71
2011-04-21,31.75,31.82,31.75,31.82,1200,31.82
2011-04-20,31.42,31.75,31.42,31.49,5800,31.49
2011-04-19,31.02,31.02,31.02,31.02,200,31.02
2011-04-18,31.23,31.23,30.65,30.89,5300,30.89
2011-04-15,31.25,31.42,31.25,31.36,8800,31.36
2011-04-14,30.83,31.24,30.81,31.21,5300,31.21
2011-04-13,31.27,31.27,30.60,30.98,2600,30.98
2011-04-12,31.03,31.13,30.86,31.03,5200,31.03
2011-04-11,31.65,31.65,31.20,31.20,8600,31.20
2011-04-08,31.95,31.95,31.29,31.32,10800,31.32
2011-04-07,31.78,31.78,31.53,31.68,92800,31.68
2011-04-06,31.80,31.80,31.26,31.62,7200,31.62
2011-04-05,31.57,31.71,31.57,31.71,2400,31.71
2011-04-04,31.64,31.67,31.51,31.61,9700,31.61
2011-04-01,31.49,31.59,31.49,31.53,5000,31.53
2011-03-31,31.17,31.30,31.15,31.30,4100,31.30
2011-03-30,31.05,31.24,31.05,31.22,4100,31.22
2011-03-29,30.81,30.89,30.62,30.89,1800,30.89
2011-03-28,30.97,30.97,30.86,30.86,3200,30.86
2011-03-25,30.78,31.00,30.78,30.89,6600,30.89
2011-03-24,30.65,30.68,30.47,30.68,5900,30.68
2011-03-23,30.46,30.51,30.26,30.51,4800,30.51
2011-03-22,30.65,30.66,30.49,30.49,4700,30.49
2011-03-21,30.53,30.58,30.46,30.58,10800,30.58
2011-03-18,30.02,30.16,29.91,29.91,2600,29.91
2011-03-17,29.90,29.90,29.66,29.71,4800,29.71
2011-03-16,29.72,29.75,29.47,29.51,5300,29.51
2011-03-15,29.59,29.95,29.25,29.95,9600,29.95
2011-03-14,30.15,30.26,30.00,30.00,500,30.00
2011-03-11,30.06,30.39,30.06,30.39,1000,30.39
2011-03-10,30.46,30.46,30.11,30.34,3500,30.34
2011-03-09,30.74,30.84,30.74,30.83,2100,30.83
2011-03-08,30.80,30.91,30.77,30.83,5200,30.83
2011-03-07,31.13,31.13,30.50,30.54,6400,30.54
2011-03-04,30.96,30.96,30.80,30.87,4200,30.87
2011-03-03,30.80,31.10,30.80,31.10,2300,31.10
2011-03-02,30.37,30.60,30.37,30.55,11700,30.55
2011-03-01,30.75,30.75,30.44,30.44,1400,30.44
2011-02-28,30.76,30.82,30.56,30.56,2300,30.56
2011-02-25,30.29,30.64,30.29,30.64,11000,30.64
2011-02-24,30.10,30.15,30.01,30.05,2200,30.05
2011-02-23,30.43,30.43,29.87,30.18,4600,30.18
2011-02-22,30.94,30.94,30.38,30.47,4400,30.47
2011-02-18,31.17,31.17,31.04,31.12,5400,31.12
2011-02-17,30.90,31.07,30.80,31.07,4800,31.07
2011-02-16,30.90,30.96,30.83,30.91,6100,30.91
2011-02-15,30.74,30.79,30.68,30.72,2800,30.72
2011-02-14,30.68,30.79,30.68,30.78,6100,30.78
2011-02-11,30.48,30.71,30.38,30.70,4200,30.70
2011-02-10,30.33,30.49,30.30,30.49,2400,30.49
2011-02-09,30.47,30.47,30.36,30.40,5700,30.40
2011-02-08,30.56,30.56,30.38,30.48,8000,30.48
2011-02-07,30.29,30.48,30.29,30.41,4200,30.41
2011-02-04,30.13,30.18,30.05,30.17,4400,30.17
2011-02-03,29.99,30.11,29.98,30.06,900,30.06
2011-02-02,29.91,30.11,29.91,29.98,3700,29.98
2011-02-01,29.93,30.08,29.91,30.08,3600,30.08
2011-01-31,29.44,29.64,29.43,29.54,6300,29.54
2011-01-28,29.84,29.93,29.31,29.35,4800,29.35
2011-01-27,29.69,29.78,29.69,29.78,6100,29.78
2011-01-26,29.58,29.65,29.54,29.64,4700,29.64
2011-01-25,29.45,29.45,29.33,29.39,4400,29.39
2011-01-24,29.36,29.48,29.36,29.45,24900,29.45
2011-01-21,29.27,29.27,29.10,29.14,2700,29.14
2011-01-20,29.11,29.11,28.90,29.02,5600,29.02
2011-01-19,29.48,29.48,29.15,29.23,7800,29.23
2011-01-18,29.46,29.57,29.46,29.56,13200,29.56
2011-01-14,29.33,29.40,29.30,29.40,1700,29.40
2011-01-13,29.26,29.37,29.26,29.30,6600,29.30
2011-01-12,29.27,29.32,29.20,29.27,4000,29.27
2011-01-11,29.11,29.14,29.05,29.10,2600,29.10
2011-01-10,28.90,28.90,28.74,28.81,3100,28.81
2011-01-07,28.89,29.00,28.80,28.89,3400,28.89
2011-01-06,28.88,28.95,28.83,28.90,4600,28.90
2011-01-05,28.72,28.91,28.72,28.91,2900,28.91
2011-01-04,28.88,28.88,28.62,28.77,16800,28.77
2011-01-03,28.97,29.05,28.85,28.96,19000,28.96
2010-12-31,28.78,28.79,28.69,28.75,2100,28.75
2010-12-30,28.75,28.81,28.75,28.79,600,28.79
2010-12-29,28.68,28.77,28.68,28.77,1900,28.77
2010-12-28,28.68,28.68,28.68,28.68,500,28.68
2010-12-27,28.60,28.70,28.57,28.70,400,28.70
2010-12-23,28.98,28.98,28.84,28.87,3000,28.68
2010-12-22,28.89,28.94,28.83,28.93,6200,28.73
2010-12-21,28.70,28.83,28.70,28.83,3400,28.64
2010-12-20,28.66,28.67,28.55,28.64,6300,28.45
2010-12-17,28.59,28.66,28.53,28.66,6200,28.47
2010-12-16,28.47,28.55,28.47,28.54,2300,28.35
2010-12-15,28.74,28.74,28.49,28.52,18200,28.33
2010-12-14,28.73,28.76,28.73,28.76,2000,28.57
2010-12-13,28.79,28.79,28.67,28.67,6900,28.48
2010-12-10,28.57,28.64,28.57,28.64,3200,28.45
2010-12-09,28.54,28.54,28.34,28.40,7200,28.21
2010-12-08,28.48,28.48,28.34,28.34,1100,28.15
2010-12-07,28.52,28.52,28.34,28.34,4400,28.15
2010-12-06,28.44,28.44,28.34,28.38,5400,28.19
2010-12-03,28.32,28.41,28.29,28.41,6600,28.22
2010-12-02,28.09,28.34,28.09,28.34,3600,28.15
2010-12-01,27.95,28.03,27.95,28.01,5900,27.82
2010-11-30,27.51,27.61,27.51,27.61,1900,27.42
2010-11-29,27.68,27.70,27.37,27.69,3500,27.50
2010-11-26,27.76,27.76,27.76,27.76,500,27.57
2010-11-24,27.72,27.90,27.72,27.90,35500,27.71
2010-11-23,27.43,27.48,27.43,27.45,5300,27.26
2010-11-22,27.74,27.76,27.59,27.76,2800,27.57
2010-11-19,27.59,27.67,27.49,27.66,1800,27.47
2010-11-18,27.64,27.64,27.64,27.64,600,27.45
2010-11-17,27.09,27.32,27.09,27.29,19600,27.11
2010-11-16,27.50,27.50,27.13,27.14,5500,26.96
2010-11-15,27.73,27.79,27.73,27.73,6800,27.54
2010-11-12,27.79,27.81,27.55,27.64,1400,27.45
2010-11-11,27.75,27.93,27.75,27.93,5400,27.74
2010-11-10,27.86,27.92,27.55,27.87,6100,27.68
2010-11-09,28.01,28.05,27.79,27.79,5300,27.60
2010-11-08,28.06,28.06,27.94,27.97,8500,27.78
2010-11-05,28.05,28.06,27.98,28.03,8600,27.84
2010-11-04,27.86,27.97,27.86,27.97,4100,27.78
2010-11-03,27.56,27.57,27.40,27.40,17100,27.21
2010-11-02,27.55,27.56,27.55,27.56,600,27.37
2010-11-01,27.55,27.55,27.26,27.26,8000,27.08
2010-10-29,27.23,27.31,27.23,27.31,2600,27.13
2010-10-28,27.33,27.33,27.11,27.17,3200,26.99
2010-10-27,27.24,27.24,26.97,27.11,15600,26.93
2010-10-26,27.22,27.27,27.02,27.27,53700,27.09
2010-10-25,27.33,27.43,27.29,27.29,9900,27.11
2010-10-22,27.21,27.21,27.09,27.11,3600,26.93
2010-10-21,27.03,27.03,26.93,26.93,600,26.75
2010-10-20,27.05,27.05,27.01,27.01,600,26.83
2010-10-19,26.90,26.90,26.58,26.58,15500,26.40
2010-10-18,26.99,27.05,26.97,27.05,1600,26.87
2010-10-15,27.22,27.22,26.83,26.96,2600,26.78
2010-10-14,27.06,27.08,26.79,26.79,3500,26.61
2010-10-13,27.06,27.18,26.99,27.17,3500,26.99
2010-10-12,26.80,26.80,26.77,26.77,4500,26.59
2010-10-11,26.81,26.90,26.79,26.90,1900,26.72
2010-10-08,26.64,26.80,26.64,26.79,4500,26.61
2010-10-07,26.52,26.52,26.52,26.52,1200,26.34
2010-10-06,26.55,26.55,26.51,26.55,8500,26.37
2010-10-05,26.39,26.72,26.39,26.68,7000,26.50
2010-10-04,26.39,26.39,26.21,26.21,3000,26.03
2010-10-01,26.43,26.53,26.39,26.39,1000,26.21
2010-09-30,26.57,26.57,26.38,26.38,400,26.20
2010-09-29,26.30,26.41,26.30,26.36,3200,26.18
2010-09-28,26.11,26.24,26.11,26.24,1600,26.06
2010-09-27,26.15,26.23,26.15,26.19,6400,26.01
2010-09-24,26.12,26.21,26.11,26.18,1600,26.00
2010-09-23,25.74,25.90,25.50,25.86,8400,25.69
2010-09-22,25.97,25.97,25.84,25.84,7500,25.67
2010-09-21,25.98,26.11,25.97,26.00,64400,25.82
2010-09-20,25.92,26.09,25.92,26.09,300,25.91
2010-09-17,25.64,25.70,25.64,25.70,2200,25.53
2010-09-16,25.60,25.60,25.57,25.57,2200,25.40
2010-09-15,25.67,25.67,25.61,25.67,3800,25.50
2010-09-14,25.67,25.70,25.53,25.64,7000,25.47
2010-09-13,25.56,25.64,25.56,25.63,2300,25.46
2010-09-10,25.25,25.34,25.25,25.34,800,25.17
2010-09-09,25.12,25.12,25.12,25.12,000,24.95
2010-09-08,25.18,25.18,25.10,25.12,1800,24.95
2010-09-07,25.12,25.15,25.06,25.06,7000,24.89
2010-09-03,25.19,25.25,25.19,25.23,600,25.06
2010-09-02,24.83,24.88,24.83,24.88,500,24.71
2010-09-01,24.67,24.70,24.67,24.69,9700,24.52
2010-08-31,24.07,24.07,24.07,24.07,100,23.91
2010-08-30,24.07,24.07,24.07,24.07,200,23.91
2010-08-27,24.10,24.10,24.10,24.10,000,23.94
2010-08-26,24.25,24.32,24.10,24.10,4700,23.94
2010-08-25,23.84,23.91,23.84,23.91,200,23.75
2010-08-24,24.29,24.29,24.00,24.11,9800,23.95
2010-08-23,24.64,24.64,24.44,24.44,2700,24.27
2010-08-20,24.43,24.53,24.43,24.53,34600,24.36
2010-08-19,24.58,24.58,24.58,24.58,300,24.41
2010-08-18,24.87,24.87,24.87,24.87,600,24.70
2010-08-17,24.74,25.03,24.74,25.03,3100,24.86
2010-08-16,24.38,24.60,24.34,24.52,800,24.35
2010-08-13,24.53,24.64,24.53,24.61,1300,24.44
2010-08-12,24.34,24.56,24.22,24.42,12400,24.26
2010-08-11,25.05,25.05,24.62,24.64,17500,24.47
2010-08-10,25.49,25.55,25.23,25.26,10400,25.09
2010-08-09,25.64,25.64,25.55,25.64,4800,25.47
2010-08-06,25.33,25.42,25.20,25.42,6200,25.25
2010-08-05,25.48,25.51,25.39,25.50,14400,25.33
2010-08-04,25.32,25.47,25.31,25.45,1000,25.28
2010-08-03,25.23,25.38,25.23,25.24,1900,25.07
2010-08-02,25.44,25.44,25.31,25.39,7300,25.22
2010-07-30,24.95,25.00,24.95,25.00,700,24.83
2010-07-29,25.16,25.16,25.00,25.02,1400,24.85
2010-07-28,25.26,25.26,25.11,25.11,6000,24.94
2010-07-27,25.79,25.79,25.38,25.38,6200,25.21
2010-07-26,25.31,25.50,25.31,25.49,2400,25.32
2010-07-23,25.02,25.26,25.02,25.25,7500,25.08
2010-07-22,24.94,25.04,24.94,25.04,1900,24.87
2010-07-21,24.69,24.70,24.50,24.51,4700,24.34
2010-07-20,24.38,24.38,24.38,24.38,2200,24.22
2010-07-19,24.54,24.54,24.54,24.54,400,24.37
2010-07-16,24.76,24.76,24.36,24.36,1600,24.20
2010-07-15,24.84,24.84,24.69,24.70,700,24.53
2010-07-14,24.82,24.85,24.77,24.77,2000,24.60
2010-07-13,24.79,24.94,24.75,24.94,5100,24.77
2010-07-12,24.43,24.49,24.43,24.49,500,24.32
2010-07-09,24.21,24.45,24.21,24.41,5300,24.25
2010-07-08,24.54,24.54,24.12,24.22,2500,24.06
2010-07-07,23.63,23.87,23.49,23.87,3600,23.71
2010-07-06,23.35,23.35,23.27,23.29,2200,23.13
2010-07-02,23.25,23.25,23.24,23.24,600,23.08
2010-07-01,23.60,23.60,23.60,23.60,000,23.44
2010-06-30,23.60,23.60,23.60,23.60,1000,23.44
2010-06-29,23.74,23.74,23.73,23.73,1200,23.57
2010-06-28,24.50,24.50,24.50,24.50,100,24.33
2010-06-25,24.26,24.45,24.25,24.45,1400,24.28
2010-06-24,24.46,24.49,24.32,24.32,1100,24.16
2010-06-23,24.59,24.71,24.59,24.71,600,24.54
2010-06-22,25.15,25.15,24.82,24.82,2700,24.65
2010-06-21,25.49,25.49,24.99,24.99,4600,24.82
2010-06-18,25.17,25.17,25.17,25.17,300,25.00
2010-06-17,25.10,25.12,25.07,25.12,2300,24.95
2010-06-16,25.17,25.23,25.17,25.23,900,25.06
2010-06-15,24.92,24.92,24.92,24.92,000,24.75
2010-06-14,24.82,24.92,24.82,24.92,500,24.75
2010-06-11,24.09,24.41,24.08,24.40,7200,24.24
2010-06-10,23.50,23.50,23.50,23.50,000,23.34
2010-06-09,23.50,23.50,23.50,23.50,000,23.34
2010-06-08,23.55,23.55,23.45,23.50,1000,23.34
2010-06-07,23.83,23.86,23.83,23.86,4100,23.70
2010-06-04,24.34,24.34,24.16,24.16,500,24.00
2010-06-03,24.46,24.61,24.46,24.50,700,24.33
2010-06-02,24.09,24.09,24.09,24.09,100,23.93
2010-06-01,24.17,24.17,24.17,24.17,400,24.01
2010-05-28,23.86,23.86,23.86,23.86,000,23.70
2010-05-27,23.86,23.86,23.86,23.86,000,23.70
2010-05-26,23.96,23.96,23.86,23.86,400,23.70
2010-05-25,23.00,23.49,23.00,23.49,2900,23.33
2010-05-24,23.82,23.82,23.82,23.82,300,23.66
2010-05-21,23.80,23.80,23.72,23.72,400,23.56
2010-05-20,23.67,23.67,23.60,23.60,600,23.44
2010-05-19,24.48,24.49,24.34,24.34,900,24.18
2010-05-18,25.04,25.04,24.72,24.73,2700,24.56
2010-05-17,24.97,25.13,24.97,25.10,1200,24.93
2010-05-14,25.05,25.14,25.00,25.09,5300,24.92
2010-05-13,25.78,25.78,25.78,25.78,400,25.61
2010-05-12,25.57,25.75,25.57,25.75,1300,25.58
2010-05-11,25.24,25.38,25.24,25.35,2000,25.18
2010-05-10,25.29,25.30,25.17,25.28,2000,25.11
2010-05-07,24.12,24.56,24.12,24.23,73300,24.07
2010-05-06,25.17,25.17,23.67,23.67,5900,23.51
2010-05-05,25.49,25.52,25.49,25.52,500,25.35
2010-05-04,25.73,25.74,25.66,25.66,1200,25.49
2010-05-03,26.11,26.27,26.11,26.27,600,26.09
2010-04-30,25.99,25.99,25.99,25.99,000,25.81
2010-04-29,25.99,25.99,25.99,25.99,000,25.81
2010-04-28,25.99,25.99,25.99,25.99,200,25.81
2010-04-27,26.58,26.58,26.20,26.20,7800,26.02
2010-04-26,26.65,26.65,26.65,26.65,1500,26.47
2010-04-23,26.37,26.56,26.37,26.56,500,26.38
2010-04-22,26.16,26.16,26.16,26.16,000,25.98
2010-04-21,26.16,26.16,26.16,26.16,000,25.98
2010-04-20,26.04,26.16,26.04,26.16,800,25.98
2010-04-19,26.00,26.00,25.30,25.83,2700,25.66
2010-04-16,26.24,26.24,26.24,26.24,000,26.06
2010-04-15,26.24,26.24,26.21,26.24,800,26.06
2010-04-14,25.97,26.17,25.93,26.17,13200,25.99
2010-04-13,25.84,25.84,25.84,25.84,200,25.67
2010-04-12,25.71,25.71,25.71,25.71,000,25.54
2010-04-09,25.71,25.71,25.71,25.71,300,25.54
2010-04-08,25.60,25.60,25.60,25.60,000,25.43
2010-04-07,25.60,25.60,25.60,25.60,200,25.43
2010-04-06,25.81,25.86,25.81,25.86,400,25.69
2010-04-05,25.46,25.46,25.46,25.46,000,25.29
2010-04-01,25.43,25.52,25.43,25.46,37200,25.29
2010-03-31,25.26,25.26,25.26,25.26,100,25.09
2010-03-30,25.22,25.22,25.22,25.22,000,25.05
2010-03-29,25.18,25.22,25.18,25.22,4400,25.05
2010-03-26,25.04,25.04,25.04,25.04,200,24.87
2010-03-25,25.29,25.29,25.27,25.27,400,25.10
2010-03-24,25.14,25.15,25.14,25.15,300,24.98
2010-03-23,25.02,25.02,25.02,25.02,000,24.85
2010-03-22,25.02,25.02,25.02,25.02,200,24.85
2010-03-19,25.08,25.08,24.81,24.81,2600,24.64
2010-03-18,25.18,25.18,25.13,25.13,600,24.96
2010-03-17,25.19,25.20,25.15,25.15,4300,24.98
2010-03-16,24.90,24.90,24.90,24.90,200,24.73
2010-03-15,24.72,24.72,24.72,24.72,2300,24.55
2010-03-12,24.69,24.69,24.69,24.69,500,24.52
2010-03-11,24.59,24.59,24.59,24.59,000,24.42
2010-03-10,24.59,24.59,24.59,24.59,000,24.42
2010-03-09,24.57,24.63,24.56,24.59,2800,24.42
2010-03-08,24.50,24.50,24.50,24.50,300,24.33
2010-03-05,24.23,24.23,24.23,24.23,000,24.07
2010-03-04,24.23,24.23,24.23,24.23,000,24.07
2010-03-03,24.28,24.28,24.23,24.23,1800,24.07
2010-03-02,24.14,24.26,24.14,24.17,79800,24.01
2010-03-01,24.00,24.00,24.00,24.00,100,23.84
2010-02-26,23.63,23.64,23.63,23.64,500,23.48
2010-02-25,23.31,23.53,23.31,23.53,3800,23.37
2010-02-24,23.43,23.43,23.43,23.43,000,23.27
2010-02-23,23.42,23.44,23.42,23.43,900,23.27
2010-02-22,23.65,23.65,23.65,23.65,000,23.49
2010-02-19,23.48,23.65,23.48,23.65,500,23.49
2010-02-18,23.36,23.36,23.36,23.36,000,23.20
2010-02-17,23.36,23.36,23.36,23.36,1800,23.20
2010-02-16,23.14,23.14,23.14,23.14,200,22.98
2010-02-12,22.71,22.71,22.71,22.71,500,22.56
2010-02-11,22.75,22.75,22.75,22.75,200,22.60
2010-02-10,22.32,22.32,22.32,22.32,000,22.17
2010-02-09,22.32,22.32,22.32,22.32,000,22.17
2010-02-08,22.32,22.32,22.32,22.32,000,22.17
2010-02-05,22.32,22.32,22.30,22.32,400,22.17
2010-02-04,22.71,22.71,22.61,22.61,15600,22.46
2010-02-03,23.18,23.18,23.18,23.18,100,23.02
2010-02-02,23.17,23.17,23.17,23.17,500,23.01
2010-02-01,22.75,22.75,22.75,22.75,100,22.60
2010-01-29,23.02,23.03,22.66,22.66,2900,22.51
2010-01-28,23.15,23.15,23.15,23.15,000,22.99
2010-01-27,23.16,23.16,23.15,23.15,1000,22.99
2010-01-26,23.23,23.23,23.23,23.23,000,23.07
2010-01-25,23.31,23.35,23.15,23.23,6400,23.07
2010-01-22,23.40,23.40,23.20,23.20,1400,23.04
2010-01-21,23.84,23.84,23.59,23.59,9700,23.43
2010-01-20,23.83,23.85,23.70,23.85,20900,23.69
2010-01-19,23.82,23.94,23.82,23.94,2500,23.78
2010-01-15,23.73,23.76,23.69,23.69,7900,23.53
2010-01-14,23.91,24.03,23.91,24.01,11400,23.85
2010-01-13,23.87,23.97,23.74,23.95,3500,23.79
2010-01-12,23.87,23.88,23.72,23.76,15300,23.60
2010-01-11,23.97,23.99,23.95,23.99,3200,23.83
2010-01-08,23.83,23.87,23.83,23.87,3700,23.71
2010-01-07,23.84,23.88,23.81,23.88,6400,23.72
2010-01-06,23.80,23.87,23.79,23.86,8600,23.70
2010-01-05,23.77,23.82,23.73,23.82,2800,23.66
2010-01-04,23.71,23.81,23.71,23.74,6400,23.58
2009-12-31,23.64,23.64,23.61,23.61,700,23.45
2009-12-30,23.59,23.60,23.58,23.60,800,23.44
2009-12-29,23.63,23.63,23.63,23.63,2300,23.47
2009-12-28,23.66,23.66,23.61,23.63,5500,23.47
2009-12-24,23.58,23.59,23.58,23.59,4600,23.43
2009-12-23,23.41,23.44,23.34,23.43,6400,23.25
2009-12-22,23.31,23.33,23.30,23.30,3400,23.12
2009-12-21,23.25,23.25,23.24,23.24,4700,23.06
2009-12-18,22.97,22.97,22.89,22.89,800,22.72
2009-12-17,23.02,23.05,22.97,22.99,2900,22.82
2009-12-16,23.34,23.34,23.22,23.22,1900,23.04
2009-12-15,23.21,23.22,23.17,23.17,400,22.99
2009-12-14,23.18,23.22,23.18,23.22,1400,23.04
2009-12-11,23.00,23.00,23.00,23.00,300,22.83
2009-12-10,22.98,22.98,22.90,22.90,900,22.73
2009-12-09,22.78,22.78,22.62,22.68,500,22.51
2009-12-08,22.92,22.92,22.92,22.92,000,22.75
2009-12-07,23.02,23.02,22.92,22.92,700,22.75
2009-12-04,23.02,23.02,22.82,22.82,900,22.65
2009-12-03,22.70,22.70,22.70,22.70,000,22.53
2009-12-02,22.70,22.70,22.70,22.70,000,22.53
2009-12-01,22.69,22.70,22.69,22.70,1800,22.53
2009-11-30,23.26,24.83,22.26,22.26,4300,22.09
2009-11-27,22.77,22.77,22.77,22.77,000,22.60
2009-11-25,22.69,22.78,22.69,22.77,800,22.60
2009-11-24,22.56,22.56,22.56,22.56,200,22.39
2009-11-23,22.76,22.76,22.69,22.69,1100,22.52
2009-11-20,22.47,22.47,22.47,22.47,000,22.30
2009-11-19,22.46,22.49,22.41,22.47,5100,22.30
2009-11-18,22.76,22.77,22.76,22.77,2200,22.60
2009-11-17,22.75,22.75,22.75,22.75,500,22.58
2009-11-16,22.69,22.73,22.68,22.72,1400,22.55
2009-11-13,22.37,22.37,22.37,22.37,000,22.20
2009-11-12,22.61,22.61,22.37,22.37,1100,22.20
2009-11-11,22.56,22.56,22.56,22.56,300,22.39
2009-11-10,22.56,22.56,22.56,22.56,100,22.39
2009-11-09,22.50,22.50,22.47,22.47,200,22.30
2009-11-06,21.88,21.88,21.88,21.88,000,21.71
2009-11-05,21.88,21.88,21.88,21.88,000,21.71
2009-11-04,21.89,21.89,21.88,21.88,1100,21.71
2009-11-03,21.43,21.48,21.43,21.47,500,21.31
2009-11-02,21.44,22.04,21.39,21.39,1700,21.23
2009-10-30,21.65,21.65,21.45,21.45,700,21.29
2009-10-29,21.52,21.56,21.51,21.51,400,21.35
2009-10-28,22.49,22.49,22.49,22.49,000,22.32
2009-10-27,22.49,22.49,22.49,22.49,000,22.32
2009-10-26,22.36,22.49,22.36,22.49,800,22.32
2009-10-23,22.36,22.36,22.36,22.36,400,22.19
2009-10-22,22.49,22.56,22.49,22.56,600,22.39
2009-10-21,22.67,22.67,22.67,22.67,500,22.50
2009-10-20,22.52,22.52,22.52,22.52,000,22.35
2009-10-19,22.52,22.52,22.52,22.52,000,22.35
2009-10-16,22.52,22.52,22.52,22.52,000,22.35
2009-10-15,22.52,22.52,22.52,22.52,200,22.35
2009-10-14,22.27,22.27,22.27,22.27,000,22.10
2009-10-13,22.27,22.27,22.27,22.27,400,22.10
2009-10-12,22.36,22.37,22.36,22.37,1500,22.20
2009-10-09,21.82,21.82,21.82,21.82,000,21.65
2009-10-08,21.82,21.82,21.82,21.82,000,21.65
2009-10-07,21.80,21.82,21.80,21.82,2700,21.65
2009-10-06,21.45,21.45,21.45,21.45,000,21.29
2009-10-05,21.44,21.46,21.44,21.45,900,21.29
2009-10-02,21.24,21.24,21.21,21.21,500,21.05
2009-10-01,21.40,21.40,21.40,21.40,11100,21.24
2009-09-30,21.81,21.81,21.81,21.81,000,21.64
2009-09-29,21.81,21.81,21.81,21.81,700,21.64
2009-09-28,21.70,21.70,21.70,21.70,700,21.54
2009-09-25,21.41,21.41,21.41,21.41,000,21.25
2009-09-24,21.36,21.41,21.35,21.41,2600,21.25
2009-09-23,21.92,21.92,21.92,21.92,200,21.75
2009-09-22,21.83,21.83,21.83,21.83,000,21.66
2009-09-21,21.83,21.83,21.83,21.83,000,21.66
2009-09-18,21.83,21.83,21.83,21.83,000,21.66
2009-09-17,22.00,22.22,21.83,21.83,1100,21.66
2009-09-16,21.64,21.92,21.64,21.92,1200,21.75
2009-09-15,20.72,20.72,20.72,20.72,000,20.56
2009-09-14,20.72,20.72,20.72,20.72,000,20.56
2009-09-11,20.72,20.72,20.72,20.72,000,20.56
2009-09-10,20.72,20.72,20.72,20.72,000,20.56
2009-09-09,20.72,20.72,20.72,20.72,000,20.56
2009-09-08,20.72,20.72,20.72,20.72,700,20.56
2009-09-04,20.39,20.39,20.39,20.39,200,20.23
2009-09-03,20.28,20.28,20.28,20.28,100,20.13
2009-09-02,20.23,20.23,20.18,20.18,200,20.03
2009-09-01,20.31,20.31,20.31,20.31,200,20.16
2009-08-31,20.61,20.64,20.61,20.64,300,20.48
2009-08-28,20.88,20.88,20.88,20.88,000,20.72
2009-08-27,20.88,20.88,20.88,20.88,000,20.72
2009-08-26,20.88,20.88,20.88,20.88,000,20.72
2009-08-25,20.88,20.88,20.88,20.88,100,20.72
2009-08-24,20.40,20.40,20.40,20.40,000,20.24
2009-08-21,20.40,20.40,20.40,20.40,000,20.24
2009-08-20,20.40,20.40,20.40,20.40,800,20.24
2009-08-19,20.22,20.22,20.22,20.22,200,20.07
2009-08-18,20.06,20.18,20.06,20.17,1400,20.02
2009-08-17,20.09,20.09,20.02,20.02,1500,19.87
2009-08-14,20.58,20.58,20.58,20.58,100,20.42
2009-08-13,20.59,20.59,20.59,20.59,000,20.43
2009-08-12,20.59,20.59,20.59,20.59,100,20.43
2009-08-11,20.38,20.38,20.32,20.32,500,20.17
2009-08-10,20.58,20.58,20.58,20.58,000,20.42
2009-08-07,20.58,20.58,20.58,20.58,000,20.42
2009-08-06,20.58,20.58,20.58,20.58,000,20.42
2009-08-05,20.58,20.58,20.58,20.58,000,20.42
2009-08-04,20.58,20.58,20.58,20.58,000,20.42
2009-08-03,20.45,20.58,20.44,20.58,1600,20.42
2009-07-31,20.03,20.03,20.03,20.03,000,19.88
2009-07-30,20.03,20.03,20.03,20.03,000,19.88
2009-07-29,20.03,20.03,20.03,20.03,000,19.88
2009-07-28,20.00,20.04,20.00,20.03,700,19.88
2009-07-27,19.99,20.02,19.99,20.02,1500,19.87
2009-07-24,19.74,19.74,19.74,19.74,000,19.59
2009-07-23,19.71,19.74,19.71,19.74,3500,19.59
2009-07-22,19.31,19.31,19.31,19.31,200,19.16
2009-07-21,19.33,19.33,19.23,19.30,1100,19.15
2009-07-20,19.25,19.25,19.15,19.15,7800,19.00
2009-07-17,19.07,19.07,19.07,19.07,200,18.93
2009-07-16,18.32,18.32,18.32,18.32,000,18.18
2009-07-15,18.32,18.32,18.32,18.32,000,18.18
2009-07-14,18.32,18.32,18.32,18.32,200,18.18
2009-07-13,17.64,17.64,17.64,17.64,000,17.51
2009-07-10,17.64,17.64,17.64,17.64,000,17.51
2009-07-09,17.64,17.64,17.64,17.64,000,17.51
2009-07-08,17.64,17.64,17.64,17.64,1000,17.51
2009-07-07,18.04,18.04,18.02,18.02,700,17.88
2009-07-06,17.98,18.11,17.98,18.11,1000,17.97
2009-07-02,18.19,18.23,18.17,18.17,2600,18.03
2009-07-01,18.38,18.38,18.38,18.38,000,18.24
2009-06-30,18.49,18.49,18.38,18.38,1500,18.24
2009-06-29,18.24,18.24,18.24,18.24,000,18.10
2009-06-26,18.24,18.24,18.24,18.24,1700,18.10
2009-06-25,18.04,18.04,18.04,18.04,000,17.90
2009-06-24,18.04,18.04,18.04,18.04,1000,17.90
2009-06-23,17.63,17.72,17.63,17.72,700,17.59
2009-06-22,17.81,17.81,17.80,17.80,500,17.66
2009-06-19,18.20,18.20,18.20,18.20,000,18.06
2009-06-18,18.20,18.20,18.20,18.20,300,18.06
2009-06-17,18.06,18.08,18.04,18.04,4100,17.90
2009-06-16,18.64,18.64,18.64,18.64,000,18.50
2009-06-15,18.64,18.64,18.64,18.64,000,18.50
2009-06-12,18.64,18.64,18.64,18.64,000,18.50
2009-06-11,18.64,18.64,18.64,18.64,000,18.50
2009-06-10,18.43,18.64,18.43,18.64,600,18.50
2009-06-09,18.53,18.53,18.53,18.53,000,18.39
2009-06-08,18.53,18.53,18.53,18.53,200,18.39
2009-06-05,18.74,18.74,18.74,18.74,300,18.60
2009-06-04,18.62,18.62,18.62,18.62,000,18.48
2009-06-03,18.61,18.62,18.61,18.62,8700,18.48
2009-06-02,17.86,17.86,17.86,17.86,000,17.72
2009-06-01,17.86,17.86,17.86,17.86,000,17.72
2009-05-29,17.86,17.86,17.86,17.86,200,17.72
2009-05-28,17.57,17.75,17.57,17.75,1200,17.62
2009-05-27,17.72,17.72,17.72,17.72,400,17.59
2009-05-26,17.50,18.00,17.46,18.00,3300,17.86
2009-05-22,17.75,17.76,17.65,17.75,2900,17.62
2009-05-21,18.08,18.08,18.08,18.08,000,17.94
2009-05-20,18.25,18.25,18.08,18.08,300,17.94
2009-05-19,17.75,17.75,17.75,17.75,000,17.62
2009-05-18,17.59,17.75,17.59,17.75,700,17.62
2009-05-15,17.39,17.39,17.39,17.39,000,17.26
2009-05-14,17.39,17.39,17.39,17.39,300,17.26
2009-05-13,17.79,17.79,17.79,17.79,000,17.65
2009-05-12,17.83,17.83,17.79,17.79,200,17.65
2009-05-11,18.06,18.06,18.06,18.06,300,17.92
2009-05-08,17.98,17.98,17.98,17.98,000,17.84
2009-05-07,17.98,17.98,17.98,17.98,400,17.84
2009-05-06,17.85,17.85,17.85,17.85,500,17.71
2009-05-05,17.84,17.84,17.82,17.82,200,17.68
2009-05-04,17.36,17.36,17.36,17.36,000,17.23
2009-05-01,17.36,17.36,17.36,17.36,000,17.23
2009-04-30,17.62,17.62,17.36,17.36,400,17.23
2009-04-29,16.96,16.96,16.96,16.96,000,16.83
2009-04-28,17.01,17.01,16.96,16.96,900,16.83
2009-04-27,16.46,16.46,16.46,16.46,000,16.33
2009-04-24,16.46,16.46,16.46,16.46,000,16.33
2009-04-23,16.46,16.46,16.46,16.46,000,16.33
2009-04-22,16.46,16.46,16.46,16.46,000,16.33
2009-04-21,16.26,16.46,16.26,16.46,4800,16.33
2009-04-20,16.88,16.88,16.88,16.88,000,16.75
2009-04-17,16.87,16.88,16.87,16.88,200,16.75
2009-04-16,16.45,16.45,16.45,16.45,000,16.32
2009-04-15,16.45,16.45,16.45,16.45,000,16.32
2009-04-14,16.45,16.45,16.45,16.45,000,16.32
2009-04-13,16.45,16.45,16.45,16.45,000,16.32
2009-04-09,16.41,16.54,16.41,16.45,2900,16.32
2009-04-08,15.83,15.83,15.83,15.83,100,15.71
2009-04-07,15.87,15.87,15.63,15.71,800,15.59
2009-04-06,15.87,15.94,15.87,15.94,200,15.82
2009-04-03,15.99,15.99,15.99,15.99,000,15.87
2009-04-02,15.94,16.03,15.94,15.99,1100,15.87
2009-04-01,15.42,15.42,15.42,15.42,200,15.30
2009-03-31,15.45,15.45,15.45,15.45,000,15.33
2009-03-30,15.45,15.45,15.45,15.45,000,15.33
2009-03-27,15.45,15.45,15.45,15.45,300,15.33
2009-03-26,15.64,15.64,15.64,15.64,400,15.52
2009-03-25,15.49,15.49,15.49,15.49,500,15.37
2009-03-24,15.31,15.31,15.30,15.30,800,15.18
2009-03-23,14.86,14.86,14.86,14.86,000,14.75
2009-03-20,14.90,14.90,14.85,14.86,2300,14.75
2009-03-19,14.50,14.50,14.50,14.50,000,14.39
2009-03-18,14.50,14.50,14.50,14.50,000,14.39
2009-03-17,14.36,14.50,14.35,14.50,2800,14.39
2009-03-16,14.36,14.37,14.32,14.32,6400,14.21
2009-03-13,14.18,14.18,14.18,14.18,200,14.07
2009-03-12,13.34,13.34,13.34,13.34,000,13.24
2009-03-11,13.34,13.34,13.34,13.34,000,13.24
2009-03-10,13.00,13.34,13.00,13.34,400,13.24
2009-03-09,12.85,12.85,12.85,12.85,000,12.75
2009-03-06,12.81,12.85,12.76,12.85,2200,12.75
2009-03-05,13.53,13.53,13.53,13.53,000,13.43
2009-03-04,13.36,13.53,13.36,13.53,900,13.43
2009-03-03,13.73,13.73,13.22,13.22,800,13.12
2009-03-02,14.46,14.46,14.46,14.46,000,14.35
2009-02-27,14.42,14.46,14.42,14.46,2000,14.35
2009-02-26,14.51,14.51,14.51,14.51,700,14.40
2009-02-25,14.25,14.25,14.25,14.25,000,14.14
2009-02-24,14.28,14.32,14.25,14.25,3500,14.14
2009-02-23,14.55,14.55,14.50,14.50,4000,14.39
2009-02-20,14.73,14.73,14.72,14.72,1500,14.61
2009-02-19,15.25,15.25,15.25,15.25,000,15.13
2009-02-18,15.63,15.63,15.25,15.25,2700,15.13
2009-02-17,15.67,15.67,15.67,15.67,200,15.55
2009-02-13,16.12,16.12,16.12,16.12,200,16.00
2009-02-12,15.93,15.99,15.72,15.99,700,15.87
2009-02-11,16.02,16.02,15.87,15.87,2700,15.75
2009-02-10,16.23,16.23,15.93,16.03,3400,15.91
2009-02-09,16.47,16.47,16.47,16.47,200,16.34
2009-02-06,16.14,16.14,16.14,16.14,000,16.02
2009-02-05,16.14,16.14,16.14,16.14,100,16.02
2009-02-04,15.87,15.91,15.70,15.89,18600,15.77
2009-02-03,15.84,15.84,15.84,15.84,000,15.72
2009-02-02,15.83,15.84,15.83,15.84,1300,15.72
2009-01-30,16.23,16.23,15.77,15.77,1400,15.65
2009-01-29,16.52,16.52,16.52,16.52,000,16.39
2009-01-28,16.39,16.53,16.28,16.52,3300,16.39
2009-01-27,15.87,15.87,15.87,15.87,1000,15.75
2009-01-26,15.46,15.46,15.46,15.46,000,15.34
2009-01-23,15.46,15.46,15.46,15.46,000,15.34
2009-01-22,15.46,15.46,15.46,15.46,200,15.34
2009-01-21,15.67,15.67,15.67,15.67,1300,15.55
2009-01-20,15.55,15.55,15.55,15.55,200,15.43
2009-01-16,16.21,16.27,16.09,16.09,7800,15.97
2009-01-15,15.52,15.52,15.52,15.52,300,15.40
2009-01-14,16.35,16.35,16.35,16.35,000,16.23
2009-01-13,16.35,16.35,16.35,16.35,500,16.23
2009-01-12,16.48,16.48,16.10,16.10,400,15.98
2009-01-09,16.63,16.63,16.63,16.63,300,16.50
2009-01-08,16.64,16.64,16.64,16.64,000,16.51
2009-01-07,16.77,16.77,16.60,16.64,1600,16.51
2009-01-06,17.00,17.15,17.00,17.15,600,17.02
2009-01-05,16.87,16.87,16.87,16.87,000,16.74
2009-01-02,16.54,16.87,16.54,16.87,21400,16.74
2008-12-31,16.25,16.36,16.25,16.36,11800,16.24
2008-12-30,15.58,15.58,15.58,15.58,000,15.46
2008-12-29,15.48,15.58,15.48,15.58,3200,15.46
2008-12-26,15.42,15.42,15.42,15.42,000,15.30
2008-12-24,15.42,15.44,15.40,15.42,17800,15.30
2008-12-23,15.78,15.78,15.78,15.78,400,15.50
2008-12-22,15.67,15.67,15.64,15.64,2300,15.36
2008-12-19,16.01,16.01,16.01,16.01,000,15.72
2008-12-18,16.01,16.01,16.01,16.01,500,15.72
2008-12-17,16.07,16.07,16.07,16.07,000,15.78
2008-12-16,16.07,16.07,15.65,16.07,3800,15.78
2008-12-15,15.59,15.59,15.59,15.59,400,15.31
2008-12-12,15.68,15.68,15.68,15.68,100,15.40
2008-12-11,15.52,15.52,15.52,15.52,000,15.24
2008-12-10,15.52,15.52,15.52,15.52,000,15.24
2008-12-09,15.95,15.95,15.52,15.52,31900,15.24
2008-12-08,16.25,16.25,15.56,15.76,1800,15.48
2008-12-05,14.70,14.70,14.70,14.70,200,14.44
2008-12-04,15.32,15.32,14.66,14.66,3000,14.40
2008-12-03,14.92,14.92,14.90,14.90,1000,14.63
2008-12-02,15.13,15.13,14.85,14.99,11000,14.72
2008-12-01,15.61,15.61,15.61,15.61,000,15.33
2008-11-28,15.61,15.61,15.61,15.61,1600,15.33
2008-11-26,15.13,15.28,15.13,15.28,300,15.01
2008-11-25,14.88,14.88,14.73,14.73,1800,14.47
2008-11-24,14.59,14.76,14.53,14.76,2300,14.49
2008-11-21,13.39,13.57,13.10,13.55,10500,13.31
2008-11-20,13.93,14.15,13.90,14.07,4200,13.82
2008-11-19,15.70,15.70,14.66,14.68,4400,14.42
2008-11-18,15.06,15.45,15.06,15.28,5500,15.01
2008-11-17,15.22,15.64,15.22,15.43,14000,15.15
2008-11-14,15.62,15.62,15.62,15.62,300,15.34
2008-11-13,15.44,15.44,15.44,15.44,000,15.16
2008-11-12,15.44,15.44,15.44,15.44,300,15.16
2008-11-11,15.75,15.79,15.75,15.79,2100,15.51
2008-11-10,16.16,16.16,16.16,16.16,000,15.87
2008-11-07,16.16,16.16,16.16,16.16,000,15.87
2008-11-06,16.23,16.23,16.16,16.16,200,15.87
2008-11-05,17.44,17.44,17.44,17.44,000,17.13
2008-11-04,17.30,17.49,17.30,17.44,5900,17.13
2008-11-03,17.14,17.18,17.00,17.00,12200,16.69
2008-10-31,16.75,16.79,16.75,16.76,8500,16.46
2008-10-30,16.47,16.53,16.34,16.48,500,16.18
2008-10-29,15.96,16.28,15.96,16.28,2800,15.99
2008-10-28,15.31,15.57,14.90,15.57,2100,15.29
2008-10-27,15.14,15.31,15.06,15.31,1700,15.03
2008-10-24,15.10,15.10,15.10,15.10,000,14.83
2008-10-23,15.67,15.67,15.10,15.10,5300,14.83
2008-10-22,15.53,15.53,15.53,15.53,1000,15.25
2008-10-21,16.96,17.18,16.63,16.63,10400,16.33
2008-10-20,16.68,16.68,16.68,16.68,400,16.38
2008-10-17,16.13,16.89,16.05,16.42,22400,16.12
2008-10-16,15.51,15.51,15.45,15.45,300,15.17
2008-10-15,17.00,17.00,17.00,17.00,000,16.69
2008-10-14,17.06,17.70,17.00,17.00,500,16.69
2008-10-13,14.78,14.78,14.78,14.78,000,14.51
2008-10-10,16.30,16.30,14.58,14.78,2500,14.51
2008-10-09,17.05,17.05,16.78,16.78,800,16.48
2008-10-08,17.21,17.21,17.21,17.21,400,16.90
2008-10-07,17.94,17.94,17.94,17.94,300,17.62
2008-10-06,18.20,18.20,18.20,18.20,500,17.87
2008-10-03,19.94,19.94,19.94,19.94,000,19.58
2008-10-02,19.92,19.94,19.92,19.94,1000,19.58
2008-10-01,20.48,20.48,20.48,20.48,1200,20.11
2008-09-30,20.21,20.45,20.21,20.45,500,20.08
2008-09-29,21.17,21.17,21.17,21.17,000,20.79
2008-09-26,21.15,21.17,21.15,21.17,800,20.79
2008-09-25,21.39,21.44,21.34,21.39,8100,21.01
2008-09-24,21.33,21.33,21.15,21.26,2600,20.88
2008-09-23,21.65,21.65,21.28,21.30,1300,20.92
2008-09-22,21.60,21.61,21.60,21.61,4000,21.22
2008-09-19,22.25,22.25,22.18,22.18,600,21.78
2008-09-18,20.76,21.23,20.55,21.23,13000,20.85
2008-09-17,21.51,21.51,21.17,21.17,1500,20.79
2008-09-16,21.40,21.40,21.40,21.40,2000,21.02
2008-09-15,22.54,22.54,22.32,22.32,2000,21.92
2008-09-12,22.79,22.79,22.79,22.79,500,22.38
2008-09-11,22.43,22.43,22.43,22.43,000,22.03
2008-09-10,22.43,22.43,22.43,22.43,1000,22.03
2008-09-09,22.95,22.95,22.70,22.70,4900,22.29
2008-09-08,23.88,23.88,22.86,22.89,2900,22.48
2008-09-05,22.63,22.77,22.58,22.77,2700,22.36
2008-09-04,22.75,22.75,22.75,22.75,600,22.34
2008-09-03,23.70,23.70,23.70,23.70,000,23.27
2008-09-02,24.00,24.00,23.70,23.70,1200,23.27
2008-08-29,23.93,23.99,23.93,23.99,1200,23.56
2008-08-28,23.77,23.95,23.77,23.95,2500,23.52
2008-08-27,23.51,23.67,23.49,23.67,600,23.24
2008-08-26,23.39,23.41,23.39,23.41,600,22.99
2008-08-25,23.42,23.42,23.42,23.42,400,23.00
2008-08-22,23.53,23.53,23.53,23.53,000,23.11
2008-08-21,23.53,23.53,23.53,23.53,000,23.11
2008-08-20,23.53,23.53,23.53,23.53,000,23.11
2008-08-19,23.53,23.53,23.53,23.53,800,23.11
2008-08-18,23.04,23.04,23.04,23.04,000,22.63
2008-08-15,23.04,23.04,23.04,23.04,000,22.63
2008-08-14,23.04,23.04,23.04,23.04,000,22.63
2008-08-13,23.04,23.04,23.04,23.04,000,22.63
2008-08-12,23.04,23.04,23.04,23.04,000,22.63
2008-08-11,23.04,23.04,23.04,23.04,000,22.63
2008-08-08,23.04,23.04,23.04,23.04,000,22.63
2008-08-07,23.04,23.04,23.04,23.04,000,22.63
2008-08-06,23.04,23.04,23.04,23.04,000,22.63
2008-08-05,23.04,23.04,23.04,23.04,1000,22.63
2008-08-04,23.30,23.30,23.30,23.30,000,22.88
2008-08-01,23.30,23.30,23.30,23.30,000,22.88
2008-07-31,23.28,23.30,23.28,23.30,700,22.88
2008-07-30,23.06,23.06,23.06,23.06,000,22.65
2008-07-29,22.91,23.06,22.91,23.06,600,22.65
2008-07-28,23.38,23.38,23.38,23.38,000,22.96
2008-07-25,23.38,23.38,23.38,23.38,000,22.96
2008-07-24,23.38,23.38,23.38,23.38,000,22.96
2008-07-23,23.38,23.38,23.38,23.38,500,22.96
2008-07-22,22.92,23.15,22.92,23.15,500,22.73
2008-07-21,22.96,23.06,22.92,23.02,39600,22.61
2008-07-18,22.45,22.45,22.45,22.45,000,22.05
2008-07-17,22.45,22.45,22.45,22.45,000,22.05
2008-07-16,22.07,22.45,22.07,22.45,800,22.05
2008-07-15,21.79,22.48,21.79,22.48,1700,22.08
2008-07-14,22.65,22.65,22.65,22.65,100,22.24
2008-07-11,23.10,23.10,23.10,23.10,000,22.68
2008-07-10,23.10,23.10,23.10,23.10,000,22.68
2008-07-09,22.94,23.10,22.94,23.10,1100,22.68
2008-07-08,22.63,22.65,22.63,22.65,2000,22.24
2008-07-07,22.87,22.87,22.47,22.47,3200,22.07
2008-07-03,23.13,23.13,23.13,23.13,000,22.71
2008-07-02,23.13,23.13,23.13,23.13,000,22.71
2008-07-01,23.26,23.32,23.11,23.13,15400,22.71
2008-06-30,23.28,23.28,23.28,23.28,200,22.86
2008-06-27,23.14,23.14,23.14,23.14,100,22.72
2008-06-26,23.95,23.95,23.95,23.95,300,23.52
2008-06-25,24.41,24.41,24.41,24.41,000,23.97
2008-06-24,24.41,24.41,24.41,24.41,000,23.97
2008-06-23,24.41,24.41,24.41,24.41,300,23.97
2008-06-20,24.35,24.37,24.35,24.37,400,23.93
2008-06-19,24.92,24.92,24.92,24.92,000,24.47
2008-06-18,24.92,24.92,24.92,24.92,900,24.47
2008-06-17,24.92,24.92,24.92,24.92,000,24.47
2008-06-16,24.92,24.92,24.92,24.92,000,24.47
2008-06-13,24.92,24.92,24.92,24.92,000,24.47
2008-06-12,24.88,24.92,24.88,24.92,800,24.47
2008-06-11,24.85,24.86,24.84,24.84,1600,24.39
2008-06-10,25.44,25.44,25.44,25.44,000,24.98
2008-06-09,25.44,25.44,25.44,25.44,000,24.98
2008-06-06,25.44,25.44,25.44,25.44,000,24.98
2008-06-05,25.44,25.44,25.44,25.44,000,24.98
2008-06-04,25.42,25.44,25.42,25.44,500,24.98
2008-06-03,25.38,25.38,25.38,25.38,000,24.92
2008-06-02,25.38,25.38,25.38,25.38,2000,24.92
2008-05-30,25.51,25.51,25.51,25.51,000,25.05
2008-05-29,25.51,25.51,25.51,25.51,200,25.05
2008-05-28,25.30,25.33,25.30,25.33,800,24.87
2008-05-27,25.15,25.15,25.15,25.15,000,24.70
2008-05-23,25.25,25.25,25.11,25.15,4600,24.70
2008-05-22,25.06,25.06,25.06,25.06,000,24.61
2008-05-21,25.06,25.06,25.06,25.06,000,24.61
2008-05-20,25.06,25.06,25.06,25.06,000,24.61
2008-05-19,25.06,25.06,25.06,25.06,000,24.61
2008-05-16,25.06,25.06,25.06,25.06,000,24.61
2008-05-15,25.06,25.06,25.06,25.06,000,24.61
2008-05-14,25.06,25.06,25.06,25.06,000,24.61
2008-05-13,25.06,25.06,25.06,25.06,100,24.61
2008-05-12,24.96,24.99,24.96,24.99,5100,24.54
2008-05-09,24.49,24.49,24.49,24.49,1000,24.05
2008-05-08,24.66,24.66,24.66,24.66,000,24.22
2008-05-07,24.66,24.66,24.66,24.66,000,24.22
2008-05-06,24.66,24.66,24.66,24.66,500,24.22
2008-05-05,24.65,24.65,24.65,24.65,000,24.21
2008-05-02,24.67,24.67,24.65,24.65,900,24.21
2008-05-01,24.53,24.53,24.53,24.53,400,24.09
2008-04-30,24.33,24.33,24.33,24.33,000,23.89
2008-04-29,24.40,24.40,24.33,24.33,400,23.89
2008-04-28,24.30,24.30,24.30,24.30,000,23.86
2008-04-25,24.30,24.30,24.30,24.30,200,23.86
2008-04-24,24.06,24.06,24.06,24.06,000,23.63
2008-04-23,24.06,24.06,24.06,24.06,000,23.63
2008-04-22,24.06,24.06,24.06,24.06,100,23.63
2008-04-21,24.20,24.28,24.20,24.28,500,23.84
2008-04-18,23.33,23.33,23.33,23.33,000,22.91
2008-04-17,23.33,23.33,23.33,23.33,000,22.91
2008-04-16,23.33,23.33,23.33,23.33,000,22.91
2008-04-15,23.37,23.37,23.33,23.33,200,22.91
2008-04-14,23.64,23.64,23.64,23.64,000,23.21
2008-04-11,23.64,23.64,23.64,23.64,000,23.21
2008-04-10,23.64,23.64,23.64,23.64,400,23.21
2008-04-09,23.60,23.60,23.60,23.60,000,23.18
2008-04-08,23.60,23.60,23.60,23.60,000,23.18
2008-04-07,23.60,23.60,23.60,23.60,000,23.18
2008-04-04,23.60,23.60,23.60,23.60,000,23.18
2008-04-03,23.60,23.60,23.60,23.60,400,23.18
2008-04-02,23.66,23.66,23.58,23.59,28800,23.17
2008-04-01,22.83,22.83,22.83,22.83,000,22.42
2008-03-31,22.71,22.83,22.71,22.83,600,22.42
2008-03-28,22.92,22.92,22.86,22.86,700,22.45
2008-03-27,22.88,22.92,22.88,22.92,1100,22.51
2008-03-26,23.10,23.10,23.10,23.10,000,22.68
2008-03-25,23.10,23.10,23.10,23.10,200,22.68
2008-03-24,23.01,23.01,23.01,23.01,200,22.60
2008-03-20,22.51,22.51,22.51,22.51,000,22.11
2008-03-19,22.51,22.51,22.51,22.51,000,22.11
2008-03-18,22.51,22.51,22.51,22.51,200,22.11
2008-03-17,22.60,22.60,22.60,22.60,000,22.19
2008-03-14,22.60,22.60,22.60,22.60,000,22.19
2008-03-13,22.60,22.60,22.60,22.60,000,22.19
2008-03-12,22.60,22.60,22.60,22.60,000,22.19
2008-03-11,22.76,22.76,22.60,22.60,1000,22.19
2008-03-10,23.06,23.06,23.06,23.06,000,22.65
2008-03-07,23.06,23.06,23.06,23.06,1300,22.65
2008-03-06,23.56,23.56,23.56,23.56,000,23.14
2008-03-05,23.56,23.56,23.56,23.56,100,23.14
2008-03-04,23.43,23.43,23.43,23.43,000,23.01
2008-03-03,23.56,23.56,23.34,23.43,900,23.01
2008-02-29,24.40,24.40,24.40,24.40,000,23.96
2008-02-28,24.40,24.40,24.40,24.40,000,23.96
2008-02-27,24.40,24.40,24.40,24.40,000,23.96
2008-02-26,24.40,24.40,24.40,24.40,800,23.96
2008-02-25,24.00,24.14,24.00,24.14,1100,23.71
2008-02-22,23.80,23.80,23.80,23.80,000,23.37
2008-02-21,23.80,23.80,23.80,23.80,200,23.37
2008-02-20,23.69,23.96,23.69,23.96,400,23.53
2008-02-19,23.81,23.81,23.81,23.81,000,23.38
2008-02-15,23.81,23.81,23.81,23.81,100,23.38
2008-02-14,24.00,24.00,24.00,24.00,100,23.57
2008-02-13,23.83,23.83,23.83,23.83,000,23.40
2008-02-12,23.98,24.03,23.83,23.83,11400,23.40
2008-02-11,23.64,23.70,23.64,23.70,500,23.27
2008-02-08,23.69,23.72,23.69,23.72,5500,23.29
2008-02-07,23.75,23.75,23.75,23.75,000,23.32
2008-02-06,23.78,23.78,23.75,23.75,1300,23.32
2008-02-05,24.00,24.00,24.00,24.00,200,23.57
2008-02-04,24.46,24.58,24.46,24.52,1700,24.08
2008-02-01,24.43,24.49,24.43,24.47,1500,24.03
2008-01-31,23.60,24.21,23.60,24.14,20400,23.71
2008-01-30,23.91,25.07,23.91,25.07,1800,24.62
2008-01-29,23.20,23.20,23.20,23.20,000,22.78
2008-01-28,23.20,23.20,23.20,23.20,000,22.78
2008-01-25,23.20,23.20,23.20,23.20,000,22.78
2008-01-24,23.20,23.20,23.20,23.20,800,22.78
2008-01-23,22.32,22.32,22.20,22.20,400,21.80
2008-01-22,22.57,22.69,22.38,22.69,1700,22.28
2008-01-18,23.26,23.26,22.94,22.94,1000,22.53
2008-01-17,23.53,23.53,23.53,23.53,800,23.11
2008-01-16,23.81,24.02,23.76,24.02,8000,23.59
2008-01-15,23.96,23.96,23.96,23.96,200,23.53
2008-01-14,24.46,24.46,24.46,24.46,300,24.02
2008-01-11,24.31,24.31,24.31,24.31,100,23.87
2008-01-10,24.71,24.71,24.71,24.71,000,24.27
2008-01-09,24.71,24.71,24.71,24.71,000,24.27
2008-01-08,24.89,24.89,24.71,24.71,500,24.27
2008-01-07,24.99,24.99,24.99,24.99,000,24.54
2008-01-04,24.99,24.99,24.99,24.99,1100,24.54
2008-01-03,25.65,25.65,25.65,25.65,000,25.19
2008-01-02,25.65,25.65,25.65,25.65,300,25.19
2007-12-31,25.99,25.99,25.83,25.84,1500,25.38
2007-12-28,25.86,25.89,25.86,25.89,300,25.42
2007-12-27,25.97,25.97,25.97,25.97,500,25.50
2007-12-26,26.17,26.17,26.17,26.17,000,25.70
2007-12-24,26.18,26.18,26.17,26.17,1100,25.61
2007-12-21,25.71,25.71,25.71,25.71,000,25.16
2007-12-20,25.71,25.71,25.71,25.71,000,25.16
2007-12-19,25.71,25.71,25.71,25.71,700,25.16
2007-12-18,25.59,25.59,25.59,25.59,000,25.04
2007-12-17,25.76,25.76,25.59,25.59,5600,25.04
2007-12-14,25.90,25.91,25.90,25.91,3500,25.35
2007-12-13,26.02,26.02,26.02,26.02,100,25.46
2007-12-12,26.26,26.28,26.23,26.23,300,25.66
2007-12-11,26.64,26.65,26.64,26.65,1000,26.08
2007-12-10,26.51,26.64,26.51,26.60,4200,26.03
2007-12-07,26.44,26.44,26.44,26.44,500,25.87
2007-12-06,26.22,26.22,26.19,26.21,7400,25.65
2007-12-05,25.83,25.83,25.83,25.83,000,25.27
2007-12-04,25.91,25.91,25.83,25.83,4600,25.27
2007-12-03,25.85,25.85,25.85,25.85,200,25.29
2007-11-30,26.01,26.01,25.92,25.92,500,25.36
2007-11-29,25.87,25.87,25.87,25.87,000,25.31
2007-11-28,25.54,25.87,25.54,25.87,200,25.31
2007-11-27,25.09,25.22,25.09,25.22,600,24.68
2007-11-26,25.29,25.40,25.29,25.40,1000,24.85
2007-11-23,25.18,25.18,25.18,25.18,100,24.64
2007-11-21,24.99,25.12,24.99,25.12,1100,24.58
2007-11-20,25.30,25.30,25.30,25.30,400,24.75
2007-11-19,25.59,25.59,25.59,25.59,000,25.04
2007-11-16,25.59,25.59,25.59,25.59,400,25.04
2007-11-15,25.78,25.78,25.68,25.68,1200,25.13
2007-11-14,26.04,26.04,26.04,26.04,2000,25.48
2007-11-13,25.79,26.02,25.79,26.02,2100,25.46
2007-11-12,25.95,25.95,25.70,25.70,1800,25.15
2007-11-09,26.08,26.08,25.89,25.89,200,25.33
2007-11-08,26.11,26.20,25.83,26.20,12400,25.64
2007-11-07,26.15,26.15,26.15,26.15,2000,25.59
2007-11-06,26.25,26.25,26.25,26.25,500,25.68
2007-11-05,26.48,26.48,26.48,26.48,100,25.91
2007-11-02,26.68,26.68,26.68,26.68,900,26.11
2007-11-01,26.91,26.91,26.74,26.74,900,26.16
2007-10-31,27.01,27.01,27.01,27.01,100,26.43
2007-10-30,26.88,26.95,26.88,26.94,900,26.36
2007-10-29,26.88,26.88,26.88,26.88,1300,26.30
2007-10-26,26.59,26.59,26.59,26.59,000,26.02
2007-10-25,26.58,26.59,26.58,26.59,5600,26.02
2007-10-24,26.63,26.63,26.42,26.43,1100,25.86
2007-10-23,26.60,26.60,26.55,26.55,800,25.98
2007-10-22,26.44,26.56,26.38,26.55,3600,25.98
2007-10-19,26.77,26.77,26.74,26.74,300,26.16
2007-10-18,27.01,27.01,27.01,27.01,300,26.43
2007-10-17,27.10,27.10,26.88,26.91,2100,26.33
2007-10-16,27.12,27.12,26.97,27.00,18400,26.42
2007-10-15,27.19,27.19,27.04,27.04,1500,26.46
2007-10-12,27.28,27.28,27.28,27.28,1100,26.69
2007-10-11,27.45,27.45,27.45,27.45,800,26.86
2007-10-10,27.34,27.34,27.19,27.19,1800,26.60
2007-10-09,27.21,27.23,27.20,27.22,1200,26.63
2007-10-08,27.07,27.12,27.07,27.12,900,26.54
2007-10-05,26.98,27.12,26.98,27.12,2700,26.54
2007-10-04,26.70,26.73,26.70,26.73,2200,26.15
2007-10-03,26.75,26.75,26.75,26.75,000,26.17
2007-10-02,26.73,26.75,26.73,26.75,300,26.17
2007-10-01,26.41,26.41,26.41,26.41,000,25.84
2007-09-28,26.41,26.41,26.41,26.41,000,25.84
2007-09-27,26.33,26.41,26.33,26.41,900,25.84
2007-09-26,26.08,26.18,26.08,26.18,5200,25.62
2007-09-25,25.95,25.95,25.95,25.95,200,25.39
2007-09-24,26.03,26.03,26.03,26.03,5000,25.47
2007-09-21,26.12,26.12,26.12,26.12,300,25.56
2007-09-20,26.10,26.12,26.10,26.12,700,25.56
2007-09-19,26.29,26.29,26.29,26.29,200,25.72
2007-09-18,25.96,25.96,25.96,25.96,500,25.40
2007-09-17,25.36,25.36,25.36,25.36,000,24.81
2007-09-14,25.36,25.36,25.36,25.36,000,24.81
2007-09-13,25.36,25.36,25.36,25.36,000,24.81
2007-09-12,25.36,25.36,25.36,25.36,100,24.81
2007-09-11,25.21,25.21,25.21,25.21,000,24.67
2007-09-10,25.21,25.21,25.21,25.21,300,24.67
2007-09-07,25.50,25.50,25.50,25.50,000,24.95
2007-09-06,25.50,25.50,25.50,25.50,000,24.95
2007-09-05,25.50,25.50,25.50,25.50,400,24.95
2007-09-04,25.59,25.59,25.59,25.59,000,25.04
2007-08-31,25.59,25.59,25.59,25.59,800,25.04
2007-08-30,25.22,25.22,25.22,25.22,000,24.68
2007-08-29,25.20,25.25,25.12,25.22,1700,24.68
2007-08-28,25.07,25.07,25.07,25.07,100,24.53
2007-08-27,25.50,25.57,25.50,25.52,500,24.97
2007-08-24,25.36,25.55,25.36,25.55,2000,25.00
2007-08-23,25.42,25.42,25.33,25.33,7100,24.78
2007-08-22,25.22,25.25,25.22,25.24,7400,24.70
2007-08-21,24.91,24.91,24.91,24.91,100,24.37
2007-08-20,24.55,24.55,24.55,24.55,000,24.02
2007-08-17,24.55,24.55,24.55,24.55,100,24.02
2007-08-16,24.80,24.80,24.80,24.80,000,24.27
2007-08-15,24.80,24.80,24.80,24.80,600,24.27
2007-08-14,25.48,25.48,25.01,25.01,1500,24.47
2007-08-13,25.56,25.56,25.56,25.56,1400,25.01
2007-08-10,25.05,25.05,25.05,25.05,4000,24.51
2007-08-09,24.75,24.75,24.75,24.75,100,24.22
2007-08-08,25.70,25.70,25.47,25.47,10100,24.92
2007-08-07,25.54,25.54,25.54,25.54,2000,24.99
2007-08-06,25.10,25.43,25.03,25.35,12900,24.80
2007-08-03,25.73,25.74,25.73,25.74,300,25.19
2007-08-02,25.84,25.95,25.77,25.85,400,25.29
2007-08-01,25.69,25.69,25.69,25.69,100,25.14
2007-07-31,26.26,26.30,25.77,25.77,2000,25.21
2007-07-30,25.81,25.94,25.66,25.94,22800,25.38
2007-07-27,26.15,26.15,25.78,25.78,1800,25.22
2007-07-26,26.55,26.55,26.08,26.19,23700,25.63
2007-07-25,27.13,27.13,26.78,26.84,6000,26.26
2007-07-24,26.97,26.97,26.97,26.97,100,26.39
2007-07-23,27.42,27.42,27.42,27.42,000,26.83
2007-07-20,27.42,27.42,27.42,27.42,100,26.83
2007-07-19,27.68,27.68,27.68,27.68,100,27.08
2007-07-18,27.61,27.61,27.61,27.61,3000,27.02
2007-07-17,27.85,27.85,27.85,27.85,100,27.25
2007-07-16,27.75,27.75,27.75,27.75,100,27.15
2007-07-13,27.79,27.79,27.79,27.79,100,27.19
2007-07-12,27.65,27.75,27.64,27.75,900,27.15
2007-07-11,27.42,27.42,27.42,27.42,900,26.83
2007-07-10,27.53,27.53,27.31,27.31,2200,26.72
2007-07-09,27.60,27.67,27.54,27.67,5000,27.07
2007-07-06,27.45,27.51,27.45,27.51,2400,26.92
2007-07-05,27.39,27.39,27.39,27.39,100,26.80
2007-07-03,27.45,27.45,27.45,27.45,300,26.86
2007-07-02,27.06,27.06,27.06,27.06,000,26.48
2007-06-29,27.06,27.06,27.06,27.06,000,26.48
2007-06-28,27.06,27.06,27.06,27.06,100,26.48
2007-06-27,26.90,26.90,26.90,26.90,1700,26.32
2007-06-26,26.86,26.86,26.86,26.86,500,26.28
2007-06-25,26.98,26.98,26.98,26.98,000,26.40
2007-06-22,26.98,26.98,26.98,26.98,400,26.40
2007-06-21,27.14,27.14,27.14,27.14,200,26.56
2007-06-20,27.38,27.38,27.38,27.38,400,26.79
2007-06-19,27.15,27.30,27.15,27.30,1500,26.71
2007-06-18,27.31,27.31,27.31,27.31,500,26.72
2007-06-15,27.40,27.44,27.31,27.31,19200,26.72
2007-06-14,27.18,27.18,27.18,27.18,1500,26.59
2007-06-13,26.81,26.85,26.81,26.85,1900,26.27
2007-06-12,26.66,26.66,26.66,26.66,100,26.09
2007-06-11,26.86,26.93,26.86,26.89,2900,26.31
2007-06-08,26.71,26.71,26.71,26.71,100,26.13
2007-06-07,26.86,26.86,26.52,26.56,2400,25.99
2007-06-06,27.03,27.04,26.98,26.98,3800,26.40
2007-06-05,27.29,27.31,27.25,27.26,1900,26.67
2007-06-04,27.29,27.29,27.29,27.29,000,26.70
2007-06-01,27.30,27.30,27.27,27.29,14000,26.70
2007-05-31,27.18,27.19,27.15,27.18,12000,26.59
2007-05-30,26.83,26.83,26.83,26.83,000,26.25
2007-05-29,26.81,26.83,26.81,26.83,1000,26.25
2007-05-25,26.56,26.56,26.56,26.56,000,25.99
2007-05-24,26.88,26.88,26.55,26.56,1500,25.99
2007-05-23,26.87,26.97,26.87,26.97,700,26.39
2007-05-22,26.86,26.91,26.84,26.89,1600,26.31
2007-05-21,26.89,26.93,26.89,26.93,1000,26.35
2007-05-18,26.67,26.67,26.67,26.67,1000,26.10
2007-05-17,26.60,26.60,26.60,26.60,300,26.03
2007-05-16,26.50,26.50,26.47,26.50,600,25.93
2007-05-15,26.64,26.64,26.44,26.44,200,25.87
2007-05-14,26.50,26.50,26.50,26.50,000,25.93
2007-05-11,26.48,26.50,26.48,26.50,1300,25.93
2007-05-10,26.46,26.50,26.37,26.37,4200,25.80
2007-05-09,26.55,26.56,26.52,26.54,4700,25.97
2007-05-08,26.46,26.46,26.40,26.43,1800,25.86
2007-05-07,26.52,26.53,26.52,26.53,500,25.96
2007-05-04,26.48,26.48,26.48,26.48,400,25.91
2007-05-03,26.43,26.43,26.43,26.43,200,25.86
2007-05-02,26.37,26.37,26.33,26.33,200,25.76
2007-05-01,26.32,26.32,26.32,26.32,000,25.75
2007-04-30,26.31,26.32,26.31,26.32,300,25.75
2007-04-27,26.24,26.24,26.24,26.24,200,25.67
2007-04-26,26.30,26.30,26.30,26.30,400,25.73
2007-04-25,26.32,26.34,26.32,26.32,5800,25.75
2007-04-24,26.15,26.15,26.15,26.15,200,25.59
2007-04-23,26.07,26.07,26.07,26.07,000,25.51
2007-04-20,26.07,26.07,26.07,26.07,100,25.51
2007-04-19,25.82,25.82,25.82,25.82,000,25.26
2007-04-18,25.82,25.82,25.82,25.82,300,25.26
2007-04-17,25.80,25.80,25.78,25.78,700,25.22
2007-04-16,25.46,25.46,25.46,25.46,000,24.91
2007-04-13,25.46,25.46,25.46,25.46,1900,24.91
2007-04-12,25.33,25.33,25.33,25.33,000,24.78
2007-04-11,25.45,25.45,25.33,25.33,1200,24.78
2007-04-10,25.45,25.45,25.45,25.45,000,24.90
2007-04-09,25.45,25.45,25.45,25.45,000,24.90
2007-04-05,25.45,25.45,25.45,25.45,200,24.90
2007-04-04,25.41,25.43,25.41,25.43,900,24.88
2007-04-03,25.43,25.43,25.43,25.43,300,24.88