2011-05-10,48.85,49.34,48.85,49.33,22800,49.33
2011-05-09,48.10,48.57,48.02,48.57,8600,48.57
2011-05-06,48.62,48.79,48.11,48.21,12500,48.21
2011-05-05,48.18,48.80,48.00,48.12,23500,48.12
2011-05-04,49.00,49.00,48.37,48.46,22000,48.46
2011-05-03,49.05,49.35,48.62,48.93,9000,48.93
2011-05-02,49.82,49.82,49.16,49.16,14000,49.16
2011-04-29,49.40,49.69,49.38,49.56,15000,49.56
2011-04-28,49.61,49.61,49.29,49.61,21300,49.61
2011-04-27,49.10,49.31,49.00,49.27,10000,49.27
2011-04-26,48.58,49.23,48.58,49.10,17800,49.10
2011-04-25,48.44,48.55,48.30,48.49,17400,48.49
2011-04-21,48.54,48.54,48.27,48.54,15700,48.54
2011-04-20,48.31,48.39,48.16,48.30,16900,48.30
2011-04-19,48.14,48.14,47.63,47.67,13800,47.67
2011-04-18,47.95,47.95,47.54,47.79,17200,47.79
2011-04-15,47.92,48.40,47.87,48.33,34700,48.33
2011-04-14,47.36,47.97,47.17,47.95,12300,47.95
2011-04-13,48.05,48.07,47.40,47.58,25200,47.58
2011-04-12,48.06,48.15,47.88,47.93,10300,47.93
2011-04-11,48.64,48.74,48.23,48.30,11300,48.30
2011-04-08,49.34,49.41,48.51,48.57,10000,48.57
2011-04-07,49.54,49.59,49.12,49.22,10200,49.22
2011-04-06,49.29,49.56,49.29,49.55,12200,49.55
2011-04-05,48.91,49.39,48.91,49.13,19100,49.13
2011-04-04,49.05,49.15,48.94,49.15,12600,49.15
2011-04-01,48.82,49.08,48.67,48.80,30400,48.80
2011-03-31,48.42,48.67,48.35,48.67,12400,48.67
2011-03-30,47.98,48.44,47.97,48.44,19500,48.44
2011-03-29,47.33,47.92,47.33,47.79,12000,47.79
2011-03-28,47.71,47.88,47.53,47.53,17500,47.53
2011-03-25,47.45,48.05,47.33,47.63,58900,47.63
2011-03-24,47.37,47.41,46.98,47.32,34300,47.32
2011-03-23,47.12,47.19,46.71,47.08,17500,47.08
2011-03-22,47.43,47.50,47.06,47.12,21900,47.12
2011-03-21,46.97,47.30,46.97,47.30,14600,47.30
2011-03-18,46.57,46.80,46.47,46.73,13100,46.45
2011-03-17,46.50,46.67,45.78,46.18,13200,45.90
2011-03-16,46.22,46.44,45.77,45.85,33500,45.57
2011-03-15,45.80,46.77,45.10,46.38,39600,46.10
2011-03-14,46.39,47.01,46.39,46.85,29600,46.57
2011-03-11,46.67,47.30,46.38,47.15,65700,46.87
2011-03-10,47.68,47.68,46.97,47.15,29800,46.87
2011-03-09,48.21,48.35,48.01,48.20,15900,47.91
2011-03-08,47.45,48.39,47.23,48.15,19300,47.86
2011-03-07,48.30,48.30,47.12,47.41,15700,47.12
2011-03-04,48.43,48.53,47.65,48.06,23800,47.77
2011-03-03,47.92,48.52,47.92,48.40,20600,48.11
2011-03-02,47.60,47.70,47.30,47.59,44800,47.30
2011-03-01,48.57,48.57,47.53,47.61,15400,47.32
2011-02-28,48.45,48.65,48.07,48.41,15200,48.12
2011-02-25,47.51,48.16,47.51,48.16,22300,47.87
2011-02-24,47.40,47.54,46.79,47.33,55200,47.04
2011-02-23,48.04,48.18,47.20,47.32,29700,47.03
2011-02-22,48.66,48.73,47.90,47.96,47400,47.67
2011-02-18,48.97,49.32,48.85,49.00,22700,48.70
2011-02-17,48.65,49.00,48.60,48.96,21500,48.66
2011-02-16,48.45,48.72,48.40,48.62,30400,48.33
2011-02-15,48.55,48.63,48.26,48.36,19700,48.07
2011-02-14,48.53,48.67,48.43,48.61,32900,48.32
2011-02-11,47.87,48.59,47.87,48.59,24500,48.30
2011-02-10,47.77,48.09,47.75,48.02,23500,47.73
2011-02-09,48.07,48.18,47.87,48.00,31900,47.71
2011-02-08,48.14,48.14,47.73,48.14,15800,47.85
2011-02-07,47.51,48.10,47.50,47.98,30100,47.69
2011-02-04,47.57,47.60,47.24,47.50,24700,47.21
2011-02-03,47.60,47.70,47.13,47.59,25400,47.30
2011-02-02,47.59,48.57,47.44,47.55,29500,47.26
2011-02-01,47.15,47.82,47.07,47.72,38900,47.43
2011-01-31,46.88,47.13,46.61,46.85,17300,46.57
2011-01-28,47.97,47.97,46.72,46.76,18100,46.48
2011-01-27,47.77,48.01,47.73,47.97,33700,47.68
2011-01-26,47.33,47.85,47.18,47.72,15200,47.43
2011-01-25,46.80,47.26,46.79,47.26,27400,46.97
2011-01-24,46.60,47.10,46.60,46.94,22200,46.66
2011-01-21,47.14,47.14,46.56,46.61,35900,46.33
2011-01-20,47.01,47.16,46.74,46.78,22200,46.50
2011-01-19,48.12,48.12,46.97,47.03,25100,46.75
2011-01-18,48.15,48.15,47.70,48.13,24100,47.84
2011-01-14,47.75,48.18,47.63,48.10,48300,47.81
2011-01-13,47.76,47.81,47.50,47.56,30600,47.27
2011-01-12,47.72,47.75,47.54,47.71,45900,47.42
2011-01-11,47.51,47.54,47.19,47.36,27900,47.07
2011-01-10,46.93,47.36,46.63,47.29,25300,47.00
2011-01-07,47.71,47.79,46.82,47.21,30800,46.93
2011-01-06,47.74,47.79,47.41,47.54,32300,47.25
2011-01-05,47.34,47.84,47.33,47.84,34900,47.55
2011-01-04,48.42,48.42,47.10,47.44,148100,47.15
2011-01-03,47.58,48.33,47.58,48.20,31400,47.91
2010-12-31,47.53,47.75,47.31,47.41,17000,47.12
2010-12-30,47.81,47.88,47.63,47.63,39200,47.34
2010-12-29,47.95,47.95,47.75,47.78,25000,47.49
2010-12-28,47.84,47.84,47.59,47.67,21700,47.38
2010-12-27,47.44,47.85,47.25,47.81,19300,47.52
2010-12-23,47.80,47.80,47.49,47.56,35100,47.27
2010-12-22,47.59,47.76,47.37,47.65,28600,47.36
2010-12-21,47.61,47.96,47.61,47.89,42400,47.06
2010-12-20,47.44,47.76,47.44,47.47,50200,46.65
2010-12-17,47.27,47.52,47.10,47.52,36700,46.70
2010-12-16,47.17,47.61,47.05,47.39,22500,46.57
2010-12-15,47.27,47.62,47.05,47.09,24400,46.28
2010-12-14,47.45,47.62,47.15,47.26,41400,46.44
2010-12-13,47.93,47.93,47.35,47.35,32500,46.53
2010-12-10,47.06,47.51,46.94,47.48,32600,46.66
2010-12-09,47.00,47.04,46.79,46.96,48600,46.15
2010-12-08,47.00,47.00,46.75,46.80,26400,45.99
2010-12-07,46.98,47.75,46.60,46.75,104000,45.94
2010-12-06,46.08,46.52,46.08,46.44,15000,45.64
2010-12-03,46.00,46.27,45.74,46.24,25400,45.44
2010-12-02,45.78,46.11,45.76,46.11,12100,45.31
2010-12-01,45.49,45.78,45.49,45.71,23000,44.92
2010-11-30,44.79,45.09,44.68,44.89,24900,44.11
2010-11-29,45.11,45.31,44.58,45.22,50800,44.44
2010-11-26,45.08,45.38,45.08,45.26,10900,44.48
2010-11-24,44.78,45.34,44.78,45.30,29400,44.52
2010-11-23,44.40,44.63,44.30,44.52,34900,43.75
2010-11-22,44.70,45.03,44.42,45.03,32200,44.25
2010-11-19,44.90,44.99,44.55,44.99,23700,44.21
2010-11-18,44.65,45.04,44.65,44.82,18200,44.05
2010-11-17,44.41,44.41,44.09,44.19,20000,43.43
2010-11-16,44.70,44.73,43.94,44.25,52900,43.49
2010-11-15,45.12,45.54,45.10,45.10,30200,44.32
2010-11-12,45.35,45.48,45.00,45.11,29500,44.33
2010-11-11,45.42,45.83,45.35,45.69,37300,44.90
2010-11-10,45.34,45.86,45.30,45.86,17500,45.07
2010-11-09,46.20,46.21,45.23,45.43,21600,44.64
2010-11-08,46.02,46.22,45.76,46.13,22800,45.33
2010-11-05,46.64,46.64,45.95,46.17,19700,45.37
2010-11-04,45.37,46.05,45.30,46.04,89800,45.24
2010-11-03,44.84,44.84,44.36,44.77,36100,44.00
2010-11-02,44.37,44.70,44.17,44.68,22700,43.91
2010-11-01,44.28,44.31,43.49,43.89,14700,43.13
2010-10-29,43.70,44.15,43.70,44.08,27600,43.32
2010-10-28,44.21,44.40,43.66,43.94,33100,43.18
2010-10-27,44.12,44.23,43.63,44.06,24300,43.30
2010-10-26,44.11,44.55,44.06,44.26,33000,43.50
2010-10-25,44.57,44.85,44.38,44.38,15600,43.61
2010-10-22,44.25,44.33,43.99,44.21,16600,43.45
2010-10-21,44.60,44.69,43.73,44.13,15300,43.37
2010-10-20,44.20,44.60,44.18,44.37,28300,43.60
2010-10-19,44.03,44.55,43.58,43.78,35800,43.02
2010-10-18,44.11,44.54,44.11,44.53,13900,43.76
2010-10-15,44.51,44.51,43.86,44.06,16800,43.30
2010-10-14,43.95,44.36,43.93,44.21,17600,43.45
2010-10-13,43.74,44.44,43.51,44.19,20600,43.43
2010-10-12,43.38,43.70,43.30,43.60,28000,42.85
2010-10-11,43.51,43.77,43.37,43.57,19000,42.82
2010-10-08,43.03,43.69,42.91,43.57,53400,42.82
2010-10-07,43.41,43.41,42.84,43.01,25800,42.27
2010-10-06,42.94,43.20,42.90,43.06,95900,42.32
2010-10-05,42.42,43.18,41.92,43.07,143800,42.33
2010-10-04,42.35,42.63,41.93,42.19,35000,41.46
2010-10-01,42.73,42.73,42.28,42.58,20800,41.84
2010-09-30,42.62,42.79,42.15,42.38,21800,41.65
2010-09-29,42.27,42.45,42.04,42.34,11700,41.61
2010-09-28,41.97,42.38,41.52,42.37,32600,41.64
2010-09-27,42.17,42.20,41.82,42.01,45100,41.28
2010-09-24,41.30,42.14,41.30,42.12,29300,41.39
2010-09-23,41.17,41.73,40.84,40.91,24900,40.20
2010-09-22,41.78,41.92,41.34,41.42,20600,40.70
2010-09-21,42.32,42.38,41.91,41.96,42800,41.23
2010-09-20,41.50,42.38,41.07,42.38,68000,41.65
2010-09-17,41.61,41.79,41.23,41.71,16700,40.61
2010-09-16,41.90,41.90,41.25,41.45,13700,40.36
2010-09-15,41.66,41.94,41.38,41.87,15700,40.77
2010-09-14,41.99,42.00,41.67,41.75,15000,40.65
2010-09-13,41.42,42.11,41.42,42.03,11200,40.93
2010-09-10,41.11,41.36,40.98,41.12,14300,40.04
2010-09-09,41.27,41.39,40.68,40.98,17700,39.90
2010-09-08,40.70,41.16,40.63,40.77,62500,39.70
2010-09-07,41.27,41.27,40.61,40.63,27400,39.56
2010-09-03,41.20,41.48,40.99,41.39,64300,40.30
2010-09-02,40.37,40.85,40.33,40.77,43600,39.70
2010-09-01,39.77,40.45,39.68,40.45,45100,39.39
2010-08-31,39.12,39.59,38.85,39.22,24300,38.19
2010-08-30,39.85,39.89,39.20,39.20,10800,38.17
2010-08-27,39.40,40.07,38.94,40.03,27800,38.98
2010-08-26,39.38,39.73,39.01,39.09,43700,38.06
2010-08-25,38.46,39.49,38.35,39.36,54300,38.33
2010-08-24,38.47,39.14,37.88,38.86,82500,37.84
2010-08-23,39.50,39.50,39.03,39.03,18700,38.00
2010-08-20,39.20,39.44,38.82,39.36,14800,38.33
2010-08-19,40.27,40.41,39.33,39.37,59600,38.34
2010-08-18,40.32,40.84,40.26,40.53,23200,39.46
2010-08-17,40.19,40.71,39.91,40.43,22100,39.37
2010-08-16,39.28,39.95,39.16,39.82,36500,38.77
2010-08-13,39.75,39.80,39.47,39.62,41300,38.58
2010-08-12,39.36,40.08,39.36,39.96,19300,38.91
2010-08-11,40.69,40.85,40.02,40.09,39900,39.04
2010-08-10,41.85,41.94,41.41,41.84,116800,40.74
2010-08-09,41.94,42.32,41.70,42.27,21200,41.16
2010-08-06,41.51,41.76,40.95,41.73,54000,40.63
2010-08-05,42.43,42.51,42.07,42.07,70300,40.96
2010-08-04,42.50,42.66,42.38,42.59,54300,41.47
2010-08-03,42.53,42.65,41.94,42.28,20900,41.17
2010-08-02,42.69,42.70,42.21,42.57,123000,41.45
2010-07-30,41.69,42.38,41.50,41.90,54900,40.80
2010-07-29,42.47,42.47,41.34,41.97,21600,40.87
2010-07-28,42.50,42.58,41.86,41.88,19900,40.78
2010-07-27,42.66,42.86,42.38,42.45,25600,41.33
2010-07-26,41.79,42.34,41.58,42.34,27100,41.23
2010-07-23,40.60,41.58,40.49,41.58,13800,40.49
2010-07-22,40.07,40.78,40.07,40.77,14500,39.70
2010-07-21,40.52,40.52,39.31,39.42,16800,38.38
2010-07-20,38.99,40.25,38.99,40.25,39000,39.19
2010-07-19,39.28,39.62,38.91,39.48,39000,38.44
2010-07-16,40.46,40.46,39.24,39.31,24900,38.28
2010-07-15,41.13,41.13,40.29,40.62,16700,39.55
2010-07-14,41.21,41.26,40.80,41.10,18200,40.02
2010-07-13,40.57,41.35,40.55,41.25,39300,40.17
2010-07-12,40.48,40.59,39.92,40.06,48400,39.01
2010-07-09,40.02,40.54,39.97,40.54,32800,39.47
2010-07-08,39.77,39.95,39.38,39.95,19900,38.90
2010-07-07,38.15,39.34,37.72,39.34,40100,38.31
2010-07-06,39.06,39.47,37.87,38.06,46700,37.06
2010-07-02,39.19,39.39,38.37,38.69,35700,37.67
2010-07-01,39.16,39.45,38.13,39.06,86100,38.03
2010-06-30,39.52,40.13,39.15,39.15,51600,38.12
2010-06-29,40.39,40.39,39.46,39.69,17900,38.65
2010-06-28,41.24,41.33,40.76,41.00,11500,39.92
2010-06-25,40.72,41.57,40.61,41.37,13900,39.91
2010-06-24,40.93,41.30,40.61,40.73,32000,39.29
2010-06-23,41.38,41.58,40.72,41.19,23200,39.73
2010-06-22,42.23,42.50,41.39,41.39,35600,39.93
2010-06-21,42.97,43.14,41.91,42.12,52200,40.63
2010-06-18,42.65,42.67,42.25,42.42,26900,40.92
2010-06-17,42.52,42.63,42.00,42.42,86100,40.92
2010-06-16,42.40,42.68,42.01,42.38,42800,40.88
2010-06-15,41.89,42.51,41.71,42.51,59400,41.01
2010-06-14,41.82,42.12,41.49,41.55,75200,40.08
2010-06-11,40.47,41.31,40.29,41.30,24500,39.84
2010-06-10,40.16,40.80,40.04,40.80,10800,39.36
2010-06-09,39.81,40.28,39.43,39.57,27900,38.17
2010-06-08,39.55,39.75,38.80,39.52,59100,38.12
2010-06-07,40.33,40.48,39.54,39.54,49000,38.14
2010-06-04,41.73,41.73,40.01,40.12,36200,38.70
2010-06-03,41.96,42.28,41.76,42.13,41400,40.64
2010-06-02,40.95,41.86,40.74,41.86,12400,40.38
2010-06-01,41.58,41.99,40.89,40.89,22000,39.44
2010-05-28,42.52,42.52,41.86,42.04,31300,40.55
2010-05-27,41.81,42.62,41.55,42.59,28300,41.08
2010-05-26,41.04,41.60,40.75,40.89,25200,39.44
2010-05-25,39.97,40.79,39.43,40.69,33000,39.25
2010-05-24,41.51,41.61,40.91,40.91,32700,39.46
2010-05-21,40.26,41.75,39.15,41.52,72800,40.05
2010-05-20,42.29,42.43,40.94,41.01,123900,39.56
2010-05-19,43.42,43.90,42.60,43.22,53100,41.69
2010-05-18,45.13,45.13,43.60,43.69,29800,42.14
2010-05-17,44.58,44.92,43.55,44.52,31700,42.95
2010-05-14,44.94,44.94,43.87,44.34,85200,42.77
2010-05-13,45.30,45.62,44.95,45.15,73500,43.55
2010-05-12,44.64,45.53,44.46,45.51,84800,43.90
2010-05-11,43.44,44.91,43.44,44.34,40100,42.77
2010-05-10,42.79,44.99,42.53,44.08,67900,42.52
2010-05-07,42.20,42.80,41.63,41.79,236500,40.31
2010-05-06,44.19,44.99,22.01,43.06,144600,41.54
2010-05-05,44.54,44.85,44.11,44.34,121800,42.77
2010-05-04,45.75,45.75,44.79,45.01,97700,43.42
2010-05-03,45.50,46.33,45.50,46.33,14600,44.69
2010-04-30,46.59,46.78,45.18,45.18,37300,43.58
2010-04-29,45.73,46.57,45.50,46.57,20500,44.92
2010-04-28,45.57,45.70,44.88,45.34,22200,43.74
2010-04-27,46.00,46.48,45.28,45.34,31500,43.74
2010-04-26,46.43,46.70,46.29,46.30,52800,44.66
2010-04-23,46.00,46.43,45.88,46.43,39600,44.79
2010-04-22,45.16,46.00,44.97,46.00,31000,44.37
2010-04-21,45.40,45.51,44.99,45.46,156400,43.85
2010-04-20,44.88,45.17,44.66,45.17,54200,43.57
2010-04-19,44.40,44.70,44.00,44.57,28100,42.99
2010-04-16,45.10,45.10,44.36,44.58,16200,43.00
2010-04-15,45.17,45.20,44.96,45.14,24200,43.54
2010-04-14,44.65,45.14,44.51,45.14,37000,43.54
2010-04-13,44.78,44.78,43.75,44.38,33700,42.81
2010-04-12,44.11,44.27,43.86,44.23,72800,42.67
2010-04-09,43.88,44.05,43.70,44.03,108100,42.47
2010-04-08,43.68,43.98,43.49,43.73,24000,42.18
2010-04-07,43.95,44.08,43.58,43.88,51400,42.33
2010-04-06,43.90,44.09,43.46,43.95,85600,42.40
2010-04-05,43.70,43.70,42.75,43.63,206400,42.09
2010-04-01,42.86,43.08,42.38,42.85,72100,41.33
2010-03-31,42.47,43.11,42.47,42.63,27200,41.12
2010-03-30,42.86,42.87,42.59,42.77,13900,41.26
2010-03-29,43.44,43.64,42.01,42.68,21100,41.17
2010-03-26,43.22,43.40,42.87,42.89,39100,41.00
2010-03-25,43.36,43.82,43.01,43.07,20700,41.18
2010-03-24,43.45,43.50,43.11,43.20,12400,41.30
2010-03-23,43.35,43.68,43.10,43.60,44100,41.68
2010-03-22,42.62,43.38,42.45,43.33,45900,41.43
2010-03-19,42.99,42.99,42.44,42.73,45000,40.85
2010-03-18,43.06,43.23,42.91,42.92,74100,41.03
2010-03-17,42.86,43.17,42.68,43.03,30600,41.14
2010-03-16,42.41,42.75,42.24,42.72,49700,40.84
2010-03-15,42.42,42.48,42.05,42.31,17500,40.45
2010-03-12,42.41,42.52,42.12,42.31,37200,40.45
2010-03-11,42.08,42.30,42.02,42.30,32700,40.44
2010-03-10,41.90,42.30,41.90,42.19,30100,40.34
2010-03-09,41.70,42.12,41.68,41.90,48700,40.06
2010-03-08,41.98,41.98,41.54,41.78,93600,39.94
2010-03-05,41.07,41.54,40.99,41.43,15200,39.61
2010-03-04,40.63,40.74,40.45,40.68,14000,38.89
2010-03-03,40.47,40.75,40.39,40.42,22500,38.64
2010-03-02,40.30,40.53,40.20,40.38,119200,38.60
2010-03-01,39.78,40.15,39.78,40.04,72200,38.28
2010-02-26,39.88,39.88,39.38,39.62,7800,37.88
2010-02-25,39.41,39.69,39.25,39.68,21900,37.94
2010-02-24,39.98,39.98,39.50,39.70,16200,37.95
2010-02-23,39.65,39.71,39.33,39.33,12300,37.60
2010-02-22,39.57,39.75,39.52,39.73,81200,37.98
2010-02-19,39.33,39.66,39.30,39.59,19200,37.85
2010-02-18,38.86,39.35,38.86,39.35,20700,37.62
2010-02-17,38.73,38.77,38.61,38.76,13700,37.06
2010-02-16,38.18,38.49,38.13,38.49,16600,36.80
2010-02-12,37.12,37.81,37.12,37.81,5000,36.15
2010-02-11,37.05,37.69,37.05,37.69,13300,36.03
2010-02-10,36.83,37.27,36.68,37.18,30000,35.55
2010-02-09,37.31,37.33,36.83,37.09,22400,35.46
2010-02-08,37.29,37.31,36.74,36.74,23800,35.12
2010-02-05,37.03,37.34,36.70,37.25,33500,35.61
2010-02-04,37.54,38.15,37.02,37.05,60000,35.42
2010-02-03,38.45,38.52,37.96,38.11,17300,36.43
2010-02-02,38.41,38.53,38.24,38.52,6500,36.83
2010-02-01,38.04,38.36,38.04,38.15,14400,36.47
2010-01-29,38.35,38.83,37.36,37.96,53300,36.29
2010-01-28,39.02,39.02,38.12,38.36,15800,36.67
2010-01-27,38.30,38.95,36.90,38.77,15600,37.07
2010-01-26,38.66,38.85,37.51,38.34,20800,36.65
2010-01-25,39.79,39.86,38.56,38.85,22100,37.14
2010-01-22,39.34,39.46,38.60,38.67,22600,36.97
2010-01-21,39.92,40.04,39.16,39.30,35500,37.57
2010-01-20,40.16,41.49,39.40,39.82,36900,38.07
2010-01-19,39.54,40.32,39.54,40.32,6300,38.55
2010-01-15,40.00,40.09,39.26,39.55,15000,37.81
2010-01-14,40.04,40.04,39.64,40.00,6100,38.24
2010-01-13,39.51,39.78,39.19,39.74,7800,37.99
2010-01-12,39.48,39.59,39.19,39.37,11200,37.64
2010-01-11,39.96,39.96,39.52,39.68,6500,37.94
2010-01-08,39.17,39.79,39.17,39.52,15900,37.78
2010-01-07,39.00,39.50,38.91,39.49,10400,37.75
2010-01-06,39.37,39.47,39.17,39.18,14100,37.46
2010-01-05,39.53,39.57,39.29,39.29,15200,37.56
2010-01-04,38.78,39.62,38.78,39.55,19600,37.81
2009-12-31,39.47,39.47,38.80,38.80,7300,37.09
2009-12-30,40.00,40.00,38.18,39.15,12900,37.43
2009-12-29,39.46,39.46,39.18,39.20,8900,37.48
2009-12-28,39.16,39.29,39.08,39.18,17200,37.46
2009-12-24,39.20,39.20,39.08,39.20,11100,37.48
2009-12-23,38.67,39.06,38.67,39.05,26700,37.33
2009-12-22,38.19,38.63,38.19,38.63,44400,36.93
2009-12-21,38.85,38.85,38.12,38.36,58500,36.67
2009-12-18,38.40,38.58,38.10,38.57,54400,36.49
2009-12-17,38.11,38.34,38.00,38.21,27400,36.15
2009-12-16,38.53,38.69,38.36,38.57,15900,36.49
2009-12-15,38.36,38.64,38.25,38.31,11900,36.24
2009-12-14,38.23,38.58,37.90,38.58,9300,36.50
2009-12-11,37.67,38.04,37.54,38.04,11200,35.99
2009-12-10,38.46,38.46,37.36,37.54,8300,35.51
2009-12-09,37.92,37.97,37.51,37.81,21000,35.77
2009-12-08,37.91,38.19,37.68,37.89,25800,35.84
2009-12-07,38.09,38.45,38.02,38.22,37500,36.16
2009-12-04,37.92,38.33,37.42,38.18,42100,36.12
2009-12-03,37.70,37.95,37.04,37.05,27500,35.05
2009-12-02,37.10,37.76,37.10,37.52,4600,35.49
2009-12-01,37.02,37.29,36.87,37.07,2400,35.07
2009-11-30,36.23,36.58,35.73,36.58,12100,34.61
2009-11-27,36.84,36.84,36.07,36.58,22100,34.61
2009-11-25,37.50,37.50,37.30,37.33,15000,35.32
2009-11-24,37.41,37.41,37.00,37.22,34600,35.21
2009-11-23,37.50,37.85,37.20,37.33,21300,35.32
2009-11-20,36.53,36.96,36.53,36.86,12400,34.87
2009-11-19,37.48,37.48,36.77,36.93,10000,34.94
2009-11-18,37.49,37.68,37.34,37.68,10500,35.65
2009-11-17,37.65,37.84,37.38,37.70,18200,35.67
2009-11-16,37.13,37.98,37.13,37.72,15100,35.68
2009-11-13,36.65,36.92,36.25,36.64,4500,34.66
2009-11-12,37.16,37.28,36.34,36.51,25000,34.54
2009-11-11,37.02,37.43,36.85,37.13,40500,35.13
2009-11-10,36.89,37.20,36.52,36.74,43600,34.76
2009-11-09,36.65,37.09,36.65,37.09,20300,35.09
2009-11-06,35.96,36.43,35.96,36.24,10300,34.28
2009-11-05,35.83,36.39,35.83,36.37,13000,34.41
2009-11-04,36.10,36.14,35.30,35.37,39900,33.46
2009-11-03,35.26,35.81,35.12,35.80,31100,33.87
2009-11-02,35.54,35.88,34.87,35.42,39600,33.51
2009-10-30,36.20,36.26,35.32,35.42,38500,33.51
2009-10-29,35.85,36.77,35.73,36.54,24900,34.57
2009-10-28,37.03,37.07,35.72,35.74,20500,33.81
2009-10-27,37.50,37.69,37.00,37.00,31300,35.00
2009-10-26,37.47,38.25,37.15,37.47,54200,35.45
2009-10-23,38.55,38.55,37.46,37.48,33100,35.46
2009-10-22,37.31,38.35,37.15,38.28,26900,36.21
2009-10-21,38.09,38.55,37.49,37.53,15600,35.50
2009-10-20,38.46,39.15,37.85,38.05,19500,36.00
2009-10-19,38.39,38.77,38.11,38.51,19100,36.43
2009-10-16,38.42,38.67,37.86,38.21,16700,36.15
2009-10-15,38.56,38.78,38.43,38.73,23800,36.64
2009-10-14,38.38,38.68,38.11,38.65,36900,36.56
2009-10-13,38.06,38.06,37.49,37.75,12200,35.71
2009-10-12,38.49,38.49,37.96,38.04,20200,35.99
2009-10-09,37.58,38.18,37.58,38.10,12500,36.04
2009-10-08,37.68,38.12,37.58,37.70,16500,35.67
2009-10-07,37.36,37.45,37.25,37.42,13700,35.40
2009-10-06,37.35,37.83,36.00,37.48,86000,35.46
2009-10-05,36.43,37.04,35.78,36.97,225200,34.97
2009-10-02,36.09,36.48,35.63,36.13,19400,34.18
2009-10-01,38.05,38.05,36.40,36.54,37200,34.57
2009-09-30,38.96,38.96,37.19,37.79,20200,35.75
2009-09-29,37.97,38.36,37.97,38.08,11600,36.02
2009-09-28,37.34,39.00,37.18,38.23,17600,36.17
2009-09-25,37.01,38.99,36.75,37.00,19300,35.00
2009-09-24,38.07,39.00,36.99,37.23,16000,35.22
2009-09-23,38.43,38.99,38.00,38.00,16100,35.95
2009-09-22,38.17,38.68,38.15,38.49,16500,36.41
2009-09-21,37.90,38.14,37.64,38.05,13800,36.00
2009-09-18,38.70,38.87,38.23,38.54,13200,36.16
2009-09-17,38.60,39.11,38.27,38.52,9900,36.14
2009-09-16,37.93,38.64,37.82,38.50,30100,36.13
2009-09-15,37.18,37.82,37.15,37.75,9800,35.42
2009-09-14,36.41,37.11,36.41,37.08,15100,34.79
2009-09-11,36.80,38.96,35.61,36.79,30700,34.52
2009-09-10,36.29,36.70,36.00,36.66,21100,34.40
2009-09-09,35.72,36.44,35.61,36.28,16700,34.04
2009-09-08,35.68,35.71,35.40,35.62,8700,33.42
2009-09-04,34.79,35.22,34.47,35.22,14500,33.05
2009-09-03,34.61,34.75,33.98,34.75,26300,32.61
2009-09-02,34.38,34.59,34.24,34.25,17100,32.14
2009-09-01,35.45,36.35,34.20,34.70,15600,32.56
2009-08-31,35.95,36.70,35.46,35.64,37800,33.44
2009-08-28,36.93,36.93,36.01,36.32,10900,34.08
2009-08-27,36.02,36.47,35.52,36.30,13700,34.06
2009-08-26,36.31,36.36,36.02,36.21,16600,33.98
2009-08-25,36.00,36.45,35.53,36.15,24000,33.92
2009-08-24,36.16,36.43,35.76,35.89,22700,33.68
2009-08-21,35.50,36.09,35.50,36.01,25300,33.79
2009-08-20,34.20,35.15,34.20,34.99,16400,32.83
2009-08-19,33.71,34.44,33.61,34.34,59300,32.22
2009-08-18,34.14,34.35,33.71,34.23,20400,32.12
2009-08-17,34.10,34.10,33.65,33.76,21700,31.68
2009-08-14,35.49,35.49,34.42,34.90,28000,32.75
2009-08-13,35.80,35.80,35.26,35.61,70100,33.41
2009-08-12,35.04,35.84,35.04,35.58,23800,33.39
2009-08-11,35.42,35.42,34.76,34.98,28200,32.82
2009-08-10,35.39,35.90,35.39,35.67,44400,33.47
2009-08-07,35.00,36.26,34.97,35.74,17600,33.54
2009-08-06,35.00,35.11,34.37,34.37,16800,32.25
2009-08-05,34.83,35.19,34.16,34.74,12600,32.60
2009-08-04,33.87,35.59,33.87,34.69,12000,32.55
2009-08-03,34.09,34.28,33.75,34.28,24300,32.17
2009-07-31,33.59,34.01,33.56,33.68,30000,31.60
2009-07-30,33.51,34.03,33.50,33.51,11800,31.44
2009-07-29,33.11,33.16,32.75,32.93,27300,30.90
2009-07-28,33.06,33.80,32.76,33.10,12200,31.06
2009-07-27,32.97,33.13,32.67,33.09,11100,31.05
2009-07-24,32.50,32.93,32.42,32.93,31000,30.90
2009-07-23,31.91,32.97,31.78,32.78,30000,30.76
2009-07-22,31.45,31.94,31.32,31.77,17100,29.81
2009-07-21,31.98,32.06,31.00,31.55,33900,29.60
2009-07-20,31.08,31.61,31.08,31.50,27500,29.56
2009-07-17,31.33,31.37,30.91,31.05,17800,29.13
2009-07-16,30.77,31.28,30.58,31.11,23400,29.19
2009-07-15,30.22,30.81,30.22,30.78,13400,28.88
2009-07-14,29.22,29.68,29.19,29.66,18400,27.83
2009-07-13,28.70,29.45,28.70,29.45,13400,27.63
2009-07-10,28.48,28.57,28.03,28.57,8300,26.81
2009-07-09,28.87,28.87,28.51,28.51,16200,26.75
2009-07-08,28.98,28.99,28.11,28.61,9800,26.85
2009-07-07,29.69,29.69,28.78,28.78,41900,27.00
2009-07-06,29.36,29.64,28.91,29.64,183700,27.81
2009-07-02,30.18,30.18,29.53,29.62,11200,27.79
2009-07-01,29.38,31.78,29.38,30.73,12100,28.83
2009-06-30,30.39,30.39,30.05,30.16,5300,28.30
2009-06-29,30.34,30.68,29.83,30.23,15300,28.37
2009-06-26,30.61,30.61,29.38,30.10,4500,28.24
2009-06-25,28.68,29.64,28.68,29.64,16400,27.81
2009-06-24,28.75,29.28,28.50,28.79,8500,27.01
2009-06-23,28.95,29.04,28.51,28.51,11000,26.75
2009-06-22,29.47,29.90,28.75,28.79,64300,27.01
2009-06-19,30.59,30.59,30.23,30.30,11600,28.11
2009-06-18,29.82,30.29,29.82,30.13,9900,27.95
2009-06-17,29.90,30.30,29.63,29.94,11000,27.78
2009-06-16,30.82,30.83,29.87,30.01,15100,27.84
2009-06-15,31.07,31.07,30.31,30.44,20000,28.24
2009-06-12,31.09,31.48,30.97,31.48,22000,29.20
2009-06-11,31.47,31.91,31.30,31.30,50600,29.04
2009-06-10,31.80,31.80,30.97,31.38,6500,29.11
2009-06-09,31.79,31.99,31.63,31.80,11800,29.50
2009-06-08,32.04,32.05,31.57,31.90,6600,29.59
2009-06-05,32.64,32.64,32.12,32.15,10800,29.83
2009-06-04,31.72,32.20,31.36,32.12,24600,29.80
2009-06-03,31.42,31.63,31.18,31.50,16000,29.22
2009-06-02,31.54,32.00,31.42,31.95,9500,29.64
2009-06-01,31.24,31.88,30.84,31.53,22300,29.25
2009-05-29,29.97,30.25,29.68,30.25,3800,28.06
2009-05-28,29.96,30.00,29.24,29.86,10200,27.70
2009-05-27,30.42,30.53,29.62,29.68,20200,27.53
2009-05-26,28.75,30.62,28.13,30.48,41200,28.28
2009-05-22,29.60,29.60,28.98,28.98,15300,26.89
2009-05-21,29.40,29.52,28.90,29.30,42700,27.18
2009-05-20,30.33,30.77,29.61,29.63,19300,27.49
2009-05-19,30.24,30.35,29.80,29.93,69100,27.77
2009-05-18,29.07,30.27,29.01,30.21,14900,28.03
2009-05-15,29.26,29.44,28.58,28.81,59600,26.73
2009-05-14,28.70,29.71,28.52,29.35,37700,27.23
2009-05-13,29.81,29.81,28.59,28.59,67900,26.52
2009-05-12,31.20,31.20,29.77,30.42,30100,28.22
2009-05-11,31.10,31.19,30.85,30.89,10700,28.66
2009-05-08,30.71,31.78,30.69,31.78,25800,29.48
2009-05-07,31.72,31.73,29.90,30.15,34000,27.97
2009-05-06,30.99,31.14,30.32,31.05,30800,28.81
2009-05-05,30.75,30.91,30.26,30.55,29300,28.34
2009-05-04,29.99,30.86,29.94,30.86,51100,28.63
2009-05-01,29.72,30.02,29.45,29.70,16600,27.55
2009-04-30,30.45,30.76,29.87,29.87,34900,27.71
2009-04-29,29.09,30.10,29.03,29.87,18600,27.71
2009-04-28,28.08,29.27,28.08,28.57,33900,26.51
2009-04-27,28.67,29.16,28.34,28.57,26600,26.51
2009-04-24,28.58,29.84,28.42,29.40,52300,27.28
2009-04-23,28.34,28.62,27.83,28.42,72300,26.37
2009-04-22,28.11,29.15,27.84,28.45,46600,26.39
2009-04-21,26.92,28.51,26.66,28.41,21700,26.36
2009-04-20,28.65,28.65,26.87,26.95,17300,25.00
2009-04-17,29.03,29.53,28.46,29.31,31200,27.19
2009-04-16,28.21,29.50,27.60,28.79,59700,26.71
2009-04-15,26.68,27.82,26.68,27.82,18000,25.81
2009-04-14,27.61,27.93,26.81,26.81,18200,24.87
2009-04-13,27.77,28.35,27.37,28.24,33200,26.20
2009-04-09,26.22,27.90,26.22,27.83,31600,25.82
2009-04-08,25.50,25.82,25.26,25.73,20100,23.87
2009-04-07,25.99,27.00,25.39,25.53,22300,23.68
2009-04-06,26.50,26.50,25.82,26.28,21000,24.38
2009-04-03,25.99,26.80,25.69,26.80,73500,24.86
2009-04-02,25.24,26.40,25.24,26.05,37300,24.17
2009-04-01,23.57,24.63,23.47,24.55,197800,22.78
2009-03-31,23.66,24.52,23.51,23.99,29000,22.26
2009-03-30,23.89,23.89,23.20,23.50,24900,21.80
2009-03-27,25.52,25.52,24.61,24.63,22500,22.85
2009-03-26,24.89,25.72,24.88,25.63,33100,23.78
2009-03-25,24.27,25.06,23.39,24.54,19800,22.77
2009-03-24,24.71,25.07,23.96,24.01,16600,22.27
2009-03-23,23.28,25.18,23.28,25.18,35500,23.36
2009-03-20,24.01,24.10,23.10,23.10,15600,21.12
2009-03-19,25.09,25.09,24.00,24.04,16900,21.98
2009-03-18,23.92,24.61,22.98,24.49,23800,22.39
2009-03-17,22.25,23.22,22.19,23.22,21700,21.23
2009-03-16,22.88,23.34,22.21,22.25,22800,20.34
2009-03-13,22.65,22.82,22.15,22.75,47500,20.80
2009-03-12,20.96,22.44,20.73,22.33,24200,20.41
2009-03-11,21.33,21.66,20.68,21.00,28100,19.20
2009-03-10,19.65,20.98,19.65,20.90,30900,19.11
2009-03-09,19.19,19.68,18.95,19.04,78100,17.41
2009-03-06,19.78,19.96,18.91,19.47,52900,17.80
2009-03-05,20.77,20.96,19.61,19.68,28100,17.99
2009-03-04,20.76,21.46,20.51,21.17,37700,19.35
2009-03-03,21.49,21.93,20.44,20.51,67900,18.75
2009-03-02,22.14,22.42,20.90,21.06,46000,19.25
2009-02-27,22.53,23.16,22.17,22.66,35500,20.71
2009-02-26,23.81,24.11,22.90,23.10,40800,21.12
2009-02-25,23.89,23.97,22.83,23.38,13300,21.37
2009-02-24,23.08,24.00,22.83,23.89,37800,21.84
2009-02-23,24.30,24.31,22.61,22.75,168400,20.80
2009-02-20,23.60,24.03,23.02,23.87,150300,21.82
2009-02-19,25.41,25.41,24.09,24.09,39100,22.02
2009-02-18,25.57,25.57,24.93,25.07,18200,22.92
2009-02-17,26.06,26.09,25.33,25.33,112200,23.16
2009-02-13,27.67,27.71,26.83,26.83,16500,24.53
2009-02-12,27.10,27.69,26.43,27.69,65900,25.31
2009-02-11,27.39,27.84,27.18,27.55,13300,25.18
2009-02-10,29.07,29.26,27.29,27.32,45500,24.97
2009-02-09,29.05,29.39,28.66,29.28,27900,26.77
2009-02-06,27.75,29.15,27.70,29.10,18000,26.60
2009-02-05,27.15,27.92,26.88,27.54,22300,25.18
2009-02-04,27.89,28.40,27.34,27.37,30500,25.02
2009-02-03,28.20,28.50,27.47,27.89,30300,25.50
2009-02-02,27.29,28.24,27.23,28.20,14200,25.78
2009-01-30,28.96,28.96,27.57,27.69,30400,25.31
2009-01-29,30.02,30.02,28.68,28.77,26300,26.30
2009-01-28,30.43,30.61,29.79,30.50,54600,27.88
2009-01-27,30.15,30.57,30.11,30.38,70900,27.77
2009-01-26,29.89,30.75,29.34,29.92,64400,27.35
2009-01-23,28.34,30.12,28.34,29.90,18400,27.33
2009-01-22,29.76,30.19,28.89,29.21,26500,26.70
2009-01-21,28.95,30.69,28.67,30.54,71700,27.92
2009-01-20,31.10,31.10,28.49,28.55,56000,26.10
2009-01-16,32.11,32.11,30.15,31.48,30700,28.78
2009-01-15,30.74,31.48,29.56,31.19,45800,28.51
2009-01-14,31.83,31.83,30.82,30.95,30700,28.29
2009-01-13,31.96,32.85,31.73,32.63,33800,29.83
2009-01-12,33.80,33.80,31.98,32.16,29000,29.40
2009-01-09,35.75,35.75,34.04,34.16,44400,31.23
2009-01-08,35.06,35.73,34.73,35.66,17600,32.60
2009-01-07,35.83,36.28,34.73,35.34,59300,32.31
2009-01-06,34.90,36.82,34.90,36.67,33900,33.52
2009-01-05,34.11,34.88,33.37,34.51,36400,31.55
2009-01-02,33.55,34.11,33.05,33.76,52400,30.86
2008-12-31,32.02,33.80,31.85,33.18,101900,30.33
2008-12-30,31.11,32.05,30.89,32.05,42100,29.30
2008-12-29,31.98,31.98,30.36,30.79,135900,28.15
2008-12-26,31.36,32.08,31.23,32.08,33200,29.33
2008-12-24,30.60,31.01,30.50,30.87,19200,28.22
2008-12-23,31.53,31.53,30.43,30.78,69400,28.14
2008-12-22,32.11,32.23,30.26,31.37,83800,28.68
2008-12-19,32.67,33.52,32.42,32.42,53500,29.34
2008-12-18,32.70,33.19,31.73,32.05,19600,29.01
2008-12-17,32.39,33.11,31.96,32.49,20900,29.41
2008-12-16,31.14,32.56,31.04,32.51,31200,29.42
2008-12-15,31.55,31.55,29.68,30.27,14600,27.40
2008-12-12,29.13,31.13,29.13,31.07,25600,28.12
2008-12-11,31.77,31.90,29.80,30.09,29200,27.23
2008-12-10,31.34,32.24,31.29,31.95,23600,28.92
2008-12-09,32.41,33.26,30.91,31.15,100100,28.19
2008-12-08,32.21,32.82,31.68,32.42,20100,29.34
2008-12-05,29.39,31.40,28.70,31.40,51000,28.42
2008-12-04,30.37,31.15,29.53,29.78,22200,26.95
2008-12-03,29.13,30.50,28.98,30.47,31500,27.58
2008-12-02,28.20,29.48,27.86,29.35,20900,26.56
2008-12-01,31.01,31.01,27.45,27.45,21200,24.84
2008-11-28,30.99,32.22,30.99,32.22,8700,29.16
2008-11-26,29.40,31.57,29.40,31.39,25900,28.41
2008-11-25,30.03,30.03,28.97,29.75,62300,26.93
2008-11-24,27.54,29.59,27.41,29.41,26800,26.62
2008-11-21,26.22,27.30,24.90,27.30,35100,24.71
2008-11-20,27.17,28.07,26.00,26.00,60400,23.53
2008-11-19,30.03,30.03,27.50,27.50,17200,24.89
2008-11-18,30.32,30.61,28.69,29.76,41400,26.93
2008-11-17,30.37,31.00,30.00,30.21,15100,27.34
2008-11-14,32.35,32.75,30.54,30.54,18700,27.64
2008-11-13,30.57,32.31,29.30,32.31,30400,29.24
2008-11-12,31.80,31.92,30.43,30.49,18100,27.60
2008-11-11,32.05,32.92,31.95,32.36,38400,29.29
2008-11-10,34.16,34.30,32.41,32.61,41300,29.51
2008-11-07,33.56,34.23,33.00,33.82,67800,30.61
2008-11-06,34.06,34.37,33.24,33.26,58800,30.10
2008-11-05,36.26,36.26,34.00,34.20,33000,30.95
2008-11-04,36.73,36.78,35.65,36.45,69200,32.99
2008-11-03,35.79,36.51,35.79,35.98,38500,32.56
2008-10-31,34.12,35.97,34.00,35.68,43700,32.29
2008-10-30,33.50,34.26,33.09,34.20,20600,30.95
2008-10-29,32.87,33.85,32.38,33.20,44800,30.05
2008-10-28,30.71,32.90,29.65,32.90,24000,29.78
2008-10-27,31.04,31.73,30.02,30.02,20700,27.17
2008-10-24,30.27,32.21,30.27,31.62,20500,28.62
2008-10-23,33.81,33.81,31.05,32.82,57700,29.70
2008-10-22,34.19,34.67,32.84,33.42,24600,30.25
2008-10-21,36.08,36.10,35.02,35.19,12100,31.85
2008-10-20,35.85,36.19,35.08,36.18,90600,32.75
2008-10-17,34.95,37.07,34.78,35.52,45500,32.15
2008-10-16,34.53,36.32,33.04,36.32,41000,32.87
2008-10-15,36.06,36.11,34.08,34.10,20100,30.86
2008-10-14,39.78,39.78,35.83,37.11,45100,33.59
2008-10-13,36.86,38.17,35.87,38.11,61100,34.49
2008-10-10,31.48,35.57,31.13,34.60,76700,31.32
2008-10-09,37.46,37.46,32.93,32.93,87300,29.80
2008-10-08,36.72,38.35,36.23,36.45,53100,32.99
2008-10-07,40.50,40.50,37.80,37.80,29700,34.21
2008-10-06,40.51,40.53,38.30,40.24,141700,36.42
2008-10-03,43.25,43.82,41.65,41.65,52300,37.70
2008-10-02,44.35,44.40,42.73,42.78,194300,38.72
2008-10-01,44.08,44.35,43.74,44.21,16500,40.01
2008-09-30,43.69,45.03,43.28,45.03,38300,40.76
2008-09-29,45.39,45.39,43.50,43.51,18100,39.38
2008-09-26,44.85,46.02,44.42,46.02,8600,41.65
2008-09-25,45.26,45.92,45.26,45.65,34000,41.32
2008-09-24,45.45,45.50,44.75,45.07,17100,40.79
2008-09-23,46.23,46.40,45.61,45.69,15300,41.35
2008-09-22,49.06,49.06,46.11,46.22,80100,41.83
2008-09-19,50.58,50.58,48.28,48.73,43400,43.72
2008-09-18,44.95,46.89,43.47,46.89,57000,42.07
2008-09-17,45.35,45.35,43.47,43.51,60400,39.04
2008-09-16,43.18,45.84,43.18,45.60,17400,40.91
2008-09-15,44.67,45.61,43.98,43.98,35200,39.46
2008-09-12,45.27,45.83,45.27,45.83,4000,41.12
2008-09-11,44.90,45.66,44.63,45.66,16400,40.97
2008-09-10,45.46,45.68,44.59,45.41,27300,40.74
2008-09-09,46.04,46.57,44.91,44.91,28000,40.30
2008-09-08,46.17,46.31,45.53,46.15,29200,41.41
2008-09-05,44.50,44.92,43.68,44.81,13400,40.21
2008-09-04,45.60,45.60,44.59,44.66,10900,40.07
2008-09-03,45.39,45.90,45.37,45.90,16900,41.18
2008-09-02,45.29,46.03,44.72,45.18,32100,40.54
2008-08-29,45.18,45.18,44.76,44.85,12200,40.24
2008-08-28,44.57,45.36,44.40,45.34,6900,40.68
2008-08-27,44.22,44.42,44.03,44.39,2600,39.83
2008-08-26,43.61,44.02,43.47,43.77,6400,39.27
2008-08-25,44.35,44.35,43.52,43.59,22000,39.11
2008-08-22,43.76,44.62,43.76,44.62,9800,40.04
2008-08-21,43.91,44.00,43.56,43.94,6100,39.43
2008-08-20,44.38,44.38,43.69,44.21,10200,39.67
2008-08-19,44.71,44.71,44.09,44.27,31700,39.72
2008-08-18,45.64,45.89,44.81,45.02,50800,40.39
2008-08-15,45.96,46.50,45.39,45.79,24000,41.09
2008-08-14,45.10,46.00,45.02,45.72,25800,41.02
2008-08-13,45.28,45.49,44.71,45.25,28100,40.60
2008-08-12,45.59,45.65,45.24,45.37,27000,40.71
2008-08-11,44.42,46.27,44.42,45.71,7700,41.01
2008-08-08,42.93,44.50,42.93,44.50,7900,39.93
2008-08-07,43.53,43.66,42.82,42.89,9300,38.48
2008-08-06,44.16,44.23,43.49,44.15,7300,39.61
2008-08-05,43.32,44.24,43.32,44.14,7000,39.60
2008-08-04,43.64,43.64,42.50,42.93,10100,38.52
2008-08-01,43.24,43.68,42.84,43.58,14500,39.10
2008-07-31,43.05,43.69,43.05,43.24,50100,38.80
2008-07-30,43.87,44.04,43.00,43.68,19200,39.19
2008-07-29,42.95,43.61,42.92,43.61,8700,39.13
2008-07-28,42.91,42.91,41.88,41.98,9200,37.67
2008-07-25,42.61,43.28,42.61,42.87,31000,38.47
2008-07-24,43.77,43.77,42.27,42.27,65200,37.93
2008-07-23,43.43,44.16,43.16,43.72,33600,39.23
2008-07-22,41.43,43.46,41.43,43.46,20600,38.99
2008-07-21,41.88,42.02,41.58,41.85,25000,37.55
2008-07-18,41.99,41.99,41.33,41.60,58400,37.33
2008-07-17,40.91,41.75,40.54,41.75,43500,37.46
2008-07-16,38.66,40.66,38.61,40.65,62000,36.47
2008-07-15,38.60,39.56,37.96,38.68,17800,34.71
2008-07-14,40.50,40.50,38.98,39.03,53800,35.02
2008-07-11,39.55,40.41,39.24,40.13,27700,36.01
2008-07-10,40.02,40.50,39.61,39.96,26500,35.85
2008-07-09,40.79,41.04,39.58,39.58,12700,35.51
2008-07-08,39.23,41.22,39.23,41.22,69600,36.98
2008-07-07,40.10,40.10,38.89,39.40,22800,35.35
2008-07-03,39.99,40.27,39.89,39.90,3800,35.80
2008-07-02,41.30,41.48,40.25,40.27,54400,36.13
2008-07-01,40.82,41.34,40.40,41.19,57000,36.96
2008-06-30,41.83,41.83,41.05,41.05,19700,36.83
2008-06-27,42.25,42.35,41.51,41.74,21300,37.45
2008-06-26,42.97,43.02,42.20,42.28,20800,37.94
2008-06-25,43.01,43.91,42.96,43.31,60600,38.86
2008-06-24,43.11,43.49,42.61,42.91,25700,38.50
2008-06-23,44.22,44.32,43.35,43.40,45400,38.94
2008-06-20,45.24,45.24,44.46,44.70,42900,40.11
2008-06-19,44.93,45.34,44.76,45.34,54900,40.68
2008-06-18,45.23,45.29,44.72,44.97,59200,40.35
2008-06-17,45.86,45.88,45.50,45.50,20900,40.83
2008-06-16,45.65,46.29,45.59,46.24,69100,41.49
2008-06-13,45.72,45.73,45.08,45.69,21400,41.00
2008-06-12,45.46,45.96,45.04,45.19,44700,40.55
2008-06-11,46.03,46.03,44.97,44.97,18300,40.35
2008-06-10,45.57,46.34,45.57,46.03,69400,41.30
2008-06-09,46.58,46.71,45.63,45.97,61500,41.25
2008-06-06,47.53,47.53,46.51,46.54,26800,41.76
2008-06-05,47.44,47.98,47.44,47.98,33800,43.05
2008-06-04,46.87,47.55,46.87,47.15,33100,42.31
2008-06-03,47.08,47.16,46.45,46.85,56700,42.04
2008-06-02,46.92,46.95,46.42,46.95,31200,42.13
2008-05-30,47.59,47.59,47.29,47.43,16500,42.56
2008-05-29,46.91,47.98,46.91,47.69,20100,42.79
2008-05-28,47.34,47.34,46.90,47.19,9000,42.34
2008-05-27,46.47,47.46,46.47,47.22,26300,42.37
2008-05-23,46.58,46.68,46.41,46.68,5700,41.88
2008-05-22,46.85,47.32,46.85,47.10,13500,42.26
2008-05-21,47.10,47.52,46.58,46.71,9800,41.91
2008-05-20,47.32,47.33,46.80,47.03,68200,42.20
2008-05-19,47.50,47.97,47.27,47.41,15700,42.54
2008-05-16,47.61,47.68,47.21,47.61,5200,42.72
2008-05-15,47.52,48.06,47.43,48.06,11200,43.12
2008-05-14,47.94,48.14,47.68,47.77,8800,42.86
2008-05-13,47.81,47.81,47.40,47.78,8200,42.87
2008-05-12,46.60,47.72,46.60,47.57,5100,42.68
2008-05-09,46.48,46.88,46.31,46.63,10100,41.84
2008-05-08,46.61,46.83,46.37,46.54,4300,41.76
2008-05-07,47.76,47.92,46.77,46.77,12200,41.96
2008-05-06,47.47,47.91,47.28,47.82,6800,42.91
2008-05-05,47.62,47.70,47.40,47.65,9800,42.75
2008-05-02,48.66,48.66,47.83,47.86,30700,42.94
2008-05-01,47.01,48.36,47.01,48.14,33300,43.19
2008-04-30,47.74,47.96,46.98,47.09,27800,42.25
2008-04-29,47.65,47.73,47.25,47.53,10100,42.65
2008-04-28,47.41,47.99,47.36,47.73,15800,42.83
2008-04-25,47.41,47.62,46.79,47.41,20500,42.54
2008-04-24,46.36,47.49,45.92,47.34,18000,42.48
2008-04-23,46.45,46.67,46.13,46.31,10500,41.55
2008-04-22,46.99,46.99,46.06,46.44,16300,41.67
2008-04-21,47.58,47.59,47.09,47.27,10000,42.41
2008-04-18,48.07,48.07,47.63,47.66,43500,42.76
2008-04-17,47.16,47.33,46.94,47.33,38600,42.47
2008-04-16,46.69,47.48,46.55,47.48,21700,42.60
2008-04-15,45.74,46.06,45.58,46.04,16800,41.31
2008-04-14,45.63,46.00,45.44,45.52,13900,40.84
2008-04-11,46.24,46.44,45.60,45.70,27300,41.00
2008-04-10,46.31,47.01,46.25,46.78,10600,41.97
2008-04-09,47.36,47.36,46.28,46.28,15000,41.52
2008-04-08,47.41,47.60,47.11,47.38,14200,42.51
2008-04-07,47.99,48.06,47.51,47.62,24600,42.73
2008-04-04,47.67,48.16,47.52,47.69,21400,42.79
2008-04-03,47.61,48.19,47.51,47.99,12100,43.06
2008-04-02,47.85,48.35,47.61,48.15,21700,43.20
2008-04-01,46.62,47.85,46.62,47.85,28700,42.93
2008-03-31,46.16,47.10,46.00,46.26,17300,41.51
2008-03-28,46.92,46.92,45.98,45.98,10800,41.26
2008-03-27,47.67,47.70,46.70,46.70,16000,41.90
2008-03-26,47.83,47.83,47.13,47.59,30600,42.70
2008-03-25,47.73,47.97,47.40,47.81,22900,42.90
2008-03-24,47.34,48.13,46.92,47.77,38600,42.86
2008-03-20,46.35,47.51,46.35,47.47,35600,42.59
2008-03-19,46.90,47.26,46.17,46.17,20100,41.43
2008-03-18,46.00,46.69,45.26,46.69,22200,41.89
2008-03-17,44.17,45.60,44.17,45.06,56400,40.43
2008-03-14,46.68,46.68,44.87,45.46,80200,40.79
2008-03-13,44.83,46.51,44.78,46.43,31000,41.66
2008-03-12,46.34,46.63,45.55,45.58,17700,40.90
2008-03-11,45.21,46.07,44.70,46.03,17700,41.30
2008-03-10,44.65,44.66,43.79,43.92,28100,39.41
2008-03-07,43.71,44.87,43.71,44.44,68200,39.87
2008-03-06,45.33,45.33,44.04,44.16,162800,39.62
2008-03-05,45.87,45.87,45.17,45.49,14300,40.82
2008-03-04,45.38,45.81,44.89,45.69,187500,41.00
2008-03-03,45.80,45.91,45.16,45.69,79300,41.00
2008-02-29,46.44,46.63,45.72,45.95,42700,41.23
2008-02-28,47.65,47.73,47.03,47.16,109300,42.31
2008-02-27,47.87,48.51,47.72,47.96,56000,43.03
2008-02-26,47.87,48.58,47.72,48.14,165500,43.19
2008-02-25,46.80,47.82,46.50,47.75,255400,42.84
2008-02-22,46.71,46.83,45.95,46.81,152300,42.00
2008-02-21,48.06,48.28,46.63,46.67,175100,41.87
2008-02-20,46.64,47.75,46.63,47.67,186700,42.77
2008-02-19,47.21,47.80,46.73,47.00,51000,42.17
2008-02-15,46.96,47.18,46.59,47.18,85100,42.33
2008-02-14,48.44,48.44,47.09,47.26,74500,42.40
2008-02-13,48.00,48.40,47.60,48.36,49200,43.39
2008-02-12,47.17,47.96,47.14,47.51,92700,42.63
2008-02-11,47.59,47.59,46.57,46.93,33400,42.11
2008-02-08,47.98,48.32,47.03,47.29,63200,42.43
2008-02-07,47.27,48.31,47.13,48.10,101100,43.16
2008-02-06,48.00,48.39,47.22,47.24,100800,42.39
2008-02-05,48.55,49.08,47.78,47.81,47100,42.90
2008-02-04,49.70,49.70,48.90,49.11,23200,44.06
2008-02-01,48.90,49.71,48.51,49.59,43700,44.49
2008-01-31,46.48,48.98,46.45,48.63,89600,43.63
2008-01-30,47.45,48.49,47.00,47.04,104800,42.21
2008-01-29,47.53,47.67,46.69,47.60,67800,42.71
2008-01-28,45.76,47.20,45.43,47.15,107300,42.31
2008-01-25,46.94,46.96,45.55,45.95,292200,41.23
2008-01-24,46.79,46.80,45.90,46.39,42400,41.62
2008-01-23,43.80,46.50,43.02,46.50,61800,41.72
2008-01-22,42.04,44.51,42.00,43.83,57700,39.33
2008-01-18,44.01,44.44,42.76,43.26,80600,38.82
2008-01-17,45.02,45.04,43.97,44.07,47400,39.54
2008-01-16,43.95,45.53,43.95,45.00,54200,40.38
2008-01-15,44.55,44.55,43.83,44.23,51700,39.69
2008-01-14,44.97,45.08,44.53,44.95,38600,40.33
2008-01-11,45.42,45.66,44.71,44.87,33900,40.26
2008-01-10,43.91,46.10,43.91,45.59,60300,40.91
2008-01-09,44.59,44.88,43.39,44.88,82800,40.27
2008-01-08,46.16,46.78,44.57,44.59,31500,40.01
2008-01-07,45.56,46.51,45.46,46.11,82800,41.37
2008-01-04,46.38,46.38,45.34,45.47,35800,40.80
2008-01-03,47.82,48.21,46.90,46.90,26000,42.08
2008-01-02,48.35,48.68,47.59,47.79,47600,42.88
2007-12-31,48.57,48.73,47.91,48.53,93700,43.54
2007-12-28,49.63,49.74,48.62,48.62,66200,43.62
2007-12-27,50.55,50.77,49.12,49.21,93700,44.15
2007-12-26,50.69,51.04,50.39,50.83,128100,45.61
2007-12-24,50.44,50.98,50.21,50.98,46900,45.74
2007-12-21,49.94,50.16,49.69,50.10,182600,44.95
2007-12-20,49.13,49.13,48.03,49.13,89300,44.08
2007-12-19,48.38,48.76,48.25,48.62,19900,43.62
2007-12-18,47.85,48.63,47.26,48.62,58500,43.62
2007-12-17,48.44,48.57,47.40,47.52,148700,42.64
2007-12-14,49.20,49.93,48.74,48.75,63600,43.19
2007-12-13,49.52,50.00,49.28,49.81,30100,44.13
2007-12-12,50.98,51.40,49.56,49.97,24500,44.27
2007-12-11,51.28,52.12,49.74,49.74,62900,44.07
2007-12-10,51.25,51.83,51.15,51.83,60900,45.92
2007-12-07,51.64,51.64,51.06,51.32,182700,45.47
2007-12-06,49.94,51.34,49.93,51.34,30200,45.49
2007-12-05,50.16,50.16,49.46,50.00,81200,44.30
2007-12-04,49.77,49.77,49.09,49.19,207800,43.58
2007-12-03,49.99,50.51,49.78,49.78,39100,44.10
2007-11-30,50.56,51.07,50.15,50.36,59100,44.62
2007-11-29,50.66,50.66,50.05,50.23,36200,44.50
2007-11-28,49.13,50.82,49.13,50.77,62500,44.98
2007-11-27,48.87,49.22,48.65,49.15,58300,43.55
2007-11-26,49.95,50.12,48.37,48.45,23000,42.93
2007-11-23,49.48,50.37,49.48,50.25,2900,44.52
2007-11-21,49.36,49.75,48.93,49.17,45300,43.56
2007-11-20,49.51,49.96,48.64,49.37,40000,43.74
2007-11-19,50.26,50.26,49.35,49.52,25400,43.87
2007-11-16,51.20,51.22,50.32,50.77,38400,44.98
2007-11-15,51.56,51.56,50.72,51.13,36900,45.30
2007-11-14,53.26,53.26,51.53,51.85,21300,45.94
2007-11-13,50.75,52.34,50.75,52.29,20100,46.33
2007-11-12,51.00,51.61,50.57,50.79,20000,45.00
2007-11-09,50.13,51.08,49.74,50.55,28400,44.79
2007-11-08,50.25,50.81,49.65,50.69,34600,44.91
2007-11-07,51.33,51.33,49.83,50.22,65600,44.49
2007-11-06,51.07,51.80,50.50,51.80,12000,45.89
2007-11-05,51.06,51.28,50.63,50.98,45500,45.17
2007-11-02,52.05,52.05,51.00,51.41,58800,45.55
2007-11-01,53.16,53.31,51.56,51.82,123200,45.91
2007-10-31,53.54,54.29,53.30,54.06,61800,47.90
2007-10-30,53.48,53.71,53.35,53.35,8900,47.27
2007-10-29,54.11,54.28,53.50,53.65,26400,47.53
2007-10-26,53.72,54.03,53.19,54.03,7600,47.87
2007-10-25,53.19,53.70,52.57,53.07,34500,47.02
2007-10-24,53.11,53.24,52.16,52.98,78200,46.94
2007-10-23,53.64,53.66,52.81,53.56,50100,47.45
2007-10-22,52.00,53.40,51.80,53.40,71500,47.31
2007-10-19,53.88,53.88,52.29,52.29,35400,46.33
2007-10-18,53.80,54.34,53.80,54.13,10400,47.96
2007-10-17,54.91,54.91,53.56,54.34,26900,48.14
2007-10-16,54.70,54.85,54.45,54.51,9400,48.29
2007-10-15,55.81,55.81,54.62,55.00,27400,48.73
2007-10-12,55.90,56.15,55.87,55.92,68400,49.54
2007-10-11,56.58,56.60,55.68,55.68,53300,49.33
2007-10-10,56.36,56.47,56.00,56.32,9000,49.90
2007-10-09,56.26,56.56,55.87,56.42,11400,49.99
2007-10-08,56.54,56.64,56.08,56.19,28400,49.78
2007-10-05,56.12,56.77,55.99,56.65,21800,50.19
2007-10-04,55.48,55.70,55.35,55.70,24800,49.35
2007-10-03,55.75,55.79,55.29,55.44,10200,49.12
2007-10-02,55.60,56.02,55.56,56.00,35300,49.61
2007-10-01,54.21,55.47,54.21,55.45,28100,49.13
2007-09-28,54.74,54.75,54.00,54.03,17300,47.87
2007-09-27,54.77,54.79,54.55,54.77,52600,48.52
2007-09-26,54.45,54.77,54.34,54.58,14600,48.36
2007-09-25,54.10,54.20,53.92,54.06,47000,47.90
2007-09-24,55.02,55.31,54.55,54.62,19500,48.39
2007-09-21,55.70,55.89,55.51,55.53,53100,48.85
2007-09-20,55.75,55.86,55.38,55.38,25300,48.72
2007-09-19,55.74,56.32,55.72,56.13,78100,49.38
2007-09-18,53.28,55.19,53.14,55.08,120600,48.45
2007-09-17,53.21,53.40,53.14,53.21,6100,46.81
2007-09-14,52.76,53.60,52.71,53.54,32900,47.10
2007-09-13,53.13,53.76,52.97,53.57,20000,47.13
2007-09-12,53.16,53.37,53.04,53.04,13000,46.66
2007-09-11,53.06,53.51,52.89,53.51,7500,47.07
2007-09-10,53.32,53.32,52.20,52.76,10400,46.41
2007-09-07,53.50,53.54,53.06,53.40,31300,46.98
2007-09-06,54.41,54.41,53.96,54.32,27200,47.79
2007-09-05,54.67,54.67,53.96,54.23,9600,47.71
2007-09-04,54.41,55.07,54.39,54.93,85100,48.32
2007-08-31,54.49,54.74,54.25,54.56,6800,48.00
2007-08-30,53.96,54.24,53.79,54.08,10300,47.58
2007-08-29,53.48,54.45,53.36,54.40,3600,47.86
2007-08-28,54.05,54.05,53.00,53.02,10700,46.64
2007-08-27,54.86,54.86,54.30,54.30,77900,47.77
2007-08-24,54.24,54.84,54.24,54.84,48600,48.24
2007-08-23,55.13,55.13,54.33,54.43,34700,47.88
2007-08-22,55.20,55.35,54.74,55.14,11500,48.51
2007-08-21,54.32,54.94,54.32,54.67,20700,48.09
2007-08-20,54.50,54.65,53.84,54.50,111700,47.94
2007-08-17,55.83,55.83,54.12,54.32,54000,47.79
2007-08-16,51.52,53.33,51.14,53.33,222400,46.92
2007-08-15,51.76,52.91,51.43,51.44,126800,45.25
2007-08-14,53.07,53.16,51.97,51.99,32700,45.74
2007-08-13,54.64,54.64,52.97,52.97,7300,46.60
2007-08-10,52.31,54.19,52.31,53.80,18700,47.33
2007-08-09,53.11,53.83,52.95,52.95,129900,46.58
2007-08-08,53.28,54.23,52.92,54.06,110700,47.56
2007-08-07,51.85,52.87,51.62,52.48,51400,46.17
2007-08-06,51.05,52.24,50.40,52.20,96700,45.92
2007-08-03,53.02,53.02,51.00,51.14,38500,44.99
2007-08-02,52.86,53.25,52.67,52.94,59300,46.57
2007-08-01,52.88,53.03,51.95,52.90,52800,46.54
2007-07-31,53.26,53.59,52.33,52.33,47500,46.04
2007-07-30,52.44,53.08,52.00,52.84,28200,46.48
2007-07-27,52.90,53.60,52.01,52.01,45900,45.75
2007-07-26,53.87,54.16,52.76,53.44,112700,47.01
2007-07-25,55.10,55.36,54.23,54.71,37900,48.13
2007-07-24,55.73,55.82,54.60,54.73,54200,48.15
2007-07-23,56.78,56.84,56.39,56.39,23500,49.61
2007-07-20,57.27,57.32,56.24,56.42,61700,49.63
2007-07-19,57.59,57.62,57.36,57.53,11800,50.61
2007-07-18,57.31,57.35,56.76,57.25,33500,50.36
2007-07-17,57.52,57.87,57.48,57.48,14500,50.57
2007-07-16,57.64,57.89,57.36,57.41,10400,50.50
2007-07-13,57.82,58.01,57.67,57.95,14200,50.98
2007-07-12,57.51,57.96,57.50,57.90,22100,50.94
2007-07-11,57.09,57.29,56.87,57.29,84900,50.40
2007-07-10,57.70,57.74,57.13,57.13,70000,50.26
2007-07-09,58.33,58.38,58.10,58.27,15400,51.26
2007-07-06,58.19,58.44,57.98,58.26,23400,51.25
2007-07-05,58.15,58.36,57.90,58.27,19900,51.26
2007-07-03,58.02,58.21,58.01,58.21,4200,51.21
2007-07-02,57.72,58.10,57.64,58.01,23200,51.03
2007-06-29,57.78,58.04,57.15,57.15,86900,50.28
2007-06-28,57.70,58.19,57.52,57.65,20600,50.72
2007-06-27,56.55,57.71,56.51,57.71,27700,50.77
2007-06-26,56.94,57.14,56.60,56.60,56100,49.79
2007-06-25,57.16,57.51,56.69,56.75,87900,49.92
2007-06-22,57.96,58.05,57.51,57.77,51600,50.29
2007-06-21,57.94,58.28,57.63,58.15,29200,50.62
2007-06-20,58.96,58.96,58.03,58.03,22300,50.51
2007-06-19,58.60,58.99,58.38,58.94,16900,51.30
2007-06-18,58.93,58.98,58.66,58.83,13100,51.21
2007-06-15,59.03,59.17,58.84,58.93,23400,51.30
2007-06-14,58.40,58.69,58.21,58.21,32500,50.67
2007-06-13,57.57,58.31,57.51,58.22,37400,50.68
2007-06-12,58.01,58.11,57.44,57.49,35300,50.04
2007-06-11,58.16,58.53,58.05,58.23,39100,50.69
2007-06-08,57.94,58.42,57.63,58.41,26800,50.84
2007-06-07,58.46,58.53,57.79,57.79,18400,50.30
2007-06-06,58.57,58.79,58.54,58.70,13800,51.10
2007-06-05,59.48,59.48,58.90,59.12,19800,51.46
2007-06-04,59.46,59.68,59.34,59.68,9200,51.95
2007-06-01,59.34,59.63,59.34,59.52,24000,51.81
2007-05-31,59.20,59.27,58.84,58.97,29500,51.33
2007-05-30,58.27,59.00,58.27,58.99,21700,51.35
2007-05-29,58.39,58.68,58.35,58.56,28500,50.97
2007-05-25,57.90,58.16,57.82,57.97,9700,50.46
2007-05-24,58.41,58.65,57.56,57.66,19500,50.19
2007-05-23,58.76,58.97,58.39,58.39,21800,50.83
2007-05-22,58.33,58.72,58.10,58.64,48000,51.04
2007-05-21,57.58,58.35,57.58,58.14,30700,50.61
2007-05-18,57.40,57.80,57.20,57.61,27400,50.15
2007-05-17,57.80,57.80,57.41,57.48,37000,50.03
2007-05-16,57.43,57.91,57.37,57.91,17900,50.41
2007-05-15,57.88,58.33,57.41,57.45,49200,50.01
2007-05-14,58.40,58.46,57.86,57.94,70000,50.43
2007-05-11,58.06,58.43,58.05,58.43,15900,50.86
2007-05-10,58.10,58.38,57.82,57.82,28000,50.33
2007-05-09,58.12,58.86,58.12,58.75,35000,51.14
2007-05-08,58.08,58.30,57.87,58.30,17300,50.75
2007-05-07,58.65,58.68,58.44,58.50,15100,50.92
2007-05-04,58.48,58.59,58.29,58.59,47600,51.00
2007-05-03,58.44,58.66,58.26,58.36,29900,50.80
2007-05-02,57.75,58.49,57.68,58.37,24600,50.81
2007-05-01,57.54,57.73,57.14,57.58,22400,50.12
2007-04-30,58.44,58.44,57.36,57.36,10800,49.93
2007-04-27,58.55,58.55,58.27,58.33,10100,50.77
2007-04-26,58.57,58.75,58.26,58.64,14000,51.04
2007-04-25,58.50,58.79,58.31,58.43,15800,50.86
2007-04-24,58.43,58.43,57.91,58.23,17800,50.69
2007-04-23,58.63,58.64,58.23,58.35,20500,50.79
2007-04-20,58.25,58.62,58.25,58.62,11700,51.03
2007-04-19,57.92,58.20,57.81,57.91,32400,50.41
2007-04-18,58.64,58.64,58.35,58.35,18100,50.79
2007-04-17,58.70,58.85,58.52,58.70,46700,51.10
2007-04-16,58.35,58.79,58.35,58.79,13600,51.17
2007-04-13,57.66,57.96,57.45,57.93,13300,50.43
2007-04-12,57.31,57.61,57.18,57.61,8000,50.15
2007-04-11,57.85,57.85,57.18,57.30,17300,49.88
2007-04-10,57.66,58.76,57.66,57.80,50100,50.31
2007-04-09,57.94,57.94,57.60,57.67,8300,50.20
2007-04-05,57.76,57.96,57.76,57.86,25400,50.36
2007-04-04,58.05,58.05,57.72,57.86,27900,50.36
2007-04-03,57.60,58.20,57.60,58.11,20800,50.58
2007-04-02,57.52,57.52,57.25,57.50,8700,50.05
2007-03-30,57.27,57.63,56.17,57.26,46200,49.84
2007-03-29,57.36,57.48,56.89,57.29,15500,49.87
2007-03-28,57.18,57.41,56.99,57.13,29800,49.73
2007-03-27,57.80,57.80,57.32,57.43,30500,49.99
2007-03-26,58.11,58.17,57.59,57.89,27400,50.39
2007-03-23,58.32,58.39,58.22,58.31,20000,50.76
2007-03-22,58.38,58.47,58.14,58.19,20200,50.65
2007-03-21,57.55,58.52,57.42,58.33,39100,50.77
2007-03-20,57.00,57.40,57.00,57.39,17900,49.96
2007-03-19,56.73,57.22,56.73,56.90,14800,49.53
2007-03-16,56.85,56.91,56.43,56.49,18200,49.17
2007-03-15,56.50,56.84,56.50,56.84,17000,49.48
2007-03-14,55.76,56.35,55.36,56.26,26500,48.97
2007-03-13,56.87,56.87,55.76,55.79,32600,48.56
2007-03-12,56.90,57.14,56.70,57.03,13900,49.64
2007-03-09,56.92,56.94,56.52,56.83,14700,49.47
2007-03-08,56.85,56.85,56.40,56.47,23300,49.15
2007-03-07,56.50,56.55,56.04,56.20,19400,48.92
2007-03-06,56.02,56.64,55.82,56.50,11900,49.18
2007-03-05,55.96,56.35,55.21,55.33,26800,48.16
2007-03-02,56.99,57.13,56.43,56.58,13500,49.25
2007-03-01,56.71,57.60,56.25,57.22,22000,49.81
2007-02-28,57.00,57.63,56.65,57.23,24400,49.82
2007-02-27,58.36,58.41,57.11,57.28,23800,49.86
2007-02-26,59.49,59.55,58.68,59.18,30400,51.51
2007-02-23,59.55,59.55,59.19,59.34,9300,51.65
2007-02-22,59.56,59.62,59.29,59.55,19000,51.84
2007-02-21,59.42,59.55,59.29,59.54,9500,51.83
2007-02-20,58.96,59.71,58.90,59.65,13600,51.92
2007-02-16,58.99,59.09,58.67,59.09,15300,51.44
2007-02-15,59.03,59.24,58.87,59.03,23900,51.38
2007-02-14,59.02,59.36,58.91,58.91,13800,51.28
2007-02-13,58.85,59.14,58.71,59.14,18500,51.48
2007-02-12,58.83,58.83,58.36,58.65,30400,51.05
2007-02-09,59.37,59.37,58.42,58.70,19500,51.10
2007-02-08,59.12,59.41,59.08,59.31,20900,51.63
2007-02-07,58.91,59.29,58.84,59.29,17700,51.61
2007-02-06,58.75,58.98,58.57,58.98,81500,51.34
2007-02-05,58.85,58.85,58.50,58.50,22000,50.92
2007-02-02,58.80,58.86,58.63,58.84,24600,51.22
2007-02-01,58.35,58.70,58.24,58.69,32400,51.09
2007-01-31,57.94,58.44,57.78,58.24,28500,50.70
2007-01-30,57.77,58.05,57.60,58.05,37000,50.53
2007-01-29,57.52,57.89,57.46,57.65,17900,50.18
2007-01-26,57.19,57.37,56.67,57.32,20000,49.89
2007-01-25,57.77,57.77,56.87,57.02,16600,49.63
2007-01-24,57.28,57.66,57.20,57.66,20100,50.19
2007-01-23,56.62,57.24,56.62,57.09,15400,49.69
2007-01-22,57.08,57.08,56.48,56.72,32300,49.37
2007-01-19,56.67,57.21,56.55,57.21,19500,49.80
2007-01-18,57.10,57.13,56.60,56.81,12800,49.45
2007-01-17,57.37,57.50,57.17,57.17,32900,49.76
2007-01-16,57.66,57.87,57.25,57.30,33100,49.88
2007-01-12,57.25,57.54,57.25,57.54,15400,50.09
2007-01-11,56.86,57.44,56.86,57.28,8600,49.86
2007-01-10,56.55,56.69,56.42,56.59,6900,49.26
2007-01-09,56.58,56.78,55.99,56.78,31900,49.42
2007-01-08,56.47,56.70,56.12,56.61,32200,49.28
2007-01-05,57.38,57.38,56.52,56.57,52700,49.24
2007-01-04,57.44,57.85,57.13,57.79,56300,50.30
2007-01-03,57.92,58.08,57.11,57.64,35800,50.17
2006-12-29,57.83,58.00,57.36,57.36,26400,49.93
2006-12-28,57.90,58.11,57.22,57.94,23200,50.43
2006-12-27,57.68,58.13,57.68,58.13,14700,50.60
2006-12-26,56.65,57.41,56.65,57.38,7700,49.95
2006-12-22,56.72,56.80,56.59,56.71,45800,49.36
2006-12-21,56.97,57.39,56.73,56.86,34100,49.49
2006-12-20,57.32,57.68,57.32,57.57,6300,50.11
2006-12-19,57.00,57.30,56.95,57.26,23500,49.84
2006-12-18,58.14,58.14,57.17,57.25,16000,49.83
2006-12-15,58.16,58.28,57.98,57.98,8200,50.47
2006-12-14,57.82,58.29,57.82,58.05,23300,50.53
2006-12-13,57.90,57.96,57.59,57.77,11200,50.29
2006-12-12,57.80,58.08,57.49,57.74,9200,50.26
2006-12-11,57.76,57.91,57.72,57.83,12000,50.34
2006-12-08,57.63,57.90,57.37,57.75,17500,50.27
2006-12-07,58.00,58.11,57.73,57.75,13300,50.27
2006-12-06,58.05,58.16,57.94,58.04,12600,50.52
2006-12-05,58.18,58.48,58.18,58.24,12900,50.70
2006-12-04,57.34,58.19,57.34,58.18,26700,50.64
2006-12-01,57.49,57.49,56.65,57.19,56100,49.78
2006-11-30,57.27,57.65,57.02,57.41,20000,49.97
2006-11-29,56.85,57.34,56.85,57.33,8700,49.90
2006-11-28,56.25,56.65,56.21,56.65,17700,49.31
2006-11-27,57.30,57.31,56.37,56.39,33100,49.09
2006-11-24,57.30,57.67,57.30,57.62,3400,50.16
2006-11-22,57.75,57.83,57.46,57.62,24800,50.16
2006-11-21,57.57,57.70,57.44,57.70,11300,50.23
2006-11-20,57.25,57.66,57.25,57.59,18700,50.13
2006-11-17,57.26,57.28,57.05,57.25,8900,49.83
2006-11-16,57.53,57.53,57.30,57.45,9500,50.01
2006-11-15,57.08,57.51,57.08,57.39,16500,49.96
2006-11-14,56.23,57.00,56.13,57.00,15900,49.62
2006-11-13,55.99,56.28,55.99,56.19,13700,48.91
2006-11-10,55.65,56.00,55.58,56.00,7300,48.75
2006-11-09,56.02,56.02,55.38,55.50,12000,48.31
2006-11-08,55.50,56.21,55.50,56.07,14200,48.81
2006-11-07,55.80,56.23,55.63,55.63,14800,48.42
2006-11-06,55.35,56.00,55.30,55.88,17700,48.64
2006-11-03,55.35,55.40,54.87,55.21,18100,48.06
2006-11-02,55.07,55.33,54.67,55.08,10400,47.94
2006-11-01,56.26,56.26,55.27,55.31,13400,48.15
2006-10-31,56.45,56.48,55.89,56.14,16600,48.87
2006-10-30,55.75,56.42,55.75,56.34,20700,49.04
2006-10-27,56.30,56.44,55.76,55.83,18200,48.60
2006-10-26,56.19,56.48,55.91,56.48,11700,49.16
2006-10-25,55.75,55.95,55.57,55.95,19400,48.70
2006-10-24,55.55,55.65,55.45,55.65,10000,48.44
2006-10-23,55.32,55.76,55.29,55.61,115200,48.41
2006-10-20,55.80,55.81,55.47,55.57,29900,48.37
2006-10-19,55.62,55.95,55.62,55.84,9800,48.61
2006-10-18,55.86,56.10,55.68,55.76,11300,48.54
2006-10-17,55.58,55.86,55.45,55.72,13800,48.50
2006-10-16,55.65,55.94,55.65,55.91,37100,48.67
2006-10-13,55.29,55.69,55.29,55.69,12300,48.48
2006-10-12,54.71,55.29,54.70,55.29,23800,48.13
2006-10-11,54.57,54.78,54.35,54.46,10600,47.41
2006-10-10,54.70,54.90,54.51,54.77,30600,47.67
2006-10-09,54.40,54.72,54.21,54.70,7000,47.61
2006-10-06,54.44,54.66,54.16,54.47,35500,47.41
2006-10-05,54.22,54.69,54.17,54.69,10600,47.61
2006-10-04,53.53,54.15,53.50,54.15,86200,47.14
2006-10-03,53.21,53.87,53.21,53.57,7900,46.63
2006-10-02,53.70,53.90,53.27,53.45,19400,46.53
2006-09-29,54.50,54.50,53.85,53.85,8800,46.87
2006-09-28,54.50,54.56,54.11,54.41,10500,47.36
2006-09-27,54.12,54.42,54.00,54.34,10000,47.30
2006-09-26,54.02,54.27,53.94,54.17,22300,47.15
2006-09-25,53.54,54.12,53.38,54.05,5300,47.05
2006-09-22,53.54,53.59,53.13,53.45,55900,46.53
2006-09-21,54.37,54.41,53.69,53.76,22300,46.80
2006-09-20,53.95,54.44,53.95,54.27,25600,47.24
2006-09-19,53.79,53.83,53.16,53.72,26500,46.76
2006-09-18,53.77,54.05,53.73,53.79,27100,46.82
2006-09-15,53.75,53.99,53.71,53.98,16800,46.99
2006-09-14,53.72,53.72,53.50,53.60,14000,46.66
2006-09-13,53.45,53.83,53.45,53.83,9000,46.86
2006-09-12,52.58,53.50,52.58,53.43,24800,46.51
2006-09-11,52.28,52.52,51.96,52.44,15600,45.65
2006-09-08,52.23,52.44,52.14,52.42,32600,45.63
2006-09-07,52.27,52.52,52.10,52.17,13600,45.41
2006-09-06,52.87,52.87,52.51,52.54,17400,45.73
2006-09-05,52.86,53.29,52.86,53.29,27800,46.39
2006-09-01,53.10,53.11,52.84,52.90,8800,46.05
2006-08-31,53.05,53.19,52.95,52.95,14200,46.09
2006-08-30,52.75,53.03,52.63,52.88,78900,46.03
2006-08-29,52.11,52.59,51.85,52.59,12100,45.78
2006-08-28,51.80,52.13,51.67,52.10,22500,45.35
2006-08-25,51.79,51.92,51.57,51.70,33700,45.00
2006-08-24,51.89,51.89,51.59,51.83,12900,45.12
2006-08-23,52.50,52.52,51.64,51.75,11300,45.05
2006-08-22,52.05,52.35,52.05,52.34,4400,45.56
2006-08-21,52.25,52.25,52.07,52.20,7500,45.44
2006-08-18,52.34,52.48,52.10,52.42,8900,45.63
2006-08-17,52.22,52.65,52.19,52.40,16000,45.61
2006-08-16,52.10,52.32,52.07,52.30,12000,45.52
2006-08-15,51.85,51.95,51.64,51.95,19900,45.22
2006-08-14,51.15,51.62,51.08,51.08,4300,44.46
2006-08-11,50.87,50.87,50.70,50.70,2000,44.13
2006-08-10,50.50,51.07,50.40,51.02,9400,44.41
2006-08-09,51.73,51.73,50.79,50.79,6800,44.21
2006-08-08,51.75,52.13,51.14,51.14,13500,44.52
2006-08-07,51.92,51.94,51.65,51.65,3800,44.96
2006-08-04,52.65,52.65,51.95,52.00,2000,45.26
2006-08-03,51.40,52.12,51.40,52.12,3800,45.37
2006-08-02,51.60,51.87,51.49,51.59,2400,44.91
2006-08-01,51.16,51.45,51.16,51.45,4400,44.79
2006-07-31,51.80,51.85,51.50,51.84,19600,45.12
2006-07-28,51.64,52.01,51.44,52.01,11800,45.27
2006-07-27,51.60,51.73,51.00,51.00,8200,44.39
2006-07-26,51.46,51.86,51.10,51.61,23900,44.92
2006-07-25,51.47,51.64,51.35,51.52,14600,44.85
2006-07-24,50.76,51.46,50.76,51.46,4100,44.79
2006-07-21,50.65,50.65,50.26,50.51,5100,43.97
2006-07-20,52.15,52.15,51.50,51.51,13200,44.84
2006-07-19,50.90,51.95,50.90,51.95,88500,45.22
2006-07-18,50.61,50.63,50.20,50.53,9900,43.98
2006-07-17,50.16,50.31,49.96,50.27,149800,43.76
2006-07-14,50.49,50.49,49.89,50.27,4500,43.76
2006-07-13,51.07,51.07,50.45,50.52,8400,43.98
2006-07-12,51.98,51.99,51.29,51.30,7000,44.65
2006-07-11,51.58,52.08,51.30,52.08,4800,45.33
2006-07-10,51.47,51.95,51.47,51.70,10100,45.00
2006-07-07,51.74,52.06,51.47,51.47,3900,44.80
2006-07-06,51.95,52.05,51.62,51.81,4500,45.10
2006-07-05,51.65,52.04,51.35,51.64,19300,44.95
2006-07-03,51.73,52.04,51.73,52.04,2500,45.30
2006-06-30,51.59,51.96,51.59,51.82,3500,45.11
2006-06-29,50.95,51.04,50.75,50.77,1700,44.19
2006-06-28,50.23,50.23,50.00,50.01,1800,43.53
2006-06-27,50.35,50.57,50.21,50.21,1700,43.71
2006-06-26,50.10,50.65,50.10,50.65,9300,44.09
2006-06-23,49.74,50.22,49.74,49.96,11300,43.49
2006-06-22,49.93,49.93,49.72,49.73,3900,43.29
2006-06-21,49.79,50.19,49.74,50.12,4600,43.63
2006-06-20,49.61,49.68,49.60,49.61,6000,43.18
2006-06-19,50.30,50.32,49.70,49.83,6400,43.37
2006-06-16,50.71,50.71,50.18,50.21,10800,43.71