2011-05-10,46.41,47.10,46.41,47.10,15900,47.10
2011-05-09,46.10,46.31,46.04,46.15,2000,46.15
2011-05-06,46.67,46.73,46.52,46.52,2600,46.52
2011-05-05,46.93,46.93,46.24,46.24,2000,46.24
2011-05-04,47.27,47.43,46.97,47.32,20000,47.32
2011-05-03,47.39,47.56,47.34,47.34,5200,47.34
2011-05-02,48.09,48.15,47.95,47.96,2000,47.96
2011-04-29,48.10,48.13,48.10,48.13,700,48.13
2011-04-28,47.37,47.70,47.37,47.70,10800,47.70
2011-04-27,46.97,47.30,46.97,47.30,2200,47.30
2011-04-26,46.52,46.80,46.52,46.76,3400,46.76
2011-04-25,46.24,46.69,46.10,46.20,7300,46.20
2011-04-21,46.30,46.42,46.25,46.36,3900,46.36
2011-04-20,45.71,46.12,45.71,46.03,27500,46.03
2011-04-19,44.86,45.10,44.73,45.07,2900,45.07
2011-04-18,44.51,44.66,44.41,44.66,900,44.66
2011-04-15,45.32,45.65,45.32,45.52,6200,45.52
2011-04-14,45.24,45.74,45.24,45.74,1400,45.74
2011-04-13,45.30,45.31,45.30,45.31,1200,45.31
2011-04-12,45.22,45.22,44.99,44.99,700,44.99
2011-04-11,45.46,45.56,45.39,45.56,6900,45.56
2011-04-08,45.70,45.87,45.56,45.56,1600,45.56
2011-04-07,45.16,45.41,45.16,45.30,4700,45.30
2011-04-06,45.09,45.56,45.09,45.48,3100,45.48
2011-04-05,44.97,45.08,44.82,44.82,13500,44.82
2011-04-04,44.93,44.93,44.93,44.93,200,44.93
2011-04-01,44.15,44.78,44.12,44.48,14000,44.48
2011-03-31,44.51,44.60,44.46,44.60,8200,44.60
2011-03-30,44.35,44.65,44.35,44.65,3000,44.65
2011-03-29,44.12,44.12,44.12,44.12,800,44.12
2011-03-28,44.13,44.48,44.11,44.28,3900,44.28
2011-03-25,44.23,44.23,44.01,44.09,3300,44.09
2011-03-24,44.41,44.46,44.26,44.45,1500,44.45
2011-03-23,43.95,43.98,43.90,43.96,5400,43.96
2011-03-22,43.93,44.29,43.93,44.17,19600,44.17
2011-03-21,44.05,44.26,43.95,44.26,2800,44.26
2011-03-18,43.81,43.81,43.72,43.72,7500,43.46
2011-03-17,43.09,43.09,42.77,42.77,1700,42.52
2011-03-16,42.73,42.73,41.35,41.96,2600,41.71
2011-03-15,41.96,42.70,41.63,42.59,3400,42.34
2011-03-14,43.27,43.43,43.27,43.43,4000,43.18
2011-03-11,43.38,43.71,43.35,43.71,4200,43.45
2011-03-10,44.12,44.12,43.59,43.59,800,43.33
2011-03-09,44.74,44.74,44.69,44.72,5500,44.46
2011-03-08,44.49,44.55,44.49,44.50,2100,44.24
2011-03-07,44.94,44.96,44.79,44.83,1100,44.57
2011-03-04,44.81,44.84,44.75,44.75,700,44.49
2011-03-03,44.37,44.77,44.35,44.72,3300,44.46
2011-03-02,44.20,44.31,44.20,44.31,900,44.05
2011-03-01,44.23,44.23,44.23,44.23,000,43.97
2011-02-28,44.16,44.28,43.99,44.23,4200,43.97
2011-02-25,43.27,43.59,43.26,43.58,4600,43.32
2011-02-24,43.31,43.31,42.96,43.16,2800,42.91
2011-02-23,43.40,43.67,43.31,43.32,1400,43.07
2011-02-22,43.26,43.71,43.11,43.11,12900,42.86
2011-02-18,44.14,44.48,44.13,44.48,8700,44.22
2011-02-17,43.97,44.18,43.92,44.06,3000,43.80
2011-02-16,43.78,44.14,43.78,44.14,1800,43.88
2011-02-15,43.58,43.65,43.58,43.58,400,43.32
2011-02-14,43.67,43.86,43.48,43.86,1500,43.60
2011-02-11,43.51,43.74,43.44,43.74,2100,43.48
2011-02-10,43.63,43.85,43.46,43.67,2700,43.41
2011-02-09,44.13,44.27,44.10,44.27,12700,44.01
2011-02-08,43.88,44.16,43.83,44.15,3700,43.89
2011-02-07,43.62,43.86,43.62,43.86,3900,43.60
2011-02-04,43.45,43.64,43.45,43.62,7100,43.36
2011-02-03,43.47,43.68,43.36,43.68,17400,43.42
2011-02-02,44.00,44.04,43.81,43.81,2300,43.55
2011-02-01,43.75,44.33,43.75,44.30,14000,44.04
2011-01-31,43.09,43.63,43.09,43.49,5900,43.24
2011-01-28,43.57,43.57,42.83,42.98,1500,42.73
2011-01-27,43.56,43.72,43.56,43.72,2100,43.46
2011-01-26,43.33,43.46,43.33,43.46,1000,43.21
2011-01-25,42.96,43.14,42.96,42.96,6300,42.71
2011-01-24,43.07,43.34,43.07,43.27,1100,43.02
2011-01-21,43.15,43.15,43.03,43.07,1000,42.82
2011-01-20,42.69,42.89,42.36,42.79,1300,42.54
2011-01-19,43.14,43.19,43.13,43.19,400,42.94
2011-01-18,43.28,43.50,43.28,43.46,1300,43.21
2011-01-14,43.07,43.13,43.03,43.13,1000,42.88
2011-01-13,42.97,43.09,42.89,42.92,9800,42.67
2011-01-12,42.23,42.67,42.22,42.63,1600,42.38
2011-01-11,41.60,41.83,41.60,41.81,1700,41.57
2011-01-10,41.25,41.41,41.10,41.37,6100,41.13
2011-01-07,41.83,41.83,41.54,41.57,1200,41.33
2011-01-06,42.11,42.11,41.66,41.66,3300,41.42
2011-01-05,42.14,42.40,42.14,42.34,1400,42.09
2011-01-04,42.88,42.88,42.70,42.76,2300,42.51
2011-01-03,42.80,42.80,42.55,42.64,4400,42.39
2010-12-31,42.20,42.59,42.20,42.55,5900,42.30
2010-12-30,41.85,41.98,41.85,41.98,1600,41.73
2010-12-29,41.55,41.86,41.54,41.86,1100,41.61
2010-12-28,41.19,41.29,41.19,41.27,1000,41.03
2010-12-27,40.94,41.19,40.94,41.19,1900,40.95
2010-12-23,41.53,41.53,41.39,41.40,1500,41.16
2010-12-22,41.18,41.42,41.14,41.36,10800,41.12
2010-12-21,41.25,41.33,41.21,41.27,3200,41.03
2010-12-20,41.18,41.18,40.99,41.15,4200,40.91
2010-12-17,41.16,41.17,41.00,41.16,4100,40.92
2010-12-16,41.10,41.31,40.99,41.31,1400,41.07
2010-12-15,41.23,41.32,41.21,41.28,1100,41.04
2010-12-14,41.39,41.60,41.39,41.42,900,41.18
2010-12-13,41.05,41.56,41.05,41.39,5900,41.15
2010-12-10,40.66,40.84,40.54,40.78,4000,40.54
2010-12-09,40.33,40.66,40.33,40.66,1900,40.42
2010-12-08,40.53,40.69,40.50,40.60,3200,40.36
2010-12-07,40.75,40.88,40.44,40.44,38200,40.20
2010-12-06,40.14,40.44,40.14,40.40,61900,40.16
2010-12-03,40.18,40.52,40.14,40.49,33600,40.25
2010-12-02,39.26,40.00,39.26,40.00,20400,39.77
2010-12-01,38.86,39.20,38.80,39.20,18500,38.97
2010-11-30,37.97,38.36,37.97,38.02,14700,37.80
2010-11-29,38.66,38.73,38.31,38.57,3600,38.34
2010-11-26,39.21,39.23,39.21,39.23,800,39.00
2010-11-24,39.49,39.49,39.40,39.44,1100,39.21
2010-11-23,39.49,39.55,39.24,39.27,2500,39.04
2010-11-22,40.37,40.43,39.96,40.35,1700,40.11
2010-11-19,40.33,40.65,40.25,40.65,1400,40.41
2010-11-18,40.49,40.55,40.39,40.49,6600,40.25
2010-11-17,39.89,39.96,39.75,39.76,4600,39.53
2010-11-16,40.24,40.24,39.33,39.56,8300,39.33
2010-11-15,40.74,40.74,40.49,40.50,5300,40.26
2010-11-12,40.75,41.02,40.45,40.45,2500,40.21
2010-11-11,40.97,40.97,40.65,40.84,4700,40.60
2010-11-10,41.23,41.65,41.18,41.65,14100,41.41
2010-11-09,42.12,42.15,41.36,41.39,4100,41.15
2010-11-08,42.17,42.17,41.66,42.11,16400,41.86
2010-11-05,42.42,42.44,42.20,42.20,52900,41.95
2010-11-04,42.63,42.66,42.43,42.60,52000,42.35
2010-11-03,41.72,42.02,41.53,42.02,14300,41.77
2010-11-02,41.50,41.70,41.50,41.70,2500,41.46
2010-11-01,41.48,41.75,40.93,40.93,28900,40.69
2010-10-29,41.09,41.61,41.09,41.61,16700,41.37
2010-10-28,41.07,41.24,40.98,41.24,3500,41.00
2010-10-27,41.00,41.00,40.67,40.81,2000,40.57
2010-10-26,41.10,41.28,41.10,41.28,600,41.04
2010-10-25,41.47,41.47,41.25,41.26,9700,41.02
2010-10-22,41.05,41.05,41.05,41.05,300,40.81
2010-10-21,41.24,41.28,40.93,40.94,3600,40.70
2010-10-20,40.70,41.26,40.70,41.22,2900,40.98
2010-10-19,40.71,40.71,40.71,40.71,300,40.47
2010-10-18,41.26,41.54,41.25,41.54,2200,41.30
2010-10-15,41.28,41.28,41.28,41.28,000,41.04
2010-10-14,41.56,41.64,41.27,41.28,5800,41.04
2010-10-13,40.88,41.14,40.88,41.14,4000,40.90
2010-10-12,40.15,40.20,40.13,40.18,2800,39.94
2010-10-11,40.68,40.68,40.36,40.36,3900,40.12
2010-10-08,40.34,40.34,40.34,40.34,4000,40.10
2010-10-07,40.00,40.10,39.73,40.10,2800,39.87
2010-10-06,40.00,40.00,39.87,39.98,1600,39.75
2010-10-05,39.38,40.00,39.38,39.96,17900,39.73
2010-10-04,39.25,39.25,39.25,39.25,000,39.02
2010-10-01,39.16,39.27,39.08,39.25,11800,39.02
2010-09-30,38.81,38.81,38.55,38.71,64100,38.48
2010-09-29,38.62,38.76,38.62,38.76,4800,38.53
2010-09-28,38.56,38.72,38.54,38.72,600,38.49
2010-09-27,38.61,38.61,38.34,38.44,13000,38.21
2010-09-24,38.23,38.23,37.99,38.22,2700,38.00
2010-09-23,37.66,37.66,37.66,37.66,600,37.44
2010-09-22,37.95,37.95,37.63,37.91,1200,37.69
2010-09-21,37.44,38.00,37.44,37.85,1100,37.63
2010-09-20,37.04,37.34,36.97,37.34,5700,37.12
2010-09-17,37.20,37.20,36.96,36.96,800,36.58
2010-09-16,37.01,37.17,37.01,37.17,300,36.78
2010-09-15,37.00,37.18,37.00,37.14,1700,36.75
2010-09-14,36.99,37.02,36.99,37.02,1300,36.63
2010-09-13,36.64,36.71,36.60,36.71,1700,36.33
2010-09-10,36.12,36.15,36.12,36.15,800,35.77
2010-09-09,36.13,36.13,35.62,35.62,1100,35.25
2010-09-08,35.80,35.80,35.80,35.80,1000,35.43
2010-09-07,35.50,35.50,35.46,35.46,900,35.09
2010-09-03,35.73,35.97,35.73,35.85,900,35.48
2010-09-02,35.08,35.08,35.08,35.08,000,34.72
2010-09-01,35.11,35.23,35.08,35.08,1200,34.72
2010-08-31,34.52,34.52,34.52,34.52,100,34.16
2010-08-30,35.10,35.10,33.71,34.13,3400,33.78
2010-08-27,34.33,34.86,34.33,34.86,1300,34.50
2010-08-26,34.19,34.19,34.19,34.19,000,33.83
2010-08-25,34.19,34.19,34.19,34.19,000,33.83
2010-08-24,34.18,34.19,34.06,34.19,2100,33.83
2010-08-23,34.94,34.94,34.94,34.94,200,34.58
2010-08-20,34.78,34.78,34.55,34.63,1300,34.27
2010-08-19,35.52,35.56,35.15,35.15,1000,34.78
2010-08-18,35.69,35.69,35.69,35.69,000,35.32
2010-08-17,35.55,35.69,35.54,35.69,1300,35.32
2010-08-16,35.11,35.13,35.11,35.13,1100,34.76
2010-08-13,34.84,35.04,34.79,35.04,800,34.68
2010-08-12,34.88,34.99,34.79,34.99,2500,34.63
2010-08-11,35.17,35.17,35.17,35.17,100,34.80
2010-08-10,36.68,36.99,36.57,36.99,800,36.61
2010-08-09,37.12,37.27,37.12,37.27,1700,36.88
2010-08-06,37.06,37.11,37.06,37.11,300,36.72
2010-08-05,37.00,37.13,37.00,37.13,1000,36.74
2010-08-04,37.08,37.08,36.91,36.91,500,36.53
2010-08-03,36.79,36.92,36.79,36.92,300,36.54
2010-08-02,36.50,36.86,36.50,36.86,1600,36.48
2010-07-30,35.78,35.78,35.78,35.78,000,35.41
2010-07-29,35.76,35.78,35.65,35.78,3900,35.41
2010-07-28,35.68,35.69,35.35,35.62,22600,35.25
2010-07-27,35.51,35.71,35.51,35.71,2000,35.34
2010-07-26,35.27,35.65,35.27,35.65,17300,35.28
2010-07-23,34.65,35.12,34.63,35.12,2500,34.75
2010-07-22,34.31,34.64,34.31,34.58,1000,34.22
2010-07-21,34.00,34.00,33.51,33.51,500,33.16
2010-07-20,33.66,34.13,33.66,33.99,1400,33.64
2010-07-19,34.17,34.22,34.02,34.12,9000,33.77
2010-07-16,34.89,34.89,34.89,34.89,000,34.53
2010-07-15,34.82,34.89,34.42,34.89,5600,34.53
2010-07-14,34.45,34.63,34.45,34.45,25800,34.09
2010-07-13,34.02,34.33,34.02,34.29,1400,33.93
2010-07-12,33.57,33.72,33.57,33.68,1300,33.33
2010-07-09,33.84,33.87,33.84,33.87,900,33.52
2010-07-08,33.61,33.70,33.61,33.70,600,33.35
2010-07-07,33.17,33.35,33.17,33.35,700,33.00
2010-07-06,32.87,33.10,32.53,32.70,12200,32.36
2010-07-02,32.54,32.55,32.30,32.30,800,31.96
2010-07-01,31.67,32.24,31.67,32.24,13100,31.90
2010-06-30,32.24,32.24,32.06,32.06,1100,31.73
2010-06-29,32.15,32.15,31.79,31.79,9800,31.46
2010-06-28,32.75,32.97,32.64,32.64,1400,32.30
2010-06-25,33.46,33.83,33.42,33.76,2500,32.72
2010-06-24,33.93,33.94,33.49,33.75,30300,32.71
2010-06-23,33.79,34.20,33.79,34.20,800,33.15
2010-06-22,34.16,34.16,33.88,33.88,1600,32.84
2010-06-21,34.63,34.63,34.20,34.20,500,33.15
2010-06-18,34.47,34.47,34.31,34.38,3900,33.32
2010-06-17,34.35,34.36,34.33,34.36,500,33.30
2010-06-16,34.31,34.31,34.15,34.15,100500,33.10
2010-06-15,34.16,34.88,34.14,34.88,11200,33.80
2010-06-14,33.70,33.72,33.66,33.66,600,32.62
2010-06-11,33.06,33.07,33.06,33.07,300,32.05
2010-06-10,32.80,32.91,32.69,32.91,6700,31.90
2010-06-09,32.00,32.00,32.00,32.00,400,31.01
2010-06-08,31.68,31.68,31.68,31.68,200,30.70
2010-06-07,32.07,32.07,31.62,31.72,7100,30.74
2010-06-04,32.78,32.78,31.93,31.93,2900,30.95
2010-06-03,33.79,33.79,33.38,33.43,2000,32.40
2010-06-02,33.15,33.48,33.14,33.48,900,32.45
2010-06-01,33.15,33.15,33.03,33.03,1100,32.01
2010-05-28,33.29,33.29,32.70,32.80,1100,31.79
2010-05-27,32.55,33.05,32.40,33.05,2000,32.03
2010-05-26,31.77,31.78,31.46,31.47,4300,30.50
2010-05-25,31.03,31.49,30.92,31.49,3200,30.52
2010-05-24,32.28,32.50,32.28,32.50,1800,31.50
2010-05-21,31.95,32.72,31.43,32.72,41100,31.71
2010-05-20,32.12,32.44,30.98,32.25,4800,31.26
2010-05-19,33.14,33.54,33.12,33.54,6500,32.51
2010-05-18,33.96,33.97,33.05,33.05,13200,32.03
2010-05-17,34.01,34.10,33.40,34.10,8900,33.05
2010-05-14,34.07,34.40,34.07,34.40,1400,33.34
2010-05-13,35.33,35.75,35.33,35.33,5900,34.24
2010-05-12,35.80,35.80,35.71,35.72,2600,34.62
2010-05-11,35.09,35.09,34.81,34.86,2400,33.79
2010-05-10,33.98,38.11,33.98,35.25,29500,34.16
2010-05-07,33.38,33.50,32.31,32.98,45300,31.96
2010-05-06,35.28,35.28,32.97,33.19,8200,32.17
2010-05-05,35.68,36.10,35.37,35.82,11100,34.72
2010-05-04,37.00,37.00,36.54,36.88,15000,35.74
2010-05-03,37.90,38.13,37.78,38.13,5200,36.95
2010-04-30,38.13,38.18,37.66,37.73,7700,36.57
2010-04-29,37.57,38.01,37.57,38.00,4000,36.83
2010-04-28,37.54,37.56,36.56,37.16,5100,36.01
2010-04-27,38.64,38.77,37.95,37.96,1500,36.79
2010-04-26,39.38,39.38,39.27,39.33,800,38.12
2010-04-23,38.63,39.24,38.63,39.24,2100,38.03
2010-04-22,38.46,38.73,38.41,38.73,7600,37.54
2010-04-21,39.08,39.10,38.98,38.99,1100,37.79
2010-04-20,38.99,39.05,38.99,39.05,1000,37.85
2010-04-19,38.51,38.75,38.50,38.73,2300,37.54
2010-04-16,39.08,39.26,38.87,39.06,5300,37.86
2010-04-15,39.33,39.69,39.33,39.68,2300,38.46
2010-04-14,39.50,39.69,39.49,39.69,1700,38.47
2010-04-13,39.16,39.16,39.16,39.16,200,37.95
2010-04-12,39.12,39.49,39.12,39.17,2700,37.96
2010-04-09,38.45,39.00,38.45,38.89,2700,37.69
2010-04-08,38.34,38.75,38.34,38.72,2700,37.53
2010-04-07,38.30,38.30,38.30,38.30,100,37.12
2010-04-06,37.91,38.48,37.91,38.48,1900,37.29
2010-04-05,38.39,38.39,38.26,38.32,1000,37.14
2010-04-01,37.70,38.31,37.70,38.31,4400,37.13
2010-03-31,37.27,37.57,37.27,37.51,2400,36.35
2010-03-30,37.60,37.60,37.29,37.39,1200,36.24
2010-03-29,37.13,37.30,37.13,37.21,1000,36.06
2010-03-26,37.26,37.35,37.26,37.34,1200,36.10
2010-03-25,36.93,37.25,36.78,36.78,700,35.56
2010-03-24,36.83,36.88,36.69,36.69,1100,35.47
2010-03-23,36.84,37.22,36.84,37.22,4000,35.98
2010-03-22,36.39,37.29,36.11,37.24,8000,36.00
2010-03-19,37.09,37.09,36.88,36.95,2200,35.72
2010-03-18,37.49,37.51,37.29,37.51,800,36.26
2010-03-17,37.65,37.79,37.50,37.64,1100,36.39
2010-03-16,37.26,37.44,37.19,37.44,1200,36.19
2010-03-15,37.08,37.08,36.67,36.88,3400,35.65
2010-03-12,37.07,37.22,37.07,37.21,700,35.97
2010-03-11,36.53,36.79,36.46,36.79,3300,35.57
2010-03-10,36.31,36.47,35.46,36.47,1900,35.26
2010-03-09,36.01,36.42,35.39,36.21,2800,35.01
2010-03-08,36.69,36.69,36.37,36.60,1300,35.38
2010-03-05,36.16,36.41,36.16,36.41,2900,35.20
2010-03-04,35.99,36.00,35.74,35.80,700,34.61
2010-03-03,35.55,35.84,35.46,35.55,9200,34.37
2010-03-02,35.19,35.50,35.13,35.42,7800,34.24
2010-03-01,35.00,35.09,34.80,35.00,39300,33.84
2010-02-26,34.97,35.38,34.97,35.26,2700,34.09
2010-02-25,34.63,35.07,34.63,35.07,2800,33.90
2010-02-24,35.16,35.59,35.16,35.24,4400,34.07
2010-02-23,35.41,35.41,35.41,35.41,100,34.23
2010-02-22,35.68,36.18,35.63,35.84,56000,34.65
2010-02-19,35.36,35.53,35.36,35.42,3400,34.24
2010-02-18,35.47,35.53,35.25,35.48,10400,34.30
2010-02-17,35.47,35.65,35.11,35.65,13200,34.46
2010-02-16,34.63,35.51,34.63,35.51,2500,34.33
2010-02-12,34.62,34.84,34.62,34.84,2400,33.68
2010-02-11,34.49,35.03,34.49,35.02,6100,33.85
2010-02-10,34.62,34.89,34.41,34.49,2000,33.34
2010-02-09,34.51,35.46,34.39,35.25,5600,34.08
2010-02-08,33.95,34.15,33.77,34.12,6800,32.98
2010-02-05,34.72,34.95,33.70,34.29,10800,33.15
2010-02-04,35.76,35.81,34.66,35.46,6300,34.28
2010-02-03,36.75,36.87,36.68,36.87,7600,35.64
2010-02-02,36.76,37.20,36.66,36.94,5000,35.71
2010-02-01,36.26,36.59,35.99,36.04,34700,34.84
2010-01-29,36.27,36.40,35.67,35.67,2100,34.48
2010-01-28,36.86,37.15,36.29,36.45,7700,35.24
2010-01-27,36.56,36.75,36.00,36.75,2500,35.53
2010-01-26,36.48,36.79,36.38,36.38,1000,35.17
2010-01-25,37.03,37.10,36.75,36.79,5100,35.57
2010-01-22,36.79,38.28,36.10,36.35,5200,35.14
2010-01-21,37.74,37.74,37.06,37.09,3000,35.86
2010-01-20,38.11,38.11,37.00,37.78,3800,36.52
2010-01-19,38.54,38.69,38.39,38.69,2400,37.40
2010-01-15,38.14,38.64,38.14,38.56,1200,37.28
2010-01-14,38.57,38.73,38.57,38.73,4200,37.44
2010-01-13,38.27,38.69,38.27,38.68,2400,37.39
2010-01-12,38.49,38.60,38.25,38.60,8400,37.32
2010-01-11,38.80,38.93,38.69,38.93,7600,37.63
2010-01-08,38.38,38.46,38.00,38.46,8000,37.18
2010-01-07,37.65,38.10,37.42,38.08,13200,36.81
2010-01-06,37.43,38.12,37.43,37.81,13400,36.55
2010-01-05,37.57,37.80,37.57,37.57,4700,36.32
2010-01-04,37.25,37.86,37.25,37.40,4200,36.16
2009-12-31,36.80,36.80,36.49,36.50,600,35.29
2009-12-30,36.37,36.80,36.37,36.80,1300,35.58
2009-12-29,37.19,37.19,36.57,36.69,3100,35.47
2009-12-28,36.38,36.57,36.38,36.57,3700,35.35
2009-12-24,36.87,36.87,36.45,36.45,900,35.24
2009-12-23,35.78,36.39,35.78,36.36,4400,35.15
2009-12-22,35.71,36.06,35.65,36.04,8200,34.84
2009-12-21,35.50,36.09,35.18,35.89,35800,34.70
2009-12-18,35.78,36.03,35.64,36.00,8800,34.65
2009-12-17,35.90,36.10,35.39,35.99,8100,34.64
2009-12-16,36.83,36.83,36.32,36.32,15200,34.96
2009-12-15,36.08,36.28,36.04,36.28,3000,34.92
2009-12-14,36.59,36.65,36.36,36.65,7200,35.27
2009-12-11,36.65,36.72,36.02,36.35,30100,34.98
2009-12-10,36.61,36.75,36.35,36.37,7100,35.00
2009-12-09,36.61,36.62,35.86,36.62,4600,35.24
2009-12-08,37.04,37.04,36.41,36.63,4100,35.25
2009-12-07,37.57,37.73,37.20,37.51,24800,36.10
2009-12-04,38.15,38.31,37.41,37.56,11400,36.15
2009-12-03,38.47,38.50,38.02,38.09,3100,36.66
2009-12-02,38.09,38.53,37.99,38.38,1900,36.94
2009-12-01,37.55,38.15,37.55,37.99,24100,36.56
2009-11-30,36.99,37.08,36.59,37.00,3300,35.61
2009-11-27,36.28,37.42,36.28,37.35,5900,35.95
2009-11-25,38.39,38.39,38.09,38.38,3800,36.94
2009-11-24,37.82,38.27,37.82,38.27,5000,36.83
2009-11-23,38.01,38.28,37.79,38.03,7200,36.60
2009-11-20,37.53,37.71,35.90,37.61,4900,36.20
2009-11-19,38.21,38.87,38.03,38.19,2900,36.76
2009-11-18,39.00,39.03,38.72,39.02,3600,37.55
2009-11-17,38.95,39.17,38.62,39.14,19100,37.67
2009-11-16,38.64,39.48,38.64,39.21,8200,37.74
2009-11-13,37.97,38.25,37.78,38.12,2400,36.69
2009-11-12,38.37,38.45,37.67,37.67,16800,36.25
2009-11-11,39.48,39.48,38.20,38.30,4100,36.86
2009-11-10,38.23,38.34,37.78,38.20,7400,36.76
2009-11-09,38.20,39.54,38.10,38.48,22800,37.03
2009-11-06,37.34,39.18,37.23,37.45,4000,36.04
2009-11-05,36.98,37.45,36.81,37.40,5900,35.99
2009-11-04,36.40,36.66,36.38,36.66,4000,35.28
2009-11-03,35.54,35.85,35.41,35.73,4700,34.39
2009-11-02,35.99,36.58,34.93,36.01,26200,34.66
2009-10-30,36.72,36.72,35.25,35.42,7000,34.09
2009-10-29,36.46,37.25,35.30,37.01,18200,35.62
2009-10-28,36.75,36.75,35.67,35.88,14700,34.53
2009-10-27,37.54,37.56,37.07,37.28,9000,35.88
2009-10-26,38.42,38.42,37.43,37.80,4500,36.38
2009-10-23,39.07,39.07,38.00,38.71,11900,37.26
2009-10-22,39.09,39.52,38.98,39.18,6200,37.71
2009-10-21,38.68,39.41,38.68,39.07,9400,37.60
2009-10-20,39.29,39.29,38.76,38.93,8100,37.47
2009-10-19,39.13,39.54,38.90,39.20,12000,37.73
2009-10-16,39.04,39.18,38.60,38.92,10400,37.46
2009-10-15,38.88,39.36,38.86,39.28,48200,37.80
2009-10-14,38.44,38.87,38.35,38.64,16700,37.19
2009-10-13,38.70,38.70,37.60,37.76,3100,36.34
2009-10-12,37.79,38.13,37.72,37.91,19400,36.49
2009-10-09,37.61,38.40,37.31,37.52,4400,36.11
2009-10-08,37.31,38.31,37.25,37.68,6700,36.26
2009-10-07,36.84,37.19,36.73,36.98,3000,35.59
2009-10-06,36.42,37.05,36.42,36.91,4800,35.52
2009-10-05,35.26,36.14,35.25,36.10,4500,34.74
2009-10-02,35.34,35.65,35.31,35.65,7000,34.31
2009-10-01,36.51,36.51,36.01,36.02,5000,34.67
2009-09-30,37.47,37.47,36.84,36.84,5300,35.46
2009-09-29,36.69,37.27,36.69,37.10,3800,35.71
2009-09-28,36.60,37.04,36.60,36.96,11900,35.57
2009-09-25,36.50,36.71,36.50,36.54,4000,35.17
2009-09-24,37.52,37.52,36.76,36.90,7100,35.51
2009-09-23,38.21,38.21,37.58,37.58,10700,36.17
2009-09-22,37.92,37.97,37.70,37.87,5700,36.45
2009-09-21,37.56,38.82,37.02,37.25,18300,35.85
2009-09-18,38.22,38.64,37.88,38.23,30200,36.59
2009-09-17,38.05,38.57,37.99,38.30,47900,36.65
2009-09-16,37.65,38.07,37.65,38.02,4800,36.39
2009-09-15,37.29,37.48,36.95,37.45,9900,35.84
2009-09-14,36.75,37.15,36.50,37.00,10800,35.41
2009-09-11,37.18,37.55,37.01,37.02,24300,35.43
2009-09-10,36.61,36.90,36.44,36.80,12200,35.22
2009-09-09,36.39,36.62,36.31,36.59,28700,35.02
2009-09-08,36.00,36.14,35.73,36.09,15000,34.54
2009-09-04,34.07,34.67,34.07,34.26,14200,32.79
2009-09-03,33.79,34.10,33.44,33.88,35500,32.42
2009-09-02,33.28,33.64,33.04,33.40,21200,31.97
2009-09-01,34.32,34.68,33.87,34.00,13100,32.54
2009-08-31,34.76,35.07,34.76,34.93,2300,33.43
2009-08-28,35.14,35.41,35.05,35.05,9500,33.54
2009-08-27,34.50,34.74,34.17,34.74,4200,33.25
2009-08-26,34.66,34.88,34.39,34.88,2200,33.38
2009-08-25,34.94,34.98,34.65,34.67,4100,33.18
2009-08-24,34.75,34.98,34.46,34.48,17200,33.00
2009-08-21,33.80,34.32,33.80,34.25,6300,32.78
2009-08-20,33.01,33.59,32.94,33.49,30800,32.05
2009-08-19,32.61,32.91,32.61,32.66,2700,31.26
2009-08-18,32.25,32.79,32.25,32.74,900,31.33
2009-08-17,32.27,32.60,31.84,32.13,6600,30.75
2009-08-14,33.32,33.45,32.94,33.22,20200,31.79
2009-08-13,33.19,33.38,33.04,33.18,5600,31.75
2009-08-12,32.08,32.76,32.08,32.59,2900,31.19
2009-08-11,32.34,32.34,32.07,32.12,4600,30.74
2009-08-10,32.50,32.68,32.33,32.49,1400,31.09
2009-08-07,32.73,32.82,32.40,32.48,2500,31.08
2009-08-06,32.84,32.92,32.46,32.79,5200,31.38
2009-08-05,32.64,32.79,32.59,32.79,2000,31.38
2009-08-04,32.35,32.73,32.29,32.40,1900,31.01
2009-08-03,31.92,32.79,31.92,32.28,4900,30.89
2009-07-31,30.93,31.21,30.93,31.00,800,29.67
2009-07-30,30.14,30.75,30.14,30.55,600,29.24
2009-07-29,29.95,29.95,29.57,29.57,1300,28.30
2009-07-28,29.99,29.99,29.75,29.95,7300,28.66
2009-07-27,29.89,30.45,29.89,30.45,1600,29.14
2009-07-24,29.97,30.11,29.97,30.11,1200,28.82
2009-07-23,29.73,30.24,29.70,30.06,13500,28.77
2009-07-22,29.59,29.77,29.25,29.69,3300,28.41
2009-07-21,29.51,29.51,29.02,29.02,6600,27.77
2009-07-20,28.83,29.05,28.83,28.94,1500,27.70
2009-07-17,28.61,28.83,28.44,28.83,7100,27.59
2009-07-16,28.92,28.92,28.64,28.64,1100,27.41
2009-07-15,28.70,28.88,28.53,28.55,4700,27.32
2009-07-14,27.96,27.96,27.96,27.96,300,26.76
2009-07-13,27.36,27.36,27.36,27.36,200,26.18
2009-07-10,26.96,27.21,26.96,27.21,400,26.04
2009-07-09,27.46,27.46,27.15,27.15,1100,25.98
2009-07-08,27.45,27.52,26.79,26.80,3700,25.65
2009-07-07,27.41,27.85,27.41,27.85,23200,26.65
2009-07-06,26.22,28.17,26.22,27.94,1300,26.74
2009-07-02,28.76,28.76,28.28,28.42,9000,27.20
2009-07-01,28.77,28.77,28.77,28.77,000,27.53
2009-06-30,28.48,28.85,28.48,28.77,1200,27.53
2009-06-29,29.00,29.18,28.85,29.16,2100,27.91
2009-06-26,28.91,28.91,28.88,28.88,500,27.64
2009-06-25,28.15,28.65,28.15,28.33,1100,27.11
2009-06-24,27.26,28.09,27.26,28.09,2200,26.88
2009-06-23,27.75,28.12,27.75,28.08,1900,26.87
2009-06-22,28.39,28.39,27.41,27.41,8600,26.23
2009-06-19,29.39,29.39,29.39,29.39,000,27.45
2009-06-18,29.24,29.63,29.24,29.39,3000,27.45
2009-06-17,29.33,29.53,29.10,29.53,3500,27.58
2009-06-16,30.22,30.32,30.09,30.09,1300,28.10
2009-06-15,30.64,30.64,29.98,29.98,3200,28.00
2009-06-12,31.16,31.26,30.98,30.99,1300,28.94
2009-06-11,31.06,31.54,31.06,31.52,1600,29.43
2009-06-10,31.41,31.41,30.82,30.98,9100,28.93
2009-06-09,30.61,31.02,30.61,31.02,3500,28.97
2009-06-08,30.28,30.60,30.28,30.60,2000,28.58
2009-06-05,30.88,30.88,30.82,30.82,500,28.78
2009-06-04,30.96,31.31,30.89,31.08,3600,29.02
2009-06-03,31.39,31.39,30.74,30.74,1600,28.71
2009-06-02,31.31,32.03,31.31,31.98,9300,29.86
2009-06-01,31.25,31.41,31.09,31.09,2000,29.03
2009-05-29,30.13,30.36,30.13,30.25,1100,28.25
2009-05-28,30.15,30.17,29.85,30.15,4500,28.15
2009-05-27,30.32,30.32,29.90,29.90,1200,27.92
2009-05-26,29.57,29.89,29.37,29.89,1700,27.91
2009-05-22,30.07,30.28,30.07,30.28,600,28.28
2009-05-21,29.91,29.91,29.79,29.79,9400,27.82
2009-05-20,30.00,30.32,30.00,30.32,600,28.31
2009-05-19,29.10,29.82,29.10,29.82,11500,27.85
2009-05-18,28.58,28.79,28.58,28.68,500,26.78
2009-05-15,28.19,28.64,27.94,27.94,2700,26.09
2009-05-14,27.93,27.93,27.77,27.77,500,25.93
2009-05-13,28.14,28.14,27.56,27.56,1300,25.74
2009-05-12,28.75,28.77,28.59,28.70,2300,26.80
2009-05-11,29.46,29.46,29.46,29.46,000,27.51
2009-05-08,29.26,29.46,29.20,29.46,900,27.51
2009-05-07,29.47,29.47,28.80,28.80,4600,26.89
2009-05-06,28.80,29.12,28.80,29.00,3200,27.08
2009-05-05,28.63,28.63,28.28,28.55,1000,26.66
2009-05-04,27.90,28.72,27.56,28.56,6700,26.67
2009-05-01,27.17,27.44,27.13,27.44,10300,25.62
2009-04-30,27.24,27.24,26.93,26.93,1200,25.15
2009-04-29,26.42,27.12,26.42,26.79,23300,25.02
2009-04-28,25.45,26.00,25.45,25.94,5800,24.22
2009-04-27,25.85,26.33,25.85,26.00,5400,24.28
2009-04-24,26.47,26.47,26.20,26.20,200,24.47
2009-04-23,25.63,25.78,25.39,25.78,2000,24.07
2009-04-22,25.27,25.27,25.25,25.25,300,23.58
2009-04-21,24.63,25.07,24.63,24.76,4900,23.12
2009-04-20,25.00,25.45,24.32,24.32,1500,22.71
2009-04-17,25.63,25.77,25.30,25.77,1400,24.06
2009-04-16,25.59,25.62,25.30,25.62,1200,23.92
2009-04-15,23.59,25.47,23.59,25.47,3600,23.78
2009-04-14,24.97,25.04,24.80,24.84,5400,23.20
2009-04-13,24.59,24.91,24.59,24.84,1500,23.20
2009-04-09,24.43,24.67,24.34,24.65,12000,23.02
2009-04-08,24.23,24.27,23.78,23.83,4000,22.25
2009-04-07,24.16,24.16,24.16,24.16,500,22.56
2009-04-06,24.27,24.27,24.27,24.27,300,22.66
2009-04-03,24.61,24.93,24.59,24.59,1000,22.96
2009-04-02,24.00,24.00,24.00,24.00,100,22.41
2009-04-01,22.26,23.02,21.23,22.77,3000,21.26
2009-03-31,22.52,22.52,22.37,22.37,2400,20.89
2009-03-30,22.09,22.11,21.66,21.76,5800,20.32
2009-03-27,22.62,22.62,22.34,22.40,300,20.92
2009-03-26,23.01,23.17,22.83,23.07,2200,21.54
2009-03-25,22.64,22.92,22.50,22.50,6100,21.01
2009-03-24,22.81,22.93,22.60,22.64,1900,21.14
2009-03-23,22.14,22.83,19.73,22.83,4500,21.32
2009-03-20,22.19,22.26,21.80,21.83,1500,20.07
2009-03-19,22.73,22.73,22.29,22.29,2500,20.49
2009-03-18,21.47,22.32,21.47,22.32,7700,20.52
2009-03-17,21.39,21.63,21.39,21.63,700,19.89
2009-03-16,21.61,21.61,21.29,21.29,900,19.57
2009-03-13,21.15,21.39,20.98,21.10,14300,19.40
2009-03-12,20.82,20.82,20.46,20.50,2100,18.85
2009-03-11,20.56,20.82,20.52,20.52,1800,18.87
2009-03-10,20.09,20.48,19.85,20.33,4900,18.69
2009-03-09,19.53,19.76,19.53,19.59,42800,18.01
2009-03-06,20.29,20.29,20.10,20.16,600,18.54
2009-03-05,20.81,20.81,20.31,20.31,2200,18.67
2009-03-04,20.75,20.95,20.75,20.95,2400,19.26
2009-03-03,20.55,20.92,19.50,20.37,1900,18.73
2009-03-02,21.35,21.35,20.40,20.40,5200,18.76
2009-02-27,21.50,21.60,21.50,21.60,1500,19.86
2009-02-26,21.85,21.91,21.79,21.79,900,20.03
2009-02-25,21.39,21.48,21.39,21.48,400,19.75
2009-02-24,21.30,21.78,21.25,21.78,3700,20.02
2009-02-23,22.00,22.29,21.33,21.35,5300,19.63
2009-02-20,21.68,22.48,21.68,21.93,2600,20.16
2009-02-19,22.56,22.92,22.56,22.92,900,21.07
2009-02-18,22.14,22.59,22.14,22.23,800,20.44
2009-02-17,22.61,22.67,22.29,22.29,5000,20.49
2009-02-13,24.06,24.49,23.82,24.19,5500,22.24
2009-02-12,23.87,23.87,23.50,23.79,300,21.87
2009-02-11,23.71,23.73,23.71,23.73,3600,21.82
2009-02-10,24.59,24.59,23.69,23.82,3900,21.90
2009-02-09,24.65,24.77,24.27,24.64,1600,22.65
2009-02-06,23.45,24.29,23.45,23.86,1300,21.94
2009-02-05,23.15,23.32,23.15,23.32,500,21.44
2009-02-04,23.00,23.21,22.80,22.80,3800,20.96
2009-02-03,22.72,22.72,22.18,22.63,3400,20.81
2009-02-02,21.97,22.33,21.97,22.33,2500,20.53
2009-01-30,23.06,23.06,22.83,22.83,600,20.99
2009-01-29,22.82,22.92,22.82,22.92,3600,21.07
2009-01-28,22.79,23.64,22.79,23.60,9900,21.70
2009-01-27,22.84,22.84,22.55,22.59,3600,20.77
2009-01-26,22.15,22.39,22.15,22.39,1000,20.59
2009-01-23,21.48,21.89,21.48,21.77,1600,20.02
2009-01-22,22.72,22.72,22.42,22.42,600,20.61
2009-01-21,22.37,22.86,22.13,22.86,1800,21.02
2009-01-20,22.73,22.73,21.72,21.72,7100,19.97
2009-01-16,24.10,24.29,23.80,24.02,21900,22.08
2009-01-15,23.84,24.42,23.84,24.42,3500,22.45
2009-01-14,23.73,24.13,23.73,24.13,1100,22.19
2009-01-13,24.81,24.84,24.30,24.32,6600,22.36
2009-01-12,25.31,25.35,25.08,25.16,4800,23.13
2009-01-09,26.19,26.42,25.69,25.69,1600,23.62
2009-01-08,26.16,26.40,26.16,26.39,1000,24.26
2009-01-07,26.30,26.43,25.86,26.41,8000,24.28
2009-01-06,25.89,26.31,25.62,26.30,2600,24.18
2009-01-05,25.69,25.79,25.52,25.52,2200,23.46
2009-01-02,25.43,25.80,25.43,25.80,2600,23.72
2008-12-31,24.80,25.25,24.77,25.25,2700,23.22
2008-12-30,25.11,25.53,24.87,24.88,6800,22.87
2008-12-29,24.83,25.34,24.58,25.06,12200,23.04
2008-12-26,25.04,25.12,24.49,24.81,6100,22.81
2008-12-24,24.38,24.61,24.29,24.58,2800,22.60
2008-12-23,24.39,25.00,24.08,24.20,49100,22.25
2008-12-22,25.90,26.15,25.68,26.15,5700,24.04
2008-12-19,27.21,27.30,26.67,27.00,4700,24.34
2008-12-18,27.94,28.00,27.80,28.00,1000,25.24
2008-12-17,27.50,28.29,27.50,28.29,7400,25.50
2008-12-16,27.11,28.38,27.05,28.33,1700,25.54
2008-12-15,27.13,27.14,26.87,27.06,1900,24.39
2008-12-12,26.43,26.82,26.43,26.82,2100,24.18
2008-12-11,27.06,27.10,27.06,27.10,800,24.43
2008-12-10,26.51,26.75,26.50,26.75,700,24.12
2008-12-09,25.31,26.62,25.31,26.00,5500,23.44
2008-12-08,25.68,26.09,25.51,25.57,3500,23.05
2008-12-05,24.52,25.75,24.25,25.11,4600,22.64
2008-12-04,24.87,24.87,24.87,24.87,200,22.42
2008-12-03,25.13,25.26,24.33,25.26,2900,22.77
2008-12-02,25.18,25.30,24.52,24.53,1300,22.11
2008-12-01,25.10,25.14,24.24,24.24,2000,21.85
2008-11-28,25.75,25.75,25.75,25.75,000,23.21
2008-11-26,25.41,25.75,25.24,25.75,900,23.21
2008-11-25,25.89,25.89,25.01,25.24,1600,22.75
2008-11-24,24.82,24.84,24.73,24.83,900,22.38
2008-11-21,24.32,24.85,23.43,24.81,7500,22.37
2008-11-20,24.73,24.73,23.29,23.29,1600,21.00
2008-11-19,25.04,25.57,25.04,25.20,500,22.72
2008-11-18,26.38,26.38,26.38,26.38,500,23.78
2008-11-17,26.29,26.46,26.29,26.46,1200,23.85
2008-11-14,26.79,27.11,26.79,27.11,500,24.44
2008-11-13,26.92,28.13,26.04,28.13,4600,25.36
2008-11-12,27.30,27.32,26.59,26.63,2000,24.01
2008-11-11,28.45,28.53,27.99,28.53,2700,25.72
2008-11-10,29.74,29.84,28.87,29.02,11300,26.16
2008-11-07,29.68,29.88,29.10,29.16,3200,26.29
2008-11-06,29.80,30.16,28.46,28.89,4700,26.04
2008-11-05,30.47,30.95,30.45,30.62,3300,27.60
2008-11-04,30.66,30.91,30.36,30.81,32700,27.78
2008-11-03,29.50,29.54,29.43,29.43,1300,26.53
2008-10-31,28.90,29.37,28.48,29.10,1100,26.23
2008-10-30,29.20,29.20,29.20,29.20,300,26.32
2008-10-29,27.26,28.09,27.25,28.08,6900,25.31
2008-10-28,26.42,26.97,26.09,26.97,1400,24.31
2008-10-27,25.50,25.95,25.50,25.53,1000,23.02
2008-10-24,27.30,27.63,27.11,27.11,1400,24.44
2008-10-23,29.05,29.34,28.23,28.23,2000,25.45
2008-10-22,30.48,30.48,29.75,29.75,11700,26.82
2008-10-21,31.47,31.63,31.10,31.10,2300,28.04
2008-10-20,31.48,31.76,31.35,31.75,12700,28.62
2008-10-17,31.11,31.98,30.84,31.56,1900,28.45
2008-10-16,31.97,33.17,31.75,32.85,4000,29.61
2008-10-15,32.84,32.84,32.84,32.84,200,29.61
2008-10-14,35.10,35.10,33.96,34.00,10200,30.65
2008-10-13,33.43,34.78,33.13,34.78,1700,31.35
2008-10-10,31.35,32.25,30.49,31.82,30200,28.69
2008-10-09,34.20,34.20,31.94,31.94,3800,28.79
2008-10-08,34.51,34.74,33.37,33.65,8400,30.34
2008-10-07,36.00,36.00,34.00,34.00,13400,30.65
2008-10-06,36.91,36.96,35.24,36.11,21500,32.55
2008-10-03,38.95,39.69,38.19,38.45,24500,34.66
2008-10-02,39.90,39.90,39.02,39.02,3000,35.18
2008-10-01,39.91,40.30,39.51,39.99,18200,36.05
2008-09-30,39.66,40.35,39.61,40.33,96400,36.36
2008-09-29,40.97,40.97,38.26,38.31,13700,34.54
2008-09-26,43.00,43.19,40.78,43.10,10700,38.85
2008-09-25,44.10,44.24,43.94,44.01,2800,39.67
2008-09-24,44.24,44.24,43.91,43.91,7800,39.58
2008-09-23,44.92,45.04,43.90,44.07,11400,39.73
2008-09-22,45.85,46.11,45.41,45.41,2600,40.94
2008-09-19,46.25,46.67,45.66,46.31,19800,41.75
2008-09-18,43.13,44.69,42.37,44.69,12200,40.29
2008-09-17,43.40,43.50,42.02,42.44,8500,38.26
2008-09-16,42.71,43.64,42.71,43.64,4300,39.34
2008-09-15,44.03,44.06,43.78,44.06,2300,39.72
2008-09-12,45.00,45.40,44.99,45.40,1800,40.93
2008-09-11,44.31,44.88,44.08,44.88,2400,40.46
2008-09-10,45.66,45.66,45.27,45.52,4100,41.04
2008-09-09,46.14,46.14,45.21,45.21,1900,40.76
2008-09-08,47.15,49.06,46.10,46.52,3500,41.94
2008-09-05,46.10,46.21,45.99,46.21,2000,41.66
2008-09-04,47.45,47.45,46.38,46.38,2500,41.81
2008-09-03,47.70,47.70,47.63,47.63,800,42.94
2008-09-02,48.10,48.48,47.71,47.77,10500,43.06
2008-08-29,48.11,48.18,47.90,47.90,3100,43.18
2008-08-28,47.98,50.00,47.88,48.09,6400,43.35
2008-08-27,47.30,47.53,47.30,47.53,400,42.85
2008-08-26,47.22,47.23,47.18,47.18,4200,42.53
2008-08-25,47.41,47.41,46.94,47.04,56000,42.41
2008-08-22,47.75,47.90,47.52,47.52,1700,42.84
2008-08-21,47.13,47.49,47.11,47.49,3100,42.81
2008-08-20,47.00,47.00,46.62,46.85,2700,42.24
2008-08-19,47.42,47.42,47.17,47.18,1000,42.53
2008-08-18,48.75,48.75,47.56,47.81,55400,43.10
2008-08-15,48.38,48.50,48.36,48.36,10500,43.60
2008-08-14,48.64,48.89,48.33,48.54,7600,43.76
2008-08-13,49.28,49.28,48.96,49.12,5700,44.28
2008-08-12,50.36,50.36,50.00,50.00,1300,45.07
2008-08-11,50.24,50.56,50.24,50.24,3800,45.29
2008-08-08,49.72,50.28,49.72,50.17,1700,45.23
2008-08-07,50.47,50.47,49.75,49.75,1100,44.85
2008-08-06,50.11,50.63,50.11,50.63,1600,45.64
2008-08-05,49.57,50.18,49.42,50.18,6600,45.24
2008-08-04,48.99,48.99,48.76,48.76,2400,43.96
2008-08-01,49.04,49.04,48.75,48.75,2300,43.95
2008-07-31,49.04,49.04,48.45,48.45,6700,43.68
2008-07-30,48.91,49.18,48.79,49.18,15300,44.34
2008-07-29,48.30,48.67,48.11,48.67,6500,43.88
2008-07-28,48.76,48.76,48.57,48.57,1100,43.79
2008-07-25,49.28,49.34,49.06,49.34,1200,44.48
2008-07-24,50.00,50.00,49.36,49.36,3900,44.50
2008-07-23,50.76,50.96,50.56,50.56,4200,45.58
2008-07-22,49.64,50.16,49.52,50.16,3700,45.22
2008-07-21,50.35,50.58,50.35,50.42,700,45.45
2008-07-18,49.17,49.45,49.17,49.24,800,44.39
2008-07-17,48.30,48.58,48.22,48.43,1100,43.66
2008-07-16,45.77,46.85,45.77,46.85,2600,42.24
2008-07-15,45.62,46.41,45.62,46.05,3100,41.51
2008-07-14,47.02,47.02,46.85,46.87,500,42.25
2008-07-11,47.03,47.37,46.82,47.37,1500,42.70
2008-07-10,47.47,47.49,47.29,47.29,2400,42.63
2008-07-09,47.89,47.89,47.34,47.34,600,42.68
2008-07-08,46.57,47.18,46.36,47.01,3600,42.38
2008-07-07,47.24,47.54,46.71,46.92,5600,42.30
2008-07-03,48.15,48.15,47.95,47.98,1300,43.25
2008-07-02,49.04,49.12,48.22,48.22,10600,43.47
2008-07-01,49.48,49.87,49.33,49.72,3300,44.82
2008-06-30,51.00,51.09,50.87,50.87,1500,45.86
2008-06-27,51.50,51.50,51.47,51.47,1800,46.40
2008-06-26,52.25,52.25,51.51,51.56,7700,46.48
2008-06-25,52.45,53.07,52.45,52.94,24900,47.73
2008-06-24,52.16,52.25,51.79,51.99,2900,46.87
2008-06-23,52.84,53.43,52.79,52.84,4000,47.64
2008-06-20,53.92,53.92,53.51,53.56,4300,48.28
2008-06-19,54.09,54.30,53.92,54.28,1800,48.93
2008-06-18,54.44,54.76,54.44,54.70,6400,49.31
2008-06-17,55.50,55.50,55.36,55.36,1800,49.91
2008-06-16,55.09,55.35,55.08,55.18,2100,49.74
2008-06-13,54.72,54.72,54.49,54.49,400,49.12
2008-06-12,54.49,54.58,54.19,54.19,3600,48.85
2008-06-11,55.15,55.15,54.61,54.72,3000,49.33
2008-06-10,55.45,55.69,55.31,55.47,3700,50.01
2008-06-09,56.91,56.94,56.36,56.36,1800,50.81
2008-06-06,57.61,57.61,57.05,57.06,5400,51.44
2008-06-05,57.28,57.91,57.28,57.89,1500,52.19
2008-06-04,56.88,56.88,56.63,56.63,1000,51.05
2008-06-03,57.18,57.30,57.00,57.00,2100,51.39
2008-06-02,57.38,57.47,56.94,57.17,4000,51.54
2008-05-30,57.93,57.99,57.81,57.86,900,52.16
2008-05-29,57.77,58.19,57.77,58.03,800,52.31
2008-05-28,58.25,58.31,57.87,58.30,2800,52.56
2008-05-27,58.31,58.36,57.90,58.25,3000,52.51
2008-05-23,58.85,58.85,58.75,58.75,2800,52.96
2008-05-22,59.08,59.16,58.87,58.96,8700,53.15
2008-05-21,59.11,59.20,58.38,58.38,4000,52.63
2008-05-20,59.22,59.22,58.99,59.08,5100,53.26
2008-05-19,59.40,59.40,58.93,58.96,4000,53.15
2008-05-16,59.04,59.24,58.94,59.24,900,53.40
2008-05-15,58.41,58.77,58.41,58.64,2500,52.86
2008-05-14,58.44,58.54,58.08,58.12,5600,52.40
2008-05-13,58.48,58.70,58.48,58.55,2600,52.78
2008-05-12,58.70,59.22,58.70,59.22,2300,53.39
2008-05-09,58.45,58.45,58.25,58.36,1200,52.61
2008-05-08,58.70,58.82,58.70,58.73,4100,52.95
2008-05-07,58.57,58.67,58.20,58.20,8100,52.47
2008-05-06,58.78,59.19,58.70,59.19,3500,53.36
2008-05-05,58.32,60.76,58.32,58.50,2800,52.74
2008-05-02,58.42,58.63,58.17,58.35,3500,52.60
2008-05-01,57.81,58.38,57.81,58.38,300,52.63
2008-04-30,58.06,58.23,57.85,57.85,1800,52.15
2008-04-29,57.79,57.79,57.62,57.74,1800,52.05
2008-04-28,58.13,58.46,58.09,58.41,5500,52.66
2008-04-25,57.72,57.91,57.56,57.91,7800,52.21
2008-04-24,57.47,57.70,57.24,57.58,1200,51.91
2008-04-23,57.86,58.00,57.67,57.97,1700,52.26
2008-04-22,58.53,58.61,58.14,58.25,2000,52.51
2008-04-21,58.43,58.61,58.30,58.61,2600,52.84
2008-04-18,58.27,59.31,58.27,58.45,12300,52.69
2008-04-17,58.13,58.61,58.02,58.40,1700,52.65
2008-04-16,58.19,58.50,58.19,58.50,1800,52.74
2008-04-15,57.68,57.68,57.35,57.55,3800,51.88
2008-04-14,57.70,57.72,57.56,57.59,3900,51.92
2008-04-11,57.69,57.84,57.16,57.16,1900,51.53
2008-04-10,58.17,58.17,57.94,57.94,1800,52.23
2008-04-09,58.44,58.44,58.32,58.32,700,52.58
2008-04-08,58.29,58.45,58.25,58.42,1500,52.67
2008-04-07,59.53,59.65,58.61,59.09,25800,53.27
2008-04-04,59.04,59.88,58.87,59.23,16100,53.40
2008-04-03,58.62,59.36,58.51,59.36,4400,53.51
2008-04-02,59.01,59.50,59.01,59.27,2400,53.43
2008-04-01,58.56,59.50,58.47,59.50,15000,53.64
2008-03-31,57.88,58.31,57.88,58.27,2200,52.53
2008-03-28,57.76,57.84,57.36,57.36,1600,51.71
2008-03-27,57.95,58.22,57.42,57.44,3300,51.78
2008-03-26,56.72,57.21,56.72,57.08,3500,51.46
2008-03-25,56.34,56.89,56.34,56.87,600,51.27
2008-03-24,56.01,56.87,56.01,56.46,6400,50.90
2008-03-20,54.74,55.47,54.67,55.47,8000,50.01
2008-03-19,56.06,56.13,54.70,54.70,9000,49.31
2008-03-18,56.53,57.22,56.50,57.09,4000,51.47
2008-03-17,55.46,56.66,55.27,56.29,35500,50.75
2008-03-14,57.80,57.80,56.50,57.06,29100,51.44
2008-03-13,56.96,57.71,56.96,57.65,6100,51.97
2008-03-12,57.38,57.71,57.27,57.27,12100,51.63
2008-03-11,56.67,56.92,54.96,56.92,24500,51.31
2008-03-10,56.33,56.33,55.47,55.50,6700,50.03
2008-03-07,56.83,56.86,56.28,56.28,5700,50.74
2008-03-06,57.79,57.79,57.00,57.00,3800,51.39
2008-03-05,57.26,57.79,57.00,57.36,6200,51.71
2008-03-04,56.95,56.95,56.56,56.93,1600,51.32
2008-03-03,57.21,57.38,56.88,57.23,7100,51.59
2008-02-29,57.75,57.75,56.99,56.99,2700,51.38
2008-02-28,58.21,58.43,58.00,58.22,6900,52.49
2008-02-27,58.45,58.66,58.28,58.28,7000,52.54
2008-02-26,57.49,58.47,57.17,58.19,20700,52.46
2008-02-25,56.80,57.32,56.66,57.32,11400,51.67
2008-02-22,56.50,56.60,55.73,56.60,12600,51.02
2008-02-21,56.27,56.51,55.89,55.90,3600,50.39
2008-02-20,55.14,56.36,55.14,56.07,18200,50.55
2008-02-19,56.07,56.34,55.54,55.54,9400,50.07
2008-02-15,54.93,55.45,54.93,55.41,9000,49.95
2008-02-14,55.70,55.70,55.29,55.29,5800,49.84
2008-02-13,54.81,55.55,54.81,55.37,8600,49.92
2008-02-12,54.27,55.14,54.27,54.40,14500,49.04
2008-02-11,53.24,53.54,52.95,53.52,21200,48.25
2008-02-08,53.39,53.39,52.69,53.06,26200,47.83
2008-02-07,53.67,54.13,53.35,53.55,35900,48.28
2008-02-06,54.57,55.71,54.00,54.00,12200,48.68
2008-02-05,55.52,55.52,54.32,54.32,13800,48.97
2008-02-04,56.61,56.74,56.29,56.56,19400,50.99
2008-02-01,55.64,56.28,55.64,56.26,6000,50.72
2008-01-31,54.02,55.59,54.02,55.51,15300,50.04
2008-01-30,54.50,56.25,53.79,55.14,28400,49.71
2008-01-29,54.55,54.66,54.19,54.54,6500,49.17
2008-01-28,52.89,53.61,52.89,53.61,7200,48.33
2008-01-25,54.00,54.00,52.45,52.57,9300,47.39
2008-01-24,52.64,53.33,52.31,53.33,4400,48.08
2008-01-23,50.26,52.52,49.64,52.29,20000,47.14
2008-01-22,50.73,52.57,49.66,52.57,41900,47.39
2008-01-18,53.61,53.68,52.93,53.17,24700,47.93
2008-01-17,54.34,54.49,52.63,52.78,29400,47.58
2008-01-16,54.54,54.64,53.17,53.76,75200,48.46
2008-01-15,56.08,56.08,55.00,55.00,17600,49.58
2008-01-14,55.95,56.70,55.95,56.67,15900,51.09
2008-01-11,55.73,55.83,55.19,55.39,12000,49.93
2008-01-10,55.59,56.57,55.55,56.57,18000,51.00
2008-01-09,56.41,56.59,55.79,56.59,9600,51.02
2008-01-08,58.02,58.11,56.95,56.95,16400,51.34
2008-01-07,57.99,57.99,56.92,57.49,10600,51.83
2008-01-04,59.04,59.08,58.20,58.24,11800,52.50
2008-01-03,59.72,59.89,59.54,59.54,8800,53.68
2008-01-02,60.24,60.44,59.74,59.88,11900,53.98
2007-12-31,60.12,60.16,58.75,59.14,50300,53.31
2007-12-28,59.95,60.25,59.13,60.12,11100,54.20
2007-12-27,59.53,59.61,59.12,59.12,7800,53.30
2007-12-26,58.77,59.18,58.77,59.07,14500,53.25
2007-12-24,57.84,59.06,54.13,58.98,9700,53.17
2007-12-21,58.80,58.80,58.36,58.70,3500,52.92
2007-12-20,58.36,58.45,57.97,58.18,11600,52.45
2007-12-19,58.71,58.71,57.93,58.21,22500,52.48
2007-12-18,59.56,59.56,58.25,58.81,28000,53.02
2007-12-17,60.89,61.57,58.00,58.26,89700,52.52
2007-12-14,65.31,65.34,64.06,64.35,65900,54.21
2007-12-13,66.19,69.00,65.10,67.75,40000,57.07
2007-12-12,66.91,67.05,66.46,66.71,9200,56.20
2007-12-11,66.98,67.18,65.57,65.57,3500,55.24
2007-12-10,66.79,67.05,66.79,66.89,7000,56.35
2007-12-07,66.36,66.57,66.23,66.41,15600,55.95
2007-12-06,65.65,66.46,65.65,66.43,9600,55.96
2007-12-05,65.76,66.01,65.67,65.85,8400,55.47
2007-12-04,66.04,66.18,65.85,65.91,9700,55.52
2007-12-03,66.85,66.87,66.63,66.63,3100,56.13
2007-11-30,64.56,67.18,64.56,66.79,6500,56.27
2007-11-29,66.33,66.85,66.33,66.55,3500,56.06
2007-11-28,65.86,67.08,65.71,67.02,17100,56.46
2007-11-27,65.00,65.64,65.00,65.64,6000,55.30
2007-11-26,65.97,66.10,64.47,64.47,35300,54.31
2007-11-23,65.87,65.87,65.87,65.87,100,55.49
2007-11-21,64.75,65.18,64.14,64.69,12300,54.50
2007-11-20,65.99,66.39,65.52,66.10,11300,55.68
2007-11-19,69.00,69.00,65.58,65.67,31900,55.32
2007-11-16,66.01,68.51,66.01,68.34,13600,57.57
2007-11-15,68.50,68.64,66.46,67.63,22700,56.97
2007-11-14,69.89,69.89,68.97,68.97,6900,58.10
2007-11-13,69.05,69.79,66.01,69.79,6200,58.79
2007-11-12,68.88,69.05,66.98,68.38,6000,57.60
2007-11-09,70.43,70.58,69.75,69.75,5200,58.76
2007-11-08,71.31,71.58,46.54,71.50,11500,60.23
2007-11-07,71.81,71.87,70.63,70.87,7600,59.70
2007-11-06,71.94,72.39,71.94,72.39,9700,60.98
2007-11-05,71.62,71.69,71.17,71.56,6200,60.28
2007-11-02,71.78,72.91,71.54,72.88,7900,61.40
2007-11-01,72.38,72.52,71.06,71.78,10600,60.47
2007-10-31,72.87,73.47,72.82,73.47,1900,61.89
2007-10-30,72.23,72.45,72.11,72.15,5400,60.78
2007-10-29,72.35,72.50,72.10,72.50,2600,61.08
2007-10-26,71.94,72.42,71.92,72.41,3200,61.00
2007-10-25,71.77,71.91,71.41,71.70,6600,60.40
2007-10-24,71.27,71.27,70.72,70.76,1000,59.61
2007-10-23,71.34,71.66,69.35,71.56,5100,60.28
2007-10-22,69.94,70.26,68.98,70.00,10600,58.97
2007-10-19,71.58,71.58,70.63,70.63,12400,59.50
2007-10-18,71.86,72.14,71.61,72.02,2700,60.67
2007-10-17,71.76,72.04,71.42,71.44,4200,60.18
2007-10-16,71.17,71.17,70.71,70.71,11800,59.57
2007-10-15,72.08,72.08,71.38,71.58,4500,60.30
2007-10-12,71.76,71.79,71.57,71.66,4500,60.37
2007-10-11,71.14,72.36,71.14,71.56,16800,60.28
2007-10-10,71.70,71.70,70.94,71.14,30400,59.93
2007-10-09,70.79,71.28,70.79,71.27,25900,60.04
2007-10-08,70.96,70.96,70.64,70.81,5900,59.65
2007-10-05,70.71,71.19,70.71,70.92,8600,59.74
2007-10-04,70.15,70.80,70.15,70.80,30100,59.64
2007-10-03,70.11,70.17,69.82,69.82,7900,58.82
2007-10-02,69.96,70.00,69.00,69.77,60000,58.78
2007-10-01,69.30,69.73,69.00,69.49,36500,58.54
2007-09-28,69.00,69.39,68.89,69.32,12400,58.40
2007-09-27,68.77,69.17,68.74,69.16,21900,58.26
2007-09-26,68.19,68.31,68.00,68.14,11200,57.40
2007-09-25,67.98,68.29,67.98,68.27,8000,57.51
2007-09-24,69.11,69.11,68.69,68.70,8900,57.87
2007-09-21,69.31,69.34,68.89,69.05,46500,58.17
2007-09-20,68.66,68.86,68.54,68.55,33400,57.75
2007-09-19,68.76,68.96,67.91,68.55,22100,57.75
2007-09-18,67.21,68.88,67.12,68.79,26000,57.95
2007-09-17,67.52,67.65,66.72,67.01,22700,56.45
2007-09-14,68.49,68.68,68.43,68.58,5600,57.77
2007-09-13,69.64,69.76,69.37,69.44,13500,58.50
2007-09-12,69.60,69.96,69.50,69.70,3100,58.72
2007-09-11,69.47,70.00,69.47,69.71,7400,58.73
2007-09-10,69.41,69.41,68.58,69.17,16400,58.27
2007-09-07,69.74,69.89,69.27,69.38,21700,58.45
2007-09-06,69.94,70.28,69.82,70.05,9900,59.01
2007-09-05,69.99,70.25,69.76,69.91,11600,58.89
2007-09-04,70.01,70.86,69.99,70.75,10500,59.60
2007-08-31,69.75,70.28,69.74,70.04,51300,59.00
2007-08-30,68.65,69.30,68.61,68.78,24100,57.94
2007-08-29,68.14,69.47,68.00,69.47,37800,58.52
2007-08-28,68.52,68.55,66.84,67.01,18200,56.45
2007-08-27,69.17,69.17,68.86,68.88,15800,58.03
2007-08-24,68.34,69.30,68.30,69.30,13600,58.38
2007-08-23,68.13,68.25,67.50,67.85,17500,57.16
2007-08-22,66.87,67.51,66.84,67.39,15300,56.77
2007-08-21,65.93,66.00,65.39,65.54,8900,55.21
2007-08-20,66.43,66.43,65.44,66.29,15400,55.84
2007-08-17,66.47,66.47,65.25,66.10,20800,55.68
2007-08-16,65.35,65.55,62.28,65.25,90500,54.97
2007-08-15,67.00,67.45,65.93,65.93,18200,55.54
2007-08-14,69.22,69.22,67.90,67.90,25400,57.20
2007-08-13,69.23,69.36,68.69,68.85,9500,58.00
2007-08-10,68.00,68.73,64.29,68.54,31200,57.74
2007-08-09,70.11,70.45,69.41,69.44,25700,58.50
2007-08-08,72.05,72.32,71.62,72.26,6600,60.87
2007-08-07,71.01,71.83,71.00,71.73,10000,60.43
2007-08-06,71.25,71.95,70.65,71.75,24600,60.44
2007-08-03,71.81,72.09,70.80,70.80,34900,59.64
2007-08-02,72.10,72.48,71.90,72.48,8300,61.06
2007-08-01,71.94,72.37,71.26,72.37,34500,60.97
2007-07-31,72.72,73.14,71.80,71.81,17700,60.49
2007-07-30,71.85,72.50,71.61,72.40,31600,60.99
2007-07-27,71.62,71.80,70.80,70.80,23900,59.64
2007-07-26,72.90,72.90,71.06,71.79,37300,60.48
2007-07-25,74.36,74.40,73.45,74.12,12800,62.44
2007-07-24,75.35,75.36,74.01,74.15,22900,62.47
2007-07-23,75.80,75.91,75.51,75.51,17000,63.61
2007-07-20,76.19,76.28,75.68,75.80,17500,63.86
2007-07-19,76.20,76.41,75.99,75.99,12800,64.02
2007-07-18,75.71,76.12,75.49,76.11,13800,64.12
2007-07-17,75.96,76.06,75.69,75.76,7100,63.82
2007-07-16,75.80,76.05,75.74,75.81,13500,63.86
2007-07-13,75.86,76.14,75.77,76.03,14000,64.05
2007-07-12,75.33,76.19,75.33,76.14,7000,64.14
2007-07-11,74.96,75.14,74.92,75.07,15000,63.24
2007-07-10,74.73,74.95,74.09,74.09,23300,62.42
2007-07-09,74.74,74.98,74.69,74.85,9100,63.06
2007-07-06,74.37,74.56,74.21,74.45,57600,62.72
2007-07-05,74.59,74.66,74.17,74.58,22900,62.83
2007-07-03,74.05,74.48,73.99,74.48,6100,62.74
2007-07-02,73.43,73.70,72.44,73.55,47100,61.96
2007-06-29,73.15,73.20,72.37,72.71,18100,61.25
2007-06-28,72.97,73.32,72.87,72.93,14100,61.44
2007-06-27,71.95,72.71,71.95,72.71,13700,61.25
2007-06-26,72.86,72.90,72.32,72.43,11700,61.02
2007-06-25,72.35,72.84,71.93,72.10,44400,60.74
2007-06-22,73.06,73.18,72.23,72.33,121500,60.93
2007-06-21,72.80,73.13,72.56,73.08,36900,61.56
2007-06-20,74.03,74.03,72.62,72.62,72500,61.18
2007-06-19,73.57,73.85,73.48,73.73,36100,62.11
2007-06-18,73.81,73.91,73.57,73.63,28200,62.03
2007-06-15,73.69,74.19,73.61,74.02,76900,62.36
2007-06-14,72.54,73.24,72.48,73.06,94400,61.55
2007-06-13,72.15,72.69,71.88,72.64,81700,61.19
2007-06-12,72.63,73.07,71.97,71.97,63700,60.63
2007-06-11,72.46,73.10,72.42,72.73,46000,61.27
2007-06-08,72.11,73.17,71.98,73.16,83800,61.63
2007-06-07,74.00,74.00,72.02,72.02,118700,60.67
2007-06-06,75.15,75.26,74.27,74.53,51000,62.79
2007-06-05,76.08,76.10,75.61,75.92,9600,63.96
2007-06-04,76.05,76.39,76.00,76.38,49400,64.34
2007-06-01,75.84,75.99,75.80,75.95,24700,63.98
2007-05-31,75.52,75.73,75.42,75.67,19800,63.75
2007-05-30,74.47,75.25,74.42,75.23,37300,63.38
2007-05-29,75.40,75.47,74.76,75.00,18200,63.18
2007-05-25,75.00,75.35,74.99,75.35,32300,63.48
2007-05-24,75.41,75.63,74.79,74.80,34600,63.01
2007-05-23,75.83,75.95,75.50,75.50,77700,63.60
2007-05-22,75.49,75.50,75.29,75.29,10900,63.43
2007-05-21,75.11,75.33,75.00,75.05,45700,63.22
2007-05-18,74.85,75.42,74.82,75.42,32400,63.54
2007-05-17,74.80,74.97,74.69,74.94,7400,63.13
2007-05-16,74.89,75.11,74.74,75.11,19000,63.27
2007-05-15,74.55,75.18,74.45,74.45,30400,62.72
2007-05-14,74.49,74.50,73.99,74.17,37800,62.48
2007-05-11,73.85,74.52,73.85,74.45,29800,62.72
2007-05-10,74.75,74.79,73.60,73.63,81900,62.03
2007-05-09,74.20,74.78,74.10,74.78,103800,63.00
2007-05-08,74.75,74.89,74.46,74.89,23400,63.09
2007-05-07,75.43,75.50,75.35,75.40,40600,63.52
2007-05-04,75.00,75.19,74.89,75.12,13900,63.28
2007-05-03,74.50,74.50,74.21,74.46,31300,62.73
2007-05-02,74.10,74.66,74.06,74.55,50800,62.80
2007-05-01,74.25,74.25,73.79,74.00,15700,62.34
2007-04-30,74.00,74.46,73.71,73.76,42300,62.14
2007-04-27,73.68,73.91,73.52,73.81,19100,62.18
2007-04-26,73.58,74.11,73.48,73.81,50600,62.18
2007-04-25,73.79,74.22,73.72,74.19,37600,62.50
2007-04-24,73.47,73.60,73.32,73.51,29200,61.93
2007-04-23,73.68,73.89,73.52,73.52,22500,61.93
2007-04-20,73.58,73.73,73.49,73.70,26300,62.09
2007-04-19,73.10,73.47,72.97,73.16,33500,61.63
2007-04-18,73.56,74.08,73.48,73.91,18800,62.26
2007-04-17,73.94,73.99,73.65,73.83,37300,62.20
2007-04-16,73.60,74.09,73.60,73.92,29800,62.27
2007-04-13,72.98,73.34,72.80,73.34,23300,61.78
2007-04-12,72.05,72.86,71.96,72.83,16400,61.35
2007-04-11,72.87,72.87,72.19,72.28,19800,60.89
2007-04-10,72.62,72.73,72.41,72.73,30000,61.27
2007-04-09,71.97,72.18,71.79,72.10,64900,60.74
2007-04-05,71.77,72.08,71.70,72.06,24600,60.70
2007-04-04,71.24,71.56,71.08,71.44,31400,60.18
2007-04-03,71.22,71.47,71.10,71.34,49900,60.10
2007-04-02,70.63,71.05,70.58,70.99,29600,59.80
2007-03-30,69.72,70.39,69.69,70.39,47100,59.30
2007-03-29,69.82,70.04,69.56,70.01,13700,58.98
2007-03-28,69.92,70.01,69.36,69.36,23500,58.43
2007-03-27,69.90,70.19,69.81,70.04,22100,59.00
2007-03-26,70.08,70.41,69.93,70.39,64900,59.30
2007-03-23,70.00,70.04,69.70,69.86,63000,58.85
2007-03-22,70.23,70.32,69.77,69.96,63100,58.94
2007-03-21,68.92,70.68,68.80,70.64,88100,59.51
2007-03-20,68.00,68.41,67.94,68.40,41300,57.62
2007-03-19,67.75,67.84,67.60,67.83,21500,57.14
2007-03-16,67.22,67.28,66.90,67.04,15200,56.48
2007-03-15,66.63,66.95,66.61,66.84,23000,56.31
2007-03-14,65.76,66.64,65.42,66.63,47000,56.13
2007-03-13,67.57,67.57,66.28,66.35,52900,55.89
2007-03-12,67.75,68.18,67.66,68.09,35700,57.36
2007-03-09,67.25,67.51,67.13,67.41,46400,56.79
2007-03-08,67.01,67.45,66.94,67.16,53200,56.58
2007-03-07,66.05,66.24,65.79,65.92,94000,55.53
2007-03-06,65.00,65.76,64.91,65.75,64500,55.39
2007-03-05,63.66,64.01,62.05,63.19,536100,53.23
2007-03-02,65.70,66.12,65.34,65.34,71400,55.04
2007-03-01,65.80,65.93,65.44,65.62,165300,55.28
2007-02-28,66.35,66.72,66.21,66.58,76600,56.09
2007-02-27,69.50,69.50,65.10,65.65,277500,55.30
2007-02-26,69.41,70.37,69.41,70.26,67200,59.19
2007-02-23,70.00,70.12,69.90,70.00,106300,58.97
2007-02-22,69.39,69.98,69.30,69.98,133000,58.95
2007-02-21,69.45,69.61,69.32,69.56,96600,58.60
2007-02-20,69.52,69.98,69.40,69.84,85700,58.83
2007-02-16,68.95,69.13,68.90,69.13,37100,58.24
2007-02-15,69.42,69.42,69.20,69.34,47800,58.41
2007-02-14,68.75,69.99,68.70,69.20,85500,58.30
2007-02-13,67.95,68.42,67.94,68.41,66300,57.63
2007-02-12,67.96,67.99,67.75,67.97,50200,57.26
2007-02-09,68.19,68.33,67.77,67.94,64900,57.23
2007-02-08,68.12,68.57,68.06,68.52,33000,57.72
2007-02-07,68.55,68.72,68.43,68.56,114200,57.76
2007-02-06,68.34,68.40,68.13,68.38,36700,57.60
2007-02-05,67.64,67.85,67.52,67.77,158800,57.09
2007-02-02,67.55,67.78,67.41,67.72,118100,57.05
2007-02-01,67.18,67.39,67.15,67.32,51300,56.71
2007-01-31,66.17,67.04,66.13,66.93,55000,56.38
2007-01-30,66.31,66.56,66.30,66.56,81900,56.07
2007-01-29,66.15,66.54,66.06,66.33,83900,55.88
2007-01-26,66.17,66.37,65.93,66.29,45300,55.84
2007-01-25,66.89,66.89,66.00,66.12,50600,55.70
2007-01-24,66.78,66.84,66.46,66.84,110400,56.31
2007-01-23,66.55,66.80,66.54,66.61,42300,56.11
2007-01-22,66.62,66.66,66.40,66.45,77500,55.98
2007-01-19,65.94,66.50,65.94,66.49,63100,56.01
2007-01-18,66.13,66.19,65.90,66.00,55300,55.60
2007-01-17,65.75,66.22,65.75,65.94,41900,55.55
2007-01-16,65.91,65.91,65.59,65.76,39900,55.40
2007-01-12,65.16,65.59,65.15,65.56,15000,55.23
2007-01-11,64.72,64.97,64.64,64.87,30000,54.65
2007-01-10,64.72,64.89,63.35,64.89,13800,54.66
2007-01-09,65.30,65.35,64.91,65.25,10200,54.97
2007-01-08,65.01,65.32,65.00,65.26,11400,54.98
2007-01-05,65.00,65.06,64.87,65.02,16100,54.77
2007-01-04,65.50,65.73,65.40,65.60,22200,55.26
2007-01-03,66.20,66.30,65.46,65.66,30000,55.31
2006-12-29,65.34,65.51,65.25,65.25,13400,54.97
2006-12-28,65.50,65.66,65.36,65.46,8600,55.14
2006-12-27,65.20,65.39,65.09,65.39,25300,55.09
2006-12-26,64.68,64.83,64.55,64.68,16800,54.49
2006-12-22,64.95,64.95,64.50,64.61,20600,54.43
2006-12-21,64.70,64.95,64.62,64.66,10700,54.47
2006-12-20,65.25,65.32,65.00,65.00,25200,54.76
2006-12-19,64.70,65.29,64.65,65.29,9200,55.00
2006-12-18,64.80,64.80,64.36,64.52,12100,54.35
2006-12-15,64.80,64.80,64.39,64.50,11200,54.34
2006-12-14,64.55,64.75,64.47,64.70,16600,54.50
2006-12-13,64.37,64.57,64.32,64.57,13400,54.40
2006-12-12,64.23,64.54,64.00,64.53,8500,54.36
2006-12-11,63.90,64.31,63.74,64.24,10000,54.12
2006-12-08,64.11,64.33,63.70,63.70,39300,53.66
2006-12-07,63.86,64.14,63.76,63.80,9600,53.75
2006-12-06,63.60,63.81,63.56,63.64,16000,53.61
2006-12-05,63.55,63.80,63.46,63.78,24000,53.73
2006-12-04,63.16,63.61,63.16,63.51,19600,53.50
2006-12-01,63.10,63.37,62.79,63.27,8600,53.30
2006-11-30,62.40,63.09,62.40,62.90,23500,52.99
2006-11-29,61.90,61.93,61.53,61.88,6400,52.13
2006-11-28,60.95,61.20,60.90,61.20,1300,51.56
2006-11-27,61.30,61.30,60.79,60.80,5800,51.22
2006-11-24,61.52,61.52,61.30,61.30,1500,51.64
2006-11-22,61.20,61.29,61.19,61.29,14200,51.63
2006-11-21,60.63,60.75,60.58,60.75,2500,51.18
2006-11-20,60.42,60.42,60.18,60.18,3900,50.70
2006-11-17,60.30,60.59,60.30,60.58,3400,51.03
2006-11-16,60.73,60.81,60.73,60.75,900,51.18
2006-11-15,60.42,60.71,60.42,60.60,9200,51.05
2006-11-14,60.78,60.80,60.63,60.67,2600,51.11
2006-11-13,60.20,60.29,60.12,60.15,4900,50.67
2006-11-10,60.28,60.45,60.28,60.42,5500,50.90
2006-11-09,60.02,60.33,59.93,59.93,5300,50.49
2006-11-08,59.65,60.20,59.65,60.12,3000,50.65
2006-11-07,59.85,59.98,59.66,59.66,2900,50.26
2006-11-06,59.06,59.42,59.06,59.42,1300,50.06
2006-11-03,58.78,58.93,58.72,58.81,6500,49.54
2006-11-02,59.01,59.03,58.94,59.03,1000,49.73
2006-11-01,59.30,59.33,58.75,58.84,5400,49.57
2006-10-31,58.99,58.99,58.86,58.86,2100,49.58
2006-10-30,58.33,58.51,58.33,58.42,1700,49.21
2006-10-27,58.53,58.58,58.24,58.24,11100,49.06
2006-10-26,58.55,59.01,58.53,59.01,3700,49.71
2006-10-25,57.90,58.27,57.90,58.27,800,49.09
2006-10-24,57.68,58.00,57.68,58.00,4900,48.86
2006-10-23,57.64,57.81,57.62,57.81,2200,48.70
2006-10-20,57.75,57.93,57.67,57.83,1700,48.72
2006-10-19,57.34,57.69,57.34,57.66,600,48.57
2006-10-18,57.20,57.20,57.12,57.18,3200,48.17
2006-10-17,57.06,57.08,56.88,57.08,6300,48.09
2006-10-16,57.25,57.33,57.09,57.29,4900,48.26
2006-10-13,56.96,57.14,56.92,57.06,5700,48.07
2006-10-12,56.83,57.16,56.74,57.16,33500,48.15
2006-10-11,56.23,56.56,56.23,56.42,700,47.53
2006-10-10,56.25,56.38,56.25,56.35,11200,47.47
2006-10-09,56.48,56.48,56.48,56.48,000,47.58
2006-10-06,56.40,56.48,56.30,56.48,900,47.58
2006-10-05,56.56,56.80,56.56,56.80,1500,47.85
2006-10-04,56.30,56.57,56.23,56.55,12100,47.64
2006-10-03,56.02,56.38,56.02,56.24,700,47.38
2006-10-02,56.47,56.50,56.23,56.23,3600,47.37
2006-09-29,55.85,55.89,55.85,55.89,500,47.08
2006-09-28,55.60,55.93,55.57,55.93,31300,47.12
2006-09-27,55.65,55.65,55.53,55.53,1200,46.78
2006-09-26,55.42,55.55,55.28,55.55,7700,46.80
2006-09-25,55.65,55.65,55.46,55.55,1300,46.80
2006-09-22,55.86,55.86,55.86,55.86,200,47.06
2006-09-21,55.76,55.76,55.49,55.49,32300,46.75
2006-09-20,55.33,55.33,55.29,55.29,2000,46.58
2006-09-19,55.05,55.05,54.71,54.91,12600,46.26
2006-09-18,54.88,55.04,54.88,54.89,13300,46.24
2006-09-15,54.88,54.88,54.86,54.88,1000,46.23
2006-09-14,54.94,54.96,54.88,54.90,1700,46.25
2006-09-13,54.28,54.51,54.28,54.50,1300,45.91
2006-09-12,54.14,54.44,54.14,54.37,6600,45.80
2006-09-11,53.82,53.90,53.82,53.87,5700,45.38
2006-09-08,53.92,54.09,53.89,54.09,16200,45.57
2006-09-07,54.04,54.17,54.04,54.17,10200,45.63
2006-09-06,54.95,54.95,54.75,54.75,1600,46.12
2006-09-05,55.22,55.39,55.15,55.39,19100,46.66
2006-09-01,55.12,55.12,55.12,55.12,200,46.43
2006-08-31,54.92,54.92,54.78,54.78,700,46.15
2006-08-30,54.90,54.95,54.56,54.82,47000,46.18
2006-08-29,54.62,54.90,54.28,54.90,2100,46.25
2006-08-28,54.34,54.64,54.34,54.49,9600,45.90
2006-08-25,54.35,54.38,54.23,54.38,1600,45.81
2006-08-24,54.51,54.51,54.12,54.23,11400,45.68
2006-08-23,55.20,55.20,54.40,54.53,109200,45.94
2006-08-22,55.50,55.70,55.50,55.57,400,46.81
2006-08-21,55.36,55.65,55.36,55.65,1400,46.88
2006-08-18,55.00,55.15,55.00,55.15,7500,46.46
2006-08-17,55.10,55.22,55.10,55.22,1900,46.52
2006-08-16,54.80,55.22,54.80,55.22,6100,46.52
2006-08-15,54.45,54.55,54.45,54.55,3200,45.95
2006-08-14,53.85,53.85,53.85,53.85,100,45.36
2006-08-11,53.88,53.88,53.88,53.88,000,45.39
2006-08-10,53.88,53.88,53.88,53.88,100,45.39
2006-08-09,54.30,54.30,54.20,54.20,1000,45.66
2006-08-08,54.32,54.32,54.32,54.32,200,45.76
2006-08-07,54.14,54.45,54.14,54.45,400,45.87
2006-08-04,54.31,54.50,54.31,54.36,1800,45.79
2006-08-03,53.55,53.55,53.55,53.55,300,45.11
2006-08-02,54.05,54.05,54.00,54.00,200,45.49
2006-08-01,53.53,53.63,53.53,53.63,500,45.18
2006-07-31,53.69,53.69,53.66,53.66,300,45.20
2006-07-28,53.39,53.39,53.39,53.39,200,44.98
2006-07-27,52.99,52.99,52.99,52.99,3000,44.64
2006-07-26,52.36,52.37,52.36,52.37,1000,44.12
2006-07-25,51.95,51.95,51.95,51.95,000,43.76
2006-07-24,51.95,51.95,51.95,51.95,000,43.76
2006-07-21,51.95,51.95,51.95,51.95,100,43.76
2006-07-20,51.91,51.91,51.91,51.91,300,43.73
2006-07-19,51.24,51.24,51.24,51.24,100,43.17
2006-07-18,51.63,51.63,51.63,51.63,000,43.49
2006-07-17,51.63,51.63,51.63,51.63,000,43.49
2006-07-14,51.63,51.63,51.63,51.63,600,43.49
2006-07-13,52.52,52.52,52.18,52.18,5100,43.96
2006-07-12,53.08,53.08,52.82,52.82,400,44.50
2006-07-11,53.00,53.00,53.00,53.00,000,44.65
2006-07-10,53.00,53.00,53.00,53.00,1200,44.65
2006-07-07,53.47,53.47,53.41,53.41,500,44.99
2006-07-06,53.02,53.02,53.02,53.02,000,44.67
2006-07-05,53.02,53.02,53.02,53.02,100,44.67
2006-07-03,53.29,53.43,53.29,53.43,1600,45.01
2006-06-30,53.07,53.07,53.07,53.07,300,44.71
2006-06-29,50.95,50.95,50.95,50.95,000,42.92
2006-06-28,50.95,50.95,50.95,50.95,500,42.92
2006-06-27,50.99,50.99,50.93,50.93,200,42.90
2006-06-26,50.96,50.96,50.96,50.96,100,42.93
2006-06-23,50.76,50.76,50.76,50.76,000,42.76
2006-06-22,50.82,50.91,50.76,50.76,1700,42.76
2006-06-21,50.86,50.86,50.86,50.86,100,42.85
2006-06-20,50.89,50.89,50.76,50.76,500,42.76
2006-06-19,51.01,51.01,51.01,51.01,100,42.97
2006-06-16,50.86,50.94,50.78,50.87,4000,42.85