2011-05-10,43.26,43.49,43.26,43.48,49700,43.48
2011-05-09,43.02,43.24,42.89,43.15,22000,43.15
2011-05-06,43.27,43.57,43.02,43.16,32600,43.16
2011-05-05,42.73,42.93,42.38,42.62,28100,42.62
2011-05-04,43.16,43.18,42.65,42.77,179000,42.77
2011-05-03,43.31,43.31,42.83,43.16,54000,43.16
2011-05-02,43.16,43.37,43.03,43.05,58000,43.05
2011-04-29,42.99,43.14,42.93,43.04,23000,43.04
2011-04-28,42.56,42.96,42.56,42.96,46100,42.96
2011-04-27,41.74,41.86,41.42,41.77,27900,41.77
2011-04-26,41.62,42.06,41.62,42.03,65500,42.03
2011-04-25,41.61,41.72,41.52,41.71,68300,41.71
2011-04-21,41.94,41.94,41.66,41.72,71200,41.72
2011-04-20,41.73,41.93,41.71,41.91,45200,41.91
2011-04-19,41.44,41.64,41.30,41.61,83300,41.61
2011-04-18,41.21,41.37,40.96,41.35,63600,41.35
2011-04-15,41.32,41.54,41.27,41.41,29300,41.41
2011-04-14,41.18,41.44,41.06,41.38,64400,41.38
2011-04-13,40.68,40.77,40.50,40.67,50800,40.67
2011-04-12,40.19,40.52,40.17,40.43,118700,40.43
2011-04-11,40.62,40.76,40.35,40.42,68600,40.42
2011-04-08,40.39,40.56,40.34,40.44,66600,40.44
2011-04-07,39.99,40.04,39.34,39.63,216300,39.63
2011-04-06,40.23,40.27,40.10,40.22,100000,40.22
2011-04-05,40.80,40.95,40.58,40.70,187700,40.70
2011-04-04,42.02,42.02,41.71,41.76,316000,41.76
2011-04-01,42.37,42.59,42.05,42.50,130100,42.50
2011-03-31,43.21,43.23,42.90,43.08,108700,43.08
2011-03-30,43.29,43.56,43.14,43.45,124100,43.45
2011-03-29,42.31,42.66,42.14,42.66,57300,42.66
2011-03-28,42.61,42.81,42.41,42.42,137300,42.42
2011-03-25,42.75,42.92,42.41,42.47,286900,42.47
2011-03-24,42.84,43.50,42.84,43.42,122600,43.42
2011-03-23,42.78,43.23,42.51,43.03,276900,43.03
2011-03-22,42.92,43.03,42.35,43.03,402900,43.03
2011-03-21,42.17,42.93,42.10,42.86,915200,42.86
2011-03-18,40.63,41.58,40.53,41.55,405400,41.55
2011-03-17,39.81,40.48,39.40,39.96,477200,39.96
2011-03-16,38.85,38.85,37.06,37.86,736500,37.86
2011-03-15,36.53,39.45,35.75,39.19,946800,39.19
2011-03-14,39.15,40.03,38.86,39.79,475400,39.79
2011-03-11,43.23,43.37,43.00,43.22,101800,43.22
2011-03-10,44.44,44.44,44.00,44.06,50600,44.06
2011-03-09,45.07,45.16,44.84,45.15,19200,45.15
2011-03-08,45.06,45.33,44.76,45.18,132000,45.18
2011-03-07,45.60,45.64,45.01,45.06,19300,45.06
2011-03-04,45.72,45.74,45.35,45.63,41400,45.63
2011-03-03,45.88,46.18,45.85,46.14,11800,46.14
2011-03-02,45.60,45.84,45.50,45.63,19400,45.63
2011-03-01,46.43,46.43,45.86,45.99,22000,45.99
2011-02-28,46.36,46.46,46.20,46.32,42000,46.32
2011-02-25,45.38,45.64,45.38,45.63,29200,45.63
2011-02-24,45.09,45.13,44.75,45.00,29600,45.00
2011-02-23,45.24,45.49,45.04,45.44,50800,45.44
2011-02-22,45.43,45.68,45.00,45.06,66400,45.06
2011-02-18,46.10,46.18,45.87,46.12,58600,46.12
2011-02-17,45.94,46.10,45.87,46.10,20900,46.10
2011-02-16,45.46,45.83,45.46,45.80,18600,45.80
2011-02-15,45.65,45.65,45.34,45.36,37200,45.36
2011-02-14,45.67,45.80,45.57,45.80,25900,45.80
2011-02-11,45.44,45.63,45.32,45.43,108000,45.43
2011-02-10,45.53,45.69,45.35,45.59,16500,45.59
2011-02-09,45.24,45.78,45.24,45.73,25500,45.73
2011-02-08,45.95,45.97,45.72,45.81,27700,45.81
2011-02-07,45.78,45.98,45.77,45.95,30300,45.95
2011-02-04,45.73,45.98,45.45,45.77,60100,45.77
2011-02-03,45.44,45.75,45.12,45.73,114900,45.73
2011-02-02,45.35,45.44,45.24,45.44,16000,45.44
2011-02-01,44.78,45.39,44.78,45.12,14700,45.12
2011-01-31,44.31,44.56,44.30,44.38,17100,44.38
2011-01-28,44.73,44.75,44.08,44.15,14800,44.15
2011-01-27,44.68,44.86,44.59,44.86,8000,44.86
2011-01-26,44.88,45.04,44.83,44.95,5400,44.95
2011-01-25,44.78,44.88,44.63,44.79,21700,44.79
2011-01-24,44.25,44.60,44.25,44.54,4600,44.54
2011-01-21,44.38,44.38,44.11,44.23,10500,44.23
2011-01-20,44.90,44.95,44.54,44.81,20000,44.81
2011-01-19,45.51,45.51,45.15,45.16,15400,45.16
2011-01-18,45.06,45.33,45.06,45.25,23800,45.25
2011-01-14,44.99,45.11,44.97,45.08,12800,45.08
2011-01-13,45.15,45.32,44.95,44.98,66900,44.98
2011-01-12,44.74,45.17,44.63,45.04,22100,45.04
2011-01-11,44.61,44.90,44.61,44.90,214800,44.90
2011-01-10,43.99,44.20,43.88,44.17,20500,44.17
2011-01-07,44.20,44.29,44.05,44.28,17600,44.28
2011-01-06,44.50,44.50,44.05,44.11,24600,44.11
2011-01-05,44.07,44.55,43.98,44.42,72200,44.42
2011-01-04,44.42,44.45,44.26,44.45,31500,44.45
2011-01-03,44.09,44.57,44.09,44.51,35600,44.51
2010-12-31,44.01,44.26,43.96,44.20,26400,44.20
2010-12-30,44.00,44.00,43.65,43.81,11400,43.81
2010-12-29,43.92,44.10,43.86,44.07,10500,44.07
2010-12-28,43.54,43.56,43.21,43.34,7400,43.34
2010-12-27,42.78,43.07,42.78,43.07,7200,43.07
2010-12-23,42.97,43.03,42.89,42.98,11800,42.98
2010-12-22,43.05,43.05,42.87,42.95,61900,42.95
2010-12-21,43.48,43.55,43.32,43.53,6400,43.14
2010-12-20,43.46,43.50,43.29,43.48,7100,43.09
2010-12-17,43.51,43.67,43.21,43.67,15600,43.28
2010-12-16,43.30,43.56,43.19,43.49,6000,43.10
2010-12-15,43.52,43.58,43.21,43.40,9200,43.01
2010-12-14,43.29,43.69,43.28,43.39,49600,43.00
2010-12-13,43.00,43.21,42.86,42.97,17500,42.59
2010-12-10,42.40,42.40,42.20,42.20,10900,41.82
2010-12-09,42.52,42.52,42.08,42.32,13000,41.94
2010-12-08,42.11,42.34,41.99,42.34,15700,41.96
2010-12-07,42.40,42.50,41.97,42.07,28200,41.70
2010-12-06,41.87,42.40,41.87,42.30,14700,41.92
2010-12-03,41.55,41.78,41.55,41.68,17600,41.31
2010-12-02,41.07,41.64,41.07,41.64,23600,41.27
2010-12-01,40.69,41.10,40.69,41.07,25300,40.70
2010-11-30,40.14,40.47,40.14,40.39,4200,40.03
2010-11-29,40.49,40.64,40.21,40.64,8600,40.28
2010-11-26,40.77,40.77,40.63,40.63,2600,40.27
2010-11-24,40.75,41.00,40.75,41.00,12200,40.63
2010-11-23,40.42,40.50,40.20,40.26,36600,39.90
2010-11-22,40.95,41.13,40.79,41.00,7000,40.63
2010-11-19,40.81,41.02,40.67,40.97,14000,40.60
2010-11-18,40.98,41.14,40.96,41.04,9300,40.67
2010-11-17,39.88,40.08,39.88,39.95,7000,39.59
2010-11-16,39.76,39.79,39.29,39.38,9800,39.03
2010-11-15,40.25,40.39,40.14,40.15,5200,39.79
2010-11-12,40.35,40.45,40.01,40.25,12200,39.89
2010-11-11,40.17,40.35,40.07,40.26,8700,39.90
2010-11-10,40.46,40.62,40.10,40.50,33800,40.14
2010-11-09,40.86,41.01,40.35,40.37,22400,40.01
2010-11-08,40.57,40.76,40.49,40.55,7500,40.19
2010-11-05,40.67,40.76,40.46,40.60,17000,40.24
2010-11-04,40.01,40.47,40.01,40.39,9200,40.03
2010-11-03,39.47,39.62,39.23,39.62,10500,39.27
2010-11-02,39.45,39.75,39.45,39.58,8200,39.23
2010-11-01,39.66,39.68,39.26,39.31,9800,38.96
2010-10-29,39.72,39.82,39.67,39.76,45400,39.41
2010-10-28,39.57,39.71,39.50,39.70,16600,39.35
2010-10-27,39.80,39.80,39.45,39.64,25000,39.29
2010-10-26,39.68,39.97,39.68,39.94,19900,39.58
2010-10-25,40.31,40.50,40.22,40.22,7700,39.86
2010-10-22,40.12,40.29,40.11,40.24,4300,39.88
2010-10-21,40.14,40.39,39.89,40.06,19200,39.70
2010-10-20,40.05,40.60,40.05,40.50,8300,40.14
2010-10-19,40.34,40.50,40.01,40.03,10800,39.67
2010-10-18,40.49,40.72,40.49,40.69,37000,40.33
2010-10-15,40.25,40.41,40.00,40.26,9200,39.90
2010-10-14,40.53,40.75,40.35,40.55,59700,40.19
2010-10-13,40.21,40.60,40.21,40.43,8500,40.07
2010-10-12,40.27,40.27,40.02,40.25,7300,39.89
2010-10-11,41.04,41.20,41.04,41.06,8000,40.69
2010-10-08,40.77,41.13,40.77,41.13,6200,40.76
2010-10-07,41.00,41.03,40.68,40.96,17200,40.59
2010-10-06,40.61,40.64,40.44,40.61,9300,40.25
2010-10-05,40.10,40.63,40.10,40.49,16800,40.13
2010-10-04,39.87,39.87,39.39,39.56,21400,39.21
2010-10-01,40.57,40.57,40.22,40.38,11400,40.02
2010-09-30,40.77,40.80,40.31,40.48,13800,40.12
2010-09-29,40.84,41.02,40.84,40.92,45700,40.56
2010-09-28,40.28,40.50,40.15,40.47,36100,40.11
2010-09-27,40.40,40.40,40.06,40.15,22600,39.79
2010-09-24,39.74,40.12,39.74,39.99,14700,39.63
2010-09-23,39.55,39.70,39.35,39.40,25900,39.05
2010-09-22,39.68,39.86,39.57,39.64,6800,39.29
2010-09-21,39.64,39.85,39.52,39.61,30000,39.26
2010-09-20,39.49,40.04,39.49,40.04,12600,39.68
2010-09-17,39.55,39.83,39.33,39.37,46100,38.97
2010-09-16,39.58,39.58,39.20,39.46,13200,39.06
2010-09-15,39.79,40.05,39.53,40.02,16300,39.61
2010-09-14,40.12,40.42,39.89,40.33,11100,39.92
2010-09-13,40.08,40.39,40.08,40.39,59600,39.98
2010-09-10,39.92,40.10,39.92,40.08,5000,39.67
2010-09-09,40.09,40.19,39.87,40.07,15600,39.66
2010-09-08,39.72,40.07,39.72,39.90,10600,39.49
2010-09-07,39.99,40.05,39.73,39.73,14500,39.32
2010-09-03,39.65,39.87,39.62,39.71,7000,39.31
2010-09-02,39.17,39.53,39.14,39.49,22400,39.09
2010-09-01,39.04,39.63,39.04,39.63,42300,39.23
2010-08-31,38.85,39.12,38.55,38.85,10500,38.45
2010-08-30,39.47,39.50,39.29,39.29,16000,38.89
2010-08-27,39.21,39.45,39.13,39.28,8600,38.88
2010-08-26,38.71,38.97,38.61,38.66,29900,38.27
2010-08-25,38.50,38.84,38.44,38.77,18900,38.37
2010-08-24,38.54,38.76,38.50,38.50,14300,38.11
2010-08-23,38.88,38.92,38.56,38.56,19300,38.17
2010-08-20,38.72,38.78,38.56,38.74,40800,38.34
2010-08-19,39.50,39.50,38.93,39.12,14700,38.72
2010-08-18,39.59,39.59,39.36,39.51,9300,39.11
2010-08-17,39.47,39.71,39.40,39.51,14700,39.11
2010-08-16,38.89,39.22,38.89,39.12,22600,38.72
2010-08-13,38.93,39.10,38.76,38.85,29600,38.45
2010-08-12,38.67,38.91,38.64,38.83,25100,38.43
2010-08-11,39.31,39.40,38.94,38.99,16900,38.59
2010-08-10,39.98,40.30,39.76,40.17,9500,39.76
2010-08-09,40.57,40.72,40.55,40.69,18900,40.28
2010-08-06,40.33,40.56,40.16,40.56,4800,40.15
2010-08-05,40.03,40.13,39.97,40.10,128600,39.69
2010-08-04,40.07,40.26,39.93,40.23,17500,39.82
2010-08-03,40.39,40.49,40.06,40.16,45600,39.75
2010-08-02,40.19,40.51,40.04,40.48,49600,40.07
2010-07-30,39.81,40.03,39.71,39.98,19300,39.57
2010-07-29,40.41,40.44,40.00,40.24,12600,39.83
2010-07-28,40.17,40.23,40.04,40.18,14400,39.77
2010-07-27,40.32,40.52,40.09,40.22,29300,39.81
2010-07-26,39.96,40.23,39.83,40.23,330800,39.82
2010-07-23,39.66,40.00,39.66,39.90,10100,39.49
2010-07-22,39.62,40.04,39.62,39.84,21700,39.43
2010-07-21,39.63,39.63,39.14,39.15,9800,38.75
2010-07-20,39.06,39.75,39.06,39.75,24400,39.34
2010-07-19,39.10,39.28,38.94,39.15,17400,38.75
2010-07-16,39.65,39.65,39.10,39.10,9300,38.70
2010-07-15,40.09,40.09,39.71,39.96,18100,39.55
2010-07-14,40.09,40.25,39.99,40.18,26500,39.77
2010-07-13,40.00,40.20,39.96,40.09,28200,39.68
2010-07-12,40.02,40.25,39.96,40.12,19600,39.71
2010-07-09,40.05,40.42,40.05,40.42,13700,40.01
2010-07-08,40.58,40.59,40.32,40.59,24400,40.18
2010-07-07,40.27,40.90,40.27,40.86,29300,40.44
2010-07-06,40.60,40.98,40.25,40.25,44400,39.84
2010-07-02,39.78,39.88,39.42,39.63,38100,39.23
2010-07-01,39.37,39.54,39.08,39.46,91300,39.06
2010-06-30,39.30,39.64,39.21,39.21,36800,38.81
2010-06-29,39.72,39.72,39.05,39.06,79600,38.66
2010-06-28,40.41,40.41,39.95,39.96,15700,39.55
2010-06-25,40.42,40.63,40.22,40.57,41400,39.85
2010-06-24,40.61,40.61,40.05,40.18,50600,39.46
2010-06-23,40.61,40.64,40.25,40.42,33500,39.70
2010-06-22,40.84,40.96,40.39,40.44,34200,39.72
2010-06-21,40.84,40.99,40.60,40.64,31900,39.92
2010-06-18,40.40,40.65,40.33,40.55,38000,39.83
2010-06-17,40.21,40.39,40.06,40.30,11500,39.58
2010-06-16,40.21,40.29,40.06,40.17,14200,39.45
2010-06-15,39.98,40.33,39.77,40.29,15300,39.57
2010-06-14,39.57,39.84,39.57,39.65,9200,38.94
2010-06-11,39.15,39.47,38.94,39.47,7100,38.77
2010-06-10,39.03,39.57,39.03,39.52,37400,38.82
2010-06-09,38.63,39.04,38.56,38.74,41900,38.05
2010-06-08,38.30,38.65,38.15,38.65,190200,37.96
2010-06-07,38.41,38.58,38.05,38.05,268200,37.37
2010-06-04,39.00,39.00,38.46,38.50,31100,37.81
2010-06-03,39.40,39.53,39.06,39.28,19300,38.58
2010-06-02,39.20,39.49,38.88,39.49,12700,38.79
2010-06-01,39.09,39.66,39.05,39.13,35600,38.43
2010-05-28,39.43,39.44,38.89,38.92,21900,38.23
2010-05-27,39.05,39.38,39.04,39.38,28500,38.68
2010-05-26,38.83,38.87,38.34,38.56,47300,37.87
2010-05-25,38.83,39.25,38.55,39.19,63200,38.49
2010-05-24,39.63,39.81,39.44,39.44,25100,38.74
2010-05-21,39.39,40.02,39.05,40.02,66800,39.31
2010-05-20,39.90,40.22,39.69,39.76,86200,39.05
2010-05-19,40.01,40.33,39.95,40.30,55900,39.58
2010-05-18,40.73,40.89,40.00,40.14,40000,39.42
2010-05-17,41.08,41.20,40.72,41.12,51400,40.39
2010-05-14,40.98,41.58,40.81,41.19,77200,40.46
2010-05-13,41.44,41.62,41.35,41.35,29800,40.61
2010-05-12,41.51,41.79,41.51,41.63,20600,40.89
2010-05-11,41.75,41.98,41.45,41.62,33200,40.88
2010-05-10,41.75,42.26,41.75,42.07,64000,41.32
2010-05-07,40.84,41.41,40.37,40.75,79700,40.02
2010-05-06,41.46,41.95,40.10,41.20,102100,40.47
2010-05-05,40.76,41.20,40.56,41.14,88800,40.41
2010-05-04,42.03,42.03,41.11,41.22,74200,40.48
2010-05-03,42.21,42.70,42.21,42.60,21000,41.84
2010-04-30,43.03,43.03,42.27,42.31,27000,41.56
2010-04-29,42.30,42.72,42.30,42.67,34800,41.91
2010-04-28,42.33,42.38,41.92,42.12,56800,41.37
2010-04-27,42.92,42.97,42.13,42.21,44900,41.46
2010-04-26,43.05,43.12,42.95,43.09,28200,42.32
2010-04-23,42.30,42.88,42.30,42.85,27000,42.09
2010-04-22,42.17,42.22,41.91,42.19,30900,41.44
2010-04-21,42.26,42.29,42.10,42.28,18500,41.53
2010-04-20,42.05,42.28,41.97,42.00,22200,41.25
2010-04-19,41.82,42.10,41.63,42.10,28900,41.35
2010-04-16,42.59,42.59,41.80,42.00,70300,41.25
2010-04-15,42.58,42.80,42.42,42.74,41700,41.98
2010-04-14,42.43,42.74,42.39,42.72,184900,41.96
2010-04-13,42.54,42.54,42.10,42.39,37700,41.63
2010-04-12,42.63,42.72,42.46,42.61,93700,41.85
2010-04-09,42.21,42.65,42.21,42.56,155900,41.80
2010-04-08,42.16,42.33,42.00,42.31,27000,41.56
2010-04-07,42.28,42.35,42.11,42.28,40000,41.53
2010-04-06,42.09,42.30,42.00,42.19,40500,41.44
2010-04-05,42.10,42.34,41.87,42.15,48300,41.40
2010-04-01,41.96,42.19,41.83,42.19,31300,41.44
2010-03-31,41.88,41.88,41.50,41.63,60300,40.89
2010-03-30,42.14,42.20,41.84,42.07,54700,41.32
2010-03-29,41.18,41.59,41.18,41.59,48600,40.85
2010-03-26,40.91,41.21,40.87,41.09,44400,40.36
2010-03-25,40.86,41.04,40.53,40.54,255700,39.82
2010-03-24,40.86,41.02,40.77,40.94,52000,40.21
2010-03-23,41.21,41.50,41.18,41.49,55200,40.75
2010-03-22,40.80,41.28,40.80,41.20,62200,40.47
2010-03-19,41.32,41.32,40.91,41.01,58400,40.28
2010-03-18,41.41,41.42,41.11,41.39,25200,40.65
2010-03-17,41.25,41.53,41.14,41.42,75000,40.68
2010-03-16,41.04,41.37,40.99,41.37,66900,40.63
2010-03-15,40.89,40.97,40.66,40.94,42000,40.21
2010-03-12,40.96,41.04,40.76,41.04,81200,40.31
2010-03-11,40.69,40.77,40.50,40.75,77100,40.02
2010-03-10,40.51,40.60,40.37,40.55,104800,39.83
2010-03-09,40.50,40.86,40.42,40.57,57900,39.85
2010-03-08,40.76,40.81,40.50,40.65,80900,39.93
2010-03-05,40.45,40.74,40.33,40.73,97000,40.00
2010-03-04,40.37,40.46,40.07,40.28,190700,39.56
2010-03-03,40.54,40.68,40.42,40.49,250700,39.77
2010-03-02,40.38,40.54,40.17,40.17,92400,39.45
2010-03-01,40.05,40.21,40.00,40.14,62200,39.42
2010-02-26,39.65,39.89,39.53,39.87,32800,39.16
2010-02-25,39.23,39.48,39.12,39.48,87600,38.78
2010-02-24,39.08,39.30,39.03,39.22,53600,38.52
2010-02-23,39.18,39.22,38.89,39.04,119900,38.34
2010-02-22,39.24,39.25,38.93,39.21,292400,38.51
2010-02-19,38.62,38.95,38.52,38.81,152800,38.12
2010-02-18,39.26,39.32,39.08,39.28,11900,38.58
2010-02-17,39.17,39.20,39.00,39.07,9100,38.37
2010-02-16,37.93,39.29,37.93,39.23,18300,38.53
2010-02-12,38.74,38.95,38.51,38.86,26100,38.17
2010-02-11,38.88,39.14,38.65,39.12,15700,38.42
2010-02-10,39.12,39.12,38.60,38.89,9600,38.20
2010-02-09,39.00,39.31,38.81,39.12,48200,38.42
2010-02-08,39.07,39.15,38.69,38.69,16700,38.00
2010-02-05,38.92,39.10,38.56,39.10,17700,38.40
2010-02-04,39.23,39.40,38.75,39.00,42000,38.30
2010-02-03,39.50,39.55,39.19,39.53,26700,38.83
2010-02-02,39.25,39.56,39.12,39.50,37100,38.80
2010-02-01,39.00,39.36,38.80,39.05,59500,38.35
2010-01-29,39.15,39.49,38.87,38.96,21100,38.27
2010-01-28,39.57,39.59,39.03,39.25,14300,38.55
2010-01-27,39.51,39.80,39.34,39.59,47800,38.88
2010-01-26,39.86,40.16,39.64,39.90,126100,39.19
2010-01-25,40.08,40.13,39.77,40.11,14300,39.39
2010-01-22,40.16,40.16,39.65,39.65,14800,38.94
2010-01-21,40.03,40.03,39.75,39.89,17600,39.18
2010-01-20,39.99,40.00,39.60,39.85,40000,39.14
2010-01-19,40.40,40.80,40.40,40.66,5200,39.93
2010-01-15,40.48,40.48,40.13,40.36,12300,39.64
2010-01-14,40.18,40.59,40.18,40.43,25000,39.71
2010-01-13,39.59,40.07,39.59,40.04,70900,39.33
2010-01-12,39.90,40.00,39.71,39.75,31400,39.04
2010-01-11,39.33,39.50,39.24,39.42,48800,38.72
2010-01-08,39.00,39.31,38.97,39.08,30300,38.38
2010-01-07,38.86,39.05,38.70,38.79,91900,38.10
2010-01-06,39.18,39.31,38.98,39.21,11700,38.51
2010-01-05,39.02,39.35,39.02,39.27,8900,38.57
2010-01-04,38.97,39.28,38.59,39.11,51700,38.41
2009-12-31,38.60,38.60,38.11,38.34,6800,37.66
2009-12-30,38.52,38.75,38.31,38.55,20100,37.86
2009-12-29,39.18,39.18,38.95,39.09,19300,38.39
2009-12-28,38.96,39.00,38.92,38.93,5100,38.24
2009-12-24,38.87,38.90,38.83,38.86,15900,38.17
2009-12-23,38.65,39.00,38.65,38.86,8900,38.17
2009-12-22,38.71,38.71,38.43,38.48,16600,37.79
2009-12-21,38.73,38.99,38.66,38.67,7500,37.98
2009-12-18,39.11,39.22,38.89,38.99,7400,38.01
2009-12-17,39.25,39.25,39.00,39.09,24500,38.11
2009-12-16,39.37,39.76,39.37,39.46,2800,38.47
2009-12-15,39.16,39.28,39.01,39.10,5300,38.12
2009-12-14,39.38,39.63,39.28,39.35,11800,38.36
2009-12-11,39.31,39.45,39.06,39.45,13200,38.46
2009-12-10,39.34,39.60,39.31,39.40,16600,38.41
2009-12-09,39.51,39.82,39.32,39.49,22100,38.50
2009-12-08,39.42,39.51,39.31,39.35,9600,38.36
2009-12-07,39.27,39.50,39.27,39.46,3100,38.47
2009-12-04,39.85,39.85,39.10,39.30,17900,38.31
2009-12-03,39.72,40.19,39.64,39.96,27600,38.96
2009-12-02,39.42,39.64,39.20,39.32,47600,38.33
2009-12-01,39.06,39.88,39.06,39.55,17500,38.56
2009-11-30,38.62,38.86,38.41,38.54,21600,37.57
2009-11-27,38.01,38.19,37.76,38.02,1400,37.07
2009-11-25,37.37,38.13,37.37,38.09,14700,37.13
2009-11-24,37.36,37.66,37.16,37.29,8800,36.35
2009-11-23,38.04,38.26,37.66,37.66,3600,36.71
2009-11-20,37.79,37.80,37.58,37.75,4200,36.80
2009-11-19,37.67,37.68,37.28,37.35,9700,36.41
2009-11-18,37.82,38.00,37.68,37.77,12000,36.82
2009-11-17,38.27,38.46,37.97,38.35,14300,37.39
2009-11-16,38.48,39.16,38.48,38.87,3800,37.89
2009-11-13,38.51,39.10,38.51,38.71,2900,37.74
2009-11-12,38.68,38.68,38.24,38.28,16600,37.32
2009-11-11,39.51,39.83,39.42,39.42,26800,38.43
2009-11-10,39.89,40.04,39.68,39.68,73700,38.68
2009-11-09,39.89,40.18,39.89,40.04,13600,39.03
2009-11-06,39.59,39.84,39.30,39.70,5700,38.70
2009-11-05,39.71,40.21,39.71,40.12,19700,39.11
2009-11-04,39.99,40.12,39.64,39.71,17900,38.71
2009-11-03,39.99,40.11,39.76,40.11,2000,39.10
2009-11-02,40.23,40.37,39.94,40.22,6000,39.21
2009-10-30,39.84,39.90,39.30,39.69,42600,38.69
2009-10-29,39.81,39.92,39.72,39.88,6300,38.88
2009-10-28,39.79,39.88,39.51,39.64,8100,38.64
2009-10-27,39.63,39.81,39.37,39.48,15500,38.49
2009-10-26,40.13,40.37,39.64,39.85,16700,38.85
2009-10-23,40.23,40.23,39.53,39.87,18100,38.87
2009-10-22,40.11,40.64,40.04,40.47,11000,39.45
2009-10-21,40.38,40.88,40.38,40.46,9700,39.44
2009-10-20,40.82,40.82,40.40,40.53,3400,39.51
2009-10-19,40.42,40.82,40.42,40.72,35500,39.70
2009-10-16,40.16,40.35,40.00,40.15,12500,39.14
2009-10-15,40.75,40.78,40.46,40.61,7300,39.59
2009-10-14,40.78,41.16,40.78,40.91,23200,39.88
2009-10-13,40.68,40.88,40.63,40.71,12900,39.69
2009-10-12,40.71,41.05,40.69,40.69,14400,39.67
2009-10-09,40.77,40.77,40.46,40.72,2500,39.70
2009-10-08,40.92,41.09,40.60,40.82,25600,39.79
2009-10-07,40.42,40.76,40.36,40.76,15300,39.74
2009-10-06,40.18,40.57,40.18,40.30,29200,39.29
2009-10-05,39.79,40.24,39.76,40.18,27400,39.17
2009-10-02,39.84,40.29,39.82,39.84,8900,38.84
2009-10-01,41.09,41.09,40.45,40.45,446200,39.43
2009-09-30,41.96,41.96,41.30,41.54,13000,40.50
2009-09-29,41.56,41.56,41.19,41.40,6100,40.36
2009-09-28,41.68,42.42,41.68,42.05,17900,40.99
2009-09-25,41.89,42.05,41.75,41.75,7100,40.70
2009-09-24,42.21,42.44,41.26,41.68,31200,40.63
2009-09-23,41.86,41.92,41.33,41.65,11100,40.60
2009-09-22,41.70,41.73,41.39,41.70,7900,40.65
2009-09-21,41.03,41.32,40.96,41.24,11000,40.20
2009-09-18,40.86,41.71,40.86,41.69,73100,40.64
2009-09-17,41.47,43.13,41.47,41.67,12000,40.62
2009-09-16,41.97,41.97,41.37,41.57,81100,40.53
2009-09-15,42.56,42.56,41.50,41.92,50200,40.87
2009-09-14,41.96,42.32,41.87,42.15,9700,41.09
2009-09-11,42.60,42.78,42.33,42.51,280300,41.44
2009-09-10,42.02,42.47,41.96,42.47,9800,41.40
2009-09-09,41.52,42.16,41.52,42.16,8300,41.10
2009-09-08,41.54,41.76,41.39,41.66,10400,40.61
2009-09-04,41.10,41.50,40.83,41.43,39300,40.39
2009-09-03,41.68,41.68,41.36,41.58,27700,40.54
2009-09-02,41.43,41.99,41.43,41.84,28400,40.79
2009-09-01,42.10,42.20,41.27,41.49,476700,40.45
2009-08-31,41.87,42.14,41.65,42.03,28100,40.97
2009-08-28,42.20,42.29,41.85,41.97,23700,40.92
2009-08-27,41.91,42.27,41.79,42.21,12600,41.15
2009-08-26,41.56,41.84,41.53,41.84,4000,40.79
2009-08-25,41.58,41.96,41.44,41.44,16200,40.40
2009-08-24,42.00,42.00,41.11,41.11,169700,40.08
2009-08-21,41.29,41.70,41.12,41.67,214300,40.62
2009-08-20,40.81,41.20,40.70,41.08,11900,40.05
2009-08-19,40.56,40.78,40.40,40.44,6700,39.42
2009-08-18,40.25,40.50,39.98,40.40,7100,39.39
2009-08-17,40.28,40.28,39.86,40.10,5000,39.09
2009-08-14,40.69,40.69,40.40,40.61,7100,39.59
2009-08-13,40.18,40.68,40.18,40.40,30600,39.39
2009-08-12,39.75,40.15,39.70,40.10,8600,39.09
2009-08-11,39.79,39.98,39.77,39.98,4800,38.98
2009-08-10,39.10,39.41,39.10,39.41,3100,38.42
2009-08-07,39.30,39.48,39.11,39.11,5600,38.13
2009-08-06,39.79,39.79,39.28,39.41,4700,38.42
2009-08-05,39.90,39.92,39.38,39.91,10600,38.91
2009-08-04,40.21,40.21,39.78,39.95,14300,38.95
2009-08-03,40.33,40.41,40.21,40.38,8500,39.37
2009-07-31,39.70,39.99,39.53,39.89,16700,38.89
2009-07-30,39.39,39.83,39.38,39.60,4000,38.61
2009-07-29,39.52,39.62,39.14,39.21,68700,38.23
2009-07-28,39.20,39.46,39.11,39.31,12500,38.32
2009-07-27,39.38,39.53,39.15,39.15,5300,38.17
2009-07-24,39.17,39.43,39.08,39.30,5800,38.31
2009-07-23,39.07,39.39,38.93,39.22,7800,38.24
2009-07-22,39.16,39.38,38.86,39.32,5800,38.33
2009-07-21,38.80,39.10,38.66,38.75,5800,37.78
2009-07-20,37.66,38.30,37.48,38.27,30400,37.31
2009-07-17,37.80,38.10,37.60,37.73,2700,36.78
2009-07-16,37.95,38.03,37.54,38.03,9500,37.07
2009-07-15,37.88,37.94,37.49,37.70,4100,36.75
2009-07-14,37.49,37.87,37.46,37.46,2900,36.52
2009-07-13,37.75,37.89,37.28,37.70,3100,36.75
2009-07-10,38.45,38.45,38.11,38.35,1000,37.39
2009-07-09,38.45,38.52,38.11,38.25,3400,37.29
2009-07-08,38.59,38.80,38.30,38.73,11700,37.76
2009-07-07,38.39,38.64,38.26,38.59,1200,37.62
2009-07-06,38.74,38.80,38.37,38.37,5900,37.41
2009-07-02,38.30,38.40,38.01,38.21,7600,37.25
2009-07-01,38.23,38.81,38.23,38.62,8100,37.65
2009-06-30,38.55,38.55,37.87,38.05,6200,37.09
2009-06-29,38.67,38.67,38.35,38.50,145300,37.53
2009-06-26,38.23,38.88,38.23,38.88,7100,37.90
2009-06-25,37.05,37.74,37.05,37.57,4100,36.63
2009-06-24,36.98,37.60,35.10,36.90,7600,35.97
2009-06-23,37.28,37.38,36.32,37.38,800,36.44
2009-06-22,37.22,38.00,37.10,37.39,11900,36.45
2009-06-19,37.58,38.12,37.50,38.12,8700,36.78
2009-06-18,38.04,38.25,37.94,37.96,9900,36.63
2009-06-17,37.72,38.16,37.58,37.85,15000,36.52
2009-06-16,37.36,37.43,36.85,36.85,17000,35.56
2009-06-15,37.69,37.72,37.27,37.46,25200,36.14
2009-06-12,37.57,37.57,37.18,37.32,6200,36.01
2009-06-11,37.17,37.81,35.98,37.80,14600,36.47
2009-06-10,37.42,37.42,36.88,37.10,11500,35.80
2009-06-09,36.86,37.22,36.86,37.11,20400,35.81
2009-06-08,36.68,36.68,36.27,36.68,8200,35.39
2009-06-05,36.96,36.96,36.52,36.52,600,35.24
2009-06-04,37.34,37.42,37.26,37.27,5800,35.96
2009-06-03,37.05,37.05,36.63,36.72,6700,35.43
2009-06-02,37.12,37.35,36.96,37.27,5800,35.96
2009-06-01,37.09,37.19,36.84,36.98,24300,35.68
2009-05-29,36.44,36.72,36.35,36.49,12200,35.21
2009-05-28,36.25,36.40,35.73,36.04,14800,34.77
2009-05-27,36.76,36.76,36.24,36.26,7400,34.99
2009-05-26,36.25,37.13,36.25,37.10,27300,35.80
2009-05-22,36.11,36.15,35.87,35.90,3200,34.64
2009-05-21,35.72,35.77,35.34,35.34,8500,34.10
2009-05-20,35.84,36.32,35.84,36.10,24100,34.83
2009-05-19,35.66,35.67,35.30,35.34,9400,34.10
2009-05-18,35.16,35.66,35.16,35.53,11300,34.28
2009-05-15,35.31,35.48,35.01,35.10,8600,33.87
2009-05-14,34.46,35.00,34.46,34.83,4700,33.61
2009-05-13,34.60,34.88,34.39,34.80,25500,33.58
2009-05-12,34.64,34.97,34.53,34.96,3500,33.73
2009-05-11,34.38,34.50,34.20,34.20,3800,33.00
2009-05-08,33.99,34.38,33.83,34.38,67600,33.17
2009-05-07,33.68,33.69,32.93,33.26,24100,32.09
2009-05-06,33.80,34.09,33.64,34.05,20100,32.85
2009-05-05,33.34,33.51,33.20,33.45,12900,32.27
2009-05-04,33.02,33.48,32.97,33.16,9200,31.99
2009-05-01,32.65,32.75,32.50,32.52,1600,31.38
2009-04-30,33.09,33.09,32.49,32.61,9100,31.46
2009-04-29,33.18,33.37,32.99,33.07,4700,31.91
2009-04-28,32.57,32.95,32.57,32.74,3900,31.59
2009-04-27,33.14,33.40,33.14,33.40,2600,32.23
2009-04-24,33.56,33.57,33.40,33.48,13100,32.30
2009-04-23,32.90,33.47,32.90,33.41,5000,32.24
2009-04-22,32.80,33.21,32.80,33.00,12400,31.84
2009-04-21,32.70,33.09,32.50,32.92,10100,31.76
2009-04-20,33.10,33.10,32.59,32.63,16100,31.48
2009-04-17,33.00,33.05,32.73,33.05,3400,31.89
2009-04-16,32.73,33.13,30.66,32.95,33200,31.79
2009-04-15,32.78,32.89,32.66,32.89,4000,31.73
2009-04-14,32.68,32.71,32.56,32.56,3200,31.42
2009-04-13,32.55,32.72,32.32,32.60,5500,31.45
2009-04-09,32.41,32.50,32.34,32.50,7200,31.36
2009-04-08,31.87,31.92,31.64,31.64,3500,30.53
2009-04-07,31.59,31.70,31.36,31.70,7200,30.59
2009-04-06,31.71,31.71,31.39,31.50,10000,30.39
2009-04-03,32.62,32.62,32.21,32.27,11200,31.14
2009-04-02,32.92,33.50,32.92,33.14,7100,31.98
2009-04-01,31.98,32.42,31.94,32.30,7700,31.17
2009-03-31,31.66,32.16,31.52,31.98,19700,30.86
2009-03-30,31.87,31.87,31.34,31.45,5900,30.34
2009-03-27,33.14,33.14,32.58,32.97,19800,31.81
2009-03-26,33.34,33.61,33.07,33.41,7700,32.24
2009-03-25,33.19,33.25,32.48,32.48,2900,31.34
2009-03-24,32.19,32.40,32.07,32.07,3100,30.94
2009-03-23,31.88,32.75,31.88,32.59,13100,31.44
2009-03-20,31.59,31.59,31.05,31.05,8300,29.69
2009-03-19,31.90,32.33,31.71,31.99,4700,30.58
2009-03-18,30.79,31.86,30.59,31.33,4200,29.95
2009-03-17,30.42,31.05,30.42,30.94,15100,29.58
2009-03-16,31.03,31.50,30.93,30.94,8000,29.58
2009-03-13,30.20,30.43,29.88,30.41,54900,29.07
2009-03-12,29.73,30.47,29.73,30.47,5300,29.13
2009-03-11,30.43,30.48,30.00,30.19,16100,28.86
2009-03-10,29.42,30.51,29.42,30.38,14200,29.05
2009-03-09,29.07,29.63,29.07,29.16,10000,27.88
2009-03-06,30.18,30.49,29.26,29.59,31300,28.29
2009-03-05,30.27,30.50,29.71,30.16,25500,28.83
2009-03-04,29.84,30.66,29.84,30.66,55200,29.31
2009-03-03,29.57,29.57,28.26,29.13,19500,27.85
2009-03-02,28.97,30.03,28.97,29.34,19200,28.05
2009-02-27,30.00,30.40,29.30,30.05,12800,28.73
2009-02-26,30.28,30.55,29.72,29.94,38000,28.62
2009-02-25,30.92,30.92,30.02,30.34,12500,29.01
2009-02-24,30.29,31.30,30.29,31.30,22000,29.92
2009-02-23,30.78,31.20,30.31,30.31,26100,28.98
2009-02-20,30.88,31.52,30.87,31.30,14000,29.92
2009-02-19,32.03,32.52,31.70,31.71,13200,30.32
2009-02-18,32.44,32.45,32.03,32.31,12900,30.89
2009-02-17,32.19,32.35,31.65,31.75,21800,30.36
2009-02-13,32.77,32.99,32.50,32.51,9500,31.08
2009-02-12,32.61,33.00,32.60,33.00,4700,31.55
2009-02-11,33.06,33.24,32.63,33.22,32200,31.76
2009-02-10,33.49,33.84,32.61,32.61,11500,31.18
2009-02-09,33.79,34.75,33.49,33.96,4800,32.47
2009-02-06,34.15,34.75,32.51,34.65,118700,33.13
2009-02-05,34.24,34.95,34.24,34.69,11100,33.17
2009-02-04,35.43,35.43,34.93,35.18,35900,33.63
2009-02-03,34.62,35.21,34.36,35.18,35700,33.63
2009-02-02,34.39,34.73,34.29,34.73,36200,33.20
2009-01-30,35.08,35.08,34.61,34.61,2800,33.09
2009-01-29,34.77,35.40,34.71,34.77,23700,33.24
2009-01-28,37.00,37.00,35.21,36.15,10800,34.56
2009-01-27,36.18,36.18,35.75,36.13,6200,34.54
2009-01-26,35.01,35.47,35.00,35.45,17800,33.89
2009-01-23,34.23,35.16,34.23,35.05,15400,33.51
2009-01-22,36.10,36.10,34.41,34.86,24400,33.33
2009-01-21,34.43,35.48,34.43,35.48,32200,33.92
2009-01-20,34.93,34.93,33.65,34.04,58800,32.54
2009-01-16,35.61,35.61,34.79,35.36,24200,33.81
2009-01-15,34.88,35.25,33.64,34.78,805100,33.25
2009-01-14,34.74,34.74,33.88,34.04,32800,32.54
2009-01-13,35.03,35.34,34.87,35.25,22500,33.70
2009-01-12,36.02,36.02,35.00,35.65,34200,34.08
2009-01-09,36.23,36.34,35.43,36.00,158300,34.42
2009-01-08,36.31,36.63,36.01,36.60,170300,34.99
2009-01-07,36.45,36.45,35.66,35.81,167700,34.24
2009-01-06,36.59,37.05,36.35,36.79,158300,35.17
2009-01-05,37.96,37.96,36.46,37.29,177300,35.65
2009-01-02,38.90,39.54,38.42,39.43,43400,37.70
2008-12-31,38.15,38.73,38.15,38.70,9000,37.00
2008-12-30,37.89,38.31,37.61,38.31,19100,36.63
2008-12-29,37.41,37.74,37.20,37.60,12700,35.95
2008-12-26,37.07,37.07,36.66,36.75,7500,35.14
2008-12-24,37.27,37.27,36.10,36.73,575500,35.12
2008-12-23,36.41,40.75,35.53,35.66,95200,34.09
2008-12-22,37.35,37.35,35.82,36.42,141300,34.82
2008-12-19,37.01,37.48,36.63,36.87,36700,34.76
2008-12-18,38.23,38.23,37.20,37.36,440500,35.22
2008-12-17,38.55,39.01,38.26,38.95,6100,36.72
2008-12-16,37.58,38.88,37.50,38.82,5600,36.60
2008-12-15,37.58,37.80,37.00,37.25,11000,35.12
2008-12-12,36.81,37.74,36.54,37.28,8900,35.15
2008-12-11,36.52,36.94,36.34,36.37,6400,34.29
2008-12-10,36.10,36.17,35.97,36.17,3000,34.10
2008-12-09,36.06,36.43,35.76,35.77,3700,33.72
2008-12-08,35.76,36.60,35.76,36.54,12100,34.45
2008-12-05,34.62,35.00,33.94,35.00,13200,33.00
2008-12-04,34.88,35.22,34.28,34.51,30000,32.54
2008-12-03,34.19,35.28,34.19,35.20,12400,33.19
2008-12-02,34.19,34.74,33.54,34.25,19900,32.29
2008-12-01,35.19,35.19,32.31,33.55,59100,31.63
2008-11-28,35.37,35.69,35.08,35.55,2700,33.52
2008-11-26,34.43,35.86,34.43,35.82,21800,33.77
2008-11-25,35.89,36.00,34.71,35.68,181700,33.64
2008-11-24,34.45,36.20,34.45,36.15,34500,34.08
2008-11-21,33.55,34.26,32.80,34.19,11700,32.23
2008-11-20,33.01,33.31,32.56,32.56,12800,30.70
2008-11-19,33.87,33.87,33.25,33.40,6900,31.49
2008-11-18,33.96,34.21,33.63,33.88,10300,31.94
2008-11-17,33.52,34.45,33.25,34.05,17000,32.10
2008-11-14,34.38,34.38,33.56,33.68,27000,31.75
2008-11-13,34.35,34.97,33.47,34.97,14800,32.97
2008-11-12,34.01,34.05,33.10,33.26,39200,31.36
2008-11-11,33.93,34.06,33.57,33.70,17300,31.77
2008-11-10,35.22,35.50,34.75,34.79,8200,32.80
2008-11-07,34.41,34.69,33.82,34.13,176900,32.18
2008-11-06,34.79,34.88,33.79,33.90,179900,31.96
2008-11-05,36.68,36.75,35.08,35.30,159500,33.28
2008-11-04,35.74,36.70,35.35,36.51,161300,34.42
2008-11-03,34.43,35.40,34.43,35.27,57400,33.25
2008-10-31,33.89,34.80,33.79,34.21,5400,32.25
2008-10-30,33.86,34.15,33.72,33.89,25500,31.95
2008-10-29,32.84,33.75,32.45,33.22,10500,31.32
2008-10-28,31.85,32.94,31.38,32.85,30600,30.97
2008-10-27,30.70,30.98,30.05,30.05,10400,28.33
2008-10-24,30.96,32.62,30.96,31.73,19800,29.92
2008-10-23,32.03,32.85,31.84,32.50,8400,30.64
2008-10-22,32.59,32.59,31.32,31.32,8500,29.53
2008-10-21,33.49,33.75,33.33,33.52,5100,31.60
2008-10-20,33.59,34.14,33.54,33.77,27400,31.84
2008-10-17,31.52,33.28,31.52,32.63,6200,30.76
2008-10-16,31.35,31.35,30.26,31.00,6500,29.23
2008-10-15,32.19,32.25,31.30,31.30,10500,29.51
2008-10-14,34.00,34.00,32.36,32.47,7500,30.61
2008-10-13,30.64,31.55,30.26,31.06,21500,29.28
2008-10-10,28.32,29.52,26.85,28.75,30900,27.11
2008-10-09,31.45,31.55,29.97,29.98,10900,28.27
2008-10-08,31.26,32.00,30.75,30.90,19800,29.13
2008-10-07,33.42,33.68,32.41,32.41,33200,30.56
2008-10-06,34.49,34.49,33.05,33.06,43000,31.17
2008-10-03,35.73,36.25,35.65,35.65,12500,33.61
2008-10-02,36.60,36.60,35.89,35.91,16400,33.86
2008-10-01,37.40,37.62,37.24,37.35,7900,35.21
2008-09-30,37.70,38.33,37.56,38.09,42300,35.91
2008-09-29,37.70,37.70,36.85,36.88,15200,34.77
2008-09-26,38.30,38.59,38.19,38.53,8900,36.33
2008-09-25,38.81,39.08,38.81,39.03,18500,36.80
2008-09-24,38.63,38.75,38.33,38.33,11800,36.14
2008-09-23,38.13,38.30,37.83,38.17,15800,35.99
2008-09-22,38.57,38.57,37.95,37.99,7100,35.82
2008-09-19,39.43,40.26,38.72,39.52,39600,37.26
2008-09-18,38.86,39.39,37.90,38.91,33500,36.68
2008-09-17,37.92,37.99,36.74,37.12,31000,35.00
2008-09-16,38.23,38.74,37.73,38.53,12100,36.33
2008-09-15,38.08,38.55,37.72,38.29,20600,36.10
2008-09-12,39.30,39.43,39.26,39.29,3100,37.04
2008-09-11,38.62,39.22,38.60,39.12,25500,36.88
2008-09-10,39.07,39.28,38.85,39.03,6800,36.80
2008-09-09,43.15,43.15,38.50,38.50,25200,36.30
2008-09-08,39.26,40.92,38.95,39.42,18300,37.17
2008-09-05,38.42,38.69,38.09,38.53,23400,36.33
2008-09-04,38.93,38.94,38.33,38.38,14600,36.19
2008-09-03,39.66,39.66,39.16,39.32,92500,37.07
2008-09-02,40.15,40.15,39.64,39.64,17100,37.37
2008-08-29,40.87,41.00,40.60,40.68,8900,38.35
2008-08-28,40.44,40.73,40.32,40.47,16100,38.16
2008-08-27,40.04,40.25,39.84,40.15,16700,37.85
2008-08-26,39.94,40.13,39.79,39.95,10200,37.67
2008-08-25,40.22,40.22,39.59,39.63,36000,37.36
2008-08-22,40.19,40.24,40.03,40.15,4400,37.85
2008-08-21,39.99,40.45,39.99,40.43,31800,38.12
2008-08-20,39.68,40.16,39.53,40.16,11000,37.86
2008-08-19,39.20,39.41,39.11,39.41,10800,37.16
2008-08-18,40.05,40.13,39.73,39.73,4000,37.46
2008-08-15,39.80,39.80,39.44,39.45,5200,37.19
2008-08-14,39.46,40.07,39.40,39.74,25200,37.47
2008-08-13,40.03,40.11,39.81,39.99,22500,37.70
2008-08-12,40.21,40.51,40.21,40.41,20000,38.10
2008-08-11,40.97,41.01,40.82,40.82,2700,38.49
2008-08-08,40.49,40.91,40.49,40.90,11600,38.56
2008-08-07,40.64,40.76,40.39,40.39,2200,38.08
2008-08-06,41.49,41.50,41.40,41.50,4400,39.13
2008-08-05,41.17,41.36,41.11,41.35,5700,38.99
2008-08-04,41.01,41.03,40.76,40.76,14200,38.43
2008-08-01,42.45,42.45,41.90,42.16,7900,39.75
2008-07-31,42.81,43.04,42.63,42.63,3700,40.19
2008-07-30,43.06,43.39,42.82,43.28,22400,40.81
2008-07-29,42.06,42.45,41.97,42.45,13000,40.02
2008-07-28,42.66,42.66,42.23,42.23,9400,39.82
2008-07-25,42.90,43.06,42.80,42.81,3600,40.36
2008-07-24,43.21,43.21,42.75,42.77,1600,40.32
2008-07-23,42.66,42.72,42.57,42.57,9500,40.14
2008-07-22,41.82,42.29,41.75,42.29,11900,39.87
2008-07-21,42.27,42.27,41.98,41.98,4800,39.58
2008-07-18,41.87,42.07,41.87,42.04,2300,39.64
2008-07-17,42.60,42.60,42.29,42.41,6400,39.98
2008-07-16,41.74,42.25,41.74,42.25,3100,39.83
2008-07-15,41.55,42.01,41.31,41.75,5600,39.36
2008-07-14,41.92,42.09,41.60,41.68,1100,39.30
2008-07-11,41.49,41.55,41.19,41.51,2900,39.14
2008-07-10,41.84,42.03,41.62,41.85,9000,39.46
2008-07-09,42.03,42.24,41.61,41.61,4100,39.23
2008-07-08,41.90,42.26,41.90,42.26,3100,39.84
2008-07-07,42.93,42.97,42.40,42.91,3000,40.46
2008-07-03,43.00,43.03,42.53,42.81,25800,40.36
2008-07-02,43.49,43.54,42.99,43.04,13800,40.58
2008-07-01,43.75,44.19,43.50,44.19,5300,41.66
2008-06-30,43.80,44.40,43.80,44.15,4000,41.63
2008-06-27,43.66,43.74,43.50,43.65,3100,41.15
2008-06-26,43.60,43.65,42.85,43.13,10800,40.66
2008-06-25,44.15,44.82,44.15,44.41,43900,41.87
2008-06-24,43.32,43.59,43.18,43.50,7600,41.01
2008-06-23,43.33,43.80,43.33,43.67,9700,41.17
2008-06-20,43.59,43.63,43.40,43.40,8200,40.92
2008-06-19,44.18,44.47,44.08,44.32,9800,41.79
2008-06-18,44.80,44.80,44.45,44.45,5300,41.91
2008-06-17,45.07,45.26,44.93,44.93,10200,42.36
2008-06-16,44.55,44.84,44.50,44.68,3900,42.13
2008-06-13,44.43,44.78,44.31,44.65,4400,42.10
2008-06-12,44.95,45.09,44.86,44.86,6200,42.29
2008-06-11,44.99,45.04,44.32,44.52,16000,41.97
2008-06-10,45.24,45.32,45.12,45.27,8200,42.68
2008-06-09,45.97,46.29,45.97,46.28,2100,43.63
2008-06-06,46.50,46.60,45.79,45.79,27800,43.17
2008-06-05,47.04,47.84,47.04,47.63,22300,44.91
2008-06-04,46.58,46.89,46.51,46.56,2900,43.90
2008-06-03,46.47,46.62,46.25,46.27,3500,43.62
2008-06-02,46.91,46.92,46.36,46.63,6600,43.96
2008-05-30,46.68,46.85,46.68,46.81,8400,44.13
2008-05-29,45.91,46.30,45.90,46.28,6000,43.63
2008-05-28,45.69,45.85,45.48,45.79,6300,43.17
2008-05-27,46.41,46.41,46.01,46.31,20400,43.66
2008-05-23,46.91,46.91,46.75,46.85,3700,44.17
2008-05-22,46.97,46.97,46.73,46.76,6100,44.09
2008-05-21,46.47,46.58,46.18,46.18,3200,43.54
2008-05-20,46.78,46.82,46.67,46.72,4000,44.05
2008-05-19,46.97,47.24,46.97,47.24,2700,44.54
2008-05-16,46.84,47.29,46.84,47.17,3300,44.47
2008-05-15,46.83,47.19,46.71,47.17,15500,44.47
2008-05-14,46.12,46.28,46.08,46.27,4600,43.62
2008-05-13,45.25,45.25,44.89,45.13,4500,42.55
2008-05-12,44.94,45.27,44.93,45.18,55300,42.60
2008-05-09,44.69,45.02,44.69,44.95,6700,42.38
2008-05-08,45.63,45.66,45.57,45.66,1700,43.05
2008-05-07,45.11,45.25,44.64,44.64,8600,42.09
2008-05-06,44.81,45.50,44.80,45.40,3300,42.80
2008-05-05,45.03,45.32,44.95,45.32,6000,42.73
2008-05-02,45.51,45.51,45.01,45.03,4000,42.46
2008-05-01,44.74,45.24,44.74,45.24,800,42.65
2008-04-30,44.95,45.54,44.88,45.38,5900,42.79
2008-04-29,44.91,44.94,44.77,44.77,5100,42.21
2008-04-28,44.78,44.97,44.78,44.97,900,42.40
2008-04-25,43.62,44.40,43.62,44.40,2600,41.86
2008-04-24,43.82,44.11,43.53,44.06,10100,41.54
2008-04-23,43.80,44.15,43.78,44.15,13200,41.63
2008-04-22,43.79,43.96,43.62,43.64,5800,41.14
2008-04-21,43.79,44.09,43.79,44.02,5500,41.50
2008-04-18,44.19,44.58,44.19,44.45,2000,41.91
2008-04-17,44.08,44.17,43.96,43.96,9300,41.45
2008-04-16,44.24,44.81,44.24,44.81,17100,42.25
2008-04-15,43.56,43.56,43.20,43.41,3300,40.93
2008-04-14,43.56,43.69,43.56,43.69,1900,41.19
2008-04-11,43.39,43.61,43.07,43.28,9500,40.81
2008-04-10,43.16,43.27,42.77,42.77,5400,40.32
2008-04-09,43.71,43.71,43.46,43.50,21100,41.01
2008-04-08,43.96,44.10,43.83,44.03,6600,41.51
2008-04-07,44.76,44.86,44.47,44.47,4200,41.93
2008-04-04,44.38,44.54,44.38,44.54,300,41.99
2008-04-03,44.38,44.53,44.38,44.53,2900,41.98
2008-04-02,44.66,44.67,44.42,44.57,5200,42.02
2008-04-01,45.22,45.38,45.00,45.29,6800,42.70
2008-03-31,44.17,44.52,44.17,44.50,16600,41.96
2008-03-28,44.51,44.60,44.12,44.12,9900,41.60
2008-03-27,44.37,44.48,44.11,44.11,3300,41.59
2008-03-26,43.91,43.91,43.45,43.53,31100,41.04
2008-03-25,44.00,44.16,43.86,44.16,1300,41.63
2008-03-24,43.63,43.94,43.63,43.69,10900,41.19
2008-03-20,41.68,42.47,41.47,42.47,12400,40.04
2008-03-19,43.03,43.16,41.77,41.84,27300,39.45
2008-03-18,42.86,43.11,42.82,43.11,37500,40.64
2008-03-17,42.00,42.39,41.73,41.96,14200,39.56
2008-03-14,42.65,42.76,41.89,42.06,9500,39.65
2008-03-13,42.68,43.40,42.49,43.40,7200,40.92
2008-03-12,43.15,43.18,42.77,42.77,17700,40.32
2008-03-11,42.79,42.98,42.54,42.98,4700,40.52
2008-03-10,42.30,42.39,41.93,41.93,6700,39.53
2008-03-07,42.45,42.67,42.25,42.31,10000,39.89
2008-03-06,42.97,43.05,42.41,42.41,8500,39.98
2008-03-05,42.75,42.76,42.25,42.39,20100,39.97
2008-03-04,42.48,42.69,42.05,42.53,14600,40.10
2008-03-03,43.54,43.64,43.35,43.62,9800,41.13
2008-02-29,43.85,43.86,43.62,43.64,10400,41.14
2008-02-28,43.98,44.17,43.89,43.89,22900,41.38
2008-02-27,44.16,44.36,43.98,44.05,9100,41.53
2008-02-26,43.29,43.91,43.15,43.85,8000,41.34
2008-02-25,43.70,44.16,43.49,43.99,12400,41.47
2008-02-22,43.62,43.62,42.89,43.25,93900,40.78
2008-02-21,43.40,43.43,42.83,42.83,6300,40.38
2008-02-20,42.30,43.11,42.18,42.52,9300,40.09
2008-02-19,43.72,43.72,43.27,43.27,10500,40.80
2008-02-15,42.74,42.78,42.44,42.77,12500,40.32
2008-02-14,42.64,42.80,42.34,42.34,15100,39.92
2008-02-13,41.99,42.26,41.91,42.15,6200,39.74
2008-02-12,42.44,42.75,42.39,42.45,11200,40.02
2008-02-11,42.23,42.51,42.18,42.38,6000,39.96
2008-02-08,42.11,42.45,41.85,42.04,25200,39.64
2008-02-07,42.57,43.02,42.45,42.80,36100,40.35
2008-02-06,43.01,43.10,42.53,42.53,21400,40.10
2008-02-05,44.00,44.00,43.02,43.10,39100,40.64
2008-02-04,44.77,45.01,44.59,44.62,28500,42.07
2008-02-01,44.80,45.05,44.71,45.00,15900,42.43
2008-01-31,43.37,44.90,43.37,44.90,88600,42.33
2008-01-30,42.64,43.82,42.53,43.31,100600,40.83
2008-01-29,43.38,43.38,42.94,43.24,43000,40.77
2008-01-28,42.71,43.01,42.23,42.86,14200,40.41
2008-01-25,43.13,43.26,42.30,42.57,29900,40.14
2008-01-24,41.99,42.28,41.77,42.03,18200,39.63
2008-01-23,40.24,41.15,39.77,41.09,19300,38.74
2008-01-22,40.00,41.27,39.97,41.24,40800,38.88
2008-01-18,42.09,42.30,41.39,42.25,120200,39.83
2008-01-17,41.61,41.65,40.75,40.83,44200,38.50
2008-01-16,41.43,41.45,40.86,41.28,61500,38.92
2008-01-15,42.31,42.33,41.71,42.05,67600,39.65
2008-01-14,44.05,44.05,43.62,43.96,16800,41.45
2008-01-11,43.59,43.59,43.14,43.43,11600,40.95
2008-01-10,43.72,44.21,43.59,44.16,12000,41.63
2008-01-09,44.02,44.39,43.14,44.39,7400,41.85
2008-01-08,43.93,44.05,43.49,43.73,9100,41.23
2008-01-07,43.82,44.14,43.65,43.99,33400,41.47
2008-01-04,44.96,44.96,43.75,44.10,52900,41.58
2008-01-03,45.05,45.26,44.87,45.24,28100,42.65
2008-01-02,45.06,45.24,44.88,44.99,10200,42.42
2007-12-31,45.14,45.16,44.68,44.80,56000,42.24
2007-12-28,45.10,45.10,44.78,44.93,43900,42.36
2007-12-27,45.12,45.31,44.92,44.92,46100,42.35
2007-12-26,45.25,45.54,45.25,45.42,7800,42.82
2007-12-24,47.39,47.39,45.26,45.38,17500,42.79
2007-12-21,44.65,45.34,44.65,45.32,6500,42.73
2007-12-20,44.35,44.85,44.06,44.62,11900,42.07
2007-12-19,45.13,45.50,44.97,45.27,15600,42.68
2007-12-18,45.51,45.51,45.08,45.35,10500,42.76
2007-12-17,45.74,45.74,44.72,44.73,11500,42.17
2007-12-14,47.32,47.46,46.98,46.98,8900,43.72
2007-12-13,47.57,47.78,47.47,47.69,15000,44.38
2007-12-12,49.34,49.51,48.97,48.97,13500,45.57
2007-12-11,49.24,49.24,48.25,48.35,10500,44.99
2007-12-10,49.05,49.17,48.94,48.99,12500,45.59
2007-12-07,49.08,49.08,48.71,48.81,2900,45.42
2007-12-06,48.93,49.00,48.61,49.00,4900,45.60
2007-12-05,49.02,49.38,48.98,49.33,7700,45.90
2007-12-04,48.25,48.34,48.20,48.22,8000,44.87
2007-12-03,48.88,48.88,48.54,48.77,7400,45.38
2007-11-30,49.15,49.15,48.31,48.39,36400,45.03
2007-11-29,48.40,48.77,48.40,48.63,18500,45.25
2007-11-28,47.40,48.60,47.40,48.47,25000,45.10
2007-11-27,47.79,48.25,46.36,47.96,27200,44.63
2007-11-26,47.37,47.60,47.06,47.06,20700,43.79
2007-11-23,46.66,47.28,46.66,47.12,2300,43.85
2007-11-21,46.17,46.59,45.92,46.37,14400,43.15
2007-11-20,46.67,46.97,46.30,46.44,12100,43.21
2007-11-19,45.69,46.37,45.39,46.05,22300,42.85
2007-11-16,46.59,47.33,46.59,47.17,7700,43.89
2007-11-15,47.46,47.57,47.16,47.29,33100,44.00
2007-11-14,47.74,47.87,47.43,47.43,3500,44.14
2007-11-13,47.09,47.29,46.94,47.24,15100,43.96
2007-11-12,46.68,47.14,46.43,46.45,12100,43.22
2007-11-09,46.54,47.04,46.35,46.78,10300,43.53
2007-11-08,47.31,47.45,46.79,47.00,21200,43.74
2007-11-07,47.82,48.14,47.28,47.41,78900,44.12
2007-11-06,48.79,48.80,48.59,48.77,28600,45.38
2007-11-05,47.95,48.06,47.82,47.93,29100,44.60
2007-11-02,49.10,49.10,48.59,48.91,44500,45.51
2007-11-01,49.32,49.32,48.61,48.74,13600,45.35
2007-10-31,49.54,49.71,49.52,49.56,11700,46.12
2007-10-30,48.95,49.16,48.88,48.88,3600,45.48
2007-10-29,49.23,49.34,48.68,48.93,12000,45.53
2007-10-26,48.67,48.91,48.57,48.81,21300,45.42
2007-10-25,48.47,48.56,48.24,48.49,15300,45.12
2007-10-24,48.48,48.55,48.04,48.46,65900,45.09
2007-10-23,48.74,48.74,48.41,48.50,3000,45.13
2007-10-22,48.36,48.48,48.32,48.39,46400,45.03
2007-10-19,48.86,48.86,48.00,48.15,29200,44.81
2007-10-18,49.02,49.04,48.77,48.96,36800,45.56
2007-10-17,48.81,48.89,48.46,48.60,8400,45.22
2007-10-16,48.68,48.72,48.42,48.42,11100,45.06
2007-10-15,49.50,49.63,49.05,49.44,24600,46.01
2007-10-12,49.94,49.94,49.81,49.85,6100,46.39
2007-10-11,50.39,50.58,49.94,49.94,20800,46.47
2007-10-10,49.90,50.07,49.80,49.95,8500,46.48
2007-10-09,50.28,50.38,50.19,50.19,8800,46.70
2007-10-08,50.16,50.19,50.02,50.02,3500,46.55
2007-10-05,50.25,50.67,50.25,50.60,17500,47.09
2007-10-04,49.96,50.07,49.87,50.01,5300,46.54
2007-10-03,49.96,50.15,49.86,49.94,10100,46.47
2007-10-02,50.05,50.19,49.76,50.19,10100,46.70
2007-10-01,49.50,50.16,49.50,50.16,16000,46.68
2007-09-28,49.64,49.81,49.52,49.57,4300,46.13
2007-09-27,49.55,49.72,49.45,49.63,12100,46.18
2007-09-26,48.66,48.82,48.46,48.73,44200,45.34
2007-09-25,47.70,48.08,47.44,47.56,9500,44.26
2007-09-24,48.03,48.03,47.77,47.80,15700,44.48
2007-09-21,47.73,47.92,47.68,47.86,3400,44.54
2007-09-20,47.69,47.99,47.54,47.77,47300,44.45
2007-09-19,47.75,48.09,47.75,47.81,5500,44.49
2007-09-18,46.86,47.70,46.86,47.56,8600,44.26
2007-09-17,47.24,47.33,47.00,47.11,4200,43.84
2007-09-14,47.38,47.48,47.30,47.35,4700,44.06
2007-09-13,47.52,47.80,47.52,47.61,11000,44.30
2007-09-12,47.93,48.24,47.93,48.14,91300,44.80
2007-09-11,48.15,48.32,48.15,48.26,700,44.91
2007-09-10,48.46,48.46,47.84,48.28,12000,44.93
2007-09-07,48.37,48.39,47.94,48.17,67000,44.82
2007-09-06,48.20,48.38,47.98,48.30,8900,44.94
2007-09-05,48.42,48.57,48.13,48.20,20700,44.85
2007-09-04,49.51,49.82,49.51,49.81,7100,46.35
2007-08-31,49.67,49.77,49.33,49.70,6500,46.25
2007-08-30,48.31,48.82,48.30,48.60,21400,45.22
2007-08-29,48.28,49.07,48.19,49.07,49400,45.66
2007-08-28,48.47,48.58,47.93,47.93,11000,44.60
2007-08-27,48.65,48.70,48.41,48.53,7700,45.16
2007-08-24,48.41,48.98,48.41,48.98,2800,45.58
2007-08-23,48.75,48.75,48.45,48.62,3600,45.24
2007-08-22,48.23,48.54,48.23,48.54,3200,45.17
2007-08-21,47.77,48.02,47.75,48.02,11700,44.68
2007-08-20,47.46,47.54,46.83,47.23,8200,43.95
2007-08-17,48.47,48.51,47.92,48.34,10600,44.98
2007-08-16,48.01,48.34,47.55,48.34,11700,44.98
2007-08-15,48.53,48.81,48.11,48.11,5300,44.77
2007-08-14,49.11,49.24,48.72,48.72,6700,45.34
2007-08-13,49.23,49.27,49.00,49.06,8800,45.65
2007-08-10,48.29,48.70,48.18,48.25,10000,44.90
2007-08-09,49.42,49.50,49.09,49.21,3200,45.79
2007-08-08,50.17,50.19,49.89,50.08,54800,46.60
2007-08-07,50.19,50.62,50.19,50.55,4300,47.04
2007-08-06,50.87,50.92,50.57,50.92,5400,47.38
2007-08-03,50.37,50.46,49.72,49.72,11700,46.27
2007-08-02,50.76,50.91,50.62,50.91,19000,47.37
2007-08-01,50.77,51.12,50.54,50.86,36400,47.33
2007-07-31,51.65,51.75,51.42,51.42,4000,47.85
2007-07-30,51.40,51.48,51.24,51.36,13700,47.79
2007-07-27,50.70,50.70,50.31,50.38,8500,46.88
2007-07-26,51.25,51.25,50.11,50.56,15400,47.05
2007-07-25,51.85,51.97,51.42,51.75,3300,48.16
2007-07-24,51.85,51.85,51.45,51.61,9800,48.02
2007-07-23,51.54,51.83,51.54,51.76,5400,48.16
2007-07-20,51.52,51.74,51.37,51.38,15900,47.81
2007-07-19,52.04,52.16,52.03,52.03,13600,48.42
2007-07-18,51.45,51.64,51.27,51.64,35100,48.05
2007-07-17,51.77,51.86,51.64,51.72,8200,48.13
2007-07-16,51.90,52.08,51.85,51.91,7600,48.30
2007-07-13,51.92,52.12,51.79,52.03,7500,48.42
2007-07-12,51.66,52.09,51.66,51.99,14400,48.38
2007-07-11,51.77,52.03,51.70,51.94,16200,48.33
2007-07-10,51.83,51.83,51.70,51.70,1300,48.11
2007-07-09,51.80,51.97,51.68,51.76,12300,48.16
2007-07-06,51.54,51.75,51.54,51.55,25600,47.97
2007-07-05,51.90,51.91,51.71,51.83,7300,48.23
2007-07-03,52.38,52.39,52.29,52.31,1500,48.68
2007-07-02,52.30,52.55,52.30,52.55,18800,48.90
2007-06-29,51.51,51.70,51.50,51.50,8600,47.92
2007-06-28,51.23,51.46,51.23,51.24,3100,47.68
2007-06-27,50.70,50.96,50.64,50.94,6500,47.40
2007-06-26,50.72,50.93,50.52,50.56,2500,47.05
2007-06-25,50.44,50.84,50.35,50.41,12200,46.91
2007-06-22,51.03,51.03,50.53,50.67,4500,47.15
2007-06-21,51.02,51.43,50.99,51.43,3700,47.86
2007-06-20,51.42,51.42,50.86,50.86,5500,47.33
2007-06-19,51.22,51.29,51.10,51.25,10700,47.69
2007-06-18,51.60,51.60,51.33,51.52,5000,47.94
2007-06-15,51.60,51.70,51.53,51.65,16100,48.06
2007-06-14,50.90,51.10,50.90,50.98,8200,47.44
2007-06-13,50.64,50.88,50.60,50.88,4900,47.35
2007-06-12,50.84,51.11,50.56,50.59,20600,47.08
2007-06-11,51.32,51.64,51.32,51.38,7600,47.81
2007-06-08,51.46,51.71,51.30,51.71,2900,48.12
2007-06-07,51.73,51.73,51.18,51.30,20200,47.74
2007-06-06,51.76,51.76,51.38,51.55,21200,47.97
2007-06-05,51.75,51.77,51.43,51.62,20800,48.03
2007-06-04,51.79,51.86,51.72,51.84,8300,48.24
2007-06-01,51.78,51.85,51.70,51.70,22200,48.11
2007-05-31,51.50,51.60,51.35,51.50,4600,47.92
2007-05-30,50.79,51.00,50.72,51.00,5500,47.46
2007-05-29,50.92,50.95,50.63,50.79,8500,47.26
2007-05-25,50.20,50.34,50.15,50.20,29200,46.71
2007-05-24,50.86,50.87,50.25,50.38,31000,46.88
2007-05-23,51.17,51.17,50.77,50.82,140300,47.29
2007-05-22,50.90,50.98,50.78,50.83,22800,47.30
2007-05-21,50.14,50.39,50.11,50.26,37400,46.77
2007-05-18,50.30,50.43,50.28,50.34,19000,46.84
2007-05-17,50.70,50.78,50.52,50.78,9100,47.25
2007-05-16,51.07,51.20,50.80,51.20,7500,47.64
2007-05-15,51.39,51.59,51.15,51.15,45800,47.60
2007-05-14,52.04,52.19,51.90,52.00,15000,48.39
2007-05-11,52.29,52.53,52.20,52.53,5300,48.88
2007-05-10,52.15,52.26,51.88,51.88,12300,48.28
2007-05-09,52.36,52.61,52.36,52.59,7900,48.94
2007-05-08,52.13,52.23,51.90,52.21,20300,48.58
2007-05-07,52.47,52.53,52.40,52.47,8100,48.83
2007-05-04,52.47,52.55,52.38,52.44,13700,48.80
2007-05-03,52.19,52.36,52.14,52.33,13700,48.69
2007-05-02,51.95,52.29,51.95,52.24,20500,48.61
2007-05-01,52.26,52.26,51.74,52.08,6200,48.46
2007-04-30,52.13,52.49,51.89,51.89,10200,48.29
2007-04-27,52.20,52.20,52.00,52.10,10800,48.48
2007-04-26,52.18,52.20,51.92,52.20,2800,48.57
2007-04-25,52.29,52.45,52.10,52.44,10600,48.80
2007-04-24,52.17,52.17,51.89,51.99,8500,48.38
2007-04-23,51.90,52.02,51.79,51.94,11900,48.33
2007-04-20,52.34,52.49,52.22,52.49,16400,48.84
2007-04-19,52.26,52.55,52.19,52.19,16200,48.56
2007-04-18,52.63,52.85,52.47,52.50,16400,48.85
2007-04-17,52.23,52.34,52.01,52.28,24800,48.65
2007-04-16,52.20,52.81,52.15,52.69,39200,49.03
2007-04-13,52.28,52.38,52.01,52.23,8500,48.60
2007-04-12,52.24,52.51,52.19,52.50,14800,48.85
2007-04-11,52.59,52.59,52.00,52.20,72100,48.57
2007-04-10,52.75,52.96,52.70,52.95,8600,49.27
2007-04-09,52.78,52.80,52.57,52.65,13500,48.99
2007-04-05,52.20,52.54,52.20,52.43,10400,48.79
2007-04-04,52.10,52.29,52.03,52.28,8300,48.65
2007-04-03,51.65,52.09,51.65,51.95,54600,48.34
2007-04-02,51.69,52.15,51.66,51.93,23100,48.32
2007-03-30,52.77,52.77,52.19,52.19,10600,48.56
2007-03-29,52.71,52.71,52.27,52.49,3300,48.84
2007-03-28,52.31,52.45,52.10,52.28,15400,48.65
2007-03-27,52.12,52.26,51.96,52.18,133900,48.56
2007-03-26,52.83,52.83,52.39,52.73,40400,49.07
2007-03-23,52.84,53.08,52.79,52.82,13800,49.15
2007-03-22,52.93,53.24,52.83,53.11,15200,49.42
2007-03-21,52.10,53.26,52.05,53.07,20200,49.38
2007-03-20,51.93,52.44,51.93,52.44,9200,48.80
2007-03-19,51.82,52.09,51.76,52.01,7800,48.40
2007-03-16,51.72,51.96,51.55,51.74,3900,48.15
2007-03-15,51.70,52.03,51.70,51.92,10800,48.31
2007-03-14,51.80,51.82,50.98,51.68,24000,48.09
2007-03-13,52.60,52.76,51.87,52.05,27600,48.43
2007-03-12,53.00,53.29,52.84,53.28,22400,49.58
2007-03-09,52.87,52.91,52.62,52.72,12300,49.06
2007-03-08,52.84,53.24,52.81,53.04,41200,49.36
2007-03-07,52.25,52.54,52.24,52.32,5000,48.69
2007-03-06,52.25,53.04,52.08,52.57,31000,48.92
2007-03-05,51.43,51.69,51.27,51.29,81800,47.73
2007-03-02,52.25,52.45,52.09,52.17,32400,48.55
2007-03-01,52.30,52.76,52.19,52.58,48600,48.93
2007-02-28,52.86,53.05,52.50,52.57,70500,48.92
2007-02-27,53.62,53.62,52.50,53.25,73600,49.55
2007-02-26,54.09,54.15,53.70,53.94,20700,50.19
2007-02-23,53.73,53.86,53.60,53.82,91000,50.08
2007-02-22,53.45,53.49,53.13,53.35,32900,49.64
2007-02-21,52.87,53.18,52.75,53.18,39500,49.49
2007-02-20,53.01,53.25,52.83,53.14,42500,49.45
2007-02-16,52.97,52.97,52.80,52.89,132900,49.22
2007-02-15,52.70,52.98,52.51,52.98,59700,49.30
2007-02-14,51.92,52.67,51.92,52.42,106200,48.78
2007-02-13,51.64,51.91,51.61,51.88,27000,48.28
2007-02-12,51.40,51.40,50.90,51.02,32600,47.48
2007-02-09,51.42,51.50,51.06,51.08,37000,47.53
2007-02-08,50.84,51.04,50.70,50.94,41500,47.40
2007-02-07,51.65,51.68,51.39,51.58,20700,48.00
2007-02-06,52.05,52.06,51.69,52.06,29400,48.44
2007-02-05,51.55,51.74,51.45,51.48,15400,47.90
2007-02-02,51.82,51.82,51.57,51.76,9200,48.16
2007-02-01,52.30,52.38,51.95,52.18,14100,48.56
2007-01-31,50.89,51.38,50.67,51.24,67400,47.68
2007-01-30,51.36,51.61,51.22,51.53,48400,47.95
2007-01-29,51.31,51.62,51.31,51.39,16900,47.82
2007-01-26,51.18,51.30,50.92,51.24,27100,47.68
2007-01-25,51.43,52.00,50.91,51.08,92600,47.53
2007-01-24,51.80,52.34,51.80,52.25,32900,48.62
2007-01-23,51.60,51.87,51.60,51.73,39900,48.14
2007-01-22,51.60,51.63,51.15,51.44,33900,47.87
2007-01-19,51.38,51.66,51.34,51.54,26000,47.96
2007-01-18,51.22,51.26,50.94,51.00,51300,47.46
2007-01-17,51.18,51.30,50.96,51.15,23900,47.60
2007-01-16,51.32,51.32,51.11,51.18,16000,47.62
2007-01-12,50.61,50.91,50.52,50.91,14500,47.37
2007-01-11,49.98,50.37,49.98,50.28,19100,46.79
2007-01-10,50.15,50.43,50.09,50.27,20600,46.78
2007-01-09,50.90,51.62,50.81,51.02,27900,47.48
2007-01-08,50.80,50.80,50.52,50.73,24600,47.21
2007-01-05,50.79,50.92,50.44,50.45,43000,46.95
2007-01-04,51.15,51.62,50.96,51.58,58300,48.00
2007-01-03,50.96,51.25,50.55,50.87,37300,47.34
2006-12-29,50.95,51.12,50.80,50.80,12900,47.27
2006-12-28,51.07,51.07,50.82,51.04,11500,47.49
2006-12-27,51.08,51.08,50.85,51.05,30200,47.50
2006-12-26,50.65,50.73,50.52,50.72,13800,47.20
2006-12-22,50.80,50.80,50.42,50.74,11600,47.22
2006-12-21,50.79,51.16,50.74,50.82,29400,47.29
2006-12-20,51.00,51.12,50.78,50.86,20400,47.33
2006-12-19,50.30,50.53,50.27,50.37,5300,46.87
2006-12-18,51.00,51.00,50.63,50.71,29400,47.19
2006-12-15,51.13,51.36,50.98,50.99,31100,47.45
2006-12-14,50.93,51.20,50.93,51.07,39400,47.52
2006-12-13,50.84,50.97,50.77,50.79,6300,47.26
2006-12-12,50.75,50.86,50.55,50.86,15500,47.33
2006-12-11,50.84,51.05,50.82,50.96,6200,47.42
2006-12-08,51.10,51.15,50.63,50.78,9100,47.25
2006-12-07,51.18,51.24,51.06,51.06,7500,47.51
2006-12-06,50.90,51.04,50.85,50.97,2700,47.43
2006-12-05,50.75,50.79,50.50,50.77,26800,47.24
2006-12-04,50.46,51.00,50.46,50.93,24100,47.39
2006-12-01,49.87,50.17,49.76,50.08,14700,46.60
2006-11-30,49.85,50.15,49.80,49.93,4700,46.46
2006-11-29,49.45,49.52,49.17,49.45,22300,46.01
2006-11-28,48.45,48.92,48.39,48.92,33000,45.52
2006-11-27,48.35,48.35,47.73,47.73,52900,44.41
2006-11-24,47.88,48.01,47.75,47.75,29700,44.43
2006-11-22,47.72,47.77,47.52,47.70,51500,44.39
2006-11-21,46.45,46.60,46.41,46.58,26700,43.34
2006-11-20,46.70,46.81,46.61,46.71,10900,43.47
2006-11-17,48.13,48.16,47.89,48.08,12600,44.74
2006-11-16,48.32,48.36,48.12,48.28,13000,44.93
2006-11-15,48.42,48.79,48.42,48.70,34600,45.32
2006-11-14,48.84,48.85,48.52,48.52,5800,45.15
2006-11-13,47.70,47.70,47.54,47.60,6900,44.29
2006-11-10,48.28,48.28,48.10,48.10,400,44.76
2006-11-09,48.24,48.53,48.24,48.28,3500,44.93
2006-11-08,48.53,48.91,48.44,48.89,3800,45.49
2006-11-07,49.70,49.86,49.46,49.49,4000,46.05
2006-11-06,49.50,50.05,49.49,49.90,33400,46.43
2006-11-03,49.74,49.74,49.58,49.64,3000,46.19
2006-11-02,49.75,49.96,49.73,49.80,11600,46.34
2006-11-01,50.20,50.20,49.68,49.68,13100,46.23
2006-10-31,49.70,49.92,49.64,49.76,1800,46.30
2006-10-30,49.65,49.88,49.58,49.71,3500,46.26
2006-10-27,50.07,50.12,49.77,49.78,60000,46.32
2006-10-26,50.11,50.33,49.87,50.28,26100,46.79
2006-10-25,49.85,50.19,49.85,50.19,1700,46.70
2006-10-24,49.80,50.10,49.80,50.05,15500,46.57
2006-10-23,49.85,50.23,49.82,50.23,46600,46.74
2006-10-20,50.00,50.00,49.74,49.82,13500,46.36
2006-10-19,49.96,50.10,49.91,50.08,8300,46.60
2006-10-18,49.30,49.54,49.19,49.44,19600,46.01
2006-10-17,49.07,49.09,48.84,49.09,24100,45.68
2006-10-16,49.11,49.20,49.07,49.19,6100,45.77
2006-10-13,48.34,48.59,48.34,48.45,5300,45.08
2006-10-12,47.93,48.27,47.93,48.23,22700,44.88
2006-10-11,47.77,48.06,47.70,47.80,14700,44.48
2006-10-10,48.80,48.80,48.56,48.66,21500,45.28
2006-10-09,48.85,48.90,48.73,48.74,31800,45.35
2006-10-06,49.27,49.29,49.12,49.23,2200,45.81
2006-10-05,50.16,50.25,50.11,50.25,2000,46.76
2006-10-04,49.51,50.17,49.51,50.17,21700,46.68
2006-10-03,50.00,50.26,49.65,50.11,8100,46.63
2006-10-02,50.40,50.69,50.40,50.52,2800,47.01
2006-09-29,50.10,50.10,49.99,49.99,1400,46.52
2006-09-28,50.07,50.18,49.92,50.18,800,46.69
2006-09-27,49.71,50.14,49.71,50.14,800,46.66
2006-09-26,49.35,49.43,49.18,49.34,3200,45.91
2006-09-25,49.44,49.74,49.44,49.74,3100,46.28
2006-09-22,49.59,49.59,49.33,49.33,700,45.90
2006-09-21,49.78,49.88,49.60,49.72,1700,46.27
2006-09-20,49.81,49.81,49.61,49.64,1500,46.19
2006-09-19,49.63,49.63,49.09,49.09,600,45.68
2006-09-18,49.07,49.52,49.07,49.45,24100,46.01
2006-09-15,49.63,49.63,49.28,49.42,4500,45.99
2006-09-14,49.24,49.32,49.21,49.21,1600,45.79
2006-09-13,49.50,49.56,49.28,49.47,46900,46.03
2006-09-12,49.50,49.80,49.50,49.80,1400,46.34
2006-09-11,50.10,50.29,49.84,50.29,3400,46.80
2006-09-08,50.88,50.92,50.75,50.92,3600,47.38
2006-09-07,51.27,51.27,50.34,50.68,7100,47.16
2006-09-06,52.03,52.06,51.03,51.03,12500,47.49
2006-09-05,52.35,52.35,51.72,52.07,15000,48.45
2006-09-01,51.41,51.71,51.24,51.39,3500,47.82
2006-08-31,51.87,51.87,51.09,51.12,1400,47.57
2006-08-30,51.65,51.65,51.11,51.40,3700,47.83
2006-08-29,51.50,51.64,51.06,51.64,1900,48.05
2006-08-28,50.51,50.80,50.42,50.61,1200,47.09
2006-08-25,51.18,51.28,50.98,50.98,1300,47.44
2006-08-24,51.81,51.95,51.81,51.95,2600,48.34
2006-08-23,53.00,53.00,51.21,51.67,1600,48.08
2006-08-22,51.37,51.37,51.20,51.33,500,47.76
2006-08-21,51.36,51.40,51.36,51.40,5400,47.83
2006-08-18,51.97,52.11,51.97,52.11,4400,48.49
2006-08-17,51.60,51.76,51.51,51.51,2400,47.93
2006-08-16,51.66,51.66,51.63,51.63,1800,48.04
2006-08-15,51.24,51.34,51.24,51.34,700,47.77
2006-08-14,50.35,50.35,50.35,50.35,400,46.85
2006-08-11,49.73,49.84,49.73,49.84,200,46.38
2006-08-10,49.66,49.86,49.66,49.86,400,46.40
2006-08-09,49.86,50.06,49.69,49.69,1900,46.24
2006-08-08,49.43,49.43,49.32,49.41,700,45.98
2006-08-07,49.15,49.15,49.08,49.08,300,45.67
2006-08-04,50.48,50.48,50.09,50.09,1000,46.61
2006-08-03,50.29,50.29,50.29,50.29,3900,46.80
2006-08-02,50.54,50.54,50.54,50.54,100,47.03
2006-08-01,49.25,49.50,49.25,49.50,500,46.06
2006-07-31,50.00,50.25,49.65,49.73,2000,46.28
2006-07-28,49.24,49.62,49.24,49.62,400,46.17
2006-07-27,48.66,48.74,48.24,48.24,2800,44.89
2006-07-26,47.52,47.70,47.52,47.70,400,44.39
2006-07-25,48.10,48.10,48.10,48.10,000,44.76
2006-07-24,48.11,48.11,48.10,48.10,1600,44.76
2006-07-21,47.80,47.80,47.49,47.49,600,44.19
2006-07-20,48.37,48.37,47.92,47.92,2100,44.59
2006-07-19,47.68,48.19,47.68,48.19,500,44.84
2006-07-18,46.59,46.66,46.50,46.66,800,43.42
2006-07-17,47.88,47.88,47.88,47.88,200,44.55
2006-07-14,48.70,48.70,48.27,48.31,800,44.95
2006-07-13,49.28,49.28,49.28,49.28,200,45.86
2006-07-12,50.30,50.30,49.51,49.51,4500,46.07
2006-07-11,50.99,51.12,50.98,50.98,900,47.44
2006-07-10,51.60,51.60,51.48,51.48,300,47.90
2006-07-07,51.93,51.93,50.99,50.99,600,47.45
2006-07-06,51.52,51.52,51.40,51.40,1300,47.83
2006-07-05,50.84,50.90,50.80,50.90,800,47.36
2006-07-03,51.75,51.75,51.75,51.75,000,48.16
2006-06-30,51.73,51.80,51.68,51.75,2800,48.16
2006-06-29,50.38,51.59,50.38,51.59,600,48.01
2006-06-28,49.58,49.58,49.58,49.58,200,46.14
2006-06-27,50.26,50.26,50.19,50.19,200,46.70
2006-06-26,41.05,50.03,40.56,40.72,639200,37.89
2006-06-23,41.10,50.13,40.87,41.12,715400,38.26
2006-06-22,40.47,50.84,40.40,41.07,1015800,38.22
2006-06-21,49.90,49.90,49.90,49.90,776100,46.43
2006-06-20,50.35,50.76,50.35,50.41,615300,46.91
2006-06-19,50.50,50.59,50.50,50.59,714400,47.08
2006-06-16,41.16,50.50,40.44,40.56,962100,37.74