2011-05-10,55.33,55.66,55.17,55.59,80200,55.59
2011-05-09,54.99,55.42,54.73,55.22,80000,55.22
2011-05-06,55.28,55.65,54.80,54.94,114600,54.94
2011-05-05,55.00,55.00,54.17,54.54,114400,54.54
2011-05-04,55.52,55.70,54.89,55.20,140000,55.20
2011-05-03,55.84,55.84,55.23,55.54,117000,55.54
2011-05-02,56.77,56.77,56.20,56.29,114000,56.29
2011-04-29,56.12,56.54,56.02,56.52,102000,56.52
2011-04-28,55.99,56.17,55.84,56.17,112500,56.17
2011-04-27,56.18,56.39,55.70,56.35,249400,56.35
2011-04-26,55.89,56.30,55.74,56.14,68600,56.14
2011-04-25,55.97,56.00,55.60,55.71,122200,55.71
2011-04-21,55.88,55.97,55.60,55.91,68200,55.91
2011-04-20,55.55,55.71,55.43,55.52,92200,55.52
2011-04-19,54.35,54.80,54.13,54.65,246800,54.65
2011-04-18,54.28,54.28,53.46,54.03,123200,54.03
2011-04-15,54.75,55.00,54.69,54.90,151200,54.90
2011-04-14,54.67,54.95,54.34,54.93,294300,54.93
2011-04-13,54.98,55.00,54.33,54.69,140500,54.69
2011-04-12,54.54,54.75,54.05,54.23,232600,54.23
2011-04-11,55.22,55.25,54.73,54.84,261900,54.84
2011-04-08,55.42,55.59,54.96,55.14,98800,55.14
2011-04-07,55.17,55.42,54.91,55.12,133500,55.12
2011-04-06,55.00,55.18,54.88,55.04,166500,55.04
2011-04-05,54.50,54.88,54.36,54.67,105100,54.67
2011-04-04,54.02,54.69,54.02,54.69,127300,54.69
2011-04-01,53.98,54.43,53.93,54.35,125300,54.35
2011-03-31,52.84,53.60,52.84,53.48,204300,53.48
2011-03-30,52.51,52.86,52.47,52.72,69400,52.72
2011-03-29,51.71,52.25,51.71,52.23,65600,52.23
2011-03-28,51.80,51.85,51.63,51.65,59600,51.65
2011-03-25,51.82,52.03,51.69,51.82,85900,51.82
2011-03-24,51.49,51.95,51.39,51.88,94800,51.88
2011-03-23,50.74,51.39,50.63,51.24,208900,51.24
2011-03-22,50.90,50.90,50.60,50.66,71300,50.66
2011-03-21,50.48,50.75,50.48,50.65,173000,50.65
2011-03-18,50.07,50.36,49.78,49.84,91500,49.74
2011-03-17,49.60,49.78,49.29,49.42,100900,49.32
2011-03-16,49.87,49.96,48.60,48.85,161700,48.75
2011-03-15,49.02,50.08,48.58,50.00,240500,49.89
2011-03-14,50.42,50.80,50.28,50.77,63000,50.66
2011-03-11,50.27,51.11,50.22,50.83,132100,50.72
2011-03-10,51.18,51.27,50.42,50.49,228800,50.38
2011-03-09,51.38,51.61,51.19,51.59,149800,51.48
2011-03-08,50.88,51.45,50.75,51.36,113800,51.25
2011-03-07,51.21,51.40,50.32,50.54,158400,50.43
2011-03-04,51.33,51.33,50.80,51.09,232200,50.98
2011-03-03,50.71,51.25,50.71,51.13,103900,51.02
2011-03-02,49.74,50.28,49.74,50.16,130700,50.05
2011-03-01,50.39,50.39,49.58,49.61,150600,49.51
2011-02-28,50.14,50.29,49.95,50.29,122800,50.18
2011-02-25,49.69,49.96,49.67,49.86,265500,49.75
2011-02-24,49.33,49.33,48.72,49.13,387300,49.03
2011-02-23,50.11,50.11,49.22,49.63,372400,49.53
2011-02-22,50.84,50.84,49.90,50.15,294000,50.04
2011-02-18,51.84,52.09,51.74,52.07,108600,51.96
2011-02-17,51.48,51.73,51.20,51.71,152500,51.60
2011-02-16,51.38,51.61,51.28,51.39,334800,51.28
2011-02-15,51.50,51.50,51.00,51.15,78400,51.04
2011-02-14,51.37,51.37,51.02,51.17,205200,51.06
2011-02-11,50.86,51.50,50.60,51.39,281000,51.28
2011-02-10,51.11,51.34,50.88,51.25,512100,51.14
2011-02-09,52.26,52.26,51.64,51.82,413100,51.71
2011-02-08,52.32,52.57,52.15,52.57,123400,52.46
2011-02-07,52.43,52.67,52.32,52.49,199200,52.38
2011-02-04,52.02,52.09,51.79,52.08,302600,51.97
2011-02-03,52.36,52.36,51.76,51.92,176800,51.81
2011-02-02,52.45,52.63,52.25,52.36,152300,52.25
2011-02-01,52.02,52.74,51.95,52.73,324700,52.62
2011-01-31,51.77,52.00,51.67,51.91,171500,51.80
2011-01-28,53.31,53.31,51.47,51.48,538600,51.37
2011-01-27,53.91,53.91,53.48,53.49,232900,53.38
2011-01-26,53.62,53.76,53.34,53.70,467600,53.59
2011-01-25,53.20,53.30,52.89,53.21,147900,53.10
2011-01-24,53.33,53.47,53.13,53.45,155300,53.34
2011-01-21,53.69,53.69,53.30,53.38,166600,53.27
2011-01-20,53.94,53.94,53.11,53.57,307200,53.46
2011-01-19,54.70,54.75,54.08,54.21,196000,54.10
2011-01-18,54.67,54.71,54.43,54.66,485900,54.54
2011-01-14,54.63,54.93,54.58,54.93,211400,54.81
2011-01-13,54.91,54.94,54.67,54.86,168100,54.74
2011-01-12,54.78,55.06,54.60,55.04,292700,54.92
2011-01-11,54.42,54.43,54.00,54.18,383600,54.07
2011-01-10,54.16,54.16,53.61,53.94,693500,53.83
2011-01-07,54.83,54.85,54.22,54.49,195100,54.38
2011-01-06,55.13,55.19,54.72,54.97,192400,54.85
2011-01-05,54.80,55.15,54.67,55.11,276300,54.99
2011-01-04,55.22,55.22,54.61,55.09,295000,54.97
2011-01-03,55.01,55.17,54.83,55.02,268700,54.90
2010-12-31,54.17,54.50,54.10,54.50,240300,54.39
2010-12-30,54.09,54.21,53.93,54.14,175600,54.03
2010-12-29,53.62,53.82,53.47,53.75,119700,53.64
2010-12-28,53.44,53.44,53.15,53.29,112200,53.18
2010-12-27,53.22,53.22,52.96,53.15,133800,53.04
2010-12-23,53.11,53.23,53.00,53.23,126500,53.12
2010-12-22,53.00,53.18,52.95,53.06,372100,52.95
2010-12-21,53.09,53.37,53.09,53.32,149700,52.92
2010-12-20,52.73,52.81,52.43,52.55,116800,52.16
2010-12-17,52.84,52.91,52.65,52.91,186000,52.51
2010-12-16,53.09,53.20,52.86,53.06,287600,52.66
2010-12-15,53.37,53.40,52.78,52.89,247200,52.49
2010-12-14,53.50,53.62,53.27,53.46,241800,53.06
2010-12-13,53.43,53.61,53.21,53.37,190100,52.97
2010-12-10,52.86,53.21,52.86,53.18,156000,52.78
2010-12-09,53.14,53.20,52.77,52.91,140500,52.51
2010-12-08,53.02,53.06,52.64,52.82,150400,52.42
2010-12-07,53.74,53.74,52.97,53.00,268900,52.60
2010-12-06,53.19,53.20,52.89,53.17,172800,52.77
2010-12-03,52.75,53.22,52.54,53.20,242000,52.80
2010-12-02,52.39,53.15,52.39,53.11,272800,52.71
2010-12-01,52.11,52.46,51.80,52.39,273500,52.00
2010-11-30,51.06,51.34,50.73,51.13,263100,50.75
2010-11-29,51.00,51.20,50.59,51.12,318600,50.74
2010-11-26,51.28,51.28,51.00,51.00,111100,50.62
2010-11-24,51.53,51.91,51.53,51.85,255300,51.46
2010-11-23,51.39,51.51,50.82,51.03,542200,50.65
2010-11-22,52.46,52.52,51.91,52.51,505900,52.12
2010-11-19,52.51,52.73,52.12,52.73,226700,52.33
2010-11-18,52.42,52.64,52.30,52.56,167600,52.16
2010-11-17,51.20,51.58,51.18,51.45,105800,51.06
2010-11-16,51.92,51.92,50.95,51.11,245600,50.73
2010-11-15,52.57,52.65,52.20,52.27,156700,51.88
2010-11-12,52.80,52.80,52.10,52.20,155800,51.81
2010-11-11,53.47,53.50,53.12,53.50,215400,53.10
2010-11-10,53.99,54.00,53.32,53.75,221900,53.35
2010-11-09,54.13,54.33,53.29,53.60,283500,53.20
2010-11-08,53.81,53.87,53.57,53.79,138800,53.39
2010-11-05,54.01,54.10,53.83,54.10,582100,53.69
2010-11-04,53.99,54.47,53.93,54.47,505300,54.06
2010-11-03,53.27,53.46,52.80,53.21,862300,52.81
2010-11-02,53.15,53.34,53.01,53.26,124700,52.86
2010-11-01,52.88,52.90,52.48,52.73,191300,52.33
2010-10-29,52.39,52.51,52.30,52.46,91600,52.07
2010-10-28,52.67,52.69,52.23,52.47,233800,52.08
2010-10-27,52.23,52.25,51.75,52.21,369200,51.82
2010-10-26,52.68,52.80,52.50,52.77,176600,52.37
2010-10-25,53.21,53.23,52.90,52.90,142600,52.50
2010-10-22,52.55,52.57,52.23,52.42,123800,52.03
2010-10-21,52.54,52.66,51.77,52.08,142900,51.69
2010-10-20,51.65,52.32,51.65,52.04,136900,51.65
2010-10-19,51.64,51.64,50.94,51.25,162300,50.86
2010-10-18,52.38,52.64,52.19,52.52,148800,52.13
2010-10-15,52.96,53.23,52.43,52.68,152900,52.28
2010-10-14,52.69,52.80,52.33,52.68,363000,52.28
2010-10-13,52.08,52.80,52.08,52.63,135200,52.23
2010-10-12,51.66,51.96,51.30,51.84,228000,51.45
2010-10-11,51.83,52.05,51.77,51.99,129000,51.60
2010-10-08,51.34,51.89,51.16,51.72,203000,51.33
2010-10-07,51.80,51.81,51.11,51.32,151900,50.93
2010-10-06,51.48,51.70,51.37,51.58,774500,51.19
2010-10-05,50.99,51.49,50.80,51.36,180100,50.97
2010-10-04,50.73,50.83,50.29,50.49,103100,50.11
2010-10-01,50.77,51.05,50.67,50.91,126500,50.53
2010-09-30,50.64,50.64,50.10,50.33,123900,49.95
2010-09-29,50.12,50.26,49.99,50.05,118600,49.67
2010-09-28,49.79,50.07,49.35,49.99,122600,49.61
2010-09-27,49.63,49.71,49.43,49.50,219600,49.13
2010-09-24,49.51,49.66,49.26,49.63,121300,49.26
2010-09-23,48.77,49.03,48.56,48.67,158500,48.30
2010-09-22,49.23,49.25,48.91,49.05,130000,48.68
2010-09-21,49.07,49.11,48.75,49.04,240700,48.67
2010-09-20,48.69,49.06,48.49,48.89,206700,48.52
2010-09-17,48.85,48.85,48.47,48.62,159000,47.81
2010-09-16,48.44,48.67,48.42,48.67,74500,47.86
2010-09-15,48.53,48.72,48.23,48.66,91800,47.85
2010-09-14,48.44,48.76,48.25,48.59,363400,47.78
2010-09-13,48.18,48.52,48.18,48.45,189200,47.64
2010-09-10,47.71,47.88,47.60,47.85,260500,47.05
2010-09-09,47.52,47.65,47.34,47.50,127200,46.70
2010-09-08,46.88,47.25,46.88,47.09,142300,46.30
2010-09-07,47.00,47.03,46.58,46.60,125900,45.82
2010-09-03,47.39,47.39,47.08,47.19,157100,46.40
2010-09-02,46.69,46.88,46.44,46.88,203800,46.10
2010-09-01,46.19,46.70,46.19,46.54,454100,45.76
2010-08-31,45.29,45.67,45.10,45.51,97100,44.75
2010-08-30,45.72,45.80,45.33,45.36,157800,44.60
2010-08-27,45.24,45.91,44.95,45.78,75600,45.01
2010-08-26,45.32,45.37,44.87,44.98,123400,44.23
2010-08-25,44.86,45.16,44.55,45.04,185000,44.29
2010-08-24,45.47,45.56,45.19,45.38,192300,44.62
2010-08-23,46.17,46.27,45.81,45.83,242200,45.06
2010-08-20,45.82,45.97,45.56,45.89,50200,45.12
2010-08-19,46.12,46.28,45.50,45.73,127100,44.96
2010-08-18,46.02,46.40,46.00,46.31,91700,45.53
2010-08-17,45.93,46.25,45.80,46.05,90600,45.28
2010-08-16,45.10,45.54,45.00,45.47,120900,44.71
2010-08-13,44.89,45.19,44.89,45.02,56100,44.27
2010-08-12,44.30,44.86,44.30,44.80,99800,44.05
2010-08-11,45.27,45.27,44.66,44.72,177200,43.97
2010-08-10,45.98,46.18,45.66,46.08,81700,45.31
2010-08-09,46.52,46.67,46.46,46.52,95100,45.74
2010-08-06,46.13,46.28,45.88,46.22,214300,45.45
2010-08-05,46.08,46.10,45.69,46.09,109400,45.32
2010-08-04,46.14,46.23,45.82,46.20,568700,45.43
2010-08-03,45.88,45.91,45.46,45.69,554300,44.93
2010-08-02,45.55,46.12,45.55,45.95,127800,45.18
2010-07-30,44.69,45.19,44.51,44.94,94600,44.19
2010-07-29,45.00,45.14,44.38,44.77,56500,44.02
2010-07-28,44.59,44.63,44.25,44.45,68600,43.71
2010-07-27,44.96,44.96,44.47,44.69,96600,43.94
2010-07-26,44.37,44.80,44.25,44.79,180700,44.04
2010-07-23,43.95,44.45,43.65,44.43,425200,43.69
2010-07-22,43.58,44.24,43.58,44.14,57600,43.40
2010-07-21,43.65,43.69,42.86,43.09,53700,42.37
2010-07-20,42.83,43.51,42.70,43.47,190900,42.74
2010-07-19,42.77,43.13,42.61,43.04,46700,42.32
2010-07-16,43.11,43.11,42.27,42.30,62000,41.59
2010-07-15,43.21,43.26,42.68,43.13,36700,42.41
2010-07-14,43.04,43.30,42.86,43.23,68600,42.51
2010-07-13,43.13,43.34,43.01,43.24,100100,42.52
2010-07-12,42.85,42.91,42.49,42.78,67800,42.06
2010-07-09,42.65,42.96,42.57,42.95,59800,42.23
2010-07-08,42.41,42.60,42.11,42.59,85300,41.88
2010-07-07,41.84,42.50,41.68,42.48,55100,41.77
2010-07-06,41.71,42.10,41.34,41.57,60900,40.87
2010-07-02,40.78,41.02,40.41,40.73,56600,40.05
2010-07-01,40.44,40.62,39.92,40.49,204600,39.81
2010-06-30,40.47,40.87,40.18,40.33,49000,39.65
2010-06-29,41.05,41.05,40.23,40.44,76700,39.76
2010-06-28,42.06,42.06,41.64,41.71,40700,41.01
2010-06-25,42.09,42.47,41.94,42.33,171500,41.08
2010-06-24,42.35,42.64,42.05,42.23,119600,40.98
2010-06-23,42.61,42.90,42.29,42.60,54600,41.34
2010-06-22,43.00,43.22,42.38,42.38,167000,41.13
2010-06-21,43.48,43.81,42.85,43.10,145000,41.83
2010-06-18,42.59,42.87,42.57,42.87,100700,41.61
2010-06-17,42.43,42.65,42.07,42.45,90400,41.20
2010-06-16,42.30,42.64,42.10,42.53,57700,41.28
2010-06-15,41.83,42.66,41.80,42.60,119200,41.34
2010-06-14,41.68,41.98,41.42,41.47,43700,40.25
2010-06-11,40.58,41.25,40.58,41.19,59900,39.98
2010-06-10,40.42,41.15,40.42,41.11,122100,39.90
2010-06-09,40.59,40.67,39.86,40.02,57100,38.84
2010-06-08,39.81,40.32,39.62,40.30,178300,39.11
2010-06-07,39.87,40.24,39.47,39.52,314000,38.35
2010-06-04,40.39,40.62,39.78,39.84,60400,38.66
2010-06-03,41.67,41.67,40.82,41.28,60900,40.06
2010-06-02,40.36,41.24,40.36,41.24,85900,40.02
2010-06-01,40.65,41.04,40.11,40.11,259100,38.93
2010-05-28,41.35,41.63,40.85,41.03,64000,39.82
2010-05-27,40.80,41.46,40.58,41.46,89500,40.24
2010-05-26,39.58,40.31,39.15,39.20,155000,38.04
2010-05-25,38.21,39.37,37.70,39.30,154400,38.14
2010-05-24,40.14,40.57,39.93,40.04,76300,38.86
2010-05-21,38.79,40.29,38.73,40.02,893400,38.84
2010-05-20,40.64,40.64,39.27,39.45,140200,38.29
2010-05-19,41.46,41.95,41.07,41.64,67200,40.41
2010-05-18,43.41,44.18,41.85,42.02,55900,40.78
2010-05-17,42.77,43.00,41.94,42.84,58900,41.58
2010-05-14,43.29,43.62,42.61,42.92,60500,41.65
2010-05-13,43.96,44.03,43.47,43.55,60700,42.27
2010-05-12,43.96,44.38,43.71,43.88,114600,42.59
2010-05-11,43.49,44.10,43.16,43.50,95000,42.22
2010-05-10,42.56,44.47,42.56,44.07,109200,42.77
2010-05-07,41.50,42.12,40.72,41.56,284000,40.33
2010-05-06,42.59,43.04,36.90,41.03,342100,39.82
2010-05-05,43.13,43.60,42.75,42.99,213600,41.72
2010-05-04,45.12,45.12,44.00,44.10,113300,42.80
2010-05-03,45.70,45.82,45.26,45.61,117700,44.26
2010-04-30,46.12,46.12,45.20,45.28,108600,43.94
2010-04-29,45.85,46.16,45.71,46.08,91100,44.72
2010-04-28,45.22,45.74,45.06,45.36,140000,44.02
2010-04-27,46.02,46.02,44.65,44.84,110600,43.52
2010-04-26,46.63,46.63,46.19,46.28,98900,44.91
2010-04-23,45.94,46.29,45.67,46.29,83400,44.92
2010-04-22,45.69,46.00,45.20,45.99,79200,44.63
2010-04-21,45.96,45.96,45.45,45.62,71500,44.27
2010-04-20,45.83,45.83,45.44,45.75,109200,44.40
2010-04-19,44.89,44.95,44.36,44.86,112500,43.54
2010-04-16,46.28,46.28,45.09,45.54,126300,44.20
2010-04-15,46.52,46.63,46.27,46.48,124100,45.11
2010-04-14,45.90,46.47,45.89,46.42,283000,45.05
2010-04-13,45.67,45.77,45.39,45.63,63000,44.28
2010-04-12,45.90,45.97,45.75,45.86,130100,44.51
2010-04-09,45.79,46.04,45.68,45.99,621400,44.63
2010-04-08,45.34,45.74,45.04,45.68,346500,44.33
2010-04-07,45.89,45.89,45.50,45.75,761400,44.40
2010-04-06,45.72,46.00,45.52,45.91,118800,44.56
2010-04-05,45.29,45.83,45.29,45.83,68500,44.48
2010-04-01,45.17,45.42,45.15,45.42,81800,44.08
2010-03-31,44.67,44.84,44.40,44.71,61000,43.39
2010-03-30,44.40,44.67,44.35,44.62,96000,43.30
2010-03-29,44.20,44.42,44.20,44.38,96600,43.07
2010-03-26,43.86,44.10,43.62,43.75,102900,42.46
2010-03-25,43.86,44.08,43.59,43.66,170000,42.37
2010-03-24,43.88,43.88,43.57,43.65,63700,42.36
2010-03-23,44.05,44.12,43.64,44.12,55000,42.82
2010-03-22,43.66,43.95,43.45,43.86,67200,42.57
2010-03-19,44.36,44.36,43.67,43.87,48200,42.58
2010-03-18,44.18,44.20,43.88,44.10,97500,42.80
2010-03-17,43.86,44.39,43.86,44.26,71600,42.95
2010-03-16,43.16,43.55,43.16,43.55,72900,42.27
2010-03-15,43.33,43.38,42.84,43.06,61500,41.79
2010-03-12,43.65,43.65,43.39,43.52,42600,42.24
2010-03-11,43.20,43.58,43.20,43.58,73600,42.29
2010-03-10,43.50,43.82,43.38,43.42,176100,42.14
2010-03-09,42.98,43.57,42.98,43.24,323900,41.96
2010-03-08,43.32,43.40,43.20,43.20,85200,41.93
2010-03-05,42.61,43.09,42.58,43.01,108500,41.74
2010-03-04,42.50,42.54,42.16,42.34,220400,41.09
2010-03-03,42.66,42.77,42.28,42.42,677900,41.17
2010-03-02,42.49,42.56,42.18,42.27,76800,41.02
2010-03-01,41.91,42.11,41.84,42.06,265500,40.82
2010-02-26,41.19,41.36,41.00,41.36,69500,40.14
2010-02-25,40.74,41.12,40.35,40.99,92700,39.78
2010-02-24,41.19,41.55,41.15,41.45,44100,40.23
2010-02-23,41.55,41.55,41.00,41.08,128400,39.87
2010-02-22,42.05,42.05,41.55,41.61,76800,40.38
2010-02-19,41.82,41.93,41.58,41.84,210800,40.61
2010-02-18,41.57,42.16,41.54,42.12,127300,40.88
2010-02-17,42.00,42.14,41.66,41.78,167300,40.55
2010-02-16,41.20,41.66,40.99,41.64,81700,40.41
2010-02-12,40.73,40.94,40.32,40.91,208600,39.70
2010-02-11,40.69,41.15,40.37,41.05,33600,39.84
2010-02-10,40.69,40.73,40.05,40.30,79200,39.11
2010-02-09,39.94,40.58,39.82,40.36,121600,39.17
2010-02-08,39.69,39.74,39.25,39.32,80200,38.16
2010-02-05,39.50,39.91,38.61,39.74,447800,38.57
2010-02-04,41.27,41.27,40.14,40.14,106900,38.96
2010-02-03,41.50,41.74,41.38,41.68,669000,40.45
2010-02-02,41.35,42.03,41.00,41.57,40300,40.34
2010-02-01,41.07,41.70,40.60,41.47,125900,40.25
2010-01-29,41.70,41.84,40.86,41.05,119000,39.84
2010-01-28,41.58,41.62,40.88,41.13,150600,39.92
2010-01-27,41.00,41.20,40.69,41.20,92400,39.98
2010-01-26,41.60,41.67,41.17,41.25,138100,40.03
2010-01-25,42.46,42.62,42.23,42.41,79600,41.16
2010-01-22,42.60,42.88,42.00,42.00,84300,40.76
2010-01-21,44.00,44.00,42.88,43.02,141200,41.75
2010-01-20,44.44,44.44,43.80,44.22,77400,42.92
2010-01-19,44.22,44.94,44.22,44.93,79000,43.60
2010-01-15,44.55,44.86,44.08,44.11,111100,42.81
2010-01-14,44.50,44.60,44.32,44.48,69100,43.17
2010-01-13,44.38,44.97,44.05,44.53,123800,43.22
2010-01-12,44.47,44.48,44.02,44.20,71000,42.90
2010-01-11,44.87,45.15,44.50,44.60,58800,43.28
2010-01-08,44.34,44.62,44.20,44.39,102800,43.08
2010-01-07,44.18,44.42,43.92,44.24,226900,42.94
2010-01-06,44.54,44.60,44.19,44.46,710100,43.15
2010-01-05,44.48,44.55,44.02,44.22,107500,42.92
2010-01-04,43.61,44.38,43.61,44.38,164600,43.07
2009-12-31,43.17,43.33,43.05,43.05,97900,41.78
2009-12-30,42.90,43.14,42.80,43.04,122800,41.77
2009-12-29,42.59,42.74,42.45,42.63,58400,41.37
2009-12-28,42.66,42.90,42.40,42.60,81700,41.34
2009-12-24,42.20,42.61,42.20,42.47,87400,41.22
2009-12-23,41.86,41.97,41.60,41.97,51600,40.73
2009-12-22,41.90,41.90,41.68,41.86,90200,40.63
2009-12-21,41.92,41.93,41.57,41.65,76400,40.42
2009-12-18,42.18,42.18,41.62,41.83,81800,40.20
2009-12-17,41.62,41.86,41.53,41.70,109900,40.07
2009-12-16,42.52,42.58,42.15,42.35,40800,40.70
2009-12-15,42.34,42.46,42.13,42.28,145600,40.63
2009-12-14,42.19,42.60,42.19,42.58,34400,40.92
2009-12-11,42.19,42.31,41.88,42.25,39400,40.60
2009-12-10,41.85,41.97,41.74,41.94,65900,40.30
2009-12-09,41.66,41.87,41.41,41.84,168800,40.21
2009-12-08,41.89,41.89,41.30,41.34,35200,39.73
2009-12-07,41.92,42.19,41.82,41.99,39400,40.35
2009-12-04,42.57,42.57,41.53,41.78,53300,40.15
2009-12-03,42.00,42.14,41.72,41.72,59300,40.09
2009-12-02,42.00,42.17,41.77,41.88,54400,40.24
2009-12-01,41.36,41.92,41.36,41.67,94700,40.04
2009-11-30,41.02,41.02,40.61,40.98,65000,39.38
2009-11-27,40.22,40.94,39.80,40.76,58100,39.17
2009-11-25,41.63,41.94,41.63,41.94,60800,40.30
2009-11-24,41.62,41.67,41.27,41.60,58100,39.98
2009-11-23,42.02,42.84,41.55,41.69,41800,40.06
2009-11-20,41.14,41.24,41.01,41.24,26300,39.63
2009-11-19,41.64,41.64,41.01,41.35,43800,39.74
2009-11-18,41.86,41.93,41.62,41.80,68900,40.17
2009-11-17,41.89,41.89,41.40,41.86,56800,40.23
2009-11-16,42.18,42.55,42.05,42.33,66500,40.68
2009-11-13,41.19,41.43,41.00,41.39,78200,39.77
2009-11-12,41.27,41.34,40.60,40.89,74100,39.29
2009-11-11,41.33,41.51,41.08,41.35,48600,39.74
2009-11-10,40.88,41.04,40.50,40.90,102000,39.30
2009-11-09,40.61,41.32,40.49,41.32,96500,39.71
2009-11-06,40.00,40.20,39.77,40.11,40900,38.54
2009-11-05,39.89,40.26,39.82,40.26,47700,38.69
2009-11-04,39.34,39.97,39.30,39.67,94300,38.12
2009-11-03,38.54,38.78,38.17,38.69,115400,37.18
2009-11-02,39.11,39.58,38.46,38.86,135000,37.34
2009-10-30,39.87,40.00,38.62,38.98,189300,37.46
2009-10-29,39.50,40.35,39.50,40.27,152300,38.70
2009-10-28,40.45,40.45,39.00,39.06,196800,37.53
2009-10-27,41.12,41.12,40.43,40.76,40200,39.17
2009-10-26,42.04,42.04,40.75,40.81,74400,39.22
2009-10-23,41.80,41.80,41.25,41.35,44200,39.74
2009-10-22,41.54,41.83,41.10,41.80,93500,40.17
2009-10-21,41.74,42.14,41.45,41.45,64100,39.83
2009-10-20,42.28,42.28,41.38,41.75,134400,40.12
2009-10-19,42.04,42.50,41.80,42.49,75200,40.83
2009-10-16,41.68,41.77,41.28,41.52,42900,39.90
2009-10-15,41.67,42.13,41.45,41.90,71500,40.26
2009-10-14,42.13,42.50,42.02,42.48,96200,40.82
2009-10-13,41.60,41.60,41.25,41.54,53200,39.92
2009-10-12,41.75,41.75,41.32,41.55,89200,39.93
2009-10-09,41.39,41.41,41.05,41.33,159200,39.72
2009-10-08,41.46,41.64,41.07,41.31,91200,39.70
2009-10-07,41.10,41.13,40.75,40.98,105600,39.38
2009-10-06,43.30,43.30,40.63,41.09,116500,39.49
2009-10-05,39.65,40.54,39.60,40.52,50600,38.94
2009-10-02,39.14,39.53,39.00,39.37,68800,37.83
2009-10-01,40.48,40.48,39.45,39.47,251100,37.93
2009-09-30,40.42,40.53,39.88,40.53,123800,38.95
2009-09-29,40.24,40.24,39.90,40.09,128300,38.52
2009-09-28,39.89,40.27,39.55,40.09,119800,38.52
2009-09-25,39.76,40.07,39.50,39.70,45500,38.15
2009-09-24,40.50,40.50,39.27,39.56,64400,38.02
2009-09-23,40.54,40.54,39.87,40.02,50000,38.46
2009-09-22,40.75,40.75,40.43,40.72,38200,39.13
2009-09-21,40.36,41.15,39.61,40.32,45300,38.75
2009-09-18,40.65,41.32,40.57,40.88,67800,38.92
2009-09-17,40.52,40.86,40.21,40.53,60300,38.58
2009-09-16,40.05,40.80,40.05,40.77,43300,38.81
2009-09-15,39.66,39.82,39.38,39.62,95100,37.72
2009-09-14,39.12,39.76,39.01,39.62,66600,37.72
2009-09-11,39.52,39.73,39.41,39.58,27300,37.68
2009-09-10,38.90,39.32,38.61,39.31,62900,37.42
2009-09-09,39.06,39.19,38.88,38.99,76800,37.12
2009-09-08,39.14,39.14,38.80,39.00,73200,37.13
2009-09-04,38.19,38.75,38.19,38.71,17900,36.85
2009-09-03,38.01,38.09,37.83,38.09,16200,36.26
2009-09-02,36.88,37.56,36.88,37.43,55800,35.63
2009-09-01,37.31,37.90,36.73,36.80,538100,35.03
2009-08-31,37.32,37.32,36.95,37.22,83200,35.43
2009-08-28,37.79,37.82,37.37,37.54,35100,35.74
2009-08-27,37.23,37.56,36.95,37.55,82400,35.75
2009-08-26,37.33,37.39,37.10,37.28,60500,35.49
2009-08-25,37.78,38.09,37.62,37.66,176100,35.85
2009-08-24,37.97,38.15,37.64,37.75,49800,35.94
2009-08-21,37.53,37.70,37.19,37.63,35900,35.82
2009-08-20,36.49,37.00,36.47,36.98,93900,35.20
2009-08-19,36.09,36.86,36.09,36.61,53700,34.85
2009-08-18,36.57,36.88,36.14,36.83,79100,35.06
2009-08-17,36.75,36.75,36.00,36.06,137000,34.33
2009-08-14,38.13,38.15,37.32,37.49,64900,35.69
2009-08-13,37.57,38.17,37.50,38.06,100200,36.23
2009-08-12,36.68,37.38,36.68,37.35,41200,35.56
2009-08-11,37.39,37.39,36.73,37.02,31500,35.24
2009-08-10,37.48,37.64,37.08,37.33,24800,35.54
2009-08-07,37.59,37.81,37.23,37.76,34000,35.95
2009-08-06,37.67,37.69,37.01,37.21,33300,35.42
2009-08-05,37.57,37.57,36.85,37.37,58300,35.58
2009-08-04,37.85,38.04,37.55,37.91,77400,36.09
2009-08-03,38.08,38.44,37.96,38.15,115400,36.32
2009-07-31,36.98,37.68,36.91,37.44,112300,35.64
2009-07-30,37.25,37.36,36.78,37.08,110700,35.30
2009-07-29,36.73,36.86,36.30,36.43,24200,34.68
2009-07-28,36.59,36.86,36.34,36.84,43000,35.07
2009-07-27,36.61,36.77,36.33,36.71,75400,34.95
2009-07-24,36.78,36.78,36.16,36.56,87600,34.80
2009-07-23,36.10,36.89,36.04,36.75,84800,34.98
2009-07-22,35.66,36.07,35.60,35.96,106400,34.23
2009-07-21,35.95,36.11,35.42,35.81,55700,34.09
2009-07-20,35.63,35.84,35.34,35.82,94700,34.10
2009-07-17,34.93,35.03,34.67,34.94,68000,33.26
2009-07-16,34.46,35.00,34.38,34.88,88600,33.20
2009-07-15,34.05,34.83,34.05,34.81,82500,33.14
2009-07-14,33.15,33.21,32.87,33.11,81100,31.52
2009-07-13,34.10,34.10,32.20,32.95,47500,31.37
2009-07-10,33.00,33.00,32.41,32.96,21200,31.38
2009-07-09,33.01,33.45,32.93,33.31,51000,31.71
2009-07-08,32.90,32.95,32.12,32.60,16500,31.03
2009-07-07,33.18,33.20,32.71,32.80,86300,31.22
2009-07-06,32.99,33.07,32.76,33.06,44500,31.47
2009-07-02,33.59,33.59,32.62,32.65,71000,31.08
2009-07-01,33.40,33.87,33.40,33.56,45000,31.95
2009-06-30,33.15,33.43,32.72,32.77,32100,31.20
2009-06-29,32.88,33.05,32.80,33.00,14700,31.41
2009-06-26,32.97,33.01,32.71,32.87,11200,31.29
2009-06-25,32.49,32.95,32.09,32.95,60700,31.37
2009-06-24,32.47,32.47,31.99,32.19,18000,30.64
2009-06-23,31.38,32.67,31.27,31.53,106100,30.02
2009-06-22,32.86,32.87,31.57,31.57,9600,30.05
2009-06-19,33.27,33.27,32.52,32.90,61700,31.00
2009-06-18,32.25,32.53,31.95,32.39,646000,30.52
2009-06-17,32.10,32.50,32.00,32.20,59200,30.34
2009-06-16,32.82,33.23,32.05,32.05,109700,30.20
2009-06-15,33.33,33.53,32.42,32.51,30200,30.64
2009-06-12,34.08,34.08,33.84,34.04,14900,32.08
2009-06-11,33.57,34.62,33.57,34.35,60000,32.37
2009-06-10,34.16,34.16,33.37,33.64,17900,31.70
2009-06-09,33.84,33.95,33.51,33.80,25800,31.85
2009-06-08,33.95,34.12,33.50,33.70,227300,31.76
2009-06-05,34.90,34.90,34.19,34.51,38500,32.52
2009-06-04,33.88,34.30,33.88,34.30,638000,32.32
2009-06-03,33.94,34.20,33.25,33.40,50000,31.47
2009-06-02,34.90,34.90,34.23,34.62,717100,32.62
2009-06-01,34.90,35.18,34.60,34.99,69400,32.97
2009-05-29,33.89,34.14,33.69,33.99,65900,32.03
2009-05-28,33.39,33.92,33.39,33.86,34900,31.91
2009-05-27,33.64,33.64,33.00,33.00,51100,31.10
2009-05-26,32.83,33.47,32.72,33.33,44900,31.41
2009-05-22,33.39,33.47,32.98,33.34,36100,31.42
2009-05-21,33.78,33.89,31.96,32.61,84900,30.73
2009-05-20,33.05,33.34,32.81,32.81,38500,30.92
2009-05-19,32.69,32.90,32.30,32.63,20200,30.75
2009-05-18,32.85,32.85,31.98,32.60,16100,30.72
2009-05-15,31.75,31.79,31.20,31.20,5900,29.40
2009-05-14,31.00,31.79,31.00,31.60,157500,29.78
2009-05-13,31.71,31.71,30.84,31.00,40200,29.21
2009-05-12,31.91,32.09,31.20,31.80,27200,29.97
2009-05-11,31.48,32.13,31.46,31.60,23900,29.78
2009-05-08,32.19,32.56,31.74,32.38,125400,30.51
2009-05-07,31.76,31.76,31.03,31.20,22500,29.40
2009-05-06,31.77,32.04,31.33,31.93,7300,30.09
2009-05-05,31.13,31.35,30.77,30.90,102200,29.12
2009-05-04,30.60,32.13,30.60,32.09,32200,30.24
2009-05-01,30.49,30.63,29.91,30.59,42100,28.83
2009-04-30,30.00,30.45,29.80,29.90,13900,28.18
2009-04-29,28.60,30.60,28.21,29.45,17400,27.75
2009-04-28,27.75,33.28,27.46,27.94,64200,26.33
2009-04-27,29.69,29.69,28.00,28.15,13100,26.53
2009-04-24,28.62,29.00,28.62,28.87,34600,27.21
2009-04-23,28.10,28.51,28.01,28.51,37100,26.87
2009-04-22,26.60,28.33,26.60,27.94,18700,26.33
2009-04-21,26.54,27.93,26.54,27.53,29200,25.94
2009-04-20,27.70,27.70,26.69,26.98,26100,25.42
2009-04-17,29.09,29.09,27.75,28.08,32300,26.46
2009-04-16,29.00,29.00,27.54,28.61,31800,26.96
2009-04-15,27.51,29.00,27.51,28.01,40400,26.40
2009-04-14,27.97,28.19,27.58,27.88,17300,26.27
2009-04-13,27.84,28.01,27.35,28.01,13700,26.40
2009-04-09,27.54,27.90,27.44,27.80,10600,26.20
2009-04-08,26.45,26.70,26.40,26.60,4000,25.07
2009-04-07,26.21,26.61,26.20,26.20,15300,24.69
2009-04-06,27.15,27.15,26.49,26.90,46600,25.35
2009-04-03,26.76,26.90,26.44,26.78,20900,25.24
2009-04-02,26.55,26.99,26.32,26.65,16400,25.11
2009-04-01,25.20,26.02,25.20,25.89,206700,24.40
2009-03-31,24.62,24.83,24.55,24.55,18900,23.13
2009-03-30,24.45,24.45,23.88,24.07,15000,22.68
2009-03-27,25.30,25.30,24.90,24.94,9000,23.50
2009-03-26,24.66,26.24,24.66,25.72,12200,24.24
2009-03-25,25.37,25.37,24.52,25.05,3600,23.61
2009-03-24,26.90,26.90,24.56,24.56,6800,23.14
2009-03-23,26.56,26.56,24.44,25.27,30400,23.81
2009-03-20,23.91,24.23,23.60,23.63,18400,22.18
2009-03-19,24.19,24.19,23.58,23.76,8300,22.30
2009-03-18,23.34,24.32,23.21,24.00,9200,22.52
2009-03-17,23.21,23.90,22.97,23.75,4000,22.29
2009-03-16,23.58,23.70,23.14,23.21,11600,21.78
2009-03-13,23.17,23.17,22.74,23.13,17100,21.71
2009-03-12,22.51,23.03,22.31,22.90,9800,21.49
2009-03-11,21.94,22.44,21.94,22.25,1600,20.88
2009-03-10,22.10,22.54,22.10,22.38,3400,21.00
2009-03-09,19.88,21.59,19.88,21.22,5500,19.91
2009-03-06,21.02,21.39,20.77,21.39,13900,20.07
2009-03-05,23.23,23.23,20.95,21.01,25900,19.72
2009-03-04,21.69,22.09,21.51,21.66,20000,20.33
2009-03-03,21.14,21.14,20.76,21.08,9100,19.78
2009-03-02,21.44,21.44,20.69,20.69,9900,19.42
2009-02-27,21.31,21.90,21.31,21.85,32000,20.51
2009-02-26,22.25,22.32,21.90,21.90,12800,20.55
2009-02-25,22.22,22.53,21.96,22.53,10400,21.14
2009-02-24,21.81,22.86,21.81,22.86,13100,21.45
2009-02-23,22.65,22.65,21.59,21.61,27000,20.28
2009-02-20,22.50,22.51,21.83,22.19,22600,20.82
2009-02-19,22.84,22.84,22.64,22.68,5800,21.28
2009-02-18,22.77,22.80,22.51,22.51,12700,21.12
2009-02-17,22.98,22.98,22.41,22.44,43300,21.06
2009-02-13,23.93,23.93,23.48,23.65,8200,22.19
2009-02-12,23.27,23.53,22.81,23.53,16300,22.08
2009-02-11,23.47,23.63,23.22,23.56,10300,22.11
2009-02-10,24.09,24.09,22.95,22.95,12300,21.54
2009-02-09,24.01,24.01,23.70,23.95,4000,22.48
2009-02-06,23.35,24.38,23.35,24.21,10900,22.72
2009-02-05,22.81,23.66,22.81,23.55,6900,22.10
2009-02-04,23.02,23.38,23.02,23.17,2800,21.74
2009-02-03,22.80,23.11,22.62,23.11,18600,21.69
2009-02-02,22.26,22.72,22.26,22.66,10400,21.27
2009-01-30,22.95,22.95,22.31,22.35,22700,20.97
2009-01-29,23.45,23.45,22.79,22.82,30900,21.42
2009-01-28,23.50,23.76,23.26,23.60,38000,22.15
2009-01-27,23.00,23.16,22.72,23.07,15800,21.65
2009-01-26,22.96,22.98,22.35,22.70,14700,21.30
2009-01-23,22.02,22.58,21.85,22.45,26800,21.07
2009-01-22,22.50,22.50,21.99,22.37,13200,20.99
2009-01-21,21.97,22.51,21.01,22.51,8500,21.12
2009-01-20,22.70,22.70,21.85,21.95,43600,20.60
2009-01-16,23.11,23.27,22.64,22.95,12700,21.54
2009-01-15,22.70,23.12,22.05,22.96,53500,21.55
2009-01-14,23.41,23.41,22.65,22.71,32000,21.31
2009-01-13,23.80,23.80,23.25,23.68,4200,22.22
2009-01-12,23.50,23.60,23.37,23.40,13500,21.96
2009-01-09,24.30,24.30,23.92,23.92,55500,22.45
2009-01-08,24.32,24.32,23.94,24.23,65400,22.74
2009-01-07,25.10,25.10,24.39,24.39,70100,22.89
2009-01-06,25.25,25.27,24.75,25.27,50500,23.71
2009-01-05,24.89,24.92,24.37,24.76,28300,23.24
2009-01-02,24.52,24.93,24.04,24.93,28200,23.40
2008-12-31,23.43,24.33,23.43,24.30,13000,22.80
2008-12-30,23.55,24.03,23.55,23.65,16900,22.19
2008-12-29,23.15,23.44,23.10,23.35,13300,21.91
2008-12-26,23.50,23.55,22.74,23.15,24800,21.73
2008-12-24,22.54,23.32,22.54,23.07,6200,21.65
2008-12-23,22.54,23.10,22.54,22.59,15300,21.20
2008-12-22,24.26,24.26,22.74,23.25,33400,21.82
2008-12-19,25.19,25.35,24.79,25.17,7100,22.47
2008-12-18,25.29,25.45,24.89,25.02,65700,22.34
2008-12-17,24.32,25.27,24.32,24.90,11100,22.23
2008-12-16,23.48,25.01,23.48,24.70,12000,22.05
2008-12-15,24.13,24.14,23.17,23.45,49200,20.94
2008-12-12,23.36,24.16,23.36,24.00,21200,21.43
2008-12-11,24.31,24.44,23.41,23.65,65800,21.12
2008-12-10,23.24,23.75,23.24,23.54,11600,21.02
2008-12-09,22.22,23.28,22.22,22.76,25600,20.32
2008-12-08,22.60,23.35,22.60,22.91,35000,20.46
2008-12-05,21.04,22.68,21.01,22.36,90100,19.97
2008-12-04,21.08,22.23,21.08,21.29,61900,19.01
2008-12-03,21.91,22.55,21.83,22.50,12800,20.09
2008-12-02,22.25,22.57,22.01,22.33,7700,19.94
2008-12-01,22.68,22.68,21.19,21.45,33400,19.15
2008-11-28,22.91,22.93,22.60,22.60,14400,20.18
2008-11-26,21.96,23.00,21.69,22.93,88900,20.47
2008-11-25,21.90,22.57,21.44,22.07,139700,19.71
2008-11-24,26.14,26.14,21.51,22.32,30300,19.93
2008-11-21,20.57,22.00,20.07,21.81,72400,19.47
2008-11-20,21.06,22.10,19.93,20.04,26000,17.89
2008-11-19,22.06,22.23,20.90,20.90,7200,18.66
2008-11-18,22.20,22.52,21.77,22.45,24500,20.05
2008-11-17,22.76,23.06,21.97,22.78,6500,20.34
2008-11-14,23.37,25.20,22.61,22.70,11000,20.27
2008-11-13,23.10,24.23,21.97,24.00,21900,21.43
2008-11-12,23.27,23.31,22.65,22.68,7000,20.25
2008-11-11,23.60,25.10,22.50,24.79,15300,22.13
2008-11-10,25.29,25.30,23.93,24.60,30000,21.97
2008-11-07,24.77,26.49,24.30,24.50,49100,21.88
2008-11-06,24.19,24.70,22.81,23.31,9100,20.81
2008-11-05,25.80,25.98,24.50,24.50,33000,21.88
2008-11-04,26.42,26.66,25.00,26.36,11000,23.54
2008-11-03,25.00,25.09,24.01,25.00,11700,22.32
2008-10-31,24.20,24.75,23.93,24.49,8800,21.87
2008-10-30,24.00,24.17,23.00,23.28,8700,20.79
2008-10-29,22.75,23.20,22.70,23.10,7800,20.63
2008-10-28,22.25,23.66,21.70,23.66,8700,21.13
2008-10-27,21.12,22.70,21.00,21.30,58600,19.02
2008-10-24,21.49,22.70,21.30,22.35,33300,19.96
2008-10-23,24.50,24.50,22.56,23.69,54000,21.15
2008-10-22,24.27,24.27,22.60,22.70,16700,20.27
2008-10-21,25.55,27.64,25.17,27.61,37900,24.65
2008-10-20,25.81,30.00,25.70,26.52,25600,23.68
2008-10-17,25.16,26.69,25.16,25.73,5700,22.97
2008-10-16,25.83,27.15,24.60,26.13,5400,23.33
2008-10-15,27.29,27.29,24.65,24.65,47700,22.01
2008-10-14,29.26,31.12,24.34,27.84,23600,24.86
2008-10-13,26.73,28.90,26.73,28.90,1100,25.80
2008-10-10,25.05,26.88,22.56,25.00,29000,22.32
2008-10-09,27.70,28.48,26.32,27.60,15800,24.64
2008-10-08,27.65,29.20,25.19,28.30,18800,25.27
2008-10-07,28.39,32.80,26.41,27.70,28900,24.73
2008-10-06,29.47,31.17,26.46,29.10,61200,25.98
2008-10-03,31.60,32.32,30.73,30.73,21500,27.44
2008-10-02,32.09,33.67,31.00,31.60,33900,28.22
2008-10-01,31.87,34.20,31.64,32.60,10200,29.11
2008-09-30,31.92,34.50,31.49,32.73,29200,29.22
2008-09-29,33.15,33.40,22.89,32.06,24300,28.63
2008-09-26,33.00,33.56,32.90,33.54,24800,29.95
2008-09-25,33.62,34.77,33.62,34.02,40900,30.38
2008-09-24,33.33,33.66,33.16,33.19,9100,29.64
2008-09-23,33.55,34.17,33.16,33.38,18300,29.80
2008-09-22,34.00,34.85,33.00,34.11,34900,30.46
2008-09-19,33.98,33.98,33.98,33.98,50200,30.34
2008-09-18,32.07,33.61,31.21,32.99,61700,29.46
2008-09-17,32.07,34.00,31.13,31.55,124100,28.17
2008-09-16,32.95,34.06,32.73,33.97,46300,30.33
2008-09-15,34.47,35.02,34.10,34.10,38100,30.45
2008-09-12,35.44,36.11,35.27,36.09,23500,32.22
2008-09-11,35.00,35.80,34.82,35.56,19800,31.75
2008-09-10,36.30,36.47,35.94,36.13,36500,32.26
2008-09-09,36.61,36.61,35.56,35.56,26700,31.75
2008-09-08,37.56,39.00,36.60,36.90,17200,32.95
2008-09-05,35.82,36.23,35.66,36.18,23700,32.30
2008-09-04,36.81,36.81,35.53,35.80,19400,31.97
2008-09-03,37.28,37.36,36.80,36.94,15500,32.98
2008-09-02,38.02,38.05,37.36,37.36,34300,33.36
2008-08-29,38.81,38.92,38.61,38.78,39400,34.63
2008-08-28,39.00,39.13,38.81,39.01,8300,34.83
2008-08-27,38.43,38.75,38.37,38.63,6100,34.49
2008-08-26,37.97,37.97,37.81,37.91,7800,33.85
2008-08-25,38.17,38.20,37.81,37.90,12000,33.84
2008-08-22,38.66,38.70,38.54,38.69,30000,34.55
2008-08-21,38.41,38.90,38.35,38.65,9300,34.51
2008-08-20,38.63,38.81,38.41,38.75,20200,34.60
2008-08-19,38.27,38.39,38.08,38.23,15500,34.14
2008-08-18,39.03,39.31,38.51,38.78,27700,34.63
2008-08-15,39.60,39.60,39.36,39.50,6400,35.27
2008-08-14,39.63,39.96,39.63,39.91,20000,35.64
2008-08-13,39.44,39.71,39.23,39.55,9400,35.31
2008-08-12,39.62,39.62,39.22,39.32,11800,35.11
2008-08-11,39.87,40.08,39.75,39.75,18600,35.49
2008-08-08,39.14,40.15,39.00,39.71,26000,35.46
2008-08-07,39.47,39.92,39.10,39.10,15700,34.91
2008-08-06,39.57,39.94,39.43,39.94,17600,35.66
2008-08-05,39.28,39.85,39.15,39.85,15000,35.58
2008-08-04,39.63,39.63,39.10,39.20,27100,35.00
2008-08-01,40.14,40.14,39.53,39.71,36100,35.46
2008-07-31,39.88,40.31,39.78,39.78,24200,35.52
2008-07-30,40.42,40.67,40.30,40.67,29900,36.31
2008-07-29,39.76,40.54,39.76,40.54,18100,36.20
2008-07-28,40.02,40.15,39.53,39.53,12300,35.30
2008-07-25,39.93,40.06,39.86,40.01,24800,35.72
2008-07-24,40.21,40.24,39.50,39.50,48300,35.27
2008-07-23,39.93,40.33,39.89,40.16,32200,35.86
2008-07-22,39.12,39.52,38.80,39.52,25600,35.29
2008-07-21,39.30,39.32,38.97,39.15,8600,34.96
2008-07-18,38.91,38.91,38.37,38.79,18900,34.64
2008-07-17,38.85,39.27,38.81,39.22,28600,35.02
2008-07-16,37.88,38.75,37.77,38.75,9300,34.60
2008-07-15,38.08,38.52,37.36,37.99,28700,33.92
2008-07-14,39.36,39.36,38.40,38.48,45100,34.36
2008-07-11,38.64,39.07,38.14,38.63,31500,34.49
2008-07-10,38.61,38.71,38.25,38.70,28600,34.55
2008-07-09,38.76,39.01,37.98,38.01,27600,33.94
2008-07-08,38.38,38.88,38.07,38.87,30300,34.71
2008-07-07,39.00,39.20,38.12,38.36,35200,34.25
2008-07-03,39.25,39.33,38.71,38.95,23600,34.78
2008-07-02,39.46,39.60,38.52,38.54,29800,34.41
2008-07-01,38.87,39.30,38.69,39.23,19400,35.03
2008-06-30,39.90,40.25,39.84,39.95,28900,35.67
2008-06-27,40.15,40.33,40.00,40.06,20700,35.77
2008-06-26,44.50,44.50,40.00,40.22,15500,35.91
2008-06-25,41.35,41.80,41.35,41.59,14200,37.14
2008-06-24,41.00,41.32,40.87,41.10,4900,36.70
2008-06-23,41.44,41.44,41.19,41.33,10800,36.90
2008-06-20,42.07,42.07,41.34,41.43,28100,36.99
2008-06-19,42.25,42.51,42.10,42.36,36200,37.82
2008-06-18,42.67,42.73,42.41,42.60,15800,38.04
2008-06-17,43.17,43.17,42.72,42.82,42300,38.23
2008-06-16,42.58,42.96,42.29,42.87,29800,38.28
2008-06-13,42.30,42.64,42.30,42.50,16800,37.95
2008-06-12,42.46,42.83,42.00,42.21,155100,37.69
2008-06-11,43.09,43.09,42.50,42.50,28900,37.95
2008-06-10,43.35,43.50,43.21,43.39,32800,38.74
2008-06-09,44.31,44.41,43.70,43.78,20800,39.09
2008-06-06,44.80,44.81,44.00,44.00,43200,39.29
2008-06-05,44.68,45.48,44.68,45.34,22700,40.48
2008-06-04,44.56,44.74,44.33,44.60,36500,39.82
2008-06-03,44.89,45.00,44.26,44.58,22800,39.81
2008-06-02,45.31,45.31,44.66,44.95,27700,40.14
2008-05-30,45.53,45.68,45.33,45.60,12200,40.72
2008-05-29,45.41,45.78,45.39,45.67,44600,40.78
2008-05-28,45.54,45.69,45.22,45.69,20900,40.80
2008-05-27,45.60,45.83,45.40,45.79,37800,40.89
2008-05-23,45.95,45.95,45.45,45.55,8400,40.67
2008-05-22,46.29,46.40,46.10,46.32,9500,41.36
2008-05-21,46.66,46.68,45.95,45.95,8600,41.03
2008-05-20,46.67,47.14,46.25,46.39,56200,41.42
2008-05-19,47.47,47.82,47.27,47.43,19100,42.35
2008-05-16,47.16,47.30,47.06,47.19,2600,42.14
2008-05-15,46.35,46.90,46.32,46.90,26700,41.88
2008-05-14,45.98,46.30,45.97,45.97,22900,41.05
2008-05-13,45.97,46.01,45.76,46.01,15700,41.08
2008-05-12,45.64,46.06,45.35,46.06,19400,41.13
2008-05-09,45.67,45.74,45.56,45.60,14700,40.72
2008-05-08,45.79,46.04,45.79,45.85,28500,40.94
2008-05-07,46.45,46.53,45.66,45.69,35300,40.80
2008-05-06,46.14,46.79,46.14,46.78,16000,41.77
2008-05-05,46.45,46.55,46.26,46.35,12200,41.39
2008-05-02,46.71,46.72,46.36,46.60,25000,41.61
2008-05-01,46.00,46.78,46.00,46.68,20200,41.68
2008-04-30,46.01,46.49,45.97,46.03,15400,41.10
2008-04-29,45.87,45.87,45.54,45.62,8700,40.73
2008-04-28,46.31,46.49,46.10,46.29,18000,41.33
2008-04-25,47.00,47.00,46.02,46.32,9100,41.36
2008-04-24,46.45,46.92,46.16,46.80,11400,41.79
2008-04-23,46.56,46.79,46.35,46.74,7900,41.73
2008-04-22,46.21,46.45,46.14,46.27,2900,41.31
2008-04-21,46.26,46.47,46.20,46.47,14400,41.49
2008-04-18,46.47,46.63,46.27,46.43,12900,41.46
2008-04-17,45.66,45.91,45.57,45.78,16800,40.88
2008-04-16,45.87,46.25,45.66,46.25,11400,41.30
2008-04-15,45.16,45.32,44.71,45.32,18800,40.47
2008-04-14,44.82,44.88,44.62,44.72,11900,39.93
2008-04-11,44.90,45.12,44.48,44.54,10800,39.77
2008-04-10,45.10,45.45,44.86,45.16,126600,40.32
2008-04-09,44.79,44.86,44.20,44.39,24600,39.64
2008-04-08,44.65,44.81,44.56,44.73,10100,39.94
2008-04-07,45.14,45.32,44.76,44.88,19400,40.07
2008-04-04,44.61,44.82,44.50,44.68,7300,39.89
2008-04-03,44.28,45.23,44.17,44.68,24400,39.89
2008-04-02,44.87,44.97,44.60,44.67,28700,39.89
2008-04-01,46.19,46.19,44.60,45.40,40100,40.54
2008-03-31,45.49,45.49,44.05,44.51,11300,39.74
2008-03-28,44.65,44.65,44.00,44.00,8900,39.29
2008-03-27,44.89,44.89,43.92,43.92,19300,39.22
2008-03-26,44.46,44.46,43.95,43.95,23900,39.24
2008-03-25,44.40,44.71,44.04,44.58,158800,39.81
2008-03-24,45.37,45.37,44.05,44.38,37200,39.63
2008-03-20,42.82,43.57,42.44,43.48,36200,38.82
2008-03-19,43.38,43.54,41.96,41.99,14000,37.49
2008-03-18,43.34,43.80,43.14,43.80,28500,39.11
2008-03-17,41.87,42.85,41.72,42.53,29100,37.97
2008-03-14,44.00,44.00,42.50,42.97,20700,38.37
2008-03-13,44.76,44.76,43.16,44.27,24000,39.53
2008-03-12,44.62,44.81,44.25,44.25,16000,39.51
2008-03-11,44.49,44.98,43.90,44.93,27700,40.12
2008-03-10,43.63,43.63,42.47,42.59,38300,38.03
2008-03-07,43.98,44.65,43.49,43.80,29600,39.11
2008-03-06,44.91,44.91,43.94,43.94,15200,39.23
2008-03-05,45.02,45.51,44.79,45.10,10600,40.27
2008-03-04,44.79,44.89,43.83,44.45,22800,39.69
2008-03-03,44.79,45.04,44.51,44.85,19700,40.05
2008-02-29,45.39,45.45,44.51,44.66,32700,39.88
2008-02-28,45.17,45.53,45.16,45.30,9600,40.45
2008-02-27,46.79,46.79,45.38,45.74,23000,40.84
2008-02-26,45.06,45.88,44.97,45.78,26800,40.88
2008-02-25,44.73,45.36,44.53,45.36,20100,40.50
2008-02-22,44.27,44.47,43.75,44.47,25600,39.71
2008-02-21,44.38,44.46,43.52,43.52,24100,38.86
2008-02-20,43.71,44.70,43.69,44.70,13100,39.91
2008-02-19,44.83,44.88,44.14,44.26,17000,39.52
2008-02-15,43.68,43.75,43.25,43.75,29900,39.06
2008-02-14,43.91,43.94,43.10,43.10,12800,38.48
2008-02-13,44.79,44.79,43.00,43.60,17900,38.93
2008-02-12,42.90,43.40,42.81,42.81,21500,38.22
2008-02-11,41.78,42.39,41.48,42.27,25000,37.74
2008-02-08,41.30,41.68,40.97,41.45,36100,37.01
2008-02-07,40.87,41.93,40.62,41.52,18600,37.07
2008-02-06,42.09,42.24,41.09,41.10,101600,36.70
2008-02-05,42.52,42.60,41.50,41.50,51100,37.05
2008-02-04,43.40,43.40,43.12,43.32,11700,38.68
2008-02-01,42.77,43.26,42.67,43.21,27900,38.58
2008-01-31,41.42,43.39,41.29,42.68,23500,38.11
2008-01-30,41.67,42.95,41.64,42.05,48300,37.55
2008-01-29,42.14,42.31,41.69,42.13,22100,37.62
2008-01-28,41.71,42.54,41.40,42.54,33500,37.98
2008-01-25,42.89,43.16,41.64,41.64,33700,37.18
2008-01-24,41.90,42.89,41.90,42.56,60300,38.00
2008-01-23,40.61,42.64,39.89,42.48,70800,37.93
2008-01-22,41.01,43.76,40.90,43.01,28700,38.40
2008-01-18,44.04,44.13,42.88,43.41,67700,38.76
2008-01-17,44.14,44.25,42.50,42.60,29400,38.04
2008-01-16,44.53,44.78,43.46,43.90,67100,39.20
2008-01-15,45.93,45.93,44.85,45.12,21500,40.29
2008-01-14,48.31,48.31,46.22,46.57,46500,41.58
2008-01-11,45.95,46.27,45.76,45.81,16400,40.90
2008-01-10,45.91,47.17,45.85,46.77,20000,41.76
2008-01-09,46.14,46.38,45.53,46.38,13600,41.41
2008-01-08,47.30,47.30,45.50,45.52,25000,40.64
2008-01-07,45.81,45.87,45.33,45.47,43700,40.60
2008-01-04,46.46,46.46,45.43,45.47,15800,40.60
2008-01-03,46.63,46.71,46.39,46.43,10000,41.46
2008-01-02,47.17,47.21,46.08,46.24,23500,41.29
2007-12-31,47.62,47.62,47.16,47.17,20300,42.12
2007-12-28,47.25,47.33,46.81,47.06,5300,42.02
2007-12-27,46.84,46.90,46.35,46.36,5200,41.39
2007-12-26,46.15,47.03,46.15,46.88,14700,41.86
2007-12-24,44.35,46.83,44.35,46.83,5700,41.81
2007-12-21,45.55,45.97,45.53,45.97,34400,41.05
2007-12-20,45.11,45.11,44.69,44.99,21000,40.17
2007-12-19,45.31,45.66,45.17,45.29,7300,40.44
2007-12-18,45.19,45.26,44.51,45.17,11100,40.33
2007-12-17,46.05,46.05,44.25,44.35,29400,39.60
2007-12-14,47.38,47.38,46.16,46.19,6400,41.20
2007-12-13,47.00,47.27,46.60,47.27,19800,42.16
2007-12-12,48.29,48.35,47.45,47.83,5400,42.66
2007-12-11,49.34,49.34,46.63,46.75,64700,41.70
2007-12-10,48.52,48.82,48.51,48.61,31700,43.36
2007-12-07,48.84,48.86,48.58,48.60,28200,43.35
2007-12-06,48.19,49.20,48.19,49.20,19900,43.88
2007-12-05,47.40,48.89,47.40,48.89,15800,43.61
2007-12-04,48.56,48.56,47.41,47.46,12800,42.33
2007-12-03,46.75,48.00,46.75,47.56,7100,42.42
2007-11-30,48.10,48.11,47.40,47.53,15200,42.39
2007-11-29,47.15,47.74,47.11,47.37,9400,42.25
2007-11-28,46.50,47.86,46.46,47.86,27800,42.69
2007-11-27,45.88,46.50,45.84,46.50,10700,41.48
2007-11-26,46.41,46.56,44.51,44.51,26300,39.70
2007-11-23,45.30,46.73,45.30,46.67,12900,41.63
2007-11-21,46.39,47.17,45.73,45.87,37500,40.91
2007-11-20,47.62,48.29,46.92,47.67,9400,42.52
2007-11-19,48.09,49.88,47.00,47.04,27800,41.96
2007-11-16,48.79,48.95,48.23,48.64,9400,43.39
2007-11-15,48.88,49.14,47.90,48.21,14400,43.00
2007-11-14,50.76,50.76,49.07,49.07,25100,43.77
2007-11-13,48.30,50.37,48.30,50.36,38600,44.92
2007-11-12,48.69,48.75,47.19,47.19,29000,42.09
2007-11-09,49.60,50.11,48.11,49.35,44200,44.02
2007-11-08,50.52,50.80,48.51,49.74,72400,44.37
2007-11-07,51.80,51.80,49.81,49.81,46800,44.43
2007-11-06,51.62,52.06,51.02,52.06,54900,46.44
2007-11-05,50.49,50.88,50.10,50.62,48100,45.15
2007-11-02,51.12,51.23,50.30,51.06,83900,45.54
2007-11-01,51.60,51.60,50.45,50.46,165900,45.01
2007-10-31,52.01,52.71,51.60,52.55,93000,46.87
2007-10-30,51.66,51.74,51.38,51.40,39600,45.85