2011-05-10,54.52,55.05,54.52,54.99,21100,54.99
2011-05-09,54.16,54.55,54.04,54.51,19000,54.51
2011-05-06,54.83,54.84,53.84,53.86,13800,53.86
2011-05-05,54.57,54.57,53.45,53.78,28900,53.78
2011-05-04,54.98,55.09,54.44,54.68,19000,54.68
2011-05-03,55.18,55.55,54.84,55.12,16000,55.12
2011-05-02,55.70,56.05,55.61,55.61,24000,55.61
2011-04-29,55.44,55.86,55.44,55.66,20000,55.66
2011-04-28,55.09,55.61,55.09,55.60,15000,55.60
2011-04-27,54.45,55.13,54.28,55.08,30200,55.08
2011-04-26,54.35,54.59,54.18,54.46,24900,54.46
2011-04-25,54.06,54.20,53.86,54.19,15500,54.19
2011-04-21,54.37,54.37,53.96,54.16,12300,54.16
2011-04-20,53.61,53.89,53.61,53.88,19700,53.88
2011-04-19,52.59,52.96,52.57,52.91,21600,52.91
2011-04-18,52.52,52.52,51.91,52.47,27300,52.47
2011-04-15,52.97,53.43,52.97,53.09,26500,53.09
2011-04-14,53.11,53.48,53.11,53.32,16500,53.32
2011-04-13,52.98,53.15,52.67,52.87,13400,52.87
2011-04-12,52.87,53.12,52.57,52.68,40000,52.68
2011-04-11,53.35,53.60,53.05,53.18,7200,53.18
2011-04-08,53.50,53.71,53.24,53.41,9000,53.41
2011-04-07,53.11,53.11,52.56,52.94,28500,52.94
2011-04-06,52.96,53.31,52.89,53.18,35500,53.18
2011-04-05,52.66,53.13,52.60,52.98,24500,52.98
2011-04-04,53.20,53.31,53.06,53.24,13500,53.24
2011-04-01,53.05,53.20,52.59,53.04,28800,53.04
2011-03-31,53.01,53.20,52.90,53.05,15600,53.05
2011-03-30,52.64,53.37,52.64,53.20,32000,53.20
2011-03-29,52.07,52.58,52.07,52.49,15900,52.49
2011-03-28,52.30,52.53,52.16,52.16,19700,52.16
2011-03-25,52.55,52.71,52.16,52.16,26100,52.16
2011-03-24,52.14,52.79,52.14,52.62,30000,52.62
2011-03-23,51.73,52.10,51.45,51.88,29600,51.88
2011-03-22,52.07,52.20,51.80,52.07,27200,52.07
2011-03-21,51.78,52.06,51.64,52.06,22900,52.06
2011-03-18,51.00,51.08,50.62,50.92,33000,50.79
2011-03-17,49.87,50.05,49.46,49.70,34600,49.58
2011-03-16,49.31,49.33,47.61,48.26,25500,48.14
2011-03-15,48.13,49.57,47.58,49.39,102200,49.27
2011-03-14,50.60,50.93,50.37,50.89,42600,50.77
2011-03-11,51.70,52.31,51.52,52.23,27300,52.10
2011-03-10,52.74,52.74,52.04,52.04,21100,51.91
2011-03-09,53.50,53.53,53.30,53.41,30400,53.28
2011-03-08,52.99,53.47,52.91,53.27,15000,53.14
2011-03-07,53.78,53.87,52.96,53.33,18400,53.20
2011-03-04,53.77,53.77,53.14,53.54,20300,53.41
2011-03-03,53.55,53.82,53.34,53.74,21100,53.61
2011-03-02,53.06,53.26,52.94,53.12,10500,52.99
2011-03-01,53.50,53.72,52.82,53.00,19900,52.87
2011-02-28,53.30,53.43,53.09,53.29,24400,53.16
2011-02-25,52.63,52.84,52.57,52.75,15500,52.62
2011-02-24,52.30,52.31,51.73,52.11,21900,51.98
2011-02-23,52.42,52.55,51.91,52.25,26400,52.12
2011-02-22,52.50,52.74,52.00,52.02,38600,51.89
2011-02-18,53.52,53.74,53.40,53.60,27000,53.47
2011-02-17,53.09,53.51,53.09,53.49,17600,53.36
2011-02-16,52.80,53.19,52.77,53.19,16200,53.06
2011-02-15,52.69,52.89,52.61,52.72,18600,52.59
2011-02-14,52.93,53.14,52.80,53.11,25100,52.98
2011-02-11,52.59,53.05,52.39,53.00,14700,52.87
2011-02-10,52.91,53.11,52.52,53.00,12800,52.87
2011-02-09,53.60,53.60,53.25,53.39,30300,53.26
2011-02-08,53.62,53.64,53.30,53.56,79200,53.43
2011-02-07,53.01,53.41,53.01,53.32,14700,53.19
2011-02-04,53.13,53.13,52.81,53.11,15400,52.98
2011-02-03,52.85,53.09,52.54,53.02,30000,52.89
2011-02-02,52.96,53.05,52.83,52.92,16900,52.79
2011-02-01,52.67,53.36,52.65,53.30,19800,53.17
2011-01-31,52.11,52.38,52.00,52.15,34600,52.02
2011-01-28,52.58,52.60,51.57,51.66,36200,51.53
2011-01-27,52.65,52.72,52.47,52.69,29900,52.56
2011-01-26,52.61,52.76,52.44,52.63,30700,52.50
2011-01-25,52.11,52.28,51.89,52.28,16800,52.15
2011-01-24,52.11,52.42,52.01,52.34,28400,52.21
2011-01-21,52.07,52.16,51.86,52.05,11200,51.92
2011-01-20,52.11,52.14,51.65,51.95,24100,51.82
2011-01-19,52.76,52.86,52.25,52.29,34700,52.16
2011-01-18,52.56,52.74,52.50,52.59,42500,52.46
2011-01-14,52.08,52.46,51.95,52.40,14500,52.27
2011-01-13,52.49,52.63,52.04,52.10,53100,51.97
2011-01-12,51.80,52.24,51.70,52.19,49600,52.06
2011-01-11,51.24,51.48,51.07,51.48,80400,51.35
2011-01-10,50.60,50.83,50.42,50.83,19800,50.71
2011-01-07,51.27,51.27,50.50,50.87,113000,50.75
2011-01-06,51.52,51.61,50.96,51.10,29300,50.97
2011-01-05,51.31,51.70,51.31,51.65,46000,51.52
2011-01-04,52.33,52.33,51.58,51.96,48300,51.83
2011-01-03,51.88,52.26,51.88,52.03,46900,51.90
2010-12-31,51.22,51.94,51.21,51.77,27000,51.64
2010-12-30,51.37,51.42,51.09,51.37,26900,51.24
2010-12-29,51.01,51.41,51.01,51.31,21800,51.18
2010-12-28,50.71,50.71,50.31,50.41,23400,50.29
2010-12-27,50.06,50.44,50.06,50.43,20500,50.31
2010-12-23,50.36,50.50,50.30,50.41,46500,50.29
2010-12-22,50.35,50.40,50.13,50.39,34200,50.27
2010-12-21,50.64,50.75,50.57,50.71,19900,50.22
2010-12-20,50.62,50.62,50.26,50.51,17500,50.02
2010-12-17,50.28,50.52,50.17,50.52,29400,50.03
2010-12-16,50.15,50.49,50.05,50.49,178100,50.00
2010-12-15,50.49,50.56,49.98,50.14,23800,49.66
2010-12-14,50.53,50.95,50.48,50.61,14500,50.12
2010-12-13,50.24,50.72,50.19,50.47,131900,49.98
2010-12-10,49.73,49.85,49.50,49.77,17700,49.29
2010-12-09,49.60,49.73,49.37,49.68,14400,49.20
2010-12-08,49.64,49.77,49.33,49.74,24900,49.26
2010-12-07,50.00,50.09,49.51,49.55,13600,49.07
2010-12-06,49.29,49.62,49.29,49.55,70700,49.07
2010-12-03,49.13,49.62,49.09,49.56,21900,49.08
2010-12-02,48.21,49.09,48.21,48.97,35700,48.50
2010-12-01,47.66,48.24,47.66,48.19,21000,47.72
2010-11-30,46.82,47.28,46.72,47.10,9500,46.65
2010-11-29,47.19,47.61,46.98,47.58,13800,47.12
2010-11-26,47.76,47.82,47.68,47.80,9300,47.34
2010-11-24,48.23,48.39,48.18,48.38,26300,47.91
2010-11-23,48.09,48.09,47.43,47.63,31700,47.17
2010-11-22,48.83,49.15,48.44,49.13,24700,48.66
2010-11-19,49.01,49.33,48.83,49.32,28900,48.84
2010-11-18,48.95,49.24,48.95,49.19,25500,48.72
2010-11-17,48.22,48.41,48.08,48.20,24100,47.73
2010-11-16,48.58,48.58,47.66,47.84,24600,47.38
2010-11-15,49.07,49.28,48.84,48.84,17400,48.37
2010-11-12,49.26,49.37,48.59,48.87,14700,48.40
2010-11-11,49.51,49.51,49.20,49.27,37000,48.79
2010-11-10,50.05,50.17,49.51,50.13,27900,49.65
2010-11-09,50.61,50.72,49.70,49.77,22500,49.29
2010-11-08,50.42,50.49,50.21,50.43,23400,49.94
2010-11-05,50.86,50.89,50.60,50.75,30800,50.26
2010-11-04,50.79,51.17,50.79,51.05,28900,50.56
2010-11-03,49.89,50.10,49.28,50.10,29700,49.62
2010-11-02,49.91,49.95,49.72,49.82,23900,49.34
2010-11-01,49.63,49.63,49.08,49.31,34200,48.83
2010-10-29,49.28,49.49,49.17,49.47,24000,48.99
2010-10-28,49.27,49.27,48.84,49.15,13500,48.68
2010-10-27,48.94,48.95,48.41,48.95,20400,48.48
2010-10-26,49.20,49.40,49.06,49.27,31400,48.79
2010-10-25,49.77,49.83,49.45,49.49,18300,49.01
2010-10-22,49.13,49.20,49.04,49.20,10300,48.72
2010-10-21,49.36,49.49,48.78,49.10,31200,48.63
2010-10-20,48.80,49.45,48.76,49.18,27000,48.71
2010-10-19,48.82,49.05,48.21,48.51,21300,48.04
2010-10-18,49.41,49.80,49.32,49.62,18300,49.14
2010-10-15,49.59,49.59,49.11,49.27,29400,48.79
2010-10-14,49.49,49.63,49.30,49.59,23700,49.11
2010-10-13,49.24,49.53,49.15,49.20,51800,48.72
2010-10-12,48.63,48.98,48.33,48.93,23500,48.46
2010-10-11,49.09,49.17,48.86,49.01,23800,48.54
2010-10-08,48.73,49.17,48.65,49.17,31200,48.70
2010-10-07,49.12,49.12,48.43,48.67,29300,48.20
2010-10-06,48.60,48.84,48.32,48.58,102500,48.11
2010-10-05,48.12,48.73,47.94,48.61,44200,48.14
2010-10-04,47.52,47.56,47.03,47.37,29500,46.91
2010-10-01,47.94,48.03,47.66,48.03,23300,47.57
2010-09-30,47.96,47.98,47.19,47.42,23200,46.96
2010-09-29,47.61,47.93,47.55,47.64,41300,47.18
2010-09-28,47.27,47.71,47.09,47.60,21100,47.14
2010-09-27,47.28,47.49,47.18,47.30,67100,46.84
2010-09-24,46.79,47.16,46.79,47.16,26200,46.70
2010-09-23,46.15,46.42,45.93,46.03,19300,45.59
2010-09-22,46.69,46.82,46.40,46.58,14600,46.13
2010-09-21,46.18,46.75,46.09,46.34,25100,45.89
2010-09-20,45.82,46.36,45.74,46.29,82600,45.84
2010-09-17,46.06,46.06,45.68,45.87,39100,45.14
2010-09-16,45.88,46.02,45.67,46.02,10800,45.29
2010-09-15,45.83,46.24,45.59,46.11,24000,45.38
2010-09-14,45.80,46.33,45.68,46.20,19600,45.47
2010-09-13,45.78,45.88,45.68,45.88,19900,45.15
2010-09-10,45.23,45.28,45.13,45.20,10700,44.48
2010-09-09,45.27,45.28,44.91,45.07,18700,44.35
2010-09-08,44.73,45.07,44.73,44.82,23200,44.11
2010-09-07,44.99,44.99,44.37,44.40,17600,43.69
2010-09-03,44.77,44.97,44.71,44.96,16500,44.25
2010-09-02,44.11,44.49,44.09,44.47,25500,43.76
2010-09-01,43.94,44.36,43.85,44.21,21800,43.51
2010-08-31,42.85,43.24,42.85,42.96,31600,42.28
2010-08-30,43.33,43.41,42.99,42.99,21400,42.31
2010-08-27,43.13,43.49,42.92,43.46,31400,42.77
2010-08-26,42.94,43.05,42.42,42.65,22400,41.97
2010-08-25,42.42,42.71,42.18,42.71,25500,42.03
2010-08-24,42.64,42.83,42.50,42.50,25700,41.82
2010-08-23,43.34,43.57,43.20,43.34,18300,42.65
2010-08-20,43.01,43.18,42.85,43.15,21900,42.46
2010-08-19,44.08,44.08,43.30,43.56,9800,42.87
2010-08-18,44.09,44.36,43.86,44.15,18600,43.45
2010-08-17,44.02,44.36,43.91,44.12,15300,43.42
2010-08-16,43.25,43.65,43.23,43.48,15800,42.79
2010-08-13,43.25,43.36,43.07,43.07,24700,42.39
2010-08-12,43.00,43.27,43.00,43.20,35000,42.51
2010-08-11,44.09,44.09,43.47,43.51,19000,42.82
2010-08-10,45.18,45.49,44.75,45.25,18300,44.53
2010-08-09,45.69,45.79,45.63,45.77,22900,45.04
2010-08-06,45.33,45.72,45.25,45.69,17000,44.96
2010-08-05,45.40,45.54,45.13,45.46,10400,44.74
2010-08-04,45.50,45.51,45.15,45.42,22400,44.70
2010-08-03,45.48,45.52,45.08,45.32,47100,44.60
2010-08-02,45.16,45.60,44.94,45.54,23000,44.82
2010-07-30,44.07,44.57,43.92,44.37,28800,43.66
2010-07-29,44.74,44.81,44.07,44.47,21400,43.76
2010-07-28,44.31,44.31,44.01,44.11,14600,43.41
2010-07-27,44.78,44.84,44.29,44.43,39300,43.72
2010-07-26,44.24,44.64,44.08,44.64,14700,43.93
2010-07-23,43.75,44.14,43.52,44.07,54100,43.37
2010-07-22,43.67,43.93,43.62,43.73,14000,43.03
2010-07-21,42.99,43.18,42.39,42.51,31300,41.83
2010-07-20,42.31,43.36,42.31,43.28,61800,42.59
2010-07-19,42.66,42.89,42.44,42.78,28700,42.10
2010-07-16,43.38,43.38,42.58,42.67,42100,41.99
2010-07-15,43.65,43.78,43.11,43.67,15500,42.98
2010-07-14,43.30,43.47,43.09,43.38,31100,42.69
2010-07-13,43.24,43.48,43.10,43.32,33500,42.63
2010-07-12,42.86,42.93,42.60,42.82,19900,42.14
2010-07-09,42.94,43.12,42.76,43.12,30400,42.43
2010-07-08,43.00,43.26,42.72,43.21,34200,42.52
2010-07-07,41.94,43.00,41.94,42.90,34700,42.22
2010-07-06,42.18,42.55,41.76,41.86,40400,41.19
2010-07-02,41.57,41.65,40.91,41.29,26000,40.63
2010-07-01,41.16,41.20,40.55,41.10,99700,40.45
2010-06-30,41.32,41.39,40.71,40.78,20200,40.13
2010-06-29,41.47,41.50,40.80,40.86,28300,40.21
2010-06-28,42.19,42.66,42.19,42.23,7200,41.56
2010-06-25,42.78,43.32,42.72,43.17,32800,41.87
2010-06-24,43.21,43.29,42.76,42.80,27500,41.51
2010-06-23,43.62,43.75,43.10,43.43,42000,42.12
2010-06-22,43.84,43.94,43.23,43.32,36100,42.02
2010-06-21,44.41,44.41,43.36,43.56,63200,42.25
2010-06-18,43.89,43.96,43.71,43.95,62300,42.63
2010-06-17,43.84,43.84,43.36,43.71,9500,42.39
2010-06-16,43.30,43.86,43.30,43.71,17300,42.39
2010-06-15,43.37,43.95,43.24,43.91,21400,42.59
2010-06-14,42.92,43.23,42.72,42.72,24600,41.43
2010-06-11,41.97,42.33,41.92,42.32,17900,41.05
2010-06-10,41.82,42.39,41.82,42.39,24000,41.11
2010-06-09,41.00,41.48,40.63,40.82,91300,39.59
2010-06-08,40.45,40.91,40.18,40.83,30900,39.60
2010-06-07,41.02,41.02,40.21,40.25,31600,39.04
2010-06-04,41.59,41.91,40.60,40.70,39100,39.47
2010-06-03,42.79,42.79,42.08,42.47,65100,41.19
2010-06-02,41.64,42.43,41.64,42.43,13500,41.15
2010-06-01,41.59,42.24,41.30,41.30,33400,40.06
2010-05-28,42.35,42.35,41.50,41.60,29500,40.35
2010-05-27,41.35,42.37,41.22,42.37,37800,41.09
2010-05-26,40.77,41.03,40.14,40.22,66100,39.01
2010-05-25,40.00,40.79,39.64,40.79,116600,39.56
2010-05-24,41.27,41.72,41.00,41.00,91400,39.77
2010-05-21,40.65,41.95,40.60,41.95,85400,40.69
2010-05-20,41.72,41.72,40.70,41.02,69800,39.78
2010-05-19,42.43,42.71,42.05,42.71,81100,41.42
2010-05-18,43.98,44.00,42.54,42.67,34700,41.38
2010-05-17,43.99,44.06,43.06,43.88,44500,42.56
2010-05-14,44.60,44.60,43.81,44.10,37100,42.77
2010-05-13,45.29,45.38,44.80,44.84,57800,43.49
2010-05-12,45.26,45.62,45.26,45.46,65100,44.09
2010-05-11,44.79,45.48,44.56,44.78,40600,43.43
2010-05-10,45.44,45.76,44.05,45.40,67000,44.03
2010-05-07,43.67,44.19,41.00,43.05,91900,41.75
2010-05-06,45.19,45.29,39.81,43.52,155100,42.21
2010-05-05,45.31,45.77,44.97,45.30,46000,43.94
2010-05-04,47.04,47.04,46.05,46.26,51600,44.87
2010-05-03,47.91,48.21,47.80,48.04,175800,46.59
2010-04-30,48.18,48.32,47.57,47.69,55800,46.25
2010-04-29,47.78,48.16,47.74,48.08,38700,46.63
2010-04-28,47.68,47.68,46.75,47.25,29000,45.83
2010-04-27,48.54,48.61,47.31,47.31,42100,45.89
2010-04-26,49.06,49.20,48.92,49.06,33000,47.58
2010-04-23,48.51,49.07,48.42,49.07,42500,47.59
2010-04-22,48.06,48.57,47.93,48.52,49400,47.06
2010-04-21,48.46,48.65,48.38,48.60,20900,47.14
2010-04-20,48.55,48.77,48.47,48.77,23000,47.30
2010-04-19,48.07,48.34,47.74,48.34,18600,46.88
2010-04-16,48.92,49.08,48.17,48.53,20400,47.07
2010-04-15,49.20,49.40,48.99,49.28,42200,47.80
2010-04-14,48.94,49.43,48.94,49.43,24300,47.94
2010-04-13,48.80,48.91,48.50,48.80,24300,47.33
2010-04-12,49.00,49.12,48.93,49.02,22100,47.54
2010-04-09,48.62,49.00,48.50,49.00,28500,47.52
2010-04-08,47.73,48.44,47.73,48.37,21800,46.91
2010-04-07,48.21,48.35,47.98,48.10,81800,46.65
2010-04-06,47.81,48.23,47.63,48.09,31600,46.64
2010-04-05,47.92,48.11,47.70,48.08,25900,46.63
2010-04-01,47.42,47.86,47.42,47.73,65600,46.29
2010-03-31,47.14,47.35,46.95,47.12,24000,45.70
2010-03-30,47.37,47.44,47.11,47.34,25600,45.91
2010-03-29,47.10,47.10,46.90,47.07,32700,45.65
2010-03-26,46.58,46.93,46.58,46.79,32300,45.19
2010-03-25,46.82,46.92,46.26,46.26,33300,44.68
2010-03-24,46.48,46.59,46.28,46.40,15600,44.81
2010-03-23,46.70,47.12,46.70,47.12,27000,45.51
2010-03-22,46.33,47.01,46.23,46.95,22600,45.35
2010-03-19,46.95,46.98,46.48,46.62,17700,45.03
2010-03-18,47.31,47.31,46.89,47.12,16300,45.51
2010-03-17,47.25,47.54,47.20,47.33,24400,45.71
2010-03-16,46.58,47.00,46.55,46.95,15400,45.35
2010-03-15,46.46,46.57,46.19,46.56,72900,44.97
2010-03-12,46.79,46.79,46.48,46.63,27500,45.04
2010-03-11,46.24,46.42,46.11,46.37,14100,44.79
2010-03-10,46.14,46.38,45.98,46.19,18400,44.61
2010-03-09,45.77,46.24,45.76,45.97,22200,44.40
2010-03-08,45.98,46.19,45.88,46.01,55800,44.44
2010-03-05,45.52,46.19,45.52,46.09,34100,44.52
2010-03-04,45.51,45.51,45.09,45.24,9000,43.69
2010-03-03,45.12,45.62,45.12,45.40,38600,43.85
2010-03-02,44.97,45.23,44.84,45.02,27500,43.48
2010-03-01,44.45,44.81,44.22,44.73,50600,43.20
2010-02-26,43.98,44.32,43.87,44.25,61800,42.74
2010-02-25,43.55,44.05,43.38,44.05,17400,42.55
2010-02-24,44.05,44.31,44.00,44.14,21600,42.63
2010-02-23,44.40,44.40,43.79,43.83,24900,42.33
2010-02-22,44.34,44.50,44.25,44.36,20300,42.84
2010-02-19,43.82,44.21,43.82,44.13,9100,42.62
2010-02-18,44.05,44.56,44.05,44.55,16500,43.03
2010-02-17,44.40,44.40,44.10,44.19,20300,42.68
2010-02-16,43.58,44.41,43.53,44.23,34900,42.72
2010-02-12,43.04,43.58,42.97,43.58,17600,42.09
2010-02-11,43.44,43.96,43.25,43.88,47500,42.38
2010-02-10,43.45,43.47,42.89,43.32,168800,41.84
2010-02-09,43.02,43.83,42.76,43.56,90500,42.07
2010-02-08,42.95,43.03,42.31,42.31,24500,40.86
2010-02-05,43.02,43.13,42.19,43.04,70500,41.57
2010-02-04,44.49,44.49,43.28,43.28,85300,41.80
2010-02-03,45.03,45.13,44.66,44.90,25800,43.37
2010-02-02,44.79,45.24,44.72,45.22,41200,43.68
2010-02-01,44.29,44.60,44.29,44.45,83000,42.93
2010-01-29,44.83,44.89,43.89,44.02,30100,42.52
2010-01-28,45.18,45.47,44.33,44.61,46200,43.09
2010-01-27,44.82,45.00,44.59,44.98,46700,43.44
2010-01-26,45.18,45.48,44.92,44.95,33700,43.41
2010-01-25,45.63,45.80,45.46,45.60,38200,44.04
2010-01-22,45.76,45.80,44.86,44.95,137800,43.41
2010-01-21,46.54,46.57,45.50,45.72,69300,44.16
2010-01-20,46.87,46.87,46.25,46.66,33300,45.07
2010-01-19,47.15,47.65,47.09,47.54,30800,45.92
2010-01-15,47.50,47.50,46.95,47.24,24500,45.63
2010-01-14,47.51,47.71,47.26,47.68,32100,46.05
2010-01-13,47.28,47.51,46.93,47.47,23200,45.85
2010-01-12,47.12,47.22,46.83,47.01,28800,45.40
2010-01-11,47.52,47.59,47.27,47.52,40500,45.90
2010-01-08,46.62,47.12,46.56,47.12,23500,45.51
2010-01-07,46.33,46.72,46.33,46.71,26100,45.11
2010-01-06,46.52,46.90,46.45,46.81,28600,45.21
2010-01-05,46.58,46.71,46.28,46.55,56000,44.96
2010-01-04,46.06,46.46,45.82,46.44,55700,44.85
2009-12-31,45.27,45.48,44.78,44.78,31400,43.25
2009-12-30,44.90,45.21,44.90,45.20,90100,43.66
2009-12-29,45.43,45.55,45.15,45.18,103000,43.64
2009-12-28,45.19,45.25,44.94,45.10,31900,43.56
2009-12-24,44.65,44.98,44.65,44.98,28300,43.44
2009-12-23,44.66,44.84,44.51,44.83,46400,43.30
2009-12-22,44.39,44.39,44.12,44.33,40700,42.82
2009-12-21,44.23,44.52,44.13,44.23,48900,42.72
2009-12-18,44.72,44.74,44.20,44.46,48700,42.72
2009-12-17,44.59,44.59,44.15,44.39,39300,42.66
2009-12-16,45.21,45.38,44.94,45.01,44300,43.25
2009-12-15,44.98,45.12,44.75,44.94,38100,43.19
2009-12-14,45.38,45.40,45.11,45.29,23800,43.52
2009-12-11,45.01,45.20,44.94,45.04,34800,43.28
2009-12-10,45.00,45.28,44.84,45.19,118000,43.43
2009-12-09,44.93,45.08,44.48,44.99,279300,43.23
2009-12-08,45.02,45.25,44.67,44.71,73100,42.96
2009-12-07,45.58,45.89,45.39,45.55,62900,43.77
2009-12-04,45.90,46.15,45.29,45.61,52700,43.83
2009-12-03,45.92,46.29,45.83,45.87,51800,44.08
2009-12-02,45.87,46.07,45.63,45.77,80000,43.98
2009-12-01,45.63,46.15,45.62,45.96,459600,44.17
2009-11-30,44.82,45.01,44.30,44.76,86600,43.01
2009-11-27,44.40,44.98,44.10,44.70,17400,42.95
2009-11-25,45.70,45.92,45.55,45.80,15000,44.01
2009-11-24,45.37,45.44,45.06,45.37,31000,43.60
2009-11-23,45.76,46.10,45.50,45.52,41500,43.74
2009-11-20,44.66,45.16,44.60,45.16,42300,43.40
2009-11-19,45.39,45.39,44.70,45.19,39900,43.43
2009-11-18,46.31,46.31,45.78,45.90,211800,44.11
2009-11-17,46.14,46.30,45.65,46.24,67800,44.43
2009-11-16,46.54,46.89,46.39,46.58,55800,44.76
2009-11-13,45.76,46.22,45.56,46.18,24000,44.38
2009-11-12,45.84,45.90,45.27,45.30,19400,43.53
2009-11-11,46.21,46.44,45.90,46.14,26600,44.34
2009-11-10,45.95,46.22,45.69,46.08,22200,44.28
2009-11-09,45.97,46.45,45.95,46.32,30200,44.51
2009-11-06,45.01,45.30,44.84,45.26,43200,43.49
2009-11-05,45.16,45.36,45.00,45.30,45000,43.53
2009-11-04,44.76,45.17,44.54,44.86,76100,43.11
2009-11-03,43.73,44.32,43.63,44.15,94200,42.43
2009-11-02,44.08,44.85,43.76,44.27,77000,42.54
2009-10-30,45.34,45.34,43.75,43.86,92700,42.15
2009-10-29,44.34,45.20,44.29,45.02,63700,43.26
2009-10-28,44.75,44.89,43.41,43.44,110100,41.74
2009-10-27,45.51,45.52,44.87,45.02,44000,43.26
2009-10-26,46.14,46.44,45.29,45.53,34600,43.75
2009-10-23,46.52,46.52,45.83,45.93,56800,44.14
2009-10-22,46.32,46.86,46.00,46.78,45600,44.95
2009-10-21,46.36,46.97,46.22,46.38,49800,44.57
2009-10-20,47.09,47.09,46.07,46.56,37800,44.74
2009-10-19,46.58,47.01,46.37,47.01,89000,45.17
2009-10-16,46.08,46.33,45.75,46.19,30800,44.39
2009-10-15,46.14,46.77,46.14,46.57,43900,44.75
2009-10-14,46.16,46.50,46.16,46.43,49400,44.62
2009-10-13,45.73,45.73,45.53,45.65,22100,43.87
2009-10-12,45.88,45.98,45.58,45.65,24000,43.87
2009-10-09,45.52,45.64,45.11,45.42,34600,43.65
2009-10-08,45.47,45.93,45.07,45.66,27600,43.88
2009-10-07,44.56,44.96,44.50,44.96,438000,43.20
2009-10-06,44.45,45.06,44.44,44.74,18800,42.99
2009-10-05,44.31,44.31,43.29,44.03,25200,42.31
2009-10-02,43.00,43.56,42.93,43.32,38300,41.63
2009-10-01,44.67,44.67,43.75,43.84,466400,42.13
2009-09-30,44.84,45.10,44.38,44.70,66200,42.95
2009-09-29,44.68,44.68,44.35,44.52,31900,42.78
2009-09-28,44.32,45.00,44.25,44.78,31800,43.03
2009-09-25,44.30,44.48,44.00,44.15,40800,42.43
2009-09-24,45.12,45.26,44.01,44.40,39900,42.67
2009-09-23,45.39,45.60,44.75,44.81,42600,43.06
2009-09-22,44.96,45.22,44.86,45.16,44100,43.40
2009-09-21,44.34,45.68,44.00,44.41,51700,42.68
2009-09-18,45.39,45.39,44.91,45.21,14000,43.25
2009-09-17,44.85,45.26,44.76,44.99,17500,43.04
2009-09-16,45.28,45.37,44.90,45.15,44300,43.19
2009-09-15,44.41,44.83,44.06,44.79,22300,42.85
2009-09-14,44.10,44.56,43.92,44.41,19900,42.48
2009-09-11,44.57,44.85,44.35,44.42,35800,42.49
2009-09-10,44.03,44.69,43.98,44.51,18500,42.58
2009-09-09,43.86,44.42,43.83,44.20,32500,42.28
2009-09-08,43.58,43.89,43.49,43.78,17200,41.88
2009-09-04,42.08,42.83,42.03,42.59,14300,40.74
2009-09-03,41.99,42.24,41.67,41.88,19800,40.06
2009-09-02,41.33,41.71,41.18,41.38,58800,39.58
2009-09-01,42.47,42.77,41.52,41.69,26100,39.88
2009-08-31,42.50,42.75,42.37,42.62,40600,40.77
2009-08-28,43.38,43.68,42.86,43.18,33700,41.31
2009-08-27,42.54,43.20,42.30,43.08,15300,41.21
2009-08-26,42.39,42.69,42.30,42.44,32100,40.60
2009-08-25,42.85,43.11,42.56,42.56,24900,40.71
2009-08-24,42.32,42.80,42.32,42.42,23400,40.58
2009-08-21,42.10,42.35,41.88,42.29,22500,40.45
2009-08-20,40.72,41.65,40.72,41.65,17000,39.84
2009-08-19,40.26,41.30,40.26,41.17,22100,39.38
2009-08-18,40.31,40.99,40.29,40.76,73700,38.99
2009-08-17,40.54,40.54,39.92,40.18,27700,38.44
2009-08-14,41.87,42.00,41.08,41.38,40000,39.58
2009-08-13,41.46,41.70,41.28,41.64,30800,39.83
2009-08-12,40.38,41.13,40.19,40.88,32000,39.11
2009-08-11,40.44,40.47,40.00,40.16,30800,38.42
2009-08-10,40.46,40.54,40.13,40.46,24400,38.70
2009-08-07,40.78,40.86,40.46,40.58,22900,38.82
2009-08-06,40.95,41.01,40.40,40.72,17600,38.95
2009-08-05,40.97,40.98,40.38,40.83,58700,39.06
2009-08-04,40.56,41.01,40.53,40.97,22100,39.19
2009-08-03,40.63,41.27,40.59,41.27,39700,39.48
2009-07-31,39.36,40.02,39.31,39.87,46800,38.14
2009-07-30,39.04,39.46,39.04,39.27,27600,37.57
2009-07-29,38.63,38.70,38.29,38.54,36700,36.87
2009-07-28,38.61,38.69,38.20,38.67,35700,36.99
2009-07-27,39.17,39.17,38.35,38.79,46100,37.11
2009-07-24,38.44,38.71,38.31,38.67,20000,36.99
2009-07-23,37.87,38.64,37.86,38.46,26400,36.79
2009-07-22,37.57,38.16,37.57,37.97,44300,36.32
2009-07-21,37.83,37.87,37.29,37.48,29300,35.85
2009-07-20,36.99,37.31,36.82,37.28,30800,35.66
2009-07-17,36.66,37.69,36.39,36.45,67100,34.87
2009-07-16,36.57,37.13,36.47,37.02,18500,35.41
2009-07-15,36.18,36.82,36.18,36.64,59000,35.05
2009-07-14,35.77,35.82,35.35,35.72,26900,34.17
2009-07-13,35.16,35.44,34.54,35.23,26300,33.70
2009-07-10,35.01,35.31,35.00,35.19,15800,33.66
2009-07-09,35.57,35.64,35.32,35.53,12500,33.99
2009-07-08,35.48,35.48,34.87,35.20,26100,33.67
2009-07-07,36.07,36.07,35.35,35.35,34800,33.82
2009-07-06,35.89,36.10,35.65,36.10,22500,34.53
2009-07-02,36.47,36.47,36.10,36.20,39300,34.63
2009-07-01,37.08,37.24,36.85,37.01,27600,35.40
2009-06-30,37.00,37.13,36.32,36.76,39000,35.16
2009-06-29,36.41,37.02,36.41,37.02,29800,35.41
2009-06-26,36.72,36.85,36.53,36.81,23700,35.21
2009-06-25,36.04,36.72,35.96,36.33,40200,34.75
2009-06-24,35.72,36.35,35.72,35.78,48800,34.23
2009-06-23,35.32,36.26,35.25,35.71,37100,34.16
2009-06-22,37.15,37.18,35.17,35.17,61100,33.64
2009-06-19,37.17,37.81,37.11,37.21,33700,35.04
2009-06-18,37.11,37.36,36.91,37.16,30200,34.99
2009-06-17,37.21,37.33,36.69,37.05,52100,34.89
2009-06-16,38.43,38.43,36.83,36.87,39500,34.72
2009-06-15,38.11,38.11,37.17,37.35,151100,35.17
2009-06-12,38.23,38.36,37.80,38.36,48700,36.12
2009-06-11,38.14,38.90,38.14,38.41,27000,36.17
2009-06-10,38.01,38.05,37.36,37.88,31600,35.67
2009-06-09,37.55,37.98,37.38,37.83,40200,35.62
2009-06-08,37.11,37.35,36.68,37.23,43600,35.06
2009-06-05,37.87,37.87,37.13,37.40,28100,35.22
2009-06-04,37.73,38.13,37.50,37.91,30900,35.70
2009-06-03,38.38,38.38,37.37,37.82,45900,35.61
2009-06-02,38.09,38.63,38.09,38.58,77700,36.33
2009-06-01,37.89,38.15,37.63,37.66,19400,35.46
2009-05-29,36.76,37.16,36.75,37.11,29300,34.94
2009-05-28,36.58,36.67,36.03,36.45,25400,34.32
2009-05-27,36.76,36.85,36.18,36.28,29200,34.16
2009-05-26,36.06,36.97,35.89,36.95,35700,34.79
2009-05-22,36.15,36.45,36.15,36.30,40100,34.18
2009-05-21,36.11,36.19,35.73,36.17,24900,34.06
2009-05-20,36.31,36.67,36.10,36.19,41900,34.08
2009-05-19,35.92,36.09,35.45,35.80,232000,33.71
2009-05-18,34.86,35.60,34.84,35.60,23500,33.52
2009-05-15,34.90,35.33,34.05,34.80,55900,32.77
2009-05-14,34.37,35.00,34.37,34.90,38000,32.86
2009-05-13,34.67,34.67,34.12,34.51,71000,32.50
2009-05-12,35.15,35.65,34.90,35.27,30100,33.21
2009-05-11,36.43,36.43,34.77,34.77,37100,32.74
2009-05-08,34.93,35.86,34.93,35.76,43300,33.67
2009-05-07,35.00,35.39,34.28,34.39,47200,32.38
2009-05-06,34.53,35.11,34.38,34.95,30900,32.91
2009-05-05,34.33,34.45,34.04,34.23,39200,32.23
2009-05-04,33.39,34.35,33.39,34.25,51500,32.25
2009-05-01,32.82,33.16,32.82,33.01,40900,31.08
2009-04-30,32.75,33.22,32.58,32.70,45300,30.79
2009-04-29,32.40,32.95,32.40,32.70,34600,30.79
2009-04-28,31.86,32.27,31.67,32.09,28000,30.22
2009-04-27,32.41,32.55,32.05,32.13,26100,30.25
2009-04-24,32.50,32.86,32.46,32.57,62200,30.67
2009-04-23,31.90,32.28,31.78,32.19,26600,30.31
2009-04-22,31.30,31.98,31.30,31.60,30200,29.76
2009-04-21,30.88,31.79,30.88,31.77,35900,29.92
2009-04-20,31.75,31.75,31.19,31.30,69400,29.47
2009-04-17,32.45,32.52,32.26,32.43,37500,30.54
2009-04-16,32.32,32.94,32.03,32.49,77500,30.59
2009-04-15,31.74,32.24,31.65,32.24,18500,30.36
2009-04-14,31.69,31.85,31.56,31.68,28100,29.83
2009-04-13,31.34,31.99,31.19,31.99,26800,30.12
2009-04-09,30.94,31.23,30.94,31.17,25000,29.35
2009-04-08,30.25,30.65,30.15,30.24,20200,28.47
2009-04-07,30.56,30.56,30.19,30.27,16000,28.50
2009-04-06,30.85,30.87,30.42,30.87,28000,29.07
2009-04-03,31.11,31.35,30.85,31.35,21600,29.52
2009-04-02,30.60,31.36,30.57,30.82,39400,29.02
2009-04-01,29.46,30.01,28.95,30.00,20700,28.25
2009-03-31,29.03,29.57,29.03,29.33,30100,27.62
2009-03-30,29.17,29.17,28.65,28.99,30300,27.30
2009-03-27,29.84,29.84,29.57,29.61,53000,27.88
2009-03-26,30.06,30.19,29.73,30.18,22100,28.42
2009-03-25,29.69,30.17,29.22,29.85,43500,28.11
2009-03-24,29.31,29.73,29.20,29.43,26300,27.71
2009-03-23,29.32,30.31,29.15,29.89,22200,28.15
2009-03-20,29.06,29.14,28.37,28.55,33100,26.74
2009-03-19,29.33,29.55,28.99,28.99,48700,27.15
2009-03-18,28.09,29.20,27.84,29.02,94500,27.18
2009-03-17,27.66,28.33,27.60,28.33,27400,26.54
2009-03-16,27.90,28.16,27.69,27.69,32400,25.94
2009-03-13,27.22,27.46,27.07,27.43,69900,25.69
2009-03-12,26.32,27.22,26.32,27.22,143900,25.50
2009-03-11,26.86,26.88,26.44,26.62,47000,24.93
2009-03-10,25.95,26.65,25.95,26.34,29500,24.67
2009-03-09,25.49,25.79,25.24,25.24,40600,23.64
2009-03-06,26.16,26.49,25.63,26.09,54800,24.44
2009-03-05,26.14,26.61,25.86,26.00,29700,24.35
2009-03-04,26.34,27.18,26.12,26.80,70100,25.10
2009-03-03,25.52,26.16,24.89,25.85,103800,24.21
2009-03-02,26.43,26.44,25.54,25.73,78900,24.10
2009-02-27,26.71,27.37,26.49,26.82,58800,25.12
2009-02-26,27.49,27.59,26.79,26.83,49500,25.13
2009-02-25,27.36,27.66,26.78,27.25,80100,25.52
2009-02-24,26.84,27.84,26.76,27.77,59800,26.01
2009-02-23,28.07,28.16,26.74,26.88,129900,25.18
2009-02-20,27.72,28.42,27.58,28.24,101300,26.45
2009-02-19,29.20,29.23,28.44,28.50,60700,26.69
2009-02-18,28.99,29.02,28.40,28.76,42500,26.94
2009-02-17,29.23,29.23,28.67,28.75,64200,26.93
2009-02-13,30.20,30.27,29.91,30.10,30000,28.19
2009-02-12,29.70,30.14,29.49,30.10,33400,28.19
2009-02-11,30.29,30.29,29.46,29.94,31400,28.04
2009-02-10,30.83,30.83,29.66,29.67,96200,27.79
2009-02-09,31.16,31.30,30.91,31.00,22100,29.04
2009-02-06,30.66,31.18,30.50,31.07,22700,29.10
2009-02-05,29.83,30.77,29.81,30.53,26700,28.60
2009-02-04,30.53,30.77,29.81,30.13,42700,28.22
2009-02-03,30.05,30.64,29.81,30.47,36900,28.54
2009-02-02,29.50,30.02,29.45,29.92,23900,28.02
2009-01-30,30.44,30.44,29.84,30.02,34100,28.12
2009-01-29,30.73,30.73,30.19,30.26,21400,28.34
2009-01-28,30.47,31.46,30.47,31.42,23800,29.43
2009-01-27,30.50,30.76,30.43,30.64,21600,28.70
2009-01-26,29.98,30.45,29.92,30.12,57100,28.21
2009-01-23,29.45,30.28,29.29,29.98,48700,28.08
2009-01-22,30.40,30.45,29.94,30.35,110200,28.43
2009-01-21,30.00,31.03,30.00,31.03,40000,29.06
2009-01-20,30.70,30.74,29.56,29.56,66100,27.69
2009-01-16,32.09,32.09,31.23,31.78,47900,29.77
2009-01-15,31.19,31.59,30.60,31.47,46800,29.48
2009-01-14,31.77,31.77,30.90,31.09,65100,29.12
2009-01-13,32.07,32.26,31.73,31.93,54000,29.91
2009-01-12,33.20,33.34,32.41,32.53,67500,30.47
2009-01-09,33.98,33.98,33.20,33.20,87900,31.10
2009-01-08,33.82,34.18,33.45,34.05,65300,31.89
2009-01-07,34.04,34.21,33.44,33.55,89400,31.42
2009-01-06,33.67,34.19,33.63,34.11,43000,31.95
2009-01-05,33.80,33.93,33.43,33.72,82700,31.58
2009-01-02,33.75,34.23,33.73,34.22,41000,32.05
2008-12-31,33.20,34.00,33.20,33.68,94500,31.55
2008-12-30,32.95,33.49,32.90,33.47,124400,31.35
2008-12-29,33.09,33.49,32.32,32.46,136000,30.40
2008-12-26,32.61,32.66,32.15,32.36,100600,30.31
2008-12-24,31.83,32.31,31.81,31.99,48100,29.96
2008-12-23,31.91,32.23,31.50,31.57,125300,29.57
2008-12-22,32.66,33.00,31.25,31.70,98400,29.69
2008-12-19,34.17,34.54,33.64,33.74,81600,29.77
2008-12-18,35.07,35.30,33.92,34.33,81900,30.29
2008-12-17,34.76,35.45,34.67,35.27,137100,31.12
2008-12-16,33.61,35.32,33.61,35.13,82900,31.00
2008-12-15,33.69,34.16,33.15,33.83,80400,29.85
2008-12-12,33.14,33.84,33.03,33.71,92400,29.74
2008-12-11,33.70,34.45,33.10,33.13,151700,29.23
2008-12-10,33.30,35.72,33.11,33.49,157900,29.55
2008-12-09,32.54,33.50,30.62,33.08,90900,29.19
2008-12-08,32.50,33.38,32.46,32.65,79600,28.81
2008-12-05,31.00,32.20,30.56,32.15,66400,28.37
2008-12-04,31.69,32.09,30.93,31.21,83800,27.54
2008-12-03,31.56,32.22,30.11,31.78,68300,28.04
2008-12-02,31.00,32.00,30.34,31.60,79300,27.88
2008-12-01,32.02,32.02,30.16,30.39,81000,26.82
2008-11-28,32.39,32.82,32.23,32.27,23600,28.47
2008-11-26,32.00,32.96,31.70,32.83,73100,28.97
2008-11-25,32.97,33.05,31.93,32.31,66800,28.51
2008-11-24,31.37,32.75,31.35,32.13,87100,28.35
2008-11-21,30.76,31.30,29.63,31.19,85300,27.52
2008-11-20,30.79,31.24,29.69,29.95,56100,26.43
2008-11-19,32.20,32.58,31.00,31.00,48000,27.35
2008-11-18,32.43,32.98,31.87,32.65,86800,28.81
2008-11-17,33.06,33.30,32.42,32.99,72800,29.11
2008-11-14,33.65,34.47,32.78,33.26,54500,29.35
2008-11-13,33.15,35.11,32.13,34.82,141000,30.72
2008-11-12,33.92,34.00,32.96,33.00,108800,29.12
2008-11-11,34.76,35.09,33.88,34.82,68600,30.72
2008-11-10,36.66,36.66,34.81,35.01,107100,30.89
2008-11-07,35.66,36.01,35.14,35.76,114800,31.55
2008-11-06,36.29,36.82,34.51,34.59,90100,30.52
2008-11-05,37.74,38.45,36.20,36.55,151000,32.25
2008-11-04,36.86,38.00,36.51,37.65,115200,33.22
2008-11-03,35.25,35.70,34.73,35.31,112900,31.16
2008-10-31,34.85,35.52,33.92,34.95,54600,30.84
2008-10-30,34.76,34.94,33.70,34.59,65700,30.52
2008-10-29,33.19,34.45,32.70,33.67,68900,29.71
2008-10-28,31.60,33.73,30.95,33.59,75700,29.64
2008-10-27,30.60,31.71,30.60,30.90,76400,27.27
2008-10-24,31.28,32.83,31.28,32.16,46700,28.38
2008-10-23,34.33,34.56,32.61,34.14,116700,30.12
2008-10-22,35.55,35.69,33.50,34.02,86900,30.02
2008-10-21,37.07,37.23,36.15,36.19,60800,31.93
2008-10-20,37.02,38.27,36.96,38.27,70200,33.77
2008-10-17,35.93,38.07,35.89,36.72,69800,32.40
2008-10-16,36.13,37.83,35.21,37.66,66800,33.23
2008-10-15,37.94,38.34,35.99,35.99,106100,31.76
2008-10-14,40.73,41.17,38.00,38.76,97600,34.20
2008-10-13,37.52,39.74,37.19,39.74,28500,35.07
2008-10-10,34.26,35.91,33.50,35.60,115600,31.41
2008-10-09,38.45,38.93,35.49,35.74,88000,31.54
2008-10-08,37.00,38.64,37.00,37.52,105400,33.11
2008-10-07,40.58,41.00,38.54,38.54,99600,34.01
2008-10-06,40.95,41.30,38.92,40.36,146400,35.61
2008-10-03,43.90,44.54,43.15,43.18,71300,38.10
2008-10-02,44.71,44.87,43.54,43.63,54600,38.50
2008-10-01,45.29,45.76,44.95,45.69,75700,40.32
2008-09-30,45.29,46.12,44.82,45.82,133800,40.43
2008-09-29,46.31,46.31,43.43,44.85,85300,39.57
2008-09-26,47.75,48.21,47.74,48.11,89300,42.45
2008-09-25,49.09,51.30,48.30,48.94,85000,43.18
2008-09-24,49.06,49.09,48.29,48.42,73800,42.72
2008-09-23,48.71,49.07,47.69,48.33,62200,42.65
2008-09-22,49.97,50.10,49.08,49.16,48100,43.38
2008-09-19,50.40,50.97,49.08,50.45,64400,44.52
2008-09-18,47.69,48.95,46.53,48.64,138900,42.92
2008-09-17,47.70,47.70,46.48,46.48,102300,41.01
2008-09-16,47.58,48.84,47.37,48.54,42100,42.83
2008-09-15,48.41,49.23,48.28,48.45,45300,42.75
2008-09-12,49.60,50.35,49.56,50.22,38800,44.31
2008-09-11,48.92,49.67,48.46,49.67,60200,43.83
2008-09-10,50.28,50.55,49.91,49.98,114500,44.10
2008-09-09,50.60,50.95,49.54,49.54,50600,43.71
2008-09-08,51.84,52.85,50.56,51.14,27500,45.12
2008-09-05,50.55,50.70,49.53,50.60,104500,44.65
2008-09-04,52.12,52.12,50.52,50.60,42100,44.65
2008-09-03,52.58,52.76,52.36,52.66,33500,46.47
2008-09-02,53.39,53.39,52.44,52.51,77400,46.33
2008-08-29,53.53,53.53,53.05,53.16,63500,46.91
2008-08-28,53.22,53.26,53.00,53.26,27400,47.00
2008-08-27,53.22,53.22,52.31,52.51,24600,46.33
2008-08-26,52.19,52.52,52.07,52.26,48300,46.11
2008-08-25,52.64,52.74,51.97,52.11,28100,45.98
2008-08-22,52.67,53.02,52.63,52.97,58600,46.74
2008-08-21,52.04,52.92,52.03,52.60,60000,46.41
2008-08-20,52.15,52.36,51.81,52.34,31700,46.18
2008-08-19,52.17,52.20,51.90,52.20,25700,46.06
2008-08-18,53.54,53.54,52.54,52.83,37700,46.62
2008-08-15,52.93,53.17,52.89,53.15,33600,46.90
2008-08-14,52.79,53.38,52.79,52.96,49400,46.73
2008-08-13,53.55,53.60,52.76,53.31,59200,47.04
2008-08-12,54.65,54.65,54.09,54.20,37800,47.82
2008-08-11,55.15,55.38,54.82,55.11,37300,48.63
2008-08-08,54.18,55.04,53.85,54.97,77200,48.50
2008-08-07,54.89,54.95,54.36,54.49,86400,48.08
2008-08-06,55.03,55.53,54.83,55.53,53600,49.00
2008-08-05,54.49,55.05,54.35,55.01,37200,48.54
2008-08-04,53.96,54.14,53.55,53.72,51400,47.40
2008-08-01,54.34,54.71,54.01,54.24,21100,47.86
2008-07-31,55.12,55.23,54.41,54.41,69300,48.01
2008-07-30,55.26,55.75,55.13,55.74,66500,49.18
2008-07-29,54.18,55.00,54.17,54.94,37300,48.48
2008-07-28,55.49,55.67,54.34,54.46,34500,48.05
2008-07-25,55.80,55.89,55.55,55.63,24800,49.09
2008-07-24,56.28,56.28,55.32,55.55,36900,49.02
2008-07-23,56.58,56.65,56.27,56.37,44100,49.74
2008-07-22,55.10,56.10,55.10,56.10,62100,49.50
2008-07-21,55.94,55.98,55.63,55.76,38300,49.20
2008-07-18,55.11,55.43,54.69,55.33,77800,48.82
2008-07-17,54.88,54.88,54.30,54.62,46300,48.20
2008-07-16,52.63,53.78,52.53,53.78,25600,47.45
2008-07-15,52.74,53.43,52.32,52.78,74600,46.57
2008-07-14,53.93,53.99,53.12,53.22,51300,46.96
2008-07-11,53.42,53.70,52.95,53.43,32900,47.15
2008-07-10,53.85,54.31,53.69,54.23,42500,47.85
2008-07-09,54.61,54.61,53.35,53.35,35100,47.07
2008-07-08,53.46,54.07,53.26,54.07,26100,47.71
2008-07-07,54.06,54.60,53.42,53.94,32600,47.60
2008-07-03,54.68,54.68,54.27,54.49,26400,48.08
2008-07-02,55.42,55.51,54.27,54.27,41300,47.89
2008-07-01,55.76,56.06,55.31,55.90,46700,49.32
2008-06-30,56.89,57.06,56.47,56.52,51600,49.87
2008-06-27,57.28,57.32,56.87,57.13,27900,50.41
2008-06-26,57.81,59.68,56.76,56.83,46800,50.15
2008-06-25,58.04,58.73,57.96,58.15,31300,51.31
2008-06-24,57.62,57.87,57.00,57.20,38500,50.47
2008-06-23,58.36,58.51,57.95,58.40,24600,51.53
2008-06-20,58.88,58.88,58.24,58.36,41200,51.50
2008-06-19,59.48,59.87,59.29,59.66,27800,52.64
2008-06-18,59.85,60.01,59.64,59.91,30500,52.86
2008-06-17,60.59,60.66,60.38,60.51,36800,53.39
2008-06-16,60.05,60.45,59.94,60.24,41900,53.15
2008-06-13,59.73,60.21,59.61,60.09,23300,53.02
2008-06-12,59.95,60.18,59.64,59.83,38000,52.79
2008-06-11,60.59,60.59,59.82,59.82,31200,52.78
2008-06-10,60.98,61.12,60.21,60.76,139400,53.61
2008-06-09,62.30,62.38,61.53,61.89,30400,54.61
2008-06-06,63.07,63.11,62.14,62.14,40600,54.83
2008-06-05,63.05,64.08,63.05,64.08,36800,56.54
2008-06-04,62.84,63.32,62.77,62.96,25600,55.55
2008-06-03,63.21,63.35,62.57,62.89,32000,55.49
2008-06-02,63.18,63.18,62.64,62.97,39500,55.56
2008-05-30,63.74,63.84,62.76,63.73,124100,56.23
2008-05-29,63.05,63.61,63.02,63.45,47900,55.99
2008-05-28,63.25,63.47,62.98,63.44,24400,55.98
2008-05-27,63.37,63.57,63.00,63.54,60200,56.07
2008-05-23,64.02,64.04,63.46,63.57,32000,56.09
2008-05-22,64.14,64.17,63.82,64.00,26800,56.47
2008-05-21,64.08,64.25,63.30,63.38,26300,55.93
2008-05-20,64.26,64.26,63.58,63.85,51900,56.34
2008-05-19,64.38,64.71,64.17,64.18,42100,56.63
2008-05-16,64.15,64.50,64.07,64.48,28100,56.90
2008-05-15,63.62,64.15,63.47,64.11,19800,56.57
2008-05-14,63.38,63.69,62.96,62.98,102500,55.57
2008-05-13,63.32,63.45,63.00,63.21,41800,55.78
2008-05-12,63.16,63.64,63.00,63.52,18000,56.05
2008-05-09,62.99,63.13,62.71,63.02,66800,55.61
2008-05-08,63.58,63.85,63.35,63.54,61100,56.07
2008-05-07,63.62,63.62,62.50,62.55,33200,55.19
2008-05-06,63.20,64.00,63.05,63.97,31800,56.45
2008-05-05,63.30,63.48,63.14,63.41,29900,55.95
2008-05-02,63.31,63.40,62.94,63.28,27200,55.84
2008-05-01,62.47,63.10,62.42,62.91,45700,55.51
2008-04-30,62.79,63.31,62.74,62.78,35800,55.40
2008-04-29,62.38,62.52,62.21,62.35,27300,55.02
2008-04-28,62.99,63.18,62.85,62.94,38900,55.54
2008-04-25,62.42,62.53,62.11,62.49,28900,55.14
2008-04-24,62.04,62.45,61.52,62.24,40000,54.92
2008-04-23,62.42,62.70,62.12,62.57,38500,55.21
2008-04-22,62.56,62.68,62.27,62.45,41300,55.10
2008-04-21,62.57,63.03,62.28,63.03,77200,55.62
2008-04-18,62.43,62.93,62.18,62.54,37700,55.18
2008-04-17,61.85,62.29,61.74,62.21,34400,54.89
2008-04-16,62.24,62.79,62.17,62.77,31800,55.39
2008-04-15,61.17,61.17,60.80,61.15,23100,53.96
2008-04-14,60.97,61.14,60.69,60.92,17000,53.75
2008-04-11,61.23,61.37,60.63,60.82,23100,53.67
2008-04-10,61.48,61.62,61.20,61.34,11600,54.13
2008-04-09,61.99,62.00,61.59,61.69,20700,54.43
2008-04-08,62.17,62.34,62.05,62.33,25000,55.00
2008-04-07,63.00,63.25,62.79,62.91,33700,55.51
2008-04-04,62.35,62.57,62.09,62.18,45100,54.87
2008-04-03,61.71,62.50,61.69,62.08,25300,54.78
2008-04-02,62.25,62.55,61.88,62.17,31500,54.86
2008-04-01,62.08,62.96,61.90,62.85,31800,55.46
2008-03-31,61.22,61.88,61.19,61.39,38800,54.17
2008-03-28,61.16,61.40,60.76,60.76,16000,53.61
2008-03-27,61.52,61.52,60.69,60.69,45500,53.55
2008-03-26,60.55,60.61,60.20,60.36,26900,53.26
2008-03-25,59.94,60.69,59.72,60.61,182500,53.48
2008-03-24,59.39,60.32,59.39,59.92,32800,52.87
2008-03-20,57.58,58.66,57.58,58.48,26700,51.60
2008-03-19,59.26,59.28,57.58,57.58,49500,50.81
2008-03-18,59.15,59.88,58.87,59.80,42300,52.77
2008-03-17,57.78,58.72,57.53,58.33,35600,51.47
2008-03-14,59.93,60.00,58.05,58.65,30800,51.75
2008-03-13,59.29,60.44,59.14,60.10,133200,53.03
2008-03-12,59.99,60.26,59.50,59.50,45300,52.50
2008-03-11,59.71,60.26,58.98,60.26,42800,53.17
2008-03-10,59.07,59.07,58.04,58.10,65200,51.27
2008-03-07,59.44,59.88,58.75,59.14,47100,52.18
2008-03-06,60.82,60.82,59.64,59.64,25200,52.63
2008-03-05,60.29,60.73,59.96,60.34,29900,53.24
2008-03-04,60.08,60.39,59.41,60.22,40200,53.14
2008-03-03,61.10,61.27,60.62,61.00,76200,53.83
2008-02-29,61.75,61.77,60.70,60.70,34800,53.56
2008-02-28,62.08,62.45,61.89,62.19,32700,54.88
2008-02-27,61.95,62.52,61.90,62.23,25600,54.91
2008-02-26,61.10,62.27,61.10,62.00,25100,54.71
2008-02-25,60.89,61.69,60.69,61.69,24100,54.43
2008-02-22,60.69,60.70,59.81,60.68,30700,53.54
2008-02-21,60.64,60.70,59.82,59.83,30900,52.79
2008-02-20,59.36,60.32,59.08,60.22,36400,53.14
2008-02-19,60.26,60.80,59.88,60.04,81200,52.98
2008-02-15,59.33,59.59,59.16,59.59,22400,52.58
2008-02-14,60.08,60.08,59.22,59.22,21100,52.25
2008-02-13,59.28,59.75,58.92,59.63,35900,52.62
2008-02-12,59.05,59.79,58.91,59.29,41200,52.32
2008-02-11,58.38,58.73,58.00,58.53,65900,51.65
2008-02-08,58.57,58.57,57.87,58.34,45300,51.48
2008-02-07,58.42,59.05,58.09,58.53,95000,51.65
2008-02-06,59.64,59.89,58.80,58.89,1067300,51.96
2008-02-05,60.00,60.08,58.95,58.95,56200,52.02
2008-02-04,61.89,61.89,61.18,61.22,50400,54.02
2008-02-01,61.22,61.95,61.14,61.89,46900,54.61
2008-01-31,59.25,61.26,59.25,60.68,47900,53.54
2008-01-30,59.50,61.03,59.50,59.92,42800,52.87
2008-01-29,60.15,60.22,59.66,60.06,46200,53.00
2008-01-28,58.96,59.50,58.30,59.42,87600,52.43
2008-01-25,59.78,59.88,58.36,58.44,62800,51.57
2008-01-24,58.35,58.95,57.96,58.75,67100,51.84
2008-01-23,54.88,57.90,54.80,57.71,137800,50.92
2008-01-22,55.60,57.94,55.52,57.68,83300,50.90
2008-01-18,59.36,59.50,58.14,58.61,88600,51.72
2008-01-17,59.63,60.02,57.96,58.25,89500,51.40
2008-01-16,59.42,59.84,58.59,58.78,154800,51.87
2008-01-15,60.90,61.27,60.02,60.05,67900,52.99
2008-01-14,61.84,62.74,59.99,62.40,62200,55.06
2008-01-11,62.05,62.05,61.26,61.54,125900,54.30
2008-01-10,62.16,63.14,61.94,62.95,59300,55.55
2008-01-09,62.67,62.93,61.90,62.93,95100,55.53
2008-01-08,64.83,64.83,62.65,62.70,85800,55.33
2008-01-07,62.76,63.29,62.33,63.15,120000,55.72
2008-01-04,64.02,64.07,62.53,62.57,175700,55.21
2008-01-03,64.91,65.12,64.73,64.89,59500,57.26
2008-01-02,65.01,65.34,64.28,64.78,60500,57.16
2007-12-31,65.22,65.22,64.25,64.25,110800,56.69
2007-12-28,65.60,65.80,64.75,64.81,187900,57.19
2007-12-27,65.65,65.65,64.90,64.90,80100,57.27
2007-12-26,65.36,65.54,65.05,65.50,87000,57.80
2007-12-24,66.42,66.42,64.90,65.03,57300,57.38
2007-12-21,65.73,65.73,64.44,64.77,124400,57.15
2007-12-20,63.85,64.21,63.36,64.11,213100,56.57
2007-12-19,63.95,64.07,63.39,63.61,90000,56.13
2007-12-18,64.46,64.48,63.13,63.97,105000,56.45
2007-12-17,64.97,64.97,63.60,63.61,65500,56.13
2007-12-14,67.77,67.77,67.01,67.12,40700,57.93
2007-12-13,69.00,69.05,68.30,69.00,42600,59.55
2007-12-12,70.45,70.46,69.00,69.72,42600,60.17
2007-12-11,70.20,70.40,68.15,68.15,277200,58.82
2007-12-10,69.84,70.19,69.77,70.03,70700,60.44
2007-12-07,69.81,69.83,69.54,69.59,41100,60.06
2007-12-06,68.87,69.90,68.85,69.90,56500,60.33
2007-12-05,69.12,69.33,68.91,69.15,78800,59.68
2007-12-04,68.60,69.00,68.53,68.59,37200,59.20
2007-12-03,70.02,70.02,69.23,69.25,33900,59.77
2007-11-30,69.95,70.19,69.29,69.59,50700,60.06
2007-11-29,68.79,69.55,68.79,69.22,61700,59.74
2007-11-28,68.24,69.85,67.90,69.75,49600,60.20
2007-11-27,67.69,68.32,67.41,68.09,107800,58.76
2007-11-26,67.83,68.14,66.71,66.71,40400,57.57
2007-11-23,67.65,68.21,67.51,67.94,19900,58.63
2007-11-21,66.92,67.34,66.40,66.77,55600,57.63
2007-11-20,67.89,68.32,67.22,68.03,28600,58.71
2007-11-19,68.05,68.05,66.99,67.20,43600,58.00
2007-11-16,69.56,69.56,68.82,69.46,30500,59.95
2007-11-15,69.58,69.93,68.66,69.10,36500,59.64
2007-11-14,70.95,70.95,69.93,70.02,33700,60.43
2007-11-13,69.68,70.65,68.85,70.64,46600,60.97
2007-11-12,69.24,69.55,68.40,68.40,37300,59.03
2007-11-09,70.50,70.96,70.09,70.29,40100,60.66
2007-11-08,72.34,72.34,71.15,72.08,146900,62.21
2007-11-07,72.64,72.80,71.41,71.55,37400,61.75
2007-11-06,72.90,73.12,72.50,73.10,38900,63.09
2007-11-05,71.93,72.40,71.74,72.28,45200,62.38
2007-11-02,73.05,73.46,72.35,73.31,70200,63.27
2007-11-01,73.45,73.45,72.63,72.69,58700,62.73
2007-10-31,73.93,74.61,73.79,74.29,47700,64.12
2007-10-30,72.87,73.22,72.87,72.87,44200,62.89
2007-10-29,72.97,73.14,72.72,72.98,45600,62.98
2007-10-26,72.40,72.85,72.24,72.84,32400,62.86
2007-10-25,71.88,71.91,71.32,71.74,34900,61.91
2007-10-24,71.61,71.61,70.59,71.60,45600,61.79
2007-10-23,71.69,71.88,71.14,71.88,38200,62.04
2007-10-22,70.00,70.59,69.73,70.56,57500,60.90
2007-10-19,72.01,72.01,70.51,70.64,40000,60.97
2007-10-18,71.57,72.09,71.57,71.95,33600,62.10
2007-10-17,71.77,71.92,71.05,71.56,34600,61.76
2007-10-16,71.01,71.09,70.55,70.62,33600,60.95
2007-10-15,72.16,72.34,71.54,71.78,38300,61.95
2007-10-12,72.33,72.46,72.14,72.36,34200,62.45
2007-10-11,72.15,72.98,71.72,71.78,49600,61.95
2007-10-10,71.82,71.95,71.56,71.84,25100,62.00
2007-10-09,71.17,71.97,71.17,71.97,31000,62.11
2007-10-08,71.09,71.15,70.78,71.01,34500,61.28
2007-10-05,71.12,71.69,71.12,71.43,17500,61.65
2007-10-04,70.65,70.91,70.53,70.84,13800,61.14
2007-10-03,68.92,70.73,68.92,70.30,24900,60.67
2007-10-02,70.71,70.79,70.31,70.78,44300,61.09
2007-10-01,70.10,71.02,70.00,70.77,73700,61.08
2007-09-28,69.80,70.00,69.53,69.88,41600,60.31
2007-09-27,69.47,69.77,69.36,69.77,75100,60.21
2007-09-26,68.80,69.00,68.59,68.83,34800,59.40
2007-09-25,68.01,68.37,67.50,68.37,43800,59.01
2007-09-24,68.83,68.92,68.47,68.63,50100,59.23
2007-09-21,68.83,68.90,68.63,68.63,61500,59.23
2007-09-20,68.46,68.72,68.25,68.36,63900,59.00
2007-09-19,68.55,68.98,68.25,68.46,56300,59.08
2007-09-18,66.58,68.28,66.37,68.26,46200,58.91
2007-09-17,66.86,66.98,66.18,66.40,31900,57.31
2007-09-14,67.50,67.56,67.14,67.53,52800,58.28
2007-09-13,68.14,68.38,68.01,68.11,28800,58.78
2007-09-12,68.04,68.68,68.03,68.40,29500,59.03
2007-09-11,68.04,68.68,67.96,68.68,28700,59.27
2007-09-10,67.92,68.00,66.97,67.50,52100,58.26
2007-09-07,67.85,67.99,67.38,67.70,51800,58.43
2007-09-06,68.19,68.42,67.81,68.15,51500,58.82
2007-09-05,69.15,69.15,67.65,67.90,72900,58.60
2007-09-04,68.47,69.41,68.47,69.22,24400,59.74
2007-08-31,68.47,68.72,68.11,68.50,35100,59.12
2007-08-30,66.61,67.63,66.61,67.01,24900,57.83
2007-08-29,66.95,67.75,66.70,67.75,26500,58.47
2007-08-28,67.19,67.19,65.85,65.94,33600,56.91
2007-08-27,67.69,67.79,67.40,67.52,21800,58.27
2007-08-24,66.88,67.94,66.87,67.84,25700,58.55
2007-08-23,66.66,66.89,66.23,66.70,34000,57.56
2007-08-22,65.64,66.14,65.52,66.09,44500,57.04
2007-08-21,64.35,64.69,64.22,64.43,28900,55.61
2007-08-20,64.34,64.82,63.71,64.59,90600,55.74
2007-08-17,64.87,65.04,62.58,64.09,135800,55.31
2007-08-16,63.41,63.76,61.86,63.76,221200,55.03
2007-08-15,66.08,66.19,64.44,64.51,154200,55.67
2007-08-14,67.91,67.91,66.80,66.82,53400,57.67
2007-08-13,68.53,68.53,67.68,67.79,57400,58.51
2007-08-10,66.82,68.06,66.43,67.59,151300,58.33
2007-08-09,68.95,69.65,68.70,68.71,89500,59.30
2007-08-08,70.54,71.20,70.12,70.91,43800,61.20
2007-08-07,69.45,70.47,69.45,70.34,42900,60.71
2007-08-06,69.80,70.41,69.27,70.30,48300,60.67
2007-08-03,70.41,70.50,69.26,69.28,55300,59.79
2007-08-02,70.60,71.07,70.43,70.98,76300,61.26
2007-08-01,70.71,71.16,69.86,71.16,84500,61.41
2007-07-31,71.96,72.17,70.87,70.87,67500,61.16
2007-07-30,70.81,71.59,70.59,71.40,63800,61.62
2007-07-27,70.62,71.08,69.57,69.57,80200,60.04
2007-07-26,72.00,72.53,70.39,71.02,108700,61.29
2007-07-25,73.60,73.66,72.75,73.41,61100,63.36
2007-07-24,74.10,74.19,73.10,73.20,58600,63.17
2007-07-23,74.19,74.39,74.07,74.14,72100,63.99
2007-07-20,74.39,74.42,73.69,73.85,60000,63.74
2007-07-19,74.30,74.38,74.13,74.25,42000,64.08
2007-07-18,73.69,73.97,73.41,73.97,41600,63.84
2007-07-17,74.05,74.18,73.90,73.97,58700,63.84
2007-07-16,74.00,74.13,73.76,73.92,99700,63.80
2007-07-13,73.90,74.20,73.71,74.07,66200,63.93
2007-07-12,73.44,74.22,73.40,74.10,49800,63.95
2007-07-11,72.96,73.27,72.90,73.26,33400,63.23
2007-07-10,73.14,73.24,72.60,72.69,58000,62.73
2007-07-09,73.27,73.45,73.16,73.24,58300,63.21
2007-07-06,72.90,73.12,72.74,73.11,29700,63.10
2007-07-05,73.10,73.10,72.64,72.91,64700,62.92
2007-07-03,72.78,73.01,72.68,72.97,20800,62.98
2007-07-02,72.24,72.76,72.24,72.66,56200,62.71
2007-06-29,71.85,71.92,71.20,71.50,46200,61.71
2007-06-28,71.51,71.74,71.35,71.41,34400,61.63
2007-06-27,70.40,71.04,70.35,71.03,68900,61.30
2007-06-26,71.46,71.52,70.88,70.88,52700,61.17
2007-06-25,71.15,71.59,70.73,70.88,44800,61.17
2007-06-22,71.40,71.59,70.89,71.04,67900,61.31
2007-06-21,71.35,71.82,71.11,71.79,37600,61.96
2007-06-20,72.12,72.18,71.16,71.20,43900,61.45
2007-06-19,71.68,72.01,71.64,71.98,70500,62.12
2007-06-18,72.06,72.08,71.75,71.97,69300,62.11
2007-06-15,72.17,72.32,71.95,72.08,215800,62.21
2007-06-14,71.05,71.58,71.05,71.45,38600,61.66
2007-06-13,70.62,71.23,70.62,71.23,65600,61.47
2007-06-12,70.94,71.41,70.47,70.51,132700,60.85
2007-06-11,70.95,71.67,70.84,71.43,108000,61.65
2007-06-08,70.44,71.45,70.20,71.45,178600,61.66
2007-06-07,71.70,71.88,70.40,70.40,171800,60.76
2007-06-06,72.68,72.70,71.92,72.06,70500,62.19
2007-06-05,73.36,73.47,72.93,73.26,77700,63.23
2007-06-04,73.32,73.71,73.32,73.68,61100,63.59
2007-06-01,73.18,73.39,73.14,73.39,60600,63.34
2007-05-31,72.72,73.00,72.68,72.90,80100,62.92
2007-05-30,71.60,72.28,71.49,72.19,65800,62.30
2007-05-29,72.25,72.35,71.75,71.94,85200,62.09
2007-05-25,71.86,72.10,71.79,72.08,54800,62.21
2007-05-24,72.44,72.44,71.44,71.49,79100,61.70
2007-05-23,72.90,73.06,72.46,72.46,43800,62.54
2007-05-22,72.45,72.63,72.25,72.28,47200,62.38
2007-05-21,72.15,72.50,71.99,72.15,156100,62.27
2007-05-18,72.20,72.58,72.15,72.30,157400,62.40
2007-05-17,72.22,72.37,72.04,72.22,53800,62.33
2007-05-16,72.46,72.68,72.20,72.68,34500,62.73
2007-05-15,72.21,72.93,72.21,72.37,106800,62.46
2007-05-14,72.25,72.42,72.01,72.21,87100,62.32
2007-05-11,71.45,72.26,71.45,72.26,82200,62.36
2007-05-10,70.60,72.21,70.60,71.17,143700,61.42
2007-05-09,72.00,73.00,71.93,72.40,283500,62.48
2007-05-08,72.12,72.25,71.70,72.14,125100,62.26
2007-05-07,72.75,72.92,72.70,72.70,117600,62.74
2007-05-04,72.44,72.71,72.37,72.65,68900,62.70
2007-05-03,71.70,72.04,71.70,72.01,89100,62.15
2007-05-02,71.70,72.14,71.70,72.03,101300,62.16
2007-05-01,71.86,71.86,71.22,71.60,81100,61.79
2007-04-30,71.55,71.91,71.33,71.33,124600,61.56
2007-04-27,71.36,71.55,71.26,71.48,100300,61.69
2007-04-26,71.35,71.56,71.24,71.40,68100,61.62
2007-04-25,71.55,71.79,71.32,71.79,81100,61.96
2007-04-24,71.00,71.18,70.82,71.01,272900,61.28
2007-04-23,71.42,71.60,71.21,71.30,123400,61.53
2007-04-20,71.28,71.54,71.24,71.54,131800,61.74
2007-04-19,70.63,71.11,70.52,70.89,77200,61.18
2007-04-18,71.30,71.65,71.24,71.44,65500,61.66
2007-04-17,71.39,71.97,71.23,71.44,164900,61.66
2007-04-16,71.23,71.57,71.23,71.50,303300,61.71
2007-04-13,70.73,70.92,70.41,70.90,96700,61.19
2007-04-12,70.04,71.38,69.65,70.80,278600,61.10
2007-04-11,70.40,70.51,69.90,70.18,137400,60.57
2007-04-10,70.20,70.60,70.12,70.54,144000,60.88
2007-04-09,69.98,70.09,69.70,70.05,128300,60.46
2007-04-05,69.53,69.83,69.42,69.81,104400,60.25
2007-04-04,69.06,69.44,69.00,69.42,328200,59.91
2007-04-03,68.85,69.20,68.85,69.09,67200,59.63
2007-04-02,68.49,68.69,68.29,68.55,91500,59.16
2007-03-30,67.96,68.31,67.92,68.14,68900,58.81
2007-03-29,67.85,67.93,67.37,67.88,60500,58.58
2007-03-28,67.50,67.62,67.15,67.23,216200,58.02
2007-03-27,67.76,68.03,67.64,67.99,101000,58.68
2007-03-26,68.11,68.28,67.45,68.25,124700,58.90
2007-03-23,67.42,68.12,67.42,67.81,1216300,58.52
2007-03-22,67.87,67.87,67.35,67.50,115300,58.26
2007-03-21,66.55,67.85,66.47,67.85,163400,58.56
2007-03-20,65.83,66.37,65.78,66.37,39100,57.28
2007-03-19,65.62,65.86,65.46,65.79,90200,56.78
2007-03-16,65.06,65.20,64.79,64.92,23500,56.03
2007-03-15,64.28,64.98,64.28,64.83,62600,55.95
2007-03-14,63.85,64.30,63.17,64.30,84500,55.49
2007-03-13,65.24,65.25,64.09,64.19,69300,55.40
2007-03-12,65.39,65.84,65.26,65.80,54700,56.79
2007-03-09,65.24,65.24,64.71,65.09,72600,56.18
2007-03-08,64.95,65.20,64.78,64.90,120100,56.01
2007-03-07,64.10,64.40,63.78,64.10,49500,55.32
2007-03-06,63.28,63.89,63.16,63.84,79900,55.10
2007-03-05,61.40,62.38,60.85,61.64,372900,53.20
2007-03-02,63.92,64.47,63.63,63.63,152300,54.92
2007-03-01,63.88,64.36,63.71,64.25,86500,55.45
2007-02-28,64.64,65.11,64.40,65.04,67800,56.13
2007-02-27,66.28,66.31,63.84,64.53,231900,55.69
2007-02-26,67.81,67.87,67.43,67.78,96900,58.50
2007-02-23,67.46,67.56,67.33,67.41,121100,58.18
2007-02-22,66.95,67.47,66.95,67.43,75900,58.19
2007-02-21,66.90,67.08,66.60,66.95,135400,57.78
2007-02-20,66.93,67.10,66.57,67.05,99600,57.87
2007-02-16,66.44,66.62,66.35,66.62,42700,57.50
2007-02-15,66.65,66.84,66.57,66.79,79700,57.64
2007-02-14,66.06,66.56,66.06,66.51,150000,57.40
2007-02-13,65.35,65.70,65.21,65.70,77600,56.70
2007-02-12,65.20,65.20,64.90,65.00,33700,56.10
2007-02-09,65.38,65.53,65.01,65.11,48200,56.19
2007-02-08,65.24,65.47,65.10,65.44,35700,56.48
2007-02-07,65.62,65.69,65.44,65.62,86300,56.63
2007-02-06,65.53,65.56,65.27,65.51,69600,56.54
2007-02-05,64.92,65.07,64.77,64.92,91400,56.03
2007-02-02,64.85,64.94,64.60,64.82,72500,55.94
2007-02-01,64.72,64.84,64.62,64.75,59700,55.88
2007-01-31,63.62,64.42,63.51,64.25,71600,55.45
2007-01-30,64.18,64.23,63.97,64.23,83000,55.43
2007-01-29,63.72,64.02,63.58,63.74,71800,55.01
2007-01-26,63.66,63.76,63.35,63.67,56700,54.95
2007-01-25,64.30,64.30,63.53,63.68,66100,54.96
2007-01-24,64.45,64.70,64.36,64.70,98100,55.84
2007-01-23,64.38,64.70,64.35,64.58,106600,55.74
2007-01-22,64.42,64.42,64.00,64.13,75000,55.35
2007-01-19,63.85,64.36,63.85,64.27,29700,55.47
2007-01-18,63.96,64.05,63.61,63.73,35100,55.00
2007-01-17,63.44,63.82,63.44,63.60,76100,54.89
2007-01-16,63.56,63.58,63.20,63.39,74400,54.71
2007-01-12,62.65,63.10,62.65,63.10,40600,54.46
2007-01-11,62.12,62.53,62.12,62.38,25300,53.84
2007-01-10,62.04,62.32,61.00,62.23,68000,53.71
2007-01-09,62.78,62.83,62.38,62.75,31000,54.16
2007-01-08,62.40,62.60,62.25,62.54,41300,53.97
2007-01-05,62.42,62.46,62.10,62.23,80100,53.71
2007-01-04,62.91,63.25,62.75,63.12,50000,54.48
2007-01-03,63.72,63.85,63.10,63.28,46200,54.61
2006-12-29,63.10,63.21,62.95,62.95,61100,54.33
2006-12-28,63.15,63.24,62.95,63.21,104400,54.55
2006-12-27,62.85,63.06,62.75,63.00,23100,54.37
2006-12-26,62.37,62.45,62.20,62.34,35600,53.80
2006-12-22,62.42,62.42,62.12,62.31,30500,53.78
2006-12-21,62.18,62.38,62.07,62.18,37100,53.66
2006-12-20,62.62,62.70,62.36,62.39,29500,53.85
2006-12-19,62.00,62.41,61.97,62.36,19900,53.82
2006-12-18,62.25,62.25,61.88,61.88,27100,53.40
2006-12-15,62.40,62.44,62.01,62.11,33900,53.60
2006-12-14,62.08,62.34,62.08,62.27,27100,53.74
2006-12-13,61.90,62.01,61.81,61.97,26200,53.48
2006-12-12,61.67,61.87,61.43,61.83,19500,53.36
2006-12-11,61.54,61.91,61.43,61.80,12000,53.34
2006-12-08,61.68,61.82,61.27,61.35,43600,52.95
2006-12-07,61.64,61.79,61.41,61.45,23500,53.03
2006-12-06,61.32,61.51,61.27,61.34,46500,52.94
2006-12-05,61.35,61.63,61.27,61.58,69300,53.15
2006-12-04,60.88,61.34,60.88,61.27,19900,52.88
2006-12-01,60.72,60.72,60.33,60.64,19000,52.33
2006-11-30,60.35,60.72,60.24,60.57,38500,52.27
2006-11-29,59.90,60.20,59.64,60.02,33500,51.80
2006-11-28,58.76,59.17,58.76,59.17,11000,51.07
2006-11-27,59.28,59.29,58.68,58.76,30800,50.71
2006-11-24,59.17,59.34,59.10,59.17,5800,51.07
2006-11-22,58.95,59.05,58.88,59.05,18100,50.96
2006-11-21,58.12,58.43,58.12,58.43,11900,50.43
2006-11-20,57.85,57.93,57.76,57.88,12400,49.95
2006-11-17,58.12,58.51,58.09,58.50,8000,50.49
2006-11-16,58.50,58.51,58.34,58.42,16600,50.42
2006-11-15,58.25,58.61,58.25,58.49,18500,50.48
2006-11-14,58.50,59.36,58.21,58.55,14300,50.53
2006-11-13,57.96,58.10,57.88,57.99,20400,50.05
2006-11-10,58.34,58.35,58.12,58.29,26100,50.31
2006-11-09,58.01,58.27,57.88,57.94,11000,50.00
2006-11-08,57.85,58.31,57.85,58.21,14300,50.24
2006-11-07,58.45,58.58,58.28,58.28,24000,50.30
2006-11-06,57.75,58.26,57.75,58.19,68100,50.22
2006-11-03,57.54,57.61,57.43,57.56,18600,49.68
2006-11-02,57.58,57.77,57.56,57.76,10800,49.85
2006-11-01,57.97,58.08,57.35,57.49,10200,49.62
2006-10-31,57.28,57.63,57.28,57.51,15800,49.63
2006-10-30,57.00,57.18,56.90,57.07,14300,49.25
2006-10-27,57.26,57.29,56.95,56.95,34800,49.15
2006-10-26,57.20,57.52,57.03,57.50,11700,49.62
2006-10-25,56.72,57.10,56.67,57.05,27900,49.24
2006-10-24,56.50,56.77,56.45,56.59,77200,48.84
2006-10-23,56.35,56.72,56.35,56.69,13900,48.93
2006-10-20,56.68,56.74,56.47,56.72,5700,48.95
2006-10-19,56.35,56.68,56.35,56.64,8300,48.88
2006-10-18,56.20,56.25,56.06,56.17,14300,48.48
2006-10-17,55.95,55.95,55.60,55.84,7800,48.19
2006-10-16,56.04,56.19,55.99,56.18,8500,48.49
2006-10-13,55.68,55.87,55.59,55.83,18500,48.18
2006-10-12,55.30,55.73,55.30,55.73,17900,48.10
2006-10-11,54.98,55.28,54.70,54.98,13100,47.45
2006-10-10,55.10,55.14,54.97,55.14,18400,47.59
2006-10-09,54.96,55.11,54.93,55.07,96100,47.53
2006-10-06,55.05,55.12,54.91,55.06,10100,47.52
2006-10-05,55.25,55.46,55.20,55.46,5200,47.86
2006-10-04,54.68,55.33,54.68,55.33,3300,47.75
2006-10-03,54.80,55.03,54.80,54.84,4400,47.33
2006-10-02,54.85,55.22,54.85,54.97,9300,47.44
2006-09-29,54.60,54.75,54.58,54.62,24200,47.14
2006-09-28,54.50,54.71,54.31,54.69,8300,47.20
2006-09-27,54.25,54.64,54.25,54.55,6500,47.08
2006-09-26,54.12,54.12,53.93,54.05,6400,46.65
2006-09-25,53.98,54.50,53.70,54.40,17500,46.95
2006-09-22,54.04,54.15,53.84,53.97,25900,46.58
2006-09-21,54.38,54.38,54.11,54.20,20900,46.78
2006-09-20,53.92,54.16,53.92,54.07,7400,46.66
2006-09-19,54.03,54.03,53.44,53.76,10100,46.40
2006-09-18,53.84,53.94,53.82,53.87,12600,46.49
2006-09-15,53.65,53.79,53.54,53.67,10200,46.32
2006-09-14,53.54,53.66,53.47,53.58,8300,46.24
2006-09-13,53.17,53.40,53.05,53.34,21300,46.03
2006-09-12,52.92,53.23,52.92,53.23,111100,45.94
2006-09-11,53.01,53.05,52.77,52.94,9300,45.69
2006-09-08,53.22,53.40,53.14,53.40,22000,46.09
2006-09-07,53.45,53.67,53.18,53.40,27400,46.09
2006-09-06,54.05,54.10,53.80,53.86,26100,46.48
2006-09-05,54.45,54.60,54.31,54.59,17800,47.11
2006-09-01,53.83,54.18,53.83,54.18,3500,46.76
2006-08-31,53.90,53.90,53.58,53.75,9000,46.39
2006-08-30,53.58,53.78,53.19,53.52,55900,46.19
2006-08-29,53.30,53.47,53.00,53.47,12700,46.15
2006-08-28,52.76,53.11,52.72,52.96,18800,45.71
2006-08-25,53.05,53.08,52.88,53.01,31600,45.75
2006-08-24,53.42,53.46,52.91,53.08,27500,45.81
2006-08-23,54.19,54.19,53.25,53.39,64400,46.08
2006-08-22,54.50,54.60,54.48,54.48,17200,47.02
2006-08-21,54.30,54.69,54.24,54.58,14100,47.10
2006-08-18,54.00,54.15,54.00,54.15,16800,46.73
2006-08-17,54.20,54.20,53.98,54.01,4600,46.61
2006-08-16,54.00,54.31,53.91,54.24,16600,46.81
2006-08-15,53.51,53.70,53.36,53.70,5100,46.35
2006-08-14,52.97,53.05,52.72,52.72,5300,45.50
2006-08-11,52.50,52.87,52.50,52.87,3300,45.63
2006-08-10,52.88,53.10,52.88,53.10,900,45.83
2006-08-09,52.85,53.19,52.85,53.09,1600,45.82
2006-08-08,52.70,52.97,52.70,52.85,1100,45.61
2006-08-07,52.68,52.92,52.57,52.92,7300,45.67
2006-08-04,53.20,53.31,53.04,53.15,1400,45.87
2006-08-03,52.55,52.87,52.50,52.87,2300,45.63
2006-08-02,52.95,53.07,52.95,53.07,1300,45.80
2006-08-01,52.67,52.67,52.50,52.57,1200,45.37
2006-07-31,52.84,52.98,52.84,52.98,6100,45.72
2006-07-28,52.68,52.76,52.58,52.73,4200,45.51
2006-07-27,52.50,52.56,51.97,51.97,3100,44.85
2006-07-26,51.40,51.86,51.28,51.86,7700,44.76
2006-07-25,51.44,51.54,51.26,51.38,5000,44.34
2006-07-24,51.07,51.48,51.07,51.48,2500,44.43
2006-07-21,51.18,51.18,50.85,50.97,4500,43.99
2006-07-20,51.40,51.40,51.05,51.05,5300,44.06
2006-07-19,49.86,51.04,49.86,51.04,2400,44.05
2006-07-18,49.82,49.94,49.82,49.94,2800,43.10
2006-07-17,50.17,50.21,50.05,50.09,2200,43.23
2006-07-14,51.21,51.21,50.86,51.01,3000,44.02
2006-07-13,51.95,51.95,51.44,51.44,7500,44.39
2006-07-12,52.40,52.40,51.99,52.07,5600,44.94
2006-07-11,52.53,52.70,52.39,52.70,5300,45.48
2006-07-10,52.76,52.76,52.58,52.58,8100,45.38
2006-07-07,52.88,52.96,52.74,52.74,8800,45.52
2006-07-06,52.52,52.52,52.51,52.51,2200,45.32
2006-07-05,52.47,52.47,52.17,52.42,3700,45.24
2006-07-03,52.68,52.84,52.64,52.84,5200,45.60
2006-06-30,52.60,52.76,52.60,52.76,3000,45.53
2006-06-29,50.88,52.00,50.88,52.00,3100,44.88
2006-06-28,50.50,50.55,50.50,50.55,200,43.63
2006-06-27,50.69,50.69,50.50,50.53,1200,43.61
2006-06-26,50.52,50.52,50.47,50.50,1700,43.58
2006-06-23,50.25,50.57,50.25,50.47,3500,43.56
2006-06-22,50.51,50.52,50.43,50.46,2900,43.55
2006-06-21,50.25,50.76,50.25,50.70,1700,43.76
2006-06-20,50.36,50.69,50.35,50.55,3100,43.63
2006-06-19,50.70,50.71,50.25,50.39,8100,43.49
2006-06-16,50.55,50.64,50.48,50.55,12800,43.63