2011-05-10,49.34,49.57,49.20,49.57,35500,49.57
2011-05-09,48.88,49.14,48.61,49.12,43000,49.12
2011-05-06,49.71,49.82,48.60,48.88,33600,48.88
2011-05-05,49.37,49.52,48.78,49.13,257600,49.13
2011-05-04,50.34,50.37,49.99,50.15,2300,50.15
2011-05-03,50.74,51.02,50.45,50.47,8300,50.47
2011-05-02,51.26,51.28,50.83,50.83,7700,50.83
2011-04-29,50.70,51.07,50.70,50.97,12000,50.97
2011-04-28,50.50,50.85,50.50,50.85,18800,50.85
2011-04-27,50.16,50.54,49.85,50.54,16700,50.54
2011-04-26,49.61,49.81,49.47,49.75,7900,49.75
2011-04-25,49.24,49.48,49.18,49.30,8000,49.30
2011-04-21,49.36,49.36,49.21,49.27,12000,49.27
2011-04-20,48.87,49.11,48.87,49.08,21200,49.08
2011-04-19,47.70,47.86,47.56,47.81,25700,47.81
2011-04-18,47.60,47.60,47.00,47.42,114200,47.42
2011-04-15,48.40,48.69,48.40,48.67,3400,48.67
2011-04-14,48.57,48.82,48.52,48.82,2700,48.82
2011-04-13,48.78,49.01,48.55,48.78,4500,48.78
2011-04-12,48.74,48.74,48.44,48.48,21100,48.48
2011-04-11,49.11,49.18,48.79,48.86,38500,48.86
2011-04-08,49.06,49.14,48.82,48.92,29100,48.92
2011-04-07,48.52,48.74,48.27,48.50,13400,48.50
2011-04-06,48.42,48.74,48.42,48.65,5300,48.65
2011-04-05,48.09,48.35,48.09,48.19,18100,48.19
2011-04-04,48.36,48.37,48.17,48.23,7600,48.23
2011-04-01,47.80,48.18,47.69,48.07,29500,48.07
2011-03-31,47.68,47.83,47.53,47.69,93800,47.69
2011-03-30,47.71,47.98,47.62,47.91,6100,47.91
2011-03-29,46.98,47.43,46.91,47.43,5600,47.43
2011-03-28,47.21,47.34,46.95,46.97,15500,46.97
2011-03-25,47.28,47.43,47.00,47.03,9100,47.03
2011-03-24,47.07,47.42,47.07,47.40,34200,47.40
2011-03-23,46.50,47.02,46.44,46.99,11000,46.99
2011-03-22,46.99,46.99,46.73,46.75,122100,46.75
2011-03-21,46.82,47.01,46.57,46.95,14100,46.95
2011-03-18,46.22,46.22,45.75,45.85,10400,45.64
2011-03-17,45.47,45.65,45.25,45.53,9700,45.33
2011-03-16,45.00,45.25,43.74,44.16,15000,43.96
2011-03-15,44.45,45.68,44.28,45.44,109000,45.24
2011-03-14,46.39,46.55,46.05,46.41,49600,46.20
2011-03-11,46.55,47.11,46.55,47.11,4400,46.90
2011-03-10,47.22,47.22,46.80,46.95,7700,46.74
2011-03-09,47.99,48.03,47.74,47.94,7900,47.73
2011-03-08,47.72,48.05,47.66,48.05,12200,47.84
2011-03-07,48.46,48.49,47.49,47.73,19700,47.52
2011-03-04,48.45,48.45,47.81,47.98,12500,47.77
2011-03-03,48.28,48.51,48.15,48.50,9900,48.28
2011-03-02,47.95,48.21,47.85,48.00,23700,47.79
2011-03-01,48.67,48.75,47.65,47.65,15200,47.44
2011-02-28,48.44,48.64,48.23,48.51,12800,48.29
2011-02-25,47.93,48.13,47.93,48.05,12300,47.84
2011-02-24,47.45,47.60,47.20,47.60,19200,47.39
2011-02-23,47.55,47.65,47.13,47.40,13300,47.19
2011-02-22,47.66,47.89,47.05,47.23,18300,47.02
2011-02-18,48.49,48.71,48.39,48.57,14200,48.35
2011-02-17,48.15,48.49,48.11,48.43,13000,48.21
2011-02-16,47.69,48.18,47.68,48.09,23400,47.87
2011-02-15,47.54,47.65,47.42,47.53,6100,47.32
2011-02-14,47.56,47.66,47.41,47.56,5200,47.35
2011-02-11,47.53,47.82,47.46,47.70,11200,47.49
2011-02-10,47.50,47.83,47.31,47.78,13900,47.57
2011-02-09,48.00,48.27,47.89,48.15,13400,47.93
2011-02-08,48.09,48.30,47.85,48.18,10700,47.96
2011-02-07,47.66,48.06,47.66,48.01,26100,47.80
2011-02-04,47.73,47.85,47.46,47.84,17100,47.63
2011-02-03,47.75,47.97,47.62,47.96,29100,47.75
2011-02-02,48.12,48.21,47.98,48.08,28500,47.87
2011-02-01,47.70,48.33,47.70,48.24,12100,48.02
2011-01-31,46.82,47.21,46.81,47.15,86400,46.94
2011-01-28,47.31,47.38,46.27,46.27,97800,46.06
2011-01-27,47.67,47.67,47.31,47.60,29000,47.39
2011-01-26,47.34,47.53,47.26,47.39,10700,47.18
2011-01-25,47.06,47.30,46.82,47.28,21700,47.07
2011-01-24,46.99,47.50,46.99,47.50,7500,47.29
2011-01-21,46.90,47.11,46.75,46.93,17500,46.72
2011-01-20,46.28,46.49,45.99,46.36,10200,46.15
2011-01-19,47.03,47.03,46.40,46.53,42800,46.32
2011-01-18,46.63,46.85,46.63,46.77,10000,46.56
2011-01-14,46.15,46.50,46.08,46.41,30100,46.20
2011-01-13,46.34,46.41,45.99,46.01,50200,45.80
2011-01-12,45.22,45.77,45.20,45.75,11400,45.55
2011-01-11,44.67,44.71,44.37,44.66,10300,44.46
2011-01-10,44.05,44.40,43.97,44.40,30500,44.20
2011-01-07,44.85,44.90,44.36,44.61,16700,44.41
2011-01-06,45.43,45.43,44.74,44.95,22400,44.75
2011-01-05,44.97,45.34,44.92,45.29,80700,45.09
2011-01-04,45.96,45.96,45.45,45.68,33100,45.48
2011-01-03,45.67,46.05,45.67,45.89,28600,45.68
2010-12-31,45.24,45.57,45.13,45.49,108200,45.29
2010-12-30,45.35,45.42,45.08,45.21,2000,45.01
2010-12-29,45.27,45.54,45.23,45.46,11500,45.26
2010-12-28,45.12,45.12,44.87,44.97,14500,44.77
2010-12-27,44.78,45.09,44.78,45.09,7600,44.89
2010-12-23,45.20,45.26,45.07,45.26,20200,45.06
2010-12-22,45.06,45.17,45.06,45.12,8600,44.92
2010-12-21,45.48,45.59,45.34,45.37,31200,44.85
2010-12-20,45.22,45.25,44.90,45.01,35700,44.50
2010-12-17,45.05,45.08,44.74,44.99,12700,44.48
2010-12-16,45.11,45.47,45.08,45.31,17900,44.79
2010-12-15,45.56,45.68,45.00,45.05,15400,44.54
2010-12-14,45.78,46.10,45.74,45.74,7100,45.22
2010-12-13,45.61,46.01,45.56,45.85,29900,45.33
2010-12-10,44.96,45.31,44.89,45.21,12100,44.69
2010-12-09,45.09,45.25,44.93,45.04,18600,44.53
2010-12-08,44.94,45.02,44.63,44.90,12000,44.39
2010-12-07,45.25,45.25,44.70,44.72,6100,44.21
2010-12-06,44.46,44.70,44.42,44.69,8600,44.18
2010-12-03,44.52,45.10,44.52,45.10,11700,44.58
2010-12-02,43.65,44.63,43.65,44.54,18700,44.03
2010-12-01,43.53,43.82,43.37,43.82,11100,43.32
2010-11-30,42.34,42.81,42.34,42.59,10100,42.10
2010-11-29,43.21,43.38,42.82,43.38,23300,42.88
2010-11-26,43.81,43.88,43.64,43.86,3900,43.36
2010-11-24,44.42,44.59,44.42,44.52,14500,44.01
2010-11-23,44.63,44.63,44.00,44.07,18100,43.57
2010-11-22,45.65,45.75,45.17,45.60,4300,45.08
2010-11-19,45.83,46.13,45.54,46.09,8000,45.56
2010-11-18,46.00,46.20,46.00,46.01,12200,45.48
2010-11-17,44.90,45.27,44.90,45.04,12700,44.53
2010-11-16,45.58,45.62,44.66,44.91,15600,44.40
2010-11-15,46.07,46.19,45.90,45.92,5700,45.40
2010-11-12,46.20,46.33,45.65,45.87,16600,45.35
2010-11-11,46.16,46.31,46.06,46.21,11800,45.68
2010-11-10,46.67,46.84,46.06,46.72,15600,46.19
2010-11-09,47.44,47.49,46.51,46.51,19500,45.98
2010-11-08,47.08,47.25,46.82,47.22,8500,46.68
2010-11-05,47.62,47.73,47.28,47.50,11900,46.96
2010-11-04,47.84,48.04,47.69,48.03,13900,47.48
2010-11-03,46.71,46.96,46.40,46.93,16100,46.39
2010-11-02,46.72,46.87,46.66,46.85,7900,46.31
2010-11-01,46.31,46.31,45.96,45.97,9600,45.44
2010-10-29,46.17,46.26,45.97,46.22,8000,45.69
2010-10-28,46.22,46.22,45.79,46.16,21700,45.63
2010-10-27,45.69,45.69,45.17,45.38,6500,44.86
2010-10-26,45.72,46.01,45.65,45.87,11000,45.35
2010-10-25,46.58,46.58,46.24,46.36,8600,45.83
2010-10-22,46.25,46.25,45.86,46.04,20100,45.51
2010-10-21,46.26,46.59,45.79,46.23,34100,45.70
2010-10-20,45.84,46.31,45.84,46.09,8500,45.56
2010-10-19,45.61,45.74,45.05,45.37,12300,44.85
2010-10-18,46.16,46.49,45.98,46.41,9200,45.88
2010-10-15,46.18,46.46,46.00,46.35,28600,45.82
2010-10-14,46.45,46.47,46.14,46.15,11400,45.62
2010-10-13,45.94,46.30,45.90,46.10,8400,45.57
2010-10-12,45.18,45.49,44.86,45.45,12400,44.93
2010-10-11,45.64,45.82,45.51,45.60,13800,45.08
2010-10-08,45.55,45.72,45.43,45.70,8600,45.18
2010-10-07,45.77,45.77,45.19,45.44,9000,44.92
2010-10-06,45.41,45.55,45.24,45.51,15000,44.99
2010-10-05,44.76,45.25,44.68,45.20,16900,44.68
2010-10-04,44.30,44.38,43.81,43.99,17400,43.49
2010-10-01,44.55,44.61,44.22,44.59,50500,44.08
2010-09-30,44.43,44.55,43.71,44.09,24600,43.59
2010-09-29,44.39,44.51,44.16,44.23,17100,43.72
2010-09-28,44.30,44.54,44.16,44.54,13300,44.03
2010-09-27,44.42,44.45,44.05,44.23,24000,43.72
2010-09-24,43.98,44.37,43.98,44.28,4700,43.77
2010-09-23,43.23,43.50,43.11,43.11,8600,42.62
2010-09-22,43.99,43.99,43.50,43.62,4300,43.12
2010-09-21,43.86,44.00,43.35,43.66,31700,43.16
2010-09-20,43.41,43.70,43.41,43.61,7000,43.11
2010-09-17,43.17,43.22,42.97,43.14,8100,42.42
2010-09-16,43.42,43.64,43.32,43.54,6600,42.82
2010-09-15,43.48,43.62,43.48,43.59,4900,42.87
2010-09-14,43.25,43.86,43.16,43.66,16000,42.93
2010-09-13,43.24,43.36,43.12,43.30,6200,42.58
2010-09-10,42.57,42.66,42.52,42.59,8300,41.88
2010-09-09,42.75,42.75,42.31,42.45,3700,41.75
2010-09-08,42.01,42.37,42.01,42.12,3700,41.42
2010-09-07,41.96,41.96,41.81,41.81,1300,41.12
2010-09-03,42.31,42.51,42.20,42.36,13100,41.66
2010-09-02,41.79,42.11,41.72,42.00,36100,41.30
2010-09-01,41.55,41.80,41.55,41.79,3400,41.10
2010-08-31,40.20,40.64,40.20,40.32,10800,39.65
2010-08-30,40.52,40.72,40.16,40.16,4500,39.49
2010-08-27,40.43,40.83,40.16,40.81,5000,40.13
2010-08-26,40.18,40.44,39.81,39.90,5900,39.24
2010-08-25,39.65,40.07,39.55,40.07,11000,39.40
2010-08-24,39.97,40.19,39.82,39.98,24000,39.32
2010-08-23,41.00,41.00,40.60,40.61,8400,39.94
2010-08-20,40.34,40.58,40.31,40.56,17900,39.89
2010-08-19,41.66,41.73,40.84,40.94,10500,40.26
2010-08-18,41.96,42.01,41.60,41.81,10000,41.12
2010-08-17,41.68,42.01,41.55,41.82,6900,41.13
2010-08-16,41.11,41.51,41.11,41.31,9400,40.62
2010-08-13,41.42,41.45,41.08,41.19,8300,40.51
2010-08-12,40.92,41.39,40.92,41.31,13000,40.62
2010-08-11,41.73,41.73,41.28,41.40,14500,40.71
2010-08-10,42.61,43.29,42.61,43.15,7100,42.43
2010-08-09,43.35,43.50,43.33,43.44,3100,42.72
2010-08-06,43.29,43.29,42.88,43.09,7100,42.37
2010-08-05,43.10,43.21,42.93,43.16,7500,42.44
2010-08-04,43.02,43.28,42.99,43.26,11600,42.54
2010-08-03,43.03,43.25,42.87,43.12,9200,42.40
2010-08-02,42.53,43.21,42.53,43.21,15300,42.49
2010-07-30,41.35,41.97,41.35,41.85,20200,41.16
2010-07-29,42.29,42.29,41.57,41.84,12200,41.15
2010-07-28,41.78,41.78,41.52,41.66,26000,40.97
2010-07-27,41.96,41.96,41.59,41.79,17100,41.10
2010-07-26,41.29,41.56,41.10,41.56,21200,40.87
2010-07-23,40.67,41.40,40.67,41.39,5800,40.70
2010-07-22,40.50,41.13,40.50,41.11,19500,40.43
2010-07-21,40.30,40.30,39.50,39.54,5300,38.88
2010-07-20,39.57,40.45,39.57,40.33,6900,39.66
2010-07-19,40.14,40.30,39.76,40.05,19600,39.38
2010-07-16,40.64,40.64,39.70,39.70,74500,39.04
2010-07-15,40.82,41.13,40.59,40.99,8500,40.31
2010-07-14,40.32,40.90,40.32,40.79,76400,40.11
2010-07-13,40.27,40.68,40.27,40.65,15000,39.97
2010-07-12,39.57,39.91,39.57,39.81,34500,39.15
2010-07-09,39.71,40.06,39.63,40.02,19200,39.36
2010-07-08,39.89,39.95,39.55,39.95,14100,39.29
2010-07-07,38.78,39.73,38.61,39.72,20000,39.06
2010-07-06,38.79,39.00,38.20,38.39,27300,37.75
2010-07-02,37.99,38.03,37.33,37.41,9800,36.79
2010-07-01,37.69,37.77,37.04,37.77,20000,37.14
2010-06-30,37.74,37.74,37.27,37.27,3800,36.65
2010-06-29,38.01,38.01,37.28,37.37,15500,36.75
2010-06-28,38.80,39.08,38.64,38.64,6200,38.00
2010-06-25,39.66,39.82,39.29,39.62,10500,38.14
2010-06-24,39.96,40.00,39.49,39.56,21200,38.08
2010-06-23,40.21,40.49,39.85,40.17,21600,38.67
2010-06-22,40.54,40.57,39.96,39.99,18100,38.49
2010-06-21,41.20,41.20,40.37,40.57,7200,39.05
2010-06-18,40.81,40.81,40.45,40.60,24500,39.08
2010-06-17,40.48,40.62,40.31,40.52,36500,39.00
2010-06-16,40.13,40.65,40.13,40.53,5600,39.01
2010-06-15,40.11,40.73,40.05,40.73,4900,39.21
2010-06-14,39.91,40.06,39.48,39.48,7200,38.00
2010-06-11,39.15,39.22,38.95,39.22,6700,37.75
2010-06-10,38.48,39.14,38.48,39.10,3200,37.64
2010-06-09,37.92,38.35,37.48,37.48,3900,36.08
2010-06-08,37.12,37.72,37.03,37.72,9000,36.31
2010-06-07,37.75,38.05,37.31,37.34,22200,35.94
2010-06-04,38.45,38.55,37.51,37.51,9700,36.11
2010-06-03,39.63,39.69,39.02,39.30,18200,37.83
2010-06-02,38.54,39.32,38.46,39.30,17800,37.83
2010-06-01,38.25,39.07,38.24,38.90,35200,37.44
2010-05-28,39.51,39.51,38.85,39.00,15200,37.54
2010-05-27,38.41,39.46,38.41,39.46,15600,37.98
2010-05-26,38.00,38.25,37.41,37.41,14000,36.01
2010-05-25,37.02,38.02,36.77,38.02,27300,36.60
2010-05-24,38.35,38.68,37.94,37.95,63200,36.53
2010-05-21,37.83,38.95,37.65,38.42,19000,36.98
2010-05-20,38.48,38.77,37.55,38.07,55700,36.65
2010-05-19,39.04,39.53,38.72,39.45,89000,37.97
2010-05-18,40.31,40.38,38.90,39.08,17200,37.62
2010-05-17,40.20,40.20,39.00,40.00,73400,38.50
2010-05-14,40.59,40.59,39.66,40.05,34300,38.55
2010-05-13,41.51,41.68,41.17,41.17,8700,39.63
2010-05-12,41.64,41.95,41.64,41.81,122300,40.25
2010-05-11,41.30,42.00,41.20,41.43,36300,39.88
2010-05-10,40.34,42.34,40.34,41.91,27800,40.34
2010-05-07,40.08,40.08,38.65,39.34,64300,37.87
2010-05-06,41.08,41.32,30.03,39.58,75300,38.10
2010-05-05,41.36,42.00,41.31,41.49,41200,39.94
2010-05-04,42.95,42.95,42.28,42.38,38400,40.79
2010-05-03,43.98,44.28,43.80,44.09,15400,42.44
2010-04-30,44.43,44.47,43.77,43.83,11600,42.19
2010-04-29,44.05,44.41,44.05,44.31,18900,42.65
2010-04-28,44.24,44.24,43.24,43.62,34800,41.99
2010-04-27,45.04,45.26,43.65,43.81,49600,42.17
2010-04-26,45.90,45.90,45.63,45.75,24500,44.04
2010-04-23,45.42,45.88,45.16,45.86,11900,44.14
2010-04-22,44.86,45.60,44.86,45.48,9700,43.78
2010-04-21,46.20,46.20,45.68,46.02,3100,44.30
2010-04-20,46.30,46.45,46.21,46.30,5700,44.57
2010-04-19,45.78,46.08,45.51,46.00,7300,44.28
2010-04-16,46.71,46.71,45.88,46.21,12500,44.48
2010-04-15,46.81,47.22,46.81,47.13,17300,45.37
2010-04-14,46.99,47.20,46.95,47.19,14700,45.42
2010-04-13,46.84,50.34,46.28,46.73,12900,44.98
2010-04-12,46.59,46.77,46.59,46.63,16800,44.89
2010-04-09,45.88,46.47,45.88,46.44,11200,44.70
2010-04-08,45.39,45.89,45.35,45.88,18400,44.16
2010-04-07,45.78,45.98,45.56,45.61,30400,43.90
2010-04-06,45.81,46.19,45.76,46.09,16600,44.37
2010-04-05,45.92,46.36,45.92,46.23,15700,44.50
2010-04-01,45.99,46.20,45.79,46.10,9700,44.38
2010-03-31,45.41,45.55,45.15,45.49,21600,43.79
2010-03-30,45.69,45.76,45.31,45.37,17000,43.67
2010-03-29,45.36,45.45,45.08,45.38,11900,43.68
2010-03-26,45.21,45.38,45.02,45.15,7700,43.27
2010-03-25,45.39,45.46,44.89,44.89,14500,43.02
2010-03-24,44.92,45.01,44.79,44.94,29700,43.07
2010-03-23,45.40,45.81,45.36,45.81,24400,43.90
2010-03-22,44.58,45.50,44.58,45.48,16100,43.59
2010-03-19,45.82,45.82,45.11,45.25,13900,43.37
2010-03-18,46.09,46.09,45.60,45.91,41700,44.00
2010-03-17,46.02,46.38,46.02,46.16,26800,44.24
2010-03-16,45.63,46.03,45.47,46.03,27700,44.11
2010-03-15,45.39,45.44,45.03,45.33,128100,43.44
2010-03-12,45.77,45.81,45.49,45.65,9000,43.75
2010-03-11,45.18,45.54,45.18,45.48,35600,43.59
2010-03-10,45.23,45.53,45.08,45.38,11500,43.49
2010-03-09,44.88,45.23,44.68,45.14,9100,43.26
2010-03-08,45.33,45.36,45.06,45.21,20500,43.33
2010-03-05,44.69,45.23,44.49,45.23,20600,43.35
2010-03-04,44.63,44.63,44.09,44.23,16100,42.39
2010-03-03,44.21,44.81,44.21,44.48,25700,42.63
2010-03-02,43.82,44.21,43.78,43.99,36400,42.16
2010-03-01,43.39,43.78,43.39,43.65,5300,41.83
2010-02-26,43.13,43.56,42.80,43.52,14400,41.71
2010-02-25,42.40,43.14,42.36,43.14,14400,41.34
2010-02-24,43.30,43.60,43.14,43.27,8700,41.47
2010-02-23,43.42,43.42,42.99,43.07,10600,41.28
2010-02-22,43.87,43.90,43.64,43.79,10900,41.97
2010-02-19,43.34,43.82,43.23,43.80,7600,41.98
2010-02-18,43.62,43.91,43.52,43.85,16800,42.02
2010-02-17,43.86,43.95,43.58,43.64,9100,41.82
2010-02-16,42.99,43.74,42.73,43.64,15400,41.82
2010-02-12,42.43,42.94,42.24,42.94,18100,41.15
2010-02-11,42.41,43.34,42.20,43.34,17900,41.54
2010-02-10,42.80,42.86,42.33,42.62,10200,40.85
2010-02-09,42.47,43.31,42.32,42.99,12100,41.20
2010-02-08,42.10,42.43,41.66,41.66,14600,39.93
2010-02-05,42.08,42.22,41.03,42.02,81200,40.27
2010-02-04,43.57,43.57,42.34,42.34,48400,40.58
2010-02-03,44.36,44.64,44.04,44.22,126100,42.38
2010-02-02,44.40,44.95,44.26,44.79,22600,42.93
2010-02-01,43.94,44.22,43.94,44.21,142000,42.37
2010-01-29,44.01,44.39,43.25,43.39,80100,41.58
2010-01-28,44.85,44.85,43.65,44.18,97800,42.34
2010-01-27,44.80,44.92,44.36,44.85,22400,42.98
2010-01-26,44.84,45.41,44.83,45.03,17200,43.16
2010-01-25,45.31,45.54,45.10,45.10,15300,43.22
2010-01-22,45.26,45.58,44.50,44.59,22100,42.73
2010-01-21,46.59,46.64,45.17,45.52,21300,43.63
2010-01-20,46.96,46.96,46.25,46.43,40400,44.50
2010-01-19,47.34,47.96,47.34,47.94,12500,45.94
2010-01-15,47.79,47.79,47.02,47.41,87100,45.44
2010-01-14,47.91,48.25,47.76,48.06,29500,46.06
2010-01-13,47.81,48.11,47.48,48.03,18800,46.03
2010-01-12,47.58,47.77,47.30,47.36,44300,45.39
2010-01-11,48.22,48.22,47.91,48.15,37500,46.15
2010-01-08,47.42,47.76,47.30,47.74,19700,45.75
2010-01-07,47.28,47.41,46.99,47.35,18400,45.38
2010-01-06,47.52,47.80,47.49,47.73,36200,45.74
2010-01-05,47.55,47.79,47.44,47.52,15900,45.54
2010-01-04,47.27,47.72,47.22,47.65,13200,45.67
2009-12-31,46.70,46.80,46.33,46.41,13000,44.48
2009-12-30,46.55,46.97,46.41,46.74,21200,44.79
2009-12-29,47.31,47.31,46.80,46.85,17000,44.90
2009-12-28,46.70,46.89,46.60,46.80,20800,44.85
2009-12-24,46.78,47.05,46.56,46.56,8800,44.62
2009-12-23,46.29,46.46,46.16,46.43,26700,44.50
2009-12-22,46.09,46.18,45.75,46.18,57700,44.26
2009-12-21,45.71,45.95,45.60,45.62,17400,43.72
2009-12-18,45.86,45.89,45.20,45.75,9700,43.62
2009-12-17,46.43,46.43,45.47,45.69,24800,43.56
2009-12-16,46.72,46.98,46.57,46.62,12400,44.45
2009-12-15,46.27,46.56,46.21,46.28,10400,44.12
2009-12-14,46.60,46.82,46.49,46.82,11700,44.64
2009-12-11,46.49,46.64,46.20,46.38,12800,44.22
2009-12-10,46.44,46.50,46.31,46.43,25500,44.27
2009-12-09,46.02,46.35,45.77,46.20,38600,44.05
2009-12-08,46.45,46.55,46.19,46.30,15300,44.14
2009-12-07,47.00,47.63,47.00,47.19,24500,44.99
2009-12-04,47.95,48.22,47.13,47.53,46000,45.32
2009-12-03,48.02,48.21,47.43,47.43,14100,45.22
2009-12-02,47.72,48.02,47.62,47.76,30600,45.54
2009-12-01,47.27,47.70,47.25,47.64,12600,45.42
2009-11-30,46.44,46.61,46.05,46.53,11200,44.36
2009-11-27,45.63,46.77,45.61,46.38,13100,44.22
2009-11-25,47.53,47.90,47.43,47.76,11800,45.54
2009-11-24,47.30,47.30,46.92,47.03,16200,44.84
2009-11-23,47.32,47.65,47.18,47.30,12400,45.10
2009-11-20,46.18,46.54,46.12,46.53,13100,44.36
2009-11-19,47.07,47.07,46.41,46.95,26100,44.76
2009-11-18,47.80,47.80,47.40,47.65,15700,45.43
2009-11-17,47.52,47.74,47.29,47.72,28400,45.50
2009-11-16,47.64,48.17,47.64,47.83,21700,45.60
2009-11-13,46.91,47.37,46.72,47.26,10900,45.06
2009-11-12,47.38,47.40,46.65,46.81,15000,44.63
2009-11-11,47.48,47.64,47.07,47.25,23200,45.05
2009-11-10,46.90,47.22,46.82,47.10,22400,44.91
2009-11-09,46.83,47.30,46.73,47.27,22100,45.07
2009-11-06,45.73,45.97,45.58,45.96,42900,43.82
2009-11-05,45.59,45.91,45.49,45.70,15000,43.57
2009-11-04,45.16,45.58,44.87,45.06,84300,42.96
2009-11-03,44.08,44.67,43.80,44.64,12700,42.56
2009-11-02,44.44,45.23,44.24,44.61,8900,42.53
2009-10-30,45.75,46.25,44.26,44.44,19400,42.37
2009-10-29,45.77,46.22,45.15,46.22,12600,44.07
2009-10-28,45.57,45.58,44.59,44.87,14600,42.78
2009-10-27,46.20,46.25,45.45,45.92,15300,43.78
2009-10-26,47.12,47.19,45.73,46.07,14600,43.92
2009-10-23,47.26,47.29,46.49,46.63,8000,44.46
2009-10-22,46.96,47.61,46.52,47.55,10600,45.34
2009-10-21,46.75,47.61,46.75,46.90,8200,44.72
2009-10-20,47.26,47.26,46.61,46.95,12800,44.76
2009-10-19,47.04,47.34,46.77,47.24,7800,45.04
2009-10-16,46.39,46.60,46.11,46.60,11500,44.43
2009-10-15,46.72,47.05,46.72,47.05,8200,44.86
2009-10-14,46.62,46.98,46.52,46.83,13700,44.65
2009-10-13,45.96,46.01,45.49,45.86,11300,43.72
2009-10-12,46.07,46.24,45.78,45.89,9900,43.75
2009-10-09,45.74,45.74,45.34,45.60,10500,43.48
2009-10-08,45.61,46.09,45.47,45.81,20000,43.68
2009-10-07,45.13,45.23,44.85,45.21,12900,43.10
2009-10-06,44.88,45.46,44.88,45.20,14400,43.10
2009-10-05,43.94,44.56,43.90,44.52,10000,42.45
2009-10-02,43.55,44.14,43.55,43.79,17700,41.75
2009-10-01,45.00,45.00,44.08,44.16,20300,42.10
2009-09-30,45.74,45.74,44.85,45.23,8900,43.12
2009-09-29,46.20,46.20,45.30,45.44,17300,43.32
2009-09-28,45.17,45.98,45.17,45.63,15000,43.50
2009-09-25,45.06,45.21,44.73,44.88,8600,42.79
2009-09-24,46.22,46.22,44.80,45.14,23800,43.04
2009-09-23,46.36,46.53,45.88,45.88,29000,43.74
2009-09-22,46.17,46.23,46.05,46.19,7900,44.04
2009-09-21,45.55,46.04,45.06,45.63,18300,43.50
2009-09-18,47.12,47.12,46.11,46.29,12100,43.91
2009-09-17,46.02,46.71,45.77,46.05,19400,43.69
2009-09-16,46.00,46.25,45.66,46.25,23200,43.88
2009-09-15,45.23,45.60,44.97,45.52,20300,43.18
2009-09-14,44.76,45.32,44.68,45.32,10100,42.99
2009-09-11,45.42,45.62,44.94,45.14,21800,42.82
2009-09-10,44.65,45.29,44.58,45.26,16200,42.94
2009-09-09,44.61,45.00,44.50,44.95,14200,42.64
2009-09-08,44.49,44.49,44.15,44.29,6500,42.02
2009-09-04,43.06,43.73,42.96,43.67,21000,41.43
2009-09-03,44.98,44.98,42.54,42.78,11500,40.59
2009-09-02,42.39,42.79,42.33,42.66,13500,40.47
2009-09-01,43.30,43.76,42.38,42.48,12300,40.30
2009-08-31,43.52,43.70,43.34,43.66,15200,41.42
2009-08-28,44.39,44.39,43.71,43.82,8200,41.57
2009-08-27,43.51,43.95,43.21,43.95,7100,41.70
2009-08-26,43.61,43.61,43.30,43.51,15500,41.28
2009-08-25,43.68,44.14,43.66,43.94,14900,41.69
2009-08-24,43.63,43.79,43.18,43.34,10600,41.12
2009-08-21,43.04,43.55,43.04,43.41,5400,41.18
2009-08-20,42.09,42.55,42.09,42.53,4800,40.35
2009-08-19,41.35,42.31,41.17,42.01,18200,39.85
2009-08-18,41.28,41.96,41.27,41.82,21400,39.67
2009-08-17,41.62,41.62,40.80,41.08,15500,38.97
2009-08-14,42.99,42.99,42.26,42.47,14400,40.29
2009-08-13,42.87,42.96,42.67,42.88,6100,40.68
2009-08-12,41.83,42.67,41.83,42.66,9700,40.47
2009-08-11,41.80,42.08,41.72,42.06,10300,39.90
2009-08-10,42.34,42.42,41.98,42.10,21000,39.94
2009-08-07,42.56,42.81,42.50,42.50,17200,40.32
2009-08-06,42.78,42.78,41.97,42.39,24600,40.22
2009-08-05,42.71,42.71,42.03,42.62,24800,40.43
2009-08-04,42.66,42.90,42.39,42.83,11200,40.63
2009-08-03,42.52,43.05,42.23,42.99,20500,40.78
2009-07-31,41.45,42.08,41.45,42.00,11900,39.85
2009-07-30,41.45,41.78,41.19,41.50,8400,39.37
2009-07-29,41.01,41.01,40.34,40.61,13400,38.53
2009-07-28,40.73,41.03,40.50,41.03,25200,38.92
2009-07-27,41.00,41.04,40.65,40.94,11700,38.84
2009-07-24,40.63,40.97,40.29,40.92,8700,38.82
2009-07-23,40.07,40.93,40.07,40.74,9500,38.65
2009-07-22,39.71,40.25,39.71,40.02,7600,37.97
2009-07-21,40.25,40.25,39.65,39.92,10200,37.87
2009-07-20,39.59,39.92,39.30,39.80,33200,37.76
2009-07-17,38.86,39.11,38.59,38.94,8800,36.94
2009-07-16,38.51,39.23,38.45,39.21,8900,37.20
2009-07-15,38.10,38.86,37.98,38.58,10600,36.60
2009-07-14,37.39,37.39,37.01,37.12,7100,35.22
2009-07-13,36.54,37.21,36.39,37.21,5000,35.30
2009-07-10,36.38,36.51,36.00,36.15,5400,34.30
2009-07-09,36.63,37.00,36.61,36.80,4900,34.91
2009-07-08,36.53,36.76,35.84,36.39,10800,34.52
2009-07-07,36.86,37.02,36.35,36.35,7200,34.48
2009-07-06,36.71,37.35,36.63,37.25,4100,35.34
2009-07-02,37.61,37.61,37.10,37.43,30300,35.51
2009-07-01,38.41,38.92,38.41,38.58,11500,36.60
2009-06-30,37.81,38.25,37.77,38.25,11500,36.29
2009-06-29,38.34,38.54,38.09,38.48,12600,36.51
2009-06-26,38.09,38.09,37.69,37.92,4500,35.97
2009-06-25,37.25,38.01,36.98,37.85,12200,35.91
2009-06-24,36.59,38.07,36.59,37.38,6800,35.46
2009-06-23,37.11,37.52,36.93,37.27,13300,35.36
2009-06-22,37.30,37.40,36.67,36.70,23300,34.82
2009-06-19,39.06,39.25,38.98,39.06,4700,36.13
2009-06-18,38.78,38.87,38.53,38.53,17400,35.64
2009-06-17,37.94,38.63,37.94,38.36,11800,35.48
2009-06-16,38.97,38.98,38.31,38.35,12500,35.47
2009-06-15,39.18,39.18,38.48,38.78,11800,35.87
2009-06-12,39.90,40.20,39.86,40.12,35700,37.11
2009-06-11,39.98,40.81,39.98,40.30,24400,37.27
2009-06-10,40.00,40.00,39.34,39.58,10900,36.61
2009-06-09,39.27,39.90,39.27,39.72,6100,36.74
2009-06-08,38.68,39.16,38.68,39.16,6800,36.22
2009-06-05,39.71,39.71,39.35,39.35,3600,36.39
2009-06-04,39.88,39.99,39.64,39.86,8800,36.87
2009-06-03,39.58,39.76,39.19,39.49,13100,36.52
2009-06-02,40.42,40.77,40.20,40.68,7600,37.62
2009-06-01,39.90,40.45,39.89,40.14,5500,37.12
2009-05-29,39.28,39.28,38.93,39.18,23000,36.24
2009-05-28,38.56,38.89,38.13,38.75,35700,35.84
2009-05-27,38.75,38.90,38.17,38.17,13300,35.30
2009-05-26,37.80,39.07,37.65,38.84,17600,35.92
2009-05-22,38.33,38.47,38.24,38.27,11300,35.39
2009-05-21,37.78,38.00,37.61,37.96,24000,35.11
2009-05-20,38.55,38.87,38.35,38.35,5400,35.47
2009-05-19,37.75,38.45,37.75,38.21,6900,35.34
2009-05-18,36.93,37.80,36.93,37.80,9100,34.96
2009-05-15,36.64,37.08,36.26,36.55,7900,33.80
2009-05-14,36.54,37.15,36.40,37.07,8900,34.28
2009-05-13,36.99,36.99,36.44,36.44,31900,33.70
2009-05-12,37.65,37.67,37.11,37.45,19400,34.64
2009-05-11,37.25,37.42,36.95,37.25,7700,34.45
2009-05-08,37.47,38.25,37.23,38.25,14600,35.38
2009-05-07,37.44,37.48,36.31,36.61,22600,33.86
2009-05-06,36.77,37.09,36.45,36.97,5800,34.19
2009-05-05,36.35,36.45,35.91,36.05,19400,33.34
2009-05-04,35.69,36.43,35.69,36.43,17100,33.69
2009-05-01,34.90,35.26,34.85,35.23,20800,32.58
2009-04-30,35.03,35.30,34.58,34.65,11500,32.05
2009-04-29,34.36,34.93,34.36,34.59,34900,31.99
2009-04-28,33.22,33.88,33.22,33.74,16800,31.20
2009-04-27,33.90,34.26,33.65,33.91,10300,31.36
2009-04-24,34.21,34.59,34.19,34.21,15100,31.64
2009-04-23,33.27,33.72,33.13,33.72,30200,31.19
2009-04-22,32.60,33.57,32.60,32.97,39800,30.49
2009-04-21,32.67,33.45,32.52,33.30,14100,30.80
2009-04-20,33.33,33.33,32.60,32.74,18800,30.28
2009-04-17,34.26,34.35,33.98,34.18,16000,31.61
2009-04-16,33.97,34.45,33.94,34.35,11900,31.77
2009-04-15,33.45,34.14,33.45,34.14,9500,31.57
2009-04-14,33.60,34.01,33.52,33.62,21200,31.09
2009-04-13,33.57,34.26,33.42,34.26,27000,31.69
2009-04-09,33.50,33.66,33.27,33.63,14400,31.10
2009-04-08,32.93,33.28,32.75,32.98,13400,30.50
2009-04-07,32.80,34.00,32.63,32.80,18200,30.34
2009-04-06,34.90,34.90,33.03,33.27,8000,30.77
2009-04-03,33.68,34.04,33.45,34.00,6700,31.45
2009-04-02,33.46,34.41,33.45,33.84,18900,31.30
2009-04-01,31.55,32.47,31.55,32.39,10600,29.96
2009-03-31,31.52,32.08,31.52,31.82,13400,29.43
2009-03-30,31.10,31.10,30.50,30.83,13000,28.51
2009-03-27,32.29,32.29,31.81,31.90,16100,29.50
2009-03-26,33.05,33.35,32.73,33.25,10100,30.75
2009-03-25,32.84,32.98,32.22,32.89,22800,30.42
2009-03-24,32.95,32.95,32.18,32.34,15700,29.91
2009-03-23,32.28,33.44,32.28,33.44,16400,30.93
2009-03-20,31.59,31.59,30.87,31.12,9000,28.73
2009-03-19,32.18,32.28,31.60,31.68,9700,29.24
2009-03-18,30.26,31.77,30.13,31.75,18200,29.31
2009-03-17,29.83,30.76,29.76,30.73,11100,28.37
2009-03-16,30.21,30.61,30.02,30.04,10300,27.73
2009-03-13,29.57,29.70,29.25,29.68,7000,27.40
2009-03-12,28.44,29.57,28.27,29.43,14400,27.17
2009-03-11,29.11,29.11,28.47,28.78,18700,26.57
2009-03-10,27.93,28.75,27.93,28.41,10500,26.22
2009-03-09,26.62,27.34,26.62,26.75,15100,24.69
2009-03-06,27.93,28.16,26.94,27.37,13500,25.26
2009-03-05,28.26,28.28,27.35,27.53,41000,25.41
2009-03-04,28.55,29.22,28.55,29.01,6200,26.78
2009-03-03,28.15,29.70,27.53,27.91,64200,25.76
2009-03-02,28.63,28.68,27.85,27.97,55700,25.82
2009-02-27,29.53,30.03,29.39,29.76,42300,27.47
2009-02-26,30.49,30.78,29.75,30.04,9700,27.73
2009-02-25,30.28,30.48,29.68,30.26,7500,27.93
2009-02-24,29.92,30.97,29.88,30.87,17200,28.50
2009-02-23,31.00,31.00,29.71,29.81,17100,27.52
2009-02-20,30.17,31.11,30.17,30.67,33400,28.31
2009-02-19,31.70,31.79,31.05,31.15,25600,28.75
2009-02-18,31.26,31.26,30.84,31.24,17300,28.84
2009-02-17,31.34,31.53,31.04,31.17,13800,28.77
2009-02-13,33.10,33.30,32.89,33.03,20500,30.49
2009-02-12,32.56,33.32,32.26,33.32,10000,30.76
2009-02-11,33.56,33.74,32.88,33.27,24500,30.71
2009-02-10,34.86,34.86,33.01,33.16,17100,30.61
2009-02-09,34.84,35.00,34.56,34.86,13800,32.18
2009-02-06,34.10,34.89,34.10,34.77,9300,32.10
2009-02-05,33.32,34.11,32.99,33.99,27500,31.38
2009-02-04,33.91,34.22,33.28,33.45,11700,30.88
2009-02-03,33.18,34.00,32.74,33.84,21700,31.24
2009-02-02,32.28,32.74,32.10,32.74,30500,30.22
2009-01-30,33.32,33.32,32.80,32.80,12600,30.28
2009-01-29,33.69,33.90,33.25,33.29,15800,30.73
2009-01-28,34.42,35.02,34.41,34.60,33700,31.94
2009-01-27,33.46,33.69,33.34,33.61,11900,31.02
2009-01-26,33.21,33.36,32.77,33.21,23400,30.66
2009-01-23,31.61,32.42,31.60,32.40,15300,29.91
2009-01-22,32.43,32.69,31.82,32.51,64700,30.01
2009-01-21,32.51,33.46,32.28,33.46,32000,30.89
2009-01-20,33.45,35.20,32.14,32.25,21800,29.77
2009-01-16,35.22,35.22,34.08,34.80,37000,32.12
2009-01-15,34.00,34.57,33.27,34.53,20000,31.87
2009-01-14,34.69,34.69,33.80,34.16,9800,31.53
2009-01-13,35.73,36.03,35.21,35.54,42000,32.81
2009-01-12,36.90,36.90,36.27,36.45,25800,33.65
2009-01-09,38.39,38.39,37.33,37.53,11600,34.64
2009-01-08,38.12,38.80,37.75,38.76,67200,35.78
2009-01-07,38.43,38.52,37.80,38.13,20800,35.20
2009-01-06,38.42,39.06,38.26,38.72,19100,35.74
2009-01-05,38.72,38.83,38.29,38.49,29800,35.53
2009-01-02,38.44,39.44,38.43,39.36,11700,36.33
2008-12-31,37.84,38.67,37.66,38.55,54600,35.58
2008-12-30,37.50,38.10,37.20,38.10,74200,35.17
2008-12-29,37.61,37.61,36.66,36.81,61600,33.98
2008-12-26,37.55,37.56,36.78,36.98,94900,34.14
2008-12-24,36.94,36.94,36.50,36.62,53600,33.80
2008-12-23,36.90,36.90,36.07,36.70,59300,33.88
2008-12-22,37.32,37.32,36.26,36.76,36600,33.93
2008-12-19,39.65,39.86,38.75,39.15,24600,33.96
2008-12-18,40.75,40.76,39.04,39.25,37100,34.05
2008-12-17,39.99,40.97,39.97,40.76,25100,35.36
2008-12-16,38.82,40.92,38.82,40.90,28400,35.48
2008-12-15,38.71,38.71,37.98,38.58,16400,33.47
2008-12-12,37.60,38.71,37.56,38.36,11500,33.28
2008-12-11,38.29,39.27,37.75,37.87,39300,32.85
2008-12-10,37.92,38.56,37.89,38.17,16600,33.11
2008-12-09,37.30,41.29,36.98,37.55,51600,32.58
2008-12-08,36.84,38.15,36.84,37.80,95900,32.79
2008-12-05,34.38,36.22,34.37,36.22,22800,31.42
2008-12-04,35.89,36.34,35.22,35.67,34900,30.94
2008-12-03,35.33,36.60,35.30,36.43,17500,31.60
2008-12-02,35.08,36.02,35.08,35.87,19300,31.12
2008-12-01,35.97,35.97,34.52,34.57,10000,29.99
2008-11-28,36.79,36.93,36.79,36.93,700,32.04
2008-11-26,35.98,37.66,35.98,37.28,15300,32.34
2008-11-25,37.53,37.53,36.10,36.73,18800,31.86
2008-11-24,34.52,36.72,34.32,36.51,27600,31.67
2008-11-21,33.89,34.15,32.21,33.95,36500,29.45
2008-11-20,33.68,34.25,32.13,32.13,63800,27.87
2008-11-19,35.75,35.96,34.00,34.00,30500,29.50
2008-11-18,36.47,36.86,35.48,35.72,15300,30.99
2008-11-17,36.62,37.22,36.26,36.26,16600,31.46
2008-11-14,37.17,37.81,36.66,37.02,12500,32.12
2008-11-13,36.25,39.06,35.24,39.06,7600,33.89
2008-11-12,36.93,37.00,36.02,36.02,20400,31.25
2008-11-11,38.72,38.72,37.21,38.27,33000,33.20
2008-11-10,40.67,40.67,38.72,39.32,27000,34.11
2008-11-07,39.61,40.25,39.51,39.88,28900,34.60
2008-11-06,39.69,40.64,37.78,37.78,47600,32.78
2008-11-05,41.51,42.68,40.48,40.48,36500,35.12
2008-11-04,41.50,42.65,41.42,41.94,196400,36.38
2008-11-03,39.80,40.42,39.57,40.02,14500,34.72
2008-10-31,38.91,40.27,38.76,39.80,14500,34.53
2008-10-30,40.36,40.36,38.91,39.71,28000,34.45
2008-10-29,37.43,39.78,37.43,38.48,19900,33.38
2008-10-28,35.47,38.17,34.60,38.17,38300,33.11
2008-10-27,34.24,35.19,34.09,34.58,33100,30.00
2008-10-24,34.26,36.73,34.26,35.72,32100,30.99
2008-10-23,37.59,38.44,36.36,37.79,23400,32.78
2008-10-22,38.71,38.82,37.10,37.10,19100,32.19
2008-10-21,41.21,41.36,40.08,40.08,35200,34.77
2008-10-20,41.20,42.63,41.20,42.63,15600,36.98
2008-10-17,39.10,41.97,39.10,40.47,8500,35.11
2008-10-16,39.87,40.86,38.22,40.76,23800,35.36
2008-10-15,42.61,42.61,39.22,39.22,27500,34.02
2008-10-14,46.99,46.99,42.49,44.03,52500,38.20
2008-10-13,40.63,44.12,40.32,44.04,25100,38.21
2008-10-10,37.27,39.16,35.26,37.90,78800,32.88
2008-10-09,43.21,43.50,39.16,39.91,26600,34.62
2008-10-08,42.90,44.01,42.10,42.67,65000,37.02
2008-10-07,46.49,46.66,43.41,43.41,39200,37.66
2008-10-06,46.91,47.16,43.67,45.16,89500,39.18
2008-10-03,48.90,50.27,48.60,48.71,20400,42.26
2008-10-02,48.99,49.21,48.40,48.66,11400,42.21
2008-10-01,50.08,50.67,49.56,50.63,18100,43.92
2008-09-30,49.39,50.56,49.25,50.42,24600,43.74
2008-09-29,51.19,51.20,47.75,48.37,71100,41.96
2008-09-26,53.07,53.62,53.00,53.62,20200,46.52
2008-09-25,53.79,54.33,53.77,53.96,18900,46.81
2008-09-24,53.00,53.12,52.65,52.65,13200,45.68
2008-09-23,53.38,53.51,52.30,52.46,12500,45.51
2008-09-22,54.53,54.69,53.26,53.26,14700,46.20
2008-09-19,54.18,54.89,52.99,54.55,24300,47.32
2008-09-18,50.02,51.20,48.77,50.82,19300,44.09
2008-09-17,49.87,50.28,48.77,48.99,35100,42.50
2008-09-16,49.45,51.10,49.45,50.76,30100,44.04
2008-09-15,50.87,51.73,50.85,51.13,11400,44.36
2008-09-12,52.44,53.38,52.44,53.20,21500,46.15
2008-09-11,51.34,52.49,51.18,52.49,13100,45.54
2008-09-10,53.02,53.17,52.57,52.86,9400,45.86
2008-09-09,53.63,53.63,52.32,52.32,15600,45.39
2008-09-08,54.27,55.57,53.26,53.75,16100,46.63
2008-09-05,52.58,52.74,52.00,52.74,15600,45.75
2008-09-04,54.82,54.82,52.98,52.98,25700,45.96
2008-09-03,55.40,55.55,55.11,55.40,18600,48.06
2008-09-02,56.19,56.31,55.48,55.52,8600,48.17
2008-08-29,56.19,56.20,55.83,55.83,9900,48.43
2008-08-28,56.34,56.34,56.10,56.19,23800,48.75
2008-08-27,55.23,55.58,55.23,55.41,46200,48.07
2008-08-26,54.56,55.19,54.56,54.91,10400,47.64
2008-08-25,55.41,55.41,54.74,54.87,10000,47.60
2008-08-22,55.44,55.76,55.44,55.65,5600,48.28
2008-08-21,54.91,55.25,54.91,55.24,18700,47.92
2008-08-20,54.95,55.16,54.76,55.12,35200,47.82
2008-08-19,55.04,55.14,54.83,54.98,25400,47.70
2008-08-18,56.60,56.60,55.50,55.74,12500,48.36
2008-08-15,56.30,56.30,55.71,55.98,27200,48.56
2008-08-14,56.50,56.75,56.36,56.40,12400,48.93
2008-08-13,57.08,57.18,56.56,56.83,6100,49.30
2008-08-12,58.04,58.04,57.66,57.70,28200,50.06
2008-08-11,57.97,58.40,57.86,57.89,44200,50.22
2008-08-08,57.57,58.09,57.55,58.02,70100,50.33
2008-08-07,59.00,59.00,58.20,58.20,11700,50.49
2008-08-06,58.90,59.39,58.89,59.31,5400,51.45
2008-08-05,58.52,59.43,58.52,59.43,104500,51.56
2008-08-04,57.83,57.95,57.59,57.61,16900,49.98
2008-08-01,58.47,58.47,57.76,57.80,6000,50.14
2008-07-31,58.64,59.01,58.44,58.44,9000,50.70
2008-07-30,58.54,58.95,58.54,58.92,8400,51.12
2008-07-29,57.93,58.53,57.93,58.53,12900,50.78
2008-07-28,58.59,58.59,58.04,58.04,13800,50.35
2008-07-25,59.02,59.38,58.93,59.07,5500,51.25
2008-07-24,60.15,60.15,59.11,59.11,1600,51.28
2008-07-23,59.95,60.10,59.70,59.70,6700,51.79
2008-07-22,58.41,59.56,58.41,59.40,11300,51.53
2008-07-21,59.75,59.75,59.15,59.29,5500,51.44
2008-07-18,58.65,58.99,58.45,58.89,5400,51.09
2008-07-17,58.05,58.47,58.05,58.36,13100,50.63
2008-07-16,55.87,57.22,55.87,57.22,13400,49.64
2008-07-15,56.42,56.99,56.00,56.31,27900,48.85
2008-07-14,57.98,57.98,57.08,57.15,11500,49.58
2008-07-11,57.73,57.88,57.00,57.46,17200,49.85
2008-07-10,58.39,58.69,58.11,58.64,21400,50.87
2008-07-09,59.25,59.31,58.22,58.29,54500,50.57
2008-07-08,58.16,58.92,57.82,58.82,36400,51.03
2008-07-07,58.85,58.94,57.97,58.27,22600,50.55
2008-07-03,59.15,59.28,58.53,59.01,14300,51.19
2008-07-02,59.36,59.46,58.29,58.29,24900,50.57
2008-07-01,58.41,58.80,58.07,58.46,11000,50.72
2008-06-30,59.50,59.83,59.42,59.42,25400,51.55
2008-06-27,59.42,59.78,58.98,59.14,24700,51.31
2008-06-26,59.82,60.04,59.00,59.05,14000,51.23
2008-06-25,60.27,61.04,60.27,60.56,9500,52.54
2008-06-24,59.49,59.96,59.35,59.62,17800,51.72
2008-06-23,59.58,60.19,59.58,59.82,9200,51.90
2008-06-20,60.38,60.38,59.75,59.81,12300,51.89
2008-06-19,61.12,61.31,60.80,61.16,13800,53.06
2008-06-18,61.32,61.51,61.14,61.39,12600,53.26
2008-06-17,62.37,62.37,61.85,61.89,8300,53.69
2008-06-16,61.60,61.93,61.55,61.72,4800,53.54
2008-06-13,61.05,61.57,60.96,61.51,9400,53.36
2008-06-12,61.40,61.59,61.01,61.17,13200,53.07
2008-06-11,62.16,62.16,61.37,61.37,12100,53.24
2008-06-10,62.34,62.62,62.12,62.27,6500,54.02
2008-06-09,63.77,63.77,63.11,63.30,13100,54.91
2008-06-06,64.27,64.29,63.19,63.19,14000,54.82
2008-06-05,64.10,64.99,64.10,64.96,11400,56.35
2008-06-04,63.95,64.16,63.65,63.86,14100,55.40
2008-06-03,64.69,64.88,64.06,64.54,35400,55.99
2008-06-02,64.93,64.93,64.39,64.68,16100,56.11
2008-05-30,65.63,65.71,65.46,65.57,13800,56.88
2008-05-29,65.19,65.66,65.10,65.46,16600,56.79
2008-05-28,65.74,65.74,65.24,65.67,15700,56.97
2008-05-27,65.62,65.74,65.16,65.54,12000,56.86
2008-05-23,66.51,66.51,65.84,66.01,8000,57.27
2008-05-22,66.66,66.98,66.52,66.74,10500,57.90
2008-05-21,66.44,66.75,65.95,66.01,17300,57.27
2008-05-20,67.01,67.01,66.47,66.60,14600,57.78
2008-05-19,67.24,67.44,66.83,66.99,15000,58.12
2008-05-16,66.84,67.38,66.80,67.38,20000,58.45
2008-05-15,66.20,66.75,66.20,66.61,5200,57.79
2008-05-14,66.06,66.25,65.75,65.75,2600,57.04
2008-05-13,65.80,65.89,65.68,65.68,1700,56.98
2008-05-12,65.57,66.25,65.57,66.06,7900,57.31
2008-05-09,65.08,65.33,65.00,65.21,15800,56.57
2008-05-08,65.45,65.69,65.36,65.38,10800,56.72
2008-05-07,65.63,65.79,64.98,65.00,17800,56.39
2008-05-06,65.60,66.35,65.60,66.33,4700,57.54
2008-05-05,65.80,66.12,65.80,65.91,7400,57.18
2008-05-02,66.08,66.11,65.61,65.93,10900,57.20
2008-05-01,64.96,65.69,64.96,65.63,12300,56.94
2008-04-30,65.12,65.65,65.09,65.16,17800,56.53
2008-04-29,64.87,65.11,64.80,64.83,27100,56.24
2008-04-28,65.39,65.58,65.24,65.24,9500,56.60
2008-04-25,65.05,65.30,64.90,65.20,33600,56.56
2008-04-24,64.48,65.01,64.01,64.72,14400,56.15
2008-04-23,64.67,65.28,64.55,65.09,12500,56.47
2008-04-22,65.05,65.19,64.63,64.98,13600,56.37
2008-04-21,65.13,65.54,64.95,65.54,6200,56.86
2008-04-18,64.90,65.25,64.72,65.07,12200,56.45
2008-04-17,64.16,64.56,64.16,64.33,14100,55.81
2008-04-16,64.26,65.17,64.26,65.10,7700,56.48
2008-04-15,63.31,63.31,62.97,63.25,17900,54.87
2008-04-14,62.83,62.94,62.61,62.75,5500,54.44
2008-04-11,63.13,63.25,62.68,62.78,9500,54.46
2008-04-10,63.73,63.94,63.52,63.61,17200,55.18
2008-04-09,64.26,64.31,63.71,63.74,7100,55.30
2008-04-08,63.92,64.28,63.92,64.26,8400,55.75
2008-04-07,64.69,64.87,64.50,64.50,10000,55.96
2008-04-04,64.35,64.51,63.97,64.36,13600,55.83
2008-04-03,63.56,64.30,63.56,64.26,9000,55.75
2008-04-02,63.56,64.02,63.53,63.83,7200,55.37
2008-04-01,62.46,63.74,62.46,63.71,19200,55.27
2008-03-31,61.74,62.08,61.74,61.90,7300,53.70
2008-03-28,62.07,62.11,61.51,61.51,12800,53.36
2008-03-27,62.25,62.36,61.65,61.65,6500,53.48
2008-03-26,61.51,61.90,61.45,61.70,17300,53.53
2008-03-25,61.32,62.01,61.20,61.83,18900,53.64
2008-03-24,60.26,61.08,60.21,60.77,25500,52.72
2008-03-20,58.56,59.73,58.39,59.52,15000,51.64
2008-03-19,60.59,60.66,58.84,58.84,14300,51.05
2008-03-18,60.12,61.06,60.11,60.94,11800,52.87
2008-03-17,58.37,59.44,58.37,59.10,9200,51.27
2008-03-14,61.50,61.51,59.38,59.97,42900,52.03
2008-03-13,60.56,61.47,60.19,61.33,26700,53.21
2008-03-12,61.56,61.63,61.14,61.14,12600,53.04
2008-03-11,60.92,61.15,59.83,61.15,30900,53.05
2008-03-10,59.95,60.07,59.00,59.06,41700,51.24
2008-03-07,59.82,60.25,59.28,59.49,50600,51.61
2008-03-06,61.31,61.31,60.21,60.27,21200,52.29
2008-03-05,60.77,61.53,60.77,61.18,28400,53.08
2008-03-04,60.51,60.84,59.97,60.65,15700,52.62
2008-03-03,61.39,61.56,61.04,61.46,34000,53.32
2008-02-29,62.20,62.20,61.33,61.41,15200,53.28
2008-02-28,63.25,63.36,62.88,63.01,19100,54.66
2008-02-27,63.00,63.87,63.00,63.52,12500,55.11
2008-02-26,62.64,63.57,62.56,63.51,18200,55.10
2008-02-25,61.86,62.44,61.57,62.44,7700,54.17
2008-02-22,61.39,61.43,60.42,61.42,31800,53.28
2008-02-21,61.59,61.60,60.79,60.80,31100,52.75
2008-02-20,60.27,61.40,60.27,61.05,14900,52.96
2008-02-19,61.97,62.28,61.21,61.43,34200,53.29
2008-02-15,60.36,60.75,60.15,60.75,15600,52.70
2008-02-14,61.22,61.56,60.64,60.72,37800,52.68
2008-02-13,60.75,61.00,60.25,60.86,13800,52.80
2008-02-12,60.20,60.80,60.04,60.23,21500,52.25
2008-02-11,59.20,59.20,58.47,59.14,15400,51.31
2008-02-08,59.08,59.45,58.74,58.99,36700,51.18
2008-02-07,59.26,59.90,58.90,59.46,35300,51.58
2008-02-06,60.64,60.92,59.67,59.79,50500,51.87
2008-02-05,61.11,61.21,59.82,59.82,9800,51.90
2008-02-04,63.06,63.06,62.60,62.60,24500,54.31
2008-02-01,62.79,63.38,62.66,63.26,13800,54.88
2008-01-31,60.70,62.75,60.70,62.28,25100,54.03
2008-01-30,61.64,63.02,61.34,61.70,36200,53.53
2008-01-29,61.67,62.22,61.57,62.21,40000,53.97
2008-01-28,60.99,62.17,60.41,62.17,32400,53.93
2008-01-25,64.72,64.72,60.82,61.06,51700,52.97
2008-01-24,61.14,62.14,60.79,62.13,41000,53.90
2008-01-23,57.54,60.03,56.73,59.82,54800,51.90
2008-01-22,57.95,60.64,57.67,60.42,51400,52.42
2008-01-18,63.65,63.97,62.34,62.73,31200,54.42
2008-01-17,64.40,64.53,62.41,62.55,20700,54.26
2008-01-16,64.95,64.95,63.63,63.83,54300,55.37
2008-01-15,66.31,66.31,65.00,65.09,27900,56.47
2008-01-14,67.35,67.42,66.96,67.31,21900,58.39
2008-01-11,66.77,66.83,66.15,66.35,17300,57.56
2008-01-10,66.68,67.64,66.61,67.52,19300,58.58
2008-01-09,66.71,67.31,66.33,67.31,39800,58.39
2008-01-08,67.77,68.16,66.54,66.54,26800,57.73
2008-01-07,67.61,67.76,66.96,67.37,184400,58.45
2008-01-04,68.33,68.33,66.90,66.90,38900,58.04
2008-01-03,68.28,68.69,68.28,68.46,12900,59.39
2008-01-02,68.91,69.02,68.04,68.24,26000,59.20
2007-12-31,68.91,69.04,68.16,68.16,13900,59.13
2007-12-28,69.08,69.29,69.01,69.04,31200,59.89
2007-12-27,68.88,68.92,68.40,68.40,11600,59.34
2007-12-26,68.53,68.91,68.45,68.80,18100,59.69
2007-12-24,70.11,70.11,68.15,68.40,14400,59.34
2007-12-21,67.98,68.21,67.83,68.21,36700,59.17
2007-12-20,67.22,67.27,66.70,67.03,25100,58.15
2007-12-19,67.14,67.27,66.59,66.88,15100,58.02
2007-12-18,67.87,67.87,66.50,67.25,18600,58.34
2007-12-17,67.66,67.66,66.75,66.78,31000,57.93
2007-12-14,69.98,70.10,69.23,69.37,30300,58.98
2007-12-13,71.13,71.19,70.45,71.04,16200,60.40
2007-12-12,72.96,73.14,71.81,72.33,21400,61.50
2007-12-11,72.67,72.78,70.85,70.85,121000,60.24
2007-12-10,72.43,72.98,72.43,72.86,14900,61.95
2007-12-07,72.23,72.30,72.10,72.15,11400,61.35
2007-12-06,71.63,72.57,71.63,72.54,10600,61.68
2007-12-05,71.63,72.07,71.60,71.87,34000,61.11
2007-12-04,70.98,71.28,70.86,71.12,10500,60.47
2007-12-03,71.52,71.52,71.15,71.29,15700,60.62
2007-11-30,72.27,72.28,71.41,71.61,22400,60.89
2007-11-29,70.91,71.57,70.70,71.24,9300,60.57
2007-11-28,70.30,72.05,70.30,71.99,18600,61.21
2007-11-27,69.49,70.20,69.16,70.02,23100,59.54
2007-11-26,70.37,70.44,68.77,68.77,21400,58.47
2007-11-23,69.78,70.25,69.76,70.13,4500,59.63
2007-11-21,69.05,69.49,68.52,68.86,41300,58.55
2007-11-20,69.54,70.25,69.30,70.04,23100,59.55
2007-11-19,69.49,69.49,68.42,68.62,26400,58.35
2007-11-16,70.32,70.55,69.67,70.32,28900,59.79
2007-11-15,70.75,70.75,69.50,69.77,36900,59.32
2007-11-14,71.77,71.83,70.80,70.95,23900,60.33
2007-11-13,70.39,71.22,70.38,71.22,40000,60.56
2007-11-12,69.54,69.94,68.88,68.88,12200,58.57
2007-11-09,70.65,70.96,70.15,70.44,34000,59.89
2007-11-08,71.95,72.09,71.15,71.79,40800,61.04
2007-11-07,72.38,72.57,71.31,71.31,12800,60.63
2007-11-06,72.36,72.75,72.15,72.75,10100,61.86
2007-11-05,71.34,71.92,71.22,71.71,33700,60.97
2007-11-02,72.32,72.66,71.87,72.66,35100,61.78
2007-11-01,72.85,72.85,72.14,72.21,21900,61.40
2007-10-31,73.46,74.07,73.31,74.07,21600,62.98
2007-10-30,73.08,73.39,73.02,73.14,10000,62.19
2007-10-29,72.89,73.71,72.89,73.59,6300,62.57
2007-10-26,72.81,73.05,72.61,73.05,10600,62.11
2007-10-25,71.50,71.68,71.18,71.68,10000,60.95
2007-10-24,70.88,71.16,70.26,71.15,19800,60.50
2007-10-23,71.12,71.50,70.95,71.44,10900,60.74
2007-10-22,69.60,70.37,69.56,70.37,23200,59.83
2007-10-19,71.66,71.66,70.54,70.55,11900,59.99
2007-10-18,71.87,72.12,71.77,71.98,5700,61.20
2007-10-17,71.95,71.95,71.26,71.45,25900,60.75
2007-10-16,71.23,71.31,71.03,71.12,16500,60.47
2007-10-15,72.45,72.45,71.57,71.66,6000,60.93
2007-10-12,72.01,72.33,71.90,72.26,7300,61.44
2007-10-11,72.38,72.50,71.50,71.54,10700,60.83
2007-10-10,71.26,71.43,71.04,71.32,6500,60.64
2007-10-09,71.07,71.55,71.01,71.55,11800,60.84
2007-10-08,70.50,70.83,70.50,70.65,34600,60.07
2007-10-05,71.20,71.48,71.14,71.36,4300,60.68
2007-10-04,70.53,70.79,70.41,70.65,5300,60.07
2007-10-03,70.53,70.64,70.15,70.15,5400,59.65
2007-10-02,70.84,70.91,70.37,70.68,18300,60.10
2007-10-01,70.00,70.98,70.00,70.78,28000,60.18
2007-09-28,70.05,70.36,69.97,70.20,7600,59.69
2007-09-27,70.00,70.10,69.76,70.04,6900,59.55
2007-09-26,69.32,69.33,69.07,69.20,24400,58.84
2007-09-25,68.32,68.62,67.62,68.51,5400,58.25
2007-09-24,69.14,69.14,68.74,68.74,15700,58.45
2007-09-21,68.85,69.05,68.82,68.87,13400,58.56
2007-09-20,68.68,68.84,68.41,68.41,13000,58.17
2007-09-19,68.37,68.75,68.22,68.40,25800,58.16
2007-09-18,65.97,67.98,65.97,67.97,41500,57.79
2007-09-17,65.91,65.91,65.23,65.43,13400,55.63
2007-09-14,65.89,66.57,65.89,66.45,22600,56.50
2007-09-13,66.72,66.95,66.66,66.76,21100,56.77
2007-09-12,65.83,66.47,65.83,66.37,7200,56.43
2007-09-11,65.66,66.14,65.66,66.14,4100,56.24
2007-09-10,65.32,65.32,64.63,65.04,4300,55.30
2007-09-07,65.18,65.27,64.82,64.99,22700,55.26
2007-09-06,65.50,66.09,65.37,65.83,10700,55.97
2007-09-05,65.80,65.86,65.45,65.58,11700,55.76
2007-09-04,65.80,66.83,65.80,66.68,3300,56.70
2007-08-31,66.28,66.48,65.77,66.34,8700,56.41
2007-08-30,64.33,65.30,64.33,64.75,11300,55.06
2007-08-29,64.48,65.45,64.24,65.45,9100,55.65
2007-08-28,64.87,64.87,63.50,63.54,21900,54.03
2007-08-27,65.59,65.59,65.36,65.36,5200,55.57
2007-08-24,64.89,65.93,64.89,65.91,6100,56.04
2007-08-23,64.97,64.97,64.43,64.63,4800,54.95
2007-08-22,64.12,64.43,63.87,64.43,27500,54.78
2007-08-21,62.86,63.17,62.81,62.96,7900,53.53
2007-08-20,62.95,63.32,62.50,63.21,35700,53.75
2007-08-17,62.78,62.93,62.35,62.93,32100,53.51
2007-08-16,61.15,61.47,59.43,61.28,53300,52.11
2007-08-15,62.69,63.43,61.88,61.96,22600,52.68
2007-08-14,64.80,64.80,63.40,63.46,37600,53.96
2007-08-13,64.86,65.09,64.38,64.38,22000,54.74
2007-08-10,63.72,64.90,63.40,64.04,24300,54.45
2007-08-09,65.34,66.01,64.96,64.96,9800,55.23
2007-08-08,66.96,67.55,66.96,67.14,9200,57.09
2007-08-07,65.27,66.47,65.25,66.26,22100,56.34
2007-08-06,65.40,65.96,64.94,65.91,28900,56.04
2007-08-03,65.79,65.90,64.73,64.86,19900,55.15
2007-08-02,65.95,66.23,65.72,66.18,26800,56.27
2007-08-01,65.82,66.05,64.83,65.99,30200,56.11
2007-07-31,66.46,66.73,65.71,65.71,19200,55.87
2007-07-30,65.42,65.87,65.06,65.65,28900,55.82
2007-07-27,65.50,65.68,64.62,64.62,24500,54.95
2007-07-26,66.15,66.66,64.93,65.50,112300,55.69
2007-07-25,68.42,68.42,67.49,68.03,16500,57.85
2007-07-24,68.84,68.98,67.85,67.86,19700,57.70
2007-07-23,69.41,69.49,69.22,69.22,12100,58.86
2007-07-20,69.55,69.55,68.75,68.75,3600,58.46
2007-07-19,69.82,69.95,69.64,69.76,5900,59.32
2007-07-18,69.37,69.62,68.98,69.30,20400,58.92
2007-07-17,69.94,69.94,69.66,69.70,24600,59.26
2007-07-16,69.96,70.11,69.73,69.89,23700,59.43
2007-07-13,69.91,70.04,69.88,69.95,27400,59.48
2007-07-12,69.12,70.12,69.12,70.02,8700,59.54
2007-07-11,68.54,68.87,68.54,68.87,8900,58.56
2007-07-10,68.74,68.75,68.17,68.18,19600,57.97
2007-07-09,69.19,69.30,69.13,69.19,6300,58.83
2007-07-06,68.75,69.04,68.57,69.00,8900,58.67
2007-07-05,68.69,68.69,68.08,68.39,8500,58.15
2007-07-03,68.63,68.72,68.54,68.66,19900,58.38
2007-07-02,67.72,68.13,67.59,68.09,43200,57.90
2007-06-29,67.48,67.81,67.15,67.53,65300,57.42
2007-06-28,67.14,67.47,67.14,67.18,27000,57.12
2007-06-27,66.34,67.04,66.34,67.01,11200,56.98
2007-06-26,67.24,67.31,66.68,66.68,98000,56.70
2007-06-25,66.95,67.48,66.66,66.74,10700,56.75
2007-06-22,67.39,67.51,66.68,66.91,24000,56.89
2007-06-21,66.90,67.61,66.90,67.60,13700,57.48
2007-06-20,68.16,68.18,67.16,67.17,21800,57.11
2007-06-19,67.78,67.90,67.66,67.88,11800,57.72
2007-06-18,67.93,67.93,67.57,67.77,6100,57.62
2007-06-15,67.59,67.94,67.52,67.59,20100,57.47
2007-06-14,66.65,66.90,66.62,66.85,6500,56.84
2007-06-13,65.54,66.26,65.54,66.26,3300,56.34
2007-06-12,65.93,66.19,65.34,65.34,13300,55.56
2007-06-11,66.03,66.65,66.00,66.32,9600,56.39
2007-06-08,65.69,66.36,65.54,66.36,23100,56.43
2007-06-07,66.37,66.67,65.35,65.35,30500,55.57
2007-06-06,67.39,69.00,66.65,66.76,37800,56.77
2007-06-05,67.97,68.02,67.49,67.67,8500,57.54
2007-06-04,67.98,68.15,67.90,68.15,13900,57.95
2007-06-01,67.74,67.93,67.74,67.90,17200,57.73
2007-05-31,67.43,67.60,67.26,67.42,21700,57.33
2007-05-30,66.43,67.28,66.43,67.28,10400,57.21
2007-05-29,67.22,67.25,66.81,66.99,21900,56.96
2007-05-25,66.77,66.89,66.69,66.84,12200,56.83
2007-05-24,67.10,67.28,66.32,66.32,11200,56.39
2007-05-23,67.57,67.57,67.14,67.14,54400,57.09
2007-05-22,66.91,67.07,66.76,66.83,22800,56.82
2007-05-21,67.00,67.01,66.83,66.85,46900,56.84
2007-05-18,66.88,67.34,66.88,67.34,35000,57.26
2007-05-17,66.36,66.70,66.34,66.62,26700,56.65
2007-05-16,66.76,66.82,66.40,66.82,15600,56.82
2007-05-15,66.42,67.11,66.38,66.60,49300,56.63
2007-05-14,66.69,66.69,66.21,66.32,27400,56.39
2007-05-11,65.95,66.62,65.94,66.61,19600,56.64
2007-05-10,66.34,66.41,65.26,65.34,35900,55.56
2007-05-09,66.60,66.91,66.55,66.90,51500,56.88
2007-05-08,66.68,66.74,66.25,66.61,27100,56.64
2007-05-07,67.25,67.42,67.21,67.39,12700,57.30
2007-05-04,66.93,67.14,66.93,67.08,16400,57.04
2007-05-03,66.52,66.64,66.39,66.64,13700,56.66
2007-05-02,66.29,66.58,66.29,66.49,31700,56.54
2007-05-01,66.27,66.27,65.83,66.12,11600,56.22
2007-04-30,66.28,66.45,65.94,65.94,8500,56.07
2007-04-27,66.32,66.38,66.16,66.26,4700,56.34
2007-04-26,66.60,66.60,66.35,66.43,20600,56.48
2007-04-25,66.48,66.75,66.25,66.71,15500,56.72
2007-04-24,66.05,66.21,65.76,66.12,16500,56.22
2007-04-23,66.16,66.37,66.02,66.10,22300,56.20
2007-04-20,66.63,66.79,66.43,66.67,64500,56.69
2007-04-19,65.39,65.95,65.39,65.72,59800,55.88
2007-04-18,65.95,66.24,65.86,66.17,58200,56.26
2007-04-17,66.28,66.37,66.00,66.18,9400,56.27
2007-04-16,66.06,66.19,65.51,66.16,38300,56.25
2007-04-13,65.21,65.48,65.00,65.46,53400,55.66
2007-04-12,64.26,64.92,64.26,64.92,6000,55.20
2007-04-11,64.90,64.90,64.35,64.47,30700,54.82
2007-04-10,64.64,64.84,64.51,64.84,50800,55.13
2007-04-09,64.20,64.35,64.06,64.27,31400,54.65
2007-04-05,63.90,64.35,63.90,64.35,23000,54.72
2007-04-04,63.67,63.95,63.67,63.84,10000,54.28
2007-04-03,63.27,63.85,63.27,63.72,15300,54.18
2007-04-02,62.96,63.23,62.86,63.16,18300,53.70
2007-03-30,62.73,63.03,62.73,62.90,23200,53.48
2007-03-29,62.65,62.94,62.53,62.81,32200,53.41
2007-03-28,62.20,62.50,61.97,62.34,14900,53.01
2007-03-27,62.46,62.78,62.42,62.77,5500,53.37
2007-03-26,63.00,63.02,62.35,62.83,30600,53.42
2007-03-23,62.85,63.12,62.85,63.06,16000,53.62
2007-03-22,62.70,62.85,62.62,62.82,26500,53.42
2007-03-21,61.85,62.96,61.56,62.96,27500,53.53
2007-03-20,60.90,61.52,60.88,61.52,3800,52.31
2007-03-19,60.76,60.99,60.65,60.99,11300,51.86
2007-03-16,60.26,60.51,60.11,60.16,4400,51.15
2007-03-15,59.53,60.14,59.53,60.06,13200,51.07
2007-03-14,59.18,59.56,58.57,59.47,30600,50.57
2007-03-13,60.50,60.77,59.48,59.50,15600,50.59
2007-03-12,60.60,60.88,60.58,60.70,6500,51.61
2007-03-09,60.81,60.96,60.50,60.83,9900,51.72
2007-03-08,60.63,60.96,60.58,60.62,25600,51.54
2007-03-07,59.85,60.25,59.85,60.10,20100,51.10
2007-03-06,59.75,60.24,59.58,60.23,27700,51.21
2007-03-05,58.55,59.18,58.03,58.43,46000,49.68
2007-03-02,59.70,60.21,59.51,59.66,11100,50.73
2007-03-01,59.25,60.44,59.00,59.89,37000,50.92
2007-02-28,61.25,61.39,60.72,61.01,13300,51.88
2007-02-27,62.45,62.45,60.36,60.64,72900,51.56
2007-02-26,63.60,63.65,63.28,63.54,34500,54.03
2007-02-23,63.17,63.33,63.13,63.30,6500,53.82
2007-02-22,63.00,63.11,62.93,63.09,13900,53.64
2007-02-21,62.62,62.89,62.59,62.80,13400,53.40
2007-02-20,62.98,63.35,62.79,63.32,23000,53.84
2007-02-16,62.89,63.12,62.85,63.12,7800,53.67
2007-02-15,63.22,63.22,63.01,63.22,6900,53.76
2007-02-14,62.71,63.26,62.71,63.21,14100,53.75
2007-02-13,62.06,62.53,62.05,62.53,18900,53.17
2007-02-12,61.86,61.94,61.66,61.80,15500,52.55
2007-02-09,62.35,62.42,61.83,62.05,8500,52.76
2007-02-08,62.12,62.39,61.98,62.39,25000,53.05
2007-02-07,62.48,62.65,62.42,62.55,37800,53.19
2007-02-06,62.29,62.37,62.12,62.25,20400,52.93
2007-02-05,61.77,61.88,61.70,61.80,39200,52.55
2007-02-02,62.07,62.10,61.86,62.06,50400,52.77
2007-02-01,62.08,62.20,61.90,62.03,54500,52.74
2007-01-31,61.04,61.74,61.00,61.70,12100,52.46
2007-01-30,61.38,61.50,61.18,61.50,14500,52.29
2007-01-29,60.98,61.28,60.95,61.09,38800,51.94
2007-01-26,61.07,61.07,60.61,61.00,12500,51.87
2007-01-25,61.80,61.80,60.84,60.97,19800,51.84
2007-01-24,61.84,62.00,61.70,62.00,17600,52.72
2007-01-23,61.45,61.80,61.44,61.69,40900,52.45
2007-01-22,61.56,61.59,60.97,61.06,29500,51.92
2007-01-19,60.89,61.50,60.89,61.50,30000,52.29
2007-01-18,61.10,61.21,60.79,60.90,121800,51.78
2007-01-17,60.70,61.09,60.67,60.85,12600,51.74
2007-01-16,61.18,61.20,60.84,60.97,18700,51.84
2007-01-12,60.64,61.04,60.64,61.04,18700,51.90
2007-01-11,59.85,60.58,59.85,60.39,14200,51.35
2007-01-10,59.75,59.96,59.69,59.93,19400,50.96
2007-01-09,60.58,60.62,60.25,60.45,47700,51.40
2007-01-08,60.45,60.53,60.25,60.49,5400,51.43
2007-01-05,60.72,60.74,60.34,60.42,11600,51.37
2007-01-04,61.10,61.41,61.10,61.41,4600,52.22
2007-01-03,61.90,61.99,61.21,61.40,27200,52.21
2006-12-29,60.95,61.09,60.95,60.98,12700,51.85
2006-12-28,61.25,61.25,60.98,61.12,10900,51.97
2006-12-27,60.80,61.05,60.75,61.05,7300,51.91
2006-12-26,60.27,60.28,60.09,60.14,800,51.14
2006-12-22,60.62,60.62,59.99,60.15,9700,51.14
2006-12-21,60.45,60.67,60.39,60.49,6900,51.43
2006-12-20,61.20,61.31,60.76,60.85,6100,51.74
2006-12-19,60.55,61.07,60.55,61.06,9700,51.92
2006-12-18,60.76,60.79,60.56,60.63,6300,51.55
2006-12-15,61.10,61.10,60.62,60.62,16300,51.54
2006-12-14,60.91,60.99,60.82,60.98,26900,51.85
2006-12-13,60.60,60.74,60.59,60.69,7900,51.60
2006-12-12,60.25,60.53,60.12,60.53,9200,51.47
2006-12-11,59.93,60.33,59.93,60.26,6200,51.24
2006-12-08,60.08,60.24,59.74,59.79,6500,50.84
2006-12-07,60.19,60.32,59.99,59.99,10400,51.01
2006-12-06,59.66,59.96,59.65,59.76,3900,50.81
2006-12-05,59.70,59.99,59.65,59.99,5800,51.01
2006-12-04,59.18,59.71,59.17,59.65,6000,50.72
2006-12-01,59.55,59.55,58.97,59.24,6200,50.37
2006-11-30,59.60,59.65,59.37,59.53,7700,50.62
2006-11-29,59.30,59.33,59.13,59.33,5000,50.45
2006-11-28,58.54,58.87,58.54,58.87,4700,50.06
2006-11-27,58.98,58.98,58.35,58.41,8400,49.67
2006-11-24,58.89,59.25,58.89,59.05,11900,50.21
2006-11-22,59.11,59.21,58.92,59.10,19200,50.25
2006-11-21,58.70,59.08,58.60,59.08,13400,50.23
2006-11-20,58.44,58.64,58.31,58.48,19200,49.72
2006-11-17,58.37,58.80,58.30,58.80,16000,50.00
2006-11-16,58.91,58.97,58.90,58.91,3600,50.09
2006-11-15,58.77,59.06,58.77,59.00,9800,50.17
2006-11-14,58.80,59.06,58.65,59.02,12400,50.18
2006-11-13,58.71,58.72,58.52,58.52,5500,49.76
2006-11-10,58.65,58.76,58.65,58.76,4900,49.96
2006-11-09,58.58,58.82,58.47,58.54,5500,49.78
2006-11-08,58.50,58.94,58.28,58.85,4200,50.04
2006-11-07,58.92,58.96,58.72,58.74,4600,49.95
2006-11-06,58.06,58.58,58.06,58.56,8300,49.79
2006-11-03,57.82,57.87,57.58,57.76,5600,49.11
2006-11-02,57.67,57.83,57.60,57.79,6400,49.14
2006-11-01,58.11,58.13,57.49,57.58,15600,48.96
2006-10-31,57.58,57.78,57.49,57.70,8100,49.06
2006-10-30,57.47,57.68,57.47,57.55,5300,48.93
2006-10-27,57.80,57.85,57.52,57.57,7400,48.95
2006-10-26,57.75,57.99,57.55,57.95,6700,49.27
2006-10-25,57.10,57.51,57.10,57.45,35800,48.85
2006-10-24,56.70,56.99,56.70,56.93,28600,48.41
2006-10-23,56.50,57.01,56.49,56.98,4400,48.45
2006-10-20,56.90,57.03,56.75,56.98,10300,48.45
2006-10-19,56.50,56.85,56.50,56.80,4400,48.30
2006-10-18,56.47,56.47,56.27,56.28,3700,47.85
2006-10-17,56.28,56.34,56.06,56.26,3500,47.84
2006-10-16,56.50,56.69,56.45,56.68,9400,48.19
2006-10-13,56.24,56.47,56.24,56.40,4800,47.96
2006-10-12,56.07,56.47,56.07,56.44,14300,47.99
2006-10-11,55.54,56.01,55.54,55.78,8800,47.43
2006-10-10,55.53,55.70,55.45,55.70,5200,47.36
2006-10-09,55.56,55.68,55.50,55.64,4100,47.31
2006-10-06,55.45,55.71,55.44,55.64,10000,47.31
2006-10-05,55.90,56.06,55.87,56.06,7200,47.67
2006-10-04,55.26,56.00,55.26,55.98,1500,47.60
2006-10-03,55.15,55.50,55.13,55.49,2100,47.18
2006-10-02,55.24,55.49,55.13,55.31,2900,47.03
2006-09-29,55.25,55.28,55.13,55.16,20300,46.90
2006-09-28,55.32,55.49,55.18,55.47,4700,47.17
2006-09-27,55.40,55.40,55.13,55.39,4600,47.10
2006-09-26,54.73,55.00,54.73,55.00,4300,46.77
2006-09-25,54.68,54.95,54.45,54.95,2500,46.72
2006-09-22,55.10,55.10,54.54,54.90,2200,46.68
2006-09-21,55.09,55.09,54.86,54.86,3200,46.65
2006-09-20,54.71,54.76,54.66,54.72,6100,46.53
2006-09-19,54.42,54.42,53.88,54.07,1600,45.98
2006-09-18,54.20,54.66,54.20,54.56,8800,46.39
2006-09-15,54.42,54.42,54.15,54.29,18600,46.16
2006-09-14,54.46,54.51,54.30,54.48,12100,46.32
2006-09-13,54.20,54.48,54.11,54.45,16400,46.30
2006-09-12,54.08,54.51,54.08,54.37,19800,46.23
2006-09-11,53.74,53.90,53.43,53.74,5100,45.69
2006-09-08,53.86,54.00,53.72,53.97,23200,45.89
2006-09-07,53.95,54.29,53.83,53.97,5800,45.89
2006-09-06,54.68,54.73,54.49,54.64,13800,46.46
2006-09-05,55.25,55.42,55.07,55.41,7800,47.11
2006-09-01,55.13,55.30,55.07,55.25,4700,46.98
2006-08-31,55.16,55.16,54.90,55.06,7400,46.82
2006-08-30,55.25,55.27,54.92,55.05,21400,46.81
2006-08-29,54.86,55.04,54.43,55.03,11900,46.79
2006-08-28,54.22,54.59,54.22,54.56,10500,46.39
2006-08-25,54.30,54.30,54.18,54.30,5900,46.17
2006-08-24,54.74,54.74,54.16,54.34,18100,46.20
2006-08-23,56.10,56.10,54.15,54.48,115400,46.32
2006-08-22,56.50,56.70,56.50,56.50,11300,48.04
2006-08-21,55.86,56.63,55.78,56.42,6800,47.97
2006-08-18,55.60,55.78,55.60,55.78,4600,47.43
2006-08-17,55.85,55.85,55.82,55.82,5500,47.46
2006-08-16,55.78,56.01,55.70,56.01,17300,47.62
2006-08-15,55.25,55.48,55.20,55.38,8600,47.09
2006-08-14,54.43,54.76,54.32,54.32,4200,46.19
2006-08-11,54.23,54.24,54.21,54.23,7100,46.11
2006-08-10,54.20,54.53,54.17,54.53,5400,46.37
2006-08-09,54.30,54.54,54.30,54.54,900,46.37
2006-08-08,53.95,54.15,53.88,53.88,11200,45.81
2006-08-07,54.05,54.26,53.95,54.17,7600,46.06
2006-08-04,54.62,54.71,54.47,54.47,4400,46.32
2006-08-03,53.77,54.09,53.69,54.08,1500,45.98
2006-08-02,53.58,54.20,53.40,54.11,3900,46.01
2006-08-01,53.10,53.10,52.98,53.00,700,45.07
2006-07-31,53.50,53.57,53.46,53.55,1100,45.53
2006-07-28,53.52,53.98,53.47,53.98,4300,45.90
2006-07-27,53.31,53.31,52.86,52.86,800,44.95
2006-07-26,52.30,52.92,52.30,52.92,1100,45.00
2006-07-25,52.45,52.49,52.16,52.16,1100,44.35
2006-07-24,52.36,52.45,52.36,52.45,1100,44.60
2006-07-21,51.39,51.39,51.39,51.39,200,43.70
2006-07-20,51.96,51.96,51.52,51.52,3800,43.81
2006-07-19,50.18,51.79,50.17,51.79,2600,44.04
2006-07-18,50.42,50.49,50.31,50.33,3900,42.79
2006-07-17,50.33,50.34,50.33,50.34,300,42.80
2006-07-14,51.20,51.20,51.19,51.20,1100,43.53
2006-07-13,51.83,51.83,51.39,51.39,2200,43.70
2006-07-12,52.65,52.65,52.11,52.29,2300,44.46
2006-07-11,52.72,52.72,52.59,52.61,1300,44.73
2006-07-10,52.92,52.94,52.92,52.94,1100,45.01
2006-07-07,53.10,53.14,52.92,52.92,5500,45.00
2006-07-06,52.82,52.82,52.66,52.66,500,44.78
2006-07-05,52.52,52.52,52.31,52.31,700,44.48
2006-07-03,52.93,52.93,52.93,52.93,100,45.01
2006-06-30,52.77,52.77,52.77,52.77,300,44.87
2006-06-29,50.34,50.34,50.34,50.34,000,42.80
2006-06-28,50.33,50.42,50.19,50.34,800,42.80
2006-06-27,50.59,50.59,50.27,50.27,1600,42.74
2006-06-26,50.50,50.50,50.50,50.50,000,42.94
2006-06-23,50.36,50.63,50.36,50.50,1000,42.94
2006-06-22,50.72,50.72,50.45,50.45,1600,42.90
2006-06-21,50.51,50.94,50.51,50.94,400,43.31
2006-06-20,50.05,50.40,50.05,50.28,1800,42.75
2006-06-19,50.19,50.19,50.19,50.19,000,42.68
2006-06-16,50.25,50.25,50.14,50.19,2100,42.68