2011-05-10,48.67,49.15,48.63,49.15,21500,49.15
2011-05-09,48.19,48.50,48.00,48.47,28000,48.47
2011-05-06,48.86,49.10,47.92,48.08,29500,48.08
2011-05-05,49.08,49.08,48.23,48.40,12900,48.40
2011-05-04,50.15,50.15,49.43,49.45,38000,49.45
2011-05-03,49.90,50.22,49.75,49.87,4500,49.87
2011-05-02,50.44,50.60,50.20,50.20,6500,50.20
2011-04-29,50.24,50.79,50.17,50.25,7300,50.25
2011-04-28,50.04,50.34,49.97,50.34,10800,50.34
2011-04-27,49.59,50.18,49.30,50.04,27600,50.04
2011-04-26,48.87,49.35,48.87,49.29,16800,49.29
2011-04-25,48.94,48.94,48.65,48.87,10200,48.87
2011-04-21,48.71,48.87,48.60,48.68,8900,48.68
2011-04-20,48.48,48.67,48.42,48.62,16900,48.62
2011-04-19,47.14,47.35,47.05,47.35,12000,47.35
2011-04-18,47.19,47.19,46.47,47.00,10200,47.00
2011-04-15,47.80,48.17,47.80,48.11,4900,48.11
2011-04-14,47.90,48.25,47.75,48.25,17500,48.25
2011-04-13,48.45,48.45,47.93,48.17,6700,48.17
2011-04-12,48.30,48.30,47.74,47.89,3900,47.89
2011-04-11,48.58,48.68,48.35,48.43,31300,48.43
2011-04-08,48.38,48.53,48.19,48.33,27500,48.33
2011-04-07,48.01,48.17,47.72,47.98,16800,47.98
2011-04-06,47.99,48.23,47.91,48.17,18000,48.17
2011-04-05,47.43,47.86,47.40,47.66,24400,47.66
2011-04-04,47.69,47.84,47.62,47.78,9200,47.78
2011-04-01,47.10,47.66,46.94,47.56,10800,47.56
2011-03-31,47.06,47.16,46.78,47.00,17700,47.00
2011-03-30,46.84,47.13,46.78,46.98,9800,46.98
2011-03-29,45.97,46.52,45.96,46.50,19200,46.50
2011-03-28,46.19,46.30,46.08,46.09,5300,46.09
2011-03-25,46.23,46.39,45.98,45.98,13200,45.98
2011-03-24,46.05,46.39,45.94,46.30,38300,46.30
2011-03-23,45.49,45.79,45.38,45.79,1700,45.79
2011-03-22,45.81,45.85,45.56,45.74,7100,45.74
2011-03-21,45.58,46.03,45.51,46.00,15000,46.00
2011-03-18,45.07,45.26,44.82,44.90,13900,44.59
2011-03-17,44.25,44.42,44.08,44.35,16100,44.04
2011-03-16,44.02,44.09,42.50,42.87,25300,42.57
2011-03-15,43.50,44.44,43.16,44.34,39700,44.03
2011-03-14,45.13,45.44,44.91,45.32,10800,45.00
2011-03-11,45.13,45.78,45.13,45.69,4300,45.37
2011-03-10,45.84,45.84,45.25,45.45,18900,45.13
2011-03-09,46.26,46.49,46.24,46.36,2100,46.04
2011-03-08,46.02,46.49,46.02,46.32,7500,46.00
2011-03-07,46.89,46.93,46.12,46.19,5900,45.87
2011-03-04,46.44,46.44,46.12,46.38,4300,46.06
2011-03-03,46.66,46.93,46.58,46.87,5700,46.54
2011-03-02,46.26,46.55,46.22,46.46,22800,46.14
2011-03-01,46.72,46.78,45.93,46.01,27300,45.69
2011-02-28,46.64,46.86,46.48,46.71,16700,46.38
2011-02-25,46.11,46.32,46.08,46.27,8600,45.95
2011-02-24,45.90,45.96,45.43,45.88,94200,45.56
2011-02-23,45.73,45.87,45.33,45.76,35000,45.44
2011-02-22,46.04,46.10,45.36,45.59,11400,45.27
2011-02-18,46.65,46.87,46.50,46.76,16400,46.43
2011-02-17,46.17,46.57,46.17,46.54,10400,46.22
2011-02-16,46.02,46.32,45.84,46.22,17800,45.90
2011-02-15,45.82,45.87,45.69,45.72,10100,45.40
2011-02-14,45.72,46.07,45.68,46.00,14900,45.68
2011-02-11,45.69,46.15,45.69,46.15,29900,45.83
2011-02-10,46.06,46.27,46.02,46.18,14600,45.86
2011-02-09,46.52,46.73,46.42,46.73,18000,46.40
2011-02-08,46.35,46.60,46.22,46.60,19800,46.28
2011-02-07,46.15,46.40,46.15,46.33,26200,46.01
2011-02-04,46.00,46.22,46.00,46.19,2600,45.87
2011-02-03,46.20,46.36,45.85,46.36,22200,46.04
2011-02-02,46.59,46.59,46.34,46.56,14800,46.24
2011-02-01,46.22,46.83,46.22,46.79,21500,46.46
2011-01-31,45.57,45.79,45.57,45.79,12000,45.47
2011-01-28,45.92,45.92,44.94,45.04,88400,44.73
2011-01-27,46.15,46.17,45.91,46.17,32300,45.85
2011-01-26,46.01,46.04,45.83,46.03,6300,45.71
2011-01-25,45.48,45.93,45.38,45.93,12500,45.61
2011-01-24,45.48,46.02,45.48,46.01,12500,45.69
2011-01-21,45.45,45.59,45.28,45.53,12700,45.21
2011-01-20,44.72,45.11,44.63,45.04,22500,44.73
2011-01-19,45.43,45.43,44.77,44.92,38700,44.61
2011-01-18,44.93,45.11,44.93,45.09,25800,44.78
2011-01-14,44.31,44.78,44.31,44.78,306000,44.47
2011-01-13,44.36,44.54,44.17,44.21,77900,43.90
2011-01-12,43.44,43.94,43.31,43.86,405900,43.55
2011-01-11,42.97,42.99,42.69,42.92,69900,42.62
2011-01-10,42.50,42.88,42.34,42.85,46200,42.55
2011-01-07,43.07,43.25,42.58,42.84,178500,42.54
2011-01-06,43.75,43.75,43.05,43.15,19200,42.85
2011-01-05,43.23,43.72,43.21,43.63,136500,43.33
2011-01-04,44.33,44.37,43.86,44.00,35600,43.69
2011-01-03,44.22,44.59,44.22,44.31,31000,44.00
2010-12-31,43.71,44.18,43.71,44.16,64700,43.85
2010-12-30,43.80,43.98,43.59,43.76,16100,43.45
2010-12-29,43.84,44.10,43.76,44.00,67500,43.69
2010-12-28,43.73,43.74,43.41,43.49,25500,43.19
2010-12-27,43.48,43.66,43.33,43.52,17400,43.22
2010-12-23,43.49,43.76,43.49,43.65,18200,43.35
2010-12-22,43.73,43.74,43.57,43.69,70700,43.39
2010-12-21,43.97,44.00,43.84,43.91,62800,43.37
2010-12-20,43.58,43.63,43.33,43.61,63900,43.07
2010-12-17,43.63,43.63,43.17,43.39,24100,42.85
2010-12-16,43.66,43.76,43.42,43.71,22000,43.17
2010-12-15,43.75,43.90,43.35,43.41,37900,42.87
2010-12-14,43.95,44.20,43.79,44.01,22400,43.47
2010-12-13,43.61,44.12,43.61,43.84,15800,43.30
2010-12-10,43.33,43.44,43.13,43.42,27600,42.88
2010-12-09,43.28,43.34,43.02,43.34,13900,42.80
2010-12-08,43.14,43.36,42.89,43.20,25500,42.67
2010-12-07,43.50,43.59,42.99,42.99,73400,42.46
2010-12-06,42.71,43.05,42.70,42.90,179400,42.37
2010-12-03,42.98,43.42,42.98,43.33,273500,42.79
2010-12-02,42.09,43.07,41.96,43.06,68600,42.53
2010-12-01,41.89,42.33,41.82,42.33,30800,41.81
2010-11-30,41.11,41.61,41.03,41.44,36300,40.93
2010-11-29,42.02,42.17,41.45,42.03,19000,41.51
2010-11-26,42.77,42.82,42.56,42.63,6500,42.10
2010-11-24,43.37,43.46,43.19,43.46,18500,42.92
2010-11-23,43.40,43.52,42.91,43.05,25300,42.52
2010-11-22,44.50,44.58,43.86,44.48,13500,43.93
2010-11-19,44.63,45.02,44.42,45.02,20000,44.46
2010-11-18,44.58,44.79,44.52,44.77,32800,44.22
2010-11-17,43.83,44.04,43.69,43.73,33800,43.19
2010-11-16,44.31,44.34,43.37,43.67,26900,43.13
2010-11-15,45.02,45.03,44.60,44.60,39400,44.05
2010-11-12,45.02,45.14,44.43,44.65,84700,44.10
2010-11-11,45.18,45.18,44.84,45.02,37000,44.46
2010-11-10,45.71,45.77,45.01,45.75,69200,45.18
2010-11-09,46.40,46.40,45.33,45.48,169700,44.92
2010-11-08,45.97,46.16,45.71,46.03,72900,45.46
2010-11-05,46.43,46.62,46.18,46.37,113900,45.80
2010-11-04,46.82,47.01,46.58,46.89,198700,46.31
2010-11-03,45.91,46.26,45.59,46.24,165700,45.67
2010-11-02,45.82,46.05,45.79,45.92,4000,45.35
2010-11-01,45.43,45.55,44.80,45.17,24900,44.61
2010-10-29,45.28,45.43,45.14,45.39,12300,44.83
2010-10-28,45.39,45.39,45.10,45.27,5600,44.71
2010-10-27,44.71,44.84,44.28,44.80,26100,44.25
2010-10-26,45.14,45.25,44.92,45.25,18900,44.69
2010-10-25,45.77,45.77,45.31,45.41,12300,44.85
2010-10-22,45.31,45.31,45.09,45.25,8400,44.69
2010-10-21,45.43,45.70,44.91,45.07,23600,44.51
2010-10-20,44.62,45.35,44.62,45.26,10400,44.70
2010-10-19,44.74,44.83,44.05,44.30,53000,43.75
2010-10-18,45.35,45.72,45.23,45.68,12900,45.12
2010-10-15,45.53,45.61,45.15,45.44,37200,44.88
2010-10-14,45.44,45.63,45.31,45.53,26500,44.97
2010-10-13,44.96,45.35,44.94,45.18,67400,44.62
2010-10-12,44.39,44.64,44.05,44.55,16100,44.00
2010-10-11,44.67,44.82,44.61,44.61,9300,44.06
2010-10-08,44.46,44.87,44.43,44.87,15300,44.32
2010-10-07,44.85,44.87,44.19,44.47,22100,43.92
2010-10-06,44.38,44.53,44.22,44.49,28800,43.94
2010-10-05,43.58,44.39,43.58,44.30,39100,43.75
2010-10-04,43.25,43.33,42.75,42.87,15400,42.34
2010-10-01,43.48,43.61,43.29,43.52,8200,42.98
2010-09-30,43.66,43.66,42.75,43.07,16000,42.54
2010-09-29,43.41,43.57,43.21,43.33,14600,42.79
2010-09-28,43.25,43.40,42.77,43.23,8200,42.70
2010-09-27,43.31,43.32,42.99,43.03,23600,42.50
2010-09-24,43.02,43.34,42.83,43.31,12200,42.77
2010-09-23,42.07,42.46,41.95,42.03,5600,41.51
2010-09-22,42.84,42.97,42.54,42.66,8000,42.13
2010-09-21,42.67,42.87,42.23,42.84,42500,42.31
2010-09-20,42.04,42.48,41.97,42.48,8700,41.96
2010-09-17,42.39,42.39,41.95,42.06,14400,41.26
2010-09-16,42.35,42.35,42.07,42.28,50400,41.47
2010-09-15,42.11,42.40,42.11,42.33,7000,41.52
2010-09-14,41.78,42.52,41.78,42.33,14100,41.52
2010-09-13,41.92,41.97,41.81,41.88,8900,41.08
2010-09-10,41.30,41.37,41.19,41.31,10800,40.52
2010-09-09,41.58,41.58,41.08,41.14,16100,40.36
2010-09-08,40.86,41.23,40.86,40.98,12200,40.20
2010-09-07,40.83,40.97,40.59,40.62,6900,39.85
2010-09-03,41.20,41.37,41.04,41.22,8100,40.43
2010-09-02,40.74,40.93,40.61,40.93,21400,40.15
2010-09-01,40.19,40.73,40.19,40.58,7400,39.81
2010-08-31,39.10,39.53,39.00,39.21,18300,38.46
2010-08-30,39.39,39.45,39.08,39.08,18800,38.34
2010-08-27,39.24,39.71,38.86,39.64,21100,38.89
2010-08-26,39.05,39.05,38.50,38.61,7500,37.87
2010-08-25,38.41,38.81,38.26,38.76,9400,38.02
2010-08-24,38.70,38.94,38.58,38.66,27100,37.92
2010-08-23,39.44,39.71,39.31,39.34,9000,38.59
2010-08-20,39.31,39.36,39.10,39.28,8200,38.53
2010-08-19,40.49,40.49,39.57,39.74,12600,38.98
2010-08-18,40.48,40.71,40.30,40.45,18600,39.68
2010-08-17,40.35,40.60,40.27,40.37,19900,39.60
2010-08-16,39.80,40.07,39.73,39.81,4000,39.05
2010-08-13,39.83,40.04,39.63,39.63,7700,38.88
2010-08-12,39.71,39.87,39.64,39.82,5900,39.06
2010-08-11,40.50,40.50,39.84,39.87,4400,39.11
2010-08-10,41.29,41.84,41.05,41.69,13500,40.90
2010-08-09,42.11,42.11,41.93,42.06,6000,41.26
2010-08-06,41.47,41.92,41.43,41.90,15600,41.10
2010-08-05,41.66,41.83,41.59,41.83,4800,41.03
2010-08-04,41.59,41.89,41.59,41.88,7700,41.08
2010-08-03,41.75,41.87,41.60,41.71,9000,40.92
2010-08-02,41.32,41.97,41.32,41.84,22600,41.04
2010-07-30,40.38,40.68,40.24,40.57,11900,39.80
2010-07-29,40.90,41.06,40.22,40.60,11200,39.83
2010-07-28,40.23,40.34,40.12,40.22,10100,39.45
2010-07-27,40.60,40.66,40.33,40.56,18200,39.79
2010-07-26,39.94,40.49,39.94,40.48,14800,39.71
2010-07-23,39.66,40.24,39.66,40.10,12600,39.34
2010-07-22,39.34,39.88,39.34,39.80,39100,39.04
2010-07-21,39.04,39.04,38.19,38.40,12300,37.67
2010-07-20,38.51,39.23,38.40,39.22,9200,38.47
2010-07-19,38.98,39.16,38.71,39.05,11000,38.31
2010-07-16,39.59,39.59,38.65,38.83,41300,38.09
2010-07-15,39.68,39.91,39.39,39.91,5600,39.15
2010-07-14,39.12,39.75,39.09,39.28,68200,38.53
2010-07-13,38.94,39.40,38.94,39.26,6000,38.51
2010-07-12,38.26,38.57,38.23,38.57,26600,37.84
2010-07-09,38.51,38.81,38.48,38.81,4300,38.07
2010-07-08,38.54,38.82,38.35,38.82,8200,38.08
2010-07-07,37.47,38.42,37.47,38.42,12000,37.69
2010-07-06,37.61,37.77,37.02,37.29,34900,36.58
2010-07-02,36.73,36.94,36.06,36.33,37800,35.64
2010-07-01,36.30,36.56,35.95,36.56,21000,35.86
2010-06-30,36.08,36.52,35.74,35.75,23100,35.07
2010-06-29,36.55,36.56,35.95,36.02,72400,35.33
2010-06-28,37.46,37.80,37.27,37.32,48800,36.61
2010-06-25,38.52,38.80,38.24,38.67,77100,36.91
2010-06-24,38.80,38.99,38.55,38.55,14300,36.80
2010-06-23,39.13,39.47,38.81,39.19,10800,37.41
2010-06-22,39.56,39.56,38.85,38.89,17200,37.12
2010-06-21,40.07,40.11,39.26,39.35,27800,37.56
2010-06-18,39.53,39.79,39.53,39.64,12700,37.84
2010-06-17,39.60,39.77,39.32,39.60,114500,37.80
2010-06-16,39.22,39.70,39.22,39.57,12300,37.77
2010-06-15,39.22,39.89,39.22,39.89,14200,38.08
2010-06-14,38.83,39.13,38.58,38.58,18500,36.83
2010-06-11,37.64,38.23,37.64,38.22,19000,36.48
2010-06-10,37.60,38.13,37.49,38.13,15100,36.40
2010-06-09,36.71,37.22,36.40,36.50,9200,34.84
2010-06-08,36.21,36.49,35.92,36.43,8000,34.77
2010-06-07,36.61,36.79,36.44,36.44,19200,34.78
2010-06-04,37.32,37.35,36.41,36.41,47500,34.75
2010-06-03,38.47,38.47,37.75,38.11,4800,36.38
2010-06-02,37.27,38.18,37.27,38.18,22200,36.44
2010-06-01,36.96,37.94,36.96,37.01,8500,35.33
2010-05-28,37.93,37.97,37.36,37.60,13400,35.89
2010-05-27,36.98,37.90,36.98,37.90,21300,36.18
2010-05-26,36.31,36.68,35.80,35.80,27200,34.17
2010-05-25,35.28,36.29,35.14,36.29,50100,34.64
2010-05-24,36.66,37.00,36.45,36.45,13900,34.79
2010-05-21,36.36,37.56,36.24,37.44,86400,35.74
2010-05-20,36.80,37.25,36.18,36.82,28900,35.15
2010-05-19,37.65,37.99,37.36,37.80,14300,36.08
2010-05-18,38.96,39.11,37.56,37.67,27000,35.96
2010-05-17,38.54,38.79,37.82,38.66,26400,36.90
2010-05-14,39.50,39.50,38.37,38.66,20500,36.90
2010-05-13,39.86,40.14,39.60,39.68,8000,37.88
2010-05-12,39.99,40.34,39.99,40.16,54200,38.33
2010-05-11,39.13,40.06,39.13,39.96,27100,38.14
2010-05-10,39.33,40.07,38.32,39.74,48100,37.93
2010-05-07,37.60,38.20,36.48,37.32,74300,35.62
2010-05-06,39.10,39.47,31.84,37.07,82000,35.38
2010-05-05,39.54,40.00,39.31,39.44,65000,37.65
2010-05-04,41.13,41.13,40.35,40.54,67700,38.70
2010-05-03,42.00,42.41,42.00,42.41,12500,40.48
2010-04-30,42.39,42.43,41.74,41.79,8100,39.89
2010-04-29,41.99,42.33,41.99,42.27,10800,40.35
2010-04-28,41.85,41.90,40.98,41.53,37800,39.64
2010-04-27,42.94,43.05,41.53,41.57,36000,39.68
2010-04-26,43.88,43.88,43.53,43.62,18800,41.64
2010-04-23,43.12,43.75,43.12,43.75,12600,41.76
2010-04-22,43.02,43.30,42.72,43.28,14300,41.31
2010-04-21,43.86,43.86,43.49,43.76,5200,41.77
2010-04-20,43.97,44.08,43.84,43.91,27200,41.91
2010-04-19,43.36,43.62,43.11,43.58,11800,41.60
2010-04-16,44.14,44.30,43.53,43.79,26500,41.80
2010-04-15,44.26,44.46,44.14,44.43,70900,42.41
2010-04-14,44.19,44.50,44.19,44.47,22000,42.45
2010-04-13,43.90,44.00,43.66,43.93,7400,41.93
2010-04-12,43.72,43.97,43.72,43.89,32300,41.89
2010-04-09,43.39,43.64,43.24,43.64,17400,41.66
2010-04-08,42.54,43.00,42.47,43.00,12300,41.04
2010-04-07,43.26,43.26,42.86,42.97,8400,41.02
2010-04-06,42.92,43.45,42.92,43.45,14500,41.47
2010-04-05,43.33,43.60,43.26,43.39,11300,41.42
2010-04-01,43.01,43.49,43.01,43.48,8600,41.50
2010-03-31,42.43,42.81,42.43,42.66,24700,40.72
2010-03-30,42.57,42.61,42.34,42.47,15800,40.54
2010-03-29,42.28,42.51,42.28,42.49,31600,40.56
2010-03-26,42.04,42.31,41.98,42.20,11100,40.19
2010-03-25,42.31,42.37,41.79,41.79,23600,39.80
2010-03-24,41.82,41.94,41.62,41.80,18700,39.81
2010-03-23,42.41,42.55,42.17,42.47,70600,40.45
2010-03-22,41.57,42.36,41.57,42.23,16400,40.22
2010-03-19,42.50,42.50,41.98,42.04,9900,40.04
2010-03-18,42.94,42.94,42.47,42.83,10700,40.79
2010-03-17,42.90,43.24,42.88,43.04,19100,40.99
2010-03-16,42.43,42.91,42.34,42.91,11100,40.87
2010-03-15,42.43,42.43,42.04,42.35,11100,40.33
2010-03-12,42.67,42.67,42.50,42.56,40200,40.53
2010-03-11,42.09,42.41,42.00,42.41,5400,40.39
2010-03-10,41.84,42.22,41.80,42.05,14200,40.05
2010-03-09,41.54,41.98,41.50,41.70,24900,39.71
2010-03-08,42.05,42.07,41.79,41.85,17000,39.86
2010-03-05,41.31,41.98,41.31,41.90,12700,39.90
2010-03-04,41.30,41.30,40.90,41.10,14100,39.14
2010-03-03,41.13,41.57,41.13,41.24,17700,39.27
2010-03-02,40.84,40.98,40.63,40.76,13500,38.82
2010-03-01,40.17,40.54,40.17,40.42,13900,38.49
2010-02-26,40.10,40.42,40.09,40.37,4800,38.45
2010-02-25,39.61,40.00,39.40,39.97,46800,38.07
2010-02-24,40.16,40.56,39.96,40.34,8700,38.42
2010-02-23,40.47,40.49,39.95,40.00,7200,38.09
2010-02-22,41.03,41.03,40.66,40.78,11300,38.84
2010-02-19,40.32,40.96,40.32,40.96,18800,39.01
2010-02-18,40.51,40.95,40.51,40.83,9300,38.88
2010-02-17,40.78,41.38,40.53,40.66,40100,38.72
2010-02-16,39.87,40.81,39.85,40.77,17000,38.83
2010-02-12,39.71,39.98,39.40,39.73,11300,37.84
2010-02-11,39.88,40.41,39.51,40.33,16400,38.41
2010-02-10,40.21,40.37,39.85,40.16,42200,38.25
2010-02-09,40.05,40.83,39.70,40.55,37000,38.62
2010-02-08,39.41,39.96,39.06,39.06,25100,37.20
2010-02-05,39.79,39.84,38.69,39.56,83200,37.67
2010-02-04,41.22,41.22,40.00,40.00,88000,38.09
2010-02-03,42.02,42.09,41.64,41.83,26800,39.84
2010-02-02,41.76,42.19,41.70,42.17,19900,40.16
2010-02-01,41.38,41.56,41.31,41.55,46800,39.57
2010-01-29,41.55,41.66,40.60,40.78,27000,38.84
2010-01-28,42.18,42.18,40.91,41.38,28200,39.41
2010-01-27,42.06,42.13,41.64,42.12,18700,40.11
2010-01-26,41.90,42.42,41.89,41.94,19500,39.94
2010-01-25,42.40,42.47,42.22,42.27,16700,40.26
2010-01-22,42.39,42.57,41.47,41.59,97800,39.61
2010-01-21,43.35,43.62,42.15,42.58,29700,40.55
2010-01-20,43.89,43.89,43.10,43.57,29700,41.49
2010-01-19,44.02,44.64,44.02,44.45,53900,42.33
2010-01-15,44.47,44.47,43.69,43.95,42000,41.86
2010-01-14,44.74,44.97,44.59,44.97,17900,42.83
2010-01-13,44.53,44.91,44.31,44.84,9600,42.70
2010-01-12,44.40,44.45,44.03,44.14,34400,42.04
2010-01-11,44.91,45.00,44.78,44.85,71500,42.71
2010-01-08,44.20,44.74,44.20,44.74,20700,42.61
2010-01-07,44.40,44.40,43.98,44.17,27200,42.07
2010-01-06,44.35,44.71,44.35,44.63,33600,42.50
2010-01-05,44.81,44.81,44.51,44.60,31200,42.47
2010-01-04,44.58,44.98,44.57,44.82,24800,42.68
2009-12-31,43.99,44.10,43.59,43.59,43500,41.51
2009-12-30,43.75,44.05,43.70,43.93,30100,41.84
2009-12-29,44.18,44.47,43.88,43.97,41500,41.87
2009-12-28,44.76,44.76,43.87,43.98,23600,41.88
2009-12-24,43.51,43.95,43.51,43.79,7100,41.70
2009-12-23,43.62,43.81,43.41,43.70,24900,41.62
2009-12-22,43.03,43.50,43.03,43.40,35400,41.33
2009-12-21,42.98,43.32,42.98,43.19,25200,41.13
2009-12-18,43.45,43.45,42.55,43.03,23200,40.82
2009-12-17,43.50,43.50,42.87,43.07,39400,40.85
2009-12-16,43.88,44.33,43.82,44.04,33200,41.77
2009-12-15,43.62,43.95,43.55,43.70,26900,41.45
2009-12-14,43.96,44.22,43.89,44.14,45500,41.87
2009-12-11,43.91,43.91,43.61,43.68,19600,41.43
2009-12-10,43.74,43.88,43.54,43.54,16500,41.30
2009-12-09,43.51,43.51,42.82,43.42,29800,41.19
2009-12-08,43.94,43.94,43.24,43.59,88300,41.35
2009-12-07,44.36,44.78,44.03,44.41,43500,42.12
2009-12-04,45.03,45.17,44.33,44.56,42400,42.27
2009-12-03,45.16,45.27,44.64,44.64,45000,42.34
2009-12-02,44.63,45.05,44.63,44.89,15800,42.58
2009-12-01,44.29,44.82,44.29,44.70,18800,42.40
2009-11-30,43.56,43.85,43.02,43.58,23700,41.34
2009-11-27,43.02,43.96,42.97,43.60,20200,41.36
2009-11-25,44.76,45.09,44.66,45.09,35300,42.77
2009-11-24,44.57,44.60,44.12,44.39,27900,42.11
2009-11-23,44.66,44.95,44.44,44.56,32900,42.27
2009-11-20,43.59,43.83,43.33,43.83,29000,41.57
2009-11-19,44.31,44.31,43.70,44.20,54500,41.93
2009-11-18,45.01,45.11,44.59,44.82,53200,42.51
2009-11-17,44.60,44.82,44.29,44.79,56500,42.49
2009-11-16,44.66,45.23,44.64,44.94,37700,42.63
2009-11-13,43.79,44.40,43.55,44.25,26400,41.97
2009-11-12,43.95,44.32,43.60,43.64,14300,41.39
2009-11-11,44.12,44.37,43.81,43.89,15800,41.63
2009-11-10,43.61,43.97,43.40,43.83,26600,41.57
2009-11-09,43.59,44.01,43.59,43.96,21000,41.70
2009-11-06,42.19,42.96,42.19,42.78,38000,40.58
2009-11-05,42.51,42.90,42.42,42.58,93100,40.39
2009-11-04,42.05,42.44,41.94,41.96,31000,39.80
2009-11-03,40.80,41.51,40.80,41.49,21200,39.36
2009-11-02,41.02,42.14,40.99,41.51,25300,39.37
2009-10-30,42.46,42.46,40.89,40.95,39000,38.84
2009-10-29,42.00,42.82,42.00,42.68,23000,40.48
2009-10-28,42.39,42.39,41.08,41.25,30300,39.13
2009-10-27,43.06,43.06,42.26,42.40,15300,40.22
2009-10-26,43.86,43.97,42.50,42.72,16500,40.52
2009-10-23,44.18,44.18,43.25,43.31,19400,41.08
2009-10-22,43.87,44.40,43.62,44.35,13400,42.07
2009-10-21,43.85,44.52,43.78,43.86,14700,41.60
2009-10-20,44.41,44.41,43.62,43.84,32100,41.58
2009-10-19,43.95,44.31,43.72,44.24,20800,41.96
2009-10-16,43.54,43.76,43.25,43.61,17700,41.37
2009-10-15,43.86,44.10,43.80,44.08,22600,41.81
2009-10-14,43.74,43.99,43.57,43.98,22400,41.72
2009-10-13,42.99,43.09,42.60,42.90,8500,40.69
2009-10-12,43.07,43.36,42.87,42.92,29900,40.71
2009-10-09,42.75,42.80,42.44,42.68,16100,40.48
2009-10-08,42.64,43.00,42.46,42.82,13300,40.62
2009-10-07,41.98,42.30,41.96,42.30,13600,40.12
2009-10-06,41.99,42.41,41.93,42.15,15200,39.98
2009-10-05,40.86,41.46,40.22,41.33,21000,39.20
2009-10-02,40.20,40.89,40.18,40.52,18900,38.43
2009-10-01,41.80,41.80,40.87,40.88,52800,38.78
2009-09-30,42.54,42.55,41.67,42.10,28900,39.93
2009-09-29,42.47,42.47,41.95,42.25,17400,40.08
2009-09-28,41.96,42.76,41.96,42.58,32000,40.39
2009-09-25,41.89,42.19,41.62,41.71,16100,39.56
2009-09-24,42.78,43.09,41.81,42.01,27200,39.85
2009-09-23,43.41,43.46,42.79,42.86,19200,40.65
2009-09-22,43.40,43.47,43.25,43.36,12500,41.13
2009-09-21,42.95,43.29,42.27,42.90,35000,40.69
2009-09-18,43.93,43.93,43.41,43.69,19100,41.23
2009-09-17,43.39,43.82,43.30,43.59,20100,41.14
2009-09-16,43.34,43.74,43.14,43.59,32500,41.14
2009-09-15,42.61,43.00,42.43,42.81,26600,40.40
2009-09-14,42.00,42.71,42.00,42.71,20100,40.31
2009-09-11,42.73,42.79,42.32,42.53,28800,40.14
2009-09-10,42.00,42.69,41.95,42.68,26400,40.28
2009-09-09,41.93,42.36,41.71,42.13,23000,39.76
2009-09-08,42.57,42.57,41.39,41.62,18600,39.28
2009-09-04,39.75,40.39,39.60,40.24,19500,37.97
2009-09-03,39.81,39.81,39.41,39.69,17200,37.46
2009-09-02,39.04,39.59,39.04,39.43,11700,37.21
2009-09-01,40.25,40.56,39.21,39.37,17800,37.15
2009-08-31,40.46,40.54,40.20,40.40,16700,38.13
2009-08-28,41.40,41.40,40.67,40.94,19600,38.64
2009-08-27,40.68,41.17,40.16,40.99,16900,38.68
2009-08-26,40.75,40.75,40.31,40.61,29600,38.32
2009-08-25,40.94,41.30,40.88,41.01,38900,38.70
2009-08-24,40.76,40.89,40.15,40.15,36300,37.89
2009-08-21,40.19,40.71,40.19,40.52,30700,38.24
2009-08-20,39.09,39.53,39.09,39.53,10800,37.30
2009-08-19,38.31,39.20,38.20,39.07,13700,36.87
2009-08-18,38.04,38.79,37.98,38.79,18700,36.61
2009-08-17,38.34,38.34,37.78,38.06,21700,35.92
2009-08-14,39.55,39.55,38.76,39.18,20100,36.97
2009-08-13,39.50,39.61,39.29,39.52,15000,37.30
2009-08-12,38.48,39.33,38.48,39.10,23600,36.90
2009-08-11,39.00,39.00,38.34,38.58,11300,36.41
2009-08-10,39.00,39.00,38.71,38.87,19800,36.68
2009-08-07,39.45,39.48,39.10,39.10,17300,36.90
2009-08-06,39.52,39.52,38.69,38.93,27800,36.74
2009-08-05,39.65,39.84,39.08,39.74,29200,37.50
2009-08-04,39.41,39.79,39.25,39.35,17300,37.13
2009-08-03,39.24,39.82,39.24,39.74,25400,37.50
2009-07-31,38.36,39.02,38.25,38.79,15700,36.61
2009-07-30,38.06,38.54,37.97,38.27,28300,36.12
2009-07-29,37.42,37.74,37.24,37.54,10000,35.43
2009-07-28,37.48,37.61,37.06,37.49,16800,35.38
2009-07-27,37.58,37.95,37.31,37.91,24700,35.78
2009-07-24,38.10,38.10,37.29,37.75,16200,35.62
2009-07-23,37.01,37.89,37.01,37.44,103900,35.33
2009-07-22,36.71,37.27,36.60,37.01,16300,34.93
2009-07-21,37.27,37.27,36.58,36.84,25700,34.77
2009-07-20,36.44,36.92,36.35,36.88,18700,34.80
2009-07-17,35.90,36.13,35.80,36.11,22400,34.08
2009-07-16,35.51,36.17,35.51,36.17,96000,34.13
2009-07-15,35.18,35.77,35.14,35.76,13900,33.75
2009-07-14,34.37,34.43,34.10,34.34,87500,32.41
2009-07-13,33.49,34.29,33.49,34.27,4100,32.34
2009-07-10,33.56,33.58,33.30,33.33,28300,31.45
2009-07-09,34.06,34.13,33.71,33.89,11600,31.98
2009-07-08,33.75,33.83,33.04,33.43,18600,31.55
2009-07-07,34.18,34.18,33.56,33.58,7400,31.69
2009-07-06,33.80,34.32,33.80,34.32,7200,32.39
2009-07-02,35.01,35.65,34.46,34.67,11000,32.72
2009-07-01,35.50,36.01,35.44,35.60,12400,33.60
2009-06-30,35.53,35.53,34.77,35.00,6400,33.03
2009-06-29,35.29,35.52,34.83,35.38,18700,33.39
2009-06-26,34.43,35.05,34.43,34.66,8600,32.71
2009-06-25,34.36,35.13,33.86,34.67,12100,32.72
2009-06-24,33.66,34.89,33.66,34.37,6600,32.44
2009-06-23,33.93,34.55,32.99,34.03,13000,32.11
2009-06-22,35.70,35.70,33.29,33.33,27400,31.45
2009-06-19,36.01,36.01,35.67,35.74,7100,32.77
2009-06-18,35.17,35.63,35.17,35.37,106900,32.43
2009-06-17,35.01,35.47,34.79,35.17,30200,32.25
2009-06-16,35.99,36.05,35.21,35.53,3200,32.58
2009-06-15,35.81,35.81,35.10,35.38,18200,32.44
2009-06-12,36.67,36.67,36.38,36.64,14700,33.59
2009-06-11,36.37,37.09,36.37,36.81,8100,33.75
2009-06-10,36.97,36.97,35.90,36.23,28800,33.22
2009-06-09,36.29,36.52,36.10,36.32,28500,33.30
2009-06-08,35.71,35.85,35.25,35.85,37300,32.87
2009-06-05,36.86,36.86,35.92,36.17,18800,33.16
2009-06-04,36.86,36.94,36.54,36.74,11700,33.69
2009-06-03,37.22,37.22,36.30,36.66,13200,33.61
2009-06-02,37.46,37.98,37.41,37.80,11200,34.66
2009-06-01,36.74,37.50,36.74,37.31,10100,34.21
2009-05-29,36.14,36.25,35.90,36.15,10200,33.15
2009-05-28,35.74,35.97,35.45,35.89,3500,32.91
2009-05-27,36.07,36.07,35.35,35.35,5400,32.41
2009-05-26,34.66,36.01,34.66,35.86,9600,32.88
2009-05-22,35.27,35.44,35.21,35.21,4400,32.28
2009-05-21,34.86,35.23,34.75,35.23,9400,32.30
2009-05-20,35.50,35.82,35.18,35.18,7000,32.26
2009-05-19,34.72,35.34,34.72,35.05,5600,32.14
2009-05-18,34.10,34.89,34.10,34.89,3300,31.99
2009-05-15,33.72,34.12,33.32,33.51,5700,30.72
2009-05-14,33.38,34.10,33.38,33.96,9300,31.14
2009-05-13,33.64,33.83,33.30,33.34,7400,30.57
2009-05-12,34.43,34.66,34.00,34.49,7700,31.62
2009-05-11,34.23,34.28,33.86,34.08,7700,31.25
2009-05-08,34.39,35.17,34.25,35.17,7000,32.25
2009-05-07,34.62,34.88,33.55,33.55,19000,30.76
2009-05-06,33.94,34.31,33.59,34.11,11400,31.27
2009-05-05,34.00,34.00,33.11,33.42,10000,30.64
2009-05-04,32.97,33.83,32.65,33.83,29700,31.02
2009-05-01,32.22,32.50,32.19,32.31,2700,29.62
2009-04-30,32.50,32.73,31.98,32.20,7700,29.52
2009-04-29,31.44,32.25,31.44,31.91,11800,29.26
2009-04-28,30.74,31.09,30.64,30.94,10900,28.37
2009-04-27,31.65,31.65,30.92,31.13,6200,28.54
2009-04-24,31.76,31.96,31.53,31.63,8800,29.00
2009-04-23,30.76,31.22,30.56,31.12,10900,28.53
2009-04-22,30.10,30.85,30.10,30.53,9100,27.99
2009-04-21,29.31,30.54,29.31,30.47,12500,27.94
2009-04-20,30.58,30.58,29.85,29.85,12000,27.37
2009-04-17,31.62,31.70,31.45,31.58,8700,28.95
2009-04-16,31.28,31.73,31.23,31.58,32500,28.95
2009-04-15,30.56,31.32,30.56,31.30,8200,28.70
2009-04-14,30.83,31.19,30.77,31.01,14900,28.43
2009-04-13,30.67,31.34,30.56,31.10,36800,28.51
2009-04-09,30.77,30.77,30.37,30.66,4800,28.11
2009-04-08,29.84,30.12,29.62,29.82,5600,27.34
2009-04-07,29.60,29.90,29.51,29.81,5900,27.33
2009-04-06,30.43,30.43,29.89,30.28,9100,27.76
2009-04-03,30.54,30.85,30.17,30.75,13600,28.19
2009-04-02,30.04,30.80,30.04,30.38,15700,27.85
2009-04-01,28.29,29.09,28.29,29.01,113400,26.60
2009-03-31,27.93,28.61,27.93,28.31,7800,25.96
2009-03-30,27.71,27.71,27.15,27.27,8200,25.00
2009-03-27,28.48,28.70,28.40,28.50,11000,26.13
2009-03-26,29.31,29.76,29.11,29.52,18700,27.07
2009-03-25,29.23,29.41,28.54,29.22,35800,26.79
2009-03-24,29.30,29.36,28.62,28.70,27200,26.31
2009-03-23,28.46,29.82,28.46,29.82,15000,27.34
2009-03-20,28.19,28.37,27.71,27.80,7200,25.34
2009-03-19,29.06,29.06,28.22,28.26,45800,25.76
2009-03-18,26.95,28.09,26.66,27.79,104400,25.33
2009-03-17,26.59,27.22,26.22,27.21,23200,24.80
2009-03-16,26.49,26.86,26.34,26.34,23700,24.01
2009-03-13,26.12,26.12,25.56,25.94,33100,23.64
2009-03-12,24.92,25.98,24.65,25.84,38100,23.55
2009-03-11,25.50,25.50,24.70,24.92,33400,22.71
2009-03-10,24.06,24.87,24.06,24.77,42700,22.58
2009-03-09,22.94,23.39,22.94,23.11,130600,21.06
2009-03-06,24.09,24.16,23.27,23.80,16300,21.69
2009-03-05,24.45,24.53,23.73,23.91,53900,21.79
2009-03-04,24.93,25.65,24.74,25.27,27800,23.03
2009-03-03,24.84,24.99,24.03,24.46,37100,22.30
2009-03-02,25.76,25.76,24.46,24.49,79700,22.32
2009-02-27,26.14,26.70,25.79,26.37,26900,24.04
2009-02-26,26.80,27.08,26.25,26.29,19900,23.96
2009-02-25,26.76,26.76,25.98,26.26,5800,23.94
2009-02-24,26.18,27.27,25.88,27.17,29400,24.77
2009-02-23,27.03,27.06,25.90,25.90,24800,23.61
2009-02-20,26.50,27.19,26.21,26.75,41700,24.38
2009-02-19,28.02,28.02,27.12,27.25,16500,24.84
2009-02-18,27.17,27.30,26.67,27.17,19500,24.77
2009-02-17,27.98,27.98,27.01,27.10,32400,24.70
2009-02-13,29.03,29.16,28.84,28.84,11300,26.29
2009-02-12,28.31,29.17,28.31,29.17,8500,26.59
2009-02-11,29.31,29.31,28.70,29.12,21400,26.54
2009-02-10,30.49,30.49,28.76,28.76,25900,26.21
2009-02-09,30.31,30.68,30.17,30.31,58800,27.63
2009-02-06,29.96,30.50,29.95,30.35,12800,27.66
2009-02-05,28.71,29.64,28.46,29.33,6900,26.73
2009-02-04,29.01,29.71,28.83,28.83,11300,26.28
2009-02-03,28.60,29.55,28.60,29.27,18600,26.68
2009-02-02,27.78,29.00,27.78,28.23,7300,25.73
2009-01-30,28.96,29.15,28.46,28.49,13100,25.97
2009-01-29,29.46,30.00,28.77,28.78,9300,26.23
2009-01-28,30.82,30.99,30.11,30.37,14200,27.68
2009-01-27,28.91,29.10,28.53,29.04,16400,26.47
2009-01-26,28.53,29.03,28.30,28.68,18500,26.14
2009-01-23,26.99,28.07,26.83,27.93,20000,25.46
2009-01-22,29.45,29.45,27.83,28.26,161700,25.76
2009-01-21,28.43,29.41,28.10,29.41,14400,26.81
2009-01-20,29.25,29.25,27.94,27.94,25900,25.47
2009-01-16,31.32,31.32,29.93,30.73,15500,28.01
2009-01-15,30.61,30.91,29.56,30.40,10100,27.71
2009-01-14,31.00,31.00,30.29,30.37,28000,27.68
2009-01-13,31.89,31.91,31.42,31.65,25900,28.85
2009-01-12,33.32,33.32,32.39,32.65,15700,29.76
2009-01-09,34.00,34.04,33.26,33.26,10500,30.32
2009-01-08,33.93,34.58,33.90,34.58,7100,31.52
2009-01-07,34.28,34.50,33.87,33.95,52400,30.95
2009-01-06,34.68,34.74,34.03,34.55,39100,31.49
2009-01-05,33.69,34.27,33.69,33.95,140200,30.95
2009-01-02,33.74,34.77,33.74,34.71,13900,31.64
2008-12-31,33.22,34.21,33.20,34.21,35600,31.18
2008-12-30,33.21,33.68,32.92,33.68,46100,30.70
2008-12-29,33.94,33.94,32.72,32.74,106900,29.84
2008-12-26,33.17,33.17,31.89,32.99,34300,30.07
2008-12-24,32.74,32.74,32.41,32.51,11400,29.63
2008-12-23,32.63,32.93,32.01,32.20,47700,29.35
2008-12-22,33.01,33.86,32.06,32.39,82400,29.52
2008-12-19,36.71,37.26,36.39,36.54,33700,29.76
2008-12-18,37.70,38.04,36.33,36.63,61000,29.83
2008-12-17,37.01,37.97,36.75,37.45,50000,30.50
2008-12-16,35.82,38.15,35.82,37.93,169500,30.89
2008-12-15,36.25,36.25,35.65,35.84,21000,29.19
2008-12-12,35.57,36.46,35.44,36.07,56300,29.38
2008-12-11,36.39,36.76,34.35,35.89,82100,29.23
2008-12-10,36.24,36.40,35.73,36.20,16100,29.48
2008-12-09,35.46,36.49,34.33,35.39,34300,28.82
2008-12-08,35.18,36.25,35.18,35.79,27000,29.15
2008-12-05,33.57,34.70,32.59,34.57,12200,28.16
2008-12-04,33.60,34.46,33.02,33.32,115600,27.14
2008-12-03,32.98,34.14,32.98,34.00,16400,27.69
2008-12-02,33.16,34.07,32.97,33.82,23600,27.55
2008-12-01,33.50,33.52,32.23,32.23,14900,26.25
2008-11-28,34.21,34.87,34.21,34.79,78900,28.34
2008-11-26,33.73,35.10,33.73,34.93,21800,28.45
2008-11-25,34.85,34.95,33.25,34.60,62800,28.18
2008-11-24,32.32,34.01,32.22,34.00,32000,27.69
2008-11-21,31.41,31.72,30.14,31.72,50600,25.84
2008-11-20,31.50,32.15,29.75,29.76,32700,24.24
2008-11-19,33.15,33.56,31.55,31.55,27600,25.70
2008-11-18,33.19,33.89,32.74,33.15,24100,27.00
2008-11-17,33.63,34.55,33.44,33.82,9900,27.55
2008-11-14,35.01,35.41,34.00,35.00,9200,28.51
2008-11-13,34.27,36.54,33.02,36.54,77700,29.76
2008-11-12,34.85,35.20,33.85,33.87,72500,27.59
2008-11-11,36.68,36.68,35.40,35.91,18100,29.25
2008-11-10,38.58,38.75,36.96,37.32,26700,30.40
2008-11-07,37.42,38.39,37.15,38.25,43200,31.15
2008-11-06,38.72,38.79,36.50,36.50,22300,29.73
2008-11-05,39.90,40.69,38.70,38.86,44000,31.65
2008-11-04,39.78,40.99,39.43,40.98,17800,33.38
2008-11-03,37.47,38.34,37.34,37.94,38800,30.90
2008-10-31,35.77,37.54,35.77,36.88,18400,30.04
2008-10-30,37.77,38.10,36.24,36.60,75100,29.81
2008-10-29,35.37,37.11,35.37,36.36,23200,29.61
2008-10-28,34.16,35.68,32.63,35.68,10800,29.06
2008-10-27,33.19,33.75,32.46,33.40,98400,27.20
2008-10-24,34.20,35.31,34.00,35.12,18000,28.60
2008-10-23,36.26,37.36,35.38,37.36,37800,30.43
2008-10-22,38.07,38.09,35.84,35.93,22000,29.26
2008-10-21,39.99,40.49,39.00,39.00,20300,31.76
2008-10-20,39.58,41.14,39.58,41.14,29900,33.51
2008-10-17,38.26,40.61,38.26,39.66,12500,32.30
2008-10-16,39.26,40.60,37.48,40.49,18600,32.98
2008-10-15,41.89,42.28,37.91,38.52,33100,31.37
2008-10-14,44.57,44.73,41.60,42.58,25900,34.68
2008-10-13,40.15,43.34,39.96,43.34,25400,35.30
2008-10-10,37.40,38.58,35.76,37.32,64500,30.40
2008-10-09,43.57,43.63,39.21,39.56,44900,32.22
2008-10-08,42.11,44.09,39.72,42.61,182000,34.71
2008-10-07,46.49,46.50,42.82,42.82,58700,34.88
2008-10-06,47.01,47.02,43.60,45.39,155800,36.97
2008-10-03,49.50,51.00,48.84,48.95,38400,39.87
2008-10-02,50.13,50.14,48.19,48.37,88000,39.40
2008-10-01,50.26,50.92,49.88,50.72,42900,41.31
2008-09-30,50.27,50.82,49.54,50.82,34100,41.39
2008-09-29,51.62,51.62,47.45,47.58,127400,38.75
2008-09-26,54.22,54.92,54.22,54.80,17000,44.63
2008-09-25,54.74,55.62,54.70,55.36,29300,45.09
2008-09-24,54.52,54.52,53.75,53.92,43700,43.92
2008-09-23,54.42,54.76,53.16,53.39,30400,43.49
2008-09-22,56.69,56.69,54.53,54.54,25700,44.42
2008-09-19,58.00,58.00,54.17,55.93,30300,45.55
2008-09-18,49.96,51.34,48.84,51.11,72400,41.63
2008-09-17,50.04,50.42,48.56,49.10,49100,39.99
2008-09-16,49.46,51.40,48.23,51.17,141400,41.68
2008-09-15,51.21,51.83,51.11,51.37,26700,41.84
2008-09-12,53.10,54.06,52.85,54.04,56400,44.01
2008-09-11,51.72,53.18,51.68,53.07,24700,43.22
2008-09-10,54.23,54.25,53.52,53.65,26900,43.70
2008-09-09,55.06,55.29,53.27,53.29,90200,43.40
2008-09-08,55.40,56.62,54.06,54.70,36900,44.55
2008-09-05,53.18,53.27,52.40,53.20,14700,43.33
2008-09-04,55.54,55.54,53.61,53.74,24900,43.77
2008-09-03,56.17,56.43,55.81,56.24,14900,45.81
2008-09-02,57.00,57.27,56.20,56.23,43000,45.80
2008-08-29,56.75,56.96,56.35,56.50,16400,46.02
2008-08-28,56.66,56.99,56.57,56.74,18700,46.21
2008-08-27,55.26,55.77,55.26,55.56,21100,45.25
2008-08-26,54.82,55.55,54.82,55.20,15100,44.96
2008-08-25,55.81,55.93,54.06,55.06,32700,44.85
2008-08-22,55.96,56.45,55.96,56.10,22500,45.69
2008-08-21,55.30,55.83,55.28,55.76,21200,45.42
2008-08-20,55.57,55.94,55.41,55.94,17800,45.56
2008-08-19,55.89,56.03,55.64,55.80,52900,45.45
2008-08-18,57.44,57.65,56.59,56.63,23300,46.12
2008-08-15,57.19,57.38,57.00,57.23,24200,46.61
2008-08-14,57.29,57.90,57.26,57.38,37600,46.74
2008-08-13,58.44,58.44,57.55,58.02,14600,47.26
2008-08-12,59.85,59.85,59.27,59.44,30500,48.41
2008-08-11,59.95,60.35,59.83,59.95,23600,48.83
2008-08-08,58.53,59.70,58.53,59.53,28500,48.49
2008-08-07,59.85,60.09,59.25,59.25,18400,48.26
2008-08-06,59.77,60.58,59.76,60.50,39600,49.28
2008-08-05,59.47,60.10,59.47,60.08,90000,48.93
2008-08-04,58.28,58.28,57.58,57.87,12000,47.13
2008-08-01,58.98,58.98,58.04,58.17,27300,47.38
2008-07-31,59.18,59.45,58.79,58.83,22600,47.92
2008-07-30,59.05,59.34,58.81,59.34,21300,48.33
2008-07-29,57.86,58.97,57.68,58.82,28800,47.91
2008-07-28,59.33,59.42,58.21,58.25,29900,47.44
2008-07-25,59.97,60.45,59.82,60.06,27400,48.92
2008-07-24,61.43,61.44,60.28,60.28,33900,49.10
2008-07-23,61.04,61.51,60.86,61.14,44200,49.80
2008-07-22,58.86,60.00,58.86,60.00,31500,48.87
2008-07-21,60.79,60.80,60.36,60.54,14000,49.31
2008-07-18,59.82,60.14,59.58,60.08,24500,48.93
2008-07-17,59.15,59.17,58.54,58.96,25800,48.02
2008-07-16,55.72,57.35,55.72,57.35,15600,46.71
2008-07-15,56.20,56.87,55.64,56.13,41900,45.72
2008-07-14,58.12,58.42,57.44,57.56,35200,46.88
2008-07-11,57.81,57.97,56.60,57.55,160000,46.87
2008-07-10,58.64,59.24,57.77,59.19,89800,48.21
2008-07-09,59.38,59.48,57.87,58.06,99100,47.29
2008-07-08,57.95,58.65,57.57,58.58,29000,47.71
2008-07-07,58.26,58.92,57.73,58.25,42300,47.44
2008-07-03,59.30,59.49,58.80,59.21,11900,48.23
2008-07-02,59.45,59.71,58.00,58.00,26800,47.24
2008-07-01,58.25,58.80,57.80,58.72,81300,47.83
2008-06-30,59.91,60.27,59.71,59.71,24000,48.63
2008-06-27,60.05,60.40,59.77,59.85,48400,48.75
2008-06-26,60.53,60.90,59.88,60.02,22500,48.89
2008-06-25,61.24,62.10,61.24,61.68,29300,50.24
2008-06-24,59.89,60.76,59.00,60.30,65900,49.11
2008-06-23,60.58,61.18,60.26,60.65,101000,49.40
2008-06-20,61.66,61.66,60.62,60.78,50700,49.50
2008-06-19,62.49,62.54,62.00,62.45,25900,50.86
2008-06-18,62.81,62.95,62.60,62.82,11200,51.17
2008-06-17,63.84,63.91,63.37,63.39,13900,51.63
2008-06-16,63.31,63.49,63.09,63.42,11000,51.65
2008-06-13,62.50,63.50,62.50,63.48,82300,51.70
2008-06-12,62.46,63.01,62.33,62.62,27700,51.00
2008-06-11,63.60,63.64,62.64,62.65,54700,51.03
2008-06-10,63.65,64.13,63.50,63.68,47900,51.87
2008-06-09,65.37,65.37,64.09,64.51,61000,52.54
2008-06-06,65.82,65.85,64.78,64.87,23300,52.84
2008-06-05,65.95,66.76,65.86,66.76,35700,54.38
2008-06-04,65.28,65.84,65.28,65.41,18900,53.28
2008-06-03,66.03,66.23,65.41,65.63,9600,53.45
2008-06-02,66.56,66.56,65.83,66.14,24100,53.87
2008-05-30,67.08,67.49,67.08,67.39,11500,54.89
2008-05-29,66.68,67.09,66.59,66.85,10300,54.45
2008-05-28,67.22,67.27,66.73,67.27,13400,54.79
2008-05-27,66.96,67.28,66.77,67.20,23200,54.73
2008-05-23,67.78,67.79,67.13,67.17,15600,54.71
2008-05-22,67.77,68.04,67.65,67.77,13800,55.20
2008-05-21,68.22,68.22,67.15,67.34,18500,54.85
2008-05-20,68.35,68.45,67.82,68.14,26500,55.50
2008-05-19,68.45,68.67,68.04,68.14,50200,55.50
2008-05-16,68.13,68.61,67.78,68.61,67200,55.88
2008-05-15,67.41,68.06,67.37,68.06,24000,55.43
2008-05-14,67.27,67.76,67.21,67.21,17700,54.74
2008-05-13,67.40,67.58,67.26,67.33,9700,54.84
2008-05-12,67.07,67.78,67.07,67.63,22400,55.08
2008-05-09,66.52,66.72,66.00,66.55,33100,54.20
2008-05-08,67.07,67.45,66.95,67.03,34500,54.60
2008-05-07,67.40,67.40,66.23,66.23,13600,53.94
2008-05-06,66.85,68.07,66.85,67.92,30400,55.32
2008-05-05,67.57,67.84,67.57,67.74,13300,55.17
2008-05-02,67.87,67.87,67.28,67.53,20800,55.00
2008-05-01,66.33,67.40,66.33,67.35,22900,54.86
2008-04-30,66.58,67.26,66.58,66.73,22300,54.35
2008-04-29,66.46,66.61,66.27,66.42,16100,54.10
2008-04-28,67.02,67.34,66.96,66.96,12900,54.54
2008-04-25,66.90,66.93,66.46,66.83,29300,54.43
2008-04-24,66.24,66.81,65.91,66.50,23700,54.16
2008-04-23,66.94,67.45,66.72,67.14,12000,54.68
2008-04-22,67.12,67.35,66.78,67.12,13500,54.67
2008-04-21,67.22,67.52,67.02,67.40,18900,54.90
2008-04-18,66.92,67.39,66.81,67.19,27000,54.73
2008-04-17,66.19,66.66,66.18,66.51,26600,54.17
2008-04-16,66.16,67.08,66.16,67.08,22900,54.64
2008-04-15,64.95,65.05,64.58,65.03,15000,52.97
2008-04-14,64.71,64.85,64.47,64.60,53100,52.62
2008-04-11,64.99,65.31,64.64,64.64,17100,52.65
2008-04-10,65.44,65.65,61.80,65.56,29500,53.40
2008-04-09,66.17,66.21,65.45,65.53,14500,53.37
2008-04-08,65.92,66.37,65.89,66.22,14900,53.94
2008-04-07,66.95,67.09,66.62,66.73,10700,54.35
2008-04-04,66.57,66.82,66.15,66.48,17900,54.15
2008-04-03,65.55,66.81,65.30,66.41,12500,54.09
2008-04-02,66.13,66.55,65.74,66.22,14100,53.94
2008-04-01,64.56,65.90,64.45,65.90,22400,53.67
2008-03-31,63.64,64.09,63.64,63.83,5300,51.99
2008-03-28,64.01,64.14,63.39,63.53,17800,51.74
2008-03-27,65.00,65.00,63.78,63.84,15100,52.00
2008-03-26,63.85,64.19,63.50,63.94,11100,52.08
2008-03-25,63.45,64.09,63.17,64.03,26600,52.15
2008-03-24,62.01,63.28,61.80,62.88,46600,51.21
2008-03-20,60.20,61.59,59.90,61.30,25700,49.93
2008-03-19,62.22,62.56,60.31,60.31,21400,49.12
2008-03-18,61.74,62.68,61.44,62.62,27700,51.00
2008-03-17,59.69,60.96,59.68,60.46,31700,49.24
2008-03-14,63.09,63.10,60.80,61.25,36000,49.89
2008-03-13,62.08,63.09,61.49,62.91,61200,51.24
2008-03-12,63.12,63.55,62.63,62.71,18100,51.08
2008-03-11,62.44,63.00,61.02,63.00,123800,51.31
2008-03-10,61.08,61.33,59.95,60.04,444100,48.90
2008-03-07,60.99,61.56,60.13,60.35,164100,49.15
2008-03-06,62.55,62.61,61.37,61.41,88800,50.02
2008-03-05,61.98,63.04,61.98,62.60,20900,50.99
2008-03-04,62.20,62.33,61.35,61.97,48600,50.47
2008-03-03,63.04,63.25,62.68,63.18,19500,51.46
2008-02-29,64.30,64.30,63.07,63.17,37200,51.45
2008-02-28,65.38,65.58,64.94,65.33,42100,53.21
2008-02-27,65.20,66.22,65.14,66.00,40700,53.76
2008-02-26,64.57,66.05,64.57,65.79,82400,53.59
2008-02-25,63.68,64.50,63.18,64.47,42200,52.51
2008-02-22,63.06,63.06,61.83,62.99,138400,51.30
2008-02-21,63.10,63.31,62.05,62.35,31900,50.78
2008-02-20,61.86,62.96,61.86,62.70,169300,51.07
2008-02-19,63.67,63.85,62.88,63.04,26200,51.35
2008-02-15,62.04,62.27,61.67,62.27,20900,50.72
2008-02-14,63.08,63.13,62.26,62.26,39400,50.71
2008-02-13,62.23,62.78,61.97,62.72,25000,51.08
2008-02-12,61.99,63.04,61.91,62.03,68400,50.52
2008-02-11,60.95,61.23,60.18,61.17,59900,49.82
2008-02-08,60.64,61.55,60.54,61.10,53400,49.77
2008-02-07,61.42,62.15,60.95,61.67,83600,50.23
2008-02-06,62.62,63.04,61.81,61.93,55000,50.44
2008-02-05,63.02,63.22,61.81,61.84,71300,50.37
2008-02-04,65.43,65.53,64.78,64.81,29700,52.79
2008-02-01,65.29,66.21,64.86,65.81,86400,53.60
2008-01-31,63.01,65.05,62.89,64.73,55500,52.72
2008-01-30,64.09,65.83,63.92,64.32,30700,52.39
2008-01-29,64.58,64.98,64.04,64.91,58800,52.87
2008-01-28,63.74,64.78,63.09,64.78,35300,52.76
2008-01-25,65.00,68.44,63.51,63.69,137100,51.87
2008-01-24,62.67,64.90,62.37,64.90,82400,52.86
2008-01-23,59.75,62.14,58.50,62.11,84500,50.59
2008-01-22,60.32,62.84,59.00,62.49,112500,50.90
2008-01-18,66.01,66.15,64.23,65.12,111400,53.04
2008-01-17,66.38,66.70,64.34,64.46,78500,52.50
2008-01-16,66.44,66.96,65.51,65.74,55300,53.54
2008-01-15,68.18,68.31,66.81,66.90,78900,54.49
2008-01-14,69.09,69.35,68.72,69.20,57600,56.36
2008-01-11,68.66,68.73,67.87,67.99,40500,55.38
2008-01-10,68.37,69.76,68.37,69.29,99900,56.44
2008-01-09,68.46,69.69,67.93,68.85,73200,56.08
2008-01-08,69.47,70.18,68.18,68.25,157600,55.59
2008-01-07,68.88,69.43,68.82,69.24,107900,56.40
2008-01-04,69.91,69.92,68.30,68.38,128900,55.69
2008-01-03,70.23,70.57,70.09,70.18,34400,57.16
2008-01-02,70.54,70.73,69.83,70.11,68500,57.10
2007-12-31,71.02,71.02,69.75,69.76,49000,56.82
2007-12-28,71.08,71.27,70.98,70.98,24200,57.81
2007-12-27,70.97,71.00,70.35,70.40,49200,57.34
2007-12-26,70.33,71.31,70.19,71.06,55700,57.88
2007-12-24,72.15,72.15,70.01,70.13,47800,57.12
2007-12-21,69.74,69.86,69.12,69.70,74100,56.77
2007-12-20,69.00,69.00,68.39,68.71,60400,55.96
2007-12-19,69.28,69.36,68.37,68.69,68400,55.95
2007-12-18,69.42,69.83,68.51,69.56,51600,56.66
2007-12-17,70.04,70.04,68.96,68.96,101000,56.17
2007-12-14,72.70,72.92,71.91,72.08,61500,57.25
2007-12-13,74.05,74.26,73.24,74.14,33300,58.88
2007-12-12,75.95,76.20,74.52,75.08,59100,59.63
2007-12-11,75.65,76.10,73.42,73.69,54400,58.53
2007-12-10,75.57,75.96,75.46,75.89,50600,60.27
2007-12-07,75.14,75.26,74.90,74.98,34100,59.55
2007-12-06,74.19,75.27,74.19,75.27,36700,59.78
2007-12-05,73.81,74.42,73.81,74.24,44900,58.96
2007-12-04,73.28,73.63,73.13,73.39,27400,58.29
2007-12-03,73.99,74.04,72.75,73.74,11300,58.57
2007-11-30,74.83,74.99,73.84,74.11,40200,58.86
2007-11-29,73.29,74.01,73.18,73.71,39000,58.54
2007-11-28,72.91,74.75,72.91,74.66,22500,59.30
2007-11-27,71.59,72.47,68.64,72.47,16600,57.56
2007-11-26,72.27,72.55,70.84,70.87,23100,56.29
2007-11-23,71.70,72.42,70.98,72.34,13900,57.46
2007-11-21,71.27,71.27,70.33,70.54,30400,56.03
2007-11-20,71.94,72.69,71.46,72.32,47400,57.44
2007-11-19,73.65,73.65,70.74,70.99,62200,56.38
2007-11-16,72.28,72.79,71.50,72.79,28800,57.81
2007-11-15,72.75,73.08,71.55,71.94,327000,57.14
2007-11-14,74.70,74.70,73.25,73.45,32000,58.34
2007-11-13,73.28,74.30,71.35,74.29,83600,59.00
2007-11-12,72.28,72.78,71.56,71.56,41900,56.84
2007-11-09,73.59,74.00,72.88,73.05,112100,58.02
2007-11-08,74.97,75.25,74.00,74.94,68500,59.52
2007-11-07,75.32,75.97,74.39,74.43,46600,59.12
2007-11-06,76.00,76.24,75.18,76.24,120100,60.55
2007-11-05,75.02,75.64,74.63,75.40,110800,59.89
2007-11-02,76.28,76.28,75.44,76.12,70200,60.46
2007-11-01,76.37,76.61,75.51,75.59,83900,60.04
2007-10-31,77.19,78.06,77.04,77.95,54800,61.91
2007-10-30,76.45,76.79,76.28,76.55,23500,60.80
2007-10-29,76.95,77.05,76.55,77.03,34300,61.18
2007-10-26,76.00,76.48,75.71,76.40,41400,60.68
2007-10-25,74.79,74.88,74.40,74.79,13400,59.40
2007-10-24,74.04,74.85,73.23,74.42,19300,59.11
2007-10-23,74.27,74.86,74.01,74.72,125100,59.35
2007-10-22,72.50,73.23,72.30,73.23,45500,58.16
2007-10-19,74.70,74.70,73.21,73.24,26400,58.17
2007-10-18,74.84,75.28,74.67,75.20,34800,59.73
2007-10-17,74.97,75.00,74.18,74.77,27400,59.39
2007-10-16,74.37,74.37,73.85,74.00,20800,58.77
2007-10-15,75.65,75.65,74.65,74.84,19300,59.44
2007-10-12,75.43,75.75,75.21,75.54,16800,60.00
2007-10-11,75.37,76.06,74.78,74.99,29900,59.56
2007-10-10,74.62,74.96,74.47,74.86,52500,59.46
2007-10-09,74.12,74.98,74.08,74.98,54200,59.55
2007-10-08,73.83,73.91,73.40,73.64,21300,58.49
2007-10-05,73.95,74.60,73.95,74.40,19600,59.09
2007-10-04,73.53,73.77,73.34,73.59,9800,58.45
2007-10-03,73.64,73.64,72.87,73.02,91600,58.00
2007-10-02,73.70,73.75,73.07,73.63,32200,58.48
2007-10-01,73.06,74.08,73.06,73.93,31700,58.72
2007-09-28,72.85,73.23,72.51,72.98,42400,57.96
2007-09-27,72.73,72.83,72.47,72.75,66400,57.78
2007-09-26,71.65,71.91,71.46,71.80,62900,57.03
2007-09-25,70.66,71.15,70.60,71.00,29900,56.39
2007-09-24,71.48,71.70,71.13,71.13,51100,56.49
2007-09-21,71.24,71.50,71.13,71.39,53300,56.70
2007-09-20,70.97,71.29,70.74,70.75,21800,56.19
2007-09-19,70.96,71.33,70.68,70.75,40900,56.19
2007-09-18,68.53,70.56,67.95,70.45,22800,55.95
2007-09-17,68.25,68.38,67.57,67.86,35200,53.90
2007-09-14,68.54,69.16,68.46,68.95,10300,54.76
2007-09-13,69.51,69.69,69.21,69.44,24000,55.15
2007-09-12,68.53,69.27,68.43,69.02,27800,54.82
2007-09-11,68.24,68.99,68.19,68.87,17800,54.70
2007-09-10,67.90,68.00,66.85,67.44,10700,53.56
2007-09-07,67.75,67.93,67.24,67.52,33300,53.63
2007-09-06,68.16,68.85,67.80,68.50,52800,54.41
2007-09-05,68.24,68.42,67.85,68.14,13200,54.12
2007-09-04,68.61,69.65,68.61,69.46,26600,55.17
2007-08-31,68.96,69.20,68.51,68.89,27500,54.72
2007-08-30,67.00,68.09,66.99,67.48,21200,53.60
2007-08-29,67.20,68.39,66.78,68.39,27500,54.32
2007-08-28,67.51,67.51,66.00,66.11,29600,52.51
2007-08-27,68.35,68.66,68.12,68.18,27300,54.15
2007-08-24,67.62,68.70,67.43,68.68,13600,54.55
2007-08-23,67.74,67.77,67.00,67.45,32300,53.57
2007-08-22,66.42,67.02,66.30,67.02,108700,53.23
2007-08-21,65.26,65.51,65.00,65.32,36400,51.88
2007-08-20,65.76,65.92,64.81,65.69,18100,52.17
2007-08-17,65.50,67.00,64.21,65.30,72600,51.86
2007-08-16,63.00,63.36,60.30,63.13,156900,50.14
2007-08-15,64.91,65.63,63.75,63.75,195700,50.63
2007-08-14,67.60,67.60,65.68,65.72,163200,52.20
2007-08-13,67.93,68.06,67.29,67.29,35500,53.44
2007-08-10,66.77,67.33,66.16,67.22,51800,53.39
2007-08-09,68.04,68.86,68.00,68.00,70000,54.01
2007-08-08,69.97,70.66,69.80,70.26,47300,55.80
2007-08-07,68.16,69.49,68.07,69.20,44000,54.96
2007-08-06,68.27,68.94,67.74,68.94,68300,54.75
2007-08-03,68.65,68.81,67.37,67.44,54800,53.56
2007-08-02,68.79,69.29,68.73,69.12,38100,54.90
2007-08-01,68.66,68.79,67.57,68.79,85800,54.64
2007-07-31,69.65,70.07,68.59,68.70,96000,54.56
2007-07-30,68.23,68.94,67.85,68.83,55000,54.67
2007-07-27,68.54,68.84,67.22,67.22,42400,53.39
2007-07-26,69.80,70.14,68.09,68.74,71300,54.60
2007-07-25,71.94,71.94,70.85,71.44,38600,56.74
2007-07-24,72.50,72.50,71.20,71.25,21500,56.59
2007-07-23,72.94,73.13,72.77,72.81,28000,57.83
2007-07-20,73.28,73.29,72.29,72.52,42700,57.60
2007-07-19,73.31,73.57,73.26,73.30,18700,58.22
2007-07-18,72.73,73.05,72.32,72.77,30200,57.80
2007-07-17,73.00,73.17,72.83,72.96,25000,57.95
2007-07-16,73.20,73.36,72.94,73.06,38100,58.03
2007-07-13,72.98,73.22,72.88,73.14,21000,58.09
2007-07-12,72.15,73.23,72.15,73.19,30000,58.13
2007-07-11,71.62,72.00,71.62,71.96,19500,57.15
2007-07-10,71.81,71.97,71.11,71.13,17000,56.49
2007-07-09,72.31,72.40,72.07,72.24,22400,57.38
2007-07-06,71.70,72.15,71.50,72.15,120800,57.30
2007-07-05,71.78,71.78,71.07,71.46,21200,56.76
2007-07-03,71.48,71.63,71.39,71.63,17000,56.89
2007-07-02,70.86,71.18,70.85,71.15,73600,56.51
2007-06-29,70.53,70.83,70.02,70.42,44800,55.93
2007-06-28,70.30,70.58,70.10,70.10,24500,55.68
2007-06-27,69.68,70.16,69.30,70.16,62600,55.72
2007-06-26,70.69,70.71,69.84,69.84,32800,55.47
2007-06-25,70.53,70.98,70.00,70.12,30300,55.69
2007-06-22,70.80,71.01,70.26,70.37,41000,55.89
2007-06-21,70.78,71.29,70.60,71.29,28000,56.62
2007-06-20,71.84,71.84,70.70,70.70,17300,56.15
2007-06-19,71.43,71.66,71.26,71.55,37800,56.83
2007-06-18,71.46,71.50,71.14,71.31,197900,56.64
2007-06-15,70.91,71.22,70.80,71.22,90600,56.57
2007-06-14,69.86,70.46,69.86,70.30,28900,55.83
2007-06-13,69.24,69.97,69.21,69.97,31300,55.57
2007-06-12,69.34,69.82,68.82,68.82,38900,54.66
2007-06-11,69.75,70.35,69.61,70.11,33600,55.68
2007-06-08,69.08,70.07,68.80,70.07,60600,55.65
2007-06-07,70.01,70.32,68.67,68.70,112700,54.56
2007-06-06,71.19,71.19,70.38,70.55,58300,56.03
2007-06-05,71.90,71.96,71.34,71.62,40100,56.88
2007-06-04,71.89,72.22,71.80,72.20,29900,57.34
2007-06-01,71.75,71.96,71.68,71.92,39200,57.12
2007-05-31,71.62,71.73,71.15,71.58,82000,56.85
2007-05-30,70.65,71.54,70.59,71.54,21900,56.82
2007-05-29,71.40,71.47,70.98,71.20,32600,56.55
2007-05-25,71.00,71.27,70.90,71.23,52100,56.57
2007-05-24,71.40,71.63,70.56,70.72,30600,56.17
2007-05-23,71.95,72.11,71.60,71.62,45100,56.88
2007-05-22,71.54,71.54,71.06,71.15,36800,56.51
2007-05-21,71.16,71.39,71.10,71.15,82900,56.51
2007-05-18,71.05,71.76,71.04,71.76,39500,56.99
2007-05-17,70.84,71.15,70.74,70.95,62900,56.35
2007-05-16,71.00,71.20,70.69,71.11,38400,56.48
2007-05-15,70.75,71.58,70.75,70.94,38900,56.34
2007-05-14,70.98,71.05,70.50,70.72,21300,56.17
2007-05-11,70.00,70.89,70.00,70.89,37700,56.30
2007-05-10,70.42,70.61,69.35,69.36,52000,55.09
2007-05-09,70.57,70.87,70.53,70.86,63400,56.28
2007-05-08,70.87,70.87,70.36,70.77,62800,56.21
2007-05-07,71.42,71.57,71.38,71.49,35400,56.78
2007-05-04,71.11,71.37,71.08,71.28,37300,56.61
2007-05-03,70.87,70.90,70.61,70.89,42300,56.30
2007-05-02,70.50,70.97,70.50,70.91,37900,56.32
2007-05-01,70.66,70.73,70.16,70.60,48800,56.07
2007-04-30,70.55,70.76,70.15,70.15,71700,55.72
2007-04-27,70.53,70.74,70.45,70.66,68200,56.12
2007-04-26,70.76,70.88,70.48,70.71,58400,56.16
2007-04-25,70.73,71.05,70.64,71.03,30100,56.41
2007-04-24,70.24,70.32,69.85,70.23,57300,55.78
2007-04-23,70.37,70.54,70.20,70.25,67800,55.80
2007-04-20,70.86,71.02,70.70,70.91,42300,56.32
2007-04-19,69.59,70.14,69.42,69.96,28800,55.56
2007-04-18,70.27,70.69,70.02,70.44,26700,55.95
2007-04-17,70.54,70.73,70.35,70.55,33500,56.03
2007-04-16,70.31,70.56,70.25,70.46,44700,55.96
2007-04-13,69.59,69.80,69.32,69.78,52000,55.42
2007-04-12,68.87,69.68,68.72,69.61,29900,55.29
2007-04-11,69.30,69.31,68.75,68.90,30100,54.72
2007-04-10,69.09,69.37,69.05,69.32,34600,55.06
2007-04-09,68.52,68.68,68.37,68.60,50300,54.48
2007-04-05,68.29,68.54,68.16,68.48,35800,54.39
2007-04-04,67.93,68.18,67.87,68.18,35000,54.15
2007-04-03,67.61,68.04,67.61,67.92,35000,53.94
2007-04-02,67.23,67.32,66.97,67.30,44700,53.45
2007-03-30,66.58,67.00,66.50,66.84,17300,53.09
2007-03-29,66.39,66.61,66.19,66.58,25000,52.88
2007-03-28,66.00,66.14,65.63,65.71,29600,52.19
2007-03-27,66.34,66.61,66.30,66.57,27700,52.87
2007-03-26,66.65,66.85,66.10,66.77,59800,53.03
2007-03-23,66.45,66.72,66.45,66.65,40400,52.94
2007-03-22,66.50,66.70,66.29,66.46,49000,52.79
2007-03-21,65.54,66.85,65.33,66.72,192100,52.99
2007-03-20,64.58,65.20,64.56,65.20,54700,51.78
2007-03-19,64.43,64.67,64.24,64.61,27500,51.32
2007-03-16,63.77,64.01,63.52,63.71,36500,50.60
2007-03-15,62.85,63.67,62.85,63.54,24900,50.47
2007-03-14,62.46,62.93,61.73,62.92,85900,49.97
2007-03-13,63.88,64.03,62.72,62.72,94000,49.81
2007-03-12,63.96,65.00,63.87,64.35,122200,51.11
2007-03-09,63.96,63.98,63.61,63.91,87800,50.76
2007-03-08,63.55,63.99,63.55,63.72,68300,50.61
2007-03-07,62.88,63.37,62.82,63.02,57700,50.05
2007-03-06,62.54,63.20,62.46,63.13,33400,50.14
2007-03-05,61.38,62.24,61.20,61.44,135900,48.80
2007-03-02,62.70,63.28,62.50,62.81,447200,49.89
2007-03-01,62.69,63.27,61.09,63.03,90500,50.06
2007-02-28,64.21,64.43,63.85,64.10,62000,50.91
2007-02-27,65.80,65.85,63.30,63.89,168900,50.74
2007-02-26,66.91,66.95,66.65,66.88,44500,53.12
2007-02-23,66.60,66.72,66.40,66.67,39700,52.95
2007-02-22,66.40,66.56,66.30,66.51,38300,52.82
2007-02-21,66.04,66.32,65.95,66.28,43000,52.64
2007-02-20,66.27,66.63,66.08,66.57,74700,52.87
2007-02-16,66.17,66.40,66.04,66.40,19400,52.74
2007-02-15,66.48,66.48,66.22,66.41,42500,52.75
2007-02-14,65.82,66.40,65.82,66.33,58300,52.68
2007-02-13,65.24,65.63,65.16,65.63,76500,52.13
2007-02-12,65.18,65.18,64.89,64.92,34600,51.56
2007-02-09,65.60,65.70,65.06,65.27,60400,51.84
2007-02-08,65.41,65.71,65.23,65.68,44600,52.17
2007-02-07,65.70,65.90,65.53,65.74,94700,52.21
2007-02-06,65.45,65.48,65.20,65.38,95500,51.93
2007-02-05,64.82,64.97,64.64,64.88,146700,51.53
2007-02-02,65.02,65.10,64.79,65.04,43200,51.66
2007-02-01,64.92,65.11,64.79,64.96,76000,51.59
2007-01-31,63.94,64.69,63.79,64.63,49900,51.33
2007-01-30,64.38,64.47,64.23,64.47,20800,51.20
2007-01-29,63.88,64.21,63.83,64.00,34800,50.83
2007-01-26,63.97,63.97,63.50,63.85,43800,50.71
2007-01-25,64.74,64.75,63.76,63.80,83500,50.67
2007-01-24,64.75,64.93,64.64,64.93,59800,51.57
2007-01-23,64.60,64.92,64.57,64.80,159200,51.47
2007-01-22,64.76,64.79,64.25,64.36,69700,51.12
2007-01-19,64.00,64.62,64.00,64.61,53700,51.32
2007-01-18,64.33,64.39,63.97,64.08,110900,50.89
2007-01-17,63.86,64.23,63.82,63.96,44100,50.80
2007-01-16,64.20,64.33,63.94,64.12,77800,50.93
2007-01-12,63.50,63.94,63.50,63.93,48600,50.78
2007-01-11,62.75,63.49,62.75,63.35,65300,50.31
2007-01-10,62.54,62.81,62.40,62.77,43000,49.85
2007-01-09,63.40,63.45,63.00,63.32,41200,50.29
2007-01-08,63.05,63.20,62.77,63.14,55000,50.15
2007-01-05,63.36,63.36,62.89,63.04,47000,50.07
2007-01-04,63.85,64.03,63.65,63.87,75900,50.73
2007-01-03,64.60,64.80,63.95,64.18,139400,50.97
2006-12-29,63.70,63.86,63.56,63.67,45700,50.57
2006-12-28,64.00,64.06,63.74,63.82,67500,50.69
2006-12-27,63.60,64.01,63.50,64.01,61000,50.84
2006-12-26,62.76,63.01,62.76,62.86,22800,49.93
2006-12-22,63.23,63.42,62.72,62.89,26000,49.95
2006-12-21,63.02,63.19,62.77,62.97,23700,50.01
2006-12-20,63.63,63.72,63.20,63.24,47100,50.23
2006-12-19,62.85,63.50,62.85,63.49,30900,50.43
2006-12-18,63.16,63.16,62.88,62.97,39800,50.01
2006-12-15,63.35,63.40,62.92,63.05,44100,50.08
2006-12-14,63.05,63.22,62.98,63.18,45800,50.18
2006-12-13,62.85,63.22,62.70,62.92,69300,49.97
2006-12-12,62.37,62.75,62.25,62.65,60400,49.76
2006-12-11,62.04,62.45,61.96,62.33,36100,49.50
2006-12-08,62.10,62.35,61.79,61.82,36400,49.10
2006-12-07,62.22,62.35,61.96,62.01,38700,49.25
2006-12-06,61.65,62.21,61.59,61.70,46000,49.00
2006-12-05,61.60,61.98,61.05,61.98,24800,49.23
2006-12-04,61.10,61.68,61.10,61.60,41400,48.93
2006-12-01,61.40,61.45,60.64,61.10,61400,48.53
2006-11-30,61.40,61.58,61.20,61.44,25100,48.80
2006-11-29,61.11,61.25,60.81,61.22,23300,48.62
2006-11-28,60.22,60.61,60.20,60.59,23000,48.12
2006-11-27,60.75,60.80,60.16,60.19,59500,47.81
2006-11-24,60.83,61.09,60.83,60.92,20200,48.38
2006-11-22,60.85,60.98,60.78,60.97,28100,48.42
2006-11-21,60.40,60.69,60.40,60.69,21000,48.20
2006-11-20,60.11,60.32,60.07,60.24,27700,47.84
2006-11-17,60.21,60.66,60.12,60.66,62200,48.18
2006-11-16,60.60,60.63,60.47,60.47,21500,48.03
2006-11-15,60.30,60.69,60.30,60.61,35300,48.14
2006-11-14,60.50,60.80,60.34,60.58,29600,48.11
2006-11-13,60.13,60.35,60.10,60.13,42900,47.76
2006-11-10,60.18,60.19,59.96,60.19,28100,47.81
2006-11-09,60.08,60.27,59.85,59.95,41700,47.61
2006-11-08,59.90,60.43,59.85,60.31,30000,47.90
2006-11-07,59.99,60.29,59.89,59.94,39200,47.61
2006-11-06,59.35,59.84,59.35,59.75,24500,47.46
2006-11-03,59.06,59.10,58.79,58.96,18100,46.83
2006-11-02,58.74,59.03,58.74,59.00,44200,46.86
2006-11-01,59.35,59.45,58.78,58.84,32200,46.73
2006-10-31,58.78,59.05,58.78,58.98,26600,46.84
2006-10-30,58.51,58.74,58.45,58.63,28900,46.57
2006-10-27,58.80,58.86,58.47,58.51,232900,46.47
2006-10-26,58.55,58.78,58.34,58.71,29900,46.63
2006-10-25,57.80,58.22,57.79,58.16,15900,46.19
2006-10-24,57.50,57.74,57.46,57.71,34400,45.84
2006-10-23,57.24,57.71,57.24,57.70,24300,45.83
2006-10-20,57.70,57.82,57.49,57.77,10500,45.88
2006-10-19,57.34,57.68,57.34,57.65,10600,45.79
2006-10-18,57.32,57.40,57.09,57.23,28900,45.45
2006-10-17,57.07,57.07,56.72,56.97,15500,45.25
2006-10-16,57.42,57.66,57.35,57.64,13200,45.78
2006-10-13,57.25,57.41,57.15,57.38,9000,45.57
2006-10-12,57.00,57.43,57.00,57.33,23000,45.53
2006-10-11,56.64,56.87,56.50,56.73,8800,45.06
2006-10-10,56.52,56.62,56.37,56.60,24300,44.95
2006-10-09,56.59,56.76,56.43,56.52,72200,44.89
2006-10-06,56.54,56.72,56.46,56.72,14800,45.05
2006-10-05,56.95,57.10,56.79,57.10,13500,45.35
2006-10-04,56.35,57.07,56.35,57.05,23100,45.31
2006-10-03,56.10,56.69,56.00,56.28,10400,44.70
2006-10-02,56.12,56.47,56.10,56.14,9700,44.59
2006-09-29,56.02,56.21,56.00,56.05,7500,44.52
2006-09-28,56.10,56.29,56.03,56.28,21800,44.70
2006-09-27,56.00,56.35,55.97,56.25,11300,44.68
2006-09-26,55.51,55.92,55.50,55.90,13800,44.40
2006-09-25,55.30,55.75,55.00,55.75,40100,44.28
2006-09-22,55.50,55.50,55.32,55.45,27700,44.04
2006-09-21,55.88,55.88,55.55,55.68,7500,44.22
2006-09-20,55.28,55.64,55.28,55.48,37500,44.06
2006-09-19,55.22,55.23,54.59,54.89,25200,43.60
2006-09-18,55.02,55.41,55.02,55.35,6200,43.96
2006-09-15,55.15,55.16,54.91,55.06,15000,43.73
2006-09-14,55.10,55.23,55.06,55.15,15500,43.80
2006-09-13,54.92,55.12,54.81,55.08,5700,43.75
2006-09-12,54.65,55.16,54.64,55.04,8100,43.71
2006-09-11,54.26,54.46,54.08,54.43,7100,43.23
2006-09-08,54.40,54.53,54.28,54.50,25200,43.29
2006-09-07,54.40,54.71,54.25,54.42,25500,43.22
2006-09-06,54.98,55.03,54.80,54.83,15900,43.55
2006-09-05,55.50,55.65,55.32,55.65,14200,44.20
2006-09-01,55.20,55.45,55.20,55.41,16800,44.01
2006-08-31,55.31,55.43,54.95,55.15,29800,43.80
2006-08-30,55.41,55.41,55.08,55.30,79600,43.92
2006-08-29,54.90,55.04,54.53,55.01,15700,43.69
2006-08-28,54.22,54.75,54.22,54.65,43300,43.41
2006-08-25,54.30,54.30,54.15,54.17,20900,43.02
2006-08-24,54.55,54.55,54.06,54.19,46300,43.04
2006-08-23,55.33,55.33,54.05,54.25,104900,43.09
2006-08-22,56.00,56.00,55.68,55.68,14800,44.22
2006-08-21,55.46,56.39,55.44,56.17,11900,44.61
2006-08-18,55.25,55.30,55.20,55.29,1600,43.91
2006-08-17,55.41,55.41,55.29,55.29,8900,43.91
2006-08-16,55.30,55.63,55.01,55.60,18500,44.16
2006-08-15,54.80,55.10,54.71,54.90,25500,43.60
2006-08-14,54.15,54.30,53.87,53.87,3600,42.79
2006-08-11,53.70,54.00,53.70,54.00,8900,42.89
2006-08-10,53.85,54.20,53.85,54.20,14200,43.05
2006-08-09,54.05,54.38,54.04,54.23,3100,43.07
2006-08-08,53.70,53.96,53.70,53.96,5000,42.86
2006-08-07,53.81,53.99,53.77,53.99,3900,42.88
2006-08-04,54.23,54.35,54.11,54.21,5200,43.06
2006-08-03,53.35,53.61,53.32,53.61,1300,42.58
2006-08-02,53.48,53.87,53.48,53.87,2800,42.79
2006-08-01,53.20,53.20,53.05,53.05,800,42.13
2006-07-31,53.30,53.44,53.30,53.34,2200,42.36
2006-07-28,53.24,53.67,53.24,53.65,10400,42.61
2006-07-27,53.30,53.41,52.70,52.70,4400,41.86
2006-07-26,52.20,52.83,52.15,52.83,2100,41.96
2006-07-25,52.35,52.39,52.07,52.39,3600,41.61
2006-07-24,51.88,52.56,51.88,52.56,10200,41.75
2006-07-21,51.71,51.71,51.50,51.54,2200,40.94
2006-07-20,51.85,51.85,51.59,51.59,14900,40.97
2006-07-19,50.21,51.68,50.21,51.68,7300,41.05
2006-07-18,50.55,50.55,50.35,50.35,1800,39.99
2006-07-17,50.20,50.20,50.15,50.15,1300,39.83
2006-07-14,51.19,51.19,50.97,51.08,1400,40.57
2006-07-13,51.61,51.61,51.32,51.32,1400,40.76
2006-07-12,52.50,52.50,52.00,52.10,2800,41.38
2006-07-11,52.50,52.87,52.30,52.87,3900,41.99
2006-07-10,52.65,52.65,52.64,52.64,6000,41.81
2006-07-07,52.90,52.94,52.85,52.85,3100,41.98
2006-07-06,52.53,52.55,52.53,52.55,2700,41.74
2006-07-05,52.38,52.40,52.15,52.40,2800,41.62
2006-07-03,52.56,52.69,52.49,52.69,7800,41.85
2006-06-30,52.48,52.55,52.48,52.55,2400,41.74
2006-06-29,50.75,51.00,50.75,51.00,700,40.51
2006-06-28,50.35,50.40,50.20,50.40,700,40.03
2006-06-27,50.50,50.50,50.40,50.40,400,40.03
2006-06-26,50.34,50.52,50.34,50.52,200,40.12
2006-06-23,50.05,50.24,50.05,50.24,1100,39.90
2006-06-22,50.45,50.50,50.39,50.41,1500,40.04
2006-06-21,50.15,50.70,50.15,50.70,1000,40.27
2006-06-20,50.21,50.21,50.05,50.05,200,39.75
2006-06-19,50.13,50.13,49.74,49.81,1100,39.56
2006-06-16,50.20,50.28,50.03,50.20,9700,39.87