2011-05-10,53.81,54.35,53.81,54.28,761000,54.28
2011-05-09,53.46,53.77,53.35,53.73,555100,53.73
2011-05-06,53.42,53.83,53.23,53.42,391700,53.42
2011-05-05,53.29,53.50,52.94,53.11,785900,53.11
2011-05-04,53.72,53.72,53.27,53.39,627000,53.39
2011-05-03,53.56,53.81,53.44,53.66,511900,53.66
2011-05-02,53.82,53.97,53.57,53.65,1073200,53.65
2011-04-29,53.65,53.70,53.51,53.66,448000,53.66
2011-04-28,53.33,53.67,53.33,53.60,476700,53.60
2011-04-27,53.15,53.44,53.08,53.38,515500,53.38
2011-04-26,52.66,53.06,52.56,53.01,473200,53.01
2011-04-25,52.45,52.49,52.24,52.44,327300,52.44
2011-04-21,52.57,52.57,52.29,52.47,446700,52.47
2011-04-20,52.26,52.46,52.21,52.39,575600,52.39
2011-04-19,51.66,51.80,51.51,51.72,380500,51.72
2011-04-18,51.80,51.80,51.38,51.62,626000,51.62
2011-04-15,51.97,52.32,51.92,52.21,346700,52.21
2011-04-14,51.40,51.91,51.29,51.85,636300,51.85
2011-04-13,51.96,51.96,51.55,51.63,424600,51.63
2011-04-12,51.83,52.02,51.63,51.73,2735000,51.73
2011-04-11,52.33,52.37,51.95,52.05,364700,52.05
2011-04-08,52.70,52.70,52.00,52.23,388200,52.23
2011-04-07,52.70,52.71,52.32,52.49,555800,52.49
2011-04-06,52.72,52.75,52.57,52.74,497800,52.74
2011-04-05,52.40,52.70,52.38,52.47,469800,52.47
2011-04-04,52.64,52.64,52.37,52.51,736000,52.51
2011-04-01,52.43,52.61,52.34,52.47,626100,52.47
2011-03-31,52.23,52.25,52.06,52.13,444000,52.13
2011-03-30,51.92,52.23,51.82,52.17,632400,52.17
2011-03-29,51.27,51.68,51.18,51.66,507200,51.66
2011-03-28,51.45,51.63,51.29,51.29,458400,51.29
2011-03-25,51.32,51.60,51.17,51.34,1068200,51.34
2011-03-24,51.65,51.75,51.30,51.64,445000,51.17
2011-03-23,51.25,51.49,50.96,51.36,532700,50.89
2011-03-22,51.44,51.56,51.32,51.33,521100,50.86
2011-03-21,51.30,51.50,51.12,51.41,585500,50.94
2011-03-18,50.55,50.92,50.50,50.65,793400,50.19
2011-03-17,50.58,50.58,49.93,50.16,671500,49.71
2011-03-16,50.37,50.46,49.54,49.80,1599800,49.35
2011-03-15,50.02,50.76,49.93,50.51,932700,50.05
2011-03-14,51.18,51.25,50.80,51.12,986300,50.66
2011-03-11,51.26,51.61,51.11,51.48,498800,51.01
2011-03-10,51.58,51.62,51.22,51.31,1958200,50.84
2011-03-09,51.75,52.01,51.56,51.98,475500,51.51
2011-03-08,51.21,51.89,51.20,51.79,437600,51.32
2011-03-07,51.37,51.71,51.01,51.16,773500,50.70
2011-03-04,51.70,51.70,51.00,51.34,572700,50.87
2011-03-03,51.34,51.81,51.30,51.69,1143600,51.22
2011-03-02,50.66,51.06,50.66,50.92,422300,50.46
2011-03-01,51.54,51.63,50.77,50.78,747500,50.32
2011-02-28,51.14,51.50,51.08,51.38,423000,50.91
2011-02-25,50.71,51.00,50.63,50.99,406600,50.53
2011-02-24,50.55,50.76,50.22,50.56,646800,50.10
2011-02-23,50.97,51.02,50.46,50.57,685100,50.11
2011-02-22,51.14,51.43,50.88,50.98,895700,50.52
2011-02-18,51.40,51.52,51.31,51.52,629900,51.05
2011-02-17,50.98,51.39,50.97,51.36,374900,50.89
2011-02-16,51.08,51.18,50.88,51.10,541600,50.64
2011-02-15,50.97,51.05,50.85,50.96,552700,50.50
2011-02-14,51.24,51.25,50.88,51.08,1323200,50.62
2011-02-11,50.92,51.30,50.77,51.27,519900,50.81
2011-02-10,50.79,50.99,50.73,50.92,421000,50.46
2011-02-09,50.89,51.01,50.77,51.01,622500,50.55
2011-02-08,50.77,51.00,50.65,50.99,1065600,50.53
2011-02-07,50.69,50.83,50.60,50.72,626100,50.26
2011-02-04,50.59,50.66,50.34,50.55,352000,50.09
2011-02-03,50.42,50.63,50.18,50.55,482400,50.09
2011-02-02,50.49,50.60,50.38,50.41,715100,49.95
2011-02-01,50.28,50.61,50.18,50.55,931900,50.09
2011-01-31,49.85,50.16,49.81,49.98,712300,49.53
2011-01-28,50.54,50.61,49.70,49.75,1080700,49.30
2011-01-27,50.35,50.56,50.22,50.51,517900,50.05
2011-01-26,50.33,50.51,50.19,50.30,1512800,49.84
2011-01-25,50.04,50.24,49.90,50.24,783000,49.78
2011-01-24,49.72,50.25,49.72,50.14,608200,49.69
2011-01-21,50.05,50.14,49.78,49.83,829100,49.38
2011-01-20,49.80,50.00,49.72,49.87,743100,49.42
2011-01-19,50.34,50.35,49.84,49.93,827300,49.48
2011-01-18,50.30,50.30,50.02,50.28,890200,49.82
2011-01-14,49.79,50.17,49.77,50.16,634100,49.71
2011-01-13,50.05,50.11,49.80,49.90,722900,49.45
2011-01-12,50.06,50.19,49.93,50.05,842900,49.60
2011-01-11,49.94,49.94,49.63,49.77,637000,49.32
2011-01-10,49.60,49.79,49.31,49.74,746400,49.29
2011-01-07,50.17,50.17,49.50,49.69,776700,49.24
2011-01-06,50.15,50.16,49.80,49.96,618000,49.51
2011-01-05,49.90,50.18,49.88,50.10,647400,49.65
2011-01-04,50.31,50.31,49.83,50.04,850400,49.59
2011-01-03,50.18,50.32,50.02,50.21,538300,49.75
2010-12-31,49.97,50.09,49.82,49.86,271800,49.41
2010-12-30,50.06,50.12,49.95,50.00,404700,49.55
2010-12-29,50.21,50.21,50.05,50.08,554600,49.63
2010-12-28,50.18,50.19,49.85,50.08,464600,49.63
2010-12-27,49.90,50.07,49.82,50.03,527600,49.58
2010-12-23,50.12,50.12,49.93,50.01,665700,49.56
2010-12-22,49.92,50.10,49.80,50.05,779400,49.60
2010-12-21,50.26,50.27,50.13,50.22,810300,49.33
2010-12-20,50.22,50.23,49.95,50.10,699300,49.21
2010-12-17,49.91,50.06,49.80,50.02,719800,49.14
2010-12-16,49.75,50.08,49.65,50.08,619500,49.20
2010-12-15,49.88,50.04,49.67,49.72,692600,48.84
2010-12-14,49.86,50.09,49.82,49.95,705100,49.07
2010-12-13,49.89,49.89,49.71,49.76,781600,48.88
2010-12-10,49.45,49.67,49.39,49.62,919000,48.74
2010-12-09,49.40,49.45,49.14,49.33,1993600,48.46
2010-12-08,49.20,49.30,49.00,49.18,852200,48.31
2010-12-07,49.34,49.46,49.08,49.14,843100,48.27
2010-12-06,49.06,49.12,48.95,49.02,619300,48.15
2010-12-03,48.91,49.12,48.75,49.07,557100,48.20
2010-12-02,48.73,49.03,48.65,49.03,602100,48.16
2010-12-01,48.28,48.68,48.21,48.64,546400,47.78
2010-11-30,47.77,47.97,47.59,47.76,576200,46.92
2010-11-29,48.00,48.13,47.50,48.03,705700,47.18
2010-11-26,48.20,48.39,48.05,48.18,241000,47.33
2010-11-24,48.16,48.43,48.05,48.43,517300,47.57
2010-11-23,47.81,48.00,47.61,47.85,650200,47.00
2010-11-22,48.05,48.35,47.81,48.33,632700,47.48
2010-11-19,48.23,48.26,47.92,48.25,332800,47.40
2010-11-18,47.99,48.36,47.99,48.26,589100,47.41
2010-11-17,47.72,47.84,47.54,47.72,608700,46.88
2010-11-16,48.10,48.10,47.40,47.65,677900,46.81
2010-11-15,48.39,48.66,48.26,48.32,459600,47.47
2010-11-12,48.45,48.51,48.05,48.17,939000,47.32
2010-11-11,48.50,48.73,48.40,48.67,838000,47.81
2010-11-10,48.57,48.74,48.29,48.72,599700,47.86
2010-11-09,49.18,49.20,48.51,48.69,470500,47.83
2010-11-08,49.19,49.19,48.81,49.05,613900,48.18
2010-11-05,49.26,49.34,49.10,49.29,711900,48.42
2010-11-04,48.82,49.25,48.82,49.24,1364200,48.37
2010-11-03,48.42,48.53,47.95,48.46,1129900,47.60
2010-11-02,48.25,48.45,48.14,48.39,742000,47.54
2010-11-01,48.35,48.56,47.63,47.92,604000,47.07
2010-10-29,47.99,48.14,47.84,48.08,309500,47.23
2010-10-28,48.22,48.29,47.83,48.04,1202600,47.19
2010-10-27,47.96,48.05,47.53,47.98,517200,47.13
2010-10-26,48.22,48.39,48.07,48.23,434300,47.38
2010-10-25,48.64,48.86,48.36,48.43,651200,47.57
2010-10-22,48.44,48.47,48.22,48.36,472300,47.51
2010-10-21,48.64,48.84,48.08,48.39,630500,47.54
2010-10-20,48.11,48.63,48.04,48.40,529900,47.54
2010-10-19,48.16,48.44,47.74,47.97,568800,47.12
2010-10-18,48.17,48.50,48.07,48.48,1008400,47.62
2010-10-15,48.43,48.49,47.98,48.18,489300,47.33
2010-10-14,48.24,48.39,47.90,48.18,686800,47.33
2010-10-13,47.98,48.42,47.96,48.24,581700,47.39
2010-10-12,47.71,47.96,47.47,47.84,485300,46.99
2010-10-11,47.86,47.93,47.70,47.83,396900,46.99
2010-10-08,47.60,47.92,47.42,47.79,360300,46.95
2010-10-07,47.80,47.82,47.33,47.51,314900,46.67
2010-10-06,47.68,47.72,47.47,47.60,951400,46.76
2010-10-05,47.11,47.67,47.10,47.60,592300,46.76
2010-10-04,47.05,47.20,46.60,46.78,739800,45.95
2010-10-01,47.09,47.23,46.80,47.07,863200,46.24
2010-09-30,47.12,47.43,46.67,46.84,1243500,46.01
2010-09-29,46.89,47.09,46.69,46.90,1053200,46.07
2010-09-28,46.80,47.05,46.25,46.98,1148000,46.15
2010-09-27,46.86,46.98,46.59,46.70,1447000,45.88
2010-09-24,46.42,46.81,46.26,46.79,773200,45.96
2010-09-23,45.97,46.38,45.82,45.89,538600,45.08
2010-09-22,46.77,47.11,46.64,46.78,596500,45.54
2010-09-21,47.07,47.17,46.70,46.86,1180700,45.62
2010-09-20,46.52,47.05,46.30,47.02,698200,45.77
2010-09-17,46.43,46.54,46.12,46.30,470700,45.07
2010-09-16,46.30,46.35,46.05,46.27,373800,45.04
2010-09-15,46.29,46.46,46.00,46.38,1587000,45.15
2010-09-14,46.41,46.56,46.15,46.37,751900,45.14
2010-09-13,46.50,46.53,46.31,46.46,725900,45.23
2010-09-10,46.00,46.18,45.87,46.05,493600,44.83
2010-09-09,46.14,46.14,45.76,45.90,1271300,44.68
2010-09-08,45.64,45.88,45.58,45.66,465800,44.45
2010-09-07,45.84,45.85,45.48,45.53,2088000,44.32
2010-09-03,45.96,45.99,45.66,45.97,849900,44.75
2010-09-02,45.40,45.57,45.25,45.49,653900,44.28
2010-09-01,44.66,45.33,44.54,45.31,656700,44.11
2010-08-31,43.81,44.33,43.67,44.11,466300,42.94
2010-08-30,44.61,44.69,43.98,43.98,382700,42.81
2010-08-27,44.21,44.72,43.69,44.69,492600,43.50
2010-08-26,44.32,44.39,43.84,43.96,1235600,42.79
2010-08-25,43.64,44.24,43.37,44.14,797000,42.97
2010-08-24,43.77,44.21,43.50,43.95,679900,42.78
2010-08-23,44.52,44.81,44.23,44.25,383300,43.08
2010-08-20,44.45,44.45,43.97,44.27,549300,43.10
2010-08-19,45.09,45.09,44.26,44.49,587000,43.31
2010-08-18,45.14,45.41,44.90,45.25,1585900,44.05
2010-08-17,45.06,45.48,44.82,45.24,583600,44.04
2010-08-16,44.31,44.71,44.10,44.62,597500,43.44
2010-08-13,44.55,44.89,44.48,44.60,335100,43.42
2010-08-12,44.36,44.79,44.21,44.65,588400,43.47
2010-08-11,45.50,45.52,44.87,44.90,594000,43.71
2010-08-10,45.92,46.42,45.73,46.17,352900,44.95
2010-08-09,46.25,46.34,46.08,46.31,407100,45.08
2010-08-06,45.60,45.99,45.32,45.97,391500,44.75
2010-08-05,45.98,46.07,45.81,46.06,460400,44.84
2010-08-04,46.12,46.19,45.91,46.16,409300,44.94
2010-08-03,46.17,46.35,45.91,46.04,547700,44.82
2010-08-02,46.18,46.30,45.90,46.24,713700,45.01
2010-07-30,45.16,45.72,45.01,45.52,260700,44.31
2010-07-29,46.17,46.30,45.25,45.61,747500,44.40
2010-07-28,46.25,46.29,45.77,45.89,592300,44.67
2010-07-27,46.46,46.46,46.09,46.28,1473200,45.05
2010-07-26,45.67,46.09,45.54,46.09,729300,44.87
2010-07-23,45.10,45.58,44.94,45.53,625700,44.32
2010-07-22,44.75,45.22,44.63,45.15,438600,43.95
2010-07-21,44.88,44.88,43.99,44.18,531600,43.01
2010-07-20,43.57,44.62,43.50,44.61,226500,43.43
2010-07-19,44.05,44.18,43.59,44.11,385500,42.94
2010-07-16,44.66,44.72,43.75,43.82,375300,42.66
2010-07-15,44.79,44.99,44.34,44.92,231400,43.73
2010-07-14,44.82,44.94,44.54,44.86,296300,43.67
2010-07-13,44.70,45.09,44.63,44.93,412500,43.74
2010-07-12,44.14,44.40,44.00,44.27,267200,43.10
2010-07-09,44.04,44.38,43.98,44.37,298700,43.19
2010-07-08,43.92,44.08,43.63,44.05,893200,42.88
2010-07-07,42.25,43.49,42.25,43.46,561600,42.31
2010-07-06,42.48,42.80,41.90,42.24,541900,41.12
2010-07-02,42.38,42.58,41.91,42.09,586100,40.97
2010-07-01,42.40,42.49,41.65,42.30,751400,41.18
2010-06-30,42.68,43.16,42.32,42.43,509200,41.30
2010-06-29,43.54,43.56,42.63,42.82,522100,41.68
2010-06-28,43.95,44.18,43.57,43.95,234900,42.78
2010-06-25,43.73,44.00,43.35,43.84,248700,42.68
2010-06-24,43.93,44.09,43.52,43.59,413000,42.43
2010-06-23,44.74,44.84,44.25,44.52,303300,42.93
2010-06-22,45.62,45.80,44.73,44.84,1190500,43.23
2010-06-21,46.18,46.33,45.36,45.59,467000,43.96
2010-06-18,45.80,45.88,45.59,45.77,261200,44.13
2010-06-17,45.70,45.75,45.22,45.73,275000,44.09
2010-06-16,45.35,45.79,45.24,45.62,304700,43.99
2010-06-15,44.74,45.54,44.73,45.48,421700,43.85
2010-06-14,44.76,45.07,44.52,44.60,245100,43.00
2010-06-11,44.03,44.50,43.88,44.50,253100,42.91
2010-06-10,43.66,44.33,43.66,44.33,361000,42.74
2010-06-09,43.33,43.75,42.98,43.11,363300,41.57
2010-06-08,42.75,43.27,42.50,43.18,439900,41.63
2010-06-07,43.03,43.40,42.70,42.73,329800,41.20
2010-06-04,44.25,44.25,42.88,42.99,747500,41.45
2010-06-03,44.38,44.69,44.26,44.61,716300,43.01
2010-06-02,43.49,44.42,43.40,44.42,799100,42.83
2010-06-01,43.78,44.37,43.33,43.35,440500,41.80
2010-05-28,44.75,44.82,44.05,44.19,439100,42.61
2010-05-27,43.88,44.69,43.82,44.67,408200,43.07
2010-05-26,43.59,44.07,43.25,43.33,679600,41.78
2010-05-25,42.64,43.44,42.15,43.44,803300,41.88
2010-05-24,43.91,44.17,43.53,43.60,456400,42.04
2010-05-21,43.20,44.02,42.80,43.93,811900,42.36
2010-05-20,44.60,44.72,43.69,43.70,1040900,42.13
2010-05-19,45.52,45.74,44.85,45.34,573200,43.72
2010-05-18,46.45,46.75,45.66,45.72,539400,44.08
2010-05-17,46.16,46.37,45.44,46.25,736200,44.59
2010-05-14,46.50,46.58,45.78,46.09,501200,44.44
2010-05-13,47.04,47.27,46.69,46.78,792200,45.10
2010-05-12,46.70,47.14,46.52,47.11,466600,45.42
2010-05-11,46.18,47.01,46.00,46.46,568500,44.80
2010-05-10,46.26,46.60,45.89,46.40,687300,44.74
2010-05-07,44.93,45.40,44.12,44.57,1214100,42.97
2010-05-06,46.50,46.95,19.00,45.21,2020000,43.59
2010-05-05,46.75,46.98,46.47,46.65,947700,44.98
2010-05-04,47.61,47.61,46.77,47.01,715500,45.33
2010-05-03,47.57,48.14,47.57,48.09,385400,46.37
2010-04-30,47.99,48.17,47.45,47.48,273900,45.78
2010-04-29,47.64,47.99,47.54,47.91,314800,46.19
2010-04-28,47.23,47.52,47.10,47.33,234000,45.63
2010-04-27,47.91,48.10,46.99,47.07,396700,45.38
2010-04-26,48.40,48.50,48.06,48.09,1583700,46.37
2010-04-23,48.01,48.32,47.85,48.32,260200,46.59
2010-04-22,47.60,48.05,47.42,48.03,370800,46.31
2010-04-21,47.64,47.86,47.61,47.86,240900,46.15
2010-04-20,47.39,47.69,47.32,47.68,232900,45.97
2010-04-19,47.00,47.24,46.73,47.21,269000,45.52
2010-04-16,47.51,47.60,46.89,47.07,383600,45.38
2010-04-15,47.38,47.67,47.34,47.62,288100,45.91
2010-04-14,47.19,47.49,47.06,47.47,364100,45.77
2010-04-13,47.14,47.16,46.80,47.13,287400,45.44
2010-04-12,47.12,47.22,47.08,47.17,253700,45.48
2010-04-09,46.89,47.08,46.64,47.07,236200,45.38
2010-04-08,46.67,46.85,46.52,46.80,453700,45.12
2010-04-07,46.99,47.05,46.63,46.85,376400,45.17
2010-04-06,46.69,47.11,46.65,47.09,747700,45.40
2010-04-05,46.64,46.85,46.46,46.85,228900,45.17
2010-04-01,46.10,46.51,46.10,46.46,350500,44.80
2010-03-31,46.12,46.29,45.94,46.02,356800,44.37
2010-03-30,46.23,46.37,46.07,46.22,300200,44.56
2010-03-29,46.01,46.22,45.95,46.16,247600,44.51
2010-03-26,45.87,46.06,45.69,45.84,335900,44.20
2010-03-25,46.23,46.31,45.77,45.81,496100,44.17
2010-03-24,46.61,46.66,46.37,46.42,412400,44.35
2010-03-23,46.43,46.81,46.38,46.81,427500,44.72
2010-03-22,45.99,46.48,45.52,46.48,433600,44.41
2010-03-19,46.41,46.60,46.02,46.24,247600,44.18
2010-03-18,46.51,46.55,46.33,46.41,346900,44.34
2010-03-17,46.31,46.54,46.22,46.46,445100,44.39
2010-03-16,45.95,46.21,45.80,46.17,547000,44.11
2010-03-15,45.68,45.89,45.60,45.85,275200,43.81
2010-03-12,45.84,45.89,45.56,45.72,330900,43.68
2010-03-11,45.49,45.71,45.22,45.71,491100,43.67
2010-03-10,45.33,45.53,45.23,45.52,474100,43.49
2010-03-09,45.21,45.45,45.21,45.35,499600,43.33
2010-03-08,45.40,45.46,45.29,45.37,503000,43.35
2010-03-05,45.04,45.36,44.93,45.36,430900,43.34
2010-03-04,44.83,44.89,44.61,44.83,291600,42.83
2010-03-03,44.79,45.04,44.66,44.75,366600,42.76
2010-03-02,44.65,44.88,44.62,44.73,644800,42.74
2010-03-01,44.15,44.55,44.09,44.53,243700,42.55
2010-02-26,44.25,44.25,43.89,44.00,275700,42.04
2010-02-25,43.83,44.28,43.68,44.26,425700,42.29
2010-02-24,44.21,44.41,44.02,44.37,304100,42.39
2010-02-23,44.45,44.56,44.07,44.12,343900,42.15
2010-02-22,44.70,44.71,44.46,44.53,368900,42.55
2010-02-19,44.15,44.59,44.12,44.48,549500,42.50
2010-02-18,43.82,44.28,43.82,44.25,433900,42.28
2010-02-17,43.80,43.89,43.60,43.80,360000,41.85
2010-02-16,43.06,43.64,43.06,43.59,336000,41.65
2010-02-12,42.54,42.87,42.34,42.87,361100,40.96
2010-02-11,42.33,42.87,42.08,42.84,336700,40.93
2010-02-10,42.53,42.57,42.08,42.43,257600,40.54
2010-02-09,42.28,42.84,42.17,42.56,722300,40.66
2010-02-08,42.34,42.53,42.02,42.05,359400,40.18
2010-02-05,42.21,42.41,41.64,42.35,779500,40.46
2010-02-04,43.08,43.12,42.28,42.34,563800,40.45
2010-02-03,43.51,43.53,43.19,43.35,315800,41.42
2010-02-02,43.28,43.68,43.03,43.59,426700,41.65
2010-02-01,42.89,43.21,42.80,43.21,360500,41.29
2010-01-29,43.10,43.38,42.67,42.70,503000,40.80
2010-01-28,43.40,43.49,42.80,43.09,409800,41.17
2010-01-27,43.21,43.38,42.66,43.31,1061600,41.38
2010-01-26,43.24,43.60,43.13,43.29,582100,41.36
2010-01-25,43.45,43.63,43.25,43.44,405900,41.50
2010-01-22,43.85,43.98,43.22,43.28,533100,41.35
2010-01-21,44.60,44.83,43.93,44.01,815100,42.05
2010-01-20,44.80,44.86,44.25,44.67,589900,42.68
2010-01-19,44.55,45.08,44.51,45.07,675100,43.06
2010-01-15,44.88,44.95,44.27,44.58,772400,42.59
2010-01-14,44.80,45.00,44.63,44.95,1916300,42.95
2010-01-13,44.58,44.92,44.52,44.84,1304200,42.84
2010-01-12,44.46,44.60,44.30,44.51,489800,42.53
2010-01-11,44.60,44.70,44.45,44.62,418800,42.63
2010-01-08,44.31,44.46,44.14,44.46,344400,42.48
2010-01-07,44.26,44.45,44.05,44.39,378700,42.41
2010-01-06,44.20,44.37,44.18,44.34,427100,42.36
2010-01-05,44.52,44.56,44.09,44.28,452800,42.31
2010-01-04,44.21,44.56,44.13,44.47,446200,42.49
2009-12-31,44.50,44.60,43.91,43.91,389300,41.95
2009-12-30,44.53,44.63,44.38,44.50,439600,42.52
2009-12-29,44.51,44.68,44.51,44.59,587800,42.60
2009-12-28,44.53,44.60,44.32,44.46,642000,42.48
2009-12-24,44.24,44.48,44.24,44.43,307200,42.45
2009-12-23,44.25,44.28,44.04,44.23,638600,42.26
2009-12-22,44.44,44.62,44.42,44.55,553100,42.15
2009-12-21,44.22,44.57,44.20,44.44,1965500,42.05
2009-12-18,44.17,44.31,43.75,44.06,1286700,41.69
2009-12-17,44.26,44.41,43.93,44.05,464000,41.68
2009-12-16,44.53,44.75,44.40,44.57,548400,42.17
2009-12-15,44.55,44.61,44.38,44.47,378200,42.08
2009-12-14,44.53,44.72,44.38,44.66,684200,42.26
2009-12-11,44.14,44.37,43.98,44.32,522500,41.94
2009-12-10,43.73,44.15,43.73,43.93,441400,41.57
2009-12-09,43.53,43.74,43.32,43.68,559300,41.33
2009-12-08,43.80,43.95,43.39,43.65,469800,41.30
2009-12-07,43.91,44.27,43.56,44.04,534800,41.67
2009-12-04,43.87,44.31,43.49,43.91,513300,41.55
2009-12-03,43.79,44.07,43.46,43.51,379600,41.17
2009-12-02,43.40,43.91,43.40,43.74,256800,41.39
2009-12-01,43.17,43.52,43.17,43.41,416100,41.08
2009-11-30,42.71,42.91,42.46,42.88,457700,40.57
2009-11-27,42.94,43.17,42.45,42.77,274300,40.47
2009-11-25,43.38,43.61,43.26,43.55,383800,41.21
2009-11-24,43.20,43.34,42.91,43.26,430300,40.93
2009-11-23,43.00,43.60,42.86,43.18,490600,40.86
2009-11-20,42.43,42.69,42.39,42.67,470600,40.37
2009-11-19,43.01,43.10,42.43,42.65,367700,40.36
2009-11-18,43.34,43.44,43.10,43.27,303100,40.94
2009-11-17,43.19,43.43,43.13,43.37,366400,41.04
2009-11-16,42.82,43.51,42.82,43.36,417800,41.03
2009-11-13,42.50,42.87,42.27,42.69,412600,40.39
2009-11-12,42.83,43.14,42.38,42.42,541200,40.14
2009-11-11,42.82,43.18,42.68,42.88,541300,40.57
2009-11-10,42.59,42.80,42.47,42.67,332200,40.37
2009-11-09,41.90,42.65,41.90,42.65,304300,40.36
2009-11-06,41.60,42.00,41.46,41.77,410900,39.52
2009-11-05,41.23,41.84,41.20,41.82,294000,39.57
2009-11-04,41.30,41.57,40.93,40.95,344300,38.75
2009-11-03,40.68,41.11,40.56,41.02,360000,38.81
2009-11-02,40.76,41.27,40.36,40.86,910400,38.66
2009-10-30,41.54,41.64,40.61,40.70,849000,38.51
2009-10-29,41.23,41.76,41.12,41.68,656100,39.44
2009-10-28,41.71,41.86,40.99,41.04,461900,38.83
2009-10-27,41.80,42.44,41.62,41.75,320900,39.50
2009-10-26,42.16,42.74,41.71,41.77,425100,39.52
2009-10-23,42.90,42.98,42.14,42.27,268200,40.00
2009-10-22,42.31,42.97,42.09,42.89,386500,40.58
2009-10-21,42.77,43.18,42.32,42.33,309000,40.05
2009-10-20,43.13,43.13,42.26,42.78,453800,40.48
2009-10-19,42.58,43.13,42.49,43.02,442600,40.71
2009-10-16,42.36,42.68,42.22,42.54,421200,40.25
2009-10-15,42.29,43.30,42.20,42.72,1109200,40.42
2009-10-14,42.32,42.46,42.01,42.43,768000,40.15
2009-10-13,41.93,41.95,41.64,41.88,543700,39.63
2009-10-12,42.01,42.19,41.88,42.00,191800,39.74
2009-10-09,41.55,41.84,41.51,41.84,307000,39.59
2009-10-08,41.35,41.65,41.25,41.49,303600,39.26
2009-10-07,41.05,41.19,40.91,41.10,254900,38.89
2009-10-06,40.90,41.36,40.90,41.15,263200,38.94
2009-10-05,40.18,40.74,40.10,40.68,257900,38.49
2009-10-02,40.12,40.29,39.95,40.12,383100,37.96
2009-10-01,41.14,41.23,40.37,40.38,386100,38.21
2009-09-30,41.69,41.72,41.06,41.27,580000,39.05
2009-09-29,41.56,41.87,41.51,41.67,362900,39.43
2009-09-28,40.91,41.65,40.90,41.53,375100,39.30
2009-09-25,40.92,41.09,40.70,40.83,256100,38.63
2009-09-24,41.45,41.58,40.83,40.97,545000,38.77
2009-09-23,41.72,42.06,41.35,41.39,288000,39.16
2009-09-22,41.89,41.94,41.53,41.68,365300,39.44
2009-09-21,41.94,42.10,41.69,41.99,436300,39.36
2009-09-18,42.18,42.35,42.03,42.24,505500,39.59
2009-09-17,42.29,42.50,42.00,42.13,283000,39.49
2009-09-16,41.48,42.25,41.46,42.24,398400,39.59
2009-09-15,41.08,41.52,40.96,41.43,530000,38.83
2009-09-14,40.55,41.12,40.42,41.08,393000,38.50
2009-09-11,40.61,40.82,40.49,40.69,475300,38.14
2009-09-10,40.36,40.61,40.06,40.61,207800,38.06
2009-09-09,40.03,40.46,39.93,40.33,272100,37.80
2009-09-08,39.93,40.05,39.72,40.02,247200,37.51
2009-09-04,39.33,39.67,39.10,39.65,229500,37.16
2009-09-03,39.21,39.32,38.82,39.25,219400,36.79
2009-09-02,39.13,39.29,38.93,39.06,312900,36.61
2009-09-01,39.85,40.36,39.22,39.30,1116400,36.84
2009-08-31,40.08,40.24,39.87,40.06,582500,37.55
2009-08-28,40.75,40.80,40.18,40.47,295900,37.93
2009-08-27,40.54,40.67,40.03,40.56,229300,38.02
2009-08-26,40.56,40.75,40.29,40.54,352600,38.00
2009-08-25,40.51,40.95,40.51,40.56,304900,38.02
2009-08-24,40.50,40.80,40.28,40.41,324500,37.88
2009-08-21,39.72,40.56,39.72,40.53,334500,37.99
2009-08-20,39.42,39.65,39.34,39.60,252500,37.12
2009-08-19,38.70,39.49,38.70,39.39,239000,36.92
2009-08-18,38.87,39.17,38.74,39.06,253800,36.61
2009-08-17,39.23,39.23,38.71,38.83,425500,36.40
2009-08-14,39.95,40.01,39.25,39.63,310700,37.15
2009-08-13,39.84,39.96,39.53,39.96,336400,37.45
2009-08-12,39.24,40.05,39.24,39.73,476200,37.24
2009-08-11,39.50,39.58,39.10,39.27,319600,36.81
2009-08-10,39.65,39.74,39.35,39.65,1638400,37.16
2009-08-07,39.38,40.04,39.24,39.75,347100,37.26
2009-08-06,39.33,39.41,38.94,39.09,284700,36.64
2009-08-05,39.50,39.61,38.98,39.28,324800,36.82
2009-08-04,39.18,39.54,39.04,39.48,317100,37.01
2009-08-03,39.02,39.31,38.78,39.27,442000,36.81
2009-07-31,38.86,39.02,38.64,38.78,284600,36.35
2009-07-30,38.71,39.18,38.65,38.78,417200,36.35
2009-07-29,38.45,38.61,38.12,38.40,239600,35.99
2009-07-28,38.51,38.74,38.27,38.65,331400,36.23
2009-07-27,38.39,38.69,38.30,38.69,336300,36.26
2009-07-24,38.11,38.45,37.94,38.45,316100,36.04
2009-07-23,37.11,38.27,36.99,38.14,792200,35.75
2009-07-22,36.81,37.21,36.75,37.04,374400,34.72
2009-07-21,37.00,37.16,36.47,36.88,436600,34.57
2009-07-20,36.51,36.83,36.37,36.79,290200,34.48
2009-07-17,36.35,36.49,36.18,36.33,329700,34.05
2009-07-16,36.07,36.63,35.99,36.44,723700,34.16
2009-07-15,35.37,36.15,35.30,36.07,264800,33.81
2009-07-14,34.96,35.11,34.63,35.08,401300,32.88
2009-07-13,34.25,34.92,33.97,34.91,262900,32.72
2009-07-10,34.04,34.21,33.63,34.09,208200,31.95
2009-07-09,34.23,34.39,33.96,34.16,335400,32.02
2009-07-08,34.32,34.51,33.76,34.12,433700,31.98
2009-07-07,34.82,34.89,34.15,34.17,362100,32.03
2009-07-06,34.70,34.94,34.39,34.90,347200,32.71
2009-07-02,35.50,35.50,34.74,34.84,283400,32.66
2009-07-01,35.63,36.05,35.47,35.91,595600,33.66
2009-06-30,35.82,35.82,35.07,35.36,284500,33.14
2009-06-29,35.45,35.79,35.14,35.75,232600,33.51
2009-06-26,35.31,35.49,35.03,35.33,225400,33.12
2009-06-25,34.50,35.40,34.42,35.37,374300,33.15
2009-06-24,34.52,34.87,34.36,34.52,340300,32.36
2009-06-23,35.01,35.13,34.64,34.75,429900,32.20
2009-06-22,35.48,35.57,34.96,35.01,592000,32.44
2009-06-19,36.10,36.16,35.65,35.69,305600,33.07
2009-06-18,35.60,36.02,35.43,35.84,314700,33.21
2009-06-17,35.60,35.88,35.35,35.60,889500,32.99
2009-06-16,36.29,36.36,35.61,35.74,329600,33.12
2009-06-15,36.79,36.79,35.95,36.21,799400,33.55
2009-06-12,36.91,37.12,36.54,37.04,323000,34.32
2009-06-11,36.84,37.43,36.77,37.00,702900,34.28
2009-06-10,36.92,37.03,36.14,36.60,430400,33.91
2009-06-09,36.73,36.87,36.47,36.66,284200,33.97
2009-06-08,36.68,36.98,36.26,36.70,383800,34.01
2009-06-05,37.19,37.37,36.60,36.76,726000,34.06
2009-06-04,36.65,36.99,36.38,36.99,431500,34.28
2009-06-03,36.85,36.85,36.22,36.57,422600,33.89
2009-06-02,36.94,37.17,36.83,37.03,593900,34.31
2009-06-01,36.22,37.01,36.11,36.90,934800,34.19
2009-05-29,35.41,35.88,35.20,35.81,346400,33.18
2009-05-28,35.09,35.43,34.65,35.32,582100,32.73
2009-05-27,35.75,35.76,34.86,34.86,633900,32.30
2009-05-26,34.47,35.78,34.47,35.72,667300,33.10
2009-05-22,34.77,35.04,34.52,34.71,375800,32.16
2009-05-21,34.94,35.03,34.34,34.66,598300,32.12
2009-05-20,35.92,36.31,35.26,35.31,690800,32.72
2009-05-19,35.63,36.00,35.55,35.64,680900,33.02
2009-05-18,34.98,35.77,34.98,35.69,648400,33.07
2009-05-15,35.01,35.23,34.51,34.71,501200,32.16
2009-05-14,35.01,35.48,34.85,35.21,598200,32.63
2009-05-13,35.51,35.60,34.89,34.94,550400,32.38
2009-05-12,36.13,36.66,35.64,36.09,655200,33.44
2009-05-11,36.75,36.89,36.21,36.24,570900,33.58
2009-05-08,36.32,37.15,36.25,37.05,1126100,34.33
2009-05-07,36.72,36.92,35.88,36.10,564500,33.45
2009-05-06,36.29,36.56,35.97,36.43,785700,33.76
2009-05-05,36.17,36.35,35.91,36.11,514000,33.46
2009-05-04,35.33,36.39,35.29,36.33,945500,33.66
2009-05-01,34.88,35.26,34.71,35.09,462800,32.51
2009-04-30,35.38,35.62,34.83,34.91,782200,32.35
2009-04-29,34.45,35.26,34.38,34.98,470100,32.41
2009-04-28,33.94,34.57,33.82,34.06,572700,31.56
2009-04-27,33.81,34.70,33.81,34.20,488900,31.69
2009-04-24,33.76,34.70,33.76,34.45,708500,31.92
2009-04-23,33.77,33.80,33.20,33.69,549500,31.22
2009-04-22,33.49,34.37,33.31,33.67,753200,31.20
2009-04-21,32.58,33.83,32.58,33.74,1472100,31.26
2009-04-20,34.02,34.28,32.93,32.93,600400,30.51
2009-04-17,34.22,34.74,34.00,34.52,642900,31.99
2009-04-16,33.66,34.40,33.29,34.15,703700,31.64
2009-04-15,32.81,33.64,32.72,33.59,560800,31.12
2009-04-14,33.73,33.73,32.90,32.96,844800,30.54
2009-04-13,33.77,34.18,33.24,33.91,663200,31.42
2009-04-09,33.23,33.92,33.14,33.90,616700,31.41
2009-04-08,32.29,32.72,32.15,32.62,459400,30.23
2009-04-07,32.50,32.81,32.23,32.23,517600,29.86
2009-04-06,33.07,33.25,32.59,32.99,539000,30.57
2009-04-03,33.00,33.41,32.72,33.41,647800,30.96
2009-04-02,32.77,33.43,32.55,33.01,1046100,30.59
2009-04-01,31.35,32.14,30.86,32.02,599500,29.67
2009-03-31,31.28,31.95,31.04,31.31,909100,29.01
2009-03-30,31.59,31.59,30.56,30.99,844000,28.72
2009-03-27,32.38,32.52,32.02,32.08,551000,29.73
2009-03-26,32.32,32.79,31.92,32.79,1539700,30.38
2009-03-25,32.00,32.56,31.03,32.04,1902300,29.69
2009-03-24,32.59,32.74,32.04,32.04,1217400,29.28
2009-03-23,31.31,32.85,31.27,32.73,1121200,29.91
2009-03-20,31.27,31.63,30.69,30.75,1299700,28.10
2009-03-19,31.74,31.84,31.13,31.25,1488200,28.56
2009-03-18,30.29,31.78,29.97,31.44,1353400,28.73
2009-03-17,29.58,30.50,29.39,30.46,884400,27.84
2009-03-16,29.78,30.46,29.53,29.58,1252500,27.03
2009-03-13,29.38,29.55,28.95,29.40,1056900,26.87
2009-03-12,28.03,29.25,27.59,29.13,1176700,26.62
2009-03-11,28.04,28.47,27.69,27.96,901400,25.55
2009-03-10,26.37,27.98,26.37,27.91,1214600,25.51
2009-03-09,26.13,26.92,26.13,26.27,1709500,24.01
2009-03-06,26.52,27.19,25.92,26.61,1593700,24.32
2009-03-05,27.41,27.52,26.20,26.42,1349100,24.15
2009-03-04,27.69,28.46,27.38,27.98,859300,25.57
2009-03-03,28.39,28.65,27.40,27.55,1363400,25.18
2009-03-02,29.16,29.18,28.20,28.22,1562400,25.79
2009-02-27,29.47,30.32,29.39,29.64,1167800,27.09
2009-02-26,30.74,31.21,30.05,30.11,3761600,27.52
2009-02-25,30.48,31.09,29.85,30.43,988400,27.81
2009-02-24,29.76,30.80,29.35,30.68,3847500,28.04
2009-02-23,30.67,30.87,29.44,29.60,1267200,27.05
2009-02-20,30.48,30.84,29.65,30.49,1736800,27.87
2009-02-19,31.73,31.99,30.94,31.00,986000,28.33
2009-02-18,32.27,32.27,31.37,31.60,821700,28.88
2009-02-17,32.56,32.64,32.00,32.00,782800,29.25
2009-02-13,34.25,34.29,33.54,33.58,659200,30.69
2009-02-12,34.11,34.25,33.03,34.16,1440000,31.22
2009-02-11,34.19,34.60,33.88,34.33,695300,31.38
2009-02-10,35.51,35.75,33.84,33.99,912400,31.06
2009-02-09,35.88,36.09,35.47,35.72,602300,32.65
2009-02-06,34.72,36.07,34.72,35.88,823900,32.79
2009-02-05,34.18,35.15,33.84,34.78,1484100,31.79
2009-02-04,34.85,35.26,34.25,34.43,995900,31.47
2009-02-03,34.89,35.06,34.34,34.78,2749000,31.79
2009-02-02,34.47,34.99,34.20,34.74,785700,31.75
2009-01-30,36.18,36.24,34.62,34.82,888300,31.82
2009-01-29,36.97,37.06,36.00,36.12,756600,33.01
2009-01-28,37.09,37.74,37.00,37.74,654900,34.49
2009-01-27,35.76,36.32,35.49,36.14,492400,33.03
2009-01-26,35.64,36.44,35.27,35.53,975900,32.47
2009-01-23,34.64,35.84,34.43,35.61,914400,32.55
2009-01-22,35.94,36.20,34.75,35.49,1282100,32.44
2009-01-21,35.44,36.30,34.65,36.20,3619400,33.08
2009-01-20,36.87,37.01,34.85,34.92,901200,31.91
2009-01-16,37.78,37.93,36.42,37.34,780600,34.13
2009-01-15,37.50,37.80,36.05,37.19,1002800,33.99
2009-01-14,38.19,38.21,37.27,37.52,880400,34.29
2009-01-13,38.58,39.05,38.36,38.78,938800,35.44
2009-01-12,39.50,39.65,38.50,38.76,948100,35.42
2009-01-09,40.63,40.69,39.51,39.51,789600,36.11
2009-01-08,40.27,40.66,40.09,40.58,918900,37.09
2009-01-07,41.16,41.58,40.24,40.24,859600,36.78
2009-01-06,41.95,42.23,41.37,41.75,967400,38.16
2009-01-05,42.18,42.18,41.33,41.64,1213000,38.06
2009-01-02,41.41,42.38,41.00,42.03,589300,38.41
2008-12-31,40.37,41.55,40.37,41.29,1046400,37.74
2008-12-30,39.64,40.50,39.50,40.36,775100,36.89
2008-12-29,39.64,39.73,38.85,39.34,1106300,35.95
2008-12-26,39.50,39.88,39.31,39.78,705100,36.36
2008-12-24,39.49,39.53,39.05,39.41,618000,36.02
2008-12-23,40.17,40.32,38.94,39.20,867400,35.83
2008-12-22,41.22,41.22,39.64,40.31,1040500,36.33
2008-12-19,41.34,42.01,40.71,40.87,1091300,36.84
2008-12-18,41.68,42.20,40.63,41.18,909300,37.12
2008-12-17,41.61,42.30,41.36,41.72,873300,37.60
2008-12-16,40.41,42.19,40.19,42.09,907000,37.94
2008-12-15,41.08,41.08,39.17,39.93,1298200,35.99
2008-12-12,38.93,40.94,38.81,40.85,985300,36.82
2008-12-11,41.49,41.83,39.66,39.98,1164900,36.04
2008-12-10,41.61,42.17,41.00,41.80,1648400,37.68
2008-12-09,42.57,43.17,41.25,41.43,883300,37.34
2008-12-08,42.73,43.25,42.06,42.88,1313700,38.65
2008-12-05,39.59,41.84,38.67,41.79,930200,37.67
2008-12-04,40.77,41.76,39.35,40.16,1102400,36.20
2008-12-03,39.21,41.20,38.85,40.98,1012500,36.94
2008-12-02,38.71,39.87,38.09,39.77,848200,35.85
2008-12-01,41.91,42.24,37.94,38.03,1063700,34.28
2008-11-28,42.00,42.94,41.87,42.94,355300,38.70
2008-11-26,40.43,42.25,40.12,42.23,998400,38.06
2008-11-25,41.25,41.36,39.46,41.12,1070900,37.06
2008-11-24,38.31,40.98,37.74,40.08,1430800,36.13
2008-11-21,36.51,37.60,34.41,37.54,2137200,33.84
2008-11-20,38.00,39.08,35.56,35.88,1540400,32.34
2008-11-19,41.01,41.50,38.47,38.50,660700,34.70
2008-11-18,40.97,42.14,39.69,41.18,1389400,37.12
2008-11-17,41.75,42.66,41.08,41.28,703600,37.21
2008-11-14,43.78,44.11,41.89,42.20,708200,38.04
2008-11-13,41.11,44.21,39.55,44.18,1512500,39.82
2008-11-12,42.68,42.92,40.98,41.13,700700,37.07
2008-11-11,43.22,44.24,42.65,43.38,519400,39.10
2008-11-10,45.79,45.79,43.34,43.91,582200,39.58
2008-11-07,44.01,44.88,43.70,44.79,646500,40.37
2008-11-06,46.09,46.32,43.83,43.90,952000,39.57
2008-11-05,48.56,48.56,45.84,45.90,1102600,41.37
2008-11-04,48.57,49.00,47.93,48.72,862800,43.91
2008-11-03,47.15,47.69,46.67,47.47,514800,42.79
2008-10-31,45.58,47.33,45.54,47.14,525900,42.49
2008-10-30,46.62,46.62,44.64,46.04,812300,41.50
2008-10-29,45.00,46.69,44.44,44.81,823400,40.39
2008-10-28,42.16,45.15,40.57,45.12,941700,40.67
2008-10-27,40.73,42.81,40.50,41.01,612200,36.96
2008-10-24,40.04,42.96,40.00,41.96,1003600,37.82
2008-10-23,43.61,44.24,41.01,43.25,1390500,38.98
2008-10-22,44.94,45.11,42.40,43.48,1253200,39.19
2008-10-21,46.69,47.08,45.59,45.59,912900,41.09
2008-10-20,45.65,46.89,45.08,46.77,776900,42.16
2008-10-17,45.05,47.30,44.50,45.25,997300,40.79
2008-10-16,45.01,46.09,42.03,46.00,1498000,41.46
2008-10-15,46.53,46.99,44.08,44.16,727200,39.80
2008-10-14,48.61,50.00,45.91,47.51,1475100,42.82
2008-10-13,46.30,46.42,43.40,45.92,1439700,41.39
2008-10-10,38.40,43.87,38.35,42.66,2199300,38.45
2008-10-09,46.50,46.74,41.28,41.33,2165600,37.25
2008-10-08,46.72,48.33,45.54,45.93,1873700,41.40
2008-10-07,50.68,51.01,47.50,47.50,949700,42.81
2008-10-06,51.84,51.88,48.43,51.00,1545500,45.97
2008-10-03,54.27,55.88,52.84,52.84,1167000,47.63
2008-10-02,55.42,55.42,53.67,53.67,865800,48.37
2008-10-01,53.44,55.60,53.04,55.55,964800,50.07
2008-09-30,52.50,53.74,51.81,53.24,1138900,47.99
2008-09-29,55.31,56.49,51.66,52.15,804300,47.00
2008-09-26,54.81,56.81,54.28,56.81,465400,51.20
2008-09-25,55.00,56.62,54.64,55.89,530400,50.38
2008-09-24,56.14,56.15,55.04,55.04,628900,49.61
2008-09-23,56.96,57.82,55.85,56.00,1103600,49.98
2008-09-22,60.04,60.18,57.09,57.32,1071200,51.15
2008-09-19,62.50,64.64,53.10,61.00,1271200,54.44
2008-09-18,53.77,58.15,52.30,57.66,1367100,51.46
2008-09-17,54.64,55.22,52.87,53.50,1058300,47.74
2008-09-16,53.19,55.63,52.62,55.53,1253600,49.56
2008-09-15,54.07,55.96,53.85,54.05,791500,48.23
2008-09-12,54.81,56.34,54.64,55.91,881700,49.89
2008-09-11,53.73,55.38,53.18,55.32,910600,49.37
2008-09-10,54.90,55.12,53.49,54.47,833100,48.61
2008-09-09,56.00,56.67,54.51,54.51,1020200,48.65
2008-09-08,55.33,56.99,55.13,56.40,965100,50.33
2008-09-05,52.93,54.20,52.25,54.05,591700,48.23
2008-09-04,54.19,54.38,53.05,53.13,641000,47.41
2008-09-03,53.87,54.64,53.58,54.61,820300,48.73
2008-09-02,53.35,54.75,53.35,53.83,587800,48.04
2008-08-29,53.40,53.67,53.07,53.24,289500,47.51
2008-08-28,52.33,53.49,52.29,53.44,330300,47.69
2008-08-27,51.43,52.38,51.42,52.12,282300,46.51
2008-08-26,51.28,51.77,50.96,51.51,524600,45.97
2008-08-25,52.24,52.34,51.22,51.40,308000,45.87
2008-08-22,51.84,52.52,51.59,52.52,448600,46.87
2008-08-21,51.40,51.70,50.95,51.43,277900,45.90
2008-08-20,51.62,51.84,50.75,51.68,427500,46.12
2008-08-19,52.40,52.40,51.27,51.66,603400,46.10
2008-08-18,53.57,53.57,52.34,52.46,405100,46.82
2008-08-15,53.01,53.98,52.95,53.43,596800,47.68
2008-08-14,51.73,53.04,51.73,52.83,1977600,47.15
2008-08-13,52.78,53.20,51.62,52.15,1115600,46.54
2008-08-12,54.24,54.59,52.84,53.12,698900,47.40
2008-08-11,53.00,54.90,53.00,54.43,648500,48.57
2008-08-08,51.31,53.40,51.31,53.19,650900,47.47
2008-08-07,52.52,53.00,51.34,51.58,541800,46.03
2008-08-06,52.77,53.18,52.24,53.03,1032300,47.32
2008-08-05,51.46,52.92,51.46,52.77,995600,47.09
2008-08-04,51.40,51.81,50.65,51.54,408800,45.99
2008-08-01,51.25,51.78,50.77,51.57,658000,46.02
2008-07-31,51.34,52.02,51.15,51.31,858400,45.79
2008-07-30,51.50,52.37,50.94,51.91,890300,46.33
2008-07-29,49.47,51.21,49.28,51.17,1079900,45.66
2008-07-28,49.68,50.47,49.00,49.47,587200,44.15
2008-07-25,50.61,51.05,49.73,50.04,874200,44.66
2008-07-24,52.58,52.58,50.35,50.57,1358100,45.13
2008-07-23,52.32,53.38,51.75,52.47,1125400,46.82
2008-07-22,49.55,52.14,49.01,52.03,786800,46.43
2008-07-21,50.31,50.94,50.03,50.15,767900,44.75
2008-07-18,50.23,50.54,49.46,50.16,880400,44.76
2008-07-17,48.29,50.01,48.04,49.96,1621500,44.58
2008-07-16,45.11,47.68,45.10,47.46,941600,42.35
2008-07-15,45.14,46.24,44.12,44.94,1935700,40.11
2008-07-14,47.95,48.22,45.74,45.74,1066800,40.82
2008-07-11,47.36,48.33,46.80,47.62,624500,42.50
2008-07-10,47.85,48.51,47.51,48.03,1143100,42.86
2008-07-09,49.14,49.64,47.94,47.94,675300,42.78
2008-07-08,47.25,49.24,47.05,49.17,1527700,43.88
2008-07-07,48.41,48.74,46.74,47.31,917000,42.22
2008-07-03,48.96,49.36,48.15,48.22,457300,43.03
2008-07-02,49.71,50.50,48.77,48.77,888300,43.52
2008-07-01,48.63,49.81,48.53,49.78,1391200,44.42
2008-06-30,49.67,49.79,49.12,49.25,791500,43.95
2008-06-27,50.15,50.54,49.53,49.70,733800,44.35
2008-06-26,50.95,51.08,50.19,50.19,746900,44.79
2008-06-25,51.27,52.59,51.27,51.58,927900,46.03
2008-06-24,51.38,52.47,51.18,51.92,902500,45.77
2008-06-23,52.40,52.69,51.70,51.71,713500,45.59
2008-06-20,52.26,53.09,52.05,52.32,1104100,46.12
2008-06-19,52.68,52.96,52.07,52.80,929200,46.55
2008-06-18,53.40,53.40,52.57,52.78,827300,46.53
2008-06-17,54.86,54.98,53.71,53.79,410900,47.42
2008-06-16,54.03,54.93,54.02,54.62,520000,48.15
2008-06-13,54.40,54.58,53.62,54.41,537200,47.97
2008-06-12,54.21,55.15,53.83,54.19,516100,47.77
2008-06-11,55.27,55.54,53.90,54.26,570000,47.83
2008-06-10,54.90,55.92,54.85,55.60,690200,49.02
2008-06-09,56.01,56.29,55.02,55.39,771300,48.83
2008-06-06,57.51,57.59,55.94,55.97,656300,49.34
2008-06-05,57.38,58.00,57.34,57.97,502500,51.10
2008-06-04,57.16,57.89,57.05,57.30,718300,50.51
2008-06-03,57.80,57.93,56.84,57.30,855900,50.51
2008-06-02,58.18,58.25,57.34,57.68,834600,50.85
2008-05-30,58.83,58.91,58.20,58.25,722900,51.35
2008-05-29,57.97,59.06,57.97,58.83,686800,51.86
2008-05-28,58.58,58.76,57.60,58.09,637400,51.21
2008-05-27,58.10,58.70,58.00,58.49,465700,51.56
2008-05-23,58.99,59.06,58.14,58.22,924500,51.32
2008-05-22,58.58,59.47,58.58,59.15,1235600,52.14
2008-05-21,59.54,59.88,58.50,58.64,583200,51.70
2008-05-20,59.91,60.04,59.36,59.62,421800,52.56
2008-05-19,60.20,60.81,60.05,60.12,313400,53.00
2008-05-16,60.77,60.90,59.85,60.20,414400,53.07
2008-05-15,60.36,60.80,59.99,60.77,497200,53.57
2008-05-14,60.20,60.59,60.01,60.11,422300,52.99
2008-05-13,60.26,60.35,59.70,59.98,372500,52.88
2008-05-12,59.23,60.23,59.23,60.23,279500,53.10
2008-05-09,59.05,59.78,59.00,59.19,295500,52.18
2008-05-08,59.91,59.98,59.19,59.57,521900,52.51
2008-05-07,61.15,61.20,59.64,59.80,442700,52.72
2008-05-06,60.33,61.19,59.94,60.97,554900,53.75
2008-05-05,61.00,61.16,60.50,60.85,408800,53.64
2008-05-02,61.79,62.11,60.95,61.15,1407200,53.91
2008-05-01,59.36,61.41,59.36,61.16,1496800,53.92
2008-04-30,59.75,60.47,59.29,59.37,549300,52.34
2008-04-29,60.15,60.28,59.67,59.79,369100,52.71
2008-04-28,60.09,60.59,59.84,60.18,408600,53.05
2008-04-25,59.81,60.28,59.11,60.09,559900,52.97
2008-04-24,58.42,59.88,58.18,59.41,1189300,52.37
2008-04-23,58.81,58.86,57.92,58.18,681500,51.29
2008-04-22,58.83,58.94,58.36,58.58,687700,51.64
2008-04-21,59.90,59.99,58.91,59.17,706200,52.16
2008-04-18,60.64,60.90,60.00,60.17,478400,53.04
2008-04-17,59.07,59.77,58.62,59.56,587300,52.51
2008-04-16,58.02,59.31,58.00,59.18,456300,52.17
2008-04-15,57.39,57.85,57.26,57.76,420700,50.92
2008-04-14,58.08,58.20,56.96,56.97,611900,50.22
2008-04-11,58.66,59.12,58.17,58.17,403500,51.28
2008-04-10,58.81,59.52,58.41,58.95,519400,51.97
2008-04-09,59.97,60.00,58.79,58.87,462400,51.90
2008-04-08,59.94,60.14,59.52,59.78,418300,52.70
2008-04-07,60.66,60.99,60.07,60.25,766700,53.11
2008-04-04,60.66,60.66,59.75,59.94,782900,52.84
2008-04-03,60.32,60.77,59.89,60.48,727800,53.32
2008-04-02,60.74,61.33,60.28,60.47,822400,53.31
2008-04-01,58.32,60.54,58.16,60.54,839000,53.37
2008-03-31,57.63,58.54,57.36,57.87,1077600,51.02
2008-03-28,58.74,58.86,57.58,57.67,733700,50.84
2008-03-27,59.31,59.70,58.53,58.57,580200,51.63
2008-03-26,60.25,60.27,59.03,59.30,597600,52.28
2008-03-25,60.53,60.73,59.80,60.46,1159700,53.30
2008-03-24,60.58,61.85,60.55,61.05,991200,53.82
2008-03-20,58.50,60.50,58.50,60.45,924300,53.29
2008-03-19,59.50,60.21,58.38,58.40,844100,51.48
2008-03-18,57.63,59.10,57.39,59.04,914700,52.05
2008-03-17,56.09,57.45,55.72,56.90,1479500,50.16
2008-03-14,59.35,59.57,57.02,57.58,1170200,50.76
2008-03-13,58.04,59.37,57.17,59.03,913300,52.04
2008-03-12,59.69,60.72,58.69,58.72,498200,51.77
2008-03-11,57.96,59.57,57.66,59.53,1027700,52.48
2008-03-10,57.30,57.74,56.54,56.74,932900,50.02
2008-03-07,56.75,58.00,56.53,57.30,1218900,50.51
2008-03-06,58.25,58.43,57.16,57.18,1397800,50.41
2008-03-05,58.90,59.49,58.14,58.72,1405700,51.77
2008-03-04,58.40,59.04,57.75,58.78,938300,51.82
2008-03-03,59.08,59.20,58.32,58.87,793500,51.90
2008-02-29,60.67,60.69,58.96,59.19,764400,52.18
2008-02-28,62.03,62.18,61.00,61.12,905700,53.88
2008-02-27,62.35,63.15,62.00,62.41,751500,55.02
2008-02-26,62.20,63.02,61.92,62.59,964800,55.18
2008-02-25,61.61,62.45,60.85,62.30,1381400,54.92
2008-02-22,61.09,61.63,60.10,61.63,1096300,54.33
2008-02-21,62.03,62.49,60.82,60.87,1004700,53.66
2008-02-20,61.16,62.28,60.72,62.02,1481100,54.67
2008-02-19,62.22,62.59,61.28,61.35,1399900,54.08
2008-02-15,61.65,62.14,61.00,62.08,1125900,54.73
2008-02-14,62.56,62.77,61.50,61.69,1118100,54.38
2008-02-13,63.00,63.05,61.98,62.55,1007400,55.14
2008-02-12,62.07,62.90,61.79,62.33,922900,54.95
2008-02-11,61.86,62.01,61.10,61.62,1420900,54.32
2008-02-08,62.51,62.82,61.38,62.11,1750300,54.75
2008-02-07,61.95,63.15,61.74,62.74,993200,55.31
2008-02-06,62.77,63.34,62.01,62.11,1065800,54.75
2008-02-05,63.69,63.84,62.52,62.61,1535200,55.19
2008-02-04,65.71,65.71,64.65,64.72,1352100,57.06
2008-02-01,64.70,65.91,64.68,65.79,1298400,58.00
2008-01-31,62.32,65.20,61.77,64.61,1429500,56.96
2008-01-30,63.17,64.72,62.91,63.04,1394900,55.57
2008-01-29,62.90,63.48,62.28,63.36,1596500,55.86
2008-01-28,60.83,62.52,60.39,62.42,2336400,55.03
2008-01-25,61.83,62.59,60.47,60.83,1616700,53.63
2008-01-24,61.43,61.94,60.77,61.54,2185100,54.25
2008-01-23,57.42,61.62,56.84,61.34,5786000,54.08
2008-01-22,54.25,59.34,50.85,58.17,5333800,51.28
2008-01-18,59.33,59.49,57.65,58.27,2388500,51.37
2008-01-17,61.27,61.41,58.97,58.97,1868000,51.99
2008-01-16,60.48,62.13,60.48,61.35,1421000,54.08
2008-01-15,61.41,61.44,60.57,60.66,1515300,53.48
2008-01-14,62.23,62.40,61.66,62.09,750700,54.74
2008-01-11,61.95,62.86,61.54,62.04,1213000,54.69
2008-01-10,61.22,62.97,60.84,62.48,1272300,55.08
2008-01-09,60.86,61.65,60.07,61.45,1933300,54.17
2008-01-08,62.76,63.15,60.95,61.13,1313900,53.89
2008-01-07,61.83,62.97,61.69,62.51,1243200,55.11
2008-01-04,62.67,62.74,61.33,61.64,1235800,54.34
2008-01-03,63.90,64.03,63.12,63.13,682900,55.65
2008-01-02,64.58,64.83,63.51,63.70,891500,56.16
2007-12-31,64.61,65.17,64.45,64.49,801300,56.85
2007-12-28,65.58,65.73,64.85,64.89,643700,57.20
2007-12-27,65.91,65.98,65.13,65.21,629100,57.49
2007-12-26,66.69,66.90,66.44,66.86,572200,58.94
2007-12-24,67.00,67.18,66.73,67.02,387300,59.08
2007-12-21,66.02,67.36,65.71,67.36,737200,59.38
2007-12-20,65.58,65.65,64.66,65.52,819100,57.76
2007-12-19,65.37,65.85,64.95,65.21,597800,57.49
2007-12-18,65.25,65.72,64.64,65.40,1002600,57.65
2007-12-17,65.28,65.73,64.91,64.95,870000,57.26
2007-12-14,66.22,66.61,65.64,65.73,836600,57.95
2007-12-13,66.43,66.96,66.00,66.74,1063700,58.84
2007-12-12,68.61,68.73,66.05,67.28,1709600,59.31
2007-12-11,69.36,69.59,67.05,67.33,1011400,59.36
2007-12-10,68.60,69.54,68.52,69.35,667000,61.14
2007-12-07,68.96,69.07,68.45,68.50,634000,60.39
2007-12-06,67.76,68.99,67.67,68.67,544900,60.54
2007-12-05,67.46,67.96,67.31,67.87,792400,59.83
2007-12-04,66.58,67.24,66.53,66.89,596900,58.97
2007-12-03,67.50,67.82,67.10,67.30,520200,59.33
2007-11-30,67.79,68.00,67.07,67.41,789400,59.43
2007-11-29,66.29,66.70,65.97,66.45,495300,58.58
2007-11-28,64.62,66.80,64.62,66.68,826100,58.78
2007-11-27,63.49,64.86,63.49,64.47,1144900,56.83
2007-11-26,64.95,65.30,63.44,63.44,902500,55.93
2007-11-23,64.22,65.42,64.22,65.17,257600,57.45
2007-11-21,63.64,65.09,63.64,64.14,1039200,56.54
2007-11-20,64.43,65.40,63.84,64.70,1317300,57.04
2007-11-19,65.43,65.46,64.40,64.40,1309100,56.77
2007-11-16,65.74,66.24,65.26,65.76,557800,57.97
2007-11-15,66.69,66.92,65.71,66.08,846300,58.25
2007-11-14,67.78,68.21,66.74,66.85,1222700,58.93
2007-11-13,66.01,67.93,66.01,67.55,1483800,59.55
2007-11-12,66.54,67.11,65.75,65.95,1204300,58.14
2007-11-09,64.73,66.90,64.73,66.01,1063300,58.19
2007-11-08,65.00,66.22,64.80,65.75,1161900,57.96
2007-11-07,66.09,66.68,65.11,65.20,986300,57.48
2007-11-06,67.03,67.40,66.32,67.40,724600,59.42
2007-11-05,65.84,67.10,65.84,66.55,1126300,58.67
2007-11-02,67.83,67.84,66.34,66.97,972100,59.04
2007-11-01,68.84,68.84,67.33,67.46,1837300,59.47
2007-10-31,69.04,69.72,68.67,69.35,899400,61.14
2007-10-30,69.08,69.31,68.82,69.05,482100,60.87
2007-10-29,69.23,69.62,69.00,69.40,553000,61.18
2007-10-26,68.69,69.75,68.14,69.75,842300,61.49
2007-10-25,67.82,68.43,67.32,68.09,838000,60.03
2007-10-24,67.58,67.96,66.63,67.75,908000,59.73
2007-10-23,68.04,68.18,67.32,67.95,465600,59.90
2007-10-22,66.68,67.87,66.60,67.00,1216000,59.07
2007-10-19,68.42,68.54,67.08,67.09,570900,59.14
2007-10-18,68.51,68.95,68.38,68.56,821600,60.44
2007-10-17,69.50,69.65,68.36,69.03,372200,60.85
2007-10-16,69.87,69.92,69.02,69.07,351700,60.89
2007-10-15,71.00,72.05,69.75,70.10,476000,61.80
2007-10-12,70.73,71.25,70.73,70.95,337800,62.55
2007-10-11,71.25,71.60,70.55,70.88,424500,62.49
2007-10-10,71.10,71.39,70.75,70.94,266900,62.54
2007-10-09,71.00,71.46,70.80,71.39,417600,62.94
2007-10-08,71.05,71.39,70.90,70.91,270700,62.51
2007-10-05,71.00,71.57,70.82,71.46,407500,63.00
2007-10-04,70.56,70.84,70.54,70.64,245200,62.27
2007-10-03,70.28,70.67,70.10,70.45,634000,62.11
2007-10-02,70.42,70.55,70.08,70.33,639100,62.00
2007-10-01,69.29,70.32,69.27,70.20,614500,61.89
2007-09-28,69.68,69.70,68.96,69.30,473300,61.09
2007-09-27,69.65,69.83,69.40,69.71,647100,61.45
2007-09-26,69.47,69.88,69.30,69.62,380000,61.37
2007-09-25,69.06,69.44,68.93,69.12,750000,60.93
2007-09-24,70.65,70.70,69.93,69.93,399700,61.12
2007-09-21,70.96,71.20,70.53,70.66,359700,61.76
2007-09-20,71.10,71.36,70.44,70.58,403700,61.69
2007-09-19,71.36,71.78,71.08,71.27,499900,62.29
2007-09-18,68.98,70.83,68.83,70.78,671300,61.86
2007-09-17,68.88,69.01,68.58,68.80,338000,60.13
2007-09-14,68.31,69.12,68.31,69.00,503600,60.31
2007-09-13,69.00,69.20,68.69,68.87,347600,60.20
2007-09-12,68.20,68.85,68.17,68.64,1063200,59.99
2007-09-11,67.98,68.58,67.98,68.50,454400,59.87
2007-09-10,68.44,68.44,67.23,67.76,613300,59.23
2007-09-07,68.03,68.63,67.79,68.14,909200,59.56
2007-09-06,69.02,69.19,68.41,69.11,908400,60.40
2007-09-05,69.05,69.23,68.58,68.84,657300,60.17
2007-09-04,69.11,70.06,69.05,69.72,493800,60.94
2007-08-31,69.38,69.60,68.66,69.09,371900,60.39
2007-08-30,68.48,69.21,68.30,68.59,401800,59.95
2007-08-29,68.23,69.16,67.85,68.90,406000,60.22
2007-08-28,68.81,68.90,67.57,67.76,1198300,59.23
2007-08-27,69.95,70.10,69.21,69.23,1152600,60.51
2007-08-24,69.76,70.27,69.39,70.21,984300,61.37
2007-08-23,70.20,70.43,69.36,69.69,613500,60.91
2007-08-22,69.75,70.20,69.31,70.07,705200,61.24
2007-08-21,68.81,69.87,68.70,69.31,442800,60.58
2007-08-20,69.56,69.70,68.34,69.00,1340200,60.31
2007-08-17,69.98,70.42,67.94,69.20,1147300,60.48
2007-08-16,65.50,67.76,64.92,67.66,2039500,59.14
2007-08-15,66.60,68.00,65.97,66.09,1286200,57.77
2007-08-14,68.04,68.20,66.77,66.85,854600,58.43
2007-08-13,69.02,69.09,68.01,68.07,434400,59.50
2007-08-10,67.20,68.94,66.50,68.36,758200,59.75
2007-08-09,68.80,69.37,67.75,67.80,1694400,59.26
2007-08-08,69.63,70.62,68.97,70.10,2174300,61.27
2007-08-07,68.19,69.87,68.00,69.27,1768700,60.54
2007-08-06,66.58,68.85,66.04,68.54,1215700,59.91
2007-08-03,68.79,68.97,65.82,66.48,1123500,58.11
2007-08-02,68.92,69.21,68.29,68.85,546400,60.18
2007-08-01,67.86,68.60,67.29,68.60,852800,59.96
2007-07-31,69.01,69.41,67.50,67.70,798500,59.17
2007-07-30,67.70,68.68,67.32,68.40,898100,59.78
2007-07-27,68.70,69.02,67.23,67.80,1190300,59.26
2007-07-26,69.40,69.80,68.01,68.70,1810600,60.05
2007-07-25,70.70,71.09,69.78,70.55,1175100,61.66
2007-07-24,71.52,71.64,70.12,70.22,653600,61.38
2007-07-23,72.08,72.50,72.00,72.00,348200,62.93
2007-07-20,72.80,72.85,71.70,71.82,465500,62.77
2007-07-19,72.90,73.11,72.66,72.85,265800,63.67
2007-07-18,72.65,72.89,72.10,72.67,549700,63.52
2007-07-17,73.19,73.56,73.11,73.15,386300,63.94
2007-07-16,73.20,73.50,72.92,73.07,548900,63.87
2007-07-13,73.10,73.59,73.02,73.35,663500,64.11
2007-07-12,72.00,73.20,72.00,73.16,572700,63.94
2007-07-11,71.35,71.88,71.31,71.87,330300,62.82
2007-07-10,72.20,72.27,71.40,71.40,438700,62.41
2007-07-09,72.90,72.99,72.55,72.80,313500,63.63
2007-07-06,73.00,73.00,72.52,72.85,338400,63.67
2007-07-05,73.15,73.22,72.43,72.85,534300,63.67
2007-07-03,73.13,73.40,72.94,73.12,331200,63.91
2007-07-02,72.34,73.05,72.19,73.05,308800,63.85
2007-06-29,72.27,72.65,71.49,71.89,537400,62.83
2007-06-28,72.20,72.65,72.03,72.14,374400,63.05
2007-06-27,71.73,72.82,71.70,72.81,337500,63.64
2007-06-26,72.60,72.81,71.84,71.84,522200,62.79
2007-06-25,72.26,72.89,71.83,72.20,645100,63.11
2007-06-22,72.82,72.92,71.94,72.17,472800,63.08
2007-06-21,72.80,73.27,72.40,73.08,377300,63.87
2007-06-20,74.13,74.25,72.93,72.96,279300,63.77
2007-06-19,73.87,74.16,73.73,74.08,297500,64.75
2007-06-18,74.30,74.36,73.91,73.97,366800,64.65
2007-06-15,74.27,74.51,74.10,74.18,592500,64.84
2007-06-14,73.50,73.83,73.38,73.52,310300,64.26
2007-06-13,72.65,73.40,72.63,73.40,359300,64.15
2007-06-12,73.04,73.30,72.30,72.30,400100,63.19
2007-06-11,72.98,73.59,72.89,73.33,307700,64.09
2007-06-08,72.25,73.00,72.10,73.00,442000,63.81
2007-06-07,73.50,73.59,72.26,72.26,702900,63.16
2007-06-06,74.63,74.75,73.57,73.72,452500,64.43
2007-06-05,74.95,74.97,74.32,74.54,405700,65.15
2007-06-04,75.10,75.17,74.81,75.17,409300,65.70
2007-06-01,75.19,75.53,74.90,75.24,379800,65.76
2007-05-31,75.10,75.22,74.79,74.88,668300,65.45
2007-05-30,74.20,74.97,74.20,74.92,242900,65.48
2007-05-29,74.66,74.90,74.47,74.64,307200,65.24
2007-05-25,74.52,74.59,74.06,74.47,274100,65.09
2007-05-24,75.02,75.30,74.16,74.19,372300,64.85
2007-05-23,75.75,75.82,75.10,75.22,596100,65.75
2007-05-22,75.60,75.80,75.35,75.55,258100,66.03
2007-05-21,75.51,75.73,75.34,75.53,1226100,66.02
2007-05-18,75.30,75.42,75.19,75.42,330700,65.92
2007-05-17,75.19,75.27,74.98,75.12,298800,65.66
2007-05-16,75.00,75.23,74.80,75.23,355300,65.75
2007-05-15,74.80,75.39,74.72,74.77,720000,65.35
2007-05-14,74.90,75.04,74.56,74.78,401000,65.36
2007-05-11,74.35,74.84,74.35,74.84,289500,65.41
2007-05-10,74.84,74.84,74.10,74.12,295600,64.78
2007-05-09,74.80,75.16,74.69,74.95,244200,65.51
2007-05-08,74.77,74.86,74.52,74.84,244600,65.41
2007-05-07,74.90,75.02,74.77,74.95,311300,65.51
2007-05-04,74.59,74.76,74.46,74.66,237700,65.26
2007-05-03,74.49,74.52,74.20,74.45,248800,65.07
2007-05-02,73.88,74.26,73.77,74.10,306900,64.77
2007-05-01,73.53,73.87,73.31,73.87,361600,64.57
2007-04-30,74.15,74.22,73.43,73.43,275400,64.18
2007-04-27,74.20,74.26,73.89,74.15,295700,64.81
2007-04-26,74.47,74.52,74.13,74.36,364000,64.99
2007-04-25,74.08,74.53,74.00,74.45,525800,65.07
2007-04-24,73.73,73.88,73.34,73.71,329500,64.43
2007-04-23,74.05,74.15,73.74,73.75,483500,64.46
2007-04-20,73.58,74.11,73.58,74.11,232200,64.78
2007-04-19,73.14,73.55,73.05,73.51,482800,64.25
2007-04-18,73.38,73.74,73.20,73.60,303300,64.33
2007-04-17,73.20,73.37,73.04,73.28,359000,64.05
2007-04-16,72.76,73.29,72.76,73.20,439300,63.98
2007-04-13,71.98,72.48,71.98,72.48,389800,63.35
2007-04-12,71.94,72.01,71.55,71.98,288400,62.91
2007-04-11,72.60,72.64,71.86,71.95,269400,62.89
2007-04-10,72.40,72.53,72.25,72.50,202400,63.37
2007-04-09,72.49,72.49,72.22,72.26,207300,63.16
2007-04-05,72.15,72.39,72.00,72.30,219000,63.19
2007-04-04,72.36,72.53,72.03,72.28,341800,63.18
2007-04-03,71.74,72.35,71.74,72.21,242600,63.11
2007-04-02,71.70,71.74,71.19,71.74,269700,62.70
2007-03-30,71.67,71.87,70.70,71.45,296100,62.45
2007-03-29,71.54,71.70,71.10,71.60,227800,62.58
2007-03-28,71.59,71.63,71.10,71.24,507300,62.27
2007-03-27,71.80,71.85,71.54,71.84,313200,62.79
2007-03-26,71.95,72.05,71.37,71.91,443900,62.85
2007-03-23,71.85,72.08,71.71,71.98,366500,62.91
2007-03-22,72.50,72.58,72.15,72.34,326600,62.74
2007-03-21,71.45,73.20,71.22,72.51,374300,62.89
2007-03-20,70.80,71.49,70.68,71.49,755700,62.00
2007-03-19,70.45,70.86,70.32,70.74,289300,61.35
2007-03-16,70.52,70.68,70.00,70.09,308300,60.79
2007-03-15,69.97,70.50,69.84,70.44,327000,61.09
2007-03-14,69.80,69.97,68.72,69.97,522900,60.68
2007-03-13,70.50,70.67,69.49,69.56,515100,60.33
2007-03-12,70.65,71.04,70.52,70.96,302900,61.54
2007-03-09,70.90,70.90,70.45,70.78,508500,61.39
2007-03-08,70.58,70.75,70.26,70.56,352600,61.19
2007-03-07,70.30,70.45,70.00,70.05,345800,60.75
2007-03-06,69.95,70.47,69.57,70.31,530800,60.98
2007-03-05,69.78,70.16,69.13,69.13,600800,59.95
2007-03-02,70.70,70.95,70.17,70.17,531600,60.86
2007-03-01,70.03,71.24,69.70,71.04,582800,61.61
2007-02-28,70.95,71.41,70.34,70.99,730300,61.57
2007-02-27,72.35,72.42,70.23,70.55,1191000,61.19
2007-02-26,73.03,73.33,72.70,72.88,284900,63.21
2007-02-23,72.74,72.88,72.39,72.65,188300,63.01
2007-02-22,73.12,73.25,72.55,72.80,339400,63.14
2007-02-21,73.10,73.10,72.77,72.96,308100,63.28
2007-02-20,72.95,73.22,72.64,73.17,256400,63.46
2007-02-16,72.78,72.87,72.61,72.87,209500,63.20
2007-02-15,73.00,73.00,72.74,72.87,695500,63.20
2007-02-14,72.80,73.07,72.65,72.91,332000,63.23
2007-02-13,72.20,72.68,72.10,72.66,922400,63.02
2007-02-12,72.12,72.17,71.89,72.02,254300,62.46
2007-02-09,72.55,72.60,71.87,72.08,353600,62.51
2007-02-08,72.45,72.45,72.04,72.38,319500,62.77
2007-02-07,72.45,72.46,72.23,72.45,322000,62.83
2007-02-06,72.12,72.32,72.03,72.28,399100,62.69
2007-02-05,72.05,72.09,71.71,72.08,379400,62.51
2007-02-02,72.08,72.09,71.90,72.05,333100,62.49
2007-02-01,71.60,71.96,71.51,71.90,421300,62.36
2007-01-31,71.00,71.53,70.83,71.43,268100,61.95
2007-01-30,70.90,71.08,70.70,71.03,271600,61.60
2007-01-29,70.82,70.94,70.61,70.68,275700,61.30
2007-01-26,70.76,70.76,70.25,70.60,278300,61.23
2007-01-25,71.20,71.22,70.52,70.61,436700,61.24
2007-01-24,70.86,71.20,70.70,71.19,526800,61.74
2007-01-23,70.55,70.82,70.35,70.67,427700,61.29
2007-01-22,70.65,70.68,70.31,70.45,326100,61.10
2007-01-19,70.30,70.69,70.30,70.61,389400,61.24
2007-01-18,70.72,70.72,70.43,70.45,349700,61.10
2007-01-17,70.47,70.67,70.42,70.57,581900,61.20
2007-01-16,70.70,70.82,70.53,70.53,463000,61.17
2007-01-12,70.65,70.78,70.52,70.66,327700,61.28
2007-01-11,70.57,70.85,70.41,70.68,535800,61.30
2007-01-10,70.24,70.49,70.08,70.41,332100,61.06
2007-01-09,70.45,70.51,69.92,70.39,307800,61.05
2007-01-08,70.12,70.35,69.89,70.35,568600,61.01
2007-01-05,71.00,71.00,70.12,70.20,542800,60.88
2007-01-04,71.15,71.24,70.75,71.07,371400,61.64
2007-01-03,71.20,71.50,70.73,71.17,880700,61.72
2006-12-29,71.28,71.28,70.68,70.73,325400,61.34
2006-12-28,71.42,71.48,71.14,71.14,926500,61.70
2006-12-27,71.15,71.46,71.09,71.44,425500,61.96
2006-12-26,70.35,71.01,70.35,70.99,526100,61.57
2006-12-22,70.64,70.83,70.31,70.36,312200,61.02
2006-12-21,70.84,70.92,70.44,70.56,520100,61.19
2006-12-20,70.80,70.82,70.62,70.71,397100,61.33
2006-12-19,70.95,71.19,70.75,71.13,273200,61.69
2006-12-18,71.40,71.40,70.84,70.93,304400,61.52
2006-12-15,71.40,71.49,71.09,71.12,367400,61.68
2006-12-14,70.82,71.22,70.75,71.20,232200,61.75
2006-12-13,70.95,70.98,70.64,70.74,431300,61.35
2006-12-12,70.46,70.70,70.25,70.70,550100,61.32
2006-12-11,70.22,70.56,70.22,70.55,675900,61.19
2006-12-08,70.30,70.36,69.94,70.17,172900,60.86
2006-12-07,70.69,70.75,70.20,70.24,264800,60.92
2006-12-06,70.63,70.67,70.44,70.60,353300,61.23
2006-12-05,70.49,70.70,70.30,70.70,254300,61.32
2006-12-04,69.94,70.45,69.94,70.32,281300,60.99
2006-12-01,69.85,69.97,69.34,69.83,425200,60.56
2006-11-30,69.95,70.00,69.50,69.77,377800,60.51
2006-11-29,69.28,69.88,69.17,69.80,481400,60.54
2006-11-28,68.80,69.17,68.70,69.04,381200,59.88
2006-11-27,69.60,69.60,68.81,68.85,434400,59.71
2006-11-24,69.43,69.75,69.38,69.60,123500,60.36
2006-11-22,69.88,69.89,69.53,69.71,251400,60.46
2006-11-21,70.10,70.10,69.61,69.70,287300,60.45
2006-11-20,70.09,70.18,69.90,70.06,305900,60.76
2006-11-17,69.95,70.10,69.75,70.10,302700,60.80
2006-11-16,69.95,70.16,69.80,70.15,277000,60.84
2006-11-15,69.78,69.88,69.60,69.80,413900,60.54
2006-11-14,69.55,69.77,69.14,69.75,308300,60.49
2006-11-13,69.27,69.63,69.17,69.49,245700,60.27
2006-11-10,69.15,69.33,69.04,69.33,239400,60.13
2006-11-09,69.50,69.50,69.01,69.18,357800,60.00
2006-11-08,68.95,69.58,68.85,69.50,353800,60.28
2006-11-07,69.13,69.38,69.05,69.23,365600,60.04
2006-11-06,68.67,69.10,68.52,68.99,354100,59.83
2006-11-03,68.75,68.78,68.22,68.42,338900,59.34
2006-11-02,68.55,68.59,68.31,68.45,272600,59.36
2006-11-01,68.99,69.08,68.51,68.64,608300,59.53
2006-10-31,68.90,68.93,68.51,68.65,297500,59.54
2006-10-30,68.78,68.86,68.51,68.71,543100,59.59
2006-10-27,68.84,68.87,68.55,68.70,415700,59.58
2006-10-26,69.15,69.17,68.65,68.99,274100,59.83
2006-10-25,68.69,68.95,68.65,68.92,352900,59.77
2006-10-24,68.52,68.68,68.30,68.68,359400,59.56
2006-10-23,68.20,68.66,68.05,68.60,914200,59.50
2006-10-20,68.30,68.30,67.99,68.28,264000,59.22
2006-10-19,68.05,68.22,67.95,68.22,887400,59.17
2006-10-18,67.35,68.24,67.35,68.15,386200,59.10
2006-10-17,67.71,67.94,67.59,67.83,414000,58.83
2006-10-16,67.81,67.90,67.72,67.86,389100,58.85
2006-10-13,67.67,67.90,67.62,67.88,268600,58.87
2006-10-12,67.49,67.72,67.35,67.63,369200,58.65
2006-10-11,67.10,67.39,66.95,67.28,267100,58.35
2006-10-10,67.10,67.24,66.96,67.24,423600,58.32
2006-10-09,67.00,67.08,66.64,66.98,247700,58.09
2006-10-06,67.14,67.15,66.76,66.90,275900,58.02
2006-10-05,67.20,67.24,66.96,67.24,377900,58.32
2006-10-04,66.65,67.11,66.39,67.05,544700,58.15
2006-10-03,66.55,66.83,66.28,66.45,299200,57.63
2006-10-02,66.40,66.71,66.25,66.42,262200,57.60
2006-09-29,66.76,66.80,66.33,66.43,301800,57.61
2006-09-28,66.70,66.83,66.52,66.69,336200,57.84
2006-09-27,66.47,66.77,66.40,66.66,287500,57.81
2006-09-26,66.35,66.53,66.13,66.50,600800,57.67
2006-09-25,66.50,67.07,66.22,66.85,605600,57.49
2006-09-22,66.34,66.50,66.22,66.49,344800,57.18
2006-09-21,66.97,66.97,66.33,66.56,338100,57.24
2006-09-20,66.79,66.98,66.60,66.95,345800,57.57
2006-09-19,66.50,66.50,66.04,66.37,513400,57.07
2006-09-18,66.60,66.65,66.26,66.50,471900,57.19
2006-09-15,66.80,66.84,66.51,66.60,349600,57.27
2006-09-14,66.50,66.59,66.36,66.48,283700,57.17
2006-09-13,66.38,66.57,66.16,66.56,463300,57.24
2006-09-12,65.88,66.33,65.78,66.30,332300,57.01
2006-09-11,65.65,65.86,65.50,65.80,259700,56.58
2006-09-08,65.65,65.83,65.50,65.73,210000,56.52
2006-09-07,65.75,65.82,65.37,65.49,386200,56.32
2006-09-06,65.99,66.11,65.82,65.83,306900,56.61
2006-09-05,66.24,66.32,66.08,66.13,335300,56.87
2006-09-01,66.00,66.27,65.96,66.22,211500,56.94
2006-08-31,65.91,66.00,65.81,65.89,302900,56.66
2006-08-30,65.95,66.00,65.75,65.75,326200,56.54
2006-08-29,65.85,65.94,65.50,65.86,261700,56.64
2006-08-28,65.30,65.95,65.30,65.82,219100,56.60
2006-08-25,65.60,65.63,65.33,65.49,254700,56.32
2006-08-24,65.88,65.88,65.50,65.62,320700,56.43
2006-08-23,65.98,66.04,65.40,65.60,220400,56.41
2006-08-22,65.66,66.04,65.66,65.91,203000,56.68
2006-08-21,65.85,65.94,65.74,65.88,367900,56.65
2006-08-18,65.87,65.98,65.62,65.98,633100,56.74
2006-08-17,65.75,65.78,65.52,65.68,358200,56.48
2006-08-16,65.78,65.83,65.57,65.80,327300,56.58
2006-08-15,65.42,65.59,65.16,65.48,359600,56.31
2006-08-14,64.96,65.22,64.67,64.88,573700,55.79
2006-08-11,64.90,64.94,64.53,64.79,278500,55.72
2006-08-10,64.81,65.06,64.56,65.03,310500,55.92
2006-08-09,65.70,65.71,64.82,64.84,347700,55.76
2006-08-08,65.60,65.80,65.13,65.35,450100,56.20
2006-08-07,65.62,65.65,65.25,65.41,262100,56.25
2006-08-04,65.90,66.06,65.37,65.69,336000,56.49
2006-08-03,65.00,65.58,65.00,65.50,293100,56.33
2006-08-02,65.27,65.50,65.12,65.26,280500,56.12
2006-08-01,65.05,65.22,64.76,65.10,200600,55.98
2006-07-31,65.50,65.50,64.88,65.15,304800,56.02
2006-07-28,64.75,65.48,64.70,65.33,260500,56.18
2006-07-27,65.36,65.36,64.52,64.81,706000,55.73
2006-07-26,64.80,65.20,64.64,65.05,308500,55.94
2006-07-25,64.42,64.96,64.30,64.74,372100,55.67
2006-07-24,63.85,64.42,63.79,64.37,348200,55.35
2006-07-21,64.10,64.10,63.40,63.48,343800,54.59
2006-07-20,63.98,64.10,63.70,63.70,349900,54.78
2006-07-19,63.10,63.96,62.96,63.88,384400,54.93
2006-07-18,62.75,62.83,62.26,62.77,293500,53.98
2006-07-17,62.34,62.72,62.26,62.55,544500,53.79
2006-07-14,62.36,62.58,61.97,62.40,342700,53.66
2006-07-13,63.00,63.04,62.33,62.40,305600,53.66
2006-07-12,63.77,63.79,63.06,63.16,367500,54.31
2006-07-11,63.43,63.75,63.11,63.69,206200,54.77
2006-07-10,63.32,63.72,63.32,63.55,529900,54.65
2006-07-07,63.11,63.60,63.07,63.25,223000,54.39
2006-07-06,63.12,63.39,63.04,63.25,212400,54.39
2006-07-05,62.40,63.28,62.40,63.06,466900,54.23
2006-07-03,63.19,63.40,62.95,63.35,169500,54.48
2006-06-30,63.29,63.40,62.95,63.06,348000,54.23
2006-06-29,62.50,63.15,62.25,63.15,420500,54.30
2006-06-28,61.98,62.16,61.80,62.10,197200,53.40
2006-06-27,62.27,62.31,61.64,61.80,374600,53.14
2006-06-26,61.73,62.20,61.70,62.20,200500,53.49
2006-06-23,61.82,62.02,61.43,61.66,205300,53.02
2006-06-22,62.06,62.11,61.64,61.92,346900,53.25
2006-06-21,62.38,62.84,62.30,62.64,255200,53.38
2006-06-20,62.20,62.65,62.18,62.27,280400,53.06
2006-06-19,63.04,63.06,62.13,62.14,247100,52.95
2006-06-16,63.05,63.16,62.67,62.74,271200,53.47
2006-06-15,62.35,63.20,62.00,63.06,459200,53.74
2006-06-14,62.20,62.32,61.48,61.96,522700,52.80
2006-06-13,62.71,63.27,62.15,62.20,551500,53.01
2006-06-12,63.35,63.53,62.93,62.93,492400,53.63
2006-06-09,63.44,63.60,63.16,63.28,191900,53.93
2006-06-08,62.75,63.45,62.40,63.30,668000,53.94
2006-06-07,63.12,63.59,62.91,63.04,174300,53.72
2006-06-06,63.35,63.50,62.60,63.11,296200,53.78
2006-06-05,64.15,64.15,63.18,63.25,318000,53.90
2006-06-02,64.10,64.25,63.75,64.15,369500,54.67
2006-06-01,63.18,63.92,63.12,63.87,221000,54.43
2006-05-31,62.80,63.30,62.64,63.11,270700,53.78
2006-05-30,63.23,63.35,62.56,62.56,266600,53.31
2006-05-26,63.19,63.37,62.98,63.37,235900,54.00
2006-05-25,62.60,63.00,62.50,63.00,246700,53.69
2006-05-24,61.85,62.52,61.65,62.40,337000,53.18
2006-05-23,62.70,62.84,61.78,61.84,454100,52.70
2006-05-22,62.25,62.79,62.01,62.44,262200,53.21
2006-05-19,62.21,62.84,62.09,62.46,455500,53.23
2006-05-18,62.51,62.84,62.06,62.06,372000,52.89
2006-05-17,63.05,63.29,62.38,62.46,621000,53.23
2006-05-16,63.61,63.75,63.32,63.65,431400,54.24
2006-05-15,63.08,63.65,63.08,63.56,313000,54.16
2006-05-12,63.63,63.92,63.22,63.25,302500,53.90
2006-05-11,64.57,64.61,63.76,63.80,254500,54.37
2006-05-10,64.50,64.64,64.26,64.51,173700,54.97
2006-05-09,64.40,64.67,64.40,64.60,197300,55.05
2006-05-08,64.57,64.78,64.50,64.59,223700,55.04
2006-05-05,64.20,64.71,64.16,64.62,381200,55.07
2006-05-04,63.99,64.17,63.84,64.00,233400,54.54
2006-05-03,63.80,63.98,63.62,63.85,293500,54.41
2006-05-02,63.72,63.93,63.59,63.93,214800,54.48
2006-05-01,64.17,64.26,63.43,63.50,270400,54.11
2006-04-28,63.48,64.12,63.48,64.00,264000,54.54
2006-04-27,62.00,63.83,62.00,63.71,343600,54.29
2006-04-26,62.65,63.25,62.65,63.00,256600,53.69
2006-04-25,63.00,63.09,62.66,62.81,320000,53.53
2006-04-24,62.91,63.07,62.69,62.96,342100,53.65
2006-04-21,63.37,63.42,62.92,63.06,294200,53.74
2006-04-20,62.90,63.44,62.89,63.17,287200,53.83
2006-04-19,63.09,63.10,62.80,62.95,422700,53.64
2006-04-18,62.06,63.15,62.06,63.05,503800,53.73
2006-04-17,62.02,62.29,61.85,62.02,312800,52.85
2006-04-13,62.08,62.26,61.94,62.10,271300,52.92
2006-04-12,62.07,62.22,61.92,62.17,534000,52.98
2006-04-11,62.64,62.75,61.91,62.08,428800,52.90
2006-04-10,62.50,62.90,62.42,62.60,381900,53.35
2006-04-07,63.20,63.39,62.46,62.52,285900,53.28
2006-04-06,63.20,63.47,62.87,63.09,393200,53.76
2006-04-05,63.29,63.48,63.11,63.34,366700,53.98
2006-04-04,62.40,63.31,62.40,63.30,516500,53.94
2006-04-03,62.84,63.22,62.75,62.76,409100,53.48
2006-03-31,62.90,62.90,62.42,62.70,327600,53.43
2006-03-30,63.19,63.24,62.53,62.80,828500,53.52
2006-03-29,62.70,63.19,62.69,63.18,253600,53.84
2006-03-28,63.17,63.31,62.76,62.79,272000,53.51
2006-03-27,63.38,63.38,63.14,63.30,330100,53.94
2006-03-24,63.10,63.44,63.10,63.44,227000,54.06
2006-03-23,64.02,64.04,63.76,63.98,250800,54.04
2006-03-22,63.57,64.16,63.53,64.14,313100,54.17
2006-03-21,63.92,63.99,63.45,63.47,300600,53.61
2006-03-20,64.10,64.18,63.77,63.87,354600,53.95
2006-03-17,64.04,64.16,63.97,64.03,367000,54.08
2006-03-16,63.73,64.18,63.73,64.00,456900,54.06
2006-03-15,63.52,63.86,63.41,63.82,365500,53.90
2006-03-14,63.10,63.64,62.95,63.52,414800,53.65
2006-03-13,62.94,63.20,62.86,63.07,260500,53.27
2006-03-10,62.30,62.75,62.25,62.74,292000,52.99
2006-03-09,62.52,62.77,62.25,62.28,215700,52.60
2006-03-08,62.40,62.68,62.03,62.52,400000,52.81
2006-03-07,62.30,62.49,62.15,62.45,335600,52.75
2006-03-06,62.91,62.94,62.35,62.49,286300,52.78
2006-03-03,63.17,63.34,62.80,62.89,2404500,53.12
2006-03-02,63.40,63.47,62.97,63.13,419600,53.32
2006-03-01,63.49,63.54,63.22,63.50,249200,53.63
2006-02-28,63.74,63.74,63.15,63.34,315400,53.50
2006-02-27,63.65,63.93,63.55,63.76,322100,53.85
2006-02-24,63.75,63.76,63.48,63.57,213500,53.69
2006-02-23,63.79,63.90,63.52,63.67,276500,53.78
2006-02-22,63.19,63.90,63.11,63.85,327900,53.93
2006-02-21,63.30,63.60,63.08,63.08,433400,53.28
2006-02-17,63.11,63.37,63.06,63.27,276200,53.44
2006-02-16,62.80,63.23,62.69,63.15,301900,53.34
2006-02-15,62.48,62.88,62.37,62.74,449800,52.99
2006-02-14,61.83,62.65,61.80,62.49,378000,52.78
2006-02-13,62.10,62.10,61.69,61.82,264500,52.21
2006-02-10,61.95,62.10,61.49,61.96,627800,52.33
2006-02-09,61.66,62.23,61.63,61.77,278800,52.17
2006-02-08,61.35,61.71,61.32,61.63,458000,52.05
2006-02-07,61.65,61.77,61.37,61.42,435200,51.88
2006-02-06,61.70,61.78,61.50,61.75,710600,52.15
2006-02-03,61.70,61.96,61.37,61.64,412100,52.06
2006-02-02,62.45,62.55,61.83,62.02,529700,52.38
2006-02-01,62.20,62.60,62.20,62.55,821900,52.83
2006-01-31,62.58,62.58,62.18,62.32,372300,52.64
2006-01-30,62.90,62.90,62.47,62.60,2015300,52.87
2006-01-27,62.71,63.08,62.55,62.86,429500,53.09
2006-01-26,62.82,62.89,62.59,62.67,1922200,52.93
2006-01-25,62.40,62.61,62.09,62.39,363500,52.70
2006-01-24,62.24,62.60,62.13,62.43,393000,52.73
2006-01-23,62.13,62.40,62.00,62.18,436200,52.52
2006-01-20,62.78,62.89,61.95,62.04,2399600,52.40
2006-01-19,62.58,62.89,62.50,62.79,409400,53.03
2006-01-18,62.35,62.82,62.28,62.65,526100,52.91
2006-01-17,62.52,62.66,62.35,62.60,408100,52.87
2006-01-13,62.64,62.94,62.63,62.83,1694800,53.07
2006-01-12,62.83,63.00,62.63,62.71,298000,52.97
2006-01-11,63.15,63.18,62.83,63.06,275400,53.26
2006-01-10,62.82,63.08,62.68,63.05,395800,53.25
2006-01-09,62.95,63.14,62.82,63.10,723800,53.29
2006-01-06,62.52,62.93,62.38,62.90,537100,53.13
2006-01-05,62.40,62.50,62.25,62.49,493000,52.78
2006-01-04,62.25,62.48,62.14,62.45,570500,52.75
2006-01-03,61.40,62.24,61.12,62.20,648500,52.53
2005-12-30,61.46,61.50,61.06,61.26,536700,51.74
2005-12-29,61.84,61.94,61.57,61.59,299200,52.02
2005-12-28,61.87,61.96,61.70,61.80,303500,52.20
2005-12-27,62.15,62.45,61.76,61.84,412800,52.23
2005-12-23,62.25,62.28,62.11,62.22,239100,52.55
2005-12-22,61.80,62.21,60.78,62.21,297100,52.54
2005-12-21,62.50,62.87,62.36,62.51,392300,52.40
2005-12-20,62.40,62.61,62.31,62.40,280600,52.31
2005-12-19,63.15,63.20,62.44,62.45,456700,52.35
2005-12-16,63.10,63.20,62.85,62.97,289500,52.79
2005-12-15,63.00,63.11,62.77,62.90,434100,52.73
2005-12-14,62.50,63.17,62.50,63.09,299300,52.89
2005-12-13,62.02,62.74,62.02,62.60,329000,52.48
2005-12-12,62.31,62.45,61.80,62.16,335100,52.11
2005-12-09,61.85,62.53,61.85,62.28,1001700,52.21
2005-12-08,62.10,62.37,61.75,62.00,405000,51.98
2005-12-07,62.50,62.50,61.80,62.05,304600,52.02
2005-12-06,62.65,62.84,62.39,62.46,469500,52.36
2005-12-05,62.70,62.74,62.17,62.55,362800,52.44
2005-12-02,62.70,62.79,62.48,62.78,241200,52.63
2005-12-01,62.37,62.80,62.35,62.72,297300,52.58
2005-11-30,62.60,62.84,62.05,62.10,517800,52.06
2005-11-29,62.60,62.99,62.50,62.68,1127000,52.55
2005-11-28,62.80,62.92,62.42,62.42,319000,52.33
2005-11-25,62.87,62.98,62.75,62.93,138400,52.76
2005-11-23,62.60,63.03,62.50,62.86,1125400,52.70
2005-11-22,62.35,62.59,62.03,62.49,431600,52.39
2005-11-21,62.00,62.40,61.98,62.35,344300,52.27
2005-11-18,61.88,62.12,61.61,62.04,515800,52.01
2005-11-17,61.35,61.77,61.20,61.72,714500,51.74
2005-11-16,61.47,61.50,61.06,61.22,339400,51.32
2005-11-15,61.60,61.78,61.19,61.32,349600,51.41
2005-11-14,61.84,61.85,61.53,61.63,239800,51.67
2005-11-11,61.85,61.88,61.55,61.85,281500,51.85
2005-11-10,61.35,61.85,60.88,61.79,670200,51.80
2005-11-09,60.97,61.54,60.91,61.26,251400,51.36
2005-11-08,61.08,61.25,60.85,61.05,417500,51.18
2005-11-07,61.28,61.46,60.76,61.26,335300,51.36
2005-11-04,61.43,61.50,60.95,61.26,258300,51.36
2005-11-03,62.54,62.54,61.10,61.28,3056300,51.37
2005-11-02,61.05,61.45,60.90,61.45,330100,51.52
2005-11-01,61.25,61.30,60.91,61.07,354600,51.20
2005-10-31,61.00,61.48,61.00,61.25,721100,51.35
2005-10-28,59.97,60.86,59.97,60.86,384800,51.02
2005-10-27,60.49,60.49,59.85,59.94,1381300,50.25
2005-10-26,60.35,60.94,60.20,60.46,523300,50.69
2005-10-25,60.46,60.87,60.18,60.58,481300,50.79
2005-10-24,59.97,60.64,59.85,60.64,618400,50.84
2005-10-21,59.25,59.80,59.17,59.53,459200,49.91
2005-10-20,59.91,60.14,58.95,59.25,927100,49.67
2005-10-19,59.03,59.91,58.66,59.91,967000,50.23
2005-10-18,60.00,60.00,59.28,59.33,441300,49.74
2005-10-17,60.15,60.20,59.70,60.03,511600,50.33
2005-10-14,59.30,59.70,58.92,59.70,498000,50.05
2005-10-13,59.17,59.25,58.46,58.98,1824600,49.45
2005-10-12,59.74,60.05,58.99,59.29,768700,49.71
2005-10-11,60.11,60.26,59.69,59.74,582700,50.08
2005-10-10,60.75,60.75,59.93,60.09,466700,50.38
2005-10-07,60.61,60.92,60.52,60.72,520500,50.90
2005-10-06,60.75,61.04,59.93,60.48,1032000,50.70
2005-10-05,61.58,61.72,60.71,60.76,633700,50.94
2005-10-04,62.65,62.74,61.80,61.85,674200,51.85
2005-10-03,62.25,62.65,62.25,62.50,457100,52.40
2005-09-30,62.40,62.42,62.15,62.28,510100,52.21
2005-09-29,61.95,62.44,61.51,62.41,796400,52.32
2005-09-28,62.02,62.30,61.63,61.94,417400,51.93
2005-09-27,61.94,62.02,61.59,61.91,406900,51.90
2005-09-26,62.30,62.30,61.70,61.87,585400,51.87
2005-09-23,61.51,62.03,61.47,61.88,533800,51.88
2005-09-22,61.80,62.21,61.70,62.19,725800,51.75
2005-09-21,62.95,63.00,62.12,62.16,753900,51.72
2005-09-20,63.49,63.67,62.86,63.02,519100,52.44
2005-09-19,63.63,63.75,63.29,63.49,303600,52.83
2005-09-16,63.40,63.85,63.35,63.80,300000,53.09
2005-09-15,63.28,63.38,63.06,63.24,294400,52.62
2005-09-14,63.36,63.50,63.15,63.24,270700,52.62
2005-09-13,63.67,63.77,63.30,63.36,395800,52.72
2005-09-12,63.98,64.00,63.71,63.89,343200,53.16
2005-09-09,63.68,64.00,63.52,63.98,304900,53.24
2005-09-08,63.51,63.70,63.36,63.49,257600,52.83
2005-09-07,63.61,63.74,63.46,63.74,378400,53.04
2005-09-06,63.38,63.67,63.20,63.59,452700,52.91
2005-09-02,63.15,63.39,63.01,63.14,311400,52.54
2005-09-01,62.87,63.37,62.69,63.22,453100,52.60
2005-08-31,62.24,62.92,62.14,62.92,405300,52.35
2005-08-30,62.18,62.38,61.94,62.31,407500,51.85
2005-08-29,62.07,62.48,61.70,62.48,640000,51.99
2005-08-26,62.51,62.59,62.08,62.15,386600,51.71
2005-08-25,62.44,62.64,62.38,62.61,346200,52.10
2005-08-24,62.65,63.05,62.41,62.43,387200,51.95
2005-08-23,62.99,63.03,62.62,62.89,352100,52.33
2005-08-22,62.90,63.14,62.70,63.02,667900,52.44
2005-08-19,62.61,62.88,62.61,62.80,287700,52.25
2005-08-18,62.58,62.77,62.32,62.67,689100,52.15
2005-08-17,62.74,62.87,62.43,62.66,632200,52.14
2005-08-16,63.50,63.50,62.76,62.79,365900,52.25
2005-08-15,63.40,63.54,63.01,63.48,298100,52.82
2005-08-12,63.28,63.46,62.87,63.25,463900,52.63
2005-08-11,63.24,63.56,63.06,63.43,387400,52.78
2005-08-10,63.41,63.72,62.87,63.11,459200,52.51
2005-08-09,63.14,63.23,62.94,63.13,317000,52.53
2005-08-08,63.40,63.45,62.80,62.92,422500,52.35
2005-08-05,63.77,63.84,63.11,63.26,398200,52.64
2005-08-04,64.35,64.36,63.83,63.86,381900,53.14
2005-08-03,64.25,64.60,64.15,64.50,299700,53.67
2005-08-02,63.80,64.31,63.80,64.30,402700,53.50
2005-08-01,64.15,64.15,63.66,63.75,963500,53.04
2005-07-29,64.32,64.46,63.85,63.97,482500,53.23
2005-07-28,64.18,64.43,63.96,64.43,333200,53.61
2005-07-27,63.95,64.15,63.78,64.02,335400,53.27
2005-07-26,63.95,64.00,63.69,63.88,429500,53.15
2005-07-25,64.13,64.28,63.73,63.87,461200,53.14
2005-07-22,63.47,64.10,63.47,64.10,402200,53.34
2005-07-21,64.30,64.30,63.34,63.47,633400,52.81
2005-07-20,63.45,64.04,63.35,63.97,452800,53.23
2005-07-19,63.49,63.56,63.28,63.50,625000,52.84
2005-07-18,63.38,63.40,63.15,63.25,364800,52.63
2005-07-15,63.54,63.55,63.25,63.41,347600,52.76
2005-07-14,63.77,64.00,63.31,63.45,731100,52.80
2005-07-13,63.45,63.57,63.32,63.44,635400,52.79
2005-07-12,63.30,63.54,63.07,63.36,2170400,52.72
2005-07-11,62.76,63.17,62.75,63.15,2946100,52.55
2005-07-08,62.10,62.79,62.01,62.78,357800,52.24
2005-07-07,61.60,62.10,61.40,62.10,494000,51.67
2005-07-06,62.51,62.59,61.97,62.03,332900,51.61
2005-07-05,62.17,62.61,62.00,62.56,305600,52.05
2005-07-01,62.20,62.24,61.92,62.20,222500,51.75
2005-06-30,62.21,62.33,61.69,61.73,349200,51.36
2005-06-29,62.35,62.40,62.04,62.20,362000,51.75
2005-06-28,61.80,62.20,61.70,62.20,425500,51.75
2005-06-27,61.60,61.66,61.34,61.52,474600,51.19
2005-06-24,61.93,61.94,61.37,61.41,440400,51.10
2005-06-23,62.54,62.54,61.82,61.83,536000,51.45
2005-06-22,62.55,62.60,62.15,62.44,379000,51.95
2005-06-21,62.35,62.49,62.16,62.30,369800,51.84
2005-06-20,62.65,62.65,62.18,62.40,667400,51.92
2005-06-17,63.12,63.13,62.72,63.00,462600,52.04
2005-06-16,62.36,62.65,62.20,62.61,442900,51.71
2005-06-15,62.37,62.43,61.90,62.40,324100,51.54
2005-06-14,61.93,62.33,61.80,62.25,603300,51.42
2005-06-13,61.79,62.10,61.53,61.92,443700,51.14
2005-06-10,61.70,61.83,61.56,61.79,606300,51.04
2005-06-09,61.60,61.70,61.25,61.69,248500,50.95
2005-06-08,61.65,61.96,61.52,61.70,397200,50.96
2005-06-07,61.80,62.15,61.60,61.70,519300,50.96
2005-06-06,61.51,61.66,61.31,61.63,369800,50.90
2005-06-03,61.82,62.00,61.42,61.65,327700,50.92
2005-06-02,61.85,61.90,61.63,61.82,513700,51.06
2005-06-01,61.45,62.13,61.33,61.95,3043500,51.17
2005-05-31,61.45,61.53,61.20,61.30,409100,50.63
2005-05-27,61.20,61.50,61.20,61.48,260900,50.78
2005-05-26,61.30,61.36,61.12,61.29,350200,50.62
2005-05-25,61.10,61.22,60.83,61.08,385100,50.45
2005-05-24,61.35,61.37,61.08,61.30,385000,50.63
2005-05-23,61.35,61.49,61.15,61.38,620900,50.70
2005-05-20,61.27,61.30,60.92,61.24,333600,50.58
2005-05-19,61.40,61.40,60.92,61.27,519000,50.61
2005-05-18,60.99,61.24,60.87,61.16,673000,50.52
2005-05-17,60.08,60.61,59.82,60.57,441800,50.03
2005-05-16,59.40,60.09,59.31,60.09,328300,49.63
2005-05-13,59.69,59.98,58.87,59.40,624300,49.06
2005-05-12,60.68,60.68,59.74,59.88,578300,49.46
2005-05-11,60.55,60.56,60.00,60.53,585100,50.00
2005-05-10,60.70,60.70,60.22,60.43,449400,49.91
2005-05-09,60.59,60.83,60.30,60.83,345100,50.24
2005-05-06,60.95,60.98,60.35,60.45,534300,49.93
2005-05-05,60.99,61.00,60.21,60.65,583100,50.10
2005-05-04,60.34,60.83,60.07,60.78,545700,50.20
2005-05-03,60.09,60.34,59.75,60.04,414700,49.59
2005-05-02,59.61,60.05,59.55,60.05,332000,49.60
2005-04-29,59.05,59.60,58.70,59.55,389000,49.19
2005-04-28,59.46,59.46,58.79,58.83,358100,48.59
2005-04-27,58.80,59.56,58.56,59.36,414900,49.03
2005-04-26,59.66,59.69,59.05,59.10,377100,48.81
2005-04-25,59.35,59.66,59.22,59.66,393600,49.28
2005-04-22,59.24,59.37,58.61,59.20,525400,48.90
2005-04-21,58.60,59.11,58.35,59.11,556700,48.82
2005-04-20,59.16,59.19,58.15,58.22,822900,48.09
2005-04-19,58.94,59.05,58.64,59.00,655600,48.73
2005-04-18,57.81,58.69,57.80,58.62,1162000,48.42
2005-04-15,59.00,59.11,57.95,58.11,2708800,48.00
2005-04-14,59.75,59.80,58.94,59.05,525200,48.77
2005-04-13,60.37,60.37,59.59,59.80,322200,49.39
2005-04-12,59.94,60.48,59.46,60.37,418200,49.86
2005-04-11,59.95,60.05,59.75,59.97,367000,49.53
2005-04-08,60.48,60.48,59.85,59.93,314700,49.50
2005-04-07,60.27,60.50,60.03,60.49,436200,49.96
2005-04-06,60.00,60.40,60.00,60.25,390900,49.76
2005-04-05,59.86,60.14,59.85,60.05,328800,49.60
2005-04-04,59.62,59.88,59.39,59.85,588200,49.43
2005-04-01,60.50,60.51,59.52,59.74,1299000,49.34
2005-03-31,59.69,60.00,59.60,59.95,409300,49.52
2005-03-30,59.01,59.69,59.01,59.69,373800,49.30
2005-03-29,59.25,59.62,58.81,58.92,392400,48.67
2005-03-28,59.40,59.58,59.30,59.40,501000,49.06
2005-03-24,59.27,59.60,59.20,59.25,649200,48.94
2005-03-23,59.84,59.88,59.42,59.69,564200,48.92
2005-03-22,60.25,60.79,59.77,59.85,624400,49.05
2005-03-21,60.65,60.65,60.13,60.45,442500,49.55
2005-03-18,61.00,61.00,60.22,60.65,356200,49.71
2005-03-17,60.56,60.84,60.40,60.82,388100,49.85
2005-03-16,61.30,61.34,60.48,60.60,626000,49.67
2005-03-15,61.92,62.04,61.34,61.45,424800,50.36
2005-03-14,61.47,61.90,61.42,61.90,361300,50.73
2005-03-11,61.69,61.80,61.15,61.42,369300,50.34
2005-03-10,61.45,61.70,61.10,61.65,437000,50.53
2005-03-09,62.01,62.09,61.36,61.45,415800,50.36
2005-03-08,62.50,62.50,61.96,62.15,455400,50.94
2005-03-07,62.29,62.42,62.11,62.33,578900,51.09
2005-03-04,61.60,62.15,61.54,62.08,539500,50.88
2005-03-03,61.41,61.56,61.00,61.45,328400,50.36
2005-03-02,61.05,61.57,61.05,61.40,371800,50.32
2005-03-01,61.20,61.53,61.08,61.50,446300,50.41
2005-02-28,61.21,61.26,60.67,61.05,432800,50.04
2005-02-25,60.77,61.29,60.54,61.29,491000,50.23
2005-02-24,60.40,60.69,60.12,60.69,509000,49.74
2005-02-23,60.09,60.30,59.91,60.25,420000,49.38
2005-02-22,60.90,60.90,59.75,59.84,681600,49.05
2005-02-18,60.85,60.86,60.51,60.72,379700,49.77
2005-02-17,61.20,61.20,60.70,60.78,495700,49.82
2005-02-16,61.26,61.32,60.92,61.20,504600,50.16
2005-02-15,61.11,61.34,61.04,61.26,522000,50.21
2005-02-14,61.10,61.12,60.83,61.10,625200,50.08
2005-02-11,60.69,60.98,60.37,60.90,509900,49.91
2005-02-10,60.66,60.72,60.35,60.69,324400,49.74
2005-02-09,60.90,60.93,60.35,60.41,535900,49.51
2005-02-08,60.92,60.98,60.66,60.83,531300,49.86
2005-02-07,60.94,60.94,60.66,60.85,593900,49.87
2005-02-04,60.06,60.80,60.06,60.80,627800,49.83
2005-02-03,60.25,60.25,59.91,60.18,406800,49.32
2005-02-02,60.09,60.30,59.90,60.25,505900,49.38
2005-02-01,59.70,60.00,59.50,59.98,548200,49.16
2005-01-31,59.44,59.56,59.21,59.54,566600,48.80
2005-01-28,59.11,59.26,58.63,58.95,586300,48.32
2005-01-27,59.30,59.49,59.01,59.21,448100,48.53
2005-01-26,59.09,59.32,58.95,59.26,495800,48.57
2005-01-25,59.28,59.38,58.82,58.91,489200,48.28
2005-01-24,59.35,59.35,58.97,59.04,484200,48.39
2005-01-21,59.55,59.61,58.96,59.10,464100,48.44
2005-01-20,59.49,59.55,59.11,59.31,418500,48.61
2005-01-19,59.99,60.03,59.45,59.55,538200,48.81
2005-01-18,59.21,59.99,59.14,59.99,595300,49.17
2005-01-14,59.40,59.40,59.01,59.39,458200,48.68
2005-01-13,59.50,59.56,59.01,59.15,543500,48.48
2005-01-12,59.45,59.58,58.96,59.50,1928100,48.77
2005-01-11,59.78,59.83,59.24,59.44,1441000,48.72
2005-01-10,59.90,60.01,59.56,59.78,496400,49.00
2005-01-07,60.09,60.15,59.48,59.67,3058700,48.91
2005-01-06,59.94,60.02,59.62,59.86,654100,49.06
2005-01-05,60.15,60.20,59.61,59.68,2245700,48.91
2005-01-04,60.76,60.81,59.95,60.15,1715900,49.30
2005-01-03,61.74,61.75,60.61,60.70,768900,49.75
2004-12-31,61.65,61.70,61.34,61.40,375800,50.32
2004-12-30,61.64,61.65,61.45,61.58,315300,50.47
2004-12-29,61.60,61.60,61.28,61.58,374800,50.47
2004-12-28,61.14,61.41,61.03,61.41,390300,50.33
2004-12-27,61.35,61.50,60.97,61.07,378100,50.05
2004-12-23,61.49,61.49,61.26,61.39,855700,50.32
2004-12-22,61.69,61.95,61.55,61.78,917700,50.23
2004-12-21,61.19,61.56,61.00,61.56,617200,50.05
2004-12-20,60.92,61.28,60.82,60.95,512300,49.56
2004-12-17,61.26,61.26,60.57,60.95,498400,49.56
2004-12-16,61.49,61.49,60.95,61.30,603700,49.84
2004-12-15,61.00,61.45,60.90,61.45,499500,49.96
2004-12-14,60.90,61.03,60.71,60.99,512700,49.59
2004-12-13,60.24,60.74,60.20,60.73,411000,49.38
2004-12-10,59.95,60.12,59.70,60.08,613900,48.85
2004-12-09,60.05,60.08,59.44,59.95,548600,48.74
2004-12-08,60.20,60.20,59.74,60.04,576700,48.82
2004-12-07,61.00,61.00,59.92,59.92,541600,48.72
2004-12-06,60.75,61.20,60.60,60.82,606800,49.45
2004-12-03,61.30,61.39,60.80,61.04,600100,49.63
2004-12-02,61.45,61.45,61.11,61.36,2226700,49.89
2004-12-01,61.30,61.39,60.93,61.39,606700,49.92
2004-11-30,61.20,61.26,60.85,61.03,478100,49.62
2004-11-29,61.55,61.59,60.75,61.20,1355100,49.76
2004-11-26,61.24,61.49,61.22,61.36,568300,49.89
2004-11-24,60.92,61.30,60.92,61.24,458700,49.79
2004-11-23,61.14,61.15,60.62,61.05,516000,49.64
2004-11-22,60.45,60.94,60.40,60.94,577700,49.55
2004-11-19,60.82,60.97,60.31,60.46,682400,49.16
2004-11-18,61.10,61.21,60.83,61.00,543700,49.60
2004-11-17,61.29,61.34,60.81,61.10,1152800,49.68
2004-11-16,61.25,61.27,60.66,60.76,626200,49.40
2004-11-15,61.74,61.79,61.20,61.40,1259100,49.92
2004-11-12,60.89,61.55,60.60,61.54,3301400,50.04
2004-11-11,60.59,60.83,60.33,60.83,936100,49.46
2004-11-10,60.28,60.48,60.15,60.28,668200,49.01
2004-11-09,60.35,60.44,60.19,60.27,486100,49.01
2004-11-08,60.30,60.34,60.08,60.22,455200,48.96
2004-11-05,60.50,60.59,59.98,60.21,1149800,48.96
2004-11-04,58.99,60.33,58.99,60.33,2064200,49.05
2004-11-03,59.00,59.24,58.71,58.99,4331200,47.96
2004-11-02,58.39,58.62,57.85,58.00,746100,47.16
2004-11-01,58.40,58.40,58.04,58.24,757800,47.35
2004-10-29,58.10,58.32,57.91,58.32,256700,47.42
2004-10-28,57.99,58.09,57.58,58.00,287000,47.16
2004-10-27,57.50,58.00,57.19,58.00,525800,47.16
2004-10-26,57.15,57.41,56.70,57.41,392600,46.68
2004-10-25,56.51,56.92,56.50,56.86,488700,46.23
2004-10-22,57.15,57.19,56.71,56.78,276000,46.17
2004-10-21,56.99,57.13,56.62,57.04,370000,46.38
2004-10-20,56.95,56.95,56.41,56.90,464800,46.26
2004-10-19,57.85,57.89,56.89,56.95,427400,46.31
2004-10-18,57.75,57.75,57.27,57.68,282600,46.90
2004-10-15,57.24,57.81,57.00,57.68,375600,46.90
2004-10-14,57.55,57.55,56.88,56.99,299200,46.34
2004-10-13,58.27,58.29,57.10,57.41,476600,46.68
2004-10-12,57.94,58.04,57.61,58.02,347700,47.18
2004-10-11,58.15,58.20,57.95,58.01,275300,47.17
2004-10-08,58.12,58.18,57.80,57.94,514600,47.11
2004-10-07,58.65,58.65,58.07,58.12,591500,47.26
2004-10-06,58.30,58.68,58.17,58.65,306800,47.69
2004-10-05,58.30,58.33,58.05,58.22,372200,47.34
2004-10-04,58.45,58.45,58.13,58.28,529600,47.39
2004-10-01,57.75,58.03,57.50,57.96,301900,47.13
2004-09-30,57.20,57.44,57.00,57.40,590800,46.67
2004-09-29,57.00,57.06,56.65,57.00,332500,46.35
2004-09-28,56.70,56.95,56.43,56.95,517400,46.31
2004-09-27,56.50,56.55,56.15,56.32,326300,45.79
2004-09-24,56.55,56.65,56.35,56.56,335200,45.99
2004-09-23,57.20,57.21,56.81,56.87,490800,45.86
2004-09-22,57.78,57.78,57.15,57.26,389900,46.18
2004-09-21,57.85,57.89,57.51,57.78,437600,46.60
2004-09-20,57.95,57.95,57.51,57.62,390000,46.47
2004-09-17,57.98,58.00,57.76,57.88,584500,46.68
2004-09-16,57.55,57.87,57.55,57.84,378400,46.65
2004-09-15,57.75,57.75,57.33,57.48,264200,46.36
2004-09-14,57.85,57.85,57.51,57.63,487200,46.48
2004-09-13,57.85,57.89,57.51,57.75,1170600,46.57
2004-09-10,57.62,57.62,57.26,57.46,347400,46.34
2004-09-09,57.55,57.62,57.27,57.50,402200,46.37
2004-09-08,57.79,57.79,57.26,57.31,531100,46.22
2004-09-07,57.70,57.90,57.52,57.80,528800,46.61
2004-09-03,57.45,57.51,57.18,57.30,338500,46.21
2004-09-02,57.04,57.40,56.92,57.40,277400,46.29
2004-09-01,56.90,57.10,56.65,56.93,425300,45.91
2004-08-31,56.65,56.85,56.46,56.85,394700,45.85
2004-08-30,56.80,56.85,56.48,56.49,366500,45.56
2004-08-27,56.67,56.75,56.50,56.70,731200,45.73
2004-08-26,56.49,56.65,56.45,56.59,341500,45.64
2004-08-25,56.30,56.53,55.96,56.53,529300,45.59
2004-08-24,56.18,56.19,55.84,56.15,351300,45.28
2004-08-23,56.18,56.24,55.82,55.90,343900,45.08
2004-08-20,55.70,56.08,55.55,56.08,376000,45.23
2004-08-19,55.98,55.98,55.50,55.70,294500,44.92
2004-08-18,55.45,55.95,55.33,55.95,532500,45.12
2004-08-17,55.45,55.53,55.26,55.37,502400,44.65
2004-08-16,54.65,55.29,54.53,55.29,487100,44.59
2004-08-13,54.78,54.79,54.20,54.45,508300,43.91
2004-08-12,54.89,54.89,54.51,54.61,392900,44.04
2004-08-11,54.65,54.90,54.29,54.90,328400,44.28
2004-08-10,54.40,54.78,54.33,54.78,336800,44.18
2004-08-09,54.14,54.30,54.00,54.22,482800,43.73
2004-08-06,54.10,54.80,53.90,54.04,1385000,43.58
2004-08-05,55.40,55.40,54.58,54.70,309600,44.11
2004-08-04,55.25,55.47,54.79,55.36,261100,44.65
2004-08-03,55.60,55.61,55.10,55.25,305300,44.56
2004-08-02,54.80,55.48,54.76,55.43,286300,44.70
2004-07-30,55.25,55.25,54.84,55.08,202800,44.42
2004-07-29,55.00,55.17,54.78,55.13,290400,44.46
2004-07-28,54.75,54.84,54.14,54.75,323400,44.15
2004-07-27,54.38,54.69,54.23,54.63,343900,44.06
2004-07-26,54.35,54.49,53.92,54.13,309100,43.65
2004-07-23,54.65,54.69,54.05,54.19,376900,43.70
2004-07-22,54.80,54.83,53.95,54.47,412300,43.93
2004-07-21,55.68,55.70,54.70,54.70,381000,44.11
2004-07-20,55.18,55.50,54.91,55.50,301000,44.76
2004-07-19,55.05,55.20,54.84,55.05,232400,44.40
2004-07-16,55.25,55.25,54.82,54.90,235200,44.28
2004-07-15,55.10,55.11,54.80,54.88,250900,44.26
2004-07-14,54.85,55.18,54.62,54.89,609600,44.27
2004-07-13,55.00,55.02,54.76,54.89,249400,44.27
2004-07-12,54.80,55.00,54.51,54.82,233100,44.21
2004-07-09,54.85,54.85,54.52,54.69,226300,44.11
2004-07-08,55.10,55.10,54.46,54.46,259200,43.92
2004-07-07,54.98,55.04,54.76,54.87,252500,44.25
2004-07-06,55.23,55.23,54.73,54.89,239500,44.27
2004-07-02,55.20,55.35,55.05,55.18,220500,44.50
2004-07-01,55.74,55.74,54.86,55.03,314700,44.38
2004-06-30,55.36,55.70,55.21,55.65,336600,44.88
2004-06-29,55.19,55.36,55.13,55.31,304400,44.61
2004-06-28,55.30,55.53,55.02,55.13,229900,44.46
2004-06-25,55.10,55.27,54.85,54.98,263400,44.34
2004-06-24,55.74,55.80,55.06,55.06,523200,44.01
2004-06-23,55.37,55.65,55.14,55.65,292200,44.48
2004-06-22,55.19,55.30,54.87,55.22,215100,44.14
2004-06-21,55.27,55.36,55.05,55.19,205500,44.11
2004-06-18,54.95,55.25,54.81,55.09,182200,44.03
2004-06-17,55.00,55.01,54.61,54.95,209600,43.92
2004-06-16,55.00,55.00,54.74,54.85,784500,43.84
2004-06-15,54.98,55.08,54.70,54.90,287200,43.88
2004-06-14,55.10,55.12,54.41,54.48,306900,43.55
2004-06-10,55.10,55.15,54.92,55.13,222700,44.07
2004-06-09,55.07,55.40,54.84,54.84,266000,43.83
2004-06-08,55.44,55.44,55.14,55.32,285900,44.22
2004-06-07,55.10,55.36,54.86,55.35,260400,44.24
2004-06-04,54.90,54.95,54.60,54.68,649700,43.71
2004-06-03,55.00,55.00,54.44,54.44,314000,43.52
2004-06-02,54.98,55.05,54.66,54.83,310900,43.83
2004-06-01,54.90,54.90,54.40,54.75,309500,43.76
2004-05-28,54.80,54.83,54.55,54.81,272000,43.81
2004-05-27,54.80,54.91,54.35,54.66,347800,43.69
2004-05-26,54.15,54.55,53.95,54.44,355800,43.52
2004-05-25,53.40,54.07,53.09,54.06,285100,43.21
2004-05-24,53.60,53.64,53.05,53.35,276800,42.64
2004-05-21,53.09,53.52,53.00,53.25,237400,42.56
2004-05-20,53.00,53.16,52.81,53.08,192400,42.43
2004-05-19,53.35,53.60,52.79,52.81,420100,42.21
2004-05-18,52.82,52.99,52.63,52.90,301600,42.28
2004-05-17,52.91,52.91,52.20,52.54,286200,42.00
2004-05-14,53.10,53.34,52.62,53.04,284900,42.40
2004-05-13,52.80,53.24,52.56,52.89,304200,42.28
2004-05-12,52.75,52.84,51.78,52.84,357700,42.24
2004-05-11,52.65,52.76,52.40,52.55,380400,42.00
2004-05-10,52.55,52.70,51.93,52.35,674400,41.84
2004-05-07,54.25,54.31,52.97,53.10,454300,42.44
2004-05-06,54.65,54.65,53.75,54.33,381900,43.43
2004-05-05,54.60,54.74,54.45,54.60,266600,43.64
2004-05-04,54.35,54.67,54.02,54.35,247400,43.44
2004-05-03,53.85,54.17,53.61,54.17,224500,43.30
2004-04-30,54.00,54.00,53.60,53.75,242800,42.96
2004-04-29,54.30,54.44,53.40,53.67,419900,42.90
2004-04-28,54.88,54.88,54.00,54.15,338700,43.28
2004-04-27,54.60,55.15,54.55,54.90,322800,43.88
2004-04-26,54.85,55.08,54.62,54.85,271400,43.84
2004-04-23,55.10,55.10,54.41,54.82,281600,43.82
2004-04-22,54.10,55.04,54.00,54.99,284900,43.95
2004-04-21,54.00,54.00,53.54,54.00,357500,43.16
2004-04-20,54.58,54.61,53.75,53.80,309200,43.00
2004-04-19,54.10,54.40,54.06,54.38,327800,43.47
2004-04-16,53.85,54.52,53.85,54.45,242600,43.52
2004-04-15,53.83,54.25,53.51,53.83,347200,43.03
2004-04-14,54.00,54.20,53.50,53.78,358400,42.99
2004-04-13,55.40,55.40,54.02,54.25,484900,43.36
2004-04-12,55.50,55.64,55.05,55.16,348100,44.09
2004-04-08,55.85,55.85,55.01,55.20,415800,44.12
2004-04-07,55.80,55.80,55.27,55.43,489400,44.31
2004-04-06,55.67,55.79,55.55,55.74,347900,44.55
2004-04-05,55.73,55.78,55.44,55.72,386800,44.54
2004-04-02,56.35,56.35,55.40,55.59,774700,44.43
2004-04-01,55.55,55.77,55.40,55.72,482200,44.54
2004-03-31,55.11,55.41,54.84,55.29,659400,44.19
2004-03-30,54.80,55.01,54.59,55.01,442900,43.97
2004-03-29,54.40,54.73,54.16,54.60,357700,43.64
2004-03-26,54.15,54.25,53.90,54.06,324100,43.21
2004-03-25,54.25,54.60,54.06,54.52,441700,43.21
2004-03-24,54.45,54.45,53.86,53.95,373400,42.76
2004-03-23,54.50,54.57,54.25,54.29,430500,43.03
2004-03-22,54.90,54.93,54.01,54.28,650100,43.02
2004-03-19,55.71,55.71,55.02,55.11,319600,43.68
2004-03-18,55.73,55.74,55.15,55.61,295900,44.07
2004-03-17,55.45,55.82,55.40,55.77,419900,44.20
2004-03-16,55.30,55.33,54.77,55.15,406800,43.71
2004-03-15,55.75,55.75,54.71,54.81,580700,43.44
2004-03-12,55.35,55.62,55.08,55.61,691800,44.07
2004-03-11,55.42,56.01,55.02,55.10,631800,43.67
2004-03-10,56.85,56.85,55.83,55.91,480400,44.31
2004-03-09,57.20,57.20,56.59,56.70,448600,44.94
2004-03-08,57.40,57.45,57.10,57.13,461900,45.28
2004-03-05,56.95,57.39,56.85,57.34,374300,45.44
2004-03-04,56.95,57.00,56.72,57.00,504800,45.17
2004-03-03,56.90,56.93,56.50,56.84,356400,45.05
2004-03-02,56.98,57.02,56.67,56.79,498900,45.01
2004-03-01,56.70,57.00,56.65,56.91,468200,45.10
2004-02-27,56.28,56.66,56.18,56.58,376900,44.84
2004-02-26,56.17,56.23,55.90,56.18,362800,44.52
2004-02-25,55.94,56.10,55.81,56.09,409500,44.45
2004-02-24,55.95,56.01,55.60,55.83,427500,44.25
2004-02-23,55.95,55.95,55.63,55.83,359800,44.25
2004-02-20,56.10,56.10,55.50,55.76,320600,44.19
2004-02-19,56.15,56.30,55.94,55.95,388100,44.34
2004-02-18,56.20,56.20,55.80,55.94,499600,44.33
2004-02-17,56.05,56.12,55.86,56.05,516800,44.42
2004-02-13,55.90,55.99,55.46,55.59,399300,44.06
2004-02-12,56.00,56.00,55.71,55.80,524800,44.22
2004-02-11,55.48,55.98,55.29,55.94,512800,44.33
2004-02-10,55.10,55.43,54.95,55.43,509200,43.93
2004-02-09,55.20,55.20,54.93,54.96,465400,43.56
2004-02-06,54.60,55.06,54.50,55.05,538100,43.63
2004-02-05,54.58,54.60,54.31,54.47,496900,43.17
2004-02-04,54.90,54.90,54.35,54.48,365500,43.18
2004-02-03,54.84,54.93,54.62,54.90,380700,43.51
2004-02-02,54.80,54.97,54.46,54.74,572600,43.38
2004-01-30,54.76,54.76,54.44,54.73,481500,43.38
2004-01-29,55.00,55.01,54.30,54.72,591500,43.37
2004-01-28,55.23,55.55,54.70,54.74,785900,43.38
2004-01-27,55.30,55.31,55.06,55.09,772300,43.66
2004-01-26,55.00,55.22,54.70,55.22,719000,43.76
2004-01-23,55.17,55.28,54.72,54.88,602600,43.49
2004-01-22,55.25,55.25,54.90,54.97,555700,43.57
2004-01-21,54.60,55.12,54.44,55.12,493800,43.68
2004-01-20,54.60,54.62,54.29,54.52,578200,43.21
2004-01-16,54.50,54.53,54.24,54.41,558900,43.12
2004-01-15,54.45,54.50,53.92,54.26,477700,43.00
2004-01-14,53.90,54.00,53.80,54.00,397300,42.80
2004-01-13,54.05,54.06,53.49,53.69,399700,42.55
2004-01-12,53.95,53.97,53.79,53.97,374000,42.77
2004-01-09,54.10,54.15,53.75,53.80,573600,42.64
2004-01-08,54.10,54.16,53.91,54.16,625500,42.92
2004-01-07,54.08,54.08,53.66,53.94,482300,42.75
2004-01-06,54.15,54.15,53.84,53.95,533900,42.76
2004-01-05,54.20,54.27,53.66,54.04,632000,42.83
2004-01-02,54.10,54.24,53.66,53.79,510800,42.63
2003-12-31,54.12,54.19,53.77,53.84,424700,42.67
2003-12-30,53.99,54.01,53.80,53.96,421800,42.77
2003-12-29,53.45,53.85,53.31,53.85,399400,42.68
2003-12-26,53.20,53.28,53.13,53.24,140500,42.19
2003-12-24,53.23,53.23,53.07,53.12,119500,42.10
2003-12-23,52.98,53.18,52.80,53.07,436800,42.06
2003-12-22,52.65,52.90,52.47,52.89,374700,41.92
2003-12-19,52.80,52.80,52.46,52.61,363800,41.70
2003-12-18,52.28,52.68,52.07,52.66,403100,41.73
2003-12-17,52.08,52.10,51.75,52.08,368700,41.28
2003-12-16,52.00,52.10,51.72,52.08,388400,41.28
2003-12-15,52.95,52.95,51.90,51.98,484300,41.20
2003-12-12,52.30,52.36,51.94,52.36,342400,41.50
2003-12-11,52.00,52.47,51.95,52.13,322000,41.09
2003-12-10,52.15,52.17,51.66,51.80,212300,40.83
2003-12-09,52.47,52.47,51.96,51.96,242800,40.95
2003-12-08,51.80,52.21,51.76,52.21,203400,41.15
2003-12-05,52.08,52.08,51.55,51.72,252600,40.76
2003-12-04,52.05,52.09,51.82,52.08,383700,41.05
2003-12-03,52.10,52.26,51.90,51.90,434200,40.91
2003-12-02,52.00,52.05,51.83,51.85,443700,40.87
2003-12-01,51.42,51.96,51.35,51.89,238700,40.90
2003-11-28,51.26,51.31,51.17,51.31,95700,40.44
2003-11-26,51.27,51.30,50.93,51.29,258300,40.42
2003-11-25,50.80,51.13,50.69,51.08,198600,40.26
2003-11-24,50.27,50.68,50.27,50.63,148800,39.90
2003-11-21,50.07,50.07,49.80,49.95,118000,39.37
2003-11-20,50.00,50.30,49.75,49.83,163100,39.27
2003-11-19,49.80,50.20,49.80,50.14,146300,39.52
2003-11-18,50.45,50.48,49.89,49.93,204100,39.35
2003-11-17,50.50,50.50,50.00,50.29,135900,39.64
2003-11-14,50.85,51.02,50.54,50.61,183700,39.89
2003-11-13,50.64,50.80,50.53,50.76,103300,40.01
2003-11-12,50.27,50.64,50.20,50.64,132600,39.91
2003-11-11,50.19,50.19,49.96,50.07,83600,39.46
2003-11-10,50.65,50.65,50.15,50.18,76000,39.55
2003-11-07,50.75,50.80,50.55,50.55,184200,39.84