2011-05-10,51.24,51.73,51.17,51.66,19800,51.66
2011-05-09,50.85,51.19,50.69,51.14,21000,51.14
2011-05-06,51.51,51.76,50.68,50.80,18400,50.80
2011-05-05,51.53,51.54,50.76,50.94,32100,50.94
2011-05-04,52.61,52.61,51.88,52.03,13000,52.03
2011-05-03,52.48,52.89,52.32,52.42,14000,52.42
2011-05-02,52.93,53.18,52.80,52.80,38000,52.80
2011-04-29,52.78,53.08,52.72,52.87,17000,52.87
2011-04-28,52.38,52.88,52.38,52.80,21700,52.80
2011-04-27,51.84,52.42,51.61,52.42,15300,52.42
2011-04-26,51.50,51.80,51.39,51.63,19700,51.63
2011-04-25,51.15,51.35,51.12,51.31,34800,51.31
2011-04-21,51.27,51.29,51.02,51.26,13400,51.26
2011-04-20,50.81,51.11,50.81,51.00,13000,51.00
2011-04-19,49.51,49.86,49.48,49.74,15400,49.74
2011-04-18,49.33,49.48,48.81,49.41,27600,49.41
2011-04-15,50.30,50.60,50.23,50.39,15100,50.39
2011-04-14,50.14,50.69,50.14,50.62,8100,50.62
2011-04-13,50.76,50.76,50.28,50.39,20600,50.39
2011-04-12,50.53,50.60,50.04,50.31,26600,50.31
2011-04-11,50.87,51.10,50.54,50.60,11600,50.60
2011-04-08,50.88,50.94,50.52,50.82,16000,50.82
2011-04-07,50.46,50.62,50.18,50.27,21900,50.27
2011-04-06,50.27,50.57,50.27,50.55,24200,50.55
2011-04-05,49.81,50.26,49.81,49.95,29300,49.95
2011-04-04,50.12,50.20,49.96,50.10,15300,50.10
2011-04-01,49.61,50.10,49.59,49.95,48900,49.95
2011-03-31,49.58,49.80,49.46,49.71,26900,49.71
2011-03-30,49.41,49.84,49.41,49.75,12400,49.75
2011-03-29,48.80,49.33,48.61,49.33,94200,49.33
2011-03-28,49.02,49.18,48.82,48.82,14100,48.82
2011-03-25,49.04,49.23,48.82,48.87,31300,48.87
2011-03-24,48.92,49.28,48.80,49.16,31200,49.16
2011-03-23,48.22,48.82,48.20,48.78,8900,48.78
2011-03-22,48.78,48.82,48.40,48.67,15300,48.67
2011-03-21,48.48,48.83,48.37,48.79,18200,48.79
2011-03-18,47.92,47.92,47.44,47.58,22600,47.38
2011-03-17,47.22,47.32,46.77,47.06,84500,46.87
2011-03-16,46.87,47.00,45.28,45.87,34000,45.68
2011-03-15,46.18,47.60,45.89,47.33,69600,47.14
2011-03-14,48.17,48.48,47.98,48.32,15900,48.12
2011-03-11,48.35,49.02,48.35,49.00,119300,48.80
2011-03-10,48.92,49.07,48.55,48.71,9900,48.51
2011-03-09,49.88,49.94,49.59,49.80,11400,49.59
2011-03-08,49.41,49.93,49.41,49.82,21000,49.61
2011-03-07,50.34,50.34,49.38,49.56,7400,49.36
2011-03-04,50.31,50.34,49.55,49.86,36000,49.65
2011-03-03,50.05,50.42,49.92,50.39,14300,50.18
2011-03-02,49.65,49.99,49.63,49.74,29600,49.54
2011-03-01,50.27,50.27,49.45,49.45,38800,49.25
2011-02-28,50.26,50.50,50.03,50.19,16700,49.98
2011-02-25,49.77,50.02,49.73,50.00,11500,49.79
2011-02-24,49.23,49.43,48.87,49.24,16900,49.04
2011-02-23,49.25,49.42,48.92,49.15,21900,48.95
2011-02-22,49.41,49.69,48.83,48.98,110000,48.78
2011-02-18,50.40,50.64,50.25,50.51,29800,50.30
2011-02-17,49.95,50.47,49.95,50.44,27000,50.23
2011-02-16,49.56,50.18,49.56,50.09,13100,49.88
2011-02-15,49.36,49.66,49.29,49.37,29700,49.17
2011-02-14,49.49,49.68,49.28,49.68,19500,49.48
2011-02-11,49.25,49.74,49.18,49.63,19700,49.43
2011-02-10,49.41,49.70,49.20,49.58,15500,49.38
2011-02-09,49.86,50.09,49.72,49.96,13100,49.75
2011-02-08,49.84,50.15,49.73,50.05,33400,49.84
2011-02-07,49.67,49.92,49.61,49.79,86500,49.58
2011-02-04,49.72,49.91,49.46,49.91,35600,49.70
2011-02-03,49.66,49.92,49.37,49.90,23500,49.69
2011-02-02,50.02,50.13,49.86,49.93,28500,49.72
2011-02-01,49.77,50.38,49.63,50.32,129500,50.11
2011-01-31,49.13,49.22,48.90,49.15,26900,48.95
2011-01-28,49.38,49.54,48.39,48.56,49500,48.36
2011-01-27,49.60,49.71,49.49,49.60,20900,49.40
2011-01-26,49.39,49.61,49.27,49.52,14700,49.32
2011-01-25,48.96,49.29,48.79,49.29,12600,49.09
2011-01-24,48.98,49.51,48.68,49.51,45300,49.31
2011-01-21,48.95,49.05,48.67,48.92,15000,48.72
2011-01-20,48.25,48.52,48.00,48.45,11600,48.25
2011-01-19,49.08,49.12,48.56,48.61,13500,48.41
2011-01-18,48.60,48.85,48.60,48.85,16500,48.65
2011-01-14,48.10,48.57,48.00,48.54,44400,48.34
2011-01-13,48.24,48.39,47.90,47.96,52700,47.76
2011-01-12,47.31,47.84,47.18,47.79,131500,47.59
2011-01-11,46.60,46.79,46.47,46.71,13400,46.52
2011-01-10,46.30,46.52,46.11,46.46,22000,46.27
2011-01-07,46.93,46.94,46.36,46.55,25600,46.36
2011-01-06,47.36,47.36,46.78,46.98,28800,46.79
2011-01-05,46.87,47.49,46.85,47.49,35700,47.29
2011-01-04,47.82,47.92,47.36,47.70,54900,47.50
2011-01-03,47.85,48.01,47.70,47.70,67000,47.50
2010-12-31,47.16,47.52,47.04,47.37,24900,47.17
2010-12-30,47.02,47.28,46.87,47.02,19200,46.83
2010-12-29,47.18,47.37,47.10,47.25,16000,47.06
2010-12-28,47.04,47.04,46.67,46.77,30300,46.58
2010-12-27,46.80,46.94,46.59,46.76,27200,46.57
2010-12-23,46.89,47.11,46.77,47.00,50000,46.81
2010-12-22,46.97,47.00,46.80,46.99,14800,46.80
2010-12-21,47.24,47.34,47.10,47.29,56000,46.77
2010-12-20,46.84,46.97,46.64,46.82,13000,46.30
2010-12-17,46.70,46.83,46.47,46.72,19300,46.20
2010-12-16,46.76,47.10,46.61,47.02,23400,46.50
2010-12-15,46.98,47.26,46.63,46.80,19900,46.28
2010-12-14,47.30,47.64,47.30,47.38,18500,46.86
2010-12-13,47.29,47.57,47.05,47.25,17100,46.73
2010-12-10,46.69,46.93,46.60,46.93,33200,46.41
2010-12-09,46.71,46.79,46.45,46.69,24600,46.17
2010-12-08,46.58,46.70,46.33,46.68,18600,46.16
2010-12-07,47.10,47.11,46.50,46.51,20300,46.00
2010-12-06,46.34,46.43,46.10,46.38,22900,45.87
2010-12-03,46.37,46.69,46.25,46.69,19200,46.17
2010-12-02,45.13,46.26,45.13,46.23,29700,45.72
2010-12-01,44.88,45.45,44.88,45.41,24500,44.91
2010-11-30,43.92,44.38,43.90,44.11,17200,43.62
2010-11-29,44.46,44.81,44.18,44.81,21300,44.31
2010-11-26,45.02,45.33,45.02,45.24,6100,44.74
2010-11-24,45.84,46.01,45.70,46.01,11000,45.50
2010-11-23,45.93,45.96,45.29,45.38,37800,44.88
2010-11-22,46.87,47.12,46.54,46.96,42300,46.44
2010-11-19,47.11,47.57,46.94,47.57,28300,47.04
2010-11-18,47.34,47.63,47.26,47.53,32700,47.00
2010-11-17,46.21,46.59,46.15,46.44,37100,45.93
2010-11-16,46.72,46.77,45.86,46.04,43900,45.53
2010-11-15,47.37,47.53,47.22,47.25,27000,46.73
2010-11-12,47.52,47.55,46.95,47.10,22100,46.58
2010-11-11,47.69,47.69,47.36,47.56,39800,47.03
2010-11-10,48.03,48.29,47.52,48.12,18400,47.59
2010-11-09,48.82,48.96,47.86,47.95,35200,47.42
2010-11-08,48.51,48.70,48.28,48.52,22900,47.98
2010-11-05,48.98,49.15,48.73,48.99,30600,48.45
2010-11-04,49.00,49.42,49.00,49.42,27300,48.87
2010-11-03,47.97,48.33,47.63,48.28,29000,47.75
2010-11-02,48.14,48.21,47.96,48.04,11900,47.51
2010-11-01,47.37,47.55,47.03,47.29,14200,46.77
2010-10-29,47.33,47.55,47.29,47.42,14200,46.90
2010-10-28,47.42,47.44,47.14,47.32,26100,46.80
2010-10-27,46.95,46.95,46.37,46.77,17800,46.25
2010-10-26,47.02,47.36,47.02,47.24,10900,46.72
2010-10-25,47.69,47.97,47.54,47.57,25400,47.04
2010-10-22,47.35,47.54,47.16,47.24,9600,46.72
2010-10-21,47.74,47.82,46.94,47.27,25800,46.75
2010-10-20,46.66,47.63,46.66,47.40,15600,46.88
2010-10-19,46.93,47.02,46.26,46.42,18500,45.91
2010-10-18,47.26,47.76,47.26,47.72,13100,47.19
2010-10-15,47.65,47.65,47.15,47.50,16500,46.98
2010-10-14,47.46,47.73,47.33,47.65,32600,47.12
2010-10-13,46.97,47.47,46.97,47.30,20800,46.78
2010-10-12,46.46,46.80,46.29,46.79,11900,46.27
2010-10-11,46.82,47.03,46.68,46.84,12900,46.32
2010-10-08,46.64,46.92,46.56,46.83,27700,46.31
2010-10-07,47.20,47.20,46.41,46.61,20600,46.10
2010-10-06,46.40,46.85,46.39,46.63,85000,46.11
2010-10-05,45.82,46.60,45.82,46.46,22100,45.95
2010-10-04,45.33,45.43,44.95,45.10,17700,44.60
2010-10-01,45.70,45.79,45.44,45.76,28800,45.25
2010-09-30,45.81,45.87,45.05,45.20,15900,44.70
2010-09-29,45.66,45.79,45.41,45.48,27700,44.98
2010-09-28,45.46,45.74,45.11,45.74,31900,45.23
2010-09-27,45.43,45.51,45.22,45.31,72400,44.81
2010-09-24,45.15,45.67,45.15,45.52,37700,45.02
2010-09-23,44.42,44.78,44.26,44.32,13800,43.83
2010-09-22,44.96,45.27,44.74,44.84,10500,44.34
2010-09-21,45.00,45.23,44.52,44.89,49600,44.39
2010-09-20,44.21,44.84,44.16,44.84,32600,44.34
2010-09-17,44.73,44.73,44.18,44.23,37300,43.50
2010-09-16,44.60,44.75,44.41,44.72,17200,43.98
2010-09-15,44.41,44.79,44.31,44.69,15800,43.95
2010-09-14,44.22,45.00,44.19,44.72,22300,43.98
2010-09-13,44.22,44.47,44.22,44.40,13500,43.67
2010-09-10,43.55,43.81,43.54,43.81,13900,43.09
2010-09-09,44.11,44.11,43.36,43.60,15700,42.88
2010-09-08,43.05,43.53,43.05,43.20,12800,42.49
2010-09-07,43.17,43.45,42.81,42.89,14700,42.18
2010-09-03,43.66,43.66,43.28,43.57,12100,42.85
2010-09-02,42.97,43.08,42.80,43.05,12100,42.34
2010-09-01,42.37,43.07,42.37,42.76,49800,42.05
2010-08-31,41.20,41.82,41.20,41.45,38600,40.77
2010-08-30,41.51,41.76,41.26,41.26,33600,40.58
2010-08-27,41.74,42.05,41.67,41.95,21400,41.26
2010-08-26,41.19,41.44,40.84,41.04,27800,40.36
2010-08-25,40.59,41.22,40.47,41.08,22700,40.40
2010-08-24,41.06,41.30,40.71,41.14,16100,40.46
2010-08-23,41.84,42.04,41.62,41.62,14500,40.93
2010-08-20,41.62,41.76,41.32,41.70,10600,41.01
2010-08-19,42.95,42.95,41.76,42.06,37000,41.37
2010-08-18,43.00,43.10,42.61,42.78,19600,42.07
2010-08-17,42.94,43.08,42.61,42.87,11800,42.16
2010-08-16,41.90,42.53,41.90,42.20,13900,41.50
2010-08-13,42.11,42.28,41.99,41.99,14900,41.30
2010-08-12,41.80,42.38,41.80,42.31,20100,41.61
2010-08-11,42.86,42.86,42.13,42.38,54300,41.68
2010-08-10,43.79,44.40,43.55,44.23,51000,43.50
2010-08-09,44.39,44.64,44.39,44.53,12400,43.80
2010-08-06,43.98,44.43,43.87,44.43,15800,43.70
2010-08-05,44.06,44.30,43.96,44.23,11500,43.50
2010-08-04,44.25,44.38,43.97,44.38,16900,43.65
2010-08-03,44.19,44.38,43.87,44.16,51800,43.43
2010-08-02,43.71,44.39,43.69,44.29,32700,43.56
2010-07-30,42.30,43.06,42.30,42.93,24000,42.22
2010-07-29,43.44,43.59,42.63,42.88,32800,42.17
2010-07-28,42.85,42.89,42.60,42.76,11500,42.05
2010-07-27,42.93,43.07,42.62,42.98,19100,42.27
2010-07-26,42.19,42.86,42.19,42.86,23700,42.15
2010-07-23,42.03,42.60,41.85,42.54,15600,41.84
2010-07-22,41.55,42.27,41.55,42.02,17900,41.33
2010-07-21,41.29,41.51,40.61,40.66,25900,39.99
2010-07-20,40.68,41.48,40.68,41.43,12800,40.75
2010-07-19,41.17,41.45,40.82,41.10,16400,40.42
2010-07-16,41.54,41.77,40.75,40.79,23800,40.12
2010-07-15,41.97,42.08,41.59,42.08,13600,41.39
2010-07-14,41.43,42.06,41.43,41.95,24200,41.26
2010-07-13,41.53,41.79,41.33,41.75,24300,41.06
2010-07-12,40.60,40.97,40.60,40.97,20200,40.29
2010-07-09,40.88,41.08,40.69,41.03,43100,40.35
2010-07-08,41.06,41.21,40.62,41.10,30400,40.42
2010-07-07,39.75,40.72,39.75,40.70,113200,40.03
2010-07-06,40.02,40.20,39.35,39.70,73300,39.04
2010-07-02,39.23,39.29,38.58,38.89,30300,38.25
2010-07-01,38.60,38.89,38.24,38.84,67300,38.20
2010-06-30,38.45,38.94,38.18,38.18,38600,37.55
2010-06-29,38.90,39.08,38.29,38.39,41600,37.76
2010-06-28,40.00,40.33,39.76,39.82,14000,39.16
2010-06-25,40.66,41.20,40.60,40.95,60300,39.47
2010-06-24,41.31,41.31,40.67,40.70,24700,39.22
2010-06-23,41.57,41.65,41.04,41.53,36400,40.02
2010-06-22,41.66,42.02,41.22,41.25,192600,39.75
2010-06-21,42.42,42.64,41.55,41.80,197300,40.28
2010-06-18,41.64,41.98,41.64,41.97,19900,40.45
2010-06-17,41.75,41.88,41.41,41.88,10100,40.36
2010-06-16,41.24,41.83,41.24,41.62,14500,40.11
2010-06-15,41.37,41.94,41.18,41.90,31200,40.38
2010-06-14,41.06,41.12,40.49,40.49,16300,39.02
2010-06-11,39.99,40.45,39.88,40.45,32100,38.98
2010-06-10,39.52,40.23,39.52,40.22,46500,38.76
2010-06-09,38.93,39.46,38.52,38.52,31100,37.12
2010-06-08,38.42,38.76,38.11,38.76,18000,37.36
2010-06-07,38.73,38.94,38.16,38.16,26600,36.78
2010-06-04,38.92,39.59,38.53,38.57,26000,37.17
2010-06-03,40.72,40.74,39.98,40.28,25100,38.82
2010-06-02,39.50,40.38,39.45,40.38,31500,38.92
2010-06-01,39.19,40.16,39.16,39.61,79400,38.17
2010-05-28,40.18,40.34,39.48,39.68,75700,38.24
2010-05-27,39.71,40.53,39.37,40.53,50500,39.06
2010-05-26,38.72,39.26,38.10,38.10,145000,36.72
2010-05-25,37.94,38.93,37.82,38.83,249200,37.42
2010-05-24,39.33,39.62,38.96,39.19,60100,37.77
2010-05-21,38.65,40.09,38.63,39.68,291600,38.24
2010-05-20,39.39,39.81,38.72,39.15,74400,37.73
2010-05-19,40.30,40.52,39.77,40.39,87600,38.93
2010-05-18,41.60,41.70,40.18,40.36,22400,38.90
2010-05-17,41.21,41.36,40.22,41.25,149800,39.75
2010-05-14,42.00,42.00,41.00,41.33,47500,39.83
2010-05-13,42.69,42.96,42.44,42.44,220200,40.90
2010-05-12,42.95,43.22,42.71,42.97,29100,41.41
2010-05-11,42.03,43.08,42.03,42.51,39300,40.97
2010-05-10,41.62,43.22,41.62,42.91,91700,41.35
2010-05-07,40.68,41.33,39.65,40.62,160300,39.15
2010-05-06,42.61,42.75,17.00,39.78,251200,38.34
2010-05-05,42.71,43.21,42.48,42.76,29700,41.21
2010-05-04,44.20,44.20,43.50,43.71,59300,42.13
2010-05-03,45.23,45.55,45.19,45.49,38200,43.84
2010-04-30,45.60,45.60,44.95,45.02,38900,43.39
2010-04-29,45.26,45.59,45.26,45.53,32500,43.88
2010-04-28,45.36,45.36,44.37,44.86,26800,43.23
2010-04-27,46.15,46.42,44.74,44.86,45600,43.23
2010-04-26,46.67,46.95,46.66,46.66,52300,44.97
2010-04-23,46.39,46.77,46.19,46.68,29000,44.99
2010-04-22,46.35,46.56,45.79,46.54,26200,44.85
2010-04-21,47.00,47.03,46.52,46.92,25000,45.22
2010-04-20,47.15,47.30,47.08,47.24,23600,45.53
2010-04-19,46.58,46.93,46.38,46.78,25800,45.08
2010-04-16,47.58,47.78,46.83,47.15,49300,45.44
2010-04-15,48.00,48.19,47.84,48.03,194100,46.29
2010-04-14,48.10,48.46,47.87,48.46,22900,46.70
2010-04-13,47.60,47.99,47.29,47.87,48200,46.13
2010-04-12,47.59,47.84,47.56,47.73,21600,46.00
2010-04-09,47.08,47.62,46.86,47.61,24800,45.88
2010-04-08,46.21,46.98,46.18,46.96,68400,45.26
2010-04-07,46.94,47.00,46.61,46.74,260000,45.05
2010-04-06,46.56,47.10,46.49,47.06,30700,45.35
2010-04-05,47.10,47.39,46.84,47.26,19700,45.55
2010-04-01,46.77,47.13,46.59,46.96,24700,45.26
2010-03-31,45.97,46.48,45.95,46.34,27500,44.66
2010-03-30,46.34,46.52,46.12,46.22,25000,44.54
2010-03-29,45.90,46.50,45.90,46.29,29700,44.61
2010-03-26,45.76,46.24,45.76,45.95,26300,44.16
2010-03-25,46.11,46.30,45.75,45.75,30200,43.96
2010-03-24,45.62,45.86,45.43,45.76,33600,43.97
2010-03-23,46.00,46.49,45.88,46.49,22700,44.67
2010-03-22,45.25,46.20,45.25,46.07,21100,44.27
2010-03-19,46.36,46.50,45.72,46.06,17300,44.26
2010-03-18,46.74,46.74,46.19,46.54,30600,44.72
2010-03-17,46.61,47.06,46.61,46.78,19500,44.95
2010-03-16,45.96,46.64,45.96,46.64,34100,44.82
2010-03-15,45.96,45.99,45.53,45.96,229300,44.16
2010-03-12,46.23,46.31,45.98,46.31,20000,44.50
2010-03-11,45.77,45.97,45.61,45.92,299800,44.13
2010-03-10,45.81,46.11,45.62,45.89,48900,44.10
2010-03-09,45.49,45.85,45.33,45.71,31500,43.92
2010-03-08,45.70,45.97,45.54,45.84,27100,44.05
2010-03-05,45.30,45.86,45.01,45.80,56200,44.01
2010-03-04,44.98,45.05,44.55,44.80,23300,43.05
2010-03-03,44.68,45.36,44.68,45.11,28200,43.35
2010-03-02,44.43,44.86,44.29,44.55,56300,42.81
2010-03-01,44.11,44.28,43.81,44.07,51100,42.35
2010-02-26,43.60,44.10,43.49,44.06,111700,42.34
2010-02-25,43.22,43.76,42.85,43.76,26000,42.05
2010-02-24,43.88,44.17,43.73,44.03,28600,42.31
2010-02-23,44.25,44.25,43.50,43.82,16800,42.11
2010-02-22,44.30,44.64,44.16,44.41,18300,42.68
2010-02-19,44.02,44.45,43.71,44.42,40100,42.69
2010-02-18,43.96,44.54,43.96,44.52,32100,42.78
2010-02-17,44.57,44.57,43.96,44.13,24000,42.41
2010-02-16,43.68,44.34,43.32,44.18,26700,42.45
2010-02-12,42.93,43.49,42.82,43.23,37400,41.54
2010-02-11,43.38,43.89,43.08,43.78,28000,42.07
2010-02-10,43.61,43.71,42.88,43.41,58700,41.71
2010-02-09,43.16,44.00,42.90,43.53,62600,41.83
2010-02-08,42.88,43.39,42.46,42.79,96300,41.12
2010-02-05,43.07,43.11,41.76,42.62,211200,40.96
2010-02-04,44.50,44.50,43.17,43.43,81500,41.73
2010-02-03,45.52,45.52,44.85,45.31,139100,43.54
2010-02-02,44.80,45.85,44.80,45.75,40300,43.96
2010-02-01,44.60,45.19,44.49,45.01,333500,43.25
2010-01-29,44.97,45.30,43.80,44.20,114200,42.47
2010-01-28,45.42,45.56,44.66,44.93,47900,43.18
2010-01-27,45.97,46.12,44.46,45.37,56700,43.60
2010-01-26,45.36,46.03,44.84,45.63,24600,43.85
2010-01-25,46.30,46.62,45.60,46.12,41800,44.32
2010-01-22,46.42,47.29,44.94,45.30,53200,43.53
2010-01-21,46.69,47.61,46.11,46.40,31000,44.59
2010-01-20,47.51,47.51,46.66,47.02,43800,45.18
2010-01-19,48.46,48.82,47.72,48.47,31600,46.58
2010-01-15,48.45,48.45,47.54,48.24,31200,46.36
2010-01-14,47.72,48.91,47.72,48.51,18900,46.62
2010-01-13,48.37,48.57,47.67,48.28,12200,46.39
2010-01-12,47.92,48.29,47.74,48.08,30800,46.20
2010-01-11,48.10,49.05,48.10,48.72,35600,46.82
2010-01-08,47.58,48.23,47.58,48.00,20900,46.13
2010-01-07,48.15,48.15,47.36,47.81,25300,45.94
2010-01-06,48.27,48.27,47.71,48.18,41000,46.30
2010-01-05,47.65,48.30,47.65,48.09,52700,46.21
2010-01-04,47.18,48.14,47.18,47.96,49100,46.09
2009-12-31,47.28,47.28,46.54,46.69,24100,44.87
2009-12-30,46.89,46.97,46.58,46.95,24700,45.12
2009-12-29,47.05,47.35,46.75,46.99,39400,45.15
2009-12-28,47.54,47.54,46.92,46.95,27700,45.12
2009-12-24,47.18,47.18,46.58,46.87,12200,45.04
2009-12-23,46.62,46.80,46.35,46.63,23100,44.81
2009-12-22,46.57,46.75,45.72,46.15,28800,44.35
2009-12-21,46.34,46.34,45.67,45.77,26900,43.98
2009-12-18,46.66,46.70,45.83,46.37,50000,44.04
2009-12-17,46.17,46.47,45.89,46.07,38800,43.76
2009-12-16,47.03,47.84,46.74,47.29,20900,44.92
2009-12-15,46.72,47.60,46.62,46.81,17500,44.46
2009-12-14,46.99,47.42,46.86,47.39,32400,45.01
2009-12-11,47.06,47.06,46.52,46.80,29400,44.45
2009-12-10,46.47,47.45,46.00,47.07,84200,44.71
2009-12-09,47.21,47.21,46.25,46.76,23900,44.41
2009-12-08,47.72,47.92,46.26,46.45,59500,44.12
2009-12-07,48.17,48.17,47.36,47.65,32300,45.26
2009-12-04,48.04,48.89,47.02,47.68,57300,45.29
2009-12-03,48.03,48.74,47.73,48.10,108900,45.69
2009-12-02,48.37,49.05,47.26,47.26,120500,44.89
2009-12-01,47.46,48.44,47.46,48.07,26700,45.66
2009-11-30,47.38,47.41,46.58,47.22,42500,44.85
2009-11-27,46.77,47.35,46.67,46.95,8600,44.59
2009-11-25,47.87,48.58,47.75,48.44,15400,46.01
2009-11-24,47.77,48.48,47.22,47.51,29800,45.12
2009-11-23,47.79,49.00,47.71,47.99,31400,45.58
2009-11-20,46.55,47.50,46.48,47.28,22000,44.91
2009-11-19,47.48,47.57,46.89,47.20,22800,44.83
2009-11-18,47.97,48.90,47.27,48.18,30600,45.76
2009-11-17,47.88,48.24,47.69,48.24,49900,45.82
2009-11-16,48.39,48.80,48.00,48.47,28400,46.04
2009-11-13,47.15,47.97,47.15,47.64,20500,45.25
2009-11-12,47.49,48.20,47.25,47.25,25600,44.88
2009-11-11,48.44,48.54,47.01,47.01,21400,44.65
2009-11-10,48.12,48.66,47.15,47.96,38200,45.55
2009-11-09,46.94,47.95,46.55,47.95,18400,45.54
2009-11-06,45.60,46.94,45.59,46.53,16600,44.19
2009-11-05,46.39,46.60,46.05,46.30,18200,43.98
2009-11-04,46.32,48.46,45.37,45.62,21900,43.33
2009-11-03,44.59,45.45,44.59,45.11,30400,42.85
2009-11-02,45.17,45.93,44.78,45.29,25300,43.02
2009-10-30,46.30,46.60,44.75,44.94,75100,42.68
2009-10-29,45.80,47.41,45.79,46.58,48000,44.24
2009-10-28,46.50,46.50,45.13,45.27,31200,43.00
2009-10-27,46.58,47.04,46.31,46.47,19600,44.14
2009-10-26,47.31,48.09,46.31,46.60,36300,44.26
2009-10-23,48.16,48.92,47.06,47.33,21800,44.95
2009-10-22,47.90,48.24,47.11,48.08,29000,45.67
2009-10-21,47.52,48.69,47.52,47.81,20700,45.41
2009-10-20,48.35,48.49,47.11,47.87,25200,45.47
2009-10-19,47.39,48.33,46.48,48.07,53400,45.66
2009-10-16,47.72,48.30,47.03,47.40,16700,45.02
2009-10-15,47.32,48.00,47.32,48.00,27500,45.59
2009-10-14,47.99,48.50,47.49,48.00,23000,45.59
2009-10-13,47.17,47.90,46.40,46.96,14600,44.60
2009-10-12,47.98,47.98,46.60,47.00,21200,44.64
2009-10-09,46.61,47.97,46.23,46.62,21300,44.28
2009-10-08,46.04,47.37,46.04,47.14,30000,44.77
2009-10-07,45.76,46.05,45.70,45.91,12500,43.61
2009-10-06,45.80,46.14,45.68,45.85,20800,43.55
2009-10-05,44.38,45.34,44.38,45.13,35700,42.86
2009-10-02,44.97,45.21,44.00,44.21,27200,41.99
2009-10-01,45.85,47.65,44.36,45.10,70500,42.84
2009-09-30,46.23,46.60,45.81,46.12,25800,43.80
2009-09-29,46.54,48.25,45.94,46.16,18800,43.84
2009-09-28,45.52,46.70,45.52,46.22,22500,43.90
2009-09-25,46.09,46.15,45.34,45.50,45000,43.22
2009-09-24,46.83,48.22,45.85,46.19,45400,43.87
2009-09-23,47.75,48.11,46.82,46.91,49700,44.55
2009-09-22,47.17,47.20,46.56,47.05,22600,44.69
2009-09-21,46.54,46.54,45.08,46.43,21100,44.10
2009-09-18,48.12,48.50,47.11,47.46,20700,44.58
2009-09-17,48.25,48.25,46.93,47.26,32800,44.39
2009-09-16,47.04,47.53,46.83,47.49,18100,44.61
2009-09-15,46.27,46.76,45.99,46.69,17500,43.86
2009-09-14,45.67,46.53,45.67,46.53,37400,43.71
2009-09-11,46.83,46.83,46.26,46.49,20200,43.67
2009-09-10,45.60,47.08,45.60,46.42,41200,43.61
2009-09-09,45.78,46.30,45.68,46.11,16800,43.31
2009-09-08,45.27,45.79,45.27,45.55,26600,42.79
2009-09-04,43.85,45.02,43.85,44.60,26400,41.90
2009-09-03,44.00,44.05,43.59,43.90,45800,41.24
2009-09-02,43.34,43.90,43.00,43.64,28100,40.99
2009-09-01,43.84,44.77,43.45,43.62,70900,40.98
2009-08-31,45.91,45.91,44.30,44.91,69300,42.19
2009-08-28,45.50,45.51,44.81,44.95,62500,42.22
2009-08-27,44.75,45.09,44.22,44.99,56300,42.26
2009-08-26,44.50,44.77,44.27,44.35,31900,41.66
2009-08-25,44.52,45.24,44.51,44.84,38900,42.12
2009-08-24,45.71,45.71,44.39,44.52,19500,41.82
2009-08-21,44.07,44.66,44.00,44.44,32600,41.75
2009-08-20,43.00,43.69,43.00,43.62,18800,40.98
2009-08-19,42.27,43.32,42.13,43.18,29900,40.56
2009-08-18,41.85,42.78,41.85,42.59,14900,40.01
2009-08-17,41.75,42.21,41.40,41.92,23500,39.38
2009-08-14,43.84,43.84,42.20,43.44,19600,40.81
2009-08-13,43.95,44.00,43.47,43.70,16800,41.05
2009-08-12,42.60,43.54,42.60,43.36,63800,40.73
2009-08-11,42.70,42.88,42.42,42.87,25700,40.27
2009-08-10,43.07,43.15,42.63,42.97,27800,40.36
2009-08-07,43.41,43.55,43.03,43.10,79300,40.49
2009-08-06,43.72,43.78,42.50,43.05,24700,40.44
2009-08-05,44.38,44.38,43.25,43.81,27900,41.15
2009-08-04,43.31,44.18,43.19,43.79,28000,41.13
2009-08-03,43.53,45.81,43.10,43.80,23200,41.14
2009-07-31,42.52,43.43,42.40,42.72,35100,40.13
2009-07-30,41.90,42.67,41.90,42.43,62000,39.86
2009-07-29,42.02,42.02,41.13,41.29,29600,38.79
2009-07-28,41.44,41.93,41.16,41.88,31600,39.34
2009-07-27,41.47,42.18,41.42,42.18,33100,39.62
2009-07-24,41.38,41.98,41.22,41.92,23700,39.38
2009-07-23,40.53,41.96,40.53,41.70,71700,39.17
2009-07-22,40.53,41.11,40.15,40.73,98500,38.26
2009-07-21,40.75,41.04,40.10,40.54,45300,38.08
2009-07-20,39.96,40.78,39.89,40.78,43900,38.31
2009-07-17,39.88,39.88,39.41,39.82,11100,37.41
2009-07-16,39.71,40.05,39.24,39.40,47400,37.01
2009-07-15,38.22,39.71,38.22,39.44,28400,37.05
2009-07-14,37.92,38.15,37.65,38.00,37000,35.70
2009-07-13,36.87,37.94,36.87,37.81,23700,35.52
2009-07-10,36.69,37.31,36.68,36.81,19300,34.58
2009-07-09,38.17,38.17,37.18,37.27,9100,35.01
2009-07-08,37.20,37.60,36.19,36.83,47400,34.60
2009-07-07,37.74,38.01,37.24,37.34,17900,35.08
2009-07-06,37.91,38.25,37.22,38.20,23700,35.88
2009-07-02,38.60,38.75,37.64,38.10,48000,35.79
2009-07-01,39.03,39.93,39.03,39.47,83100,37.08
2009-06-30,39.52,39.52,38.70,39.18,8500,36.80
2009-06-29,39.30,39.81,39.02,39.05,88400,36.68
2009-06-26,38.66,39.37,38.29,38.98,18800,36.62
2009-06-25,37.61,39.28,37.61,39.16,66900,36.79
2009-06-24,37.27,39.35,37.21,38.07,82200,35.76
2009-06-23,35.94,38.75,34.38,37.45,70200,35.18
2009-06-22,39.69,40.10,36.31,36.33,102900,34.13
2009-06-19,39.33,40.04,38.50,39.76,158100,36.48
2009-06-18,39.06,39.75,39.06,39.48,38100,36.23
2009-06-17,39.05,39.56,38.76,39.34,28000,36.10
2009-06-16,39.70,39.89,39.06,39.23,22700,36.00
2009-06-15,40.21,40.21,39.29,39.43,24700,36.18
2009-06-12,40.81,41.03,40.62,41.02,17200,37.64
2009-06-11,40.68,41.47,40.61,41.11,15100,37.72
2009-06-10,41.06,41.06,39.93,40.49,37200,37.15
2009-06-09,40.03,40.54,39.90,40.43,19800,37.10
2009-06-08,39.61,40.05,39.27,39.80,53500,36.52
2009-06-05,40.71,41.12,39.73,39.89,70800,36.60
2009-06-04,40.66,40.72,40.27,40.54,65700,37.20
2009-06-03,40.90,41.28,39.96,40.31,68900,36.99
2009-06-02,40.68,41.68,40.68,41.62,113900,38.19
2009-06-01,41.00,41.35,40.15,40.93,92100,37.56
2009-05-29,39.79,40.20,39.71,40.20,22000,36.89
2009-05-28,39.19,39.67,38.97,39.58,36100,36.32
2009-05-27,39.52,39.81,38.96,38.96,31600,35.75
2009-05-26,38.88,39.90,38.36,39.71,29400,36.44
2009-05-22,39.03,39.25,38.76,39.11,26000,35.89
2009-05-21,38.39,38.91,38.34,38.86,60100,35.66
2009-05-20,39.02,39.59,38.71,38.93,37000,35.72
2009-05-19,38.44,39.00,38.44,38.64,26700,35.46
2009-05-18,37.83,38.57,37.42,38.53,76200,35.35
2009-05-15,37.62,37.72,36.88,37.12,31200,34.06
2009-05-14,36.93,37.83,36.73,37.58,31100,34.48
2009-05-13,38.33,38.33,36.96,37.13,36600,34.07
2009-05-12,38.50,38.50,37.79,38.35,35700,35.19
2009-05-11,39.32,39.32,37.80,37.91,44300,34.79
2009-05-08,38.05,39.00,37.98,38.97,48000,35.76
2009-05-07,38.13,38.36,36.99,37.16,74400,34.10
2009-05-06,37.83,37.97,37.12,37.85,32100,34.73
2009-05-05,37.43,37.43,36.67,36.95,45800,33.90
2009-05-04,36.06,37.34,36.06,37.33,19600,34.25
2009-05-01,35.86,35.95,35.43,35.77,31800,32.82
2009-04-30,35.17,36.09,35.17,35.39,51000,32.47
2009-04-29,35.09,35.76,34.72,35.24,22700,32.34
2009-04-28,33.91,34.70,33.89,34.51,13200,31.67
2009-04-27,34.68,35.13,34.40,34.59,25400,31.74
2009-04-24,35.15,35.33,34.77,35.09,43400,32.20
2009-04-23,34.01,34.54,33.34,34.47,42100,31.63
2009-04-22,33.97,34.21,33.25,33.46,43100,30.70
2009-04-21,33.03,34.07,33.03,33.91,48600,31.12
2009-04-20,34.82,34.82,33.15,33.20,49000,30.46
2009-04-17,34.82,34.97,34.55,34.82,28800,31.95
2009-04-16,34.87,35.11,33.98,34.95,178700,32.07
2009-04-15,33.93,34.73,33.90,34.72,29600,31.86
2009-04-14,34.35,34.50,33.98,33.98,55800,31.18
2009-04-13,33.52,34.77,33.52,34.50,74700,31.66
2009-04-09,33.91,34.31,33.60,33.90,82400,31.11
2009-04-08,33.64,33.68,32.96,33.37,29400,30.62
2009-04-07,33.20,33.42,32.90,33.05,36700,30.33
2009-04-06,33.56,33.80,33.28,33.65,30200,30.88
2009-04-03,33.93,34.21,33.63,34.20,36600,31.38
2009-04-02,33.89,34.64,33.60,33.98,33500,31.18
2009-04-01,31.79,32.83,31.62,32.74,39900,30.04
2009-03-31,31.43,32.36,31.43,32.07,73900,29.43
2009-03-30,31.45,31.45,30.65,31.08,68600,28.52
2009-03-27,32.53,32.53,31.98,32.03,324900,29.39
2009-03-26,33.25,33.52,32.92,33.26,53100,30.52
2009-03-25,32.32,33.37,32.25,33.02,50700,30.30
2009-03-24,33.22,33.22,32.24,32.24,58700,29.58
2009-03-23,32.36,33.40,30.25,33.35,46900,30.60
2009-03-20,31.95,31.95,31.11,31.33,155700,28.65
2009-03-19,32.63,32.67,31.78,31.89,38400,29.16
2009-03-18,30.66,32.03,30.26,31.76,74800,29.04
2009-03-17,30.02,31.10,30.02,31.10,182300,28.44
2009-03-16,30.31,30.83,30.18,30.29,44900,27.70
2009-03-13,31.16,31.16,29.42,29.86,95300,27.30
2009-03-12,28.74,29.81,28.65,29.74,44600,27.19
2009-03-11,29.01,29.36,28.63,29.09,27500,26.60
2009-03-10,27.87,29.10,27.87,28.97,45100,26.49
2009-03-09,26.56,27.60,26.56,26.95,95500,24.64
2009-03-06,27.85,28.41,27.15,27.78,91500,25.40
2009-03-05,28.99,28.99,27.54,27.89,92100,25.50
2009-03-04,28.67,29.51,27.56,29.13,161000,26.63
2009-03-03,28.26,28.51,27.75,27.92,131800,25.53
2009-03-02,28.51,29.40,28.04,28.21,186000,25.79
2009-02-27,30.01,30.74,29.49,30.12,47800,27.54
2009-02-26,30.62,31.10,30.08,30.19,118100,27.60
2009-02-25,30.75,30.89,29.96,30.43,39300,27.82
2009-02-24,30.13,31.28,29.57,31.23,84200,28.55
2009-02-23,31.17,31.25,29.88,29.91,60500,27.35
2009-02-20,30.64,31.29,29.75,30.97,55100,28.32
2009-02-19,31.45,32.30,31.19,31.30,118000,28.62
2009-02-18,31.88,31.88,31.18,31.45,80600,28.76
2009-02-17,31.96,32.07,31.14,31.67,102800,28.96
2009-02-13,33.73,33.92,33.24,33.43,35000,30.57
2009-02-12,32.90,33.68,32.72,33.68,41200,30.79
2009-02-11,34.74,34.74,33.33,33.59,92100,30.71
2009-02-10,35.02,35.10,33.19,33.48,40000,30.61
2009-02-09,35.64,35.64,34.96,35.19,34600,32.18
2009-02-06,34.00,35.37,34.00,35.17,33400,32.16
2009-02-05,35.11,35.11,33.50,34.13,109800,31.21
2009-02-04,34.18,34.60,33.61,33.74,44600,30.85
2009-02-03,33.60,34.49,33.12,34.20,49300,31.27
2009-02-02,32.71,34.08,32.69,32.90,42300,30.08
2009-01-30,33.80,34.08,33.28,33.41,41300,30.55
2009-01-29,34.38,34.38,33.43,33.44,33000,30.58
2009-01-28,35.24,35.50,34.66,34.94,121600,31.95
2009-01-27,33.65,34.22,33.38,34.13,38500,31.21
2009-01-26,33.30,33.88,33.04,33.61,51400,30.73
2009-01-23,31.79,33.08,31.60,33.00,44500,30.17
2009-01-22,32.82,33.39,32.30,32.94,88800,30.12
2009-01-21,33.40,34.32,32.68,34.05,189600,31.13
2009-01-20,33.76,35.60,32.50,32.51,59500,29.73
2009-01-16,35.84,36.66,34.60,35.20,101800,32.18
2009-01-15,34.44,35.28,33.68,34.82,212000,31.84
2009-01-14,35.15,36.79,34.39,34.51,93900,31.55
2009-01-13,36.05,36.35,35.63,35.99,62200,32.91
2009-01-12,37.68,37.68,36.56,36.64,148500,33.50
2009-01-09,38.75,38.75,37.66,37.82,128900,34.58
2009-01-08,38.62,39.09,38.14,38.85,153200,35.52
2009-01-07,39.00,39.11,38.21,38.49,43400,35.19
2009-01-06,38.99,39.36,38.63,39.32,90300,35.95
2009-01-05,38.67,39.26,38.46,38.83,60700,35.50
2009-01-02,38.78,39.59,38.62,39.40,22700,36.02
2008-12-31,38.27,39.24,38.16,38.60,119300,35.29
2008-12-30,37.73,38.47,37.53,38.18,168100,34.91
2008-12-29,37.85,37.85,36.93,37.29,274700,34.10
2008-12-26,37.25,38.18,36.36,36.61,149700,33.47
2008-12-24,37.12,38.99,36.70,36.78,66500,33.63
2008-12-23,37.23,37.28,36.29,36.57,124900,33.44
2008-12-22,37.82,37.82,36.23,36.85,228400,33.69
2008-12-19,39.49,39.78,38.66,39.22,119000,34.25
2008-12-18,40.78,40.80,38.91,39.50,88000,34.49
2008-12-17,40.13,41.17,39.75,40.95,144400,35.76
2008-12-16,38.91,40.99,38.66,40.98,159500,35.79
2008-12-15,38.55,39.02,38.09,38.54,139000,33.66
2008-12-12,38.19,39.12,37.51,38.82,122100,33.90
2008-12-11,38.68,39.30,37.95,38.40,71500,33.53
2008-12-10,38.34,39.00,37.87,38.35,105500,33.49
2008-12-09,37.76,39.00,37.17,37.50,210600,32.75
2008-12-08,37.46,38.38,37.08,37.81,104200,33.02
2008-12-05,35.48,36.70,34.53,36.70,127400,32.05
2008-12-04,36.12,36.77,35.00,35.37,141800,30.89
2008-12-03,35.31,36.83,35.06,36.53,46400,31.90
2008-12-02,35.58,36.38,35.04,36.33,49500,31.73
2008-12-01,36.29,36.29,34.18,34.59,60800,30.21
2008-11-28,36.81,37.48,36.58,37.19,40300,32.48
2008-11-26,36.37,37.66,36.05,37.44,101200,32.70
2008-11-25,36.97,37.35,35.93,37.15,104600,32.44
2008-11-24,35.05,36.87,34.61,36.12,253200,31.54
2008-11-21,34.01,34.46,32.21,34.25,135400,29.91
2008-11-20,34.00,34.72,31.93,32.29,82900,28.20
2008-11-19,36.06,36.34,34.01,34.01,137500,29.70
2008-11-18,36.06,37.06,35.23,36.62,104200,31.98
2008-11-17,36.42,37.25,35.00,36.42,53200,31.80
2008-11-14,37.36,38.17,36.62,36.88,40500,32.21
2008-11-13,36.26,38.98,35.30,38.98,87200,34.04
2008-11-12,37.07,37.40,36.28,36.52,50900,31.89
2008-11-11,38.52,38.84,37.51,38.22,38300,33.38
2008-11-10,40.55,40.55,38.62,38.83,61900,33.91
2008-11-07,39.07,40.06,39.07,39.96,81100,34.90
2008-11-06,40.05,40.31,37.50,37.54,123500,32.78
2008-11-05,42.18,42.69,39.98,39.98,103800,34.91
2008-11-04,41.27,42.45,41.02,42.17,73000,36.83
2008-11-03,39.57,40.17,39.33,39.88,57100,34.83
2008-10-31,38.52,39.95,38.19,39.45,43900,34.45
2008-10-30,39.78,40.20,38.39,39.91,80100,34.85
2008-10-29,37.41,39.00,37.11,38.02,51900,33.20
2008-10-28,35.46,37.29,33.98,37.29,51200,32.56
2008-10-27,34.00,35.28,33.54,33.55,115800,29.30
2008-10-24,34.06,36.31,34.05,35.54,65800,31.04
2008-10-23,37.36,38.40,36.00,37.54,52400,32.78
2008-10-22,38.83,38.83,36.08,37.23,56900,32.51
2008-10-21,40.83,41.15,39.82,40.01,68400,34.94
2008-10-20,40.85,42.23,40.68,42.23,59300,36.88
2008-10-17,38.92,41.37,38.66,39.82,64500,34.77
2008-10-16,39.60,41.01,37.65,40.70,63200,35.54
2008-10-15,41.95,44.00,38.44,38.44,94200,33.57
2008-10-14,44.41,45.02,42.03,43.12,88800,37.66
2008-10-13,40.53,43.00,40.06,43.00,24900,37.55
2008-10-10,36.63,38.61,35.57,37.65,136900,32.88
2008-10-09,42.75,43.00,38.63,39.20,90700,34.23
2008-10-08,42.17,43.34,40.89,42.62,79600,37.22
2008-10-07,45.72,46.10,42.87,42.87,70300,37.44
2008-10-06,46.04,46.13,43.05,44.96,150700,39.26
2008-10-03,48.34,49.91,47.74,47.77,40600,41.72
2008-10-02,49.14,49.14,47.76,48.03,59000,41.94
2008-10-01,49.39,50.06,48.82,49.82,67800,43.51
2008-09-30,49.12,49.81,48.62,49.81,128400,43.50
2008-09-29,50.66,50.66,35.54,47.01,56000,41.05
2008-09-26,52.90,53.14,52.49,53.11,38400,46.38
2008-09-25,53.14,53.96,53.00,53.64,85300,46.84
2008-09-24,52.81,53.04,52.01,52.13,42300,45.52
2008-09-23,53.01,53.29,51.82,52.01,61500,45.42
2008-09-22,54.09,54.33,52.96,53.15,59300,46.41
2008-09-19,54.26,54.66,52.55,54.32,193900,47.44
2008-09-18,50.20,51.31,48.83,50.86,108300,44.42
2008-09-17,50.09,50.29,44.79,48.91,136200,42.71
2008-09-16,49.98,51.42,49.68,51.40,88100,44.89
2008-09-15,51.57,52.32,51.28,51.47,49700,44.95
2008-09-12,52.98,53.81,52.79,53.68,38800,46.88
2008-09-11,51.72,52.93,51.50,52.82,51300,46.13
2008-09-10,53.45,53.50,52.82,53.06,57400,46.34
2008-09-09,54.09,54.28,52.69,52.69,58100,46.01
2008-09-08,54.69,55.66,53.52,54.23,33400,47.36
2008-09-05,53.09,53.26,52.37,53.16,51700,46.42
2008-09-04,55.16,55.17,53.42,53.45,57700,46.68
2008-09-03,55.67,55.96,55.41,55.74,48500,48.68
2008-09-02,56.49,56.73,55.84,55.95,49800,48.86
2008-08-29,56.92,56.99,56.47,56.52,44300,49.36
2008-08-28,56.69,56.81,56.44,56.77,34900,49.58
2008-08-27,55.84,56.09,55.52,55.87,35300,48.79
2008-08-26,55.29,55.67,55.07,55.37,46700,48.35
2008-08-25,56.10,56.10,55.02,55.23,74900,48.23
2008-08-22,55.97,56.22,55.84,56.05,201300,48.95
2008-08-21,55.44,55.82,55.35,55.68,44000,48.62
2008-08-20,55.47,55.59,55.06,55.59,79900,48.55
2008-08-19,55.28,55.51,55.06,55.48,49600,48.45
2008-08-18,56.93,56.93,55.93,56.12,38900,49.01
2008-08-15,56.66,56.66,56.23,56.46,61200,49.31
2008-08-14,56.49,56.95,56.39,56.72,121200,49.53
2008-08-13,57.30,57.32,56.55,56.66,335800,49.48
2008-08-12,58.88,58.88,58.21,58.29,49600,50.90
2008-08-11,59.00,59.21,58.58,58.82,174000,51.37
2008-08-08,57.67,58.88,57.58,58.83,25300,51.38
2008-08-07,59.16,59.16,58.37,58.43,34000,51.03
2008-08-06,59.25,59.64,58.78,59.56,27000,52.01
2008-08-05,58.92,59.59,55.10,59.30,212100,51.79
2008-08-04,58.40,59.13,57.87,57.98,71000,50.63
2008-08-01,58.91,58.91,58.11,58.27,43800,50.89
2008-07-31,59.33,59.50,58.66,58.80,52200,51.35
2008-07-30,59.07,59.45,58.90,59.43,38600,51.90
2008-07-29,58.28,58.95,58.13,58.91,38800,51.44
2008-07-28,59.53,59.53,58.48,58.55,38000,51.13
2008-07-25,59.60,59.91,59.36,59.58,44200,52.03
2008-07-24,60.44,60.44,59.29,59.38,90600,51.86
2008-07-23,60.58,60.84,60.36,60.59,39100,52.91
2008-07-22,59.20,60.19,58.98,60.19,105100,52.56
2008-07-21,60.11,60.29,59.90,60.02,40800,52.41
2008-07-18,59.28,59.62,58.98,59.61,31600,52.06
2008-07-17,58.79,59.19,58.50,58.91,47400,51.44
2008-07-16,56.62,57.87,56.50,57.86,75800,50.53
2008-07-15,56.82,57.45,55.32,56.77,91300,49.58
2008-07-14,58.40,58.51,57.54,57.77,180400,50.45
2008-07-11,58.15,58.50,57.41,57.95,57600,50.61
2008-07-10,58.60,59.06,58.41,59.00,45600,51.52
2008-07-09,59.63,59.65,58.44,58.49,35500,51.08
2008-07-08,58.71,59.23,58.19,59.11,95300,51.62
2008-07-07,58.77,59.45,58.28,58.66,159800,51.23
2008-07-03,59.57,59.67,58.95,59.36,32000,51.84
2008-07-02,59.99,60.14,58.85,59.03,45200,51.55
2008-07-01,59.45,59.69,58.77,59.54,64100,52.00
2008-06-30,60.99,60.99,60.44,60.51,49100,52.84
2008-06-27,60.31,60.85,60.05,60.35,71100,52.70
2008-06-26,61.19,61.19,60.01,60.15,44300,52.53
2008-06-25,61.42,62.15,61.42,61.56,84800,53.76
2008-06-24,60.76,61.15,60.27,60.86,64100,53.15
2008-06-23,60.76,61.31,60.73,61.10,62400,53.36
2008-06-20,62.06,62.07,60.86,61.12,74600,53.37
2008-06-19,62.44,62.71,62.04,62.47,33700,54.55
2008-06-18,62.82,62.95,62.45,62.78,42200,54.82
2008-06-17,63.96,63.96,63.21,63.35,48700,55.32
2008-06-16,62.91,63.40,62.69,63.10,36400,55.10
2008-06-13,62.27,62.86,62.18,62.79,48200,54.83
2008-06-12,62.59,62.82,62.13,62.41,40500,54.50
2008-06-11,63.51,63.51,62.29,62.29,90600,54.40
2008-06-10,63.58,63.94,63.38,63.59,37100,55.53
2008-06-09,65.16,65.19,64.13,64.50,117000,56.33
2008-06-06,65.70,65.85,64.58,64.65,277100,56.46
2008-06-05,65.67,66.39,65.54,66.39,180800,57.98
2008-06-04,65.43,66.60,65.07,65.33,54100,57.05
2008-06-03,66.20,66.26,65.49,65.75,76300,57.42
2008-06-02,66.24,66.27,65.76,66.08,35800,57.71
2008-05-30,66.90,67.06,66.70,66.85,46800,58.38
2008-05-29,66.47,66.87,66.22,66.69,54100,58.24
2008-05-28,66.90,66.94,66.36,66.87,35900,58.40
2008-05-27,66.75,66.97,66.32,66.77,42900,58.31
2008-05-23,67.77,67.77,66.91,67.14,87700,58.63
2008-05-22,67.98,68.16,67.66,67.93,52400,59.32
2008-05-21,68.05,68.05,67.05,67.16,44400,58.65
2008-05-20,68.29,68.29,67.67,67.91,41100,59.30
2008-05-19,68.46,68.76,68.18,68.34,35700,59.68
2008-05-16,68.13,68.64,68.01,68.64,34400,59.94
2008-05-15,67.42,68.00,67.33,67.99,35500,59.37
2008-05-14,67.11,67.46,67.00,67.00,47200,58.51
2008-05-13,66.98,67.11,66.72,67.03,32300,58.54
2008-05-12,66.98,67.47,66.66,67.47,28500,58.92
2008-05-09,66.37,66.72,66.25,66.65,42300,58.20
2008-05-08,66.97,67.20,66.76,66.93,29000,58.45
2008-05-07,66.82,67.27,66.16,66.29,43900,57.89
2008-05-06,66.82,67.69,66.75,67.56,60700,59.00
2008-05-05,67.10,67.38,66.95,67.28,28900,58.75
2008-05-02,67.16,67.27,66.71,66.89,42300,58.41
2008-05-01,66.26,66.73,66.10,66.66,113300,58.21
2008-04-30,66.28,66.94,66.28,66.42,63000,58.00
2008-04-29,66.23,66.35,66.06,66.07,38300,57.70
2008-04-28,66.77,67.02,66.56,66.67,37800,58.22
2008-04-25,66.54,66.70,66.13,66.61,44500,58.17
2008-04-24,65.85,66.38,65.45,66.14,47200,57.76
2008-04-23,66.18,66.71,65.98,66.47,35400,58.05
2008-04-22,66.52,66.64,66.09,66.30,196500,57.90
2008-04-21,66.59,67.00,66.25,67.00,55300,58.51
2008-04-18,66.28,66.61,66.15,66.43,51200,58.01
2008-04-17,65.54,65.98,65.43,65.67,34000,57.35
2008-04-16,65.63,66.56,65.62,66.43,44600,58.01
2008-04-15,64.65,64.65,64.28,64.58,28600,56.40
2008-04-14,64.14,64.30,63.95,64.19,50000,56.06
2008-04-11,64.62,64.81,63.92,63.96,39700,55.85
2008-04-10,64.89,65.16,64.45,65.06,58900,56.82
2008-04-09,65.50,65.56,64.91,65.03,30100,56.79
2008-04-08,65.29,65.56,65.23,65.55,63900,57.24
2008-04-07,66.31,66.43,65.91,66.08,71200,57.71
2008-04-04,65.75,65.98,65.23,65.79,29800,57.45
2008-04-03,64.76,66.00,64.76,65.44,48100,57.15
2008-04-02,65.17,65.55,64.88,65.29,46600,57.02
2008-04-01,64.06,65.10,63.98,65.10,95400,56.85
2008-03-31,63.27,63.62,63.19,63.49,36600,55.44
2008-03-28,63.58,63.58,62.97,62.98,35500,55.00
2008-03-27,64.24,64.24,63.13,63.18,288000,55.17
2008-03-26,63.01,63.27,62.68,62.99,29100,55.01
2008-03-25,62.71,63.19,62.39,63.12,67300,55.12
2008-03-24,61.79,62.74,61.68,62.35,48700,54.45
2008-03-20,59.92,61.03,59.67,60.88,26300,53.17
2008-03-19,61.80,62.03,60.08,60.08,52200,52.47
2008-03-18,61.60,62.45,61.30,62.33,51400,54.43
2008-03-17,59.99,61.09,59.80,60.72,42200,53.03
2008-03-14,63.08,63.08,60.96,61.49,55600,53.70
2008-03-13,62.14,63.24,61.79,63.00,41500,55.02
2008-03-12,63.18,63.36,62.67,62.75,38200,54.80
2008-03-11,62.62,62.98,61.12,62.88,50600,54.91
2008-03-10,61.91,61.93,60.72,60.84,45100,53.13
2008-03-07,61.66,62.16,61.00,61.33,36900,53.56
2008-03-06,62.97,63.70,62.04,62.04,161600,54.18
2008-03-05,62.50,63.17,62.26,62.77,42400,54.82
2008-03-04,62.11,62.40,61.56,62.33,66300,54.43
2008-03-03,62.95,63.18,62.65,63.10,106800,55.10
2008-02-29,63.87,63.87,62.87,62.90,52300,54.93
2008-02-28,64.73,65.09,64.44,64.58,99000,56.40
2008-02-27,64.58,65.49,64.49,65.12,43700,56.87
2008-02-26,63.67,65.25,63.67,64.93,80800,56.70
2008-02-25,63.16,64.02,62.94,64.02,87800,55.91
2008-02-22,63.00,63.00,61.93,62.88,63000,54.91
2008-02-21,62.92,63.15,62.20,62.22,55300,54.34
2008-02-20,61.22,62.54,61.20,62.26,74000,54.37
2008-02-19,63.54,63.54,62.20,62.40,149600,54.49
2008-02-15,61.90,62.14,61.54,62.08,36100,54.21
2008-02-14,62.92,62.92,62.00,62.00,107500,54.14
2008-02-13,62.08,62.58,61.72,62.47,58100,54.55
2008-02-12,61.63,62.36,61.42,61.73,67500,53.91
2008-02-11,60.64,60.64,59.84,60.59,122200,52.91
2008-02-08,60.45,60.78,59.85,60.47,159000,52.81
2008-02-07,60.47,61.37,60.39,60.96,156900,53.24
2008-02-06,61.75,62.08,61.04,61.18,70600,53.43
2008-02-05,62.62,62.62,61.09,61.11,59500,53.37
2008-02-04,64.49,64.51,63.98,64.01,65800,55.90
2008-02-01,64.35,64.81,63.94,64.76,36500,56.55
2008-01-31,61.72,64.25,61.72,63.64,39000,55.58
2008-01-30,62.99,64.34,62.54,63.06,80000,55.07
2008-01-29,63.35,63.41,62.78,63.38,56800,55.35
2008-01-28,62.36,63.23,61.74,63.23,30000,55.22
2008-01-25,64.19,64.19,62.06,62.34,116600,54.44
2008-01-24,61.87,62.82,61.69,62.82,67100,54.86
2008-01-23,58.65,61.01,57.41,60.89,119800,53.17
2008-01-22,58.25,61.39,58.25,61.33,159000,53.56
2008-01-18,64.43,64.60,62.92,63.34,56900,55.31
2008-01-17,65.01,65.29,62.97,63.05,268900,55.06
2008-01-16,65.33,65.70,64.24,64.44,135500,56.27
2008-01-15,66.80,66.86,65.52,65.61,94700,57.30
2008-01-14,67.97,67.99,67.59,67.84,50800,59.24
2008-01-11,67.67,67.74,66.58,66.83,171200,58.36
2008-01-10,67.63,68.76,67.46,68.39,69200,59.72
2008-01-09,67.92,68.70,67.40,68.41,53500,59.74
2008-01-08,68.74,69.03,67.54,67.65,49000,59.08
2008-01-07,68.39,68.66,67.90,68.26,53200,59.61
2008-01-04,69.09,69.36,67.86,67.98,108000,59.37
2008-01-03,69.61,69.92,69.48,69.66,55500,60.83
2008-01-02,70.33,70.33,69.28,69.28,87600,60.50
2007-12-31,70.45,70.45,69.32,69.40,34100,60.61
2007-12-28,70.26,70.47,70.02,70.39,71400,61.47
2007-12-27,70.24,70.24,69.33,69.33,77200,60.54
2007-12-26,69.72,70.04,69.58,70.00,38300,61.13
2007-12-24,70.14,70.14,69.43,69.57,28500,60.75
2007-12-21,69.75,70.43,68.76,69.34,71400,60.55
2007-12-20,68.34,68.48,67.91,68.25,33500,59.60
2007-12-19,68.12,68.50,67.70,68.09,52600,59.46
2007-12-18,68.61,68.88,67.51,68.47,58100,59.79
2007-12-17,69.22,69.22,67.76,67.84,67600,59.24
2007-12-14,71.07,71.16,70.00,70.14,84200,60.45
2007-12-13,72.37,72.49,71.44,72.29,74700,62.31
2007-12-12,74.19,74.28,72.85,73.43,223200,63.29
2007-12-11,73.71,73.95,71.84,72.07,145600,62.12
2007-12-10,73.54,73.94,73.43,73.82,61100,63.62
2007-12-07,73.19,73.54,73.11,73.37,145700,63.24
2007-12-06,73.84,73.89,72.64,73.87,241500,63.67
2007-12-05,72.50,73.00,72.43,72.80,83400,62.75
2007-12-04,71.85,72.21,71.62,71.75,95900,61.84
2007-12-03,72.48,72.59,72.17,72.20,79300,62.23
2007-11-30,73.28,75.35,72.22,72.61,64100,62.58
2007-11-29,71.84,74.98,71.50,72.13,72000,62.17
2007-11-28,71.23,72.97,71.23,72.90,89700,62.83
2007-11-27,70.12,70.95,69.95,70.88,36600,61.09
2007-11-26,71.08,72.58,69.52,69.52,48300,59.92
2007-11-23,70.65,70.92,70.39,70.83,18800,61.05
2007-11-21,69.71,70.50,69.13,69.40,64000,59.82
2007-11-20,70.51,71.12,70.04,70.83,80500,61.05
2007-11-19,72.79,72.79,69.25,69.48,88900,59.88
2007-11-16,71.26,72.56,70.59,71.29,49200,61.44
2007-11-15,71.33,73.47,70.34,70.91,84700,61.12
2007-11-14,72.93,72.93,71.87,71.90,71800,61.97
2007-11-13,71.29,72.22,71.20,72.15,123400,62.19
2007-11-12,70.61,71.32,69.86,69.88,55300,60.23
2007-11-09,71.89,74.57,71.32,71.32,47100,61.47
2007-11-08,73.17,73.79,72.17,73.10,85000,63.00
2007-11-07,73.66,73.79,72.42,72.46,104200,62.45
2007-11-06,73.39,73.96,73.38,73.96,148900,63.75
2007-11-05,72.75,73.25,72.10,73.01,134000,62.93
2007-11-02,73.89,74.77,73.14,73.99,59800,63.77
2007-11-01,74.26,75.66,73.40,73.42,84200,63.28
2007-10-31,74.79,75.51,74.55,75.43,59100,65.01
2007-10-30,74.40,74.62,74.21,74.36,63000,64.09
2007-10-29,74.52,74.80,74.28,74.79,54800,64.46
2007-10-26,73.87,74.16,73.00,74.16,150700,63.92
2007-10-25,72.96,72.96,72.24,72.78,37500,62.73
2007-10-24,72.33,72.50,71.46,72.40,42000,62.40
2007-10-23,72.58,72.70,71.96,72.70,83600,62.66
2007-10-22,70.94,71.45,70.75,71.44,47900,61.57
2007-10-19,72.92,72.92,71.62,71.73,34000,61.82
2007-10-18,73.09,73.40,71.98,73.24,40600,63.12
2007-10-17,73.26,73.31,72.60,72.96,62800,62.88
2007-10-16,72.67,72.67,72.14,72.30,29100,62.31
2007-10-15,73.90,73.90,72.88,73.06,41900,62.97
2007-10-12,73.34,73.77,73.22,73.76,16300,63.57
2007-10-11,73.97,73.98,72.80,73.08,46000,62.99
2007-10-10,72.82,73.03,72.63,72.90,36000,62.83
2007-10-09,72.44,73.08,72.22,73.08,96200,62.99
2007-10-08,72.05,72.37,71.91,72.23,36600,62.25
2007-10-05,72.34,72.90,72.34,72.76,42800,62.71
2007-10-04,71.88,72.54,71.56,71.99,24700,62.05
2007-10-03,71.87,71.98,71.49,71.58,36200,61.69
2007-10-02,72.14,72.20,71.73,72.06,38100,62.11
2007-10-01,71.24,72.32,71.22,72.22,45000,62.25
2007-09-28,71.30,71.43,70.86,71.20,90200,61.37
2007-09-27,71.23,71.23,70.81,71.17,42700,61.34
2007-09-26,70.28,70.44,68.90,70.26,60300,60.56
2007-09-25,69.39,69.76,69.29,69.76,39700,60.13
2007-09-24,70.14,70.23,69.80,69.91,44300,60.25
2007-09-21,69.88,70.05,69.76,69.88,42500,60.23
2007-09-20,69.80,69.81,69.39,69.46,61000,59.87
2007-09-19,69.52,70.00,68.93,69.50,152500,59.90
2007-09-18,67.18,69.37,66.95,68.93,35500,59.41
2007-09-17,66.85,67.11,66.30,66.63,32200,57.43
2007-09-14,67.16,67.61,67.16,67.55,40700,58.22
2007-09-13,67.82,68.06,67.72,67.86,43100,58.49
2007-09-12,66.95,67.62,66.84,67.39,23200,58.08
2007-09-11,66.79,67.38,66.75,67.29,14700,58.00
2007-09-10,66.74,66.81,65.71,66.30,20100,57.14
2007-09-07,66.46,66.64,65.94,66.34,49800,57.18
2007-09-06,66.88,67.30,66.50,67.10,19400,57.83
2007-09-05,66.81,67.01,66.50,66.82,28400,57.59
2007-09-04,67.04,68.02,67.04,67.83,50300,58.46
2007-08-31,67.51,67.72,66.94,67.36,47000,58.06
2007-08-30,65.63,66.79,65.63,66.12,32500,56.99
2007-08-29,65.87,66.83,65.51,66.79,12700,57.57
2007-08-28,66.12,66.14,64.85,65.52,23100,56.47
2007-08-27,66.66,66.96,66.61,66.61,30900,57.41
2007-08-24,66.21,67.13,65.81,67.13,55300,57.86
2007-08-23,66.28,66.33,65.58,66.05,44700,56.93
2007-08-22,65.09,65.57,64.90,65.56,34400,56.51
2007-08-21,63.96,64.72,63.90,63.97,13100,55.13
2007-08-20,63.94,64.67,63.47,64.20,37800,55.33
2007-08-17,63.37,63.80,62.86,63.76,40700,54.95
2007-08-16,62.20,62.63,60.39,62.16,75100,53.57
2007-08-15,64.02,64.57,63.01,63.09,104600,54.38
2007-08-14,66.05,66.05,64.73,64.85,16000,55.89
2007-08-13,66.29,66.39,65.57,65.58,156800,56.52
2007-08-10,65.20,65.85,64.88,65.76,38400,56.68
2007-08-09,66.78,67.27,66.45,66.47,23400,57.29
2007-08-08,68.08,68.86,68.08,68.34,18500,58.90
2007-08-07,66.70,67.93,66.70,67.59,36100,58.25
2007-08-06,66.85,67.42,66.35,67.42,30400,58.11
2007-08-03,67.26,67.43,66.06,66.26,42300,57.11
2007-08-02,67.49,67.81,67.33,67.66,72400,58.32
2007-08-01,67.25,67.80,66.47,67.57,84300,58.24
2007-07-31,68.24,68.56,67.37,67.37,38700,58.07
2007-07-30,67.15,67.82,66.94,67.63,30200,58.29
2007-07-27,67.27,67.69,66.28,66.28,59700,57.13
2007-07-26,68.70,68.74,66.80,67.59,63000,58.25
2007-07-25,70.40,70.40,69.31,69.89,19700,60.24
2007-07-24,71.00,71.00,69.79,69.99,46600,60.32
2007-07-23,71.40,71.57,71.18,71.28,36700,61.44
2007-07-20,71.50,71.58,70.70,70.89,35800,61.10
2007-07-19,71.67,71.88,71.54,71.67,54100,61.77
2007-07-18,71.20,71.34,70.74,71.28,97200,61.44
2007-07-17,71.60,71.81,71.47,71.54,33700,61.66
2007-07-16,71.80,71.96,71.58,71.67,18100,61.77
2007-07-13,71.65,71.93,71.64,71.87,22300,61.94
2007-07-12,70.84,71.91,70.84,71.88,18000,61.95
2007-07-11,70.21,70.66,70.19,70.66,29300,60.90
2007-07-10,70.47,70.64,69.94,69.94,23200,60.28
2007-07-09,70.91,71.08,70.83,70.96,30600,61.16
2007-07-06,70.40,70.78,70.32,70.78,37700,61.00
2007-07-05,70.48,70.50,69.90,70.21,78800,60.51
2007-07-03,70.36,70.51,70.30,70.46,33800,60.73
2007-07-02,69.50,70.39,69.39,70.13,166400,60.44
2007-06-29,69.25,69.45,68.81,69.11,22300,59.57
2007-06-28,68.87,69.22,68.82,68.82,16600,59.32
2007-06-27,68.09,68.82,68.05,68.82,23500,59.32
2007-06-26,69.02,69.04,68.52,68.54,18500,59.07
2007-06-25,68.80,69.34,68.49,68.56,42300,59.09
2007-06-22,69.26,69.33,68.55,68.75,30500,59.25
2007-06-21,68.99,69.62,68.91,69.62,33900,60.00
2007-06-20,69.98,69.98,68.78,68.78,10500,59.28
2007-06-19,69.53,69.70,69.40,69.59,10300,59.98
2007-06-18,69.67,69.67,69.31,69.48,25300,59.88
2007-06-15,69.34,70.01,69.34,69.60,17000,59.99
2007-06-14,68.14,70.37,68.14,68.67,28500,59.19
2007-06-13,67.33,68.21,67.33,68.21,24000,58.79
2007-06-12,67.65,67.83,67.07,67.07,14500,57.81
2007-06-11,67.85,68.44,67.66,68.18,25600,58.76
2007-06-08,67.35,67.96,67.16,67.91,18500,58.53
2007-06-07,68.12,68.49,67.09,67.31,29500,58.01
2007-06-06,69.24,69.24,68.42,68.60,22800,59.13
2007-06-05,69.85,69.88,69.29,69.61,16900,60.00
2007-06-04,69.74,70.05,69.74,70.05,15900,60.38
2007-06-01,69.50,69.71,69.48,69.63,18100,60.01
2007-05-31,69.26,69.31,69.03,69.18,12300,59.63
2007-05-30,68.15,68.93,68.15,68.93,58900,59.41
2007-05-29,69.04,69.06,68.49,68.61,32300,59.13
2007-05-25,68.50,68.71,68.44,68.67,8500,59.19
2007-05-24,68.89,69.09,68.08,68.16,15300,58.75
2007-05-23,69.35,69.40,68.93,68.93,27700,59.41
2007-05-22,68.89,68.95,68.68,68.69,25000,59.20
2007-05-21,68.75,68.85,68.62,68.65,65700,59.17
2007-05-18,68.49,69.04,68.47,69.04,14100,59.50
2007-05-17,68.05,68.44,68.05,68.36,20500,58.92
2007-05-16,68.57,68.63,68.21,68.63,42000,59.15
2007-05-15,68.20,68.88,68.20,68.37,20400,58.93
2007-05-14,68.40,68.46,68.03,68.30,13100,58.87
2007-05-11,67.59,68.41,67.59,68.41,8700,58.96
2007-05-10,68.00,68.16,67.06,67.10,29400,57.83
2007-05-09,68.20,68.57,68.18,68.57,22600,59.10
2007-05-08,68.25,68.30,67.90,68.30,37800,58.87
2007-05-07,68.83,69.11,68.83,68.95,25000,59.43
2007-05-04,68.58,68.75,68.58,68.73,12900,59.24
2007-05-03,68.19,68.25,68.00,68.23,6300,58.81
2007-05-02,67.90,68.32,67.90,68.23,13900,58.81
2007-05-01,67.86,67.93,67.38,67.73,19700,58.38
2007-04-30,67.95,68.16,67.55,67.55,18600,58.22
2007-04-27,67.88,68.06,67.67,67.95,31700,58.57
2007-04-26,68.08,68.17,67.85,68.02,27200,58.63
2007-04-25,68.00,68.29,67.84,68.26,23500,58.83
2007-04-24,67.60,67.71,67.29,67.58,527200,58.25
2007-04-23,67.87,68.05,67.67,67.78,45600,58.42
2007-04-20,68.10,68.35,68.00,68.29,698000,58.86
2007-04-19,67.00,67.53,67.00,67.35,32500,58.05
2007-04-18,67.60,67.97,67.50,67.75,29900,58.39
2007-04-17,67.85,67.99,67.65,67.89,19800,58.51
2007-04-16,67.64,67.85,67.64,67.81,15300,58.44
2007-04-13,66.86,67.04,66.69,67.02,23700,57.76
2007-04-12,66.06,66.77,66.06,66.74,15000,57.52
2007-04-11,66.60,66.60,66.00,66.18,19500,57.04
2007-04-10,66.25,66.52,66.24,66.52,28500,57.33
2007-04-09,65.90,65.96,65.67,65.95,92700,56.84
2007-04-05,65.68,66.03,65.68,65.92,24300,56.82
2007-04-04,65.30,65.67,65.30,65.61,22600,56.55
2007-04-03,65.05,65.41,65.02,65.26,13500,56.25
2007-04-02,64.63,64.80,64.46,64.76,9800,55.82
2007-03-30,64.34,64.65,64.32,64.49,5400,55.58
2007-03-29,64.37,64.46,64.06,64.42,5700,55.52
2007-03-28,63.87,64.04,63.63,63.70,25800,54.90
2007-03-27,64.20,64.36,64.16,64.31,20600,55.43
2007-03-26,64.32,64.52,63.96,64.52,17800,55.61
2007-03-23,64.39,64.48,64.30,64.41,9400,55.51
2007-03-22,64.40,64.45,64.13,64.30,19200,55.42
2007-03-21,63.32,64.63,63.16,64.63,81100,55.70
2007-03-20,62.49,63.03,62.49,63.01,9000,54.31
2007-03-19,62.33,62.61,62.22,62.50,15100,53.87
2007-03-16,61.77,61.93,61.45,61.68,9700,53.16
2007-03-15,61.33,61.56,61.15,61.50,9900,53.01
2007-03-14,60.55,60.98,59.90,60.94,44900,52.52
2007-03-13,61.99,62.18,60.97,60.97,21200,52.55
2007-03-12,62.05,62.58,62.05,62.47,34000,53.84
2007-03-09,62.14,62.22,61.95,62.20,21600,53.61
2007-03-08,61.86,62.35,61.86,62.01,25800,53.45
2007-03-07,61.17,61.56,61.17,61.21,29200,52.76
2007-03-06,60.83,61.46,60.77,61.29,38400,52.83
2007-03-05,59.67,60.36,59.67,59.80,76800,51.54
2007-03-02,61.91,62.05,60.87,60.87,46900,52.46
2007-03-01,61.27,61.66,60.82,61.35,62400,52.88
2007-02-28,62.40,62.64,61.99,62.22,18300,53.63
2007-02-27,63.75,63.76,61.49,62.05,42200,53.48
2007-02-26,64.97,64.97,64.62,64.86,35400,55.90
2007-02-23,64.50,64.69,64.45,64.54,21400,55.63
2007-02-22,64.26,64.48,64.23,64.48,15000,55.57
2007-02-21,63.96,64.15,63.83,64.07,22400,55.22
2007-02-20,64.29,64.47,64.10,64.47,24500,55.57
2007-02-16,64.17,64.33,64.13,64.32,13600,55.44
2007-02-15,64.42,64.44,64.30,64.41,8000,55.51
2007-02-14,63.99,64.41,63.88,64.37,26600,55.48
2007-02-13,63.26,63.53,63.24,63.53,14200,54.76
2007-02-12,63.06,63.06,62.81,62.89,10000,54.20
2007-02-09,63.44,63.52,62.91,63.10,29400,54.39
2007-02-08,63.24,63.52,63.16,63.52,25400,54.75
2007-02-07,63.53,63.72,63.50,63.53,43300,54.76
2007-02-06,63.37,63.43,63.20,63.43,15400,54.67
2007-02-05,62.79,62.93,62.65,62.73,13000,54.07
2007-02-02,63.10,63.12,62.90,63.05,15000,54.34
2007-02-01,63.11,63.19,62.88,63.15,15300,54.43
2007-01-31,62.00,62.70,61.99,62.69,11500,54.03
2007-01-30,62.35,62.46,62.26,62.46,6600,53.83
2007-01-29,61.96,62.16,61.90,62.00,13800,53.44
2007-01-26,62.10,62.10,61.69,62.00,32400,53.44
2007-01-25,62.69,62.69,61.77,61.77,28900,53.24
2007-01-24,62.60,62.88,62.60,62.85,24000,54.17
2007-01-23,62.42,62.67,62.42,62.55,7800,53.91
2007-01-22,62.54,62.54,62.07,62.14,7100,53.56
2007-01-19,61.92,62.39,61.92,62.26,10500,53.66
2007-01-18,62.12,62.12,61.63,61.78,8300,53.25
2007-01-17,61.60,61.95,61.60,61.78,24500,53.25
2007-01-16,61.98,61.98,61.65,61.81,48700,53.27
2007-01-12,61.44,61.82,61.44,61.81,13100,53.27
2007-01-11,60.59,61.29,60.59,61.13,15500,52.69
2007-01-10,60.52,60.72,60.43,60.68,7800,52.30
2007-01-09,61.22,61.42,60.94,61.16,44500,52.71
2007-01-08,61.15,61.21,60.93,61.17,9600,52.72
2007-01-05,61.43,61.43,60.92,61.10,29400,52.66
2007-01-04,61.84,62.12,61.71,61.95,17900,53.39
2007-01-03,62.62,62.62,61.84,62.08,23500,53.51
2006-12-29,61.82,61.93,61.75,61.75,7500,53.22
2006-12-28,62.03,62.03,61.75,61.93,18100,53.38
2006-12-27,61.55,61.88,61.50,61.88,14300,53.33
2006-12-26,61.04,61.10,60.89,61.03,15100,52.60
2006-12-22,61.45,61.45,60.80,61.04,55200,52.61
2006-12-21,61.30,61.46,61.17,61.33,34200,52.86
2006-12-20,61.92,61.98,61.45,61.55,17600,53.05
2006-12-19,61.23,61.78,61.23,61.72,22900,53.20
2006-12-18,61.60,61.60,61.27,61.33,5600,52.86
2006-12-15,61.78,61.78,61.32,61.32,11600,52.85
2006-12-14,61.48,61.64,61.43,61.48,36100,52.99
2006-12-13,61.12,61.27,61.04,61.26,20900,52.80
2006-12-12,60.90,62.02,60.71,61.07,82200,52.64
2006-12-11,60.56,60.98,60.48,60.80,28300,52.40
2006-12-08,60.75,60.78,60.40,60.41,27900,52.07
2006-12-07,60.80,60.92,60.59,60.59,5200,52.22
2006-12-06,60.21,60.52,60.20,60.35,9700,52.01
2006-12-05,60.22,60.56,60.22,60.56,15800,52.20
2006-12-04,59.73,60.30,59.73,60.22,18400,51.90
2006-12-01,60.00,60.00,59.45,59.83,8000,51.57
2006-11-30,59.96,60.24,59.84,60.07,69100,51.77
2006-11-29,59.62,59.81,59.49,59.77,17700,51.52
2006-11-28,58.80,59.17,58.71,59.17,12100,51.00
2006-11-27,59.40,59.40,58.77,58.83,42600,50.70
2006-11-24,59.40,59.55,59.30,59.43,2800,51.22
2006-11-22,59.45,59.52,59.29,59.45,12000,51.24
2006-11-21,59.00,59.06,58.80,59.06,9600,50.90
2006-11-20,58.68,58.85,58.61,58.71,22200,50.60
2006-11-17,58.70,59.07,58.58,59.07,12700,50.91
2006-11-16,59.28,59.28,59.12,59.13,16400,50.96
2006-11-15,58.95,59.36,58.94,59.25,20700,51.07
2006-11-14,59.04,59.20,58.89,59.05,8200,50.89
2006-11-13,58.85,58.95,58.70,58.81,10900,50.69
2006-11-10,59.07,59.07,58.90,58.99,8900,50.84
2006-11-09,58.87,59.08,58.71,58.77,12800,50.65
2006-11-08,58.50,59.12,58.50,59.02,6900,50.87
2006-11-07,59.05,59.22,58.86,58.86,9800,50.73
2006-11-06,58.35,58.81,58.35,58.75,23700,50.64
2006-11-03,58.09,58.09,57.86,57.91,11900,49.91
2006-11-02,57.77,58.08,57.77,58.08,3500,50.06
2006-11-01,58.40,58.40,57.77,57.77,10300,49.79
2006-10-31,57.70,58.05,57.70,57.95,9100,49.95
2006-10-30,57.61,57.85,57.60,57.76,6800,49.78
2006-10-27,57.88,58.06,57.68,57.70,23500,49.73
2006-10-26,58.00,58.19,57.79,58.16,9000,50.13
2006-10-25,57.35,57.72,57.25,57.67,13700,49.71
2006-10-24,56.85,57.17,56.85,57.12,17100,49.23
2006-10-23,56.78,57.27,56.78,57.14,9100,49.25
2006-10-20,57.22,57.23,57.00,57.22,4400,49.32
2006-10-19,56.80,57.05,56.72,57.03,15800,49.15
2006-10-18,56.70,56.70,56.48,56.56,23800,48.75
2006-10-17,56.30,56.45,56.21,56.37,32100,48.58
2006-10-16,56.69,56.83,56.69,56.83,4400,48.98
2006-10-13,56.44,56.56,56.35,56.50,6800,48.70
2006-10-12,56.23,56.56,56.23,56.56,5000,48.75
2006-10-11,56.00,56.09,55.93,55.93,1400,48.21
2006-10-10,55.80,55.94,55.69,55.86,15700,48.15
2006-10-09,55.71,55.83,55.68,55.79,34600,48.08
2006-10-06,55.68,55.80,55.42,55.80,4400,48.09
2006-10-05,56.05,56.15,55.95,56.15,16400,48.40
2006-10-04,55.41,55.95,55.41,55.95,10500,48.22
2006-10-03,55.30,55.62,55.25,55.48,15800,47.82
2006-10-02,55.38,55.69,55.26,55.43,7400,47.77
2006-09-29,55.55,55.72,55.43,55.59,9300,47.91
2006-09-28,55.60,55.75,55.57,55.75,1500,48.05
2006-09-27,55.50,55.75,55.40,55.75,7900,48.05
2006-09-26,55.07,55.65,55.07,55.47,22700,47.81
2006-09-25,55.05,55.38,54.65,55.38,5900,47.73
2006-09-22,55.15,55.15,54.69,54.98,4900,47.39
2006-09-21,54.93,55.05,54.87,54.94,5900,47.35
2006-09-20,54.60,54.85,54.60,54.77,21900,47.21
2006-09-19,54.56,54.58,54.05,54.18,1500,46.70
2006-09-18,54.39,54.72,54.39,54.69,16900,47.14
2006-09-15,54.53,54.53,54.32,54.39,6000,46.88
2006-09-14,54.53,54.56,54.43,54.45,4600,46.93
2006-09-13,54.50,54.64,54.35,54.59,33400,47.05
2006-09-12,54.08,54.46,54.08,54.46,10300,46.94
2006-09-11,53.90,53.90,53.62,53.86,2000,46.42
2006-09-08,54.02,54.07,54.00,54.07,2100,46.60
2006-09-07,54.00,54.18,53.75,54.04,10900,46.58
2006-09-06,55.77,55.77,54.49,54.49,13200,46.96
2006-09-05,56.30,56.31,55.27,55.53,29200,47.86
2006-09-01,55.75,55.99,55.69,55.92,3200,48.20
2006-08-31,56.14,56.22,55.28,55.28,6300,47.65
2006-08-30,55.79,56.50,55.79,56.02,12300,48.28
2006-08-29,55.10,55.93,55.10,55.93,4200,48.21
2006-08-28,54.97,55.72,54.97,55.34,6600,47.70
2006-08-25,54.60,54.75,54.60,54.72,1600,47.16
2006-08-24,54.97,55.16,54.88,54.91,7500,47.33
2006-08-23,55.99,56.10,54.05,54.68,5500,47.13
2006-08-22,54.25,54.49,54.15,54.38,3500,46.87
2006-08-21,54.75,55.27,54.75,55.14,9200,47.52
2006-08-18,54.61,54.65,54.45,54.63,2400,47.08
2006-08-17,54.56,54.74,54.46,54.55,4200,47.02
2006-08-16,54.60,54.63,54.58,54.61,5700,47.07
2006-08-15,53.79,54.00,53.79,53.98,5000,46.52
2006-08-14,53.34,53.51,53.21,53.22,2600,45.87
2006-08-11,53.10,53.27,53.04,53.11,4900,45.77
2006-08-10,53.25,53.39,53.00,53.37,7100,46.00
2006-08-09,53.92,53.92,53.57,53.57,200,46.17
2006-08-08,53.31,53.56,53.25,53.36,3500,45.99
2006-08-07,53.45,53.45,53.35,53.37,2900,46.00
2006-08-04,54.07,54.07,53.68,53.68,800,46.27
2006-08-03,53.28,53.46,53.28,53.46,800,46.08
2006-08-02,53.47,53.72,53.47,53.69,2000,46.27
2006-08-01,52.77,53.12,52.77,53.10,2100,45.77
2006-07-31,53.00,53.30,52.94,53.13,2700,45.79
2006-07-28,53.12,53.56,53.09,53.55,4100,46.15
2006-07-27,53.10,53.11,52.72,52.72,700,45.44
2006-07-26,51.97,52.22,51.90,52.22,2600,45.01
2006-07-25,52.10,52.10,51.82,52.06,1000,44.87
2006-07-24,52.05,52.52,52.03,52.52,2700,45.27
2006-07-21,51.09,51.09,51.09,51.09,600,44.03
2006-07-20,52.15,52.15,51.34,51.34,1600,44.25
2006-07-19,50.32,51.70,50.21,51.65,3100,44.52
2006-07-18,49.83,49.83,49.56,49.56,1900,42.72
2006-07-17,49.90,49.97,49.80,49.88,800,42.99
2006-07-14,50.96,50.96,50.55,50.62,700,43.63
2006-07-13,51.43,51.43,51.25,51.25,1000,44.17
2006-07-12,52.79,52.79,52.27,52.29,1700,45.07
2006-07-11,52.23,52.76,52.23,52.76,500,45.47
2006-07-10,52.60,52.75,52.55,52.56,4600,45.30
2006-07-07,52.72,52.72,52.56,52.56,1000,45.30
2006-07-06,52.74,52.74,52.74,52.74,200,45.46
2006-07-05,52.20,52.20,51.83,52.17,2000,44.96
2006-07-03,52.60,52.93,52.56,52.93,1900,45.62
2006-06-30,52.30,52.55,52.17,52.53,1900,45.27
2006-06-29,50.11,50.70,50.10,50.70,600,43.70
2006-06-28,50.10,50.18,49.93,50.18,500,43.25
2006-06-27,50.07,50.07,49.46,49.46,900,42.63
2006-06-26,50.31,50.56,50.14,50.56,2300,43.58
2006-06-23,50.00,50.48,50.00,50.48,2400,43.51
2006-06-22,50.37,50.37,50.07,50.16,2900,43.23
2006-06-21,50.25,50.97,50.25,50.85,1900,43.83
2006-06-20,49.85,50.30,49.82,50.15,2400,43.22
2006-06-19,49.80,49.96,49.29,49.67,1800,42.81
2006-06-16,50.20,50.29,49.65,50.03,15300,43.12