2011-05-10,61.99,62.35,61.82,62.30,164300,62.30
2011-05-09,61.51,61.79,61.00,61.75,172000,61.75
2011-05-06,62.68,62.74,61.26,61.59,233600,61.59
2011-05-05,62.88,62.88,61.33,61.81,260300,61.81
2011-05-04,63.97,64.04,62.90,63.15,627100,63.15
2011-05-03,63.69,63.86,63.10,63.31,117000,63.31
2011-05-02,64.32,64.33,63.70,63.81,62000,63.81
2011-04-29,63.87,64.20,63.76,63.99,62000,63.99
2011-04-28,63.57,63.94,63.53,63.85,123200,63.85
2011-04-27,63.10,63.73,62.68,63.70,63300,63.70
2011-04-26,62.41,62.69,62.17,62.60,52400,62.60
2011-04-25,62.32,62.32,61.70,62.03,39000,62.03
2011-04-21,62.13,62.17,61.68,62.04,66000,62.04
2011-04-20,61.67,61.78,61.44,61.70,75200,61.70
2011-04-19,60.06,60.27,59.81,60.26,66800,60.26
2011-04-18,59.91,59.91,59.06,59.65,42800,59.65
2011-04-15,61.04,61.29,60.56,60.95,65800,60.95
2011-04-14,60.64,61.34,60.59,61.27,74400,61.27
2011-04-13,61.34,61.48,60.74,60.91,80000,60.91
2011-04-12,61.05,61.26,60.62,60.94,44700,60.94
2011-04-11,61.81,61.81,61.13,61.36,216400,61.36
2011-04-08,61.59,61.59,61.07,61.27,67600,61.27
2011-04-07,61.06,61.06,60.32,60.75,52100,60.75
2011-04-06,60.92,61.07,60.75,61.07,30300,61.07
2011-04-05,60.10,60.49,60.00,60.37,41000,60.37
2011-04-04,59.98,60.24,59.91,60.01,47500,60.01
2011-04-01,59.37,59.83,58.92,59.72,62100,59.72
2011-03-31,59.10,59.13,58.74,59.02,63100,59.02
2011-03-30,58.59,59.21,58.59,59.16,65100,59.16
2011-03-29,58.25,58.66,58.08,58.66,75600,58.66
2011-03-28,58.45,58.51,58.08,58.14,90500,58.14
2011-03-25,58.34,58.57,58.06,58.14,28600,58.14
2011-03-24,58.14,58.45,57.77,58.43,22400,58.43
2011-03-23,57.50,57.89,57.25,57.75,28600,57.75
2011-03-22,57.90,57.90,57.43,57.71,40400,57.71
2011-03-21,57.36,57.74,57.17,57.68,43500,57.68
2011-03-18,56.76,56.76,56.08,56.32,56200,56.32
2011-03-17,56.22,56.56,56.06,56.34,69500,55.77
2011-03-16,56.14,56.27,54.19,54.73,41800,54.17
2011-03-15,55.18,56.30,54.55,56.01,66200,55.44
2011-03-14,56.73,57.05,56.48,57.05,47900,56.47
2011-03-11,56.43,57.37,56.43,57.32,23200,56.73
2011-03-10,57.11,57.36,56.50,56.70,47000,56.12
2011-03-09,57.66,58.07,57.66,58.04,20300,57.45
2011-03-08,57.57,58.02,57.32,57.94,34400,57.35
2011-03-07,58.24,58.46,57.42,57.60,29700,57.01
2011-03-04,58.21,58.21,57.47,57.83,41300,57.24
2011-03-03,58.10,58.29,57.82,58.25,31300,57.66
2011-03-02,57.56,57.97,57.42,57.58,28600,56.99
2011-03-01,58.27,58.27,57.07,57.19,18700,56.61
2011-02-28,57.99,58.37,57.73,58.13,31800,57.54
2011-02-25,57.68,58.01,57.68,57.86,21000,57.27
2011-02-24,57.10,57.37,56.70,57.32,147000,56.73
2011-02-23,56.93,57.46,56.71,57.00,51400,56.42
2011-02-22,57.63,57.86,56.74,56.83,66200,56.25
2011-02-18,58.46,58.71,58.30,58.63,30100,58.03
2011-02-17,58.18,58.58,58.13,58.53,80800,57.93
2011-02-16,57.81,58.23,57.64,58.23,36200,57.64
2011-02-15,57.69,57.71,57.22,57.28,37200,56.70
2011-02-14,57.58,57.75,57.04,57.75,39600,57.16
2011-02-11,57.17,57.88,57.06,57.86,43300,57.27
2011-02-10,57.50,57.86,56.81,57.60,42100,57.01
2011-02-09,58.35,58.66,57.87,58.43,50800,57.83
2011-02-08,58.27,58.44,57.88,58.44,29100,57.84
2011-02-07,57.81,58.23,57.73,57.94,100600,57.35
2011-02-04,57.84,57.84,57.29,57.83,51200,57.24
2011-02-03,57.47,57.58,56.93,57.57,38800,56.98
2011-02-02,57.73,57.85,57.56,57.72,24600,57.13
2011-02-01,57.54,57.95,57.14,57.93,57500,57.34
2011-01-31,56.56,56.91,56.45,56.88,174100,56.30
2011-01-28,56.88,57.20,55.86,55.86,58100,55.29
2011-01-27,57.39,57.45,57.00,57.30,33300,56.72
2011-01-26,57.25,57.25,56.88,57.08,21200,56.50
2011-01-25,57.02,57.27,56.63,57.27,34700,56.69
2011-01-24,57.28,57.65,57.06,57.62,68600,57.03
2011-01-21,57.47,57.66,57.30,57.61,64300,57.02
2011-01-20,56.69,56.89,56.22,56.65,21100,56.07
2011-01-19,57.39,57.39,56.66,56.76,47300,56.18
2011-01-18,56.82,57.16,56.82,57.05,68500,56.47
2011-01-14,56.29,56.68,56.20,56.68,26100,56.10
2011-01-13,56.32,56.51,56.06,56.22,62700,55.65
2011-01-12,55.35,55.85,55.17,55.85,81400,55.28
2011-01-11,54.50,54.61,54.18,54.57,30600,54.01
2011-01-10,54.02,54.28,53.67,54.26,40800,53.71
2011-01-07,54.78,54.80,54.05,54.47,38000,53.91
2011-01-06,55.25,55.29,54.40,54.70,58500,54.14
2011-01-05,55.20,55.52,54.97,55.50,52800,54.93
2011-01-04,56.33,56.33,55.49,55.86,54400,55.29
2011-01-03,56.37,56.37,55.96,55.96,73900,55.39
2010-12-31,55.68,56.06,55.58,56.00,56400,55.43
2010-12-30,55.86,55.86,55.34,55.50,26600,54.93
2010-12-29,55.72,55.75,55.41,55.61,27000,55.04
2010-12-28,55.30,55.45,54.90,55.09,30400,54.53
2010-12-27,55.21,55.21,54.50,55.13,45400,54.57
2010-12-23,55.25,55.39,55.01,55.30,42300,54.74
2010-12-22,55.37,55.37,54.94,55.29,41500,54.73
2010-12-21,55.09,55.17,54.99,55.12,53400,54.56
2010-12-20,54.73,54.91,54.49,54.74,56400,54.18
2010-12-17,54.71,54.71,54.25,54.53,65200,53.97
2010-12-16,55.24,55.35,54.94,55.28,66500,54.23
2010-12-15,55.53,55.66,54.90,55.09,88100,54.05
2010-12-14,55.82,56.07,55.59,55.83,55800,54.77
2010-12-13,55.51,56.02,55.41,55.76,58600,54.70
2010-12-10,55.22,55.35,54.92,55.33,28400,54.28
2010-12-09,55.28,55.28,54.75,55.24,165100,54.19
2010-12-08,54.98,55.21,54.68,55.04,46300,54.00
2010-12-07,55.24,55.64,54.72,54.73,107400,53.69
2010-12-06,54.45,54.80,54.38,54.61,222900,53.58
2010-12-03,54.58,55.15,54.55,55.01,374400,53.97
2010-12-02,53.75,54.76,53.71,54.75,51800,53.71
2010-12-01,53.48,53.77,53.11,53.74,49300,52.72
2010-11-30,52.20,52.50,51.83,52.15,74500,51.16
2010-11-29,52.77,53.11,52.24,53.05,69500,52.05
2010-11-26,53.47,53.66,53.29,53.57,12800,52.56
2010-11-24,54.24,54.52,54.17,54.44,36000,53.41
2010-11-23,54.20,54.20,53.52,53.69,73100,52.67
2010-11-22,55.39,55.44,54.60,55.26,44800,54.21
2010-11-19,55.65,56.05,55.36,56.05,43500,54.99
2010-11-18,55.68,55.88,55.58,55.78,35200,54.72
2010-11-17,54.74,54.99,54.57,54.76,75800,53.72
2010-11-16,55.26,55.26,54.00,54.39,73200,53.36
2010-11-15,56.12,56.12,55.47,55.47,74400,54.42
2010-11-12,55.66,55.91,54.93,55.36,43600,54.31
2010-11-11,56.20,56.20,55.51,55.78,71900,54.72
2010-11-10,56.78,56.93,55.90,56.93,131000,55.85
2010-11-09,57.65,57.66,56.25,56.42,230100,55.35
2010-11-08,57.59,57.59,56.91,57.33,137200,56.24
2010-11-05,57.88,58.10,57.50,57.80,251400,56.71
2010-11-04,58.46,58.48,58.14,58.44,362300,57.33
2010-11-03,57.40,57.66,56.80,57.66,329600,56.57
2010-11-02,57.10,57.45,57.10,57.31,54300,56.23
2010-11-01,56.89,56.89,56.01,56.33,25500,55.26
2010-10-29,56.33,56.56,56.27,56.52,23500,55.45
2010-10-28,56.60,56.60,56.24,56.51,17200,55.44
2010-10-27,56.22,56.31,55.43,56.05,57700,54.99
2010-10-26,56.63,56.77,56.33,56.61,64300,55.54
2010-10-25,57.51,57.51,56.90,56.91,54000,55.83
2010-10-22,57.00,57.00,56.51,56.74,29000,55.67
2010-10-21,56.86,57.25,56.25,56.54,33400,55.47
2010-10-20,55.88,56.84,55.78,56.69,34000,55.62
2010-10-19,55.97,56.00,54.98,55.37,50900,54.32
2010-10-18,56.70,57.07,56.56,56.93,27600,55.85
2010-10-15,57.23,57.23,56.39,56.74,40900,55.67
2010-10-14,56.77,56.99,56.50,56.79,50300,55.72
2010-10-13,56.42,56.80,56.28,56.51,39000,55.44
2010-10-12,55.58,55.97,55.02,55.81,78400,54.75
2010-10-11,55.90,55.97,55.60,55.71,31200,54.66
2010-10-08,55.60,55.86,55.30,55.82,23800,54.76
2010-10-07,56.00,56.00,55.05,55.39,30200,54.34
2010-10-06,55.64,55.64,55.25,55.51,48500,54.46
2010-10-05,54.81,55.44,54.54,55.25,44800,54.20
2010-10-04,54.07,54.12,53.50,53.77,46500,52.75
2010-10-01,54.45,54.48,53.99,54.30,57000,53.27
2010-09-30,54.42,54.46,53.50,53.82,44000,52.80
2010-09-29,53.99,54.22,53.71,53.99,50500,52.97
2010-09-28,53.73,54.14,53.24,54.05,70100,53.03
2010-09-27,53.86,53.86,53.43,53.43,48300,52.42
2010-09-24,53.43,53.77,53.30,53.68,50100,52.66
2010-09-23,52.47,52.77,52.21,52.33,48000,51.34
2010-09-22,53.02,53.42,52.75,53.00,91900,52.00
2010-09-21,53.03,53.48,52.50,52.92,58200,51.92
2010-09-20,52.29,52.79,52.09,52.65,54200,51.65
2010-09-17,52.33,52.33,51.68,51.85,71200,50.87
2010-09-16,52.72,53.00,52.50,52.67,45000,51.21
2010-09-15,52.45,52.82,52.33,52.74,79000,51.27
2010-09-14,52.18,52.91,51.88,52.70,80700,51.23
2010-09-13,52.32,52.32,52.00,52.17,81900,50.72
2010-09-10,51.46,51.51,51.25,51.29,64500,49.86
2010-09-09,51.66,51.66,51.04,51.22,42100,49.80
2010-09-08,50.83,51.16,50.66,50.66,91200,49.25
2010-09-07,51.02,51.02,50.29,50.38,40600,48.98
2010-09-03,51.49,51.49,51.09,51.35,36100,49.92
2010-09-02,50.71,50.93,50.49,50.82,43000,49.41
2010-09-01,50.16,50.70,49.93,50.39,50400,48.99
2010-08-31,48.76,49.31,48.61,48.90,32900,47.54
2010-08-30,49.13,49.18,48.54,48.57,34000,47.22
2010-08-27,48.93,49.45,48.50,49.24,17700,47.87
2010-08-26,48.69,48.90,48.02,48.25,34800,46.91
2010-08-25,47.96,48.43,47.60,48.36,26900,47.02
2010-08-24,48.29,48.60,47.84,48.29,35600,46.95
2010-08-23,49.15,49.39,48.88,49.01,23200,47.65
2010-08-20,48.85,48.92,48.39,48.85,31800,47.49
2010-08-19,50.34,50.36,49.10,49.39,59500,48.02
2010-08-18,50.23,50.58,50.06,50.35,28300,48.95
2010-08-17,50.20,50.48,49.91,50.07,24500,48.68
2010-08-16,49.10,49.74,49.10,49.54,24500,48.16
2010-08-13,49.09,49.20,48.87,49.01,23800,47.65
2010-08-12,48.94,49.23,48.77,49.14,33400,47.77
2010-08-11,50.11,50.15,49.18,49.32,47500,47.95
2010-08-10,51.37,51.87,50.96,51.69,49100,50.25
2010-08-09,51.92,52.32,51.86,52.12,120900,50.67
2010-08-06,51.65,52.05,51.43,52.05,43700,50.60
2010-08-05,52.07,52.09,51.74,52.08,90600,50.63
2010-08-04,52.18,52.28,51.81,52.12,66800,50.67
2010-08-03,51.79,52.25,51.69,52.03,86900,50.58
2010-08-02,51.79,52.27,50.93,52.02,51900,50.57
2010-07-30,49.57,50.68,49.57,50.48,28000,49.08
2010-07-29,51.17,51.33,50.23,50.52,24300,49.12
2010-07-28,50.60,50.60,50.06,50.23,16600,48.83
2010-07-27,51.00,51.01,50.46,50.74,32600,49.33
2010-07-26,50.29,50.70,50.00,50.70,54400,49.29
2010-07-23,49.48,50.29,49.34,50.24,29900,48.84
2010-07-22,49.14,49.70,49.07,49.50,29100,48.12
2010-07-21,48.71,48.73,47.69,47.87,19700,46.54
2010-07-20,47.85,48.88,47.63,48.79,45600,47.43
2010-07-19,48.70,48.77,48.12,48.44,18500,47.09
2010-07-16,49.46,49.46,48.14,48.26,42900,46.92
2010-07-15,49.72,49.89,49.13,49.87,51000,48.48
2010-07-14,49.17,49.52,48.96,49.24,41000,47.87
2010-07-13,49.01,49.49,49.01,49.27,65800,47.90
2010-07-12,48.44,48.62,48.18,48.50,25400,47.15
2010-07-09,48.73,48.90,48.38,48.75,34500,47.39
2010-07-08,48.46,48.87,48.22,48.84,38700,47.48
2010-07-07,47.11,48.48,47.11,48.35,26700,47.01
2010-07-06,46.94,47.51,46.46,46.76,44700,45.46
2010-07-02,46.49,46.65,45.85,46.06,26300,44.78
2010-07-01,45.87,46.20,45.29,46.20,34700,44.92
2010-06-30,45.78,46.17,45.26,45.26,69400,44.00
2010-06-29,46.48,46.48,45.32,45.50,155300,44.23
2010-06-28,47.83,47.83,47.12,47.25,15800,45.94
2010-06-25,47.30,47.83,46.97,47.78,12100,46.45
2010-06-24,47.50,47.85,47.14,47.23,22400,45.92
2010-06-23,48.12,48.32,47.61,48.11,23000,46.77
2010-06-22,48.66,48.78,47.75,47.92,21400,46.59
2010-06-21,49.36,49.42,48.39,48.59,33100,47.24
2010-06-18,48.54,48.87,48.34,48.80,42300,47.44
2010-06-17,49.54,49.54,49.01,49.36,21500,46.99
2010-06-16,48.62,49.49,48.62,49.34,42900,46.97
2010-06-15,48.65,49.65,48.65,49.64,21600,47.26
2010-06-14,47.99,48.63,47.87,47.89,41800,45.59
2010-06-11,47.24,47.62,47.03,47.62,15900,45.34
2010-06-10,46.21,47.00,46.21,47.00,17800,44.74
2010-06-09,45.82,46.14,44.95,45.21,21700,43.04
2010-06-08,45.10,45.39,44.54,45.39,39100,43.21
2010-06-07,45.30,45.76,44.74,44.74,31400,42.59
2010-06-04,46.36,46.36,45.00,45.29,24400,43.12
2010-06-03,47.76,47.76,46.82,47.36,11100,45.09
2010-06-02,46.60,47.64,46.41,47.64,45200,45.35
2010-06-01,46.11,47.34,46.11,46.12,59500,43.91
2010-05-28,47.57,47.60,46.66,46.91,25400,44.66
2010-05-27,46.32,47.45,46.24,47.40,42900,45.13
2010-05-26,45.88,46.13,44.93,45.20,24500,43.03
2010-05-25,44.33,45.83,44.00,45.73,63800,43.54
2010-05-24,46.48,46.99,45.87,46.01,22300,43.80
2010-05-21,45.35,47.02,45.25,46.93,43300,44.68
2010-05-20,46.30,46.50,45.36,45.79,43600,43.59
2010-05-19,47.15,47.46,46.47,47.30,251000,45.03
2010-05-18,48.69,48.69,46.72,47.04,53300,44.78
2010-05-17,48.00,48.39,46.84,48.05,42700,45.74
2010-05-14,49.51,49.51,47.84,48.35,60400,46.03
2010-05-13,50.10,50.30,49.54,49.64,38600,47.26
2010-05-12,50.00,51.15,50.00,50.48,28500,48.06
2010-05-11,49.06,50.22,49.06,49.57,58300,47.19
2010-05-10,47.98,50.90,47.98,50.14,169100,47.73
2010-05-07,46.72,47.85,45.10,46.99,207000,44.74
2010-05-06,49.28,53.98,22.75,47.69,147300,45.40
2010-05-05,49.86,50.27,49.20,49.81,90400,47.42
2010-05-04,52.07,52.07,50.85,51.15,74600,48.70
2010-05-03,53.20,53.54,53.04,53.43,18600,50.87
2010-04-30,53.54,53.86,52.99,53.13,28600,50.58
2010-04-29,53.46,53.55,53.22,53.26,140500,50.70
2010-04-28,53.33,53.33,52.00,52.66,49100,50.13
2010-04-27,54.17,54.31,52.54,52.76,35500,50.23
2010-04-26,55.18,55.18,54.83,54.95,21300,52.31
2010-04-23,54.73,55.24,54.39,55.24,35500,52.59
2010-04-22,54.37,54.90,54.09,54.90,37200,52.27
2010-04-21,55.44,55.44,54.85,55.26,30400,52.61
2010-04-20,55.70,55.70,55.38,55.43,20200,52.77
2010-04-19,54.78,55.20,54.40,55.18,54100,52.53
2010-04-16,55.91,55.93,54.79,55.28,31800,52.63
2010-04-15,55.98,56.28,55.77,56.16,15700,53.47
2010-04-14,56.17,56.54,55.96,56.53,22000,53.82
2010-04-13,55.96,55.96,55.39,55.85,21100,53.17
2010-04-12,55.69,56.07,55.69,55.89,28700,53.21
2010-04-09,54.99,55.59,54.99,55.53,25000,52.87
2010-04-08,54.42,54.93,54.20,54.84,27900,52.21
2010-04-07,54.86,55.12,54.57,54.82,12800,52.19
2010-04-06,55.05,55.25,54.59,55.25,54300,52.60
2010-04-05,55.35,55.46,55.05,55.31,16500,52.66
2010-04-01,54.70,55.06,54.68,54.92,36900,52.28
2010-03-31,53.94,54.38,53.87,54.10,18900,51.50
2010-03-30,54.50,54.50,53.87,54.10,19900,51.50
2010-03-29,54.22,54.39,54.00,54.39,20800,51.78
2010-03-26,53.93,54.08,53.65,53.78,10400,51.20
2010-03-25,53.99,54.06,53.35,53.45,25400,50.89
2010-03-24,53.43,53.54,53.24,53.45,14600,50.89
2010-03-23,53.85,54.22,53.62,54.20,30600,51.60
2010-03-22,53.20,53.86,52.84,53.74,24000,51.16
2010-03-19,54.38,54.38,53.46,53.69,21800,51.11
2010-03-18,55.05,55.08,54.54,54.82,20000,52.19
2010-03-17,55.33,55.47,55.11,55.21,29200,52.56
2010-03-16,54.64,55.00,54.40,54.92,21600,52.28
2010-03-15,54.45,54.45,53.89,54.31,28400,51.70
2010-03-12,54.60,54.76,54.38,54.48,27800,51.87
2010-03-11,54.11,54.39,53.76,54.39,14800,51.78
2010-03-10,53.91,54.43,53.64,54.24,15100,51.64
2010-03-09,53.39,53.93,53.39,53.71,28500,51.13
2010-03-08,53.92,54.04,53.62,53.81,18700,51.23
2010-03-05,53.21,53.78,53.18,53.55,46600,50.98
2010-03-04,52.96,53.09,52.55,52.84,26600,50.30
2010-03-03,52.53,53.18,52.53,52.84,22000,50.30
2010-03-02,52.48,52.59,52.12,52.23,40700,49.72
2010-03-01,51.90,52.25,51.75,52.10,14600,49.60
2010-02-26,51.14,51.85,50.95,51.76,35800,49.28
2010-02-25,50.47,51.14,50.20,51.12,160100,48.67
2010-02-24,50.95,51.54,50.95,51.20,141500,48.74
2010-02-23,51.76,51.76,50.78,50.89,106200,48.45
2010-02-22,52.09,52.09,51.68,51.86,17100,49.37
2010-02-19,51.27,52.06,51.21,51.98,23500,49.49
2010-02-18,51.64,52.07,51.44,52.03,95100,49.53
2010-02-17,52.02,52.02,51.52,51.70,36400,49.22
2010-02-16,51.20,52.08,51.06,52.00,25700,49.51
2010-02-12,50.49,51.00,50.22,51.00,18200,48.55
2010-02-11,50.38,51.46,50.35,51.44,17600,48.97
2010-02-10,50.86,50.95,50.35,50.82,19100,48.38
2010-02-09,50.43,51.35,49.96,50.93,54600,48.49
2010-02-08,49.81,50.24,49.40,49.44,22100,47.07
2010-02-05,50.30,50.37,48.59,50.02,147500,47.62
2010-02-04,51.98,52.22,50.51,50.56,108600,48.13
2010-02-03,53.02,53.14,52.54,52.75,19800,50.22
2010-02-02,52.85,53.64,52.83,53.58,40800,51.01
2010-02-01,52.51,53.24,52.42,52.89,44000,50.35
2010-01-29,52.83,53.11,51.67,52.00,44800,49.51
2010-01-28,53.70,53.70,52.05,52.71,118100,50.18
2010-01-27,53.30,53.84,53.02,53.84,35800,51.26
2010-01-26,53.62,54.38,53.47,53.64,39200,51.07
2010-01-25,54.70,54.70,53.76,54.14,54400,51.54
2010-01-22,54.23,54.68,53.32,53.38,27600,50.82
2010-01-21,55.80,55.80,54.07,54.38,38300,51.77
2010-01-20,56.09,56.09,55.17,55.70,55200,53.03
2010-01-19,56.62,57.07,56.08,57.07,22500,54.33
2010-01-15,56.90,56.95,56.05,56.42,49600,53.71
2010-01-14,57.00,57.41,57.00,57.34,36700,54.59
2010-01-13,56.80,57.15,56.49,57.00,25400,54.27
2010-01-12,56.56,56.67,56.15,56.39,44200,53.68
2010-01-11,57.54,57.56,57.21,57.49,144100,54.73
2010-01-08,56.66,57.11,56.42,57.03,26200,54.29
2010-01-07,56.36,56.41,56.03,56.36,51200,53.66
2010-01-06,56.12,57.09,56.12,56.50,26800,53.79
2010-01-05,56.56,56.60,56.08,56.43,25100,53.72
2010-01-04,55.90,56.36,55.06,56.10,51600,53.41
2009-12-31,55.05,55.05,54.40,54.40,41400,51.79
2009-12-30,54.82,54.82,54.38,54.58,19700,51.96
2009-12-29,54.52,55.23,54.52,54.80,19200,52.17
2009-12-28,54.84,54.84,54.28,54.38,17800,51.77
2009-12-24,54.59,54.61,54.40,54.51,13400,51.89
2009-12-23,53.91,54.12,53.63,54.06,18700,51.47
2009-12-22,53.55,53.57,53.22,53.56,33300,50.99
2009-12-21,53.21,53.29,52.99,53.10,23400,50.55
2009-12-18,52.55,53.20,52.22,52.83,72100,50.30
2009-12-17,53.54,53.89,52.81,53.05,46800,50.14
2009-12-16,54.24,54.39,53.95,54.17,75600,51.20
2009-12-15,54.43,54.43,53.53,53.70,57100,50.76
2009-12-14,54.41,54.59,54.22,54.57,18900,51.58
2009-12-11,54.00,54.25,53.77,53.89,33000,50.94
2009-12-10,54.25,54.25,53.86,54.11,60500,51.15
2009-12-09,53.91,53.91,53.28,53.88,45400,50.93
2009-12-08,54.32,54.95,53.63,53.88,44300,50.93
2009-12-07,55.14,55.42,54.84,54.95,23800,51.94
2009-12-04,55.88,56.84,54.78,55.17,85900,52.15
2009-12-03,55.91,56.21,55.39,55.41,36700,52.38
2009-12-02,55.40,55.88,55.38,55.49,40500,52.45
2009-12-01,55.61,55.77,54.72,55.31,68400,52.28
2009-11-30,53.96,54.45,53.60,54.27,45600,51.30
2009-11-27,53.14,54.03,52.57,53.50,43000,50.57
2009-11-25,55.37,55.77,55.05,55.75,28400,52.70
2009-11-24,55.08,55.36,54.58,54.92,43100,51.91
2009-11-23,55.09,55.89,54.99,55.00,37300,51.99
2009-11-20,54.08,54.37,53.84,54.25,37800,51.28
2009-11-19,55.07,55.07,54.10,54.65,42600,51.66
2009-11-18,55.93,56.01,55.56,55.90,48100,52.84
2009-11-17,55.51,56.50,55.00,55.58,45600,52.54
2009-11-16,55.90,56.33,55.50,56.06,40700,52.99
2009-11-13,55.08,55.49,54.60,55.40,32900,52.37
2009-11-12,55.15,55.41,54.47,54.62,27400,51.63
2009-11-11,55.81,56.27,55.20,55.44,53000,52.40
2009-11-10,54.64,55.18,54.57,55.03,31000,52.02
2009-11-09,54.26,55.06,54.26,54.80,86500,51.80
2009-11-06,52.61,54.01,52.61,53.32,28700,50.40
2009-11-05,52.95,53.22,52.72,53.18,92100,50.27
2009-11-04,52.21,52.85,52.07,52.24,100900,49.38
2009-11-03,50.96,51.64,50.54,51.52,42700,48.70
2009-11-02,52.14,52.57,51.13,51.52,381600,48.70
2009-10-30,53.30,53.30,51.32,51.75,141300,48.92
2009-10-29,52.45,53.76,52.45,53.64,39100,50.70
2009-10-28,53.19,53.19,51.50,52.01,56100,49.16
2009-10-27,54.36,54.61,53.82,54.00,18100,51.04
2009-10-26,55.78,57.75,54.14,54.20,58800,51.23
2009-10-23,56.24,56.25,55.23,55.48,51000,52.44
2009-10-22,56.56,56.56,55.29,56.28,22800,53.20
2009-10-21,55.85,56.64,55.71,55.75,30400,52.70
2009-10-20,56.58,56.59,55.65,56.03,29800,52.96
2009-10-19,56.00,56.39,55.74,56.33,45200,53.25
2009-10-16,56.12,56.12,55.33,55.81,66500,52.75
2009-10-15,55.91,56.80,55.73,56.21,26000,53.13
2009-10-14,55.88,56.21,55.63,56.03,41700,52.96
2009-10-13,54.90,55.06,54.16,55.06,42700,52.04
2009-10-12,55.14,55.17,54.38,54.72,79200,51.72
2009-10-09,54.25,55.33,53.81,54.28,25300,51.31
2009-10-08,53.88,54.65,53.76,54.44,38900,51.46
2009-10-07,53.22,53.29,52.85,53.28,35700,50.36
2009-10-06,52.48,53.39,52.48,53.12,34900,50.21
2009-10-05,51.25,52.04,51.08,51.85,40200,49.01
2009-10-02,50.57,51.25,50.13,50.87,34600,48.08
2009-10-01,52.67,53.39,51.25,51.26,388800,48.45
2009-09-30,52.44,53.00,52.09,52.83,83600,49.94
2009-09-29,52.72,52.76,52.16,52.56,28200,49.68
2009-09-28,52.08,52.85,52.08,52.52,41800,49.64
2009-09-25,51.77,51.93,51.39,51.64,52900,48.81
2009-09-24,53.00,53.00,51.52,51.71,20200,48.88
2009-09-23,53.21,54.17,52.65,52.79,41700,49.90
2009-09-22,53.01,53.13,52.73,52.99,29100,50.09
2009-09-21,52.20,53.08,51.67,52.28,34900,49.42
2009-09-18,53.60,53.60,52.73,53.00,32100,50.10
2009-09-17,53.94,53.94,52.89,53.23,82600,49.92
2009-09-16,53.01,53.48,52.71,53.41,83800,50.08
2009-09-15,52.09,52.68,51.42,52.09,45800,48.85
2009-09-14,51.09,51.77,51.06,51.75,56300,48.53
2009-09-11,51.51,51.86,51.51,51.70,18500,48.48
2009-09-10,50.83,51.49,50.68,51.45,28700,48.25
2009-09-09,50.78,51.20,50.69,51.00,23500,47.82
2009-09-08,50.50,50.61,50.12,50.55,17700,47.40
2009-09-04,48.80,49.52,48.57,49.48,10900,46.40
2009-09-03,49.35,49.35,48.31,48.71,7600,45.68
2009-09-02,48.63,48.63,47.63,48.10,22200,45.10
2009-09-01,49.07,50.07,48.24,48.54,30600,45.52
2009-08-31,49.51,50.60,49.47,49.80,10200,46.70
2009-08-28,50.26,50.63,49.79,49.95,14100,46.84
2009-08-27,49.62,50.23,48.93,50.02,22900,46.91
2009-08-26,50.21,50.21,49.27,49.72,21800,46.62
2009-08-25,50.29,50.48,50.00,50.18,26900,47.06
2009-08-24,49.93,50.26,49.59,49.59,21300,46.50
2009-08-21,49.61,49.61,48.90,49.17,23000,46.11
2009-08-20,47.86,48.47,47.60,48.43,59300,45.41
2009-08-19,47.00,48.18,46.95,48.02,15700,45.03
2009-08-18,47.00,47.94,47.00,47.86,11400,44.88
2009-08-17,47.68,47.68,46.54,46.94,11900,44.02
2009-08-14,48.75,48.76,47.99,48.37,171800,45.36
2009-08-13,48.55,48.73,48.15,48.64,17900,45.61
2009-08-12,46.92,47.79,46.58,47.46,9900,44.50
2009-08-11,47.99,47.99,46.30,46.69,17000,43.78
2009-08-10,47.40,47.47,46.85,47.23,9700,44.29
2009-08-07,47.96,47.96,47.24,47.45,32000,44.50
2009-08-06,48.14,48.14,47.33,47.69,21800,44.72
2009-08-05,48.02,48.08,47.18,47.99,16500,45.00
2009-08-04,47.92,48.27,47.61,47.92,14800,44.94
2009-08-03,47.91,48.54,47.82,48.32,64500,45.31
2009-07-31,46.59,47.53,46.29,47.01,10400,44.08
2009-07-30,45.96,46.65,45.96,46.41,45600,43.52
2009-07-29,45.59,45.74,45.00,45.32,14000,42.50
2009-07-28,45.49,45.82,44.95,45.78,14600,42.93
2009-07-27,45.90,45.90,45.30,45.84,11400,42.99
2009-07-24,45.46,45.54,45.03,45.12,39600,42.31
2009-07-23,44.61,45.42,44.61,45.42,44000,42.59
2009-07-22,43.32,45.11,43.32,44.58,20100,41.80
2009-07-21,44.71,44.75,44.03,44.20,13000,41.45
2009-07-20,43.80,44.39,43.80,44.32,13200,41.56
2009-07-17,43.36,43.57,43.32,43.37,2500,40.67
2009-07-16,43.36,43.89,43.16,43.81,14800,41.08
2009-07-15,42.00,43.13,41.82,43.06,21500,40.38
2009-07-14,41.81,41.93,40.84,41.16,20100,38.60
2009-07-13,39.81,40.65,39.80,40.60,4600,38.07
2009-07-10,39.79,39.79,39.44,39.76,4900,37.28
2009-07-09,40.20,40.36,39.76,40.13,9600,37.63
2009-07-08,40.00,40.14,38.74,39.50,13800,37.04
2009-07-07,40.87,40.99,40.12,40.31,4800,37.80
2009-07-06,40.94,41.12,40.32,41.12,7000,38.56
2009-07-02,42.34,42.34,41.35,41.60,12200,39.01
2009-07-01,43.13,43.32,42.81,42.90,19200,40.23
2009-06-30,42.93,42.93,42.00,42.35,13000,39.71
2009-06-29,42.07,42.64,41.85,42.62,36600,39.97
2009-06-26,41.84,41.89,41.46,41.80,14400,39.20
2009-06-25,40.52,41.61,40.09,41.61,18800,39.02
2009-06-24,40.41,41.36,39.74,40.69,24200,38.16
2009-06-23,39.08,40.45,39.08,39.52,50500,37.06
2009-06-22,42.88,42.88,39.43,39.43,56000,36.97
2009-06-19,41.68,42.26,41.47,41.91,24200,39.30
2009-06-18,41.87,43.06,41.77,42.41,322100,38.82
2009-06-17,42.29,42.32,41.29,41.92,17300,38.37
2009-06-16,44.80,48.07,42.52,42.52,35700,38.92
2009-06-15,46.73,46.73,43.23,43.70,23900,40.00
2009-06-12,48.03,48.06,45.49,45.75,11800,41.88
2009-06-11,44.57,46.69,44.57,46.17,19400,42.26
2009-06-10,46.10,46.10,44.75,45.31,21800,41.47
2009-06-09,44.37,44.89,44.25,44.85,14300,41.05
2009-06-08,43.84,43.90,43.25,43.90,28600,40.18
2009-06-05,45.24,46.44,44.30,44.60,9900,40.82
2009-06-04,44.41,45.08,44.15,44.62,33200,40.84
2009-06-03,45.58,45.58,43.88,44.16,15400,40.42
2009-06-02,46.34,46.70,46.07,46.58,354600,42.64
2009-06-01,44.98,46.65,44.98,46.39,14600,42.46
2009-05-29,44.17,44.39,43.81,44.31,40800,40.56
2009-05-28,43.28,43.60,42.01,43.60,15300,39.91
2009-05-27,43.11,43.60,42.79,42.82,10300,39.19
2009-05-26,42.31,44.86,41.59,43.55,14200,39.86
2009-05-22,43.45,43.50,42.63,43.31,13800,39.64
2009-05-21,44.56,44.56,42.12,42.74,6000,39.12
2009-05-20,42.85,43.99,42.74,43.00,58400,39.36
2009-05-19,42.09,42.71,41.98,42.42,17600,38.83
2009-05-18,41.16,41.16,40.04,40.90,5800,37.44
2009-05-15,40.04,40.36,39.07,39.45,16200,36.11
2009-05-14,39.00,40.48,39.00,40.30,22900,36.89
2009-05-13,40.63,40.63,39.04,39.29,16800,35.96
2009-05-12,43.60,43.88,40.89,41.62,12700,38.10
2009-05-11,42.27,44.90,41.51,42.02,29400,38.46
2009-05-08,42.27,43.58,42.26,43.45,53300,39.77
2009-05-07,42.72,44.80,40.08,41.09,28800,37.61
2009-05-06,41.82,42.23,41.20,42.02,27600,38.46
2009-05-05,40.86,41.97,40.40,40.50,106800,37.07
2009-05-04,39.42,40.78,39.42,40.78,13200,37.33
2009-05-01,42.16,42.16,38.45,39.09,21900,35.78
2009-04-30,38.52,41.27,38.00,38.33,20700,35.08
2009-04-29,35.78,38.07,35.78,37.52,11600,34.34
2009-04-28,35.54,36.31,35.44,36.02,13100,32.97
2009-04-27,36.44,37.08,36.09,36.13,7300,33.07
2009-04-24,37.09,37.39,36.69,37.13,6500,33.99
2009-04-23,35.99,36.24,35.50,36.17,8900,33.11
2009-04-22,34.40,35.74,34.40,35.28,5600,32.29
2009-04-21,32.20,34.58,32.20,34.32,16700,31.41
2009-04-20,47.50,47.50,33.55,33.74,13800,30.88
2009-04-17,36.54,36.65,36.17,36.56,6900,33.46
2009-04-16,35.49,37.60,35.49,36.28,7700,33.21
2009-04-15,34.22,35.50,34.22,35.17,5100,32.19
2009-04-14,34.54,35.75,34.54,35.46,13400,32.46
2009-04-13,32.91,35.42,32.91,35.04,6100,32.07
2009-04-09,36.99,36.99,34.35,34.70,9000,31.76
2009-04-08,34.49,34.49,32.56,33.52,8400,30.68
2009-04-07,34.96,34.96,32.24,32.86,5900,30.08
2009-04-06,33.92,33.92,33.22,33.74,4300,30.88
2009-04-03,33.80,34.00,33.50,33.86,6700,30.99
2009-04-02,30.50,33.47,30.50,33.08,7000,30.28
2009-04-01,29.86,31.03,29.86,30.99,3200,28.37
2009-03-31,29.93,30.72,29.88,30.36,4400,27.79
2009-03-30,29.78,31.30,28.91,28.91,8200,26.46
2009-03-27,31.16,31.23,30.94,30.98,7900,28.36
2009-03-26,31.60,32.12,31.48,31.95,7500,29.24
2009-03-25,31.60,31.60,30.94,30.94,2300,28.32
2009-03-24,33.00,33.00,31.11,31.40,23200,28.74
2009-03-23,31.47,31.93,29.81,31.83,17000,29.13
2009-03-20,30.23,30.49,29.86,29.86,18400,27.33
2009-03-19,30.64,31.70,30.26,30.67,38100,28.00
2009-03-18,28.68,29.79,28.22,29.56,2900,26.99
2009-03-17,27.93,28.53,27.80,28.53,8100,26.05
2009-03-16,27.95,28.12,27.63,28.00,1800,25.57
2009-03-13,27.44,27.44,27.44,27.44,300,25.05
2009-03-12,26.49,27.53,26.20,27.53,2400,25.14
2009-03-11,27.03,27.03,26.11,26.64,5100,24.32
2009-03-10,25.35,26.05,25.30,25.79,17300,23.55
2009-03-09,23.87,24.12,23.61,23.62,11400,21.57
2009-03-06,24.76,24.76,24.24,24.35,1900,22.23
2009-03-05,25.41,25.41,24.50,24.50,8600,22.37
2009-03-04,25.41,26.20,25.41,26.20,3900,23.92
2009-03-03,25.17,25.61,24.55,25.05,22800,22.87
2009-03-02,25.60,25.85,24.91,25.21,39400,23.02
2009-02-27,27.00,27.13,26.24,26.84,14100,24.51
2009-02-26,27.66,27.66,27.00,27.00,2300,24.65
2009-02-25,27.25,27.25,27.25,27.25,200,24.88
2009-02-24,26.43,27.40,26.40,27.34,17400,24.96
2009-02-23,27.72,27.72,26.35,26.35,24600,24.06
2009-02-20,27.55,27.61,27.04,27.46,20400,25.07
2009-02-19,28.80,28.80,28.17,28.20,5200,25.75
2009-02-18,28.62,28.62,27.93,27.97,5500,25.54
2009-02-17,29.04,29.04,28.15,28.37,28400,25.90
2009-02-13,30.88,31.02,30.63,30.63,6000,27.97
2009-02-12,30.42,30.67,29.99,30.31,10100,27.67
2009-02-11,31.15,31.33,30.68,31.09,24200,28.39
2009-02-10,32.06,32.56,29.70,30.73,28600,28.06
2009-02-09,32.84,32.93,32.50,32.70,8100,29.86
2009-02-06,31.35,32.15,31.30,32.15,22400,29.35
2009-02-05,30.16,30.88,29.86,30.69,15500,28.02
2009-02-04,30.43,31.18,30.43,30.73,29000,28.06
2009-02-03,29.78,30.19,29.72,29.95,3600,27.35
2009-02-02,29.18,29.64,28.99,29.22,6200,26.68
2009-01-30,30.87,30.99,29.75,29.99,90900,27.38
2009-01-29,31.03,31.10,30.70,30.71,40500,28.04
2009-01-28,32.36,32.51,32.06,32.19,5200,29.39
2009-01-27,30.81,30.85,30.52,30.62,4700,27.96
2009-01-26,29.29,30.74,29.29,30.08,14400,27.46
2009-01-23,28.50,29.27,28.03,29.27,5500,26.73
2009-01-22,29.30,29.56,28.86,29.52,9400,26.95
2009-01-21,29.72,30.39,29.14,30.37,5700,27.73
2009-01-20,30.81,30.81,29.14,29.31,20700,26.76
2009-01-16,33.20,33.20,31.95,32.54,23500,29.71
2009-01-15,32.98,32.98,31.63,32.60,5400,29.77
2009-01-14,33.66,33.66,32.34,32.64,13800,29.80
2009-01-13,34.19,36.00,33.93,35.94,27100,32.82
2009-01-12,35.71,35.71,34.51,34.78,20000,31.76
2009-01-09,36.63,36.63,35.65,35.65,3600,32.55
2009-01-08,36.04,36.58,36.04,36.58,7000,33.40
2009-01-07,37.23,37.23,35.96,36.27,5700,33.12
2009-01-06,36.94,37.15,36.54,37.00,12300,33.78
2009-01-05,35.99,36.38,35.57,36.34,9100,33.18
2009-01-02,35.64,36.16,35.43,36.16,1900,33.02
2008-12-31,34.75,35.38,34.73,34.95,26600,31.91
2008-12-30,34.15,35.58,34.14,34.43,7700,31.44
2008-12-29,34.45,35.57,33.70,34.02,18600,31.06
2008-12-26,34.05,34.14,33.65,34.14,1400,31.17
2008-12-24,33.82,33.82,33.47,33.79,14500,30.85
2008-12-23,34.02,34.02,33.45,33.61,5600,30.69
2008-12-22,34.06,34.06,33.00,33.04,34600,30.17
2008-12-19,33.97,33.97,33.71,33.78,2600,30.84
2008-12-18,35.52,35.53,34.35,34.35,3200,31.36
2008-12-17,34.97,37.00,34.97,35.24,6300,32.18
2008-12-16,34.99,34.99,33.24,34.99,18300,31.95
2008-12-15,33.54,33.54,32.83,33.21,3300,30.32
2008-12-12,32.74,33.31,32.52,33.31,6200,30.41
2008-12-11,33.22,33.95,33.22,33.23,3000,30.34
2008-12-10,33.30,33.45,33.05,33.45,5700,30.54
2008-12-09,31.04,32.93,31.04,32.81,23900,29.96
2008-12-08,31.52,32.79,31.52,32.53,9200,29.70
2008-12-05,30.00,30.89,29.49,30.63,9700,27.97
2008-12-04,31.22,31.59,30.55,30.55,14400,27.89
2008-12-03,30.83,31.54,30.80,31.22,12200,28.51
2008-12-02,31.18,31.50,30.58,30.89,10000,28.20
2008-12-01,31.73,31.73,30.39,30.69,5100,28.02
2008-11-28,32.29,32.29,31.91,31.95,2600,29.17
2008-11-26,31.50,32.48,30.76,32.40,1900,29.58
2008-11-25,32.33,32.44,31.49,31.49,2900,28.75
2008-11-24,29.89,31.63,29.89,31.63,4000,28.88
2008-11-21,28.94,29.21,27.93,29.21,2400,26.67
2008-11-20,29.29,29.64,28.00,28.28,7400,25.82
2008-11-19,31.10,31.10,29.99,29.99,2200,27.38
2008-11-18,31.57,31.57,30.80,30.80,700,28.12
2008-11-17,31.53,31.92,31.43,31.55,5500,28.81
2008-11-14,32.91,32.91,31.83,31.83,1600,29.06
2008-11-13,31.80,33.44,30.81,33.44,6000,30.53
2008-11-12,33.26,33.26,31.97,31.97,6900,29.19
2008-11-11,34.70,34.70,33.30,33.88,8900,30.93
2008-11-10,36.76,37.91,35.10,35.10,5200,32.05
2008-11-07,35.00,36.10,35.00,35.97,11600,32.84
2008-11-06,37.80,37.80,34.26,34.26,7700,31.28
2008-11-05,37.62,38.49,36.92,36.94,11100,33.73
2008-11-04,37.80,38.97,37.80,38.65,7200,35.29
2008-11-03,35.30,36.19,35.30,35.68,9800,32.58
2008-10-31,33.90,35.58,33.90,35.30,4100,32.23
2008-10-30,34.64,34.64,34.00,34.42,4700,31.43
2008-10-29,33.18,34.21,32.83,34.13,7700,31.16
2008-10-28,31.60,31.91,30.36,31.77,4800,29.01
2008-10-27,30.37,31.27,30.37,30.85,2000,28.17
2008-10-24,30.95,32.24,30.95,32.24,1000,29.44
2008-10-23,35.67,35.67,33.66,34.07,3300,31.11
2008-10-22,35.90,35.90,34.14,34.14,1700,31.17
2008-10-21,36.12,38.11,36.12,37.00,10800,33.78
2008-10-20,37.64,38.29,37.24,38.01,3400,34.71
2008-10-17,35.75,37.79,35.75,36.90,5400,33.69
2008-10-16,35.39,37.00,34.91,37.00,21900,33.78
2008-10-15,39.00,39.00,36.53,36.53,5400,33.35
2008-10-14,41.47,41.47,39.54,40.25,8900,36.75
2008-10-13,38.65,39.43,38.14,39.43,10700,36.00
2008-10-10,30.22,36.63,30.22,35.83,9000,32.71
2008-10-09,39.03,41.10,36.79,36.79,9800,33.59
2008-10-08,40.35,40.68,38.70,40.28,6900,36.78
2008-10-07,40.94,43.95,40.94,41.15,10800,37.57
2008-10-06,44.56,44.56,41.75,42.21,6400,38.54
2008-10-03,49.54,49.54,47.35,47.51,2600,43.38
2008-10-02,46.57,48.75,46.57,47.01,3200,42.92
2008-10-01,48.35,48.98,47.94,48.86,5400,44.61
2008-09-30,48.43,49.02,48.08,48.78,46300,44.54
2008-09-29,51.15,51.15,46.14,47.00,23100,42.91
2008-09-26,53.91,53.91,52.02,52.30,1200,47.75
2008-09-25,51.42,53.53,51.00,53.23,4700,48.60
2008-09-24,53.47,53.47,51.99,51.99,103400,47.47
2008-09-23,54.01,54.01,52.26,52.64,10800,48.06
2008-09-22,54.21,54.92,53.75,54.56,3900,49.82
2008-09-19,53.00,54.55,53.00,54.32,1900,49.60
2008-09-18,51.19,51.60,49.64,51.44,14500,46.03
2008-09-17,50.75,50.75,49.57,50.35,20000,45.06
2008-09-16,51.40,52.26,50.85,52.26,7200,46.77
2008-09-15,54.98,54.98,52.33,52.75,4800,47.20
2008-09-12,53.70,55.10,53.70,55.00,14600,49.22
2008-09-11,54.49,54.49,53.15,53.93,7600,48.26
2008-09-10,55.58,55.58,54.53,54.68,1400,48.93
2008-09-09,56.59,56.59,55.00,55.00,17500,49.22
2008-09-08,57.50,57.50,55.98,56.32,3000,50.40
2008-09-05,54.19,55.50,54.19,55.31,4800,49.50
2008-09-04,57.63,57.63,55.76,56.00,8200,50.11
2008-09-03,58.47,58.47,58.00,58.32,4100,52.19
2008-09-02,58.98,59.48,58.47,58.47,5500,52.32
2008-08-29,59.30,59.90,59.13,59.51,2900,53.25
2008-08-28,59.20,59.41,58.94,59.38,11700,53.14
2008-08-27,59.03,59.03,57.33,58.23,9300,52.11
2008-08-26,58.85,58.85,57.45,57.70,28900,51.63
2008-08-25,58.02,58.14,57.52,57.60,3600,51.54
2008-08-22,57.97,58.22,57.97,58.04,1100,51.94
2008-08-21,56.90,57.50,56.90,57.50,1800,51.45
2008-08-20,56.85,57.25,56.78,57.25,4900,51.23
2008-08-19,59.06,60.94,56.79,57.27,152900,51.25
2008-08-18,58.77,58.77,58.07,58.07,9700,51.96
2008-08-15,58.74,58.74,58.38,58.59,2400,52.43
2008-08-14,60.25,60.25,58.45,58.86,2600,52.67
2008-08-13,59.75,59.75,58.31,59.09,4700,52.88
2008-08-12,59.76,60.60,59.76,60.19,6000,53.86
2008-08-11,60.78,60.78,60.17,60.49,2000,54.13
2008-08-08,59.50,59.78,59.45,59.70,5400,53.42
2008-08-07,61.00,61.50,59.64,59.64,30500,53.37
2008-08-06,59.23,62.85,59.23,60.73,13900,54.35
2008-08-05,59.68,60.43,59.68,60.43,6200,54.08
2008-08-04,60.49,60.49,58.55,58.55,2400,52.39
2008-08-01,59.50,59.50,59.00,59.24,1900,53.01
2008-07-31,59.99,60.05,59.62,59.72,14600,53.44
2008-07-30,60.93,60.93,59.95,60.36,155300,54.01
2008-07-29,59.02,59.40,59.02,59.38,4600,53.14
2008-07-28,61.56,61.56,59.15,59.55,4100,53.29
2008-07-25,60.46,60.46,60.03,60.25,8500,53.92
2008-07-24,61.54,61.54,60.58,60.61,5900,54.24
2008-07-23,62.47,62.47,61.73,62.10,3900,55.57
2008-07-22,61.12,61.12,60.83,60.99,1900,54.58
2008-07-21,61.17,61.34,60.78,61.17,3900,54.74
2008-07-18,60.16,60.57,60.06,60.44,4300,54.09
2008-07-17,59.00,60.54,58.12,60.54,6100,54.18
2008-07-16,57.30,58.12,57.30,58.12,2300,52.01
2008-07-15,58.35,59.60,56.89,57.46,5100,51.42
2008-07-14,59.15,59.23,58.97,58.99,7100,52.79
2008-07-11,59.25,59.25,58.25,58.87,11800,52.68
2008-07-10,58.86,59.44,58.84,59.37,2900,53.13
2008-07-09,59.00,59.72,58.68,58.68,2900,52.51
2008-07-08,58.08,58.29,57.52,58.27,4100,52.14
2008-07-07,59.23,59.70,58.43,58.61,3800,52.45
2008-07-03,61.98,61.98,59.30,59.85,3300,53.56
2008-07-02,61.68,61.68,60.43,60.43,3600,54.08
2008-07-01,61.00,61.56,61.00,61.43,3300,54.97
2008-06-30,63.21,63.21,62.40,62.40,4700,55.84
2008-06-27,64.20,64.20,62.74,62.83,4400,56.22
2008-06-26,63.25,63.25,62.72,62.82,5400,56.22
2008-06-25,63.80,64.29,63.63,63.97,4300,57.24
2008-06-24,63.42,63.63,63.24,63.62,1900,56.93
2008-06-23,63.57,64.11,63.57,64.09,23100,57.35
2008-06-20,66.62,66.62,64.03,64.03,4400,57.30
2008-06-19,67.59,67.67,67.26,67.67,1400,58.48
2008-06-18,70.12,70.12,67.80,67.98,4700,58.74
2008-06-17,69.05,69.11,68.77,69.11,2600,59.72
2008-06-16,68.51,68.52,68.00,68.35,8100,59.06
2008-06-13,66.81,67.20,66.80,67.20,3600,58.07
2008-06-12,66.84,66.94,66.44,66.62,6600,57.57
2008-06-11,67.50,67.50,66.86,67.17,38900,58.04
2008-06-10,69.00,69.00,68.37,68.77,4000,59.43
2008-06-09,70.02,70.36,69.60,70.00,10900,60.49
2008-06-06,71.40,71.46,70.61,70.61,7900,61.02
2008-06-05,71.50,71.61,71.50,71.55,900,61.83
2008-06-04,70.54,71.03,70.50,70.71,5800,61.10
2008-06-03,71.40,71.51,70.90,71.15,2200,61.48
2008-06-02,71.40,72.00,70.95,71.21,9900,61.54
2008-05-30,74.06,74.06,72.30,72.59,5300,62.73
2008-05-29,72.35,72.47,72.15,72.33,5500,62.50
2008-05-28,74.77,74.77,72.50,73.10,5000,63.17
2008-05-27,75.55,75.55,72.50,73.00,6500,63.08
2008-05-23,76.35,76.35,73.59,73.89,5200,63.85
2008-05-22,74.75,74.84,74.50,74.84,4000,64.67
2008-05-21,75.24,75.24,74.35,74.35,3500,64.25
2008-05-20,75.20,75.21,74.90,75.07,2300,64.87
2008-05-19,76.00,76.00,75.53,75.66,5000,65.38
2008-05-16,75.88,76.10,75.50,76.10,4200,65.76
2008-05-15,74.98,75.29,74.98,75.29,5600,65.06
2008-05-14,75.24,75.45,74.99,75.21,4200,64.99
2008-05-13,77.24,77.24,75.15,75.26,6300,65.04
2008-05-12,76.98,76.98,75.05,75.47,8100,65.22
2008-05-09,75.15,75.23,74.86,75.20,3500,64.98
2008-05-08,75.29,75.35,75.05,75.06,4200,64.86
2008-05-07,77.32,77.32,74.55,74.55,5300,64.42
2008-05-06,75.99,75.99,74.70,75.69,7600,65.41
2008-05-05,74.50,74.71,74.47,74.65,3400,64.51
2008-05-02,74.15,74.51,74.04,74.18,9400,64.10
2008-05-01,72.90,73.20,72.42,73.11,5300,63.18
2008-04-30,74.71,74.71,73.24,73.37,5600,63.40
2008-04-29,72.93,73.11,72.83,72.99,9500,63.07
2008-04-28,75.34,75.34,73.79,74.06,18200,64.00
2008-04-25,75.51,75.51,73.21,73.63,3000,63.63
2008-04-24,73.33,73.57,72.90,73.46,7900,63.48
2008-04-23,74.00,74.40,73.43,74.25,5000,64.16
2008-04-22,74.80,75.00,74.54,74.88,8000,64.71
2008-04-21,75.40,75.51,74.96,75.51,3300,65.25
2008-04-18,75.07,75.48,74.96,75.40,6200,65.16
2008-04-17,74.78,75.00,74.56,75.00,7500,64.81
2008-04-16,74.16,75.42,74.16,75.42,9600,65.17
2008-04-15,72.63,73.05,72.63,72.96,3400,63.05
2008-04-14,73.15,73.22,72.82,73.03,5800,63.11
2008-04-11,74.93,74.93,73.00,73.05,7100,63.13
2008-04-10,74.10,74.10,73.77,74.01,6400,63.96
2008-04-09,74.40,74.56,74.01,74.26,28200,64.17
2008-04-08,75.70,75.70,74.16,74.44,12000,64.33
2008-04-07,75.25,75.75,72.94,75.55,14600,65.29
2008-04-04,75.00,75.32,74.74,75.16,8200,64.95
2008-04-03,74.57,75.18,74.57,75.09,2300,64.89
2008-04-02,75.08,75.80,74.79,75.80,4700,65.50
2008-04-01,74.45,75.13,74.45,75.10,6100,64.90
2008-03-31,72.99,73.31,72.83,73.30,7900,63.34
2008-03-28,73.40,73.58,72.87,73.06,5900,63.13
2008-03-27,74.97,74.97,73.51,73.51,13400,63.52
2008-03-26,72.45,73.35,72.20,72.87,4000,62.97
2008-03-25,71.90,72.14,71.34,72.12,4000,62.32
2008-03-24,70.96,70.96,69.60,70.04,15900,60.52
2008-03-20,67.90,69.02,67.90,68.97,2400,59.60
2008-03-19,71.20,71.29,68.77,68.86,8700,58.70
2008-03-18,71.60,72.15,71.34,72.15,4900,61.51
2008-03-17,70.08,70.77,69.35,70.23,8900,59.87
2008-03-14,76.70,76.70,71.80,72.17,42300,61.52
2008-03-13,72.48,73.77,71.91,73.74,16600,62.86
2008-03-12,73.80,74.14,73.38,73.49,32100,62.65
2008-03-11,73.70,73.70,72.51,73.50,22700,62.66
2008-03-10,72.80,72.80,71.35,71.46,21000,60.92
2008-03-07,72.80,73.87,72.35,72.66,5700,61.94
2008-03-06,74.45,74.45,73.27,73.35,7700,62.53
2008-03-05,74.00,74.54,73.75,74.17,8600,63.23
2008-03-04,73.27,73.40,72.49,73.22,7400,62.42
2008-03-03,74.30,74.53,73.49,74.41,9100,63.43
2008-02-29,75.50,75.50,74.36,74.55,12400,63.55
2008-02-28,76.10,77.00,75.89,76.49,14800,65.21
2008-02-27,76.25,77.33,76.14,76.85,12800,65.51
2008-02-26,75.60,76.88,75.31,76.40,34500,65.13
2008-02-25,74.15,75.09,73.75,75.05,7300,63.98
2008-02-22,72.50,72.53,72.25,72.53,700,61.83
2008-02-21,73.40,73.40,72.71,72.71,2700,61.99
2008-02-20,71.15,72.49,71.15,72.49,800,61.80