2011-05-10,36.84,36.90,36.73,36.74,1278600,36.74
2011-05-09,36.43,36.67,36.40,36.52,256000,36.52
2011-05-06,36.86,36.94,36.35,36.55,704200,36.55
2011-05-05,36.15,36.26,35.81,36.08,102000,36.08
2011-05-04,36.78,36.78,36.25,36.48,259000,36.48
2011-05-03,36.83,36.86,36.52,36.79,127000,36.79
2011-05-02,37.09,37.10,36.84,36.94,103000,36.94
2011-04-29,36.81,36.87,36.66,36.75,85000,36.75
2011-04-28,36.51,36.87,36.41,36.87,505100,36.87
2011-04-27,36.12,36.17,35.96,36.11,107700,36.11
2011-04-26,35.72,36.09,35.63,35.94,362500,35.94
2011-04-25,35.86,35.92,35.70,35.80,267400,35.80
2011-04-21,36.04,36.04,35.87,35.90,99300,35.90
2011-04-20,36.09,36.26,36.00,36.22,293800,36.22
2011-04-19,35.72,35.79,35.55,35.79,43000,35.79
2011-04-18,35.54,35.80,35.25,35.76,102100,35.76
2011-04-15,36.17,36.18,36.02,36.09,38300,36.09
2011-04-14,36.04,36.29,35.92,36.28,66100,36.28
2011-04-13,36.41,36.41,35.89,36.03,603800,36.03
2011-04-12,36.08,36.10,35.80,35.90,167800,35.90
2011-04-11,36.47,36.61,36.14,36.24,94100,36.24
2011-04-08,36.71,36.71,36.27,36.32,165600,36.32
2011-04-07,36.26,36.37,35.52,35.63,1332300,35.63
2011-04-06,36.21,36.42,36.11,36.26,166200,36.26
2011-04-05,36.37,36.40,36.20,36.20,448600,36.20
2011-04-04,36.83,36.87,36.70,36.83,722900,36.83
2011-04-01,37.14,37.29,37.05,37.23,214600,37.23
2011-03-31,36.83,36.92,36.53,36.87,175100,36.87
2011-03-30,37.23,37.34,37.00,37.22,316100,37.22
2011-03-29,36.41,36.67,36.27,36.52,167700,36.52
2011-03-28,36.43,36.56,36.22,36.28,979500,36.28
2011-03-25,36.52,36.64,36.31,36.31,471100,36.31
2011-03-24,36.58,37.04,36.52,36.94,787400,36.94
2011-03-23,36.56,37.02,36.35,36.85,452800,36.85
2011-03-22,36.76,37.38,36.60,37.00,1237100,37.00
2011-03-21,36.77,37.50,36.69,37.32,2570800,37.32
2011-03-18,35.21,36.27,35.07,36.10,1013300,36.10
2011-03-17,34.75,34.75,33.75,34.36,569100,34.36
2011-03-16,34.41,34.50,32.69,33.50,812500,33.50
2011-03-15,32.54,35.17,32.50,35.03,781500,35.03
2011-03-14,35.19,35.79,34.75,35.62,350800,35.62
2011-03-11,38.25,38.34,37.84,38.25,212500,38.25
2011-03-10,39.51,39.51,39.25,39.32,75300,39.32
2011-03-09,39.95,40.08,39.83,40.08,42200,40.08
2011-03-08,39.90,40.07,39.80,40.01,53800,40.01
2011-03-07,40.09,40.15,39.56,39.66,95200,39.66
2011-03-04,40.39,40.39,39.93,40.28,198000,40.28
2011-03-03,40.21,40.73,40.21,40.73,95900,40.73
2011-03-02,39.98,40.24,39.98,40.06,48700,40.06
2011-03-01,40.64,40.84,40.20,40.34,58700,40.34
2011-02-28,40.34,40.49,40.27,40.42,74700,40.42
2011-02-25,39.92,40.04,39.83,40.00,675900,40.00
2011-02-24,39.66,39.67,39.34,39.67,147400,39.67
2011-02-23,40.17,40.22,39.66,40.11,111500,40.11
2011-02-22,40.54,40.63,40.02,40.09,69800,40.09
2011-02-18,41.18,41.21,41.06,41.16,96300,41.16
2011-02-17,41.04,41.22,41.02,41.21,31300,41.21
2011-02-16,40.91,41.07,40.75,40.96,224100,40.96
2011-02-15,40.55,40.67,40.48,40.59,76700,40.59
2011-02-14,40.49,40.64,40.46,40.63,37100,40.63
2011-02-11,40.18,40.46,40.01,40.42,68500,40.42
2011-02-10,39.85,40.23,39.85,40.22,82800,40.22
2011-02-09,40.13,40.15,39.69,40.03,321000,40.03
2011-02-08,39.92,40.11,39.81,40.11,714500,40.11
2011-02-07,39.96,39.96,39.80,39.89,36300,39.89
2011-02-04,39.68,39.83,39.49,39.83,79700,39.83
2011-02-03,39.33,39.61,39.26,39.56,49700,39.56
2011-02-02,39.24,39.38,39.24,39.29,70800,39.29
2011-02-01,38.80,39.07,38.80,38.96,24600,38.96
2011-01-31,38.63,38.74,38.58,38.58,27400,38.58
2011-01-28,39.11,39.14,38.43,38.43,48500,38.43
2011-01-27,39.30,39.56,39.28,39.49,37100,39.49
2011-01-26,39.29,39.41,39.27,39.31,29500,39.31
2011-01-25,39.29,39.37,39.11,39.37,42000,39.37
2011-01-24,39.16,39.19,38.91,39.19,56700,39.19
2011-01-21,38.94,39.09,38.78,38.80,38000,38.80
2011-01-20,39.27,39.51,39.13,39.44,23400,39.44
2011-01-19,39.46,39.49,39.18,39.19,28000,39.19
2011-01-18,39.47,39.62,39.46,39.58,40000,39.58
2011-01-14,39.30,39.75,39.30,39.72,375500,39.72
2011-01-13,39.64,39.78,39.38,39.48,309600,39.48
2011-01-12,39.54,39.76,39.49,39.58,94200,39.58
2011-01-11,39.26,39.43,39.21,39.36,110700,39.36
2011-01-10,38.85,38.88,38.55,38.86,857200,38.86
2011-01-07,39.23,39.25,38.81,38.98,40500,38.98
2011-01-06,39.16,39.23,38.84,39.07,371100,39.07
2011-01-05,38.69,39.19,38.69,39.06,237500,39.06
2011-01-04,38.76,38.76,38.47,38.70,132300,38.70
2011-01-03,38.36,38.58,38.36,38.49,14200,38.49
2010-12-31,38.00,38.25,37.75,38.17,19400,38.17
2010-12-30,38.20,38.20,37.95,38.10,20900,38.10
2010-12-29,38.66,38.66,38.45,38.46,19200,38.46
2010-12-28,38.35,38.39,38.10,38.25,26500,38.25
2010-12-27,38.23,38.40,38.22,38.40,204700,38.40
2010-12-23,38.36,38.43,38.20,38.33,88700,38.33
2010-12-22,38.57,38.59,38.41,38.59,36300,38.59
2010-12-21,38.84,38.85,38.67,38.74,10500,38.48
2010-12-20,38.43,38.63,38.31,38.60,310500,38.34
2010-12-17,38.58,38.58,38.34,38.42,31800,38.16
2010-12-16,38.39,38.72,38.35,38.59,20000,38.33
2010-12-15,38.41,38.63,38.33,38.39,33500,38.13
2010-12-14,38.23,38.65,38.23,38.48,29100,38.22
2010-12-13,38.19,38.37,38.15,38.15,20900,37.89
2010-12-10,37.96,38.07,37.84,37.90,71100,37.64
2010-12-09,38.22,38.22,37.74,37.85,37800,37.59
2010-12-08,37.98,37.98,37.84,37.90,15200,37.64
2010-12-07,37.75,37.75,37.53,37.57,58000,37.31
2010-12-06,37.30,37.68,37.30,37.60,43800,37.34
2010-12-03,37.12,37.36,37.12,37.31,9700,37.06
2010-12-02,37.48,37.70,37.48,37.70,9300,37.44
2010-12-01,37.17,37.55,37.17,37.50,33800,37.24
2010-11-30,36.48,36.76,36.48,36.66,2900,36.41
2010-11-29,36.79,37.17,36.78,37.12,8900,36.87
2010-11-26,37.01,37.04,36.97,36.99,7400,36.74
2010-11-24,36.94,37.25,36.93,37.22,16200,36.97
2010-11-23,36.60,36.62,36.26,36.62,31000,36.37
2010-11-22,37.30,37.30,36.99,37.27,321900,37.02
2010-11-19,37.30,37.46,37.12,37.46,4600,37.20
2010-11-18,37.29,37.51,37.20,37.38,16600,37.13
2010-11-17,36.25,36.47,36.25,36.37,5300,36.12
2010-11-16,36.19,36.35,35.90,35.91,8600,35.67
2010-11-15,36.67,36.70,36.54,36.61,4100,36.36
2010-11-12,36.44,36.44,36.16,36.43,22200,36.18
2010-11-11,36.49,36.61,36.43,36.56,24700,36.31
2010-11-10,36.70,36.97,36.42,36.73,18400,36.48
2010-11-09,36.21,36.34,36.13,36.14,50800,35.89
2010-11-08,36.10,36.12,35.93,36.12,16600,35.87
2010-11-05,35.95,36.16,35.94,36.15,16800,35.90
2010-11-04,35.24,35.66,35.24,35.65,66500,35.41
2010-11-03,34.83,35.14,34.82,35.10,21600,34.86
2010-11-02,34.89,34.89,34.69,34.77,68100,34.53
2010-11-01,34.76,34.76,34.37,34.55,21900,34.31
2010-10-29,34.68,34.96,34.68,34.83,34200,34.59
2010-10-28,34.88,34.99,34.76,34.97,20400,34.73
2010-10-27,35.18,35.18,34.79,35.08,21300,34.84
2010-10-26,35.19,35.35,35.05,35.35,45700,35.11
2010-10-25,35.41,35.42,35.12,35.19,57800,34.95
2010-10-22,35.39,35.60,35.37,35.58,7800,35.34
2010-10-21,35.55,35.56,35.23,35.30,5100,35.06
2010-10-20,35.57,35.83,35.43,35.68,123500,35.44
2010-10-19,35.76,35.87,35.42,35.59,70400,35.35
2010-10-18,35.80,36.00,35.78,35.96,16500,35.71
2010-10-15,35.69,35.80,35.47,35.61,20200,35.37
2010-10-14,35.94,35.94,35.71,35.73,10900,35.49
2010-10-13,35.80,36.06,35.68,35.80,10600,35.56
2010-10-12,35.80,35.84,35.57,35.84,13200,35.60
2010-10-11,36.36,36.40,36.19,36.37,20200,36.12
2010-10-08,36.10,36.36,35.96,36.36,16300,36.11
2010-10-07,36.50,36.50,36.13,36.27,19700,36.02
2010-10-06,36.08,36.36,36.08,36.20,11500,35.95
2010-10-05,35.73,36.40,35.73,36.25,11900,36.00
2010-10-04,35.54,35.55,35.10,35.18,17700,34.94
2010-10-01,36.07,36.07,35.76,35.83,28900,35.59
2010-09-30,36.26,36.26,35.74,36.02,10800,35.77
2010-09-29,36.34,36.56,36.34,36.41,26300,36.16
2010-09-28,36.30,36.41,36.16,36.38,11000,36.13
2010-09-27,36.35,36.50,36.26,36.46,18300,36.21
2010-09-24,36.05,36.52,36.05,36.35,3900,36.10
2010-09-23,35.84,36.09,35.84,35.85,9000,35.61
2010-09-22,36.33,36.34,36.12,36.21,10000,35.96
2010-09-21,36.47,36.68,36.35,36.35,52900,36.10
2010-09-20,36.34,36.93,36.34,36.88,5400,36.63
2010-09-17,36.46,36.51,36.33,36.46,122200,36.21
2010-09-16,36.48,36.55,35.95,36.55,13900,36.30
2010-09-15,36.72,36.99,36.46,36.99,137500,36.74
2010-09-14,35.94,36.09,35.77,36.05,43800,35.80
2010-09-13,36.22,36.30,36.07,36.30,91500,36.05
2010-09-10,36.15,36.19,36.07,36.14,3300,35.89
2010-09-09,35.75,35.98,35.75,35.95,17900,35.71
2010-09-08,35.77,35.97,35.67,35.67,34900,35.43
2010-09-07,35.88,35.91,35.49,35.49,23400,35.25
2010-09-03,35.92,36.21,35.70,35.72,42600,35.48
2010-09-02,35.66,35.66,35.33,35.48,15200,35.24
2010-09-01,35.24,35.92,35.00,35.84,59900,35.60
2010-08-31,34.95,34.97,34.66,34.73,47400,34.49
2010-08-30,35.68,35.68,35.34,35.34,16100,35.10
2010-08-27,35.35,35.66,35.25,35.50,7100,35.26
2010-08-26,35.00,35.16,34.85,35.02,18500,34.78
2010-08-25,34.81,35.15,34.45,35.15,170000,34.91
2010-08-24,34.94,35.09,34.53,34.73,82300,34.49
2010-08-23,35.44,35.71,35.34,35.35,39800,35.11
2010-08-20,35.65,35.69,35.40,35.68,6300,35.44
2010-08-19,35.92,36.11,35.53,35.83,12000,35.59
2010-08-18,35.88,36.23,35.88,36.20,3200,35.95
2010-08-17,35.92,36.23,35.91,35.96,24300,35.71
2010-08-16,35.61,35.75,35.44,35.54,40400,35.30
2010-08-13,35.82,35.82,35.43,35.78,5900,35.54
2010-08-12,35.23,35.66,35.20,35.66,9200,35.42
2010-08-11,35.64,35.64,35.16,35.40,13200,35.16
2010-08-10,36.68,36.72,36.29,36.49,33300,36.24
2010-08-09,36.64,37.03,36.60,37.03,21800,36.78
2010-08-06,36.60,36.66,36.14,36.55,46200,36.30
2010-08-05,36.30,36.51,36.25,36.51,422900,36.26
2010-08-04,36.33,36.68,36.27,36.68,48600,36.43
2010-08-03,36.47,36.58,36.24,36.24,130500,35.99
2010-08-02,36.46,36.89,36.42,36.89,8100,36.64
2010-07-30,36.10,36.28,35.89,36.25,39500,36.00
2010-07-29,36.89,37.00,36.35,36.59,28600,36.34
2010-07-28,36.77,36.93,36.62,36.62,33400,36.37
2010-07-27,36.44,36.63,36.41,36.62,12200,36.37
2010-07-26,36.13,36.28,36.05,36.19,295400,35.94
2010-07-23,35.97,36.38,35.97,36.28,5700,36.03
2010-07-22,35.88,36.31,35.88,36.12,31000,35.87
2010-07-21,35.70,35.86,35.31,35.34,47500,35.10
2010-07-20,35.23,35.98,35.23,35.93,176600,35.69
2010-07-19,35.57,35.60,35.29,35.49,26900,35.25
2010-07-16,35.90,35.91,35.31,35.39,24700,35.15
2010-07-15,36.52,36.66,36.15,36.31,88300,36.06
2010-07-14,37.04,37.09,36.92,37.09,9700,36.84
2010-07-13,36.67,37.11,36.67,37.02,31700,36.77
2010-07-12,36.78,36.86,36.70,36.80,17700,36.55
2010-07-09,36.87,37.09,36.87,37.03,2900,36.78
2010-07-08,37.14,37.19,36.73,37.19,50000,36.94
2010-07-07,36.30,37.03,36.30,36.98,11800,36.73
2010-07-06,36.58,37.05,36.15,36.29,38000,36.04
2010-07-02,35.71,35.85,35.40,35.74,44900,35.50
2010-07-01,35.55,35.58,34.88,35.46,75200,35.22
2010-06-30,35.75,35.91,35.61,35.64,18500,35.40
2010-06-29,36.10,36.16,35.39,35.57,76500,35.33
2010-06-28,36.75,36.95,36.62,36.62,47300,36.37
2010-06-25,37.10,37.29,36.91,37.12,21300,36.68
2010-06-24,37.05,37.11,36.72,36.88,19100,36.45
2010-06-23,37.39,37.40,37.09,37.40,12800,36.96
2010-06-22,37.97,37.99,37.44,37.51,26300,37.07
2010-06-21,38.35,38.42,38.00,38.11,7300,37.66
2010-06-18,37.58,37.81,37.58,37.77,23000,37.33
2010-06-17,37.94,37.96,37.59,37.75,218200,37.31
2010-06-16,37.87,38.03,37.74,38.03,25500,37.58
2010-06-15,37.61,38.00,37.50,38.00,18000,37.55
2010-06-14,37.55,37.64,37.38,37.42,30700,36.98
2010-06-11,37.11,37.24,36.95,37.11,201700,36.67
2010-06-10,37.03,37.26,36.82,37.22,7200,36.78
2010-06-09,36.75,36.97,36.36,36.49,39400,36.06
2010-06-08,36.52,36.53,36.12,36.41,22100,35.98
2010-06-07,36.66,36.93,36.29,36.29,42700,35.86
2010-06-04,37.34,37.42,36.79,36.81,44200,36.38
2010-06-03,38.23,38.29,37.83,37.98,24000,37.53
2010-06-02,37.41,37.87,37.39,37.84,23300,37.39
2010-06-01,37.28,37.80,37.28,37.75,2700,37.31
2010-05-28,37.87,37.87,37.17,37.50,8100,37.06
2010-05-27,37.45,37.78,37.34,37.71,13800,37.27
2010-05-26,36.84,37.14,36.37,36.48,32500,36.05
2010-05-25,36.11,37.09,36.11,37.08,56900,36.64
2010-05-24,37.58,37.75,37.36,37.36,14800,36.92
2010-05-21,36.66,37.69,36.40,37.28,17300,36.84
2010-05-20,37.75,37.80,37.25,37.40,86400,36.96
2010-05-19,38.71,38.90,38.29,38.81,8100,38.35
2010-05-18,39.61,39.64,38.79,38.94,9700,38.48
2010-05-17,39.56,39.65,38.98,39.65,18300,39.18
2010-05-14,39.53,39.53,38.86,39.29,14300,38.83
2010-05-13,40.59,40.59,39.79,39.87,23500,39.40
2010-05-12,40.43,40.59,40.31,40.44,21200,39.96
2010-05-11,39.96,40.53,39.96,40.27,4300,39.80
2010-05-10,40.15,41.22,40.15,40.87,17700,40.39
2010-05-07,39.79,39.95,38.86,39.15,14100,38.69
2010-05-06,40.25,40.55,36.20,39.20,59900,38.74
2010-05-05,40.48,40.83,40.20,40.65,14800,40.17
2010-05-04,41.48,41.48,40.76,40.83,47500,40.35
2010-05-03,41.96,42.36,41.96,42.23,20900,41.73
2010-04-30,42.24,42.24,41.70,41.77,29400,41.28
2010-04-29,41.90,42.19,41.87,42.15,30500,41.65
2010-04-28,41.64,41.80,41.49,41.62,37000,41.13
2010-04-27,42.21,42.36,41.37,41.46,46800,40.97
2010-04-26,42.78,42.78,42.62,42.66,9300,42.16
2010-04-23,41.77,42.42,41.77,42.41,21400,41.91
2010-04-22,41.61,41.88,41.26,41.88,87900,41.39
2010-04-21,42.15,42.53,41.87,42.08,50200,41.58
2010-04-20,41.85,42.16,41.73,42.08,70100,41.58
2010-04-19,41.83,41.92,41.02,41.86,46200,41.37
2010-04-16,42.48,42.48,41.45,41.82,77900,41.33
2010-04-15,42.98,43.06,42.74,42.76,362900,42.26
2010-04-14,42.70,42.99,42.63,42.88,159700,42.38
2010-04-13,42.47,42.78,42.25,42.42,53600,41.92
2010-04-12,42.61,42.78,42.61,42.76,29600,42.26
2010-04-09,42.71,42.72,42.58,42.66,30100,42.16
2010-04-08,42.27,42.64,42.16,42.56,35400,42.06
2010-04-07,42.59,42.74,42.35,42.55,43400,42.05
2010-04-06,42.91,42.99,42.65,42.85,14600,42.35
2010-04-05,42.63,42.90,42.63,42.76,52400,42.26
2010-04-01,42.64,42.82,42.52,42.74,11700,42.24
2010-03-31,42.55,42.55,42.06,42.24,20000,41.74
2010-03-30,42.68,42.85,42.55,42.74,22900,42.24
2010-03-29,42.40,43.11,42.19,42.41,14700,41.91
2010-03-26,42.07,42.15,41.88,41.94,6100,41.45
2010-03-25,41.73,41.90,41.33,41.36,19300,40.87
2010-03-24,41.69,41.75,41.55,41.72,3000,41.23
2010-03-23,42.11,42.37,42.11,42.37,4700,41.87
2010-03-22,41.69,42.20,41.69,42.17,6800,41.67
2010-03-19,42.08,42.08,41.76,42.00,5000,41.51
2010-03-18,42.13,42.17,41.92,42.14,5900,41.64
2010-03-17,41.78,42.31,41.78,42.19,3800,41.69
2010-03-16,41.86,42.15,41.75,42.15,5200,41.65
2010-03-15,41.61,41.76,41.46,41.76,12700,41.27
2010-03-12,41.69,41.86,41.55,41.79,13600,41.30
2010-03-11,41.40,41.50,41.28,41.35,8500,40.86
2010-03-10,41.25,41.39,41.10,41.18,37600,40.70
2010-03-09,41.33,41.65,41.33,41.46,18500,40.97
2010-03-08,41.63,41.69,41.47,41.62,8100,41.13
2010-03-05,41.19,41.44,41.11,41.44,10500,40.95
2010-03-04,41.00,41.28,40.74,41.10,12300,40.62
2010-03-03,41.43,41.63,41.36,41.43,21300,40.94
2010-03-02,41.28,41.55,41.15,41.28,28200,40.79
2010-03-01,41.00,41.02,40.84,41.02,5400,40.54
2010-02-26,40.30,40.62,40.30,40.62,5900,40.14
2010-02-25,40.08,40.15,39.87,40.05,9100,39.58
2010-02-24,40.12,40.39,40.12,40.30,6900,39.83
2010-02-23,40.12,40.15,39.86,40.05,7500,39.58
2010-02-22,40.22,40.29,40.06,40.12,16900,39.65
2010-02-19,39.78,39.98,39.60,39.94,10200,39.47
2010-02-18,40.42,40.48,40.20,40.42,20900,39.94
2010-02-17,40.35,40.53,40.30,40.39,13800,39.91
2010-02-16,39.89,40.41,39.83,40.27,14900,39.80
2010-02-12,39.90,40.03,39.81,39.90,8600,39.43
2010-02-11,39.93,40.31,39.79,40.21,15300,39.74
2010-02-10,40.12,40.15,39.86,39.95,18800,39.48
2010-02-09,40.27,40.51,40.02,40.33,45900,39.86
2010-02-08,40.18,40.31,39.89,39.92,27500,39.45
2010-02-05,39.90,40.22,39.68,40.10,17300,39.63
2010-02-04,40.38,40.45,39.76,40.03,27900,39.56
2010-02-03,40.90,41.08,40.80,40.99,2500,40.51
2010-02-02,41.06,41.22,41.06,41.21,7800,40.73
2010-02-01,40.26,40.56,40.22,40.30,41200,39.83
2010-01-29,40.16,40.49,39.92,39.92,103400,39.45
2010-01-28,40.80,40.86,40.20,40.52,31500,40.04
2010-01-27,40.75,40.79,40.51,40.59,16000,40.11
2010-01-26,41.00,41.42,41.00,41.16,10400,40.68
2010-01-25,41.61,41.68,41.29,41.46,51400,40.97
2010-01-22,41.58,41.74,41.12,41.12,11700,40.64
2010-01-21,41.67,41.67,41.29,41.51,9200,41.02
2010-01-20,41.19,41.38,41.01,41.29,12600,40.80
2010-01-19,42.43,42.46,42.13,42.31,4200,41.81
2010-01-15,42.19,42.31,42.07,42.25,5100,41.75
2010-01-14,42.04,42.46,42.04,42.37,19000,41.87
2010-01-13,41.56,42.10,41.55,41.84,49800,41.35
2010-01-12,41.63,41.86,41.46,41.57,30000,41.08
2010-01-11,41.13,41.30,40.82,41.30,26200,40.81
2010-01-08,40.59,40.88,40.58,40.84,17500,40.36
2010-01-07,40.41,40.46,40.17,40.43,117700,39.95
2010-01-06,40.63,40.74,40.59,40.67,16900,40.19
2010-01-05,40.64,40.68,40.53,40.54,2200,40.06
2010-01-04,40.17,40.20,39.90,40.19,2400,39.72
2009-12-31,39.60,39.64,39.33,39.33,1900,38.87
2009-12-30,39.56,39.73,39.50,39.73,3000,39.26
2009-12-29,40.16,40.21,40.06,40.14,3500,39.67
2009-12-28,40.08,40.18,39.95,39.99,4500,39.52
2009-12-24,39.75,39.75,39.75,39.75,000,39.28
2009-12-23,39.60,39.75,39.58,39.75,10300,39.28
2009-12-22,39.43,39.60,39.27,39.60,12600,39.13
2009-12-21,39.65,39.65,39.50,39.50,500,39.04
2009-12-18,39.75,39.86,39.70,39.78,1300,39.13
2009-12-17,39.90,39.95,39.73,39.73,14600,39.08
2009-12-16,40.29,40.51,40.26,40.26,19800,39.60
2009-12-15,39.71,39.80,39.70,39.80,1100,39.15
2009-12-14,40.42,40.42,40.00,40.00,800,39.35
2009-12-11,39.97,39.97,39.93,39.93,1100,39.28
2009-12-10,40.07,40.07,40.07,40.07,300,39.42
2009-12-09,40.10,40.10,40.10,40.10,000,39.45
2009-12-08,40.43,40.43,40.06,40.10,5400,39.45
2009-12-07,39.85,40.15,39.75,39.78,4000,39.13
2009-12-04,40.50,40.61,40.50,40.61,3000,39.95
2009-12-03,40.11,40.49,40.11,40.33,5900,39.67
2009-12-02,39.78,39.78,39.66,39.66,2200,39.01
2009-12-01,39.36,39.84,39.36,39.78,2500,39.13
2009-11-30,38.42,38.69,38.42,38.66,4300,38.03
2009-11-27,37.97,38.17,37.75,37.97,5800,37.35
2009-11-25,38.22,38.22,38.22,38.22,100,37.60
2009-11-24,37.84,37.84,37.40,37.40,1000,36.79
2009-11-23,38.10,38.11,37.86,38.07,1000,37.45
2009-11-20,37.51,37.74,37.51,37.57,500,36.96
2009-11-19,37.61,37.61,37.24,37.35,700,36.74
2009-11-18,38.50,38.50,38.22,38.22,700,37.60
2009-11-17,38.59,38.76,38.25,38.76,3600,38.13
2009-11-16,38.70,39.04,38.70,39.04,1700,38.40
2009-11-13,38.24,38.60,38.24,38.59,2400,37.96
2009-11-12,38.15,38.30,37.92,38.00,28800,37.38
2009-11-11,38.92,38.92,38.92,38.92,400,38.29
2009-11-10,38.93,38.93,38.70,38.70,700,38.07
2009-11-09,39.10,39.25,39.00,39.25,1200,38.61
2009-11-06,38.60,38.96,38.60,38.63,2200,38.00
2009-11-05,38.84,39.09,38.84,38.98,2700,38.34
2009-11-04,38.79,38.79,38.79,38.79,000,38.16
2009-11-03,38.40,38.79,38.40,38.79,700,38.16
2009-11-02,38.94,39.02,38.67,38.67,1600,38.04
2009-10-30,38.75,38.95,38.30,38.56,7400,37.93
2009-10-29,38.93,38.93,38.88,38.88,600,38.25
2009-10-28,38.47,38.47,38.39,38.39,400,37.76
2009-10-27,38.87,38.88,38.84,38.84,1300,38.21
2009-10-26,39.16,39.53,38.84,38.84,3800,38.21
2009-10-23,39.37,39.41,38.83,39.05,2500,38.41
2009-10-22,39.62,39.91,39.62,39.74,3400,39.09
2009-10-21,40.09,40.09,40.04,40.04,600,39.39
2009-10-20,40.15,40.18,39.78,39.78,2100,39.13
2009-10-19,40.01,40.27,40.00,40.22,1900,39.56
2009-10-16,39.40,39.43,39.40,39.43,800,38.79
2009-10-15,40.10,40.33,40.10,40.29,1500,39.63
2009-10-14,40.37,40.49,40.25,40.49,7700,39.83
2009-10-13,40.04,40.04,39.83,39.85,1400,39.20
2009-10-12,40.50,40.50,40.20,40.20,1000,39.54
2009-10-09,40.06,40.06,40.05,40.05,600,39.40
2009-10-08,40.00,40.37,40.00,40.15,1200,39.50
2009-10-07,39.74,39.74,39.67,39.67,2300,39.02
2009-10-06,39.82,39.82,39.61,39.61,2000,38.96
2009-10-05,39.47,39.53,39.20,39.35,135200,38.71
2009-10-02,39.33,39.65,39.11,39.31,2600,38.67
2009-10-01,40.13,40.51,39.70,39.70,7700,39.05
2009-09-30,40.56,40.64,40.56,40.60,2100,39.94
2009-09-29,40.64,40.64,40.27,40.27,1000,39.61
2009-09-28,40.74,41.44,40.74,41.14,11900,40.47
2009-09-25,40.92,41.26,40.70,40.70,3100,40.04
2009-09-24,41.39,41.39,41.06,41.06,6600,40.39
2009-09-23,41.29,41.59,41.28,41.59,600,40.91
2009-09-22,41.45,41.61,41.45,41.48,1000,40.80
2009-09-21,40.93,41.16,40.31,40.79,11100,40.12
2009-09-18,41.22,41.22,41.22,41.22,000,40.55
2009-09-17,41.30,42.46,41.14,41.22,6600,40.55
2009-09-16,41.33,41.73,41.32,41.49,800,40.81
2009-09-15,41.23,43.14,41.13,41.59,44500,40.91
2009-09-14,41.30,41.44,41.23,41.43,2000,40.75
2009-09-11,41.83,42.01,41.62,41.63,271700,40.95
2009-09-10,41.25,41.66,41.25,41.46,2800,40.78
2009-09-09,40.81,41.21,40.81,41.21,1000,40.54
2009-09-08,40.85,40.85,40.78,40.78,1200,40.11
2009-09-04,40.44,40.44,40.42,40.42,900,39.76
2009-09-03,40.56,40.65,40.22,40.39,3600,39.73
2009-09-02,40.59,40.81,40.55,40.63,4100,39.97
2009-09-01,40.41,40.41,40.30,40.41,5600,39.75
2009-08-31,40.79,41.02,40.79,41.02,1900,40.35
2009-08-28,41.28,41.28,41.10,41.10,700,40.43
2009-08-27,40.85,41.35,40.84,41.35,800,40.68
2009-08-26,40.81,40.87,40.81,40.83,900,40.16
2009-08-25,41.16,41.20,41.12,41.12,900,40.45
2009-08-24,40.77,40.77,40.58,40.58,4100,39.92
2009-08-21,40.43,41.00,40.43,40.68,51700,40.02
2009-08-20,40.16,40.47,40.13,40.24,3700,39.58
2009-08-19,40.08,40.08,39.86,39.86,1300,39.21
2009-08-18,39.40,39.69,39.40,39.69,3100,39.04
2009-08-17,39.37,39.44,39.25,39.25,600,38.61
2009-08-14,40.38,40.38,39.88,40.00,7200,39.35
2009-08-13,40.11,40.31,39.87,40.02,19500,39.37
2009-08-12,39.92,39.99,39.71,39.99,7500,39.34
2009-08-11,39.73,39.80,39.68,39.80,3900,39.15
2009-08-10,39.58,39.67,39.42,39.42,2500,38.78
2009-08-07,39.84,39.86,39.84,39.86,200,39.21
2009-08-06,39.68,39.72,39.59,39.72,800,39.07
2009-08-05,39.63,39.74,39.42,39.74,1200,39.09
2009-08-04,39.87,39.99,39.87,39.97,1000,39.32
2009-08-03,39.98,40.03,39.98,39.99,4300,39.34
2009-07-31,39.30,39.90,39.30,39.70,3200,39.05
2009-07-30,39.38,39.56,39.31,39.33,253400,38.69
2009-07-29,38.63,38.71,38.56,38.71,254300,38.08
2009-07-28,38.67,38.67,38.65,38.65,300,38.02
2009-07-27,38.58,38.96,38.36,38.61,7900,37.98
2009-07-24,38.75,39.07,38.74,38.78,1100,38.15
2009-07-23,38.33,38.73,38.33,38.73,1900,38.10
2009-07-22,38.50,38.80,38.44,38.49,3800,37.86
2009-07-21,38.44,38.48,38.21,38.31,1600,37.69
2009-07-20,37.96,38.09,37.65,37.98,8400,37.36
2009-07-17,37.46,37.46,37.25,37.30,2500,36.69
2009-07-16,37.31,37.56,36.96,37.56,3000,36.95
2009-07-15,37.20,37.32,37.20,37.32,3600,36.71
2009-07-14,37.35,37.35,37.11,37.29,4400,36.68
2009-07-13,37.30,37.35,37.30,37.35,15500,36.74
2009-07-10,37.45,37.63,37.15,37.15,15500,36.54
2009-07-09,37.57,37.86,37.57,37.61,4500,37.00
2009-07-08,37.36,37.83,37.31,37.60,90000,36.99
2009-07-07,37.85,37.85,37.85,37.85,3500,37.23
2009-07-06,37.68,38.21,37.68,37.88,5200,37.26
2009-07-02,37.74,37.74,37.44,37.44,250900,36.83
2009-07-01,38.20,38.78,38.20,38.75,316200,38.12
2009-06-30,38.19,38.20,37.85,38.16,15000,37.54
2009-06-29,38.45,38.77,38.45,38.71,3600,38.08
2009-06-26,38.39,39.00,38.39,38.92,32800,38.29
2009-06-25,38.12,38.17,37.75,38.08,18500,37.46
2009-06-24,39.10,39.43,38.13,38.53,26200,37.90
2009-06-23,37.92,38.35,37.88,38.29,33500,37.67
2009-06-22,37.23,37.43,37.22,37.35,1173900,36.74
2009-06-19,38.19,38.45,37.94,38.41,169700,37.45
2009-06-18,37.98,38.25,37.98,38.00,3000,37.05
2009-06-17,37.97,38.06,37.60,37.78,1300,36.84
2009-06-16,37.54,37.54,37.25,37.25,800,36.32
2009-06-15,37.68,37.68,37.68,37.68,700,36.74
2009-06-12,38.02,38.10,38.02,38.05,800,37.10
2009-06-11,38.29,38.44,38.29,38.44,600,37.48
2009-06-10,37.57,37.65,37.52,37.65,700,36.71
2009-06-09,37.56,37.56,37.56,37.56,000,36.62
2009-06-08,37.10,37.56,37.10,37.56,900,36.62
2009-06-05,38.06,38.06,38.06,38.06,000,37.11
2009-06-04,37.67,38.06,37.67,38.06,1600,37.11
2009-06-03,37.34,37.34,37.34,37.34,100,36.41
2009-06-02,38.31,38.44,38.20,38.35,1500,37.39
2009-06-01,38.18,38.19,38.12,38.12,1800,37.17
2009-05-29,37.45,37.63,37.45,37.60,800,36.66
2009-05-28,37.26,37.26,37.26,37.26,1700,36.33
2009-05-27,37.39,37.39,37.16,37.16,2000,36.23
2009-05-26,37.91,38.02,37.87,38.02,900,37.07
2009-05-22,37.16,37.16,36.90,36.90,900,35.98
2009-05-21,37.61,37.61,37.61,37.61,000,36.67
2009-05-20,37.28,37.85,37.27,37.61,19000,36.67
2009-05-19,36.95,36.95,36.85,36.85,400,35.93
2009-05-18,36.52,36.89,36.52,36.85,5200,35.93
2009-05-15,36.65,36.65,36.65,36.65,1000,35.73
2009-05-14,35.99,35.99,35.99,35.99,000,35.09
2009-05-13,35.83,36.08,35.83,35.99,1200,35.09
2009-05-12,36.43,36.74,36.41,36.67,1000,35.75
2009-05-11,36.36,36.36,36.23,36.32,3700,35.41
2009-05-08,36.25,36.26,36.25,36.25,1200,35.34
2009-05-07,36.04,36.04,35.28,35.39,5100,34.51
2009-05-06,36.02,36.50,35.99,36.50,3400,35.59
2009-05-05,35.47,35.47,35.47,35.47,100,34.58
2009-05-04,35.33,35.64,35.33,35.64,3000,34.75
2009-05-01,34.49,34.81,34.35,34.81,1300,33.94
2009-04-30,34.46,34.66,34.46,34.66,1600,33.79
2009-04-29,35.01,35.01,35.01,35.01,100,34.14
2009-04-28,34.50,34.50,34.50,34.50,8600,33.64
2009-04-27,35.09,35.15,35.09,35.15,2200,34.27
2009-04-24,35.13,35.42,35.13,35.28,4900,34.40
2009-04-23,34.54,34.79,34.54,34.79,700,33.92
2009-04-22,34.82,35.00,34.76,34.76,2200,33.89
2009-04-21,34.13,34.13,34.13,34.13,600,33.28
2009-04-20,34.23,34.23,34.15,34.15,800,33.30
2009-04-17,34.75,34.83,34.75,34.82,3800,33.95
2009-04-16,34.30,34.65,34.30,34.60,3400,33.74
2009-04-15,34.14,34.41,34.14,34.40,1500,33.54
2009-04-14,34.28,34.47,34.28,34.32,3100,33.46
2009-04-13,35.55,35.55,34.24,34.46,1200,33.60
2009-04-09,34.57,34.57,34.38,34.52,4100,33.66
2009-04-08,33.44,33.93,33.44,33.79,1400,32.95
2009-04-07,33.54,33.54,33.12,33.13,1500,32.30
2009-04-06,33.29,33.29,32.92,33.10,4200,32.27
2009-04-03,34.30,34.30,33.97,33.97,2700,33.12
2009-04-02,34.26,34.83,34.26,34.83,900,33.96
2009-04-01,32.99,33.53,32.99,33.53,6100,32.69
2009-03-31,32.73,32.88,32.67,32.78,4500,31.96
2009-03-30,32.86,32.94,32.65,32.94,2400,32.12
2009-03-27,33.89,34.00,33.69,33.86,6100,33.01
2009-03-26,34.16,34.21,34.09,34.18,7300,33.33
2009-03-25,33.53,34.12,33.27,33.95,20800,33.10
2009-03-24,32.66,32.95,32.66,32.66,3600,31.84
2009-03-23,32.55,33.38,32.55,33.38,18000,32.55
2009-03-20,31.82,31.82,31.50,31.55,3900,30.56
2009-03-19,32.26,32.31,32.26,32.31,1100,31.29
2009-03-18,31.19,32.22,31.10,31.98,13100,30.97
2009-03-17,30.86,31.36,30.86,31.36,2700,30.37
2009-03-16,30.64,31.12,30.61,30.62,2500,29.66
2009-03-13,30.02,30.12,30.02,30.12,900,29.17
2009-03-12,29.10,29.96,29.10,29.96,54100,29.02
2009-03-11,29.88,30.17,29.01,30.17,16200,29.22
2009-03-10,29.57,30.38,29.57,30.04,3000,29.09
2009-03-09,29.01,29.01,28.71,28.76,7700,27.85
2009-03-06,29.89,29.91,29.28,29.60,700,28.67
2009-03-05,30.23,30.24,29.54,29.54,4700,28.61
2009-03-04,30.13,30.37,30.13,30.37,1000,29.41
2009-03-03,29.69,29.80,28.57,29.56,3600,28.63
2009-03-02,30.25,30.47,29.68,29.68,11700,28.75
2009-02-27,30.27,30.27,30.27,30.27,000,29.32
2009-02-26,31.27,31.32,30.27,30.27,3400,29.32
2009-02-25,30.76,31.32,30.61,31.04,11800,30.06
2009-02-24,31.14,31.67,30.96,31.67,7300,30.67
2009-02-23,31.72,31.80,30.83,30.85,10300,29.88
2009-02-20,31.93,32.07,31.49,32.07,5000,31.06
2009-02-19,32.83,32.83,32.35,32.67,7200,31.64
2009-02-18,32.76,32.90,32.57,32.64,4600,31.61
2009-02-17,32.63,32.76,32.31,32.50,5000,31.48
2009-02-13,33.70,33.70,33.70,33.70,200,32.64
2009-02-12,33.77,33.77,33.46,33.47,1800,32.42
2009-02-11,34.53,34.53,34.38,34.38,200,33.30
2009-02-10,34.06,34.06,34.06,34.06,200,32.99
2009-02-09,35.28,35.42,35.28,35.42,300,34.30
2009-02-06,35.63,35.63,35.63,35.63,1100,34.51
2009-02-05,35.28,35.33,35.28,35.33,300,34.22
2009-02-04,35.79,35.95,35.29,35.29,2300,34.18
2009-02-03,34.83,35.71,34.83,35.71,7000,34.59
2009-02-02,34.51,34.97,34.51,34.97,13900,33.87
2009-01-30,35.65,35.65,35.06,35.06,2400,33.96
2009-01-29,36.03,36.03,35.71,35.73,3300,34.60
2009-01-28,36.89,36.89,36.89,36.89,600,35.73
2009-01-27,36.50,36.54,36.28,36.28,6300,35.14
2009-01-26,35.48,35.54,35.30,35.30,5400,34.19
2009-01-23,34.72,34.92,34.46,34.92,3500,33.82
2009-01-22,35.41,35.41,35.41,35.41,200,34.30
2009-01-21,35.55,36.16,35.55,36.16,800,35.02
2009-01-20,35.90,35.90,34.44,34.44,65900,33.36
2009-01-16,36.37,36.45,36.36,36.45,2800,35.30
2009-01-15,35.94,35.94,35.13,35.88,3100,34.75
2009-01-14,36.15,36.15,35.33,35.33,10600,34.22
2009-01-13,36.57,36.57,36.57,36.57,100,35.42
2009-01-12,37.34,37.72,37.09,37.13,2100,35.96
2009-01-09,37.96,38.00,37.81,37.81,800,36.62
2009-01-08,38.07,38.07,37.70,37.94,2600,36.75
2009-01-07,37.83,37.83,37.31,37.52,23500,36.34
2009-01-06,38.36,38.51,38.12,38.13,4000,36.93
2009-01-05,39.00,39.02,38.49,38.94,2900,37.71
2009-01-02,39.73,39.77,39.73,39.77,700,38.52
2008-12-31,39.21,39.39,39.20,39.39,2100,38.15
2008-12-30,38.53,38.90,38.53,38.73,13200,37.51
2008-12-29,37.79,38.09,37.65,38.04,8600,36.84
2008-12-26,37.62,37.62,37.30,37.57,7100,36.39
2008-12-24,37.48,37.48,36.73,36.89,15300,35.73
2008-12-23,37.10,37.16,36.13,36.38,15700,35.23
2008-12-22,36.22,36.48,35.10,35.10,22900,33.99
2008-12-19,38.51,38.71,38.14,38.25,15400,34.34
2008-12-18,39.34,39.34,38.42,38.73,4800,34.77
2008-12-17,39.49,40.17,39.31,40.12,23800,36.02
2008-12-16,38.15,39.50,38.15,39.50,8000,35.46
2008-12-15,38.41,38.41,37.74,37.89,2500,34.02
2008-12-12,37.72,38.47,37.61,38.47,7800,34.54
2008-12-11,37.86,38.00,37.42,37.42,4300,33.60
2008-12-10,37.35,37.57,36.86,37.24,11200,33.43
2008-12-09,36.41,37.40,35.46,36.93,12700,33.16
2008-12-08,36.44,37.38,36.44,37.38,10900,33.56
2008-12-05,34.70,35.33,34.31,35.33,105600,31.72
2008-12-04,35.31,35.67,34.36,34.63,113100,31.09
2008-12-03,34.78,36.46,34.78,36.06,121000,32.37
2008-12-02,35.00,35.49,34.52,35.43,111600,31.81
2008-12-01,35.10,35.10,32.99,32.99,148600,29.62
2008-11-28,35.52,35.52,35.52,35.52,100,31.89
2008-11-26,34.96,36.28,34.88,36.20,6300,32.50
2008-11-25,36.52,36.57,34.98,35.47,19700,31.84
2008-11-24,35.30,37.16,35.30,36.91,6800,33.14
2008-11-21,34.06,34.39,33.00,34.35,9200,30.84
2008-11-20,33.05,33.80,32.37,32.43,3400,29.12
2008-11-19,33.86,33.86,33.86,33.86,500,30.40
2008-11-18,35.05,35.44,34.84,35.24,3000,31.64
2008-11-17,35.54,36.13,35.24,35.97,12600,32.29
2008-11-14,36.42,36.67,35.89,36.15,6900,32.46
2008-11-13,35.81,36.25,35.75,36.25,3400,32.54
2008-11-12,36.16,36.16,35.08,35.49,1600,31.86
2008-11-11,36.46,36.46,35.59,35.74,7900,32.09
2008-11-10,37.74,37.93,37.04,37.64,19100,33.79
2008-11-07,36.58,37.15,36.55,37.15,137300,33.35
2008-11-06,37.60,37.66,35.63,35.91,130300,32.24
2008-11-05,39.11,39.49,39.10,39.28,150900,35.27
2008-11-04,38.74,39.40,38.56,39.03,141200,35.04
2008-11-03,36.67,37.53,36.67,37.53,20100,33.69
2008-10-31,35.86,36.99,35.86,36.97,1300,33.19
2008-10-30,37.49,37.49,36.62,36.78,2100,33.02
2008-10-29,35.63,35.99,35.63,35.99,300,32.31
2008-10-28,34.53,35.81,34.51,35.81,3300,32.15
2008-10-27,32.94,33.36,32.65,32.65,8000,29.31
2008-10-24,34.05,34.45,33.81,34.18,6900,30.69
2008-10-23,34.93,35.94,34.14,34.69,11900,31.14
2008-10-22,35.55,35.55,34.04,34.04,1200,30.56
2008-10-21,36.70,37.17,36.27,37.17,9800,33.37
2008-10-20,36.25,37.28,36.25,36.81,700,33.05
2008-10-17,34.84,36.19,34.84,36.19,5100,32.49
2008-10-16,34.66,34.66,33.23,34.28,2700,30.78
2008-10-15,35.61,35.68,33.69,33.69,4200,30.25
2008-10-14,37.16,37.16,35.79,35.79,300,32.13
2008-10-13,34.04,35.11,34.04,35.00,6200,31.42
2008-10-10,31.22,31.87,30.26,31.32,2600,28.12
2008-10-09,35.92,35.92,34.37,34.37,3300,30.86
2008-10-08,36.74,36.84,35.80,36.25,5400,32.54
2008-10-07,38.66,38.66,37.32,37.32,8500,33.51
2008-10-06,38.35,38.66,37.40,38.57,3500,34.63
2008-10-03,40.61,41.21,40.21,40.30,2100,36.18
2008-10-02,40.50,40.64,40.50,40.64,400,36.49
2008-10-01,41.77,42.15,41.77,42.15,1700,37.84
2008-09-30,41.98,42.35,41.95,42.35,2400,38.02
2008-09-29,42.17,42.17,40.38,40.38,4800,36.25
2008-09-26,43.56,43.65,43.39,43.64,2800,39.18
2008-09-25,43.43,44.09,43.43,44.08,5000,39.57
2008-09-24,43.54,43.54,43.20,43.20,5300,38.78
2008-09-23,42.25,42.74,42.25,42.74,2100,38.37
2008-09-22,43.78,43.78,43.41,43.41,1000,38.97
2008-09-19,44.53,44.55,44.03,44.14,7000,39.63
2008-09-18,42.07,42.90,42.06,42.90,2600,38.52
2008-09-17,42.00,42.00,42.00,42.00,000,37.71
2008-09-16,42.21,42.67,42.00,42.00,14900,37.71
2008-09-15,42.27,42.86,42.27,42.86,1200,38.48
2008-09-12,43.76,43.83,43.76,43.83,1500,39.35
2008-09-11,43.47,43.79,43.47,43.79,600,39.31
2008-09-10,44.04,44.04,43.91,43.91,2100,39.42
2008-09-09,44.00,44.44,43.63,43.63,1400,39.17
2008-09-08,44.64,46.51,44.20,44.40,2400,39.86
2008-09-05,43.50,43.65,43.50,43.65,1300,39.19
2008-09-04,44.38,44.38,43.81,43.82,2600,39.34
2008-09-03,44.65,44.92,44.65,44.92,6400,40.33
2008-09-02,45.01,45.01,44.84,44.92,1600,40.33
2008-08-29,45.51,45.66,45.40,45.40,2500,40.76
2008-08-28,45.04,45.04,45.00,45.00,500,40.40
2008-08-27,44.58,44.72,44.58,44.72,400,40.15
2008-08-26,44.19,44.19,44.19,44.19,000,39.67
2008-08-25,44.77,44.77,44.19,44.19,3100,39.67
2008-08-22,44.64,44.67,44.64,44.67,800,40.10
2008-08-21,44.99,44.99,43.91,44.85,5200,40.27
2008-08-20,44.55,44.55,44.41,44.41,1300,39.87
2008-08-19,44.39,44.51,44.37,44.51,1400,39.96
2008-08-18,45.28,45.28,45.06,45.06,1700,40.45
2008-08-15,44.96,44.96,44.96,44.96,200,40.36
2008-08-14,44.95,45.16,44.95,45.04,3500,40.44
2008-08-13,45.33,45.33,45.04,45.22,2500,40.60
2008-08-12,45.48,45.48,45.44,45.44,600,40.80
2008-08-11,45.76,45.89,45.76,45.76,1600,41.08
2008-08-08,45.09,45.65,44.98,45.60,26700,40.94
2008-08-07,45.49,45.54,45.26,45.26,1400,40.63
2008-08-06,45.94,45.94,45.94,45.94,1700,41.24
2008-08-05,45.83,46.24,45.83,46.24,9600,41.51
2008-08-04,45.65,45.77,45.56,45.56,4200,40.90
2008-08-01,46.58,46.79,46.44,46.79,2600,42.01
2008-07-31,47.30,47.43,47.27,47.27,900,42.44
2008-07-30,47.59,47.72,47.34,47.65,8200,42.78
2008-07-29,46.78,47.15,46.78,47.15,800,42.33
2008-07-28,47.63,47.63,47.17,47.17,700,42.35
2008-07-25,47.59,47.67,47.59,47.67,1200,42.80
2008-07-24,48.17,48.17,47.91,47.91,600,43.01
2008-07-23,47.83,47.83,47.75,47.75,700,42.87
2008-07-22,47.20,47.20,47.16,47.16,4800,42.34
2008-07-21,46.99,46.99,46.99,46.99,300,42.19
2008-07-18,47.17,47.17,47.17,47.17,300,42.35
2008-07-17,47.54,47.65,47.27,47.27,6400,42.44
2008-07-16,46.78,47.17,46.78,47.17,700,42.35
2008-07-15,46.50,46.90,46.42,46.68,8400,41.91
2008-07-14,47.28,47.28,46.86,46.86,6500,42.07
2008-07-11,47.22,47.22,46.85,47.08,11400,42.27
2008-07-10,47.58,47.83,47.50,47.74,2000,42.86
2008-07-09,47.97,48.17,47.59,47.59,15400,42.73
2008-07-08,47.74,48.24,47.73,48.16,23800,43.24
2008-07-07,48.00,48.33,48.00,48.33,3500,43.39
2008-07-03,48.30,48.47,48.17,48.25,3400,43.32
2008-07-02,48.87,48.87,48.20,48.20,8200,43.27
2008-07-01,48.80,48.86,48.62,48.70,18000,43.72
2008-06-30,48.92,49.30,48.76,49.09,46400,44.07
2008-06-27,48.76,48.76,48.20,48.46,19200,43.51
2008-06-26,48.36,48.36,48.23,48.27,29300,43.34
2008-06-25,49.12,49.38,49.12,49.32,19300,44.28
2008-06-24,48.50,48.74,48.34,48.48,6400,43.52
2008-06-23,48.42,48.70,47.52,47.72,9100,42.84
2008-06-20,48.79,48.90,48.79,48.81,16900,43.82
2008-06-19,49.68,49.81,49.52,49.81,9200,44.72
2008-06-18,50.35,50.42,50.21,50.21,2600,45.08
2008-06-17,50.96,50.96,50.17,50.20,82300,45.07
2008-06-16,50.20,50.60,50.20,50.60,800,45.43
2008-06-13,50.17,50.17,50.05,50.05,2200,44.93
2008-06-12,50.06,50.06,49.84,49.90,800,44.80
2008-06-11,50.73,50.73,49.92,49.92,1600,44.82
2008-06-10,50.54,50.65,50.51,50.54,5600,45.37
2008-06-09,51.77,51.77,51.45,51.53,12500,46.26
2008-06-06,52.46,52.46,51.56,51.56,6200,46.29
2008-06-05,53.04,53.18,53.00,53.18,3600,47.74
2008-06-04,52.43,52.89,52.43,52.50,6900,47.13
2008-06-03,52.35,52.58,52.00,52.00,2000,46.69
2008-06-02,52.52,52.52,52.12,52.20,2700,46.86
2008-05-30,52.20,52.34,52.13,52.29,5000,46.95
2008-05-29,51.09,51.53,51.09,51.46,7800,46.20
2008-05-28,50.96,51.14,50.82,51.14,3400,45.91
2008-05-27,51.60,51.60,51.57,51.57,200,46.30
2008-05-23,51.81,51.81,51.56,51.56,1200,46.29
2008-05-22,51.88,52.13,51.88,51.99,1600,46.68
2008-05-21,51.92,51.92,51.55,51.55,600,46.28
2008-05-20,52.25,52.25,52.25,52.25,100,46.91
2008-05-19,52.66,52.76,52.66,52.75,4600,47.36
2008-05-16,52.34,52.67,52.21,52.52,2000,47.15
2008-05-15,51.85,52.11,51.85,52.11,1800,46.78
2008-05-14,51.19,51.19,51.19,51.19,2200,45.96
2008-05-13,50.86,50.86,50.69,50.69,1400,45.51
2008-05-12,50.40,50.55,50.40,50.55,3800,45.38
2008-05-09,50.41,50.49,50.40,50.49,2000,45.33
2008-05-08,51.12,51.38,51.09,51.38,5900,46.13
2008-05-07,51.48,51.69,51.48,51.69,7000,46.41
2008-05-06,51.47,51.47,51.45,51.45,300,46.19
2008-05-05,50.95,51.29,50.95,51.14,2000,45.91
2008-05-02,51.14,51.14,50.97,50.97,5000,45.76
2008-05-01,50.69,51.15,50.69,51.15,1300,45.92
2008-04-30,50.60,50.72,50.60,50.72,500,45.54
2008-04-29,50.79,50.79,50.79,50.79,200,45.60
2008-04-28,50.73,50.88,50.51,50.88,2000,45.68
2008-04-25,50.31,50.31,50.20,50.20,600,45.07
2008-04-24,49.79,49.83,49.69,49.74,1600,44.66
2008-04-23,49.55,49.55,49.55,49.55,200,44.49
2008-04-22,49.68,49.68,49.68,49.68,400,44.60
2008-04-21,50.27,50.37,50.27,50.37,500,45.22
2008-04-18,49.80,50.25,49.80,50.25,900,45.11
2008-04-17,49.55,49.55,49.33,49.33,1400,44.29
2008-04-16,49.79,49.97,49.72,49.96,1000,44.85
2008-04-15,48.75,48.77,48.38,48.77,2700,43.79
2008-04-14,48.54,48.54,48.43,48.43,1800,43.48
2008-04-11,48.63,48.63,48.43,48.43,2100,43.48
2008-04-10,48.56,48.58,48.56,48.58,400,43.61
2008-04-09,48.52,48.52,48.30,48.47,4200,43.52
2008-04-08,49.07,49.07,49.07,49.07,400,44.05
2008-04-07,49.81,49.95,49.71,49.75,7700,44.67
2008-04-04,49.65,49.75,49.65,49.75,4100,44.67
2008-04-03,49.80,49.80,49.62,49.64,600,44.57
2008-04-02,49.44,49.58,49.14,49.14,6300,44.12
2008-04-01,49.15,49.55,49.08,49.43,6200,44.38
2008-03-31,48.49,48.54,48.49,48.54,200,43.58
2008-03-28,48.97,48.97,48.65,48.65,700,43.68
2008-03-27,48.86,48.96,48.67,48.79,19600,43.80
2008-03-26,48.20,48.62,48.20,48.41,20300,43.46
2008-03-25,48.42,48.54,48.42,48.48,5600,43.52
2008-03-24,48.04,48.12,47.89,47.89,3700,43.00
2008-03-20,45.98,46.27,45.88,46.27,7300,41.54
2008-03-19,47.55,47.55,46.25,46.25,1800,41.52
2008-03-18,47.32,47.59,47.30,47.43,4000,42.58
2008-03-17,46.08,46.66,46.03,46.66,28300,41.89
2008-03-14,47.49,47.55,46.76,46.76,5800,41.98
2008-03-13,47.60,48.40,47.32,48.40,12500,43.45
2008-03-12,48.35,48.44,47.94,47.94,4900,43.04
2008-03-11,47.61,48.09,47.61,48.09,400,43.17
2008-03-10,47.25,47.25,46.86,46.86,1100,42.07
2008-03-07,47.48,47.56,47.48,47.56,1200,42.70
2008-03-06,48.13,48.13,47.59,47.59,1700,42.73
2008-03-05,48.31,48.31,48.31,48.31,1400,43.37
2008-03-04,47.75,47.96,47.49,47.64,1700,42.77
2008-03-03,48.72,48.86,48.48,48.86,8300,43.87
2008-02-29,49.13,49.13,49.13,49.13,100,44.11
2008-02-28,49.22,49.37,49.11,49.13,1700,44.11
2008-02-27,49.78,49.93,49.59,49.63,3600,44.56
2008-02-26,48.75,49.83,48.75,49.76,2600,44.67
2008-02-25,48.88,48.88,48.88,48.88,200,43.88
2008-02-22,48.60,48.60,47.82,48.18,4800,43.26
2008-02-21,48.83,48.83,48.20,48.20,11000,43.27
2008-02-20,47.73,48.20,47.67,48.20,1600,43.27
2008-02-19,49.52,49.52,48.88,48.94,16700,43.94
2008-02-15,48.31,48.34,47.97,48.25,3800,43.32
2008-02-14,48.39,48.39,47.99,47.99,7700,43.09
2008-02-13,47.38,47.50,47.38,47.50,2000,42.65
2008-02-12,47.55,47.95,47.54,47.69,8600,42.82
2008-02-11,46.96,47.04,46.54,46.88,7700,42.09
2008-02-08,46.90,46.90,46.52,46.62,22700,41.86
2008-02-07,47.23,47.61,47.21,47.61,3000,42.74
2008-02-06,47.44,47.89,47.23,47.37,21000,42.53
2008-02-05,48.19,48.19,47.81,47.82,1700,42.93
2008-02-04,49.53,49.56,49.28,49.28,7400,44.24
2008-02-01,49.46,49.81,49.46,49.67,4800,44.59
2008-01-31,48.43,49.28,48.43,49.14,35900,44.12
2008-01-30,47.92,48.59,47.92,48.59,23800,43.62
2008-01-29,48.64,48.64,48.30,48.55,16000,43.59
2008-01-28,47.63,48.19,47.49,48.00,5400,43.09
2008-01-25,48.77,48.77,48.02,48.25,6100,43.32
2008-01-24,47.11,47.54,47.11,47.32,11000,42.48
2008-01-23,44.97,46.27,44.97,46.12,14900,41.41
2008-01-22,45.19,46.75,45.19,46.42,15800,41.68
2008-01-18,48.20,48.31,47.33,47.89,14800,43.00
2008-01-17,47.98,48.15,47.12,47.12,11000,42.30
2008-01-16,47.98,47.98,47.33,47.85,4600,42.96
2008-01-15,48.82,48.82,48.00,48.25,17600,43.32
2008-01-14,49.83,49.87,49.58,49.87,6700,44.77
2008-01-11,49.32,49.32,49.11,49.11,1500,44.09
2008-01-10,49.51,49.65,49.48,49.65,2100,44.58
2008-01-09,50.01,50.26,49.66,50.26,2600,45.12
2008-01-08,49.81,49.92,49.33,49.47,10900,44.41
2008-01-07,49.74,49.74,49.39,49.44,8000,44.39
2008-01-04,50.53,50.53,49.43,49.46,18900,44.40
2008-01-03,50.81,50.82,50.70,50.81,5100,45.62
2008-01-02,50.92,50.92,50.60,50.60,4800,45.43
2007-12-31,51.22,51.22,49.32,50.80,22200,45.61
2007-12-28,51.04,51.04,50.71,50.79,7400,45.60
2007-12-27,50.78,50.92,50.51,50.51,10000,45.35
2007-12-26,51.14,51.36,51.14,51.22,2500,45.98
2007-12-24,48.00,51.11,48.00,50.88,17600,45.68
2007-12-21,50.63,50.89,50.50,50.89,9500,45.69
2007-12-20,50.06,50.36,50.06,50.15,14300,45.02
2007-12-19,50.26,50.28,49.98,50.20,5100,45.07
2007-12-18,50.34,50.47,49.77,50.31,12700,45.17
2007-12-17,50.09,50.18,49.79,49.79,2200,44.70
2007-12-14,52.05,52.05,51.35,51.35,18600,45.67
2007-12-13,52.33,52.59,52.33,52.50,21400,46.69
2007-12-12,54.55,54.55,53.54,53.54,14800,47.62
2007-12-11,54.77,54.77,53.50,53.50,13900,47.58
2007-12-10,54.67,54.76,54.67,54.76,1000,48.70
2007-12-07,54.39,54.45,54.23,54.45,3400,48.43
2007-12-06,54.17,54.58,54.17,54.58,4300,48.54
2007-12-05,54.17,54.48,54.15,54.42,6800,48.40
2007-12-04,53.37,53.43,53.37,53.40,5800,47.49
2007-12-03,54.08,54.08,53.88,53.88,1100,47.92
2007-11-30,54.59,54.59,53.95,53.95,4200,47.98
2007-11-29,53.84,54.15,53.84,54.15,1400,48.16
2007-11-28,52.49,53.78,52.49,53.64,1700,47.71
2007-11-27,51.81,53.34,51.81,53.26,3900,47.37
2007-11-26,52.82,52.84,52.56,52.56,13200,46.75
2007-11-23,52.36,52.48,52.35,52.38,1300,46.59
2007-11-21,51.13,51.63,51.13,51.55,3800,45.85
2007-11-20,52.24,52.55,51.93,52.32,10100,46.53
2007-11-19,51.09,51.50,50.90,51.26,11300,45.59
2007-11-16,51.51,52.28,51.51,52.08,9100,46.32
2007-11-15,52.55,52.55,52.21,52.28,10500,46.50
2007-11-14,52.99,53.05,52.72,52.72,6300,46.89
2007-11-13,52.25,52.58,52.22,52.58,13000,46.77
2007-11-12,51.95,52.34,51.69,52.01,2200,46.26
2007-11-09,51.79,52.00,51.30,52.00,8300,46.25
2007-11-08,51.37,52.95,51.37,52.61,3200,46.79
2007-11-07,53.64,53.70,53.16,53.16,3400,47.28
2007-11-06,54.05,54.16,53.98,54.09,8600,48.11
2007-11-05,53.51,53.66,53.47,53.66,5100,47.73
2007-11-02,54.10,54.27,53.85,54.03,13800,48.06
2007-11-01,54.89,54.89,54.04,54.04,3500,48.06
2007-10-31,54.48,55.01,54.48,54.80,700,48.74
2007-10-30,54.48,54.48,54.28,54.28,3400,48.28
2007-10-29,54.34,54.49,54.34,54.41,600,48.39
2007-10-26,53.65,54.00,53.65,54.00,1500,48.03
2007-10-25,52.79,52.92,52.71,52.80,5800,46.96
2007-10-24,53.04,53.10,52.52,52.53,19400,46.72
2007-10-23,53.31,53.32,52.90,53.11,6700,47.24
2007-10-22,52.95,53.15,52.74,52.89,8700,47.04
2007-10-19,53.20,53.20,52.81,52.81,17300,46.97
2007-10-18,53.59,53.68,53.57,53.63,5000,47.70
2007-10-17,53.50,53.50,53.21,53.21,3900,47.33
2007-10-16,53.59,53.59,53.52,53.54,2700,47.62
2007-10-15,54.49,54.49,54.06,54.25,5300,48.25
2007-10-12,54.91,54.96,54.88,54.89,2800,48.82
2007-10-11,55.00,55.29,54.92,54.92,5800,48.85
2007-10-10,54.74,54.81,54.70,54.81,2600,48.75
2007-10-09,55.05,55.12,55.01,55.08,5900,48.99
2007-10-08,55.22,55.24,55.03,55.12,2300,49.02
2007-10-05,55.46,55.64,55.46,55.64,700,49.49
2007-10-04,55.23,55.23,55.04,55.15,2500,49.05
2007-10-03,55.13,55.15,55.13,55.15,2300,49.05
2007-10-02,55.38,55.38,55.00,55.36,10600,49.24
2007-10-01,54.69,55.57,54.69,55.57,2100,49.42
2007-09-28,54.84,54.86,54.74,54.76,4700,48.70
2007-09-27,54.77,54.77,54.52,54.71,7300,48.66
2007-09-26,53.86,53.86,53.65,53.84,7300,47.89
2007-09-25,53.07,53.29,53.07,53.29,5500,47.40
2007-09-24,53.34,53.34,53.18,53.18,1300,47.30
2007-09-21,52.98,53.20,52.95,53.12,5200,47.25
2007-09-20,53.05,53.21,52.70,52.86,10200,47.01
2007-09-19,53.20,53.25,53.01,53.01,1100,47.15
2007-09-18,51.67,52.48,51.59,52.43,8100,46.63
2007-09-17,52.18,52.18,51.91,51.91,3100,46.17
2007-09-14,52.28,52.28,52.20,52.25,3100,46.47
2007-09-13,52.16,52.25,51.93,52.09,5600,46.33
2007-09-12,52.19,52.49,52.19,52.44,5100,46.64
2007-09-11,52.36,52.49,52.32,52.34,12600,46.55
2007-09-10,53.19,53.28,52.40,52.66,84200,46.84
2007-09-07,52.36,52.50,52.30,52.41,4900,46.61
2007-09-06,52.75,53.00,52.70,53.00,800,47.14
2007-09-05,52.84,52.88,52.63,52.88,2400,47.03
2007-09-04,53.69,54.05,53.65,53.96,2900,47.99
2007-08-31,54.06,54.09,54.02,54.02,1700,48.05
2007-08-30,52.42,52.98,52.42,52.86,1600,47.01
2007-08-29,52.94,52.94,52.84,52.93,6500,47.08
2007-08-28,52.95,52.95,52.42,52.47,2100,46.67
2007-08-27,53.35,53.35,53.09,53.20,2900,47.32
2007-08-24,53.01,53.15,53.01,53.15,700,47.27
2007-08-23,53.38,53.38,53.38,53.38,200,47.48
2007-08-22,52.76,53.00,52.76,52.86,2400,47.01
2007-08-21,52.19,52.39,52.05,52.27,21100,46.49
2007-08-20,51.88,51.88,51.42,51.50,1200,45.80
2007-08-17,52.34,53.85,52.09,52.47,3400,46.67
2007-08-16,52.21,52.62,51.76,52.62,13600,46.80
2007-08-15,52.63,53.00,52.30,52.44,10700,46.64
2007-08-14,53.62,53.62,52.95,53.00,10900,47.14
2007-08-13,53.65,53.65,53.35,53.42,13600,47.51
2007-08-10,53.04,53.50,52.66,53.39,17400,47.49
2007-08-09,54.20,54.20,53.91,53.96,4400,47.99
2007-08-08,54.67,54.79,54.50,54.53,5800,48.50
2007-08-07,54.35,54.58,54.35,54.58,200,48.54
2007-08-06,54.53,54.54,54.29,54.54,4700,48.51
2007-08-03,54.31,54.41,53.62,53.63,23400,47.70
2007-08-02,54.39,54.56,54.31,54.56,31400,48.53
2007-08-01,54.50,54.62,54.23,54.61,27800,48.57
2007-07-31,55.19,55.34,54.95,54.98,2700,48.90
2007-07-30,55.40,55.42,55.22,55.25,8500,49.14
2007-07-27,54.75,54.92,54.31,54.56,7500,48.53
2007-07-26,55.20,55.28,54.31,54.90,18600,48.83
2007-07-25,56.01,56.01,55.54,55.77,3400,49.60
2007-07-24,56.14,56.24,55.88,56.04,29900,49.84
2007-07-23,56.25,56.27,56.02,56.13,4300,49.92
2007-07-20,56.14,56.14,55.81,55.81,3800,49.64
2007-07-19,56.23,56.24,56.05,56.24,33300,50.02
2007-07-18,55.92,56.00,55.80,56.00,13800,49.81
2007-07-17,56.27,56.40,56.23,56.23,12200,50.01
2007-07-16,56.50,56.70,56.49,56.52,20700,50.27
2007-07-13,56.49,56.64,56.40,56.64,1800,50.38
2007-07-12,55.85,56.32,55.85,56.32,2900,50.09
2007-07-11,55.86,56.16,55.86,56.16,1700,49.95
2007-07-10,56.11,56.21,56.11,56.14,2700,49.93
2007-07-09,56.36,56.36,56.17,56.22,5100,50.00
2007-07-06,56.01,56.18,55.96,56.07,4100,49.87
2007-07-05,56.26,56.33,56.15,56.33,1000,50.10
2007-07-03,56.60,56.79,56.60,56.62,700,50.36
2007-07-02,56.70,56.75,56.70,56.70,1100,50.43
2007-06-29,55.92,55.96,55.71,55.82,8900,49.65
2007-06-28,55.21,55.37,55.21,55.25,1900,49.14
2007-06-27,54.82,55.27,54.82,55.26,2100,49.15
2007-06-26,55.50,55.50,55.21,55.21,1100,49.10
2007-06-25,55.13,55.46,55.02,55.02,8500,48.94
2007-06-22,55.44,55.44,54.90,54.98,3600,48.90
2007-06-21,55.61,55.91,55.55,55.90,3700,49.72
2007-06-20,55.67,55.67,55.61,55.61,200,49.46
2007-06-19,55.74,55.88,55.65,55.78,7400,49.61
2007-06-18,56.12,56.12,55.99,56.02,11400,49.83
2007-06-15,56.26,56.27,56.13,56.21,2600,49.99
2007-06-14,55.53,55.74,55.53,55.54,5400,49.40
2007-06-13,55.44,55.74,55.43,55.74,1000,49.58
2007-06-12,55.71,55.77,55.45,55.45,600,49.32
2007-06-11,56.06,56.36,56.06,56.21,6300,49.99
2007-06-08,55.81,56.08,55.75,56.08,1500,49.88
2007-06-07,56.53,56.53,55.95,55.95,1300,49.76
2007-06-06,56.72,56.72,56.35,56.53,1700,50.28
2007-06-05,56.64,56.73,56.64,56.71,1400,50.44
2007-06-04,56.65,56.70,56.57,56.67,5100,50.40
2007-06-01,56.58,56.65,56.50,56.51,3000,50.26
2007-05-31,56.31,56.41,56.21,56.28,37300,50.06
2007-05-30,55.45,55.81,55.45,55.65,174900,49.50
2007-05-29,55.85,55.89,55.73,55.80,5600,49.63
2007-05-25,55.11,55.28,55.05,55.06,2400,48.97
2007-05-24,55.83,55.83,55.22,55.22,13200,49.11
2007-05-23,55.86,55.86,55.74,55.77,3000,49.60
2007-05-22,55.72,55.91,55.70,55.78,2700,49.61
2007-05-21,55.15,55.39,55.13,55.31,8900,49.19
2007-05-18,55.35,55.35,55.04,55.23,5000,49.12
2007-05-17,55.30,55.30,55.16,55.29,4200,49.18
2007-05-16,55.77,55.95,55.60,55.95,5800,49.76
2007-05-15,55.70,56.02,55.70,55.83,1800,49.66
2007-05-14,56.30,56.30,55.97,56.09,2700,49.89
2007-05-11,56.15,56.41,56.15,56.36,800,50.13
2007-05-10,56.16,56.19,55.78,55.92,3900,49.74
2007-05-09,56.82,56.98,56.75,56.98,2600,50.68
2007-05-08,56.28,56.37,56.02,56.15,4700,49.94
2007-05-07,56.50,56.60,56.40,56.43,5400,50.19
2007-05-04,56.27,56.30,56.16,56.24,2700,50.02
2007-05-03,55.95,56.01,55.90,56.00,12600,49.81
2007-05-02,55.65,56.01,55.65,55.88,11200,49.70
2007-05-01,55.79,55.79,55.41,55.64,7100,49.49
2007-04-30,55.84,56.12,55.56,55.56,10800,49.42
2007-04-27,55.96,55.96,55.64,55.84,9700,49.67
2007-04-26,56.20,56.24,55.93,56.22,17300,50.00
2007-04-25,56.23,56.55,56.17,56.55,7400,50.30
2007-04-24,56.24,56.42,56.14,56.42,2100,50.18
2007-04-23,56.36,56.55,56.31,56.45,4800,50.21
2007-04-20,56.97,57.01,56.88,56.94,7000,50.64
2007-04-19,56.64,56.99,56.55,56.65,8600,50.39
2007-04-18,57.17,57.17,57.13,57.17,1100,50.85
2007-04-17,56.98,57.03,56.80,57.03,6100,50.72
2007-04-16,56.95,57.37,56.95,57.34,5000,51.00
2007-04-13,56.70,56.75,56.44,56.75,4000,50.47
2007-04-12,56.72,57.08,56.59,57.04,3100,50.73
2007-04-11,57.34,57.34,56.86,56.86,2800,50.57
2007-04-10,57.39,57.51,57.29,57.51,3500,51.15
2007-04-09,57.20,57.31,57.08,57.21,13400,50.88
2007-04-05,56.92,57.35,56.92,57.16,11000,50.84
2007-04-04,57.20,57.49,57.20,57.49,11800,51.13
2007-04-03,56.65,57.08,56.65,56.85,5700,50.56
2007-04-02,56.27,56.70,56.21,56.47,14500,50.23
2007-03-30,57.19,57.50,56.80,56.80,6200,50.52
2007-03-29,57.68,57.68,57.22,57.45,1300,51.10
2007-03-28,57.19,57.42,57.05,57.22,10800,50.89
2007-03-27,57.32,57.59,57.20,57.45,37700,51.10
2007-03-26,57.98,57.98,57.59,57.84,28400,51.44
2007-03-23,58.41,58.56,58.29,58.29,20300,51.84
2007-03-22,58.35,58.44,58.21,58.35,35100,51.90
2007-03-21,57.16,58.36,57.16,58.28,22400,51.84
2007-03-20,57.08,57.63,57.08,57.50,5100,51.14
2007-03-19,56.86,57.15,56.86,57.09,3600,50.78
2007-03-16,56.52,56.88,56.39,56.54,4200,50.29
2007-03-15,56.40,56.78,56.40,56.63,7400,50.37
2007-03-14,56.26,56.41,55.39,56.22,94400,50.00
2007-03-13,57.43,57.57,56.78,56.85,15200,50.56
2007-03-12,57.74,58.07,57.58,58.02,23500,51.60
2007-03-09,57.70,57.75,57.43,57.49,7300,51.13
2007-03-08,57.73,58.04,57.73,57.77,11100,51.38
2007-03-07,56.90,57.16,56.90,56.93,2200,50.63
2007-03-06,56.88,57.21,56.75,57.12,12600,50.80
2007-03-05,55.90,56.11,55.72,55.75,28100,49.59
2007-03-02,56.70,56.80,56.46,56.54,14100,50.29
2007-03-01,56.97,57.23,56.39,57.23,32700,50.90
2007-02-28,57.84,57.84,57.14,57.41,9500,51.06
2007-02-27,58.64,58.73,57.25,57.90,30400,51.50
2007-02-26,58.95,58.97,58.47,58.87,12600,52.36
2007-02-23,58.41,58.54,58.25,58.47,21500,52.00
2007-02-22,58.00,58.08,57.71,57.93,13600,51.52
2007-02-21,57.64,57.99,57.60,57.99,5600,51.58
2007-02-20,57.99,58.24,57.88,58.20,44000,51.76
2007-02-16,58.09,58.11,57.97,58.10,14200,51.68
2007-02-15,58.04,58.30,57.90,58.30,6900,51.85
2007-02-14,57.27,58.07,57.27,58.06,21100,51.64
2007-02-13,56.80,57.08,56.80,57.08,7800,50.77
2007-02-12,56.20,56.22,55.79,55.88,22100,49.70
2007-02-09,56.40,56.41,55.84,55.84,18800,49.67
2007-02-08,55.59,55.79,55.46,55.69,7900,49.53
2007-02-07,56.59,56.62,56.31,56.45,6300,50.21
2007-02-06,56.52,56.67,56.32,56.67,1600,50.40
2007-02-05,55.70,55.96,55.64,55.72,9400,49.56
2007-02-02,56.36,56.37,56.15,56.36,8400,50.13
2007-02-01,56.60,56.61,56.27,56.46,5700,50.22
2007-01-31,55.05,55.70,55.01,55.50,2400,49.36
2007-01-30,55.60,55.86,55.50,55.86,31700,49.68
2007-01-29,55.64,55.89,55.64,55.74,7700,49.58
2007-01-26,55.31,55.58,55.26,55.49,9700,49.35
2007-01-25,55.65,55.66,55.01,55.12,20800,49.02
2007-01-24,55.80,56.39,55.80,56.23,20900,50.01
2007-01-23,55.19,55.64,55.19,55.43,9600,49.30
2007-01-22,55.18,55.18,54.78,54.95,32100,48.87
2007-01-19,55.00,55.28,54.98,55.27,10300,49.16
2007-01-18,54.90,55.02,54.71,54.73,4600,48.68
2007-01-17,54.78,54.94,54.69,54.76,4400,48.70
2007-01-16,54.99,55.00,54.81,54.87,13900,48.80
2007-01-12,54.54,54.86,54.50,54.83,15600,48.77
2007-01-11,53.88,54.27,53.88,54.17,3900,48.18
2007-01-10,54.13,54.43,54.00,54.26,4700,48.26
2007-01-09,54.95,55.31,54.89,55.25,25100,49.14
2007-01-08,54.85,54.96,54.60,54.86,6900,48.79
2007-01-05,54.95,55.09,54.59,54.78,109300,48.72
2007-01-04,55.50,55.99,55.30,55.95,8200,49.76
2007-01-03,55.45,55.65,55.09,55.28,14400,49.17
2006-12-29,55.28,55.45,55.28,55.34,12000,49.22
2006-12-28,55.28,55.28,55.22,55.26,5500,49.15
2006-12-27,55.20,55.29,55.10,55.29,7500,49.18
2006-12-26,54.85,54.85,54.81,54.81,400,48.75
2006-12-22,54.73,55.00,54.71,54.94,8500,48.86
2006-12-21,54.80,55.00,54.80,54.89,11000,48.82
2006-12-20,55.00,55.12,54.76,54.82,12500,48.76
2006-12-19,54.26,54.51,54.22,54.35,5500,48.34
2006-12-18,54.85,54.90,54.43,54.49,4000,48.46
2006-12-15,55.04,55.06,54.77,54.78,7600,48.72
2006-12-14,54.72,54.95,54.72,54.93,5800,48.86
2006-12-13,54.40,54.47,54.39,54.42,4200,48.40
2006-12-12,54.25,54.38,54.06,54.34,2100,48.33
2006-12-11,54.31,54.56,54.31,54.46,7000,48.44
2006-12-08,54.68,54.68,54.47,54.47,400,48.45
2006-12-07,54.70,54.90,54.61,54.62,2800,48.58
2006-12-06,54.62,54.64,54.42,54.52,1700,48.49
2006-12-05,54.10,54.25,54.01,54.25,1700,48.25
2006-12-04,53.82,54.22,53.82,54.21,3300,48.22
2006-12-01,53.21,53.44,53.20,53.22,2300,47.33
2006-11-30,53.42,53.56,53.42,53.46,3100,47.55
2006-11-29,52.90,52.97,52.76,52.95,900,47.09
2006-11-28,51.86,52.02,51.73,51.97,2000,46.22
2006-11-27,51.75,51.75,51.20,51.23,1600,45.56
2006-11-24,51.51,51.57,51.32,51.36,900,45.68
2006-11-22,51.54,51.54,51.54,51.54,100,45.84
2006-11-21,50.80,51.03,50.80,51.03,1700,45.39
2006-11-20,50.93,51.06,50.87,51.01,17700,45.37
2006-11-17,51.85,52.02,51.83,51.91,8000,46.17
2006-11-16,52.12,52.38,52.12,52.27,8800,46.49
2006-11-15,52.37,52.97,52.37,52.80,4100,46.96
2006-11-14,53.00,53.10,52.83,53.10,1900,47.23
2006-11-13,51.98,52.03,51.85,51.99,3200,46.24
2006-11-10,52.35,52.41,52.25,52.26,1000,46.48
2006-11-09,52.26,52.62,52.26,52.26,2100,46.48
2006-11-08,52.50,52.91,52.50,52.91,1700,47.06
2006-11-07,53.50,53.54,53.08,53.08,5600,47.21
2006-11-06,53.15,53.46,53.10,53.28,7500,47.39
2006-11-03,52.79,52.87,52.79,52.87,1400,47.02
2006-11-02,53.02,53.09,52.92,53.08,2200,47.21
2006-11-01,53.56,53.56,52.86,52.86,2000,47.01
2006-10-31,52.86,52.95,52.86,52.94,700,47.09
2006-10-30,53.18,53.50,53.16,53.37,3300,47.47
2006-10-27,53.80,53.80,53.34,53.34,18500,47.44
2006-10-26,53.84,54.14,53.84,54.12,3700,48.14
2006-10-25,53.37,53.45,53.37,53.45,300,47.54
2006-10-24,53.42,53.61,53.42,53.57,2400,47.65
2006-10-23,53.48,53.64,53.45,53.64,4000,47.71
2006-10-20,53.30,53.30,52.91,53.04,2700,47.17
2006-10-19,52.95,53.23,52.95,53.23,1200,47.34
2006-10-18,53.02,53.26,52.83,52.96,11800,47.10
2006-10-17,52.96,52.96,52.55,52.81,7500,46.97
2006-10-16,52.96,53.19,52.96,53.13,4300,47.25
2006-10-13,52.60,52.77,52.45,52.63,4200,46.81
2006-10-12,52.43,52.55,52.35,52.55,1900,46.74
2006-10-11,52.27,52.56,52.17,52.30,13100,46.52
2006-10-10,52.50,52.50,52.40,52.41,10800,46.61
2006-10-09,52.28,52.37,52.08,52.24,1500,46.46
2006-10-06,52.70,52.75,52.60,52.60,4000,46.78
2006-10-05,53.26,53.26,53.13,53.13,10200,47.25
2006-10-04,52.20,52.94,52.20,52.94,1800,47.09
2006-10-03,52.40,52.52,52.32,52.48,13700,46.68
2006-10-02,52.65,52.96,52.61,52.68,2500,46.85
2006-09-29,52.22,52.22,52.07,52.12,1900,46.36
2006-09-28,52.10,52.22,51.98,52.22,4200,46.45
2006-09-27,51.71,51.99,51.71,51.99,1800,46.24
2006-09-26,50.74,51.02,50.74,51.01,4000,45.37
2006-09-25,50.86,51.48,50.86,51.48,600,45.79
2006-09-22,50.92,50.97,50.86,50.97,10500,45.33
2006-09-21,51.57,51.57,51.45,51.48,1400,45.79
2006-09-20,51.62,51.63,51.48,51.52,22500,45.82
2006-09-19,51.62,51.68,50.88,51.28,4000,45.61
2006-09-18,51.38,51.71,51.38,51.67,3000,45.96
2006-09-15,51.71,51.74,51.50,51.74,5500,46.02
2006-09-14,51.68,51.68,51.58,51.58,10300,45.88
2006-09-13,51.40,51.69,51.40,51.52,20200,45.82
2006-09-12,51.74,51.97,51.72,51.97,1000,46.22
2006-09-11,51.88,52.01,51.36,51.76,68200,46.04
2006-09-08,52.38,52.41,52.23,52.23,11600,46.45
2006-09-07,52.27,52.55,52.25,52.55,500,46.74
2006-09-06,53.42,53.42,53.05,53.05,2800,47.18
2006-09-05,54.02,54.02,53.85,53.85,300,47.90
2006-09-01,53.04,53.25,53.04,53.25,1800,47.36
2006-08-31,52.88,52.93,52.88,52.93,400,47.08
2006-08-30,52.67,52.67,52.43,52.43,2200,46.63
2006-08-29,52.50,52.78,52.33,52.78,10600,46.94
2006-08-28,52.12,52.29,52.10,52.29,1200,46.51
2006-08-25,52.60,52.69,52.51,52.51,12300,46.70
2006-08-24,53.24,53.24,52.77,52.82,14200,46.98
2006-08-23,54.40,54.40,53.28,53.39,92700,47.49
2006-08-22,54.25,54.58,54.25,54.58,800,48.54
2006-08-21,53.95,54.18,53.83,54.18,1900,48.19
2006-08-18,54.43,54.43,54.39,54.43,4000,48.41
2006-08-17,54.30,54.30,54.21,54.21,700,48.22
2006-08-16,54.20,54.51,54.20,54.51,2300,48.48
2006-08-15,53.57,53.80,53.50,53.70,4800,47.76
2006-08-14,52.85,52.85,52.85,52.85,100,47.01
2006-08-11,52.15,52.15,52.15,52.15,100,46.38
2006-08-10,52.40,52.40,52.40,52.40,2100,46.61
2006-08-09,52.30,52.30,52.30,52.30,200,46.52
2006-08-08,51.07,51.07,51.07,51.07,000,45.42
2006-08-07,51.11,51.11,51.07,51.07,400,45.42
2006-08-04,52.52,52.52,52.52,52.52,100,46.71
2006-08-03,52.45,52.45,52.45,52.45,000,46.65
2006-08-02,52.25,52.45,52.25,52.45,200,46.65
2006-08-01,52.05,52.05,52.05,52.05,000,46.29
2006-07-31,51.92,52.05,51.92,52.05,200,46.29
2006-07-28,51.72,51.72,51.72,51.72,3800,46.00
2006-07-27,51.25,51.25,51.10,51.10,2700,45.45
2006-07-26,49.65,49.65,49.65,49.65,200,44.16
2006-07-25,50.10,50.10,50.10,50.10,400,44.56
2006-07-24,49.38,49.38,49.38,49.38,000,43.92
2006-07-21,49.38,49.38,49.38,49.38,000,43.92
2006-07-20,49.68,49.68,49.38,49.38,500,43.92
2006-07-19,47.95,49.39,47.95,49.39,600,43.93
2006-07-18,48.35,48.35,47.89,47.89,800,42.59
2006-07-17,49.13,49.13,49.13,49.13,000,43.70
2006-07-14,49.22,49.22,49.03,49.13,1300,43.70
2006-07-13,50.38,50.38,50.13,50.13,1300,44.59
2006-07-12,52.73,52.73,52.73,52.73,000,46.90
2006-07-11,52.73,52.73,52.73,52.73,000,46.90
2006-07-10,52.73,52.73,52.73,52.73,500,46.90
2006-07-07,52.05,52.05,52.05,52.05,000,46.29
2006-07-06,52.05,52.05,52.05,52.05,100,46.29
2006-07-05,52.20,52.20,51.89,51.97,1100,46.22
2006-07-03,52.90,53.02,52.90,53.02,500,47.16
2006-06-30,53.05,53.05,53.05,53.05,100,47.18
2006-06-29,50.32,50.32,50.32,50.32,000,44.76
2006-06-28,50.32,50.32,50.32,50.32,000,44.76
2006-06-27,50.32,50.32,50.32,50.32,000,44.76
2006-06-26,50.32,50.32,50.32,50.32,100,44.76
2006-06-23,50.52,50.52,50.37,50.37,7700,44.80
2006-06-22,50.55,50.55,50.55,50.55,000,44.96
2006-06-21,49.87,50.55,49.87,50.55,1600,44.96
2006-06-20,50.00,50.17,50.00,50.09,21000,44.55
2006-06-19,50.40,50.40,50.08,50.08,20200,44.54
2006-06-16,50.18,50.28,50.18,50.24,37600,44.68