2011-05-10,25.87,25.93,25.84,25.90,11400,25.90
2011-05-09,25.50,25.85,25.50,25.77,2200,25.77
2011-05-06,25.83,25.93,25.83,25.93,300,25.93
2011-05-05,25.50,25.50,25.50,25.50,400,25.50
2011-05-04,26.05,26.05,26.05,26.05,1300,26.05
2011-05-03,26.23,26.23,26.15,26.15,400,26.15
2011-05-02,26.75,26.75,26.36,26.40,11000,26.40
2011-04-29,26.29,26.54,26.29,26.54,2300,26.54
2011-04-28,26.10,26.23,26.10,26.23,3900,26.23
2011-04-27,26.00,26.00,25.90,26.00,6700,26.00
2011-04-26,25.75,25.85,25.75,25.85,800,25.85
2011-04-25,25.62,25.62,25.62,25.62,000,25.62
2011-04-21,25.69,25.75,25.62,25.62,1600,25.62
2011-04-20,25.40,25.50,25.40,25.50,5200,25.50
2011-04-19,24.90,24.98,24.90,24.98,700,24.98
2011-04-18,25.22,25.22,25.22,25.22,000,25.22
2011-04-15,25.30,25.30,25.22,25.22,1100,25.22
2011-04-14,25.10,25.10,25.10,25.10,000,25.10
2011-04-13,25.50,25.50,25.10,25.10,1400,25.10
2011-04-12,25.21,25.21,25.21,25.21,000,25.21
2011-04-11,25.40,25.40,25.16,25.21,1000,25.21
2011-04-08,25.30,25.30,25.30,25.30,000,25.30
2011-04-07,25.42,25.42,25.30,25.30,400,25.30
2011-04-06,25.19,25.19,25.19,25.19,000,25.19
2011-04-05,25.19,25.19,25.19,25.19,000,25.19
2011-04-04,25.19,25.19,25.19,25.19,000,25.19
2011-04-01,25.10,25.19,25.10,25.19,1400,25.19
2011-03-31,25.00,25.00,25.00,25.00,300,25.00
2011-03-30,25.03,25.03,25.03,25.03,200,25.03
2011-03-29,24.52,24.52,24.52,24.52,100,24.52
2011-03-28,25.00,25.00,25.00,25.00,1100,25.00
2011-03-25,25.00,25.00,25.00,25.00,100,25.00
2011-03-24,25.15,25.15,25.15,25.15,100,25.15
2011-03-23,24.80,24.80,24.80,24.80,000,24.80
2011-03-22,24.38,24.85,24.38,24.80,700,24.80
2011-03-21,24.00,24.00,24.00,24.00,000,24.00
2011-03-18,24.00,24.00,24.00,24.00,000,24.00
2011-03-17,24.00,24.00,24.00,24.00,100,24.00
2011-03-16,23.50,23.50,23.50,23.50,200,23.50
2011-03-15,23.87,23.87,23.70,23.70,200,23.70
2011-03-14,24.49,24.49,24.00,24.25,1900,24.25
2011-03-11,24.79,24.87,24.79,24.87,4100,24.87
2011-03-10,24.82,24.82,24.82,24.82,200,24.82
2011-03-09,25.17,25.17,25.17,25.17,000,25.17
2011-03-08,25.18,25.18,25.17,25.17,800,25.17
2011-03-07,25.43,25.43,25.43,25.43,000,25.43
2011-03-04,25.50,25.53,25.23,25.43,2100,25.43
2011-03-03,25.63,25.63,25.32,25.32,400,25.32
2011-03-02,25.47,25.47,25.47,25.47,300,25.47
2011-03-01,25.62,25.62,25.62,25.62,300,25.62
2011-02-28,25.94,25.94,25.00,25.62,3500,25.62
2011-02-25,24.61,25.56,24.60,25.51,3000,25.51
2011-02-24,25.28,25.28,23.93,24.00,2100,24.00
2011-02-23,25.64,25.64,25.64,25.64,000,25.64
2011-02-22,27.50,27.50,25.46,25.64,600,25.64
2011-02-18,26.00,26.00,25.90,25.90,4900,25.90
2011-02-17,25.80,25.80,25.80,25.80,000,25.80
2011-02-16,25.80,25.80,25.80,25.80,500,25.80
2011-02-15,25.45,25.45,25.45,25.45,1000,25.45
2011-02-14,25.55,25.55,25.55,25.55,000,25.55
2011-02-11,25.55,25.55,25.55,25.55,000,25.55
2011-02-10,25.46,25.55,25.46,25.55,1100,25.55
2011-02-09,25.70,25.70,25.55,25.63,2700,25.63
2011-02-08,25.80,25.80,25.80,25.80,500,25.80
2011-02-07,25.48,25.48,25.48,25.48,000,25.48
2011-02-04,25.35,25.50,25.35,25.48,2600,25.48
2011-02-03,25.35,25.45,25.35,25.42,2800,25.42
2011-02-02,25.55,25.55,25.45,25.45,600,25.45
2011-02-01,26.76,26.76,25.34,25.57,4600,25.57
2011-01-31,24.95,24.98,24.95,24.97,1800,24.97
2011-01-28,25.50,25.50,24.82,24.82,1300,24.82