2011-05-10,32.22,32.27,31.82,32.27,6400,32.27
2011-05-09,32.19,32.26,32.06,32.25,10700,32.25
2011-05-06,32.18,32.29,31.90,31.90,16000,31.90
2011-05-05,32.13,32.16,31.94,32.01,6400,32.01
2011-05-04,32.46,32.46,32.28,32.34,3000,32.34
2011-05-03,32.27,32.35,32.20,32.35,27900,32.35
2011-05-02,32.57,32.57,32.35,32.56,13000,32.56
2011-04-29,32.35,32.59,32.34,32.59,1900,32.50
2011-04-28,32.40,32.46,32.38,32.40,16500,32.31
2011-04-27,32.39,32.46,32.24,32.46,4700,32.37
2011-04-26,32.21,32.29,32.18,32.18,4400,32.09
2011-04-25,32.19,32.30,32.17,32.30,32200,32.21
2011-04-21,32.07,32.15,31.87,32.09,4100,32.00
2011-04-20,31.74,31.95,31.74,31.95,2400,31.86
2011-04-19,31.80,31.80,31.45,31.60,6900,31.52
2011-04-18,31.88,31.88,31.37,31.63,13200,31.55
2011-04-15,31.93,31.98,31.93,31.98,7900,31.89
2011-04-14,31.82,31.95,31.64,31.90,4500,31.81
2011-04-13,31.87,31.87,31.73,31.78,3100,31.70
2011-04-12,31.94,31.94,31.84,31.85,9500,31.76
2011-04-11,31.73,31.91,31.73,31.91,250700,31.82
2011-04-08,31.60,31.67,31.53,31.67,10200,31.59
2011-04-07,31.47,31.47,31.37,31.46,7700,31.38
2011-04-06,31.37,31.44,31.36,31.44,8500,31.36
2011-04-05,31.25,31.25,31.25,31.25,000,31.17
2011-04-04,31.22,31.26,31.17,31.25,6600,31.17
2011-04-01,31.05,31.11,30.93,31.11,13800,31.03
2011-03-31,31.15,31.15,31.13,31.15,3600,30.99
2011-03-30,31.03,31.09,31.02,31.09,43300,30.93
2011-03-29,30.97,30.99,30.92,30.96,5300,30.80
2011-03-28,31.01,31.01,30.93,30.97,8000,30.81
2011-03-25,31.00,31.00,30.95,30.95,1700,30.79
2011-03-24,30.85,30.93,30.85,30.92,6800,30.76
2011-03-23,30.88,30.88,30.84,30.84,4300,30.68
2011-03-22,30.87,30.87,30.87,30.87,2200,30.71
2011-03-21,30.79,30.80,30.76,30.77,1600,30.61
2011-03-18,30.66,30.66,30.66,30.66,200,30.50
2011-03-17,30.46,30.46,30.46,30.46,2000,30.31
2011-03-16,30.43,30.43,30.12,30.28,2500,30.13
2011-03-15,30.46,30.50,30.42,30.50,1900,30.35
2011-03-14,30.69,30.69,30.63,30.66,9500,30.50
2011-03-11,30.42,30.58,30.42,30.55,3000,30.40
2011-03-10,30.65,30.65,30.52,30.54,37300,30.39
2011-03-09,30.67,30.70,30.67,30.70,2600,30.54
2011-03-08,30.59,30.62,30.59,30.62,4900,30.46
2011-03-07,30.68,30.68,30.62,30.63,11000,30.47
2011-03-04,30.60,30.60,30.60,30.60,2300,30.44
2011-03-03,30.57,30.58,30.57,30.58,3300,30.42
2011-03-02,30.40,30.42,30.40,30.42,5300,30.27
2011-03-01,30.43,30.43,30.36,30.36,2500,30.21
2011-02-28,30.63,30.63,30.50,30.55,5400,30.40