2011-05-10,54.33,54.74,54.33,54.71,10300,54.71
2011-05-09,54.34,54.34,54.10,54.27,3100,54.27
2011-05-06,54.58,54.80,54.00,54.20,5500,54.20
2011-05-05,54.00,54.15,53.63,53.63,3400,53.63
2011-05-04,54.91,54.91,54.18,54.46,6300,54.46
2011-05-03,55.11,55.13,54.47,54.67,10900,54.67
2011-05-02,56.10,56.10,55.39,55.48,19900,55.48
2011-04-29,55.44,55.75,55.31,55.66,4100,55.66
2011-04-28,54.92,55.35,54.84,55.35,12300,55.35
2011-04-27,55.18,55.18,54.74,55.12,31500,55.12
2011-04-26,54.87,55.19,54.69,55.18,11400,55.18
2011-04-25,58.10,58.10,54.44,54.52,6300,54.52
2011-04-21,54.81,55.05,54.66,54.93,81300,54.93
2011-04-20,54.48,54.54,54.24,54.54,4500,54.54
2011-04-19,53.14,53.63,53.11,53.60,13100,53.60
2011-04-18,53.15,53.15,52.39,52.99,8800,52.99
2011-04-15,53.85,53.90,53.57,53.90,6500,53.90
2011-04-14,53.68,53.94,53.68,53.91,3700,53.91
2011-04-13,54.22,54.22,53.61,53.81,4700,53.81
2011-04-12,54.00,54.06,53.46,53.48,6200,53.48
2011-04-11,54.67,54.67,54.06,54.06,9900,54.06
2011-04-08,54.89,54.93,54.47,54.75,7700,54.75
2011-04-07,54.57,54.75,54.40,54.47,7000,54.47
2011-04-06,54.61,54.61,54.34,54.34,34500,54.34
2011-04-05,54.47,54.51,53.99,54.42,8600,54.42
2011-04-04,54.33,54.43,54.13,54.43,35800,54.43
2011-04-01,53.50,54.13,53.50,53.95,40400,53.95
2011-03-31,53.06,53.19,52.95,53.14,6600,53.14
2011-03-30,52.32,52.65,52.25,52.60,6800,52.60
2011-03-29,51.91,52.21,51.39,51.79,8900,51.79
2011-03-28,51.42,51.74,51.42,51.68,5000,51.68
2011-03-25,51.60,52.03,51.60,51.80,14000,51.80
2011-03-24,51.58,52.07,51.30,51.76,3200,51.76
2011-03-23,51.69,51.69,50.85,51.60,6200,51.60
2011-03-22,51.13,51.54,50.95,51.33,19200,51.33
2011-03-21,51.48,51.56,50.68,51.05,97000,51.05
2011-03-18,50.93,50.93,50.00,50.09,5800,50.09
2011-03-17,49.93,49.98,49.76,49.80,3500,49.67
2011-03-16,50.05,50.05,49.10,49.38,9600,49.25
2011-03-15,50.28,50.44,49.24,50.18,6500,50.05
2011-03-14,50.41,50.93,50.41,50.86,11400,50.73
2011-03-11,49.75,50.84,49.75,50.74,2800,50.61
2011-03-10,50.95,50.97,50.32,50.38,21700,50.25
2011-03-09,51.31,51.79,51.31,51.60,6000,51.46
2011-03-08,51.23,51.70,51.05,51.39,4700,51.25
2011-03-07,51.63,52.12,50.73,51.06,7700,50.93
2011-03-04,51.20,51.24,50.90,51.15,6500,51.02
2011-03-03,50.85,51.20,50.84,51.14,14800,51.01
2011-03-02,50.19,50.51,50.19,50.45,9400,50.32
2011-03-01,49.95,50.25,49.81,49.90,37500,49.77
2011-02-28,50.25,51.29,50.12,50.19,55100,50.06
2011-02-25,50.35,50.44,50.02,50.21,000,50.08
2011-02-24,50.24,50.24,49.96,50.22,000,50.09