2011-05-10,64.74,65.12,64.55,65.09,56900,65.09
2011-05-09,64.16,64.58,63.85,64.57,123000,64.57
2011-05-06,64.74,65.04,63.75,64.03,62900,64.03
2011-05-05,64.53,64.61,63.69,63.86,61500,63.86
2011-05-04,65.75,65.75,64.91,65.10,39000,65.10
2011-05-03,65.76,66.12,65.47,65.65,48000,65.65
2011-05-02,66.62,66.66,66.12,66.25,62000,66.25
2011-04-29,66.22,66.45,66.00,66.34,77000,66.34
2011-04-28,65.66,66.14,65.48,66.01,90800,66.01
2011-04-27,65.21,65.84,64.72,65.74,63200,65.74
2011-04-26,64.82,65.19,64.59,65.06,41800,65.06
2011-04-25,64.76,64.85,64.49,64.66,77000,64.66
2011-04-21,64.66,64.81,64.49,64.63,109000,64.63
2011-04-20,64.00,64.21,63.95,64.16,249400,64.16
2011-04-19,62.54,62.77,62.31,62.63,72000,62.63
2011-04-18,62.17,62.19,61.39,62.16,47300,62.16
2011-04-15,63.05,63.38,62.89,63.19,96500,63.19
2011-04-14,62.69,63.35,62.68,63.29,39500,63.29
2011-04-13,63.29,63.36,62.67,62.83,38300,62.83
2011-04-12,62.91,62.91,62.39,62.60,47600,62.60
2011-04-11,63.57,63.63,63.15,63.25,45300,63.25
2011-04-08,63.62,63.72,63.15,63.36,44600,63.36
2011-04-07,63.03,63.23,62.58,62.86,80700,62.86
2011-04-06,63.14,63.40,63.01,63.37,48000,63.37
2011-04-05,62.47,63.02,62.44,62.85,58700,62.85
2011-04-04,62.86,63.08,62.73,62.94,146700,62.94
2011-04-01,62.41,62.93,62.08,62.81,34200,62.81
2011-03-31,62.25,62.51,62.06,62.24,65600,62.24
2011-03-30,62.22,62.61,62.14,62.50,58500,62.50
2011-03-29,61.16,61.63,60.98,61.60,72800,61.60
2011-03-28,61.27,61.57,61.20,61.22,234000,61.22
2011-03-25,61.49,61.75,61.24,61.27,98300,61.27
2011-03-24,61.30,61.94,61.23,61.88,71900,61.88
2011-03-23,60.69,61.24,60.45,61.00,70300,61.00
2011-03-22,61.14,61.14,60.63,60.83,66000,60.83
2011-03-21,60.85,61.36,60.75,61.29,67500,61.29
2011-03-18,59.96,59.97,59.61,59.89,92300,59.89
2011-03-17,59.05,59.18,58.52,58.82,65900,58.82
2011-03-16,58.39,58.59,56.43,57.06,146100,57.06
2011-03-15,56.89,59.05,56.62,58.77,136000,58.77
2011-03-14,59.56,59.92,59.29,59.88,109000,59.88
2011-03-11,60.60,61.16,60.59,60.94,93300,60.94
2011-03-10,61.49,61.49,60.89,60.98,113000,60.98
2011-03-09,62.68,62.73,62.38,62.64,51300,62.64
2011-03-08,62.26,62.81,61.99,62.69,60100,62.69
2011-03-07,63.22,63.39,62.23,62.41,61500,62.41
2011-03-04,63.40,63.40,62.59,63.07,64700,63.07
2011-03-03,63.21,63.65,63.20,63.61,40600,63.61
2011-03-02,62.59,63.00,62.51,62.72,44800,62.72
2011-03-01,63.42,63.42,62.37,62.42,68900,62.42
2011-02-28,63.25,63.55,62.90,63.08,54200,63.08
2011-02-25,62.22,62.65,62.22,62.64,41300,62.64
2011-02-24,61.90,61.99,61.29,61.65,88200,61.65
2011-02-23,61.97,62.09,61.36,61.77,55500,61.77
2011-02-22,62.27,62.64,61.63,61.76,134400,61.76
2011-02-18,63.16,63.38,63.02,63.36,53400,63.36
2011-02-17,62.83,63.32,62.76,63.20,71200,63.20
2011-02-16,62.58,63.07,62.48,63.02,68700,63.02
2011-02-15,62.68,62.70,62.39,62.47,69600,62.47
2011-02-14,62.55,62.86,62.44,62.82,79400,62.82
2011-02-11,61.99,62.64,61.83,62.61,57000,62.61
2011-02-10,61.91,62.38,61.76,62.36,93700,62.36
2011-02-09,62.70,62.87,62.48,62.76,74300,62.76
2011-02-08,62.70,63.12,62.50,63.12,91700,63.12
2011-02-07,62.42,62.70,62.33,62.67,88300,62.67
2011-02-04,62.31,62.44,61.97,62.43,85700,62.43
2011-02-03,62.20,62.50,61.79,62.50,70000,62.50
2011-02-02,62.35,62.55,62.20,62.43,232200,62.43
2011-02-01,61.84,62.51,61.74,62.36,76500,62.36
2011-01-31,60.95,61.28,60.84,61.13,153100,61.13
2011-01-28,61.59,61.72,60.43,60.46,209500,60.46
2011-01-27,61.90,62.05,61.70,62.01,71500,62.01
2011-01-26,61.74,62.03,61.66,61.90,187700,61.90
2011-01-25,61.14,61.40,60.87,61.37,103300,61.37
2011-01-24,60.78,61.45,60.74,61.45,107000,61.45
2011-01-21,61.10,61.10,60.71,60.85,59300,60.85
2011-01-20,60.80,60.91,60.25,60.77,136400,60.77
2011-01-19,62.23,62.23,61.40,61.57,85200,61.57
2011-01-18,62.03,62.15,61.84,61.99,268600,61.99
2011-01-14,61.14,61.81,61.14,61.78,159600,61.78
2011-01-13,61.71,61.82,61.37,61.47,149700,61.47
2011-01-12,61.00,61.51,60.88,61.43,365100,61.43
2011-01-11,60.53,60.61,60.27,60.45,233900,60.45
2011-01-10,59.71,60.11,59.47,60.07,140400,60.07
2011-01-07,60.32,60.48,59.83,60.11,272200,60.11
2011-01-06,61.02,61.02,60.07,60.29,563500,60.29
2011-01-05,60.31,60.92,60.31,60.91,71700,60.91
2011-01-04,61.78,61.78,60.94,61.30,151200,61.30
2011-01-03,61.39,61.72,61.36,61.53,155800,61.53
2010-12-31,60.48,61.35,60.47,61.08,144400,61.08
2010-12-30,60.91,60.96,60.51,60.79,196600,60.79
2010-12-29,60.75,61.16,60.75,61.01,55900,61.01
2010-12-28,60.83,60.83,60.36,60.47,137600,60.47
2010-12-27,60.09,60.47,60.09,60.46,48300,60.46
2010-12-23,60.40,60.55,60.34,60.47,59100,60.47
2010-12-22,60.48,60.55,60.33,60.55,80900,60.55
2010-12-21,60.45,60.48,60.20,60.30,430800,60.30
2010-12-20,60.50,60.50,60.08,60.29,156500,59.87
2010-12-17,60.17,60.30,59.91,60.29,127600,59.87
2010-12-16,60.11,60.57,59.99,60.55,67800,60.13
2010-12-15,60.55,60.71,59.92,60.13,163300,59.71
2010-12-14,60.90,61.29,60.75,60.98,117500,60.56
2010-12-13,60.68,61.14,60.55,60.79,167100,60.37
2010-12-10,59.94,60.21,59.74,60.16,83300,59.74
2010-12-09,59.91,60.06,59.54,59.95,1036400,59.53
2010-12-08,59.93,60.13,59.61,59.98,68300,59.56
2010-12-07,60.69,60.69,59.87,59.90,82900,59.48
2010-12-06,59.71,59.96,59.49,59.84,161500,59.42
2010-12-03,59.53,60.16,59.53,60.13,51200,59.71
2010-12-02,58.34,59.52,58.28,59.50,119700,59.09
2010-12-01,57.76,58.35,57.75,58.29,85400,57.88
2010-11-30,56.55,57.18,56.49,56.83,237400,56.43
2010-11-29,57.35,57.61,56.79,57.50,107100,57.10
2010-11-26,57.92,58.21,57.84,57.98,57100,57.58
2010-11-24,58.32,58.71,58.32,58.71,119000,58.30
2010-11-23,58.20,58.23,57.50,57.67,94600,57.27
2010-11-22,59.38,59.57,58.67,59.40,441300,58.99
2010-11-19,59.37,59.92,59.16,59.92,61600,59.50
2010-11-18,59.81,60.01,59.73,59.85,995000,59.43
2010-11-17,58.50,58.79,58.37,58.47,112800,58.06
2010-11-16,59.13,59.14,57.95,58.20,77900,57.79
2010-11-15,60.00,60.08,59.58,59.58,51800,59.16
2010-11-12,60.00,60.24,59.28,59.58,118700,59.16
2010-11-11,60.13,60.36,59.89,60.26,63800,59.84
2010-11-10,60.70,60.77,59.88,60.68,103100,60.26
2010-11-09,61.51,61.57,60.28,60.46,93400,60.04
2010-11-08,60.99,61.22,60.80,61.07,83500,60.64
2010-11-05,61.31,61.66,61.19,61.47,113000,61.04
2010-11-04,61.24,61.63,61.21,61.63,119500,61.20
2010-11-03,59.61,60.06,59.22,60.06,151600,59.64
2010-11-02,59.46,59.69,59.41,59.57,55700,59.16
2010-11-01,58.96,59.07,58.34,58.67,74600,58.26
2010-10-29,58.76,58.88,58.58,58.80,73100,58.39
2010-10-28,59.07,59.07,58.58,58.92,112300,58.51
2010-10-27,58.52,58.58,57.90,58.49,145900,58.08
2010-10-26,58.88,59.09,58.69,59.01,117700,58.60
2010-10-25,59.81,60.02,59.46,59.50,196100,59.09
2010-10-22,59.17,59.24,58.94,59.08,34800,58.67
2010-10-21,59.35,59.68,58.65,59.00,45300,58.59
2010-10-20,58.43,59.44,58.43,59.20,82300,58.79
2010-10-19,58.36,58.70,57.85,58.09,49000,57.69
2010-10-18,59.25,59.74,59.07,59.50,149800,59.09
2010-10-15,59.76,59.76,59.04,59.48,193800,59.07
2010-10-14,59.57,59.70,59.23,59.56,900600,59.15
2010-10-13,59.00,59.50,58.95,59.22,94000,58.81
2010-10-12,58.16,58.62,57.80,58.54,44400,58.13
2010-10-11,58.62,58.79,58.35,58.57,52400,58.16
2010-10-08,58.25,58.67,58.13,58.57,154400,58.16
2010-10-07,58.81,58.81,57.90,58.23,74900,57.82
2010-10-06,58.20,58.48,58.12,58.38,52100,57.97
2010-10-05,57.44,58.13,57.35,57.95,41900,57.55
2010-10-04,56.73,56.93,56.33,56.57,58500,56.18
2010-10-01,57.17,57.27,56.77,57.22,163200,56.82
2010-09-30,57.40,57.53,56.41,56.69,119800,56.30
2010-09-29,57.15,57.33,56.95,57.11,44100,56.71
2010-09-28,56.93,57.29,56.42,57.19,81500,56.79
2010-09-27,57.07,57.08,56.74,56.81,45000,56.41
2010-09-24,56.58,57.06,56.54,57.06,67300,56.66
2010-09-23,55.52,56.03,55.39,55.50,849800,55.11
2010-09-22,56.34,56.54,55.91,56.07,57600,55.68
2010-09-21,56.09,56.44,55.57,56.03,73300,55.64
2010-09-20,55.48,56.17,55.34,56.09,202400,55.70
2010-09-17,55.32,55.43,54.93,55.10,70700,54.72
2010-09-16,55.09,55.35,55.02,55.32,61400,54.93
2010-09-15,55.06,55.64,54.93,55.51,85700,55.12
2010-09-14,54.97,55.63,54.83,55.39,112200,55.00
2010-09-13,54.86,55.08,54.79,55.07,36200,54.69
2010-09-10,54.03,54.27,53.99,54.11,34600,53.73
2010-09-09,54.28,54.33,53.76,53.95,58600,53.57
2010-09-08,53.53,53.84,53.46,53.50,80600,53.13
2010-09-07,53.44,53.46,53.08,53.09,42700,52.72
2010-09-03,53.71,53.90,53.52,53.77,226300,53.40
2010-09-02,53.04,53.36,52.92,53.36,37000,52.99
2010-09-01,52.48,53.21,52.48,53.06,47100,52.69
2010-08-31,51.00,51.47,50.89,51.18,118400,50.82
2010-08-30,51.59,51.67,51.18,51.19,90500,50.83
2010-08-27,51.39,51.85,50.85,51.84,52800,51.48
2010-08-26,51.07,51.36,50.66,50.83,100700,50.48
2010-08-25,50.25,50.86,50.11,50.78,54300,50.43
2010-08-24,50.78,51.05,50.51,50.73,53100,50.38
2010-08-23,51.87,52.09,51.44,51.44,33300,51.08
2010-08-20,51.62,51.75,51.35,51.67,35800,51.31
2010-08-19,53.02,53.06,51.87,52.21,60400,51.85
2010-08-18,53.07,53.20,52.70,52.89,92600,52.52
2010-08-17,52.86,53.17,52.63,52.85,92000,52.48
2010-08-16,51.96,52.47,51.86,52.31,115400,51.95
2010-08-13,51.88,52.18,51.79,51.84,66800,51.48
2010-08-12,51.57,52.01,51.46,51.89,131000,51.53
2010-08-11,52.53,52.53,51.79,51.87,118300,51.51
2010-08-10,53.64,54.36,53.35,54.19,59800,53.81
2010-08-09,54.60,54.71,54.40,54.60,58900,54.22
2010-08-06,54.03,54.52,53.86,54.45,65900,54.07
2010-08-05,54.15,54.32,53.96,54.29,109100,53.91
2010-08-04,54.27,54.52,54.04,54.41,62300,54.03
2010-08-03,54.36,54.62,54.10,54.40,71500,54.02
2010-08-02,53.98,54.59,53.89,54.47,120800,54.09
2010-07-30,52.40,53.16,52.40,52.99,108100,52.62
2010-07-29,53.48,53.69,52.61,53.01,104700,52.64
2010-07-28,52.90,53.13,52.68,52.84,96000,52.47
2010-07-27,53.33,53.33,52.76,53.06,262700,52.69
2010-07-26,52.64,53.19,52.59,53.19,57200,52.82
2010-07-23,52.24,52.98,52.14,52.85,94900,52.48
2010-07-22,51.86,52.43,51.80,52.25,94900,51.89
2010-07-21,51.45,51.49,50.58,50.68,99800,50.33
2010-07-20,50.37,51.54,50.37,51.51,107700,51.15
2010-07-19,51.17,51.33,50.72,51.14,244400,50.78
2010-07-16,51.84,51.84,50.77,50.82,67100,50.47
2010-07-15,52.33,52.60,51.78,52.45,80400,52.08
2010-07-14,51.86,52.32,51.69,52.18,179600,51.82
2010-07-13,51.74,52.08,51.61,51.92,58400,51.56
2010-07-12,50.87,51.15,50.75,51.06,37000,50.70
2010-07-09,50.78,51.30,50.76,51.30,226900,50.94
2010-07-08,50.93,51.26,50.61,51.26,70400,50.90
2010-07-07,49.69,50.89,49.66,50.82,132800,50.47
2010-07-06,49.81,50.12,49.24,49.57,194400,49.22
2010-07-02,48.85,49.02,48.20,48.58,55200,48.24
2010-07-01,48.54,48.71,47.90,48.58,83500,48.24
2010-06-30,48.56,48.94,48.03,48.07,249400,47.74
2010-06-29,49.33,49.34,48.37,48.56,82000,48.22
2010-06-28,50.47,50.85,50.09,50.13,65100,49.78
2010-06-25,50.15,50.65,49.88,50.55,210100,50.20
2010-06-24,50.69,50.83,50.12,50.32,143100,49.97
2010-06-23,51.08,51.35,50.54,51.01,134900,50.65
2010-06-22,52.21,52.38,51.31,51.42,85000,51.06
2010-06-21,52.85,52.85,51.83,52.04,224500,51.68
2010-06-18,51.94,52.20,51.85,52.03,104100,51.67
2010-06-17,52.11,52.19,51.65,52.08,70100,51.72
2010-06-16,51.56,52.17,51.43,51.98,185700,51.62
2010-06-15,51.19,52.11,51.19,52.09,60000,51.73
2010-06-14,50.89,51.18,50.51,50.57,54500,50.22
2010-06-11,49.58,50.13,49.48,50.06,88600,49.71
2010-06-10,49.65,50.25,49.17,50.16,78000,49.81
2010-06-09,48.77,49.16,48.00,48.17,377800,47.83
2010-06-08,47.85,48.40,47.46,48.36,122000,48.02
2010-06-07,48.22,48.48,47.50,47.54,83900,47.21
2010-06-04,49.04,49.15,47.91,48.13,89200,47.79
2010-06-03,50.40,50.56,49.67,50.10,111000,49.75
2010-06-02,49.11,50.22,48.91,50.22,316500,49.87
2010-06-01,48.83,49.99,48.80,48.83,218200,48.49
2010-05-28,49.85,49.91,48.88,49.16,136300,48.82
2010-05-27,49.10,49.95,48.81,49.93,184700,49.58
2010-05-26,47.95,48.49,47.31,47.42,257800,47.09
2010-05-25,46.89,48.00,46.63,48.00,368500,47.67
2010-05-24,48.76,49.01,48.18,48.18,167600,47.84
2010-05-21,47.62,49.28,47.57,49.23,196400,48.89
2010-05-20,48.33,48.89,47.71,48.11,230000,47.77
2010-05-19,49.58,50.14,49.20,49.91,220500,49.56
2010-05-18,51.33,51.46,49.57,49.76,296900,49.41
2010-05-17,51.05,51.29,49.82,50.93,138700,50.58
2010-05-14,51.66,51.72,50.54,50.84,150300,50.49
2010-05-13,52.70,52.94,52.18,52.27,110900,51.91
2010-05-12,52.86,53.18,52.71,52.89,204000,52.52
2010-05-11,52.08,53.09,51.40,52.27,72300,51.91
2010-05-10,52.91,53.53,52.59,53.08,239600,52.71
2010-05-07,50.83,51.18,49.24,50.09,392600,49.74
2010-05-06,52.08,52.52,20.93,50.14,440700,49.79
2010-05-05,52.11,53.00,52.06,52.33,153500,51.97
2010-05-04,54.22,54.23,53.20,53.39,486100,53.02
2010-05-03,55.20,55.69,55.20,55.45,114100,55.06
2010-04-30,55.98,56.00,55.13,55.22,266100,54.84
2010-04-29,55.62,56.00,55.51,55.89,89500,55.50
2010-04-28,55.34,55.47,54.32,54.87,90200,54.49
2010-04-27,56.27,56.69,54.93,55.00,122900,54.62
2010-04-26,57.14,57.35,57.07,57.10,37300,56.70
2010-04-23,56.33,57.06,56.22,57.06,85300,56.66
2010-04-22,56.16,56.60,55.79,56.54,111400,56.15
2010-04-21,57.00,57.03,56.60,56.95,53400,56.55
2010-04-20,57.22,57.31,57.08,57.16,76800,56.76
2010-04-19,56.37,56.94,56.22,56.86,63700,56.46
2010-04-16,57.64,57.95,56.77,57.04,70600,56.64
2010-04-15,57.90,58.34,57.90,58.18,83100,57.77
2010-04-14,57.98,58.42,57.88,58.41,62200,58.00
2010-04-13,57.82,57.82,57.30,57.69,69600,57.29
2010-04-12,57.77,57.84,57.63,57.74,45000,57.34
2010-04-09,57.20,57.62,57.11,57.62,43200,57.22
2010-04-08,56.45,57.01,56.27,56.95,61900,56.55
2010-04-07,57.05,57.20,56.80,57.05,49700,56.65
2010-04-06,57.10,57.54,57.03,57.40,145700,57.00
2010-04-05,57.42,57.86,57.31,57.75,110300,57.35
2010-04-01,57.15,57.60,57.14,57.54,114100,57.14
2010-03-31,56.43,56.81,56.26,56.64,116100,56.25
2010-03-30,56.78,56.80,56.28,56.51,137600,56.12
2010-03-29,56.22,56.53,56.11,56.53,236300,56.14
2010-03-26,55.82,56.10,55.59,55.88,44800,55.49
2010-03-25,55.99,56.11,55.43,55.43,79300,55.04
2010-03-24,55.58,55.79,55.37,55.46,95100,55.07
2010-03-23,56.18,56.48,55.99,56.44,145200,56.05
2010-03-22,55.26,56.14,55.16,56.07,275600,55.68
2010-03-19,56.34,56.43,55.67,55.86,162800,55.47
2010-03-18,56.65,56.70,56.20,56.42,161900,56.03
2010-03-17,56.82,57.04,56.65,56.71,146900,56.31
2010-03-16,55.95,56.61,55.90,56.53,115500,56.14
2010-03-15,55.82,55.86,55.38,55.75,106000,55.36
2010-03-12,56.26,56.26,55.94,56.20,118700,55.81
2010-03-11,55.54,55.88,55.42,55.88,145900,55.49
2010-03-10,55.47,55.86,55.41,55.69,110500,55.30
2010-03-09,55.01,55.70,55.01,55.51,297900,55.12
2010-03-08,55.77,55.85,55.43,55.63,104300,55.24
2010-03-05,55.03,55.68,54.91,55.64,76500,55.25
2010-03-04,54.78,54.86,54.32,54.59,163200,54.21
2010-03-03,54.59,55.07,54.48,54.74,155800,54.36
2010-03-02,54.07,54.47,53.82,54.18,141700,53.80
2010-03-01,53.21,53.71,53.17,53.68,155200,53.31
2010-02-26,52.67,53.29,52.38,53.06,219000,52.69
2010-02-25,51.88,52.69,51.86,52.64,119700,52.27
2010-02-24,52.70,53.31,52.70,53.07,79000,52.70
2010-02-23,53.18,53.31,52.59,52.65,96600,52.28
2010-02-22,53.52,53.58,53.26,53.33,103200,52.96
2010-02-19,52.82,53.33,52.74,53.21,179900,52.84
2010-02-18,53.19,53.63,53.13,53.63,383900,53.26
2010-02-17,53.50,53.54,53.08,53.28,132500,52.91
2010-02-16,52.33,53.28,52.17,53.22,147900,52.85
2010-02-12,51.53,52.11,51.40,52.06,86100,51.70
2010-02-11,51.86,52.59,51.45,52.46,187000,52.09
2010-02-10,52.02,52.04,51.38,51.90,84300,51.54
2010-02-09,51.85,52.70,51.31,52.28,77900,51.92
2010-02-08,51.01,51.57,50.63,50.65,165000,50.30
2010-02-05,51.28,51.40,50.08,51.10,290400,50.74
2010-02-04,52.95,52.95,51.70,51.70,235900,51.34
2010-02-03,53.93,54.28,53.67,53.98,138200,53.60
2010-02-02,53.94,54.50,53.72,54.39,102500,54.01
2010-02-01,53.27,53.52,53.13,53.51,159200,53.14
2010-01-29,53.40,53.56,52.41,52.59,176600,52.22
2010-01-28,54.27,54.27,53.00,53.22,578800,52.85
2010-01-27,53.84,54.23,53.41,54.23,146400,53.85
2010-01-26,54.07,54.62,53.88,54.03,237800,53.65
2010-01-25,54.71,54.91,54.34,54.67,326600,54.29
2010-01-22,54.72,55.00,53.70,53.79,179700,53.42
2010-01-21,56.09,56.15,54.61,54.92,125400,54.54
2010-01-20,56.38,56.38,55.65,56.17,127600,55.78
2010-01-19,56.85,57.61,56.85,57.61,180400,57.21
2010-01-15,57.50,57.50,56.62,56.95,257300,56.55
2010-01-14,57.49,57.89,57.49,57.85,113500,57.45
2010-01-13,57.02,57.47,56.73,57.32,106700,56.92
2010-01-12,56.86,57.11,56.65,56.82,114400,56.42
2010-01-11,57.64,57.64,57.28,57.50,61000,57.10
2010-01-08,56.57,57.10,56.55,57.01,167600,56.61
2010-01-07,56.32,56.61,56.17,56.58,260300,56.19
2010-01-06,56.49,56.88,56.37,56.71,80400,56.31
2010-01-05,56.68,56.81,56.30,56.60,95800,56.21
2010-01-04,56.40,56.85,56.16,56.66,107500,56.27
2009-12-31,55.92,55.92,55.12,55.12,221700,54.74
2009-12-30,55.23,55.63,55.22,55.61,81100,55.22
2009-12-29,56.05,56.14,55.70,55.87,62800,55.48
2009-12-28,55.62,55.80,55.55,55.76,98800,55.37
2009-12-24,55.56,55.68,55.36,55.62,56300,55.23
2009-12-23,55.14,55.33,54.86,55.33,110800,54.94
2009-12-22,54.81,55.02,54.55,55.02,119500,54.64
2009-12-21,54.78,55.10,54.69,54.83,209400,54.06
2009-12-18,54.91,54.94,54.17,54.65,283800,53.88
2009-12-17,54.99,55.00,54.45,54.61,159200,53.84
2009-12-16,55.71,56.16,55.64,55.75,346700,54.97
2009-12-15,55.27,55.58,55.14,55.28,107400,54.51
2009-12-14,55.65,55.92,55.54,55.81,85300,55.03
2009-12-11,55.45,55.58,55.20,55.35,212300,54.57
2009-12-10,55.37,55.49,55.06,55.14,87700,54.37
2009-12-09,55.10,55.21,54.53,55.16,86400,54.39
2009-12-08,55.44,55.44,54.93,55.15,135900,54.38
2009-12-07,56.02,56.49,55.96,56.09,137500,55.30
2009-12-04,56.93,57.30,55.95,56.37,122300,55.58
2009-12-03,57.00,57.26,56.46,56.51,157900,55.72
2009-12-02,56.55,56.87,56.40,56.65,77600,55.86
2009-12-01,56.00,56.67,56.00,56.48,98900,55.69
2009-11-30,54.79,55.24,54.42,54.88,53800,54.11
2009-11-27,54.12,55.10,53.96,54.64,57400,53.87
2009-11-25,55.86,56.28,55.74,56.26,66500,55.47
2009-11-24,55.60,55.60,55.06,55.30,120800,54.53
2009-11-23,55.80,56.06,55.42,55.54,210100,54.76
2009-11-20,54.40,54.79,54.26,54.71,365200,53.94
2009-11-19,55.19,55.19,54.50,55.03,56300,54.26
2009-11-18,56.08,56.17,55.63,55.99,72100,55.21
2009-11-17,55.95,56.16,55.57,56.08,92900,55.29
2009-11-16,55.95,56.73,55.95,56.34,91600,55.55
2009-11-13,55.15,55.72,54.84,55.52,76000,54.74
2009-11-12,55.39,55.61,54.72,54.92,107600,54.15
2009-11-11,55.88,56.05,55.36,55.61,104800,54.83
2009-11-10,55.32,55.65,55.22,55.65,77900,54.87
2009-11-09,55.39,55.90,55.24,55.86,91300,55.08
2009-11-06,53.97,54.53,53.90,54.48,75500,53.72
2009-11-05,54.01,54.51,53.97,54.25,89100,53.49
2009-11-04,53.76,54.16,53.53,53.62,127700,52.87
2009-11-03,52.37,53.25,52.32,53.16,99900,52.42
2009-11-02,53.18,53.98,52.73,53.32,221500,52.57
2009-10-30,54.14,54.29,52.74,52.85,109800,52.11
2009-10-29,53.82,54.63,53.71,54.53,265000,53.77
2009-10-28,53.75,53.87,52.74,52.85,210000,52.11
2009-10-27,54.56,54.82,53.92,54.10,99200,53.34
2009-10-26,55.40,55.78,54.25,54.49,138400,53.73
2009-10-23,55.86,55.89,54.90,55.17,91300,54.40
2009-10-22,55.45,56.24,55.15,56.16,99700,55.37
2009-10-21,55.53,56.35,55.48,55.50,89500,54.72
2009-10-20,56.09,56.15,55.21,55.59,454600,54.81
2009-10-19,55.56,55.97,55.33,55.84,321500,55.06
2009-10-16,54.87,55.13,54.58,55.06,158000,54.29
2009-10-15,55.16,55.63,55.13,55.62,134000,54.84
2009-10-14,55.19,55.42,54.94,55.35,75400,54.57
2009-10-13,54.12,54.28,53.84,54.19,53500,53.43
2009-10-12,54.48,54.63,54.05,54.23,52700,53.47
2009-10-09,53.89,53.97,53.60,53.94,66300,53.18
2009-10-08,53.85,54.38,53.64,53.97,81600,53.21
2009-10-07,53.02,53.25,52.89,53.19,69800,52.44
2009-10-06,52.94,53.46,52.85,53.07,144100,52.33
2009-10-05,51.70,52.45,51.58,52.33,114400,51.60
2009-10-02,51.32,51.97,51.32,51.58,104900,50.86
2009-10-01,53.16,53.16,52.08,52.08,162700,51.35
2009-09-30,53.74,53.87,52.96,53.35,1015100,52.60
2009-09-29,53.55,53.71,53.19,53.37,101000,52.62
2009-09-28,53.31,54.08,53.19,53.75,91100,53.00
2009-09-25,53.43,53.66,53.04,53.19,150300,52.44
2009-09-24,54.52,54.55,53.04,53.39,383200,52.64
2009-09-23,54.84,55.07,54.03,54.13,113400,53.37
2009-09-22,54.61,54.67,54.44,54.61,115300,53.84
2009-09-21,53.57,53.94,53.36,53.74,173100,52.99
2009-09-18,54.46,54.53,54.04,54.33,159300,53.57
2009-09-17,54.41,54.63,54.00,54.27,220900,53.51
2009-09-16,54.32,54.71,54.06,54.68,95500,53.91
2009-09-15,53.55,53.92,53.10,53.79,258300,53.04
2009-09-14,53.23,53.82,53.20,53.74,210900,52.99
2009-09-11,53.83,54.05,53.51,53.69,202400,52.94
2009-09-10,53.14,53.76,52.83,53.67,98700,52.92
2009-09-09,52.95,53.35,52.77,53.00,95600,52.26
2009-09-08,52.48,52.74,52.36,52.56,129200,51.82
2009-09-04,50.79,51.54,50.58,51.48,65300,50.76
2009-09-03,50.78,50.87,50.37,50.82,55900,50.11
2009-09-02,50.15,50.72,50.15,50.41,74700,49.70
2009-09-01,50.85,51.68,50.21,50.38,86400,49.67
2009-08-31,51.10,51.51,51.07,51.41,79100,50.69
2009-08-28,52.25,52.35,51.54,51.69,61400,50.97
2009-08-27,51.29,52.00,50.88,51.72,75300,51.00
2009-08-26,51.30,51.48,51.09,51.39,81800,50.67
2009-08-25,51.91,52.03,51.50,51.64,133200,50.92
2009-08-24,51.66,51.78,51.23,51.29,127000,50.57
2009-08-21,51.19,51.63,51.15,51.37,98100,50.65
2009-08-20,50.17,50.66,50.10,50.54,33700,49.83
2009-08-19,49.08,50.27,48.72,50.13,110400,49.43
2009-08-18,49.33,49.90,49.21,49.68,500000,48.98
2009-08-17,49.13,49.13,48.75,49.01,103500,48.32
2009-08-14,50.83,50.98,50.10,50.63,626200,49.92
2009-08-13,50.84,50.90,50.44,50.82,190200,50.11
2009-08-12,49.74,50.65,49.74,50.30,287000,49.60
2009-08-11,49.83,49.85,49.42,49.69,180300,48.99
2009-08-10,49.95,50.07,49.59,49.96,100600,49.26
2009-08-07,50.49,50.67,50.24,50.37,72100,49.66
2009-08-06,51.00,51.07,50.09,50.46,114100,49.75
2009-08-05,50.96,50.98,50.22,50.87,102400,50.16
2009-08-04,50.87,51.22,50.66,51.03,119600,50.31
2009-08-03,51.05,51.44,50.76,51.28,171800,50.56
2009-07-31,49.94,50.49,49.64,50.27,128500,49.57
2009-07-30,49.67,50.03,49.38,49.50,149200,48.81
2009-07-29,48.89,49.06,48.44,48.72,86600,48.04
2009-07-28,48.99,49.20,48.53,49.08,116400,48.39
2009-07-27,49.02,49.29,48.72,49.25,82600,48.56
2009-07-24,48.95,49.32,48.69,49.32,128500,48.63
2009-07-23,48.32,49.35,48.30,49.06,236700,48.37
2009-07-22,47.89,48.62,47.85,48.38,144600,47.70
2009-07-21,48.28,48.50,47.72,48.15,184100,47.48
2009-07-20,47.76,47.88,47.38,47.85,180600,47.18
2009-07-17,46.89,47.17,46.68,47.03,70600,46.37
2009-07-16,46.76,47.28,46.57,47.08,78600,46.42
2009-07-15,46.16,46.84,46.16,46.78,95600,46.12
2009-07-14,45.44,45.51,44.97,45.35,64100,44.71
2009-07-13,44.45,45.28,44.25,45.13,91400,44.50
2009-07-10,44.24,44.67,44.09,44.48,72900,43.86
2009-07-09,45.17,45.19,44.69,44.89,117000,44.26
2009-07-08,44.77,44.78,43.92,44.38,113800,43.76
2009-07-07,45.37,45.37,44.36,44.45,201500,43.83
2009-07-06,44.87,45.56,44.85,45.54,166700,44.90
2009-07-02,45.98,45.98,45.42,45.55,141700,44.91
2009-07-01,46.62,47.19,46.62,46.75,180700,46.09
2009-06-30,46.55,46.62,45.74,46.19,106500,45.54
2009-06-29,46.39,46.69,46.09,46.60,210200,45.95
2009-06-26,46.00,46.39,45.91,46.19,177000,45.54
2009-06-25,45.16,46.23,44.98,46.10,121900,45.45
2009-06-24,45.63,46.16,45.17,45.32,466300,44.68
2009-06-23,45.07,45.52,44.80,45.24,149500,44.61
2009-06-22,45.88,46.03,45.20,45.29,526600,43.90
2009-06-19,46.85,46.96,46.56,46.75,116700,45.32
2009-06-18,46.03,46.65,45.89,46.14,179900,44.72
2009-06-17,46.24,46.59,45.68,46.33,101900,44.91
2009-06-16,46.99,46.99,46.07,46.11,520500,44.69
2009-06-15,47.59,47.59,46.18,46.55,204000,45.12
2009-06-12,47.93,48.25,47.62,48.11,101000,46.63
2009-06-11,48.08,48.76,47.94,48.38,119500,46.90
2009-06-10,48.20,48.20,46.97,47.53,151400,46.07
2009-06-09,47.15,47.66,46.95,47.44,129300,45.98
2009-06-08,46.54,47.15,46.18,46.92,289200,45.48
2009-06-05,47.76,47.76,46.76,47.00,113900,45.56
2009-06-04,47.46,47.72,47.14,47.57,106000,46.11
2009-06-03,47.91,48.09,46.90,47.38,139300,45.93
2009-06-02,48.18,48.82,48.08,48.75,284800,47.25
2009-06-01,47.70,48.54,47.70,48.26,96600,46.78
2009-05-29,47.11,47.24,46.68,47.24,116200,45.79
2009-05-28,46.39,46.56,45.64,46.37,163300,44.95
2009-05-27,46.68,46.85,45.77,46.00,261600,44.59
2009-05-26,45.43,47.01,45.43,46.84,150500,45.40
2009-05-22,46.28,46.30,45.83,45.85,126900,44.44
2009-05-21,45.58,45.92,45.34,45.77,191400,44.37
2009-05-20,46.15,46.74,45.92,45.96,114700,44.55
2009-05-19,45.56,46.04,45.41,45.72,136800,44.32
2009-05-18,44.69,45.51,44.57,45.50,91300,44.10
2009-05-15,44.54,44.76,43.79,43.93,103300,42.58
2009-05-14,43.94,44.76,43.85,44.45,82600,43.09
2009-05-13,44.36,44.41,43.76,43.95,142400,42.60
2009-05-12,45.11,45.28,44.52,45.10,136800,43.72
2009-05-11,44.78,44.80,44.36,44.43,63000,43.07
2009-05-08,44.73,45.61,44.44,45.59,90400,44.19
2009-05-07,44.73,44.78,43.45,43.75,289800,42.41
2009-05-06,44.28,44.55,43.61,44.38,204900,43.02
2009-05-05,43.51,43.73,43.12,43.48,114600,42.15
2009-05-04,42.48,44.02,42.48,44.00,213400,42.65
2009-05-01,41.93,42.28,41.68,42.18,115000,40.89
2009-04-30,42.20,42.42,41.42,41.64,182300,40.36
2009-04-29,41.31,42.10,41.23,41.74,139300,40.46
2009-04-28,40.28,41.07,40.27,40.68,120900,39.43
2009-04-27,40.89,41.53,40.73,40.97,113400,39.71
2009-04-24,41.47,41.80,41.19,41.48,438800,40.21
2009-04-23,40.37,40.95,40.11,40.93,78500,39.67
2009-04-22,39.64,40.56,39.45,39.86,303200,38.64
2009-04-21,39.27,40.45,39.13,40.42,201200,39.18
2009-04-20,39.82,39.98,39.25,39.35,223200,38.14
2009-04-17,40.87,41.10,40.64,40.79,361500,39.54
2009-04-16,40.99,41.35,40.56,41.12,216000,39.86
2009-04-15,40.02,40.88,39.97,40.75,407400,39.50
2009-04-14,40.29,40.66,40.08,40.16,533000,38.93
2009-04-13,40.24,40.92,39.93,40.69,303900,39.44
2009-04-09,40.29,40.39,39.84,40.34,259300,39.10
2009-04-08,39.48,39.92,39.15,39.53,92100,38.32
2009-04-07,39.63,39.75,39.15,39.27,112600,38.06
2009-04-06,40.00,40.16,39.54,40.00,134100,38.77
2009-04-03,40.73,40.87,40.18,40.87,169600,39.62
2009-04-02,40.60,41.52,40.42,40.80,140000,39.55
2009-04-01,38.33,39.58,38.22,39.36,144600,38.15
2009-03-31,38.50,39.17,38.24,38.72,132400,37.53
2009-03-30,38.24,38.24,37.31,37.78,103400,36.62
2009-03-27,39.25,39.30,38.81,38.97,137300,37.77
2009-03-26,39.99,40.46,39.72,40.25,93800,39.01
2009-03-25,39.57,40.39,38.98,39.87,125900,38.65
2009-03-24,39.43,39.99,39.18,39.23,98400,38.03
2009-03-23,38.86,40.43,38.86,40.36,188400,39.12
2009-03-20,38.56,38.68,37.69,37.85,110300,36.69
2009-03-19,39.00,39.15,38.19,38.24,151800,37.07
2009-03-18,37.19,38.69,36.72,38.50,219500,37.32
2009-03-17,36.77,37.68,36.47,37.68,143100,36.52
2009-03-16,37.15,37.59,36.62,36.62,205700,35.50
2009-03-13,36.32,36.63,35.95,36.48,199300,35.36
2009-03-12,35.19,36.46,35.00,36.37,379700,35.25
2009-03-11,35.89,36.09,35.22,35.62,135100,34.53
2009-03-10,34.68,35.67,34.61,35.46,215300,34.37
2009-03-09,33.16,34.08,33.16,33.49,231100,32.46
2009-03-06,34.66,35.05,33.50,34.33,288100,33.28
2009-03-05,34.66,34.82,33.75,34.10,227600,33.05
2009-03-04,34.55,35.71,34.54,35.23,190200,34.15
2009-03-03,34.32,34.54,33.29,33.82,247500,32.78
2009-03-02,34.81,35.13,33.95,34.10,468700,33.05
2009-02-27,35.65,36.62,35.60,35.88,221800,34.78
2009-02-26,36.79,36.88,35.71,35.77,342200,34.67
2009-02-25,36.66,36.97,35.94,36.42,184600,35.30
2009-02-24,36.26,37.54,36.07,37.42,216200,36.27
2009-02-23,37.57,37.57,35.93,36.01,306500,34.90
2009-02-20,36.59,37.77,36.59,37.26,866100,36.12
2009-02-19,38.44,38.64,37.52,37.67,187200,36.51
2009-02-18,38.08,38.08,37.29,37.68,319800,36.52
2009-02-17,38.01,38.32,37.70,37.79,361300,36.63
2009-02-13,39.88,40.10,39.45,39.45,183600,38.24
2009-02-12,39.37,40.05,38.86,40.03,137800,38.80
2009-02-11,40.06,40.26,39.36,39.99,240700,38.76
2009-02-10,41.01,41.27,39.35,39.50,507000,38.29
2009-02-09,41.35,41.70,41.12,41.31,185200,40.04
2009-02-06,40.48,41.69,40.48,41.47,261300,40.20
2009-02-05,39.83,40.90,39.60,40.53,281500,39.29
2009-02-04,40.41,40.90,39.80,40.06,303300,38.83
2009-02-03,39.61,40.74,39.43,40.50,239800,39.26
2009-02-02,38.80,39.61,38.80,39.35,223100,38.14
2009-01-30,40.24,40.57,39.49,39.79,242900,38.57
2009-01-29,40.76,40.80,39.85,40.00,144500,38.77
2009-01-28,41.53,41.99,41.27,41.77,196300,40.49
2009-01-27,40.63,41.11,40.41,40.87,767900,39.62
2009-01-26,39.84,40.70,39.70,40.17,295500,38.94
2009-01-23,38.42,39.94,38.39,39.71,367500,38.49
2009-01-22,39.50,40.19,39.12,39.86,235000,38.64
2009-01-21,39.64,40.81,39.25,40.70,274200,39.45
2009-01-20,40.43,40.43,38.89,39.01,252700,37.81
2009-01-16,42.13,42.13,40.66,41.48,246700,40.21
2009-01-15,40.93,41.53,40.03,41.25,372600,39.98
2009-01-14,41.34,41.34,40.42,40.46,222700,39.22
2009-01-13,42.25,42.61,41.86,42.28,271500,40.98
2009-01-12,43.75,43.75,42.69,42.89,227200,41.57
2009-01-09,44.83,45.03,43.97,44.02,221300,42.67
2009-01-08,45.06,45.59,44.70,45.44,277800,44.05
2009-01-07,45.28,45.48,44.57,44.86,181400,43.48
2009-01-06,45.33,45.98,45.00,45.68,403600,44.28
2009-01-05,45.37,45.60,44.98,45.26,382200,43.87
2009-01-02,45.24,46.08,44.85,45.95,346900,44.54
2008-12-31,44.87,45.63,44.48,45.45,354100,44.06
2008-12-30,44.11,44.91,43.99,44.84,356500,43.46
2008-12-29,44.14,44.30,43.34,43.66,270200,42.32
2008-12-26,43.50,43.92,43.20,43.63,157500,42.29
2008-12-24,43.34,43.36,43.01,43.29,307400,41.96
2008-12-23,43.75,43.75,42.60,42.76,795500,41.45
2008-12-22,44.23,44.23,42.93,43.46,484700,41.72
2008-12-19,43.92,44.64,43.50,43.80,543100,42.05
2008-12-18,45.66,45.68,43.89,44.22,499200,42.45
2008-12-17,45.10,46.18,44.76,45.74,768600,43.91
2008-12-16,43.47,46.03,43.29,45.78,726400,43.95
2008-12-15,43.22,43.41,42.65,43.16,505300,41.43
2008-12-12,42.08,43.33,41.92,42.99,505900,41.27
2008-12-11,42.53,43.39,42.10,42.38,534200,40.69
2008-12-10,42.24,42.66,41.84,42.62,663200,40.92
2008-12-09,41.59,42.40,41.26,41.48,410300,39.82
2008-12-08,41.37,42.32,41.06,42.00,561600,40.32
2008-12-05,39.15,40.52,38.26,40.47,437400,38.85
2008-12-04,39.77,40.53,38.95,39.71,526700,38.12
2008-12-03,39.34,41.00,39.23,41.00,299500,39.36
2008-12-02,39.65,40.57,39.27,40.52,265700,38.90
2008-12-01,40.28,40.39,38.50,38.60,333700,37.06
2008-11-28,41.01,41.88,41.01,41.77,110800,40.10
2008-11-26,39.96,42.02,39.96,41.79,346800,40.12
2008-11-25,42.05,42.15,40.28,41.25,951300,39.60
2008-11-24,39.43,41.97,39.29,41.26,216800,39.61
2008-11-21,38.06,38.77,36.50,38.67,370900,37.12
2008-11-20,38.05,38.88,36.00,36.34,285100,34.89
2008-11-19,40.84,41.02,38.35,38.54,377700,37.00
2008-11-18,40.52,41.47,39.89,41.05,225600,39.41
2008-11-17,41.40,42.23,40.82,41.01,455500,39.37
2008-11-14,42.23,43.57,41.48,41.97,441000,40.29
2008-11-13,41.51,44.36,40.21,44.36,468300,42.59
2008-11-12,42.60,42.60,41.08,41.27,197600,39.62
2008-11-11,43.82,44.17,42.57,43.41,205800,41.67
2008-11-10,46.02,46.13,44.05,44.68,157300,42.89
2008-11-07,44.50,45.46,44.22,45.35,299800,43.54
2008-11-06,45.18,45.79,42.51,42.82,156200,41.11
2008-11-05,47.11,48.10,45.72,45.76,189900,43.93
2008-11-04,47.18,48.37,46.72,48.22,361100,46.29
2008-11-03,45.24,45.85,44.88,45.54,379500,43.72
2008-10-31,44.25,46.09,43.81,45.76,210000,43.93
2008-10-30,45.57,45.64,43.71,44.93,583500,43.13
2008-10-29,43.02,44.95,42.73,43.58,503700,41.84
2008-10-28,40.44,43.85,39.40,43.75,387700,42.00
2008-10-27,38.78,40.20,38.32,38.32,190100,36.79
2008-10-24,38.91,41.00,38.50,39.91,407200,38.31
2008-10-23,41.85,42.93,40.47,42.52,280700,40.82
2008-10-22,43.60,43.60,40.82,42.04,251600,40.36
2008-10-21,45.96,46.53,45.07,45.15,313200,43.34
2008-10-20,46.07,47.62,45.73,47.62,420700,45.72
2008-10-17,43.55,46.82,43.55,45.02,248200,43.22
2008-10-16,44.47,45.97,42.40,45.93,286900,44.09
2008-10-15,47.05,47.43,43.27,43.37,307800,41.64
2008-10-14,50.91,50.91,47.52,48.38,346700,46.45
2008-10-13,45.88,49.38,45.70,49.38,84300,47.41
2008-10-10,41.42,44.43,40.81,43.25,264900,41.52
2008-10-09,48.15,48.36,43.72,44.36,433500,42.59
2008-10-08,47.16,48.59,46.36,47.18,463100,45.29
2008-10-07,51.16,51.38,47.98,47.98,262900,46.06
2008-10-06,50.76,50.88,47.61,49.69,372000,47.70
2008-10-03,53.25,54.98,52.80,52.93,307400,50.81
2008-10-02,54.94,54.94,53.43,53.78,133900,51.63
2008-10-01,56.15,56.62,55.29,56.30,102500,54.05
2008-09-30,55.69,56.72,55.47,56.60,190500,54.34
2008-09-29,57.17,57.52,52.01,52.01,180100,49.93
2008-09-26,59.52,60.16,59.25,60.15,119500,57.74
2008-09-25,60.34,61.09,60.34,60.69,106100,58.26
2008-09-24,60.64,60.64,59.57,59.77,224900,57.38
2008-09-23,60.53,61.03,59.37,60.02,211700,57.62
2008-09-22,61.73,62.20,60.56,60.75,463500,58.32
2008-09-19,61.17,62.22,60.20,62.22,212300,59.73
2008-09-18,57.84,59.52,56.80,58.74,254000,56.39
2008-09-17,57.58,57.73,56.03,56.58,323600,54.32
2008-09-16,57.25,58.45,56.71,58.04,426400,55.72
2008-09-15,58.54,59.29,58.23,58.57,250600,56.23
2008-09-12,59.68,60.75,59.63,60.55,159400,58.13
2008-09-11,58.18,59.56,58.02,59.44,159200,57.06
2008-09-10,59.88,59.88,59.20,59.35,113400,56.98
2008-09-09,60.25,60.40,58.94,58.94,242700,56.58
2008-09-08,62.82,62.82,60.25,60.92,266200,58.48
2008-09-05,60.19,60.42,59.50,60.36,258600,57.95
2008-09-04,62.43,62.44,60.52,60.65,252300,58.22
2008-09-03,63.14,63.44,62.79,63.09,277700,60.57
2008-09-02,64.51,64.51,63.60,63.76,161100,61.21
2008-08-29,65.18,65.42,64.76,64.88,74500,62.29
2008-08-28,65.15,65.19,64.82,65.02,139500,62.42
2008-08-27,63.00,64.58,63.00,64.41,248000,61.83
2008-08-26,63.65,64.12,63.40,63.78,149000,61.23
2008-08-25,64.39,64.44,63.34,63.45,133100,60.91
2008-08-22,64.30,64.69,64.22,64.43,143500,61.85
2008-08-21,63.77,64.53,63.77,64.44,96000,61.86
2008-08-20,63.86,64.03,63.40,63.83,141400,61.28
2008-08-19,63.41,63.50,63.12,63.41,106300,60.87
2008-08-18,64.64,65.01,63.71,63.96,71800,61.40
2008-08-15,64.10,64.41,63.95,64.29,77800,61.72
2008-08-14,64.58,65.07,64.46,64.74,139600,62.15
2008-08-13,65.00,65.13,64.35,64.88,108100,62.29
2008-08-12,65.90,65.90,65.37,65.58,193300,62.96
2008-08-11,66.38,66.57,66.00,66.23,199800,63.58
2008-08-08,65.30,66.59,65.15,66.38,213500,63.73
2008-08-07,67.13,67.13,66.08,66.09,180200,63.45
2008-08-06,67.16,67.64,66.77,67.58,196300,64.88
2008-08-05,66.77,67.65,66.68,67.55,115800,64.85
2008-08-04,66.90,66.91,66.25,66.34,87400,63.69
2008-08-01,67.85,67.85,66.98,67.16,149900,64.47
2008-07-31,68.63,68.87,68.17,68.26,100400,65.53
2008-07-30,68.59,68.93,68.28,68.87,81100,66.12
2008-07-29,67.71,68.34,67.64,68.30,118800,65.57
2008-07-28,68.51,68.51,67.35,67.47,113000,64.77
2008-07-25,68.13,68.37,67.81,68.15,96900,65.42
2008-07-24,69.07,69.07,67.66,67.79,123800,65.08
2008-07-23,69.34,69.44,69.06,69.24,152700,66.47
2008-07-22,68.55,69.42,68.36,69.42,112200,66.64
2008-07-21,69.04,69.06,68.52,68.85,142800,66.10
2008-07-18,68.40,68.50,67.96,68.47,143500,65.73
2008-07-17,68.57,68.87,68.16,68.65,137400,65.90
2008-07-16,66.61,67.78,66.49,67.77,110900,65.06
2008-07-15,66.74,67.45,66.32,66.83,324000,64.16
2008-07-14,68.43,68.43,67.29,67.55,222800,64.85
2008-07-11,67.61,67.90,66.81,67.47,242100,64.77
2008-07-10,68.11,68.36,67.65,68.34,86800,65.61
2008-07-09,69.19,69.24,67.88,67.88,266800,65.17
2008-07-08,68.34,68.83,67.66,68.80,190100,66.05
2008-07-07,68.32,69.05,67.90,68.42,160100,65.68
2008-07-03,68.99,69.02,68.24,68.64,53000,65.90
2008-07-02,70.17,70.17,68.43,68.64,117100,65.90
2008-07-01,69.45,69.92,68.90,69.84,175700,67.05
2008-06-30,70.77,71.12,70.62,70.62,118600,67.80
2008-06-27,70.59,70.80,70.09,70.18,211300,67.37
2008-06-26,70.93,71.17,69.99,70.20,122400,67.39
2008-06-25,71.46,72.13,71.23,71.66,67200,68.79
2008-06-24,71.93,72.30,71.54,72.00,108300,69.12
2008-06-23,72.51,72.51,72.01,72.20,97100,69.31
2008-06-20,72.93,72.93,72.14,72.34,68100,69.45
2008-06-19,73.50,74.07,73.41,73.94,99100,70.98
2008-06-18,73.85,73.94,73.28,73.79,166900,70.84
2008-06-17,74.50,74.77,74.05,74.12,68800,71.16
2008-06-16,73.61,73.99,73.40,73.79,55900,70.84
2008-06-13,72.77,73.43,72.51,73.34,44000,70.41
2008-06-12,73.12,73.32,72.55,72.86,126300,69.95
2008-06-11,74.04,74.04,73.10,73.10,60600,70.18
2008-06-10,74.15,74.49,73.95,74.17,56800,71.20
2008-06-09,76.22,76.22,75.00,75.32,103400,72.31
2008-06-06,76.68,76.68,75.51,75.53,56600,72.51
2008-06-05,76.48,77.34,76.32,77.31,43200,74.22
2008-06-04,76.55,76.93,76.32,76.60,165200,73.54
2008-06-03,77.28,77.44,76.51,76.94,320700,73.86
2008-06-02,77.25,77.25,76.70,77.06,99900,73.98
2008-05-30,77.52,77.81,77.34,77.62,68300,74.52
2008-05-29,76.93,77.49,76.80,77.33,74100,74.24
2008-05-28,77.19,77.44,76.60,77.34,179100,74.25
2008-05-27,76.91,77.23,76.69,77.14,45800,74.06
2008-05-23,78.05,78.06,77.09,77.33,76900,74.24
2008-05-22,78.14,78.49,78.06,78.31,105100,75.18
2008-05-21,78.45,78.45,77.34,77.48,139300,74.38
2008-05-20,78.70,78.70,77.95,78.24,177400,75.11
2008-05-19,79.37,79.62,78.90,78.97,88800,75.81
2008-05-16,78.73,79.20,78.54,79.20,62200,76.03
2008-05-15,77.45,78.39,77.44,78.32,79600,75.19
2008-05-14,77.17,77.51,76.98,77.02,118900,73.94
2008-05-13,76.89,76.94,76.63,76.84,83000,73.77
2008-05-12,76.47,77.09,76.33,77.05,100300,73.97
2008-05-09,76.06,76.45,75.87,76.29,36400,73.24
2008-05-08,76.74,77.01,76.48,76.68,65400,73.61
2008-05-07,76.49,76.68,75.66,75.67,213900,72.64
2008-05-06,76.46,77.23,76.06,77.05,177400,73.97
2008-05-05,76.33,76.52,76.23,76.46,157200,73.40
2008-05-02,76.47,76.68,75.94,76.21,259600,73.16
2008-05-01,75.56,76.32,75.26,76.18,226200,73.13
2008-04-30,75.52,76.22,75.46,75.62,164600,72.60
2008-04-29,75.36,75.44,75.01,75.05,142300,72.05
2008-04-28,76.29,76.37,75.96,75.96,150000,72.92
2008-04-25,76.01,76.19,75.63,76.00,70400,72.96
2008-04-24,75.14,75.77,74.58,75.35,142600,72.34
2008-04-23,75.41,75.98,75.11,75.88,59800,72.85
2008-04-22,75.40,75.52,74.84,75.25,121300,72.24
2008-04-21,75.52,75.89,75.27,75.89,73900,72.86
2008-04-18,75.23,75.41,74.75,75.25,106700,72.24
2008-04-17,74.48,74.90,74.29,74.70,128300,71.71
2008-04-16,74.81,75.76,74.62,75.76,52700,72.73
2008-04-15,73.64,73.64,73.05,73.41,60700,70.47
2008-04-14,72.92,73.19,72.71,72.92,40300,70.00
2008-04-11,73.41,73.67,72.82,72.89,103400,69.98
2008-04-10,73.90,74.20,73.52,73.91,177500,70.95
2008-04-09,74.26,74.49,73.78,74.04,71800,71.08
2008-04-08,74.20,74.63,74.06,74.53,118000,71.55
2008-04-07,75.73,75.83,75.35,75.45,93500,72.43
2008-04-04,74.54,75.17,74.35,74.87,119900,71.88
2008-04-03,73.52,74.71,73.52,74.48,69700,71.50
2008-04-02,73.82,74.24,73.44,73.89,191900,70.94
2008-04-01,72.89,74.18,72.71,74.17,531600,71.20
2008-03-31,71.90,72.55,71.86,72.28,107800,69.39
2008-03-28,72.15,72.27,71.64,71.67,83800,68.80
2008-03-27,72.80,72.80,71.60,71.71,243400,68.84
2008-03-26,71.48,71.83,71.24,71.55,65700,68.69
2008-03-25,70.94,71.67,70.46,71.49,110200,68.63
2008-03-24,69.88,70.81,69.67,70.23,164000,67.42
2008-03-20,68.48,69.25,67.81,69.09,268200,66.33
2008-03-19,70.76,70.78,68.66,68.67,94000,65.92
2008-03-18,70.60,71.51,70.00,71.49,192600,68.63
2008-03-17,69.14,70.04,68.53,69.52,70700,66.74
2008-03-14,72.14,72.18,70.03,70.55,142300,67.73
2008-03-13,70.89,72.23,70.50,72.06,164000,69.18
2008-03-12,72.04,72.20,71.31,71.37,131900,68.52
2008-03-11,71.37,71.63,70.45,71.56,152300,68.70
2008-03-10,70.75,70.76,69.64,69.81,65400,67.02
2008-03-07,71.04,71.49,70.36,70.78,98500,67.95
2008-03-06,72.50,72.66,71.63,71.63,132300,68.77
2008-03-05,72.01,72.57,71.48,72.12,227700,69.24
2008-03-04,71.08,71.59,70.53,71.41,82800,68.55
2008-03-03,72.08,72.35,71.66,72.17,228700,69.28
2008-02-29,73.15,73.22,72.05,72.15,181600,69.26
2008-02-28,74.11,74.36,73.67,73.97,124500,71.01
2008-02-27,73.86,74.85,73.78,74.32,118000,71.35
2008-02-26,73.17,74.49,73.01,74.16,101600,71.19
2008-02-25,72.33,73.15,71.90,73.15,146400,70.22
2008-02-22,72.16,72.18,70.91,72.18,213500,69.29
2008-02-21,72.16,72.19,71.21,71.30,103100,68.45
2008-02-20,70.32,71.50,70.19,71.23,81900,68.38
2008-02-19,72.39,72.44,71.29,71.54,137400,68.68
2008-02-15,70.51,70.91,70.28,70.80,162400,67.97
2008-02-14,71.47,71.69,70.59,70.72,414400,67.89
2008-02-13,70.40,70.93,69.89,70.79,94200,67.96
2008-02-12,69.81,70.72,69.70,70.06,78900,67.26
2008-02-11,68.59,68.87,67.96,68.78,84600,66.03
2008-02-08,68.34,68.77,67.86,68.44,125800,65.70
2008-02-07,68.35,69.30,68.18,68.94,155800,66.18
2008-02-06,70.15,70.39,69.05,69.33,66700,66.56
2008-02-05,70.85,70.88,69.44,69.45,181900,66.67
2008-02-04,73.22,73.22,72.48,72.72,326900,69.81
2008-02-01,72.69,73.35,72.32,73.26,464000,70.33
2008-01-31,69.80,72.38,69.58,71.92,369000,69.04
2008-01-30,70.48,72.12,70.12,70.64,67400,67.82
2008-01-29,71.00,71.14,70.32,71.11,144100,68.27
2008-01-28,69.63,70.53,68.91,70.53,211300,67.71
2008-01-25,71.70,71.70,69.43,69.79,125700,67.00
2008-01-24,69.09,70.25,68.95,70.24,212000,67.43
2008-01-23,65.47,68.45,64.69,68.45,232700,65.71
2008-01-22,65.82,69.10,61.75,68.33,428400,65.60
2008-01-18,71.47,71.91,70.05,70.74,347500,67.91
2008-01-17,71.74,71.93,69.61,69.86,164400,67.07
2008-01-16,72.13,72.43,70.65,70.92,328800,68.08
2008-01-15,73.89,73.95,72.49,72.66,249500,69.75
2008-01-14,75.11,75.30,74.78,75.02,180500,72.02
2008-01-11,74.58,74.58,73.45,73.84,177500,70.89
2008-01-10,74.75,75.85,74.45,75.57,80900,72.55
2008-01-09,75.31,75.67,74.60,75.67,286100,72.64
2008-01-08,76.24,76.77,75.16,75.18,167200,72.17
2008-01-07,75.98,75.98,75.00,75.48,106600,72.46
2008-01-04,76.99,76.99,75.48,75.54,134100,72.52
2008-01-03,77.50,77.75,77.31,77.55,227000,74.45
2008-01-02,78.13,78.35,77.23,77.47,223000,74.37
2007-12-31,78.55,78.55,77.45,77.71,141400,74.60
2007-12-28,78.65,78.65,77.86,78.44,204000,75.30
2007-12-27,78.27,78.27,77.62,77.62,170500,74.52
2007-12-26,78.05,78.89,77.80,78.16,164000,75.03
2007-12-24,78.17,81.71,77.22,77.79,118100,74.68
2007-12-21,76.99,78.26,76.75,77.22,171500,74.13
2007-12-20,77.03,77.03,75.39,75.80,85100,72.77
2007-12-19,76.65,76.69,75.83,76.28,211500,72.55
2007-12-18,77.17,77.17,75.62,76.73,160800,72.98
2007-12-17,76.97,76.99,75.85,75.95,142000,72.24
2007-12-14,78.58,78.67,77.82,78.04,295700,74.22
2007-12-13,80.17,80.65,79.03,80.06,154300,76.15
2007-12-12,82.11,82.22,80.83,81.40,246300,77.42
2007-12-11,81.82,82.10,79.85,80.07,581900,76.16
2007-12-10,81.71,82.09,81.10,81.91,89300,77.91
2007-12-07,81.31,81.48,81.02,81.24,81300,77.27
2007-12-06,80.83,81.70,80.41,81.64,167500,77.65
2007-12-05,80.70,81.18,80.60,80.96,135600,77.00
2007-12-04,79.99,80.19,79.85,80.00,116500,76.09
2007-12-03,80.20,80.90,80.20,80.57,103800,76.63
2007-11-30,82.28,82.28,80.67,81.13,467700,77.16
2007-11-29,81.00,81.14,79.90,80.53,161200,76.59
2007-11-28,78.84,81.03,78.84,80.95,113000,76.99
2007-11-27,78.78,78.87,77.80,78.87,121500,75.01
2007-11-26,78.98,79.42,77.54,77.54,178000,73.75
2007-11-23,78.37,78.85,78.03,78.64,17900,74.80
2007-11-21,77.05,77.52,76.39,76.89,157100,73.13
2007-11-20,78.03,78.72,77.45,78.28,117900,74.45
2007-11-19,77.91,78.08,76.36,76.70,110100,72.95
2007-11-16,79.15,79.15,78.09,79.02,266800,75.16
2007-11-15,79.23,79.24,77.98,78.31,664700,74.48
2007-11-14,80.92,80.92,79.92,79.96,95700,76.05
2007-11-13,79.65,80.30,79.15,80.30,114400,76.37
2007-11-12,80.63,80.63,78.00,78.18,59000,74.36
2007-11-09,80.34,80.61,79.61,79.87,76700,75.97
2007-11-08,81.49,81.73,80.56,81.60,829300,77.61
2007-11-07,79.40,81.90,79.40,80.66,309800,76.72
2007-11-06,81.81,82.37,81.55,82.28,483900,78.26
2007-11-05,83.90,83.90,80.40,80.91,74100,76.95
2007-11-02,81.67,82.02,81.02,81.94,117300,77.93
2007-11-01,82.06,82.06,81.16,81.20,65300,77.23
2007-10-31,82.31,83.22,82.13,83.11,466300,79.05
2007-10-30,82.12,82.16,81.71,81.92,237700,77.92
2007-10-29,82.25,82.54,81.97,82.37,122400,78.34
2007-10-26,81.53,82.02,81.32,81.93,56200,77.92
2007-10-25,80.40,80.62,79.97,80.34,51300,76.41
2007-10-24,80.05,80.21,79.05,80.10,122400,76.18
2007-10-23,80.27,80.46,79.77,80.32,91800,76.39
2007-10-22,78.70,79.12,78.00,79.12,111400,75.25
2007-10-19,80.70,80.72,79.40,79.40,139600,75.52
2007-10-18,80.69,81.27,80.69,81.24,61600,77.27
2007-10-17,80.95,81.00,80.23,80.72,49400,76.77
2007-10-16,80.10,80.21,79.63,79.79,53300,75.89
2007-10-15,81.85,81.85,80.78,81.06,70100,77.10
2007-10-12,81.45,81.92,81.32,81.71,96800,77.72
2007-10-11,82.05,82.42,81.33,81.53,122000,77.54
2007-10-10,81.05,81.23,80.74,81.08,66800,77.12
2007-10-09,82.07,82.07,80.34,81.08,297000,77.12
2007-10-08,83.01,83.01,80.00,80.18,237700,76.26
2007-10-05,80.24,81.00,80.24,80.68,94900,76.74
2007-10-04,79.93,80.20,79.66,79.97,68400,76.06
2007-10-03,80.11,80.19,79.70,79.75,50400,75.85
2007-10-02,80.35,80.38,79.88,80.20,155800,76.28
2007-10-01,79.56,80.67,79.56,80.59,33700,76.65
2007-09-28,79.40,79.66,79.01,79.40,113500,75.52
2007-09-27,79.22,79.23,78.85,79.17,117500,75.30
2007-09-26,78.35,78.37,77.91,78.17,74500,74.35
2007-09-25,77.35,77.76,77.31,77.73,34700,73.93
2007-09-24,77.90,78.02,77.51,77.59,55900,73.80
2007-09-21,77.35,77.69,77.25,77.43,179200,73.64
2007-09-20,76.95,77.20,76.67,76.72,41500,72.97
2007-09-19,76.85,77.28,76.53,76.75,58300,73.00
2007-09-18,74.28,76.45,73.90,76.05,93000,72.33
2007-09-17,74.08,74.17,73.36,73.63,55500,70.03
2007-09-14,74.25,74.75,74.21,74.62,38900,70.97
2007-09-13,74.84,75.21,74.62,74.91,30800,71.25
2007-09-12,74.25,74.90,74.22,74.60,40000,70.95
2007-09-11,73.95,74.63,73.95,74.62,35200,70.97
2007-09-10,73.75,73.75,72.68,73.24,32800,69.66
2007-09-07,73.75,74.00,73.34,73.64,128400,70.04
2007-09-06,74.45,74.83,74.05,74.64,59400,70.99
2007-09-05,74.30,74.42,73.89,74.11,37200,70.49
2007-09-04,74.30,75.53,74.20,75.35,75500,71.67
2007-08-31,74.81,75.20,74.44,74.92,31500,71.26
2007-08-30,72.70,73.88,72.70,73.37,37100,69.78
2007-08-29,72.67,73.79,72.54,73.77,74000,70.16
2007-08-28,73.15,73.15,71.71,71.81,32100,68.30
2007-08-27,73.85,73.85,73.48,73.52,35000,69.93
2007-08-24,73.10,74.16,72.98,74.15,90700,70.53
2007-08-23,73.30,73.30,72.27,72.81,95300,69.25
2007-08-22,71.90,72.29,71.64,72.23,77800,68.70
2007-08-21,70.42,70.83,70.23,70.50,87100,67.05
2007-08-20,70.80,70.80,69.71,70.49,37300,67.04
2007-08-17,70.44,70.47,69.39,70.02,120500,66.60
2007-08-16,68.55,69.46,67.20,69.46,205100,66.06
2007-08-15,70.80,71.77,70.18,70.18,88200,66.75
2007-08-14,73.27,73.27,71.85,72.01,84100,68.49
2007-08-13,73.42,73.52,72.79,73.25,31900,69.67
2007-08-10,72.45,73.44,72.31,73.26,70100,69.68
2007-08-09,74.01,74.83,73.85,73.88,68300,70.27
2007-08-08,75.58,76.30,75.44,75.80,82800,72.09
2007-08-07,73.92,75.01,73.92,74.78,143600,71.12
2007-08-06,74.16,74.74,73.63,74.74,118700,71.09
2007-08-03,74.65,74.65,73.37,73.49,59500,69.90
2007-08-02,74.69,75.05,74.41,74.84,95700,71.18
2007-08-01,74.00,74.89,73.58,74.41,195500,70.77
2007-07-31,75.65,75.88,74.82,74.82,82500,71.16
2007-07-30,74.58,75.16,74.24,74.75,57900,71.10
2007-07-27,74.17,74.59,73.44,73.44,134600,69.85
2007-07-26,77.00,77.00,73.93,74.59,256900,70.94
2007-07-25,77.72,77.72,76.61,77.18,75700,73.41
2007-07-24,78.21,78.25,77.12,77.21,53800,73.44
2007-07-23,78.61,78.79,78.40,78.50,63100,74.66
2007-07-20,78.73,78.73,77.89,77.98,80200,74.17
2007-07-19,78.83,79.88,78.67,78.83,161200,74.98
2007-07-18,78.13,78.32,77.63,78.01,41600,74.20
2007-07-17,78.55,78.76,78.43,78.54,19200,74.70
2007-07-16,78.88,79.05,78.70,78.81,133400,74.96
2007-07-13,79.05,79.09,78.75,78.99,86900,75.13
2007-07-12,78.20,79.13,78.19,79.05,64900,75.19
2007-07-11,77.50,77.96,77.50,77.91,44500,74.10
2007-07-10,77.50,77.74,76.97,77.02,49100,73.25
2007-07-09,78.05,78.17,77.88,77.93,27700,74.12
2007-07-06,77.17,77.70,77.17,77.57,20300,73.78
2007-07-05,77.60,77.63,77.06,77.40,126300,73.62
2007-07-03,77.31,77.48,77.31,77.48,18600,73.69
2007-07-02,76.59,77.05,76.59,76.86,19100,73.10
2007-06-29,76.00,76.28,75.49,75.90,31600,72.19
2007-06-28,75.42,75.86,75.41,75.43,131800,71.74
2007-06-27,74.60,75.37,74.56,75.35,30500,71.67
2007-06-26,75.60,75.61,75.02,75.10,14200,71.43
2007-06-25,75.35,75.84,74.95,75.02,51100,71.35
2007-06-22,75.85,75.85,75.01,75.13,15800,71.46
2007-06-21,75.55,76.09,75.31,76.01,45100,72.29
2007-06-20,76.65,76.65,75.54,75.54,47100,71.85
2007-06-19,76.25,76.44,76.08,76.21,189500,72.48
2007-06-18,76.44,76.61,76.20,76.54,33400,72.80
2007-06-15,76.37,76.41,76.06,76.17,42600,72.45
2007-06-14,74.80,75.36,74.75,75.28,20400,71.60
2007-06-13,73.80,74.74,73.80,74.74,90000,71.09
2007-06-12,74.18,74.53,73.62,73.73,24500,70.13
2007-06-11,74.50,74.99,74.35,74.55,95800,70.91
2007-06-08,73.96,74.60,73.61,74.50,36400,70.86
2007-06-07,74.76,75.04,73.60,73.60,142200,70.00
2007-06-06,75.99,75.99,74.98,75.05,14900,71.38
2007-06-05,76.66,76.66,76.00,76.20,31200,72.47
2007-06-04,76.70,76.73,76.50,76.73,13700,72.98
2007-06-01,76.38,76.51,76.31,76.49,25600,72.75
2007-05-31,76.00,76.17,75.86,76.02,56500,72.30
2007-05-30,74.79,75.61,74.65,75.60,69800,71.90
2007-05-29,75.74,75.74,75.11,75.29,32000,71.61
2007-05-25,75.07,75.39,74.85,75.17,175300,71.50
2007-05-24,75.64,75.76,74.75,74.75,52000,71.10
2007-05-23,75.93,76.03,75.50,75.53,45400,71.84
2007-05-22,75.34,75.43,75.18,75.20,423100,71.52
2007-05-21,75.20,75.80,74.99,75.08,95500,71.41
2007-05-18,75.20,75.51,75.05,75.35,69800,71.67
2007-05-17,74.80,75.04,74.62,74.90,142600,71.24
2007-05-16,75.14,75.25,74.69,75.18,57400,71.50
2007-05-15,74.80,75.48,74.70,74.95,64300,71.29
2007-05-14,75.11,75.23,74.73,74.92,53200,71.26
2007-05-11,74.61,75.29,74.61,75.29,23500,71.61
2007-05-10,75.05,75.19,74.02,74.12,56900,70.50
2007-05-09,75.25,75.63,75.23,75.62,17200,71.92
2007-05-08,75.10,75.12,74.74,75.12,127900,71.45
2007-05-07,75.68,75.72,75.57,75.62,51700,71.92
2007-05-04,75.29,75.46,75.22,75.40,25100,71.71
2007-05-03,74.63,74.65,74.30,74.63,56200,70.98
2007-05-02,74.20,74.73,74.20,74.67,26200,71.02
2007-05-01,74.35,74.35,73.70,74.09,53200,70.47
2007-04-30,74.25,74.66,74.11,74.11,52500,70.49
2007-04-27,74.23,74.52,74.12,74.41,25900,70.77
2007-04-26,74.80,74.84,74.37,74.51,60000,70.87
2007-04-25,74.70,74.98,74.51,74.94,59100,71.28
2007-04-24,74.30,74.31,73.92,74.17,143000,70.54
2007-04-23,74.47,74.63,74.31,74.34,33300,70.71
2007-04-20,74.72,74.93,74.68,74.93,216500,71.27
2007-04-19,73.71,74.42,73.71,74.19,131800,70.56
2007-04-18,74.37,74.69,74.14,74.34,39200,70.71
2007-04-17,74.51,74.63,74.28,74.45,49600,70.81
2007-04-16,74.21,74.68,74.21,74.65,72500,71.00
2007-04-13,73.70,73.91,73.45,73.87,28100,70.26
2007-04-12,72.91,73.62,72.84,73.62,22600,70.02
2007-04-11,73.69,73.69,72.96,73.16,30400,69.58
2007-04-10,73.42,73.73,73.35,73.73,34300,70.13
2007-04-09,72.96,73.07,72.80,72.92,111300,69.36
2007-04-05,72.84,73.18,72.82,73.16,25000,69.58
2007-04-04,72.59,72.88,72.45,72.88,454600,69.32
2007-04-03,72.16,72.56,72.16,72.50,51700,68.96
2007-04-02,71.53,71.79,71.29,71.74,18600,68.23
2007-03-30,71.39,71.73,71.19,71.48,43900,67.99
2007-03-29,71.41,71.48,71.00,71.43,46700,67.94
2007-03-28,70.89,71.04,70.62,70.69,14500,67.23
2007-03-27,71.30,71.52,71.19,71.45,38000,67.96
2007-03-26,71.75,71.77,70.96,71.76,30300,68.25
2007-03-23,71.51,71.80,71.50,71.56,60800,68.06
2007-03-22,71.71,71.79,71.40,71.51,77000,68.01
2007-03-21,70.50,71.97,70.37,71.90,174500,68.39
2007-03-20,69.50,70.35,69.50,70.34,52900,66.90
2007-03-19,69.30,69.66,69.19,69.66,15000,66.25
2007-03-16,68.85,69.22,68.60,68.75,53200,65.39
2007-03-15,68.05,68.58,67.89,68.52,98300,65.17
2007-03-14,67.57,67.99,66.80,67.99,88400,64.67
2007-03-13,68.93,69.07,67.89,67.91,43700,64.59
2007-03-12,69.06,69.54,68.95,69.39,25600,66.00
2007-03-09,69.02,69.16,68.79,69.01,67300,65.64
2007-03-08,68.66,68.99,68.58,68.78,63200,65.42
2007-03-07,67.99,68.44,67.92,68.05,50400,64.72
2007-03-06,67.55,68.12,67.45,68.10,47600,64.77
2007-03-05,66.44,66.95,66.20,66.20,86900,62.96
2007-03-02,67.81,68.18,67.51,67.70,73600,64.39
2007-03-01,67.91,68.46,67.41,68.22,106500,64.88
2007-02-28,69.41,69.46,68.79,69.14,87600,65.76
2007-02-27,70.43,70.44,68.10,68.70,149700,65.34
2007-02-26,71.85,71.92,71.47,71.74,49300,68.23
2007-02-23,71.47,71.60,71.36,71.55,69100,68.05
2007-02-22,71.26,71.31,71.10,71.28,54500,67.80
2007-02-21,70.83,71.04,70.61,71.04,88400,67.57
2007-02-20,71.24,71.51,71.00,71.48,74000,67.99
2007-02-16,71.16,71.30,71.00,71.30,74600,67.81
2007-02-15,71.33,71.36,71.13,71.35,25400,67.86
2007-02-14,70.58,71.19,70.57,71.04,55200,67.57
2007-02-13,69.79,70.07,69.75,70.07,127800,66.64
2007-02-12,69.46,69.46,69.19,69.23,54300,65.85
2007-02-09,69.82,69.90,69.39,69.54,13800,66.14
2007-02-08,69.50,69.71,69.39,69.71,31900,66.30
2007-02-07,69.95,70.18,69.90,70.08,31300,66.65
2007-02-06,69.84,69.90,69.50,69.90,18300,66.48
2007-02-05,69.30,69.48,69.16,69.40,74000,66.01
2007-02-02,69.68,69.79,69.38,69.79,47100,66.38
2007-02-01,69.70,69.84,69.51,69.79,44100,66.38
2007-01-31,68.45,69.26,68.42,69.22,144500,65.84
2007-01-30,68.71,69.01,68.60,69.01,81300,65.64
2007-01-29,68.20,68.62,68.20,68.51,31400,65.16
2007-01-26,68.48,68.48,68.06,68.46,98000,65.11
2007-01-25,69.20,69.20,68.15,68.31,107200,64.97
2007-01-24,69.00,69.35,69.00,69.28,55900,65.89
2007-01-23,68.69,69.12,68.62,68.98,34800,65.61
2007-01-22,68.89,68.89,68.28,68.35,24600,65.01
2007-01-19,68.24,68.76,68.22,68.75,25100,65.39
2007-01-18,68.50,68.65,67.92,68.24,34200,64.90
2007-01-17,68.19,68.54,68.19,68.35,63200,65.01
2007-01-16,68.45,68.48,68.04,68.21,41500,64.88
2007-01-12,67.78,68.23,67.72,68.21,35700,64.88
2007-01-11,66.93,67.68,66.93,67.55,32500,64.25
2007-01-10,66.58,67.04,66.56,67.04,18100,63.76
2007-01-09,67.65,67.65,67.08,67.46,51200,64.16
2007-01-08,67.45,67.53,67.23,67.53,19800,64.23
2007-01-05,67.67,67.70,67.09,67.31,29800,64.02
2007-01-04,68.25,68.36,67.93,68.35,35700,65.01
2007-01-03,68.83,68.91,68.13,68.63,92600,65.27
2006-12-29,68.03,68.38,68.01,68.23,38400,64.89
2006-12-28,68.26,68.35,68.00,68.26,30100,64.92
2006-12-27,67.72,68.24,67.72,68.16,35500,64.83
2006-12-26,67.40,67.49,67.25,67.49,33500,64.19
2006-12-22,67.58,67.73,67.00,67.53,61600,64.23
2006-12-21,67.72,67.73,67.38,67.52,70400,64.22
2006-12-20,68.72,68.74,68.20,68.46,29700,65.11
2006-12-19,68.12,68.54,68.01,68.54,38600,65.19
2006-12-18,68.62,68.62,68.11,68.36,63500,65.02
2006-12-15,68.84,68.84,68.16,68.34,48400,65.00
2006-12-14,68.15,68.62,68.15,68.61,47900,65.26
2006-12-13,68.18,68.34,67.98,68.18,24800,64.85
2006-12-12,67.79,68.15,67.53,68.15,107100,64.82
2006-12-11,67.48,67.84,67.39,67.71,18200,64.40
2006-12-08,67.79,67.85,67.25,67.45,26100,64.15
2006-12-07,68.04,68.04,67.65,67.67,25000,64.36
2006-12-06,67.37,67.46,67.16,67.26,328900,63.97
2006-12-05,67.38,67.67,67.28,67.60,583000,64.30
2006-12-04,66.89,67.44,66.89,67.20,414500,63.91
2006-12-01,67.25,67.25,66.56,66.81,23300,63.54
2006-11-30,67.10,67.20,66.77,67.08,26900,63.80
2006-11-29,66.53,66.64,66.32,66.64,18000,63.38
2006-11-28,65.40,65.84,65.40,65.84,48500,62.62
2006-11-27,66.10,66.10,65.22,65.32,69700,62.13
2006-11-24,65.96,66.19,65.96,66.12,10500,62.89
2006-11-22,66.00,66.21,65.94,66.14,18800,62.91
2006-11-21,65.20,65.47,65.20,65.47,14700,62.27
2006-11-20,65.02,65.22,64.96,65.14,20200,61.96
2006-11-17,65.17,65.46,65.16,65.44,31200,62.24
2006-11-16,65.90,65.93,65.68,65.89,33200,62.67
2006-11-15,65.70,66.18,65.65,66.07,18400,62.84
2006-11-14,65.95,66.02,65.46,66.02,132100,62.79
2006-11-13,65.45,65.46,65.25,65.36,6300,62.16
2006-11-10,65.55,65.78,65.55,65.65,33700,62.44
2006-11-09,65.62,65.90,65.45,65.50,35500,62.30
2006-11-08,65.39,66.00,65.39,65.90,14600,62.68
2006-11-07,66.19,66.47,66.05,66.09,53300,62.86
2006-11-06,65.52,66.01,65.49,65.98,49100,62.75
2006-11-03,65.30,65.36,65.05,65.14,14000,61.96
2006-11-02,65.13,65.39,65.00,65.30,32300,62.11
2006-11-01,65.85,65.85,65.10,65.10,26400,61.92
2006-10-31,65.07,65.34,65.01,65.28,11800,62.09
2006-10-30,65.10,65.32,64.99,65.23,13400,62.04
2006-10-27,65.60,65.66,65.30,65.34,29400,62.15
2006-10-26,65.70,65.94,65.55,65.89,49000,62.67
2006-10-25,65.20,65.60,65.20,65.56,17500,62.36
2006-10-24,64.90,65.13,64.87,65.02,19100,61.84
2006-10-23,64.60,65.10,64.60,65.09,11700,61.91
2006-10-20,64.92,65.06,64.72,65.06,177600,61.88
2006-10-19,64.27,64.82,64.25,64.76,23700,61.59
2006-10-18,64.15,64.41,64.02,64.21,28700,61.07
2006-10-17,64.20,64.20,63.81,63.94,82800,60.81
2006-10-16,64.10,64.34,64.10,64.34,23900,61.19
2006-10-13,63.65,63.97,63.61,63.90,8800,60.78
2006-10-12,63.45,63.87,63.45,63.77,9800,60.65
2006-10-11,62.89,63.61,62.87,63.20,19500,60.11
2006-10-10,63.26,63.48,63.14,63.47,10200,60.37
2006-10-09,63.18,63.33,63.17,63.26,28500,60.17
2006-10-06,63.20,63.28,63.00,63.20,65600,60.11
2006-10-05,63.65,63.76,63.50,63.76,10500,60.64
2006-10-04,63.09,63.60,63.08,63.60,22400,60.49
2006-10-03,63.07,63.43,63.02,63.22,13400,60.13
2006-10-02,63.39,63.64,63.25,63.30,4800,60.21
2006-09-29,63.20,63.23,63.02,63.17,26900,60.08
2006-09-28,63.07,63.45,63.07,63.45,13100,60.35
2006-09-27,62.81,63.17,62.81,63.07,47500,59.99
2006-09-26,62.29,62.58,62.25,62.58,27700,59.52
2006-09-25,62.08,62.55,61.78,62.51,9000,59.45
2006-09-22,62.75,62.75,62.29,62.35,16900,59.30
2006-09-21,62.41,62.82,62.41,62.54,23700,59.48
2006-09-20,62.25,62.54,62.25,62.47,17300,59.42
2006-09-19,62.42,62.42,61.64,61.88,26200,58.85
2006-09-18,62.14,62.52,62.14,62.50,16900,59.44
2006-09-15,62.20,62.31,62.08,62.12,9400,59.08
2006-09-14,62.49,62.51,62.37,62.48,4500,59.43
2006-09-13,62.10,62.53,62.06,62.49,22200,59.44
2006-09-12,62.05,62.63,62.02,62.63,13600,59.57
2006-09-11,61.90,62.09,61.63,61.94,13600,58.91
2006-09-08,62.45,62.53,62.35,62.40,8500,59.35
2006-09-07,62.50,62.77,62.29,62.53,13800,59.47
2006-09-06,63.45,63.45,63.15,63.34,12300,60.24
2006-09-05,64.09,64.36,64.00,64.36,17400,61.21
2006-09-01,63.70,64.10,63.60,63.99,14700,60.86
2006-08-31,63.80,63.80,63.50,63.65,17800,60.54
2006-08-30,63.58,63.76,63.45,63.67,46200,60.56
2006-08-29,63.30,63.60,62.89,63.58,60000,60.47
2006-08-28,62.65,63.10,62.65,62.95,22400,59.87
2006-08-25,62.70,62.92,62.70,62.85,16400,59.78
2006-08-24,63.01,63.30,63.01,63.20,10300,60.11
2006-08-23,63.20,63.40,62.86,63.07,57800,59.99
2006-08-22,63.09,63.41,62.95,63.21,82400,60.12
2006-08-21,63.45,63.46,63.26,63.30,46800,60.21
2006-08-18,63.40,63.51,63.18,63.51,4500,60.41
2006-08-17,63.40,63.58,63.09,63.32,8200,60.22
2006-08-16,63.14,63.41,63.05,63.29,22400,60.20
2006-08-15,62.35,62.85,62.35,62.83,110900,59.76
2006-08-14,61.58,61.78,61.39,61.43,13200,58.43
2006-08-11,61.15,61.32,61.01,61.19,19700,58.20
2006-08-10,61.40,61.60,61.18,61.58,17700,58.57
2006-08-09,63.90,63.90,61.55,61.55,33800,58.54
2006-08-08,61.40,61.73,61.18,61.32,39300,58.32
2006-08-07,61.50,61.61,61.28,61.47,15200,58.46
2006-08-04,62.40,62.62,61.75,61.99,10800,58.96
2006-08-03,61.60,62.09,61.38,61.86,27900,58.84
2006-08-02,61.87,62.34,61.84,62.04,60000,59.01
2006-08-01,61.78,61.78,61.08,61.52,22600,58.51
2006-07-31,62.00,62.03,61.81,61.98,16900,58.95
2006-07-28,61.56,62.23,61.48,62.23,12500,59.19
2006-07-27,61.00,61.46,60.75,60.80,36100,57.83
2006-07-26,60.05,60.83,60.00,60.60,10000,57.64
2006-07-25,60.26,60.49,59.96,60.45,44200,57.49
2006-07-24,59.49,60.15,59.49,60.06,9300,57.12
2006-07-21,59.50,59.52,59.10,59.24,68100,56.34
2006-07-20,59.94,59.99,59.23,59.23,17800,56.33
2006-07-19,58.20,59.56,58.20,59.48,22600,56.57
2006-07-18,58.10,58.19,57.26,57.84,112500,55.01
2006-07-17,58.18,58.50,58.11,58.27,37700,55.42
2006-07-14,59.39,59.42,58.87,59.16,13300,56.27
2006-07-13,60.45,60.45,59.70,59.75,27500,56.83
2006-07-12,61.40,61.40,60.67,60.90,49600,57.92
2006-07-11,61.50,62.00,61.27,62.00,28500,58.97
2006-07-10,61.82,61.98,61.65,61.71,76100,58.69
2006-07-07,61.60,61.92,61.52,61.54,31900,58.53
2006-07-06,61.43,61.81,61.43,61.60,35900,58.59
2006-07-05,61.40,61.47,61.00,61.22,31400,58.23
2006-07-03,62.03,62.44,62.03,62.44,19100,59.39
2006-06-30,61.70,61.96,61.54,61.80,13600,58.78
2006-06-29,59.44,61.21,59.44,61.10,29100,58.11
2006-06-28,58.70,59.03,58.62,59.03,13500,56.14
2006-06-27,59.28,59.30,58.40,58.46,548200,55.60
2006-06-26,59.10,59.22,58.98,59.16,6700,56.27
2006-06-23,58.75,59.20,58.75,59.02,5600,56.13
2006-06-22,59.03,59.13,58.72,58.84,39900,55.96
2006-06-21,58.47,59.60,58.47,59.43,27300,56.52
2006-06-20,58.15,58.80,58.15,58.57,12900,55.71
2006-06-19,58.75,58.75,57.63,58.04,48600,55.20
2006-06-16,58.62,58.65,58.24,58.65,18900,55.78
2006-06-15,57.90,58.91,57.90,58.82,112300,55.94
2006-06-14,56.65,56.87,56.27,56.65,17400,53.88
2006-06-13,56.60,56.80,55.65,56.06,47200,53.32
2006-06-12,58.44,58.48,57.56,57.58,22400,54.77
2006-06-09,58.80,58.93,58.03,58.18,7600,55.34
2006-06-08,58.30,58.50,57.27,58.30,52700,55.45
2006-06-07,60.00,60.68,59.70,59.83,35500,56.91
2006-06-06,60.90,60.91,60.00,60.63,51700,57.67
2006-06-05,62.55,62.55,61.41,61.41,15700,58.41
2006-06-02,62.79,62.79,62.32,62.46,31600,59.41
2006-06-01,61.05,62.10,61.04,62.05,28300,59.02
2006-05-31,61.65,61.93,61.46,61.72,18200,58.70
2006-05-30,62.30,62.30,61.63,61.63,34100,58.62
2006-05-26,62.18,62.30,62.02,62.20,40000,59.16
2006-05-25,61.25,61.82,61.06,61.74,13600,58.72
2006-05-24,61.40,61.40,60.35,60.83,50000,57.86
2006-05-23,61.45,62.10,61.42,61.45,100800,58.45
2006-05-22,60.90,61.45,60.60,61.23,32200,58.24
2006-05-19,62.20,62.65,61.90,62.46,82600,59.41
2006-05-18,62.80,62.95,62.18,62.18,111500,59.14
2006-05-17,64.30,64.32,62.52,62.65,40500,59.59
2006-05-16,64.60,64.65,64.30,64.47,49600,61.32
2006-05-15,64.50,64.85,64.33,64.60,22500,61.44
2006-05-12,66.00,66.15,65.43,65.43,28500,62.23
2006-05-11,66.80,66.80,66.12,66.13,46500,62.90
2006-05-10,66.80,67.00,66.77,66.94,44300,63.67
2006-05-09,66.70,67.04,66.70,67.04,30400,63.76
2006-05-08,66.84,66.84,66.47,66.60,99000,63.34
2006-05-05,66.00,66.70,65.99,66.60,492400,63.34
2006-05-04,65.04,65.53,65.04,65.53,15500,62.33
2006-05-03,65.15,65.16,64.80,65.00,33200,61.82
2006-05-02,65.30,65.43,65.05,65.31,484000,62.12
2006-05-01,65.10,65.30,64.40,64.47,185400,61.32
2006-04-28,64.42,64.70,64.42,64.58,27700,61.42
2006-04-27,64.04,64.84,63.82,64.63,42900,61.47
2006-04-26,64.29,64.57,64.28,64.45,23900,61.30
2006-04-25,64.35,64.37,63.85,64.05,36600,60.92
2006-04-24,64.00,64.19,63.85,64.15,19400,61.01
2006-04-21,63.99,64.16,63.84,64.00,17100,60.87
2006-04-20,63.72,63.87,63.47,63.75,311100,60.63
2006-04-19,63.23,64.02,63.23,64.02,43400,60.89
2006-04-18,62.87,63.44,62.77,63.42,72800,60.32
2006-04-17,62.17,62.45,62.15,62.18,20000,59.14
2006-04-13,61.70,62.11,61.70,62.00,26200,58.97
2006-04-12,61.79,62.09,61.78,61.85,454100,58.83
2006-04-11,62.60,62.68,62.03,62.04,21900,59.01
2006-04-10,62.55,62.65,62.41,62.53,15200,59.47
2006-04-07,63.10,63.19,62.30,62.40,43200,59.35
2006-04-06,63.20,63.23,63.00,63.10,5900,60.02
2006-04-05,62.89,63.18,62.78,63.11,75700,60.02
2006-04-04,62.36,62.90,62.36,62.78,158000,59.71
2006-04-03,61.87,62.46,61.87,62.33,23700,59.28
2006-03-31,61.75,61.76,61.60,61.63,33900,58.62
2006-03-30,61.89,62.17,61.64,61.93,29700,58.90
2006-03-29,60.75,61.28,60.75,61.27,41400,58.27
2006-03-28,61.04,61.06,60.50,60.52,15400,57.56
2006-03-27,61.08,61.10,60.83,60.98,20200,58.00
2006-03-24,60.72,61.16,60.72,61.07,20600,58.08
2006-03-23,61.00,61.02,60.42,60.57,21900,57.61
2006-03-22,61.05,61.35,61.05,61.34,20800,58.34
2006-03-21,61.10,61.13,60.81,60.81,22100,57.84
2006-03-20,61.50,61.56,61.24,61.44,270000,58.44
2006-03-17,61.06,61.22,60.98,61.22,21100,58.23
2006-03-16,60.60,60.99,60.60,60.90,13100,57.92
2006-03-15,60.75,60.75,60.50,60.55,260500,57.59
2006-03-14,59.90,60.49,59.90,60.40,19800,57.45
2006-03-13,59.85,60.02,59.83,60.00,16900,57.07
2006-03-10,58.80,59.36,58.75,59.26,10400,56.36
2006-03-09,58.85,58.99,58.71,58.71,34400,55.84
2006-03-08,58.18,58.47,58.03,58.46,27800,55.60
2006-03-07,58.35,58.53,58.23,58.34,49900,55.49
2006-03-06,59.42,59.42,58.95,59.09,40100,56.20
2006-03-03,59.15,59.50,58.94,59.36,31700,56.46
2006-03-02,59.26,59.45,59.10,59.35,25300,56.45
2006-03-01,59.25,59.48,59.25,59.43,11600,56.52
2006-02-28,59.45,59.45,58.98,59.01,24200,56.13
2006-02-27,59.50,59.68,59.40,59.52,24100,56.61
2006-02-24,59.15,59.32,59.15,59.27,11500,56.37
2006-02-23,59.15,59.26,58.96,59.00,16800,56.12
2006-02-22,58.51,58.94,58.51,58.94,29600,56.06
2006-02-21,58.50,58.75,58.45,58.51,13400,55.65
2006-02-17,58.25,58.48,58.16,58.40,18500,55.55
2006-02-16,58.28,58.64,58.20,58.64,15700,55.77
2006-02-15,58.47,58.73,58.05,58.45,66600,55.59
2006-02-14,58.05,58.69,57.98,58.60,27600,55.74
2006-02-13,57.95,58.12,57.76,57.92,17700,55.09
2006-02-10,59.10,59.10,58.20,58.45,140500,55.59
2006-02-09,59.15,59.17,58.66,58.75,148300,55.88
2006-02-08,58.51,58.82,58.39,58.80,22500,55.93
2006-02-07,59.10,59.19,58.62,58.75,20300,55.88
2006-02-06,59.35,59.39,59.15,59.27,13200,56.37
2006-02-03,59.25,59.63,59.13,59.48,15600,56.57
2006-02-02,60.00,60.06,59.42,59.47,19400,56.56
2006-02-01,60.00,60.16,59.92,60.15,428300,57.21
2006-01-31,60.05,60.27,59.78,59.86,79600,56.93
2006-01-30,59.80,59.98,59.72,59.98,78800,57.05
2006-01-27,60.15,60.29,59.67,59.84,109800,56.91
2006-01-26,59.35,59.52,59.28,59.44,97400,56.53
2006-01-25,58.88,58.94,58.65,58.80,62800,55.93
2006-01-24,58.58,58.76,58.47,58.64,24900,55.77
2006-01-23,58.30,58.43,58.06,58.35,60400,55.50
2006-01-20,58.65,58.71,57.69,57.69,97000,54.87
2006-01-19,58.25,58.52,58.18,58.48,15400,55.62
2006-01-18,58.00,58.02,57.52,57.83,24000,55.00
2006-01-17,58.40,58.64,58.35,58.58,13300,55.72
2006-01-13,59.12,59.42,59.01,59.42,16300,56.52
2006-01-12,59.25,59.39,59.12,59.17,53000,56.28
2006-01-11,59.20,59.48,59.11,59.48,20100,56.57
2006-01-10,58.80,58.98,58.75,58.98,59500,56.10
2006-01-09,59.45,59.63,59.35,59.60,97700,56.69
2006-01-06,59.40,59.65,59.25,59.63,19600,56.71
2006-01-05,58.95,58.98,58.68,58.77,29900,55.90
2006-01-04,58.80,59.43,58.70,59.43,112600,56.52
2006-01-03,57.63,58.54,57.50,58.54,38500,55.68
2005-12-30,56.54,56.64,56.41,56.60,21300,53.83
2005-12-29,57.00,57.11,56.93,57.04,32200,54.25
2005-12-28,57.10,57.10,56.64,56.79,36700,54.01
2005-12-27,56.83,56.83,56.36,56.45,19400,53.69
2005-12-23,56.79,56.88,56.77,56.88,10500,54.10
2005-12-22,56.97,56.97,56.85,56.94,28000,53.94
2005-12-21,56.85,56.85,56.64,56.85,11100,53.85
2005-12-20,56.69,56.69,56.38,56.50,20900,53.52
2005-12-19,56.66,56.72,56.51,56.51,28900,53.53
2005-12-16,56.50,56.59,56.40,56.46,4300,53.48
2005-12-15,56.40,56.40,56.04,56.16,24300,53.20
2005-12-14,56.56,56.65,56.56,56.57,5000,53.59
2005-12-13,56.33,56.72,56.24,56.50,21300,53.52
2005-12-12,56.32,56.38,56.22,56.26,2900,53.29
2005-12-09,55.48,55.70,55.48,55.51,13500,52.58
2005-12-08,55.10,55.42,54.88,55.00,21800,52.10
2005-12-07,55.36,55.36,55.00,55.10,4900,52.19
2005-12-06,55.20,55.59,55.20,55.36,14500,52.44
2005-12-05,55.25,55.33,55.13,55.14,4700,52.23
2005-12-02,54.92,55.09,54.83,55.06,13500,52.15
2005-12-01,54.28,54.71,54.28,54.71,200800,51.82
2005-11-30,53.97,54.08,53.73,53.73,100800,50.90
2005-11-29,54.23,54.23,54.02,54.11,9100,51.26
2005-11-28,54.08,54.34,53.88,54.20,5400,51.34
2005-11-25,54.32,54.32,53.99,53.99,4000,51.14
2005-11-23,54.23,54.36,54.17,54.29,5700,51.43
2005-11-22,53.58,54.18,53.55,54.18,20000,51.32
2005-11-21,53.95,53.95,53.62,53.85,26200,51.01
2005-11-18,54.00,54.00,53.69,53.95,8700,51.10
2005-11-17,53.45,53.61,53.35,53.61,3800,50.78
2005-11-16,52.82,52.82,52.63,52.79,5400,50.00
2005-11-15,53.02,53.05,52.69,52.86,8000,50.07
2005-11-14,53.29,53.32,53.24,53.24,3700,50.43
2005-11-11,53.52,53.67,53.52,53.66,2200,50.83
2005-11-10,53.30,53.56,53.22,53.47,5500,50.65
2005-11-09,53.27,53.57,53.27,53.44,2500,50.62