2011-05-10,22.93,22.93,22.81,22.92,4600,22.92
2011-05-09,22.63,22.90,22.62,22.78,8400,22.78
2011-05-06,22.54,22.92,22.32,22.35,4500,22.35
2011-05-05,22.95,22.95,22.53,22.63,13300,22.63
2011-05-04,23.22,23.23,23.07,23.17,2700,23.17
2011-05-03,23.46,23.52,23.27,23.27,1400,23.27
2011-05-02,23.80,23.80,23.60,23.60,15200,23.60
2011-04-29,23.49,23.55,23.49,23.55,1700,23.55
2011-04-28,23.44,23.45,23.35,23.45,3300,23.45
2011-04-27,23.18,23.56,23.12,23.45,5100,23.45
2011-04-26,23.23,23.30,22.99,23.25,16500,23.25
2011-04-25,22.95,22.95,22.95,22.95,100,22.95
2011-04-21,22.87,22.87,22.76,22.81,1400,22.81
2011-04-20,22.78,22.78,22.61,22.68,2100,22.68
2011-04-19,22.25,22.40,22.24,22.40,4000,22.40
2011-04-18,22.11,22.18,21.90,22.18,15400,22.18
2011-04-15,22.51,22.62,22.41,22.41,1100,22.41
2011-04-14,22.19,22.70,22.15,22.65,5100,22.65
2011-04-13,22.34,22.34,22.28,22.28,1600,22.28
2011-04-12,22.01,22.07,21.96,22.07,1200,22.07
2011-04-11,22.25,22.25,22.05,22.07,1000,22.07
2011-04-08,22.58,22.58,22.32,22.42,2000,22.42
2011-04-07,22.29,22.40,22.29,22.40,600,22.40
2011-04-06,22.23,22.55,22.23,22.38,3300,22.38
2011-04-05,21.98,22.12,21.98,22.08,2100,22.08
2011-04-04,22.00,22.02,21.98,21.99,55800,21.99
2011-04-01,21.64,21.89,21.61,21.80,6900,21.80
2011-03-31,21.38,21.39,21.10,21.20,27100,21.20
2011-03-30,21.54,21.96,21.07,21.29,202700,21.29
2011-03-29,21.80,21.94,21.63,21.94,2600,21.94
2011-03-28,22.00,22.27,21.94,22.25,4800,22.25
2011-03-25,21.65,21.83,21.61,21.70,3300,21.70
2011-03-24,21.05,21.62,21.05,21.62,1300,21.62
2011-03-23,21.43,21.43,21.40,21.40,500,21.40
2011-03-22,21.53,21.53,21.40,21.40,600,21.40
2011-03-21,21.41,21.68,21.30,21.68,4100,21.68
2011-03-18,21.16,21.19,21.16,21.19,1200,21.19
2011-03-17,20.86,20.92,20.77,20.77,5600,20.77
2011-03-16,20.31,20.31,19.84,20.12,1700,20.12
2011-03-15,20.84,20.84,20.50,20.66,2000,20.66
2011-03-14,21.27,21.27,21.27,21.27,400,21.27
2011-03-11,21.21,21.28,21.12,21.28,1300,21.28
2011-03-10,21.29,21.34,21.15,21.34,1200,21.34
2011-03-09,21.83,21.83,21.61,21.83,700,21.83
2011-03-08,21.55,21.81,21.55,21.65,3900,21.65
2011-03-07,21.90,21.90,21.90,21.90,000,21.90
2011-03-04,22.09,22.29,21.86,21.90,9300,21.90
2011-03-03,22.02,22.17,21.76,21.98,1900,21.98
2011-03-02,21.96,21.97,21.66,21.66,3200,21.66
2011-03-01,22.40,22.40,21.96,21.96,400,21.96
2011-02-28,21.98,21.98,21.90,21.90,4200,21.90
2011-02-25,21.56,21.58,21.48,21.48,4800,21.48
2011-02-24,21.21,21.21,21.21,21.21,000,21.21
2011-02-23,21.45,21.50,20.89,21.21,20200,21.21
2011-02-22,21.91,21.91,21.38,21.38,5800,21.38
2011-02-18,21.92,22.07,21.91,22.07,1600,22.07
2011-02-17,21.86,21.91,21.86,21.89,6500,21.89
2011-02-16,21.71,22.13,21.71,22.11,6100,22.11
2011-02-15,21.75,21.75,21.56,21.65,5500,21.65
2011-02-14,21.70,21.75,21.55,21.65,9500,21.65
2011-02-11,21.63,21.68,21.63,21.68,1000,21.68
2011-02-10,21.40,21.40,21.12,21.38,1900,21.38
2011-02-09,21.67,21.67,21.67,21.67,200,21.67
2011-02-08,22.00,22.01,21.66,21.90,5400,21.90
2011-02-07,22.03,22.03,21.51,21.75,600,21.75
2011-02-04,21.42,21.54,21.37,21.54,13200,21.54
2011-02-03,21.17,21.37,21.08,21.18,3000,21.18
2011-02-02,21.12,21.24,21.11,21.24,1300,21.24
2011-02-01,20.84,21.39,20.84,21.37,4200,21.37
2011-01-31,20.89,20.89,20.50,20.50,800,20.50
2011-01-28,21.02,21.05,20.61,20.61,10000,20.61
2011-01-27,21.39,21.39,21.39,21.39,30200,21.39
2011-01-26,21.18,21.24,21.08,21.14,32800,21.14
2011-01-25,21.13,21.30,20.96,21.30,6400,21.30
2011-01-24,21.04,21.05,20.97,21.05,500,21.05
2011-01-21,21.12,21.12,20.70,20.87,17400,20.87
2011-01-20,20.88,20.92,20.74,20.74,2800,20.74
2011-01-19,21.30,21.30,21.03,21.03,2200,21.03
2011-01-18,20.76,21.08,20.76,21.08,400,21.08
2011-01-14,20.91,21.11,20.86,20.95,2300,20.95
2011-01-13,20.90,20.90,20.90,20.90,500,20.90
2011-01-12,20.47,20.71,20.47,20.71,600,20.71
2011-01-11,19.72,20.26,19.72,20.26,3700,20.26
2011-01-10,19.86,19.99,19.86,19.99,900,19.99
2011-01-07,19.79,19.84,19.79,19.84,1700,19.84
2011-01-06,20.01,20.11,20.01,20.02,9000,20.02
2011-01-05,20.47,20.47,19.99,20.34,7200,20.34
2011-01-04,20.77,20.77,20.47,20.59,165600,20.59
2011-01-03,20.28,21.31,20.28,21.31,8700,21.31
2010-12-31,20.60,20.60,20.33,20.35,4500,20.35
2010-12-30,20.38,20.39,20.38,20.39,500,20.39
2010-12-29,20.00,20.42,20.00,20.42,2600,20.42
2010-12-28,20.13,20.13,19.74,19.79,2300,19.79
2010-12-27,19.84,19.94,19.70,19.94,14700,19.94
2010-12-23,19.97,20.03,19.95,20.00,13600,20.00
2010-12-22,20.04,20.15,20.00,20.15,6200,20.15
2010-12-21,20.19,20.34,20.18,20.34,1300,20.34
2010-12-20,20.37,20.37,20.37,20.37,300,19.96
2010-12-17,20.29,20.29,20.29,20.29,400,19.88
2010-12-16,20.43,20.54,20.32,20.54,2000,20.12
2010-12-15,20.65,20.83,20.31,20.31,2400,19.90
2010-12-14,20.90,21.00,20.83,20.83,2500,20.41
2010-12-13,20.71,20.77,20.71,20.77,1000,20.35
2010-12-10,20.59,20.64,20.51,20.51,2700,20.10
2010-12-09,20.54,20.54,20.42,20.42,1200,20.01
2010-12-08,20.35,20.41,20.22,20.38,3200,19.97
2010-12-07,20.56,20.56,20.22,20.35,4100,19.94
2010-12-06,20.28,20.28,19.86,19.96,800,19.56
2010-12-03,19.80,20.05,19.80,19.91,3700,19.51
2010-12-02,19.49,19.82,19.48,19.81,2900,19.41
2010-12-01,19.11,19.24,18.98,19.24,5100,18.85
2010-11-30,18.80,19.60,18.29,18.77,4200,18.39
2010-11-29,18.98,19.07,18.70,19.07,7200,18.68
2010-11-26,19.40,19.40,19.03,19.19,3500,18.80
2010-11-24,19.66,19.73,19.55,19.55,5200,19.15
2010-11-23,20.21,20.21,19.45,19.71,14700,19.31
2010-11-22,20.61,20.89,20.17,20.63,21900,20.21
2010-11-19,21.27,21.27,20.95,20.97,2800,20.55
2010-11-18,20.51,20.76,20.51,20.76,2700,20.34
2010-11-17,19.83,20.18,19.62,19.71,4600,19.31
2010-11-16,19.66,19.66,19.30,19.36,1600,18.97
2010-11-15,19.81,19.81,19.81,19.81,000,19.41
2010-11-12,20.07,20.07,19.80,19.81,1000,19.41
2010-11-11,20.25,20.25,19.88,19.88,1100,19.48
2010-11-10,20.36,20.59,20.36,20.40,900,19.99
2010-11-09,20.93,21.56,20.79,20.79,2500,20.37
2010-11-08,20.82,20.82,20.63,20.63,5700,20.21
2010-11-05,20.92,20.92,20.92,20.92,100,20.50
2010-11-04,20.91,20.91,20.91,20.91,000,20.49
2010-11-03,20.91,20.91,20.91,20.91,000,20.49
2010-11-02,20.88,20.91,20.88,20.91,300,20.49
2010-11-01,20.66,20.66,20.66,20.66,000,20.24
2010-10-29,20.66,20.66,20.66,20.66,100,20.24
2010-10-28,20.53,20.53,20.53,20.53,000,20.11
2010-10-27,20.99,20.99,20.53,20.53,1400,20.11
2010-10-26,20.58,20.58,20.57,20.57,500,20.15
2010-10-25,21.05,21.05,21.01,21.01,400,20.59
2010-10-22,21.06,21.06,21.06,21.06,400,20.63
2010-10-21,21.09,21.09,20.88,20.99,1300,20.57
2010-10-20,20.70,20.70,20.70,20.70,100,20.28
2010-10-19,20.80,20.80,20.80,20.80,000,20.38
2010-10-18,20.80,20.80,20.80,20.80,200,20.38
2010-10-15,21.06,21.06,21.06,21.06,200,20.63
2010-10-14,20.93,20.93,20.93,20.93,000,20.51
2010-10-13,20.93,20.93,20.93,20.93,700,20.51
2010-10-12,20.44,20.69,20.44,20.62,1100,20.20
2010-10-11,21.65,21.65,20.87,20.87,900,20.45
2010-10-08,20.80,20.80,20.80,20.80,300,20.38
2010-10-07,21.06,21.06,20.96,21.06,700,20.63
2010-10-06,20.33,20.33,20.33,20.33,000,19.92
2010-10-05,20.33,20.33,20.33,20.33,000,19.92
2010-10-04,20.31,20.33,20.31,20.33,1000,19.92
2010-10-01,20.25,20.25,20.09,20.10,2100,19.69
2010-09-30,20.37,20.46,19.99,20.05,3400,19.64
2010-09-29,20.18,20.18,20.18,20.18,300,19.77
2010-09-28,19.85,20.00,19.80,20.00,1100,19.60
2010-09-27,19.76,19.76,19.76,19.76,000,19.36
2010-09-24,19.76,19.76,19.76,19.76,000,19.36
2010-09-23,19.85,19.85,19.75,19.76,300,19.36
2010-09-22,20.29,20.30,20.20,20.28,1700,19.87
2010-09-21,19.75,19.75,19.75,19.75,000,19.35
2010-09-20,19.75,19.75,19.75,19.75,100,19.35
2010-09-17,20.02,20.02,20.02,20.02,000,19.62
2010-09-16,20.02,20.02,20.02,20.02,200,19.62
2010-09-15,20.00,20.00,20.00,20.00,200,19.60
2010-09-14,19.87,19.87,19.87,19.87,000,19.47
2010-09-13,19.87,19.87,19.87,19.87,800,19.47
2010-09-10,19.74,19.74,19.74,19.74,000,19.34
2010-09-09,20.30,20.30,19.74,19.74,1400,19.34
2010-09-08,19.51,19.51,19.51,19.51,000,19.12
2010-09-07,19.51,19.51,19.51,19.51,300,19.12
2010-09-03,19.38,19.38,19.38,19.38,000,18.99
2010-09-02,19.38,19.38,19.38,19.38,000,18.99
2010-09-01,19.39,19.39,19.38,19.38,500,18.99
2010-08-31,18.70,18.89,18.70,18.89,500,18.51
2010-08-30,18.50,18.50,18.45,18.45,800,18.08
2010-08-27,18.39,18.49,18.39,18.48,1500,18.11
2010-08-26,18.52,18.59,18.52,18.59,900,18.21
2010-08-25,18.54,18.54,18.54,18.54,000,18.17
2010-08-24,18.70,18.70,18.50,18.54,1000,18.17
2010-08-23,19.33,19.33,19.33,19.33,400,18.94
2010-08-20,19.69,19.69,19.69,19.69,000,19.29
2010-08-19,19.70,19.70,19.69,19.69,500,19.29
2010-08-18,20.27,20.27,20.27,20.27,100,19.86
2010-08-17,19.70,19.70,19.70,19.70,000,19.30
2010-08-16,19.70,19.70,19.70,19.70,300,19.30
2010-08-13,20.05,20.11,20.05,20.10,2100,19.69
2010-08-12,20.82,20.82,20.82,20.82,000,20.40
2010-08-11,21.00,21.00,20.82,20.82,1100,20.40
2010-08-10,21.75,21.75,21.75,21.75,000,21.31
2010-08-09,21.75,21.75,21.75,21.75,000,21.31
2010-08-06,21.75,21.75,21.75,21.75,5000,21.31
2010-08-05,22.01,22.01,22.01,22.01,100,21.56
2010-08-04,21.57,21.70,21.57,21.70,500,21.26
2010-08-03,21.57,21.57,21.57,21.57,000,21.13
2010-08-02,21.42,21.57,21.42,21.57,500,21.13
2010-07-30,21.04,21.04,21.04,21.04,000,20.61
2010-07-29,21.04,21.04,21.04,21.04,200,20.61
2010-07-28,21.12,21.12,21.12,21.12,000,20.69
2010-07-27,21.12,21.12,21.12,21.12,100,20.69
2010-07-26,20.50,20.50,20.50,20.50,000,20.09
2010-07-23,20.37,20.50,20.32,20.50,27200,20.09
2010-07-22,20.42,20.68,20.40,20.68,800,20.26
2010-07-21,20.21,20.21,19.91,19.91,400,19.51
2010-07-20,19.70,19.91,19.70,19.78,6700,19.38
2010-07-19,20.13,20.13,20.00,20.00,200,19.60
2010-07-16,20.10,20.10,20.10,20.10,1000,19.69
2010-07-15,20.39,20.39,20.39,20.39,000,19.98
2010-07-13,20.42,20.42,20.42,20.42,100,20.01
2010-07-12,19.91,19.91,19.90,19.90,300,19.50
2010-07-09,19.95,19.95,19.95,19.95,300,19.55
2010-07-08,23.19,23.19,19.92,19.93,29200,19.53
2010-07-07,19.47,19.97,19.46,19.97,1700,19.57
2010-07-06,20.85,20.85,19.99,20.11,15400,19.70
2010-07-02,19.29,19.29,19.29,19.29,000,18.90
2010-07-01,19.21,19.29,19.21,19.29,900,18.90
2010-06-30,19.09,19.09,19.09,19.09,300,18.70
2010-06-29,19.50,19.56,19.12,19.19,3000,18.80
2010-06-28,20.20,20.20,20.20,20.20,400,19.79
2010-06-25,20.29,20.29,20.29,20.29,000,19.88
2010-06-24,20.29,20.29,20.29,20.29,500,19.88
2010-06-23,20.14,20.14,20.10,20.10,3100,19.69
2010-06-22,20.20,20.20,20.20,20.20,200,19.79
2010-06-21,20.60,20.60,20.60,20.60,200,20.18
2010-06-18,20.92,20.92,20.92,20.92,200,20.50
2010-06-17,20.90,21.05,20.79,21.05,1800,20.62
2010-06-16,21.03,21.03,21.03,21.03,300,20.60
2010-06-15,20.74,20.74,20.74,20.74,000,20.32
2010-06-14,20.57,20.74,20.52,20.74,1500,20.32
2010-06-11,19.17,19.17,19.17,19.17,000,18.78
2010-06-10,19.17,19.17,19.17,19.17,000,18.78
2010-06-09,19.62,19.62,19.17,19.17,500,18.78
2010-06-08,19.27,19.27,18.85,18.85,1600,18.47
2010-06-07,19.50,19.50,19.19,19.20,1400,18.81
2010-06-04,20.02,20.02,19.40,19.40,12100,19.01
2010-06-03,20.33,20.33,20.33,20.33,000,19.92
2010-06-02,19.84,20.33,19.84,20.33,2100,19.92
2010-06-01,20.00,20.00,20.00,20.00,5000,19.60
2010-05-28,20.02,20.02,20.02,20.02,000,19.62
2010-05-27,20.02,20.02,20.02,20.02,500,19.62
2010-05-26,19.64,19.64,19.50,19.50,300,19.11
2010-05-25,19.21,19.21,19.21,19.21,400,18.82
2010-05-24,20.45,20.45,20.45,20.45,000,20.04
2010-05-21,20.40,20.45,20.40,20.45,800,20.04
2010-05-20,21.03,21.03,19.89,19.99,9300,19.59
2010-05-19,21.49,21.49,21.49,21.49,100,21.06
2010-05-18,21.61,21.80,21.00,21.00,2100,20.58
2010-05-17,21.34,21.34,21.34,21.34,200,20.91
2010-05-14,22.00,22.09,22.00,22.09,600,21.64
2010-05-13,22.84,22.84,22.82,22.83,600,22.37
2010-05-12,23.32,25.07,23.31,23.31,1000,22.84
2010-05-11,22.84,24.69,22.84,23.05,3500,22.58