2011-05-10,108.12,108.19,108.06,108.07,169600,108.07
2011-05-09,107.87,108.13,107.80,108.13,137000,108.13
2011-05-06,107.84,107.87,107.62,107.76,281700,107.76
2011-05-05,107.69,107.83,107.58,107.71,118300,107.71
2011-05-04,107.91,108.00,107.65,107.77,187000,107.77
2011-05-03,107.50,107.72,107.37,107.71,176000,107.71
2011-05-02,107.73,107.73,107.30,107.45,365100,107.45
2011-04-29,107.50,107.99,107.47,107.99,349000,107.54
2011-04-28,106.94,107.40,106.94,107.38,274300,106.94
2011-04-27,107.01,107.08,106.87,107.08,204500,106.64
2011-04-26,106.90,106.90,106.66,106.90,208400,106.46
2011-04-25,106.83,106.83,106.68,106.71,213200,106.27
2011-04-21,106.88,106.99,106.81,106.94,280300,106.50
2011-04-20,106.69,106.77,106.56,106.72,308100,106.28
2011-04-19,106.67,106.70,106.29,106.41,291000,105.97
2011-04-18,106.64,106.69,106.39,106.59,357300,106.15
2011-04-15,106.48,106.76,106.45,106.73,782100,106.29
2011-04-14,106.44,106.49,106.30,106.46,134200,106.02
2011-04-13,106.51,106.52,106.37,106.45,160100,106.01
2011-04-12,106.59,106.59,106.30,106.34,211300,105.90
2011-04-11,106.74,106.74,106.50,106.50,254600,106.06
2011-04-08,106.67,106.81,106.59,106.81,284500,106.37
2011-04-07,106.71,106.75,106.52,106.52,595500,106.08
2011-04-06,106.69,106.81,106.58,106.78,466300,106.34
2011-04-05,106.72,106.79,106.52,106.52,605900,106.08
2011-04-04,106.76,106.79,106.56,106.78,208300,106.34
2011-04-01,106.39,106.67,106.28,106.38,1032500,105.94
2011-03-31,106.62,106.68,106.51,106.63,218500,105.74
2011-03-30,106.35,106.54,106.35,106.46,112500,105.57
2011-03-29,106.56,106.56,106.33,106.46,173600,105.57
2011-03-28,106.45,106.56,106.28,106.56,162800,105.67
2011-03-25,106.69,106.69,106.48,106.50,97100,105.61
2011-03-24,106.47,106.61,106.47,106.57,272900,105.68
2011-03-23,106.35,106.48,106.19,106.48,167400,105.59
2011-03-22,106.51,106.51,106.27,106.35,196100,105.46
2011-03-21,106.20,106.39,106.15,106.36,256300,105.47
2011-03-18,105.75,106.20,105.75,105.92,298200,105.03
2011-03-17,105.88,105.96,105.55,105.88,314300,104.99
2011-03-16,106.09,106.09,105.33,105.38,421400,104.50
2011-03-15,105.54,105.96,105.36,105.84,185800,104.96
2011-03-14,106.29,106.31,105.97,105.97,132900,105.08
2011-03-11,105.89,106.26,105.89,106.24,109600,105.35
2011-03-10,106.35,106.35,106.08,106.17,182400,105.28
2011-03-09,106.39,106.39,106.07,106.25,283800,105.36
2011-03-08,106.09,106.28,105.94,106.23,267500,105.34
2011-03-07,105.98,106.01,105.82,105.98,368600,105.09
2011-03-04,105.44,105.78,105.35,105.73,188500,104.85
2011-03-03,105.58,105.59,105.20,105.20,203600,104.32
2011-03-02,104.98,105.34,104.98,105.20,123400,104.32
2011-03-01,105.21,105.26,104.96,105.05,157300,104.17
2011-02-28,105.59,105.74,105.38,105.45,253500,104.12
2011-02-25,105.09,105.39,104.99,105.37,281600,104.04
2011-02-24,104.72,104.96,104.64,104.80,177300,103.48
2011-02-23,105.08,105.08,104.61,104.69,148600,103.37
2011-02-22,105.25,105.25,104.80,104.80,139100,103.48
2011-02-18,105.38,105.44,105.13,105.44,273100,104.11
2011-02-17,104.64,105.29,104.64,105.15,308100,103.83
2011-02-16,104.32,104.72,104.32,104.51,261100,103.19
2011-02-15,104.12,104.47,104.12,104.30,133900,102.99
2011-02-14,104.68,104.68,104.30,104.33,359000,103.02
2011-02-11,104.35,104.81,104.35,104.58,146900,103.26
2011-02-10,104.60,104.69,104.28,104.43,114700,103.11
2011-02-09,105.17,105.17,104.67,104.69,136600,103.37
2011-02-08,104.92,105.33,104.92,105.19,185300,103.87
2011-02-07,105.08,105.22,104.86,104.86,245900,103.54
2011-02-04,105.87,105.99,105.22,105.23,369100,103.90
2011-02-03,106.01,106.20,105.59,105.87,213700,104.54
2011-02-02,106.18,106.32,105.93,106.14,263000,104.80
2011-02-01,105.72,106.09,105.72,106.00,283200,104.67
2011-01-31,105.92,105.98,105.61,105.97,174600,104.19
2011-01-28,106.42,106.42,105.78,105.85,198000,104.07
2011-01-27,106.98,107.05,106.61,106.64,412200,104.85
2011-01-26,107.30,107.32,106.95,107.01,204100,105.21
2011-01-25,107.18,107.18,106.85,107.03,252300,105.23
2011-01-24,106.88,107.13,106.74,107.11,200500,105.31
2011-01-21,106.96,106.96,106.60,106.81,148600,105.01
2011-01-20,107.18,107.20,106.67,106.92,355400,105.12
2011-01-19,107.54,107.54,107.08,107.30,362100,105.49
2011-01-18,107.82,107.85,107.43,107.64,179900,105.83
2011-01-14,107.52,107.84,107.47,107.84,310500,106.02
2011-01-13,107.62,107.79,107.26,107.70,209400,105.89
2011-01-12,107.29,107.49,107.01,107.49,165600,105.68
2011-01-11,106.98,107.17,106.85,106.98,104600,105.18
2011-01-10,107.17,107.17,106.56,106.69,150300,104.89
2011-01-07,106.97,107.30,106.65,106.96,269800,105.16
2011-01-06,107.73,107.73,106.61,106.74,364100,104.94
2011-01-05,108.18,108.20,107.57,107.57,186900,105.76
2011-01-04,108.00,108.19,107.76,108.19,290000,106.37
2011-01-03,107.35,107.63,107.04,107.53,263000,105.72
2010-12-31,106.61,107.24,106.61,107.08,139500,105.28
2010-12-30,106.70,106.83,106.60,106.61,188100,104.82
2010-12-29,106.93,106.93,106.40,106.53,205000,104.74
2010-12-28,107.21,107.28,106.43,106.71,172600,104.91
2010-12-27,107.03,107.61,107.03,107.31,130500,105.05
2010-12-23,107.44,107.44,107.12,107.34,81200,105.08
2010-12-22,107.28,107.28,107.07,107.24,204500,104.98
2010-12-21,106.93,107.07,106.71,107.07,261600,104.82
2010-12-20,106.69,106.69,106.04,106.51,266800,104.27
2010-12-17,105.57,106.03,105.57,105.97,141700,103.74
2010-12-16,106.64,106.64,105.47,105.78,225300,103.55
2010-12-15,106.99,107.08,106.52,106.52,129900,104.28
2010-12-14,107.57,107.57,107.15,107.29,132600,105.03
2010-12-13,107.70,107.70,107.24,107.29,121100,105.03
2010-12-10,107.81,107.93,107.46,107.78,240600,105.51
2010-12-09,107.75,108.08,107.66,108.08,301800,105.81
2010-12-08,108.43,108.50,107.57,107.75,383800,105.48
2010-12-07,109.64,109.74,108.86,108.86,267500,106.57
2010-12-06,109.06,109.41,109.03,109.35,221000,107.05
2010-12-03,108.18,109.41,108.17,108.91,398900,106.62
2010-12-02,107.75,108.28,107.61,108.28,171600,106.00
2010-12-01,107.79,108.19,107.41,107.58,168500,105.32
2010-11-30,107.89,107.96,107.18,107.60,286300,104.89
2010-11-29,108.77,108.77,108.20,108.20,101300,105.47
2010-11-26,108.99,108.99,108.45,108.50,115500,105.76
2010-11-24,109.46,109.49,105.77,108.77,611500,106.03
2010-11-23,109.91,110.01,109.02,109.06,409900,106.31
2010-11-22,109.64,110.12,109.64,110.06,284900,107.28
2010-11-19,110.21,110.21,109.40,109.56,754000,106.80
2010-11-18,110.15,110.27,109.97,110.21,178100,107.43
2010-11-17,109.54,109.87,109.26,109.81,233100,107.04
2010-11-16,109.29,109.56,108.71,109.07,406900,106.32
2010-11-15,110.50,110.82,109.72,109.82,382200,107.05
2010-11-12,111.26,111.27,110.63,110.82,351000,108.02
2010-11-11,111.99,111.99,111.63,111.72,142300,108.90
2010-11-10,112.04,112.06,111.48,111.95,384900,109.13
2010-11-09,113.23,113.30,112.09,112.09,184900,109.26
2010-11-08,113.61,113.61,113.10,113.10,352600,110.25
2010-11-05,113.83,113.97,113.63,113.67,355200,110.80
2010-11-04,113.84,114.14,113.60,114.13,345800,111.25
2010-11-03,113.14,113.59,112.99,113.55,219700,110.69
2010-11-02,112.85,113.00,112.63,112.98,163600,110.13
2010-11-01,112.75,112.93,112.53,112.63,122500,109.79
2010-10-29,112.86,113.05,112.65,113.02,410900,109.74
2010-10-28,112.65,112.71,112.45,112.65,153800,109.38
2010-10-27,112.75,112.75,112.40,112.55,157800,109.29
2010-10-26,112.96,112.97,112.65,112.92,251800,109.65
2010-10-25,112.74,113.18,112.51,113.08,307000,109.80
2010-10-22,112.24,112.40,112.18,112.40,318600,109.14
2010-10-21,112.34,112.36,112.13,112.20,383000,108.95
2010-10-20,112.14,112.27,111.96,112.17,245200,108.92
2010-10-19,112.03,112.37,111.94,112.23,242600,108.98
2010-10-18,112.98,112.98,112.32,112.41,217200,109.15
2010-10-15,112.84,113.15,112.84,113.06,155300,109.78
2010-10-14,113.73,113.73,113.01,113.01,272600,109.73
2010-10-13,113.52,113.75,113.31,113.60,299000,110.31
2010-10-12,112.76,113.26,112.63,113.12,229900,109.84
2010-10-11,112.46,112.97,112.45,112.93,109900,109.66
2010-10-08,112.20,112.47,112.10,112.47,175800,109.21
2010-10-07,112.11,112.31,111.96,112.07,235900,108.82
2010-10-06,111.89,112.02,111.73,112.01,358900,108.76
2010-10-05,111.24,111.78,111.10,111.72,325400,108.48
2010-10-04,111.06,111.20,110.96,110.96,194600,107.74
2010-10-01,111.02,111.03,110.66,111.00,179500,107.78
2010-09-30,111.29,111.38,111.16,111.31,538300,107.65
2010-09-29,111.00,111.32,110.94,111.02,450100,107.37
2010-09-28,110.69,110.85,110.52,110.83,125500,107.19
2010-09-27,110.01,110.68,110.01,110.65,227300,107.01
2010-09-24,109.97,110.06,109.68,110.06,176700,106.44
2010-09-23,110.00,110.05,109.83,110.04,144700,106.42
2010-09-22,109.64,110.01,109.64,109.95,166800,106.33
2010-09-21,109.59,109.67,109.31,109.61,269600,106.01
2010-09-20,109.43,109.48,109.22,109.48,147200,105.88
2010-09-17,109.67,109.67,109.22,109.50,98000,105.90
2010-09-16,109.57,109.82,109.38,109.55,281800,105.95
2010-09-15,109.32,109.62,108.89,109.58,176200,105.98
2010-09-14,109.37,109.43,109.16,109.16,163300,105.57
2010-09-13,109.06,109.34,109.03,109.30,257600,105.71
2010-09-10,108.80,109.00,108.80,108.88,122700,105.30
2010-09-09,109.14,109.27,108.82,109.07,947200,105.48
2010-09-08,109.75,109.75,108.73,108.80,325900,105.22
2010-09-07,110.11,110.11,109.76,109.76,104300,106.15
2010-09-03,110.07,110.29,109.77,110.25,150600,106.62
2010-09-02,110.18,110.18,109.88,110.13,218100,106.51
2010-09-01,109.88,110.23,109.76,110.21,243800,106.59
2010-08-31,110.05,110.09,109.42,109.99,245100,105.94
2010-08-30,110.20,110.20,109.93,109.99,110300,105.94
2010-08-27,110.15,110.41,109.92,110.14,146700,106.09
2010-08-26,110.75,110.92,110.42,110.46,326400,106.40
2010-08-25,111.30,111.34,110.78,111.00,328700,106.92
2010-08-24,111.54,111.55,111.20,111.35,192700,107.25
2010-08-23,111.73,111.73,111.60,111.70,221800,107.59
2010-08-20,111.41,111.62,111.24,111.57,284600,107.47
2010-08-19,111.24,111.36,111.21,111.35,155800,107.25
2010-08-18,110.82,111.14,110.66,110.94,220000,106.86
2010-08-17,110.31,110.67,110.22,110.60,275000,106.53
2010-08-16,109.90,109.97,109.70,109.93,134900,105.89
2010-08-13,109.52,109.79,109.52,109.75,214800,105.71
2010-08-12,109.75,109.78,109.63,109.65,209800,105.62
2010-08-11,109.88,109.96,109.68,109.75,203500,105.71
2010-08-10,109.96,109.96,109.70,109.88,211400,105.84
2010-08-09,109.60,109.91,109.57,109.79,302900,105.75
2010-08-06,108.84,109.36,108.84,109.36,381300,105.34
2010-08-05,108.77,108.81,108.55,108.80,262400,104.80
2010-08-04,108.55,108.64,108.39,108.64,189800,104.64
2010-08-03,108.25,108.55,108.07,108.38,393000,104.39
2010-08-02,107.73,108.18,107.69,107.69,377000,103.73
2010-07-30,107.76,107.90,107.58,107.65,200900,103.27
2010-07-29,107.68,107.76,107.61,107.70,122900,103.32
2010-07-28,107.38,107.71,107.38,107.57,108900,103.19
2010-07-27,107.71,107.84,107.38,107.73,334600,103.35
2010-07-26,107.14,107.36,107.09,107.15,117000,102.79
2010-07-23,107.06,107.11,106.93,107.11,240500,102.75
2010-07-22,106.79,106.91,106.36,106.90,105500,102.55
2010-07-21,106.28,106.53,106.26,106.35,180300,102.02
2010-07-20,105.80,106.04,105.77,105.95,117500,101.64
2010-07-19,105.59,105.76,105.59,105.76,110000,101.46
2010-07-16,105.40,105.66,105.40,105.59,147700,101.29
2010-07-15,105.39,105.48,105.22,105.22,119700,100.94
2010-07-14,105.10,105.45,105.07,105.36,878800,101.07
2010-07-13,105.02,105.21,104.95,105.21,93500,100.93
2010-07-12,104.66,104.78,104.34,104.34,176500,100.10
2010-07-09,104.51,104.66,104.25,104.65,145700,100.39
2010-07-08,104.18,104.42,104.18,104.42,206200,100.17
2010-07-07,103.77,103.98,103.68,103.93,84000,99.70
2010-07-06,103.56,103.77,103.47,103.52,335800,99.31
2010-07-02,103.37,103.44,103.12,103.36,165300,99.16
2010-07-01,103.39,103.39,103.12,103.25,143800,99.05
2010-06-30,103.77,103.92,103.55,103.92,391000,99.25
2010-06-29,103.81,103.81,103.50,103.75,105900,99.09
2010-06-28,103.85,103.95,103.67,103.80,77600,99.13
2010-06-25,103.44,103.78,103.44,103.50,112300,98.85
2010-06-24,103.95,103.95,103.53,103.53,105600,98.88
2010-06-23,103.90,103.98,103.76,103.85,254100,99.18
2010-06-22,103.96,103.96,103.70,103.75,107100,99.09
2010-06-21,104.14,104.16,103.95,104.00,171000,99.32
2010-06-18,103.29,103.72,103.27,103.72,73900,99.06
2010-06-17,103.51,103.51,103.16,103.24,252800,98.60
2010-06-16,102.97,103.13,102.75,103.03,234400,98.40
2010-06-15,102.52,102.81,102.33,102.81,105400,98.19
2010-06-14,102.51,102.52,102.26,102.50,101900,97.89
2010-06-11,101.75,102.23,101.75,102.21,122500,97.62
2010-06-10,101.55,101.92,101.43,101.84,51700,97.26
2010-06-09,101.49,101.57,100.90,101.36,76300,96.80
2010-06-08,101.56,101.56,100.75,101.02,153000,96.48
2010-06-07,101.75,101.76,101.19,101.27,107100,96.72
2010-06-04,102.17,102.21,101.59,101.60,1137800,97.03
2010-06-03,101.54,102.32,101.54,102.08,233900,97.49
2010-06-02,101.85,101.85,101.04,101.23,1448500,96.68
2010-06-01,101.11,101.89,100.69,101.71,83000,97.14
2010-05-28,102.00,102.11,101.36,101.94,130100,96.93
2010-05-27,101.32,101.94,101.32,101.70,271800,96.70
2010-05-26,100.94,101.40,100.58,101.06,172900,96.09
2010-05-25,100.16,100.67,99.75,100.56,159900,95.62
2010-05-24,101.46,101.59,101.00,101.39,91000,96.40
2010-05-21,100.26,101.18,100.00,101.08,181200,96.11
2010-05-20,101.81,101.81,100.24,100.31,256300,95.38
2010-05-19,102.75,102.75,102.10,102.34,243200,97.31
2010-05-18,103.48,103.48,102.74,102.91,96500,97.85
2010-05-17,103.30,103.30,102.85,103.06,54300,97.99
2010-05-14,103.43,103.44,102.84,103.08,67700,98.01
2010-05-13,103.40,103.86,103.40,103.59,94100,98.50
2010-05-12,103.14,103.33,102.94,103.26,209000,98.18
2010-05-11,102.72,102.86,102.47,102.86,143300,97.80
2010-05-10,101.48,102.87,101.48,102.81,166100,97.75
2010-05-07,100.29,100.29,99.01,99.46,298000,94.57
2010-05-06,102.36,102.36,97.08,98.11,482000,93.29
2010-05-05,102.95,103.00,102.39,102.67,238800,97.62
2010-05-04,103.81,103.81,103.45,103.45,155300,98.36
2010-05-03,103.96,103.99,103.76,103.98,105700,98.87
2010-04-30,104.34,104.35,104.10,104.30,167400,98.72
2010-04-29,104.00,104.31,103.92,103.95,128700,98.39
2010-04-28,104.10,104.17,103.70,103.76,115700,98.21
2010-04-27,104.58,104.58,103.86,104.02,229000,98.46
2010-04-26,104.80,104.85,104.57,104.75,99000,99.15
2010-04-23,104.96,104.96,104.59,104.70,240100,99.10
2010-04-22,105.09,105.12,104.87,104.94,265000,99.33
2010-04-21,105.30,105.39,105.14,105.23,134700,99.60
2010-04-20,105.18,105.35,105.09,105.35,247900,99.72
2010-04-19,105.20,105.20,104.95,105.05,124800,99.43
2010-04-16,105.44,105.50,105.20,105.32,133000,99.69
2010-04-15,105.02,105.28,104.93,105.28,327600,99.65
2010-04-14,104.70,104.90,104.65,104.71,120500,99.11
2010-04-13,104.56,104.56,104.35,104.45,88500,98.87
2010-04-12,104.34,104.41,104.16,104.40,112500,98.82
2010-04-09,104.10,104.15,103.98,104.15,131900,98.58
2010-04-08,103.96,104.05,103.84,104.04,338000,98.48
2010-04-07,104.04,104.04,103.89,103.90,245400,98.35
2010-04-06,104.13,104.13,103.85,103.85,128400,98.30
2010-04-05,103.93,103.96,103.82,103.96,84000,98.40
2010-04-01,103.92,103.94,103.76,103.82,115500,98.27
2010-03-31,104.32,104.32,104.11,104.25,153700,98.22
2010-03-30,104.06,104.27,104.02,104.14,111800,98.12
2010-03-29,104.21,104.21,104.02,104.18,114400,98.16
2010-03-26,104.15,104.29,103.98,104.10,117300,98.08
2010-03-25,104.37,104.38,104.03,104.15,114500,98.13
2010-03-24,104.41,104.41,104.20,104.36,108100,98.33
2010-03-23,104.36,104.47,104.19,104.44,131000,98.40
2010-03-22,104.26,104.39,104.00,104.39,120400,98.36
2010-03-19,104.46,104.67,104.39,104.67,199600,98.62
2010-03-18,104.45,104.49,104.29,104.34,72000,98.31
2010-03-17,104.50,104.59,104.25,104.59,68500,98.54
2010-03-16,104.27,104.42,104.06,104.17,105200,98.15
2010-03-15,104.04,104.06,103.89,104.06,91300,98.04
2010-03-12,103.51,104.01,103.36,103.88,109300,97.87
2010-03-11,103.36,103.48,103.11,103.18,58500,97.22
2010-03-10,103.46,103.48,102.97,102.97,411500,97.02
2010-03-09,103.08,103.39,102.93,103.09,105900,97.13
2010-03-08,102.90,103.03,102.70,103.02,78100,97.06
2010-03-05,102.59,102.69,102.45,102.61,104400,96.68
2010-03-04,102.41,102.51,102.29,102.50,83100,96.57
2010-03-03,102.43,102.49,102.18,102.40,362000,96.48
2010-03-02,102.17,102.63,101.97,102.51,656700,96.58
2010-03-01,102.09,102.14,101.68,101.68,335400,95.80
2010-02-26,101.47,102.11,101.24,102.09,140300,95.73
2010-02-25,101.23,101.48,101.06,101.32,153200,95.00
2010-02-24,101.14,101.14,100.85,100.96,204500,94.67
2010-02-23,101.11,101.11,100.73,100.81,70900,94.53
2010-02-22,101.18,101.18,100.85,100.97,69800,94.68
2010-02-19,100.80,100.92,100.50,100.92,118100,94.63
2010-02-18,100.73,100.90,100.48,100.57,129800,94.30
2010-02-17,100.75,100.82,100.43,100.81,90700,94.53
2010-02-16,100.39,100.63,100.10,100.38,67300,94.12
2010-02-12,100.06,100.46,100.01,100.21,137000,93.96
2010-02-11,99.93,100.36,99.72,100.36,130600,94.10
2010-02-10,99.61,99.75,99.32,99.66,89600,93.45
2010-02-09,99.66,99.69,99.35,99.35,119400,93.16
2010-02-08,99.29,99.62,99.25,99.47,124500,93.27
2010-02-05,99.13,100.23,97.64,99.03,875400,92.86
2010-02-04,100.29,100.34,99.36,99.38,219800,93.18
2010-02-03,100.74,100.89,100.40,100.40,187300,94.14
2010-02-02,101.15,101.15,100.50,100.54,1151900,94.27
2010-02-01,101.00,101.12,100.63,100.78,76300,94.50
2010-01-29,101.61,101.61,101.15,101.23,165800,94.47
2010-01-28,101.96,101.96,101.50,101.50,103500,94.72
2010-01-27,102.10,102.12,101.75,101.84,205100,95.04
2010-01-26,102.11,102.29,101.91,102.07,118200,95.25
2010-01-25,102.13,102.17,101.92,102.10,68000,95.28
2010-01-22,102.10,102.27,101.89,102.06,68800,95.24
2010-01-21,102.30,102.55,102.25,102.35,115900,95.52
2010-01-20,102.57,102.57,102.29,102.53,169500,95.68
2010-01-19,102.54,102.54,102.27,102.41,157100,95.57
2010-01-15,102.45,102.60,102.25,102.25,180600,95.42
2010-01-14,102.66,102.69,102.31,102.31,90400,95.48
2010-01-13,103.19,103.19,102.80,102.85,130200,95.98
2010-01-12,103.13,103.13,102.94,103.08,138400,96.20
2010-01-11,103.02,103.10,102.89,103.06,127000,96.18
2010-01-08,102.28,102.49,102.18,102.28,327900,95.45
2010-01-07,102.38,102.51,102.10,102.16,98300,95.34
2010-01-06,102.60,102.75,102.23,102.69,135300,95.83
2010-01-05,102.21,102.58,102.07,102.55,98700,95.70
2010-01-04,101.74,101.93,101.33,101.93,120500,95.12
2009-12-31,101.36,101.78,101.14,101.78,87500,94.98
2009-12-30,101.64,101.80,101.25,101.40,103300,94.63
2009-12-29,101.63,101.63,101.31,101.36,63700,94.59
2009-12-28,101.95,101.99,101.75,101.75,64800,94.57
2009-12-24,101.99,102.02,101.90,101.91,67200,94.71
2009-12-23,101.98,102.17,101.95,102.04,104600,94.83
2009-12-22,102.05,102.11,101.95,102.06,70400,94.85
2009-12-21,101.95,102.16,101.90,101.94,80300,94.74
2009-12-18,102.14,102.14,101.86,102.02,46000,94.82
2009-12-17,102.02,102.06,101.76,101.86,66100,94.67
2009-12-16,102.05,102.89,101.91,101.92,373400,94.72
2009-12-15,101.88,102.09,101.79,101.85,84600,94.66
2009-12-14,102.08,102.14,101.80,101.92,50900,94.72
2009-12-11,101.85,101.88,101.71,101.88,48100,94.69
2009-12-10,101.91,101.91,101.74,101.75,75000,94.57
2009-12-09,101.94,101.94,101.60,101.60,118300,94.43
2009-12-08,101.96,102.05,101.73,101.79,77400,94.60
2009-12-07,101.93,102.02,101.89,102.00,53800,94.80
2009-12-04,101.64,101.97,101.57,101.95,251100,94.75
2009-12-03,102.12,102.21,101.83,102.02,108200,94.82
2009-12-02,102.40,102.50,102.09,102.09,194900,94.88
2009-12-01,102.03,102.32,101.77,102.24,143100,95.02
2009-11-30,102.52,102.63,101.82,102.38,199300,94.76
2009-11-27,102.02,102.59,101.88,102.56,41000,94.93
2009-11-25,103.22,103.27,102.87,103.18,96900,95.50
2009-11-24,103.00,103.05,102.84,103.03,178700,95.36
2009-11-23,102.70,102.88,102.61,102.79,166700,95.14
2009-11-20,102.61,102.74,102.32,102.66,179700,95.02
2009-11-19,102.79,102.80,102.65,102.75,49700,95.10
2009-11-18,102.74,102.99,102.66,102.80,93600,95.15
2009-11-17,103.01,103.05,102.72,102.74,601900,95.09
2009-11-16,102.79,102.95,102.63,102.95,70200,95.29
2009-11-13,102.59,102.64,102.28,102.53,197300,94.90
2009-11-12,102.54,102.66,102.44,102.44,62900,94.81
2009-11-11,102.49,102.49,102.34,102.44,88000,94.81
2009-11-10,101.98,102.46,101.84,102.39,129300,94.77
2009-11-09,101.73,101.85,101.52,101.84,91300,94.26
2009-11-06,101.35,101.53,101.20,101.42,188300,93.87
2009-11-05,101.06,101.30,101.00,101.24,99500,93.70
2009-11-04,100.75,101.01,100.61,100.98,71500,93.46
2009-11-03,100.82,100.85,100.51,100.69,145600,93.19
2009-11-02,101.68,101.69,100.65,101.06,44800,93.54
2009-10-30,101.62,102.06,101.62,102.02,182800,94.01
2009-10-29,101.52,101.52,101.02,101.48,57200,93.51
2009-10-28,102.11,102.37,100.02,101.43,131700,93.47
2009-10-27,102.80,102.80,102.41,102.41,114500,94.37
2009-10-26,103.34,103.34,102.66,102.75,48900,94.68
2009-10-23,103.59,103.72,102.22,103.24,82300,95.13
2009-10-22,103.52,103.55,103.35,103.35,90700,95.24
2009-10-21,103.93,104.01,103.65,103.77,76400,95.62
2009-10-20,104.04,104.11,103.77,104.04,86300,95.87
2009-10-19,103.95,103.99,103.45,103.90,73700,95.74
2009-10-16,104.00,104.00,103.50,103.69,68000,95.55
2009-10-15,104.05,104.07,103.66,104.07,107200,95.90
2009-10-14,104.38,104.43,103.93,104.13,66100,95.95
2009-10-13,104.20,104.35,103.84,104.06,65800,95.89
2009-10-12,104.17,104.29,103.76,104.19,56900,96.01
2009-10-09,104.24,104.35,104.00,104.00,61300,95.84
2009-10-08,103.78,103.95,103.44,103.95,176600,95.79
2009-10-07,103.69,103.82,103.42,103.57,111300,95.44
2009-10-06,103.81,103.81,103.41,103.76,127800,95.61
2009-10-05,102.71,102.94,102.41,102.79,109500,94.72
2009-10-02,102.51,102.67,101.54,102.23,1939300,94.20
2009-10-01,102.75,102.76,102.33,102.51,354300,94.46
2009-09-30,102.40,103.07,102.01,103.02,79500,94.51
2009-09-29,102.10,102.15,101.93,102.00,54300,93.58
2009-09-28,101.96,102.12,101.43,102.12,62100,93.69
2009-09-25,101.87,102.04,101.23,102.02,62300,93.60
2009-09-24,102.17,102.30,101.86,101.86,92200,93.45
2009-09-23,102.46,102.57,101.97,101.97,97400,93.55
2009-09-22,102.51,102.51,101.98,102.18,57000,93.74
2009-09-21,102.59,102.64,102.32,102.41,106200,93.95
2009-09-18,102.30,102.46,102.25,102.41,88300,93.95
2009-09-17,102.24,102.68,102.00,102.68,81500,94.20
2009-09-16,101.01,101.73,101.01,101.73,101600,93.33
2009-09-15,100.57,101.24,100.57,101.24,64800,92.88
2009-09-14,100.01,100.39,100.01,100.33,41800,92.05
2009-09-11,99.52,100.19,99.51,99.75,40600,91.51
2009-09-10,99.95,99.95,99.59,99.76,78000,91.52
2009-09-09,99.19,99.77,98.71,99.76,84500,91.52
2009-09-08,98.53,98.53,98.06,98.51,80600,90.38
2009-09-04,98.30,98.43,97.58,98.09,62700,89.99
2009-09-03,97.66,98.14,97.40,98.12,55500,90.02
2009-09-02,97.96,97.97,96.99,97.48,58000,89.43
2009-09-01,97.98,98.49,97.87,97.88,369100,89.80
2009-08-31,98.45,98.54,98.16,98.41,27000,90.28
2009-08-28,98.15,98.20,98.00,98.20,47400,90.09
2009-08-27,98.16,98.16,97.92,98.13,66500,90.03
2009-08-26,98.15,98.15,98.05,98.10,41900,90.00
2009-08-25,97.90,98.23,97.67,98.23,61300,90.12
2009-08-24,97.98,98.35,97.35,97.65,80100,89.59
2009-08-21,97.87,97.98,97.75,97.98,28800,89.89
2009-08-20,97.68,97.80,97.35,97.35,25200,89.31
2009-08-19,97.36,97.47,97.00,97.47,16700,89.42
2009-08-18,97.45,97.58,96.71,96.87,62800,88.87
2009-08-17,97.49,97.49,96.30,97.07,61800,89.05
2009-08-14,97.48,97.77,97.00,97.73,42700,89.66
2009-08-13,97.53,97.53,96.63,96.91,46600,88.91
2009-08-12,97.26,97.49,97.03,97.44,28400,89.39
2009-08-11,97.58,97.77,97.48,97.71,37300,89.64
2009-08-10,97.81,97.89,97.04,97.74,35400,89.67
2009-08-07,98.02,98.07,97.61,97.93,40000,89.84
2009-08-06,97.88,98.02,97.50,97.99,54400,89.90
2009-08-05,96.98,97.69,96.89,97.67,92100,89.61
2009-08-04,97.24,97.39,96.64,96.64,138700,88.66
2009-08-03,96.77,96.97,96.63,96.96,51900,88.95
2009-07-31,96.31,96.89,96.15,96.52,66200,88.55
2009-07-30,96.27,96.35,96.05,96.06,51500,88.13
2009-07-29,96.32,96.33,95.81,95.81,24600,87.90
2009-07-28,96.28,96.40,95.85,96.37,38200,88.41
2009-07-27,96.02,96.35,95.63,96.35,31800,88.39
2009-07-24,95.18,95.80,95.14,95.79,56600,87.88
2009-07-23,95.19,95.65,94.90,95.35,41100,87.48
2009-07-22,95.19,95.44,94.90,95.43,28600,87.55
2009-07-21,94.76,95.13,94.43,95.13,44500,87.28
2009-07-20,94.50,94.60,94.24,94.60,34000,86.79
2009-07-17,94.20,94.24,94.14,94.24,84600,86.46
2009-07-16,93.79,94.10,93.30,94.10,38300,86.33
2009-07-15,93.89,93.94,93.40,93.40,48300,85.69
2009-07-14,93.61,93.64,93.41,93.53,28300,85.81
2009-07-13,93.17,93.49,92.82,93.38,398800,85.67
2009-07-10,92.71,93.30,92.42,93.25,22500,85.55
2009-07-09,92.65,92.80,91.97,92.21,55800,84.60
2009-07-08,93.57,93.57,92.42,92.74,49800,85.08
2009-07-07,93.50,93.54,92.78,93.08,7500,85.39
2009-07-06,93.88,93.89,93.01,93.45,19400,85.73
2009-07-02,93.28,93.84,93.25,93.74,28300,86.00
2009-07-01,93.64,93.91,93.50,93.77,102800,86.03
2009-06-30,94.09,94.11,93.81,94.08,24600,85.88
2009-06-29,93.42,93.80,93.16,93.79,21400,85.61
2009-06-26,92.48,93.31,92.42,93.31,18300,85.18
2009-06-25,92.04,92.79,91.91,91.91,26800,83.90
2009-06-24,92.06,92.42,91.43,91.83,19200,83.82
2009-06-23,92.48,92.56,91.30,91.30,15000,83.34
2009-06-22,93.37,93.84,91.92,92.46,65500,84.40
2009-06-19,93.80,93.90,92.66,93.10,31100,84.98
2009-06-18,93.97,94.30,93.81,93.93,56000,85.74
2009-06-17,93.52,94.41,93.17,94.39,82700,86.16
2009-06-16,93.87,93.95,93.08,93.08,41600,84.97
2009-06-15,93.31,93.82,93.16,93.81,22600,85.63
2009-06-12,93.76,94.36,93.47,94.29,20200,86.07
2009-06-11,93.35,93.63,92.89,93.45,65600,85.30
2009-06-10,94.44,94.50,92.97,93.00,141200,84.89
2009-06-09,94.67,94.67,93.89,93.99,19600,85.80
2009-06-08,94.56,94.60,93.97,93.97,27600,85.78
2009-06-05,94.94,94.95,94.40,94.84,20000,86.57
2009-06-04,94.93,95.01,94.80,94.97,56900,86.69
2009-06-03,95.10,95.12,94.50,94.82,35700,86.55
2009-06-02,93.83,94.98,93.83,94.94,58100,86.66
2009-06-01,94.79,94.83,93.69,94.24,66300,86.02
2009-05-29,94.45,94.56,93.68,93.68,40100,85.06
2009-05-28,94.07,94.22,94.01,94.19,32500,85.52
2009-05-27,94.22,94.29,94.00,94.24,59500,85.57
2009-05-26,93.83,94.00,93.83,94.00,24700,85.35
2009-05-22,93.49,94.15,93.45,93.86,383800,85.23
2009-05-21,93.90,94.30,93.45,94.17,114100,85.51
2009-05-20,94.01,94.49,93.32,93.33,42900,84.74
2009-05-19,93.00,94.10,93.00,93.62,22900,85.01
2009-05-18,93.21,93.21,92.74,93.14,26900,84.57
2009-05-15,93.29,93.29,92.80,92.91,33900,84.36
2009-05-14,92.79,93.70,92.79,93.25,37100,84.67
2009-05-13,94.20,94.20,93.14,93.63,52800,85.02
2009-05-12,94.68,94.74,93.75,94.00,40800,85.35
2009-05-11,94.21,94.79,94.20,94.75,22000,86.03
2009-05-08,94.65,94.90,94.54,94.89,17300,86.16
2009-05-07,94.70,94.70,94.00,94.40,15500,85.72
2009-05-06,93.32,93.71,93.00,93.71,25900,85.09
2009-05-05,92.15,93.05,91.65,93.05,70700,84.49
2009-05-04,90.87,91.32,90.79,91.28,19500,82.88
2009-05-01,90.88,91.20,89.60,91.20,38300,82.81
2009-04-30,89.61,91.89,89.61,91.62,22600,82.66
2009-04-29,89.56,90.82,89.31,89.31,14000,80.58
2009-04-28,90.00,90.00,88.39,89.44,14800,80.70
2009-04-27,90.50,90.77,88.53,88.53,18800,79.88
2009-04-24,89.81,89.88,89.19,89.46,7300,80.72
2009-04-23,90.04,90.04,88.73,88.74,47300,80.07
2009-04-22,90.16,90.16,89.17,89.64,26000,80.88
2009-04-21,89.48,90.22,89.48,89.50,78800,80.75
2009-04-20,90.18,90.85,89.50,89.50,114200,80.75
2009-04-17,90.54,90.70,90.03,90.44,9300,81.60
2009-04-16,90.97,91.07,90.10,90.10,13200,81.29
2009-04-15,89.04,90.57,89.00,90.57,39900,81.72
2009-04-14,87.47,90.35,87.47,89.00,51300,80.30
2009-04-13,90.13,90.13,88.09,90.00,26000,81.20
2009-04-09,88.13,89.74,88.10,88.13,16000,79.52
2009-04-08,87.99,88.62,87.33,88.62,8000,79.96
2009-04-07,88.74,88.74,88.00,88.00,10800,79.40
2009-04-06,87.77,88.07,87.15,88.06,22200,79.45
2009-04-03,85.56,87.16,85.56,86.40,31700,77.95
2009-04-02,86.73,86.73,85.52,86.60,57800,78.14
2009-04-01,85.39,85.90,85.09,85.09,9600,76.77
2009-03-31,86.18,86.18,84.70,85.57,4900,76.74
2009-03-30,85.47,86.06,84.80,84.80,20500,76.04
2009-03-27,85.89,86.14,84.76,85.98,10400,77.10
2009-03-26,84.61,85.65,84.55,85.44,12500,76.62
2009-03-25,86.37,86.37,85.70,85.70,12000,76.85
2009-03-24,85.82,86.66,85.82,86.30,19400,77.39
2009-03-23,86.25,86.75,83.69,85.82,28300,76.96
2009-03-20,86.99,86.99,85.39,85.83,18000,76.97
2009-03-19,85.66,86.10,85.26,86.10,16400,77.21
2009-03-18,84.02,85.12,83.89,85.12,6100,76.33
2009-03-17,83.15,85.45,83.15,83.76,12300,75.11
2009-03-16,82.92,84.67,82.53,83.72,10600,75.08
2009-03-13,82.76,83.60,82.33,82.63,9500,74.10
2009-03-12,81.89,81.95,81.36,81.87,15100,73.42
2009-03-11,78.73,81.35,78.73,80.97,8900,72.61
2009-03-10,78.52,79.25,78.09,78.23,13700,70.15
2009-03-09,77.69,78.88,77.69,77.94,32600,69.89
2009-03-06,79.97,79.97,77.56,78.30,131200,70.22
2009-03-05,80.47,80.49,79.01,79.01,5800,70.85
2009-03-04,81.14,81.14,78.91,79.30,12600,71.11
2009-03-03,80.48,81.18,80.00,80.50,24100,72.19
2009-03-02,81.27,81.42,80.65,81.00,56900,72.64
2009-02-27,82.11,82.50,81.90,81.90,15500,73.01
2009-02-26,82.27,83.59,82.16,82.16,13300,73.24
2009-02-25,83.17,83.68,82.25,82.25,12000,73.32
2009-02-24,81.95,83.86,81.04,83.50,15700,74.43
2009-02-23,80.85,81.95,80.85,81.95,28800,73.05
2009-02-20,81.11,81.13,80.50,80.78,26100,72.01
2009-02-19,81.86,82.06,81.50,81.71,21100,72.84
2009-02-18,81.14,83.71,81.01,82.23,23900,73.30
2009-02-17,82.37,82.75,81.50,81.51,9400,72.66
2009-02-13,82.25,82.98,82.25,82.69,17300,73.71
2009-02-12,83.86,83.87,82.70,82.70,12300,73.72
2009-02-11,85.23,85.23,84.09,84.39,10700,75.23
2009-02-10,84.00,85.10,83.83,84.96,21200,75.73
2009-02-09,82.99,84.50,82.99,83.66,8300,74.57
2009-02-06,83.65,83.65,81.43,82.95,16500,73.94
2009-02-05,84.10,84.10,81.84,82.50,16300,73.54
2009-02-04,85.32,85.43,83.57,83.93,19200,74.82
2009-02-03,86.64,87.00,82.83,85.35,20500,76.08
2009-02-02,87.01,87.01,84.00,84.07,24800,74.94
2009-01-30,87.65,87.65,87.13,87.25,4900,77.34
2009-01-29,87.44,88.19,86.51,87.99,13500,78.00
2009-01-28,84.56,88.51,84.56,87.69,28300,77.73
2009-01-27,84.99,85.51,84.54,85.30,9800,75.61
2009-01-26,84.98,84.98,83.50,84.27,12800,74.70
2009-01-23,83.28,84.43,83.13,84.40,134500,74.81
2009-01-22,83.24,83.30,82.75,83.30,31700,73.84
2009-01-21,84.50,84.51,81.53,82.57,23800,73.19
2009-01-20,87.58,87.58,82.66,83.80,49900,74.28
2009-01-16,88.61,90.22,85.90,86.00,22700,76.23
2009-01-15,87.80,88.59,87.74,88.19,14400,78.17
2009-01-14,89.12,89.12,87.23,88.48,31200,78.43
2009-01-13,85.53,88.45,85.53,87.25,20000,77.34
2009-01-12,89.49,89.58,86.01,86.01,12700,76.24
2009-01-09,88.40,89.51,88.15,89.51,19800,79.34
2009-01-08,87.49,88.12,87.45,88.12,10500,78.11
2009-01-07,88.48,88.48,85.55,87.51,24900,77.57
2009-01-06,95.93,95.93,85.17,85.53,51400,75.82
2009-01-05,95.39,95.39,94.70,95.15,37300,84.34
2009-01-02,93.93,95.54,93.44,95.39,29700,84.56
2008-12-31,93.34,93.98,92.74,93.78,16300,83.13
2008-12-30,97.20,97.80,90.50,91.29,23100,80.92
2008-12-29,92.21,92.22,89.79,91.65,34400,81.24
2008-12-26,86.54,92.00,86.54,91.73,46100,80.99
2008-12-24,88.49,88.83,87.80,88.82,21100,78.42
2008-12-23,88.29,88.68,88.03,88.68,35900,78.30
2008-12-22,87.02,87.84,86.00,87.69,30200,77.42
2008-12-19,84.15,88.60,84.15,87.60,49000,77.34
2008-12-18,83.98,87.24,83.95,86.40,47900,76.28
2008-12-17,82.34,84.00,82.05,82.82,15800,73.12
2008-12-16,80.00,82.63,80.00,81.99,18500,72.39
2008-12-15,79.04,82.11,79.02,81.26,28100,71.75
2008-12-12,80.63,81.00,78.78,79.53,42300,70.22
2008-12-11,81.09,81.12,80.60,80.60,18400,71.16
2008-12-10,81.09,81.10,79.90,80.48,15900,71.06
2008-12-09,80.45,80.95,79.85,80.89,35300,71.42
2008-12-08,82.39,82.39,79.19,80.65,21800,71.21
2008-12-05,82.58,82.59,80.03,82.16,23100,72.54
2008-12-04,81.71,82.47,80.01,82.22,15800,72.59
2008-12-03,77.00,82.39,76.87,82.37,65700,72.73
2008-12-02,78.01,82.14,78.01,78.72,13700,69.50
2008-12-01,82.00,82.00,77.50,77.60,19600,68.51
2008-11-28,81.50,82.40,78.90,80.50,6100,70.63
2008-11-26,81.62,81.65,78.15,80.90,7600,70.98
2008-11-25,79.60,81.83,77.28,79.93,26800,70.13
2008-11-24,75.89,78.65,75.34,77.07,17500,67.62
2008-11-21,73.48,77.25,72.79,74.65,35300,65.49
2008-11-20,74.66,76.34,72.85,73.35,36600,64.35
2008-11-19,76.04,76.70,75.99,76.19,18700,66.84
2008-11-18,77.88,77.88,75.59,76.52,32700,67.13
2008-11-17,78.87,81.87,75.87,78.90,56100,69.22
2008-11-14,78.01,80.58,76.72,80.01,26300,70.20
2008-11-13,77.25,80.00,77.25,79.31,14400,69.58
2008-11-12,79.36,79.84,78.77,79.84,8700,70.05
2008-11-11,80.00,80.00,79.63,80.00,7400,70.19
2008-11-10,78.80,80.46,78.70,80.46,19700,70.59
2008-11-07,80.00,81.23,77.20,77.76,46000,68.22
2008-11-06,81.00,81.75,80.07,81.75,14200,71.72
2008-11-05,82.00,83.00,81.32,82.35,26700,72.25
2008-11-04,77.99,80.68,77.00,80.37,43100,70.51
2008-11-03,76.33,86.66,74.53,77.09,71600,67.63
2008-10-31,72.97,74.84,71.04,73.92,16800,64.46
2008-10-30,68.70,70.10,68.30,70.10,12800,61.13
2008-10-29,65.47,66.38,64.34,65.68,52000,57.27
2008-10-28,68.00,68.93,62.92,65.21,43000,56.86
2008-10-27,68.57,68.57,66.32,67.83,19900,59.15
2008-10-24,67.18,67.82,64.80,67.82,16300,59.14
2008-10-23,71.74,71.74,68.82,69.67,63100,60.75
2008-10-22,76.02,76.03,73.05,73.40,4400,64.01
2008-10-21,78.19,78.32,76.99,77.47,53000,67.55
2008-10-20,77.47,77.47,75.54,76.42,13200,66.64
2008-10-17,76.26,77.26,76.01,77.14,10000,67.27
2008-10-16,79.32,79.92,77.32,77.85,17400,67.89
2008-10-15,82.91,82.91,80.69,80.79,13200,70.45
2008-10-14,82.79,82.89,80.37,81.26,25600,70.86
2008-10-13,80.58,81.58,79.98,81.58,9800,71.14
2008-10-10,80.05,81.45,78.03,80.48,39000,70.18
2008-10-09,85.66,85.66,84.30,84.30,23800,73.51
2008-10-08,85.05,87.51,84.35,85.21,62900,74.30
2008-10-07,88.71,88.81,87.76,88.21,10800,76.92
2008-10-06,90.61,91.16,89.08,90.03,22500,78.51
2008-10-03,91.11,91.83,90.60,91.18,5700,79.51
2008-10-02,92.18,92.18,91.27,91.36,8600,79.67
2008-10-01,92.19,92.19,91.46,92.00,7900,80.22
2008-09-30,92.41,92.70,91.81,92.14,11500,79.97
2008-09-29,92.36,93.74,91.71,92.17,27100,79.99
2008-09-26,94.13,94.13,93.13,93.86,6600,81.46
2008-09-25,94.65,94.65,93.44,93.73,25000,81.35
2008-09-24,93.22,94.30,93.13,94.30,6400,81.84
2008-09-23,91.59,93.14,91.59,92.81,14400,80.55
2008-09-22,91.65,95.30,90.89,90.99,36800,78.97
2008-09-19,92.33,96.50,87.37,92.75,20300,80.50
2008-09-18,95.07,95.07,87.08,88.78,47800,77.05
2008-09-17,95.45,95.45,93.64,93.64,38600,81.27
2008-09-16,95.48,95.81,94.81,95.81,56500,83.15
2008-09-15,97.78,97.78,96.80,96.88,87800,84.08
2008-09-12,98.31,98.31,97.53,97.90,27500,84.97
2008-09-11,98.84,98.84,98.25,98.51,11600,85.50
2008-09-10,99.01,99.01,98.66,98.80,3300,85.75
2008-09-09,99.26,99.26,98.73,98.86,5100,85.80
2008-09-08,99.29,99.30,98.98,99.04,5500,85.96
2008-09-05,99.25,99.25,98.86,99.00,16100,85.92
2008-09-04,99.39,99.45,99.11,99.14,104900,86.04
2008-09-03,99.34,99.38,99.08,99.35,5000,86.22
2008-09-02,99.40,99.40,98.98,99.39,10200,86.26
2008-08-29,99.54,99.68,99.49,99.68,4900,86.51
2008-08-28,99.27,99.52,99.14,99.52,5600,86.37
2008-08-27,99.24,99.35,99.06,99.34,4100,86.22
2008-08-26,98.91,99.26,98.91,99.23,9200,86.12
2008-08-25,99.10,99.41,99.10,99.40,7200,86.27
2008-08-22,99.30,99.43,99.20,99.43,18400,86.29
2008-08-21,99.35,99.35,99.19,99.24,1800,86.13
2008-08-20,99.38,99.38,99.33,99.33,3800,86.21
2008-08-19,99.31,99.31,99.14,99.24,5000,86.13
2008-08-18,99.38,99.53,99.36,99.37,8500,86.24
2008-08-15,99.17,99.30,99.17,99.29,2700,86.17
2008-08-14,99.07,99.14,99.07,99.11,11000,86.02
2008-08-13,98.70,99.13,98.70,99.08,9200,85.99
2008-08-12,99.07,99.11,98.80,99.06,7000,85.97
2008-08-11,98.82,98.88,98.68,98.87,5900,85.81
2008-08-08,98.75,98.82,98.64,98.79,9500,85.74
2008-08-07,98.95,99.08,98.95,99.05,9800,85.96
2008-08-06,99.03,99.03,98.75,98.99,6700,85.91
2008-08-05,98.96,98.97,98.61,98.97,2500,85.89
2008-08-04,98.94,99.00,98.92,98.95,1800,85.88
2008-08-01,98.71,99.00,98.65,98.65,7100,85.62
2008-07-31,99.42,99.42,99.40,99.40,5000,85.90
2008-07-30,99.16,99.22,98.94,99.21,23000,85.73
2008-07-29,98.79,98.99,98.79,98.99,8700,85.54
2008-07-28,98.70,98.74,98.40,98.74,1800,85.33
2008-07-25,98.33,98.81,98.33,98.81,3200,85.39
2008-07-24,98.95,98.95,98.41,98.41,10100,85.04
2008-07-23,98.82,98.82,98.33,98.71,4200,85.30
2008-07-22,99.17,99.17,98.27,98.60,23200,85.21
2008-07-21,99.05,99.12,98.91,99.11,6800,85.65
2008-07-18,98.86,98.91,98.54,98.90,4100,85.46
2008-07-17,98.83,98.96,98.49,98.88,7400,85.45
2008-07-16,98.32,98.56,98.14,98.56,12200,85.17
2008-07-15,98.75,98.75,98.42,98.65,11600,85.25
2008-07-14,98.78,98.78,98.48,98.68,3700,85.27
2008-07-11,98.28,98.60,98.12,98.59,24500,85.20
2008-07-10,98.34,98.34,98.07,98.27,6000,84.92
2008-07-09,98.91,98.91,98.15,98.42,14300,85.05
2008-07-08,98.62,98.70,98.46,98.56,15200,85.17
2008-07-07,98.08,98.49,98.08,98.49,12100,85.11
2008-07-03,97.83,98.28,97.83,98.28,10500,84.93
2008-07-02,98.22,98.42,98.21,98.36,9100,85.00
2008-07-01,98.11,98.23,97.96,98.10,16000,84.77
2008-06-30,98.97,99.01,98.47,99.00,37900,85.22
2008-06-27,99.10,99.10,98.63,98.84,4100,85.09
2008-06-26,99.44,99.44,99.30,99.42,5600,85.59
2008-06-25,99.57,99.65,99.44,99.65,2100,85.78
2008-06-24,99.39,99.62,99.38,99.60,5800,85.74
2008-06-23,99.60,99.69,99.47,99.69,4300,85.82
2008-06-20,99.86,99.86,99.65,99.85,1200,85.96
2008-06-19,99.70,99.89,99.64,99.89,5300,85.99
2008-06-18,99.57,100.07,99.57,100.00,5100,86.09
2008-06-17,99.85,100.13,99.56,100.13,21900,86.20
2008-06-16,100.16,100.18,99.87,99.87,3500,85.97
2008-06-13,99.87,100.16,99.87,100.16,4700,86.22
2008-06-12,99.94,100.45,99.93,100.29,7300,86.34
2008-06-11,100.55,100.84,100.26,100.84,10400,86.81
2008-06-10,101.07,101.07,100.36,100.79,11100,86.77
2008-06-09,101.23,101.28,101.21,101.28,6200,87.19
2008-06-06,101.23,101.28,101.20,101.28,3300,87.19
2008-06-05,101.16,101.20,101.16,101.18,12800,87.10
2008-06-04,101.48,101.48,101.18,101.37,2800,87.27
2008-06-03,101.18,101.39,101.02,101.33,3200,87.23
2008-06-02,101.13,101.16,101.00,101.16,2700,87.08
2008-05-30,101.49,101.52,101.10,101.46,12300,87.34
2008-05-29,101.47,101.47,101.16,101.38,5000,87.27
2008-05-28,101.78,101.83,101.67,101.70,8000,87.55
2008-05-27,101.80,101.83,101.75,101.81,11200,87.64
2008-05-23,101.70,101.93,101.70,101.93,10200,87.75
2008-05-22,101.90,101.90,101.72,101.76,3300,87.60
2008-05-21,102.14,102.14,101.94,102.07,7600,87.87
2008-05-20,102.00,102.08,101.86,102.05,5800,87.85
2008-05-19,101.85,101.90,101.85,101.90,15000,87.72
2008-05-16,101.66,101.88,101.64,101.88,8500,87.70
2008-05-15,101.28,101.82,101.25,101.54,12000,87.41
2008-05-14,101.14,101.34,101.14,101.21,2800,87.13
2008-05-13,101.52,101.52,101.37,101.42,27100,87.31
2008-05-12,101.50,101.70,101.08,101.50,12000,87.38
2008-05-09,101.50,101.66,101.50,101.64,2400,87.50
2008-05-08,101.66,101.66,101.43,101.61,9500,87.47
2008-05-07,101.79,101.92,101.49,101.59,31800,87.45
2008-05-06,101.67,101.76,101.65,101.76,5900,87.60
2008-05-05,101.63,101.93,101.54,101.90,12300,87.72
2008-05-02,101.90,101.94,101.89,101.94,7200,87.76
2008-05-01,101.23,101.57,101.23,101.52,4600,87.39
2008-04-30,101.49,101.80,101.28,101.80,8800,87.25
2008-04-29,101.36,101.36,101.01,101.16,4800,86.70
2008-04-28,101.10,101.15,100.92,101.15,2400,86.69
2008-04-25,101.30,101.30,101.10,101.30,6900,86.82
2008-04-24,101.50,101.54,101.28,101.45,11900,86.95
2008-04-23,101.51,101.59,101.40,101.51,12800,87.00
2008-04-22,101.63,101.63,101.49,101.63,6400,87.11
2008-04-21,101.70,101.76,101.54,101.76,5000,87.22
2008-04-18,101.67,101.77,101.50,101.77,12800,87.23
2008-04-17,102.14,102.14,101.80,101.99,18500,87.41
2008-04-16,102.08,102.27,102.08,102.12,8800,87.53
2008-04-15,102.00,102.03,101.85,102.03,1000,87.45
2008-04-14,101.92,101.92,101.92,101.92,40500,87.35
2008-04-11,101.65,101.89,101.65,101.89,7600,87.33
2008-04-10,101.64,101.78,101.44,101.78,2300,87.23
2008-04-09,101.57,101.57,101.51,101.52,1200,87.01
2008-04-08,101.47,101.53,101.24,101.53,3400,87.02
2008-04-07,101.49,101.50,101.43,101.50,1600,86.99
2008-04-04,101.25,101.25,101.21,101.23,2900,86.76
2008-04-03,100.92,100.92,100.64,100.91,3700,86.49
2008-04-02,100.88,100.88,100.53,100.83,1800,86.42
2008-04-01,100.74,100.91,100.50,100.52,19500,86.15
2008-03-31,101.18,101.18,101.08,101.09,2300,86.64
2008-03-28,101.22,101.22,100.81,101.12,3900,86.67
2008-03-27,101.02,101.31,101.02,101.31,2200,86.83
2008-03-26,101.32,101.35,101.20,101.35,7400,86.87
2008-03-25,101.10,101.39,101.10,101.15,5400,86.69
2008-03-24,101.31,101.35,100.98,101.35,4300,86.87
2008-03-20,100.91,101.33,100.91,101.33,2100,86.85
2008-03-19,101.30,101.35,101.01,101.35,2100,86.87
2008-03-18,100.56,101.23,100.53,101.23,6600,86.76
2008-03-17,100.60,100.73,100.53,100.73,700,86.33
2008-03-14,100.83,100.94,100.69,100.94,7000,86.51
2008-03-13,100.78,100.83,100.39,100.50,6000,86.14
2008-03-12,100.82,100.82,100.74,100.74,5500,86.34
2008-03-11,100.69,100.69,100.55,100.69,1500,86.30
2008-03-10,100.80,100.80,100.78,100.78,1300,86.38
2008-03-07,100.80,100.80,100.70,100.77,3600,86.37
2008-03-06,101.03,101.03,100.87,100.87,900,86.45
2008-03-05,100.99,101.02,100.90,101.02,3400,86.58
2008-03-04,100.76,101.01,100.68,100.88,4100,86.46
2008-03-03,101.06,101.06,100.73,101.01,3500,86.57
2008-02-29,101.39,101.43,101.27,101.42,3000,86.93
2008-02-28,101.11,101.12,101.11,101.12,217400,86.67
2008-02-27,101.16,101.26,101.16,101.21,20600,86.75
2008-02-26,100.85,101.02,100.85,101.01,1100,86.57
2008-02-25,100.86,100.92,100.86,100.92,2100,86.50
2008-02-22,100.79,100.79,100.79,100.79,1700,86.39
2008-02-21,100.63,100.63,100.30,100.42,1600,86.07
2008-02-20,100.53,100.53,100.53,100.53,000,86.16
2008-02-19,100.82,100.82,100.53,100.53,2200,86.16
2008-02-15,101.04,101.29,101.04,101.29,900,86.81
2008-02-14,101.14,101.14,101.02,101.10,3500,86.65
2008-02-13,100.88,101.11,100.88,101.11,3200,86.66
2008-02-12,100.84,100.92,100.66,100.92,3300,86.50
2008-02-11,101.01,101.01,100.74,100.89,4300,86.47
2008-02-08,100.82,100.94,100.70,100.94,7300,86.51
2008-02-07,101.51,101.51,101.03,101.33,11200,86.85
2008-02-06,101.65,101.69,101.65,101.69,1900,87.16
2008-02-05,101.94,101.94,101.50,101.65,11600,87.12
2008-02-04,101.88,101.88,101.88,101.88,1100,87.32
2008-02-01,102.28,102.28,101.56,101.84,7300,87.29
2008-01-31,102.30,102.33,102.15,102.31,600,87.69
2008-01-30,101.89,102.28,101.89,102.28,2400,87.66
2008-01-29,102.22,102.22,101.97,101.97,1200,87.40
2008-01-28,102.11,102.14,102.11,102.14,2000,87.54
2008-01-25,102.06,102.25,102.06,102.18,1400,87.58
2008-01-24,102.27,102.27,101.76,102.02,26900,87.44
2008-01-23,102.04,102.25,101.90,102.00,12000,87.42
2008-01-22,102.00,102.01,101.55,101.98,6000,87.41
2008-01-18,102.06,102.48,102.05,102.47,4300,87.83
2008-01-17,102.48,102.48,102.30,102.41,45700,87.77
2008-01-16,102.34,102.50,102.11,102.50,3100,87.85
2008-01-15,102.26,102.36,102.26,102.36,104100,87.73
2008-01-14,102.10,102.19,102.10,102.19,13100,87.59
2008-01-11,102.02,102.07,101.84,101.84,1800,87.29
2008-01-10,102.09,102.21,102.09,102.21,300,87.60
2008-01-09,102.22,102.22,102.12,102.12,1400,87.53
2008-01-08,102.23,102.23,101.24,102.20,45700,87.59
2008-01-07,101.86,101.95,101.69,101.95,11000,87.38
2008-01-04,101.74,101.74,101.66,101.72,1800,87.18
2008-01-03,101.77,101.77,101.67,101.67,2300,87.14
2008-01-02,101.15,101.53,101.15,101.49,7600,86.99
2007-12-31,101.37,101.40,101.35,101.35,1600,86.87
2007-12-28,101.20,101.21,101.17,101.21,2900,86.75
2007-12-27,101.25,101.25,101.10,101.17,1300,86.71
2007-12-26,101.29,101.41,101.29,101.41,400,86.92
2007-12-24,101.33,101.33,101.33,101.33,100,86.85
2007-12-21,101.50,101.54,101.03,101.15,23500,86.69
2007-12-20,101.31,101.31,101.26,101.26,1500,86.79
2007-12-19,101.04,101.22,101.04,101.22,47900,86.75