2011-05-10,28.94,29.03,28.94,29.03,200,29.03
2011-05-09,28.95,28.95,28.95,28.95,200,28.95
2011-05-06,28.62,28.62,28.62,28.62,000,28.62
2011-05-05,28.54,28.62,28.54,28.62,400,28.62
2011-05-04,29.41,29.41,29.41,29.41,000,29.41
2011-05-03,29.47,29.52,29.17,29.41,1400,29.41
2011-05-02,29.97,29.97,29.97,29.97,000,29.97
2011-04-29,29.97,29.97,29.97,29.97,100,29.97
2011-04-28,29.86,29.97,29.86,29.97,600,29.97
2011-04-27,30.20,30.20,30.20,30.20,000,30.20
2011-04-26,29.85,30.20,29.85,30.20,1500,30.20
2011-04-25,30.04,30.04,30.04,30.04,000,30.04
2011-04-21,30.04,30.04,30.04,30.04,000,30.04
2011-04-20,30.04,30.04,30.04,30.04,200,30.04
2011-04-19,29.55,29.55,29.55,29.55,200,29.55
2011-04-18,29.34,29.74,29.24,29.24,1900,29.24
2011-04-15,29.83,29.83,29.83,29.83,300,29.83
2011-04-14,29.71,29.71,29.71,29.71,000,29.71
2011-04-13,29.71,29.71,29.71,29.71,2300,29.71
2011-04-12,29.77,29.77,29.77,29.77,000,29.77
2011-04-11,30.16,30.16,29.77,29.77,2400,29.77
2011-04-08,30.26,30.26,30.26,30.26,000,30.26
2011-04-07,30.26,30.26,30.26,30.26,300,30.26
2011-04-06,30.26,30.26,30.26,30.26,200,30.26
2011-04-05,30.08,30.14,29.90,30.08,900,30.08
2011-04-04,30.13,30.13,29.72,29.72,1100,29.72
2011-04-01,29.81,29.81,29.73,29.75,400,29.75
2011-03-31,28.89,29.25,28.89,29.25,500,29.25
2011-03-30,28.38,28.38,28.38,28.38,000,28.38
2011-03-29,28.52,28.52,28.37,28.38,275900,28.38
2011-03-28,28.48,28.48,28.38,28.38,1200,28.38
2011-03-25,28.54,28.54,28.54,28.54,200,28.54
2011-03-24,27.79,27.79,27.79,27.79,000,27.79
2011-03-23,27.79,27.79,27.79,27.79,000,27.79
2011-03-22,27.79,27.79,27.79,27.79,300,27.79
2011-03-21,27.20,27.20,27.20,27.20,000,27.20
2011-03-18,27.35,27.35,27.20,27.20,300,27.20
2011-03-17,27.00,27.17,27.00,27.17,3600,27.17
2011-03-16,27.35,27.46,26.64,26.64,500,26.64
2011-03-15,27.08,27.46,27.08,27.18,700,27.18
2011-03-14,27.75,27.75,27.75,27.75,000,27.75
2011-03-11,27.75,27.75,27.75,27.75,000,27.75
2011-03-10,27.79,27.79,27.75,27.75,700,27.75
2011-03-09,28.30,28.30,28.28,28.28,1900,28.28
2011-03-08,27.99,27.99,27.99,27.99,900,27.99
2011-03-07,27.82,27.82,27.66,27.66,1300,27.66
2011-03-04,28.03,28.08,27.71,28.01,38700,28.01
2011-03-03,27.59,28.21,27.59,27.94,27400,27.94
2011-03-02,27.12,27.12,27.02,27.02,500,27.02
2011-03-01,26.97,26.97,26.66,26.69,2900,26.69
2011-02-28,27.22,27.22,26.96,26.97,3000,26.97
2011-02-25,26.68,26.78,26.64,26.69,12700,26.69
2011-02-24,26.62,26.62,26.42,26.42,1100,26.42
2011-02-23,26.41,26.48,26.30,26.48,2100,26.48
2011-02-22,27.22,27.22,26.75,26.75,2200,26.75
2011-02-18,27.29,27.42,27.28,27.42,2400,27.42
2011-02-17,27.40,27.40,27.40,27.40,200,27.40
2011-02-16,27.39,27.39,27.39,27.39,200,27.39
2011-02-15,27.06,27.07,26.99,27.07,3200,27.07
2011-02-14,26.75,26.83,26.75,26.83,600,26.83
2011-02-11,27.00,27.00,27.00,27.00,000,27.00
2011-02-10,27.00,27.00,27.00,27.00,000,27.00
2011-02-09,28.00,28.00,27.00,27.00,300,27.00
2011-02-08,27.50,27.50,27.46,27.46,10500,27.46
2011-02-07,26.65,26.65,26.65,26.65,100,26.65
2011-02-04,27.06,27.26,27.06,27.26,800,27.26
2011-02-03,27.48,27.48,27.06,27.36,2600,27.36
2011-02-02,27.74,27.74,27.50,27.50,11000,27.50
2011-02-01,27.27,27.27,27.27,27.27,200,27.27
2011-01-31,25.60,27.08,24.93,26.92,3500,26.92
2011-01-28,27.56,27.56,26.79,26.79,1800,26.79
2011-01-27,27.74,27.74,27.71,27.71,400,27.71
2011-01-26,28.01,28.01,27.89,28.00,5100,28.00
2011-01-25,27.56,27.56,27.56,27.56,400,27.56
2011-01-24,27.42,27.72,27.42,27.72,700,27.72
2011-01-21,27.84,27.91,27.74,27.91,16100,27.91
2011-01-20,28.19,28.19,28.00,28.00,1200,28.00
2011-01-19,28.25,28.25,28.23,28.23,3600,28.23
2011-01-18,29.09,29.09,28.70,28.70,2800,28.70
2011-01-14,29.15,29.15,29.15,29.15,100,29.15
2011-01-13,29.14,29.42,28.86,28.86,13100,28.86
2011-01-12,28.65,29.03,28.65,29.03,1800,29.03
2011-01-11,28.05,28.05,28.05,28.05,000,28.05
2011-01-10,28.39,28.39,28.05,28.05,4600,28.05
2011-01-07,28.70,28.70,28.60,28.60,700,28.60
2011-01-06,29.01,29.01,29.01,29.01,600,29.01
2011-01-05,29.56,29.56,29.56,29.56,400,29.56
2011-01-04,29.43,29.43,29.43,29.43,300,29.43
2011-01-03,29.10,29.42,29.10,29.42,800,29.42
2010-12-31,28.92,28.92,28.92,28.92,000,28.92
2010-12-30,28.92,28.92,28.92,28.92,100,28.92
2010-12-29,28.67,28.86,28.67,28.86,2000,28.86
2010-12-28,28.40,28.44,28.40,28.44,1000,28.44
2010-12-27,28.50,28.50,28.30,28.47,1200,28.47
2010-12-23,28.49,28.49,28.46,28.46,600,28.46
2010-12-22,28.35,28.49,28.35,28.49,2000,28.49
2010-12-21,28.37,28.37,28.34,28.34,800,28.34
2010-12-20,27.97,27.97,27.97,27.97,000,27.89
2010-12-17,27.97,27.97,27.97,27.97,100,27.89
2010-12-16,28.08,28.08,28.08,28.08,100,28.00
2010-12-15,28.31,28.31,28.31,28.31,2500,28.23
2010-12-14,28.90,28.90,28.90,28.90,200,28.82
2010-12-13,28.83,28.91,28.49,28.91,1400,28.83
2010-12-10,28.75,28.75,28.75,28.75,000,28.67
2010-12-09,28.75,28.75,28.75,28.75,000,28.67
2010-12-08,28.78,28.79,28.73,28.75,2400,28.67
2010-12-07,29.15,29.19,28.98,28.98,1500,28.90
2010-12-06,29.00,29.00,28.84,28.84,200,28.76
2010-12-03,29.20,29.20,28.95,29.13,1200,29.05
2010-12-02,29.33,29.33,29.32,29.32,400,29.24
2010-12-01,28.64,28.64,28.64,28.64,900,28.56
2010-11-30,27.81,27.81,27.81,27.81,700,27.73
2010-11-29,27.98,27.99,27.78,27.99,500,27.91
2010-11-26,28.85,28.85,28.85,28.85,000,28.77
2010-11-24,28.71,28.85,28.71,28.85,200,28.77
2010-11-23,28.26,28.26,28.26,28.26,400,28.18
2010-11-22,29.09,29.14,28.87,28.87,3200,28.79
2010-11-19,29.24,29.24,29.17,29.17,400,29.09
2010-11-18,29.68,29.68,29.45,29.45,500,29.37
2010-11-17,28.69,28.69,28.69,28.69,100,28.61
2010-11-16,29.29,29.29,28.69,28.69,4100,28.61
2010-11-15,29.71,29.81,29.71,29.71,700,29.63
2010-11-12,29.39,29.72,29.39,29.67,1100,29.59
2010-11-11,30.33,30.33,30.02,30.20,1100,30.12
2010-11-10,30.51,30.79,30.25,30.79,6400,30.71
2010-11-09,31.15,31.36,30.58,30.59,25900,30.51
2010-11-08,31.07,31.14,30.91,31.10,3500,31.01
2010-11-05,31.15,31.15,30.99,30.99,1100,30.90
2010-11-04,31.06,31.23,31.06,31.23,4500,31.14
2010-11-03,30.61,30.63,30.03,30.51,26500,30.43
2010-11-02,30.30,30.30,30.17,30.24,8900,30.16
2010-11-01,29.94,29.96,29.75,29.78,21100,29.70
2010-10-29,29.49,29.49,29.49,29.49,200,29.41
2010-10-28,29.28,29.49,29.28,29.45,3700,29.37
2010-10-27,29.00,29.00,28.99,29.00,2600,28.92
2010-10-26,29.91,29.91,29.91,29.91,100,29.83
2010-10-25,30.06,30.06,29.89,30.00,5200,29.92
2010-10-22,29.77,29.77,29.63,29.63,300,29.55
2010-10-21,30.15,30.15,29.81,29.86,18600,29.78
2010-10-20,29.71,30.01,29.71,30.01,300,29.93
2010-10-19,29.92,29.92,29.32,29.32,25400,29.24
2010-10-18,30.13,30.13,30.04,30.04,300,29.96
2010-10-15,30.12,30.12,30.12,30.12,1300,30.04
2010-10-14,30.28,30.28,29.97,30.12,47000,30.04
2010-10-13,29.81,30.12,29.81,30.12,500,30.04
2010-10-12,29.40,29.74,29.40,29.74,2200,29.66
2010-10-11,29.37,29.37,29.19,29.19,500,29.11
2010-10-08,28.99,29.34,28.99,29.34,500,29.26
2010-10-07,28.19,29.15,28.19,29.11,271600,29.03
2010-10-06,29.22,29.26,29.16,29.16,1500,29.08
2010-10-05,28.50,29.30,28.49,29.30,2800,29.22
2010-10-04,28.47,28.47,28.47,28.47,100,28.39
2010-10-01,28.43,28.43,28.43,28.43,400,28.35
2010-09-30,28.07,28.07,28.07,28.07,400,27.99
2010-09-29,27.96,28.01,27.96,28.01,900,27.93
2010-09-28,27.53,27.54,27.51,27.51,400,27.43
2010-09-27,27.43,27.43,27.43,27.43,000,27.35
2010-09-24,27.43,27.43,27.43,27.43,000,27.35
2010-09-23,27.43,27.43,27.43,27.43,000,27.35
2010-09-22,27.43,27.43,27.43,27.43,000,27.35
2010-09-21,27.49,27.49,27.43,27.43,3800,27.35
2010-09-20,27.45,27.49,27.45,27.49,300,27.41
2010-09-17,27.17,27.17,27.17,27.17,000,27.10
2010-09-16,27.17,27.17,27.17,27.17,100,27.10
2010-09-15,27.27,27.28,27.27,27.28,300,27.20
2010-09-14,27.33,27.38,27.17,27.25,19200,27.17
2010-09-13,27.21,27.21,27.21,27.21,100,27.14
2010-09-10,26.47,26.47,26.47,26.47,000,26.40
2010-09-09,26.47,26.47,26.47,26.47,200,26.40
2010-09-08,26.10,26.10,26.10,26.10,000,26.03
2010-09-07,26.36,26.36,26.10,26.10,12600,26.03
2010-09-03,26.34,26.34,26.34,26.34,500,26.27
2010-09-02,26.17,26.17,26.17,26.17,000,26.10
2010-09-01,25.93,26.30,25.93,26.17,800,26.10
2010-08-31,25.07,25.62,25.07,25.60,1800,25.53
2010-08-30,24.11,24.11,24.11,24.11,000,24.04
2010-08-27,24.11,24.11,24.11,24.11,000,24.04
2010-08-26,24.11,24.11,24.11,24.11,000,24.04
2010-08-25,24.11,24.11,24.11,24.11,000,24.04
2010-08-24,25.25,25.25,24.11,24.11,300,24.04
2010-08-23,25.86,25.86,25.67,25.67,2300,25.60
2010-08-20,26.12,26.12,26.12,26.12,000,26.05
2010-08-19,26.12,26.12,26.12,26.12,000,26.05
2010-08-18,26.12,26.12,26.12,26.12,000,26.05
2010-08-17,26.05,26.12,26.05,26.12,400,26.05
2010-08-16,25.56,25.56,25.56,25.56,000,25.49
2010-08-13,25.56,25.56,25.56,25.56,000,25.49
2010-08-12,25.51,25.56,25.51,25.56,200,25.49
2010-08-11,26.42,26.42,26.42,26.42,000,26.35
2010-08-10,26.30,26.42,26.30,26.42,400,26.35
2010-08-09,26.76,26.79,26.76,26.79,600,26.72
2010-08-06,26.31,26.31,26.28,26.28,300,26.21
2010-08-05,26.50,26.50,26.43,26.43,900,26.36
2010-08-04,26.64,26.64,26.64,26.64,000,26.57
2010-08-03,26.76,26.76,26.54,26.64,2900,26.57
2010-08-02,26.85,27.04,26.85,26.93,800,26.86
2010-07-30,26.34,26.34,26.34,26.34,200,26.27
2010-07-29,26.58,26.58,26.08,26.37,1100,26.30
2010-07-28,26.34,26.34,26.34,26.34,000,26.27
2010-07-27,26.71,26.71,26.34,26.34,1700,26.27
2010-07-26,26.29,26.29,26.17,26.17,2600,26.10
2010-07-23,25.21,25.21,25.21,25.21,000,25.14
2010-07-22,25.21,25.21,25.21,25.21,000,25.14
2010-07-21,25.41,25.52,25.21,25.21,2000,25.14
2010-07-20,24.59,24.59,24.59,24.59,400,24.52
2010-07-19,24.70,24.70,24.70,24.70,100,24.63
2010-07-16,24.50,24.50,24.50,24.50,2000,24.43
2010-07-15,25.15,25.15,25.01,25.05,800,24.98
2010-07-14,25.57,25.57,25.57,25.57,000,25.50
2010-07-13,25.48,25.57,25.45,25.57,3700,25.50
2010-07-12,24.52,24.52,24.52,24.52,000,24.45
2010-07-09,24.52,24.52,24.52,24.52,000,24.45
2010-07-08,24.52,24.52,24.52,24.52,000,24.45
2010-07-07,24.52,24.52,24.52,24.52,100,24.45
2010-07-06,24.07,24.07,24.07,24.07,300,24.00
2010-07-02,23.49,23.49,23.49,23.49,300,23.43
2010-07-01,22.88,22.88,22.88,22.88,500,22.82
2010-06-30,23.54,23.54,23.54,23.54,400,23.48
2010-06-29,23.35,23.35,23.35,23.35,200,23.29
2010-06-28,24.47,24.47,24.47,24.47,200,24.40
2010-06-25,24.30,24.30,24.30,24.30,300,24.23
2010-06-24,24.44,24.44,24.44,24.44,1400,24.37
2010-06-23,24.73,24.73,24.56,24.71,400,24.64
2010-06-22,25.37,25.37,24.98,24.98,400,24.70
2010-06-21,24.62,24.62,24.62,24.62,000,24.34
2010-06-18,24.62,24.62,24.62,24.62,200,24.34
2010-06-17,24.51,24.51,24.51,24.51,100,24.23
2010-06-16,24.44,24.74,24.44,24.74,200,24.46
2010-06-15,24.23,24.23,24.23,24.23,000,23.96
2010-06-14,24.23,24.23,24.23,24.23,400,23.96
2010-06-11,23.48,23.75,23.48,23.75,1000,23.48
2010-06-10,23.57,23.63,23.57,23.63,1400,23.36
2010-06-09,23.29,23.29,23.29,23.29,300,23.03
2010-06-08,23.36,23.36,23.36,23.36,000,23.10
2010-06-07,23.36,23.36,23.36,23.36,1100,23.10
2010-06-04,23.96,23.96,23.96,23.96,000,23.69
2010-06-03,23.96,23.96,23.96,23.96,100,23.69
2010-06-02,23.54,23.54,23.54,23.54,000,23.27
2010-06-01,23.54,23.54,23.54,23.54,300,23.27
2010-05-28,23.67,23.79,23.66,23.67,1900,23.40
2010-05-27,22.79,22.79,22.79,22.79,000,22.53
2010-05-26,23.01,23.01,22.79,22.79,200,22.53
2010-05-25,22.32,22.50,21.77,22.48,1300,22.23
2010-05-24,23.02,23.02,23.02,23.02,300,22.76
2010-05-21,21.87,22.73,21.87,22.73,1200,22.47
2010-05-20,22.71,22.71,22.32,22.32,800,22.07
2010-05-19,23.39,23.48,22.91,23.48,1700,23.21
2010-05-18,24.31,24.31,23.77,23.77,200,23.50
2010-05-17,23.53,23.92,23.53,23.91,500,23.64
2010-05-14,23.90,23.90,23.89,23.89,1000,23.62
2010-05-13,24.87,24.87,24.87,24.87,100,24.59
2010-05-12,26.50,26.50,24.81,24.81,500,24.53
2010-05-11,24.52,24.70,24.52,24.70,400,24.42
2010-05-10,24.60,24.91,24.59,24.74,1000,24.46
2010-05-07,23.35,23.51,23.26,23.26,4600,23.00
2010-05-06,24.09,24.18,22.49,23.24,3000,22.98
2010-05-05,24.35,24.35,24.28,24.28,1000,24.00
2010-05-04,25.32,25.32,24.63,24.63,1400,24.35
2010-05-03,25.66,25.66,25.66,25.66,100,25.37
2010-04-30,25.80,25.80,25.80,25.80,000,25.51
2010-04-29,25.70,25.80,25.50,25.80,26300,25.51
2010-04-28,25.38,25.53,25.26,25.53,1600,25.24
2010-04-27,25.80,25.80,25.19,25.19,1100,24.90
2010-04-26,26.23,26.27,26.05,26.05,3500,25.75
2010-04-23,25.94,25.94,25.94,25.94,000,25.65
2010-04-22,25.77,25.94,25.77,25.94,300,25.65
2010-04-21,26.07,26.07,25.76,25.78,1000,25.49
2010-04-20,26.03,26.19,25.93,26.19,6900,25.89
2010-04-19,25.57,25.79,25.56,25.74,1900,25.45
2010-04-16,26.42,26.44,25.61,25.80,12200,25.51
2010-04-15,26.77,26.91,26.63,26.77,9700,26.47
2010-04-14,26.77,27.01,26.72,26.88,16200,26.58
2010-04-13,26.86,26.86,26.86,26.86,5600,26.56
2010-04-12,26.94,26.94,26.86,26.88,2400,26.58
2010-04-09,27.04,27.09,26.97,27.01,2900,26.70
2010-04-08,26.60,26.72,26.60,26.72,300,26.42
2010-04-07,27.00,27.03,26.84,26.85,14500,26.55
2010-04-06,26.84,26.98,26.84,26.98,3900,26.67
2010-04-05,26.85,26.91,26.85,26.91,900,26.60
2010-04-01,26.49,26.56,26.41,26.56,1300,26.26
2010-03-31,26.07,26.10,26.07,26.07,1200,25.77
2010-03-30,25.52,25.52,25.52,25.52,000,25.23
2010-03-29,25.52,25.53,25.52,25.52,10500,25.23
2010-03-26,25.14,25.14,25.14,25.14,000,24.86
2010-03-25,25.36,25.36,25.14,25.14,200,24.86
2010-03-24,25.14,25.14,25.09,25.11,1000,24.83
2010-03-23,25.15,25.15,25.15,25.15,000,24.86
2010-03-22,25.73,25.73,25.06,25.15,900,24.86
2010-03-19,25.13,25.16,25.13,25.13,600,24.85
2010-03-18,25.56,25.56,25.41,25.41,200,25.12
2010-03-17,25.65,25.65,25.65,25.65,100,25.36
2010-03-16,24.75,24.75,24.75,24.75,000,24.47
2010-03-15,25.02,25.02,24.75,24.75,10400,24.47
2010-03-12,25.28,25.28,25.16,25.16,400,24.87
2010-03-11,25.22,25.22,25.22,25.22,000,24.93
2010-03-10,25.34,25.35,25.22,25.22,10700,24.93
2010-03-09,24.90,24.90,24.90,24.90,100,24.62
2010-03-08,25.00,25.01,25.00,25.01,300,24.73
2010-03-05,24.83,24.83,24.83,24.83,200,24.55
2010-03-04,24.34,24.41,24.34,24.41,500,24.13
2010-03-03,24.09,24.09,24.09,24.09,000,23.82
2010-03-02,24.09,24.09,24.09,24.09,000,23.82
2010-03-01,24.60,26.00,24.09,24.09,400,23.82
2010-02-26,23.40,23.40,23.40,23.40,100,23.13
2010-02-25,23.04,23.04,23.04,23.04,100,22.78
2010-02-24,23.70,23.70,23.70,23.70,000,23.43
2010-02-23,23.70,23.70,23.70,23.70,000,23.43
2010-02-22,23.70,23.70,23.70,23.70,500,23.43
2010-02-19,23.66,23.69,23.66,23.69,700,23.42
2010-02-18,23.74,23.94,23.74,23.84,600,23.57
2010-02-17,23.93,23.93,23.76,23.77,10600,23.50
2010-02-16,23.44,23.44,23.44,23.44,000,23.17
2010-02-12,23.44,23.44,23.44,23.44,000,23.17
2010-02-11,23.17,23.46,23.17,23.44,7100,23.17