2011-05-10,27.20,27.49,27.11,27.49,1900,27.49
2011-05-09,26.77,27.27,26.77,27.27,1000,27.27
2011-05-06,26.94,27.05,26.94,27.05,800,27.05
2011-05-05,27.10,27.10,26.42,26.57,56500,26.57
2011-05-04,27.15,27.39,27.15,27.39,1300,27.39
2011-05-03,28.13,28.13,27.79,27.92,3100,27.92
2011-05-02,28.99,28.99,28.59,28.59,4300,28.59
2011-04-29,28.63,28.90,28.47,28.85,8200,28.85
2011-04-28,28.45,28.45,28.45,28.45,100,28.45
2011-04-27,28.46,28.58,28.37,28.58,1800,28.58
2011-04-26,28.39,28.69,28.39,28.69,5500,28.69
2011-04-25,28.70,28.70,28.55,28.65,2800,28.65
2011-04-21,28.56,28.75,28.55,28.63,1600,28.63
2011-04-20,28.30,28.41,28.30,28.40,1700,28.40
2011-04-19,27.87,28.02,27.87,27.96,700,27.96
2011-04-18,27.50,27.51,27.17,27.51,2300,27.51
2011-04-15,28.10,28.10,28.07,28.07,19500,28.07
2011-04-14,27.70,28.10,27.70,27.98,1600,27.98
2011-04-13,28.05,28.05,27.89,27.89,2000,27.89
2011-04-12,27.99,28.20,27.99,28.11,3200,28.11
2011-04-11,28.97,28.97,28.38,28.38,4300,28.38
2011-04-08,28.98,29.05,28.89,28.89,1100,28.89
2011-04-07,28.94,28.98,28.70,28.85,4400,28.85
2011-04-06,28.89,28.89,28.71,28.71,800,28.71
2011-04-05,28.80,29.00,28.80,28.87,7200,28.87
2011-04-04,28.50,28.69,28.50,28.66,15700,28.66
2011-04-01,28.52,28.52,28.52,28.52,400,28.52
2011-03-31,28.04,28.10,28.01,28.10,600,28.10
2011-03-30,27.96,28.19,27.95,27.99,3800,27.99
2011-03-29,27.66,27.85,27.66,27.83,1700,27.83
2011-03-28,27.70,27.70,27.37,27.43,2500,27.43
2011-03-25,27.82,27.82,27.82,27.82,500,27.82
2011-03-24,27.55,27.77,27.55,27.72,1400,27.72
2011-03-23,27.19,27.53,27.19,27.53,53800,27.53
2011-03-22,26.96,27.01,26.77,26.96,1400,26.96
2011-03-21,27.00,27.00,26.96,26.96,1300,26.96
2011-03-18,26.61,26.62,26.50,26.58,1000,26.58
2011-03-17,26.19,26.36,26.19,26.21,1900,26.21
2011-03-16,26.15,26.15,26.15,26.15,900,26.15
2011-03-15,25.87,26.70,25.66,26.69,43800,26.69
2011-03-14,26.84,26.90,26.54,26.90,10100,26.90
2011-03-11,26.53,26.62,26.53,26.60,2200,26.60
2011-03-10,26.77,26.77,26.28,26.28,1100,26.28
2011-03-09,27.21,27.28,27.21,27.27,1700,27.27
2011-03-08,27.02,27.41,27.00,27.41,2200,27.41
2011-03-07,28.06,28.45,27.22,27.22,7100,27.22
2011-03-04,27.73,27.73,27.57,27.57,2200,27.57
2011-03-03,27.75,27.75,27.63,27.75,3600,27.75
2011-03-02,27.27,27.44,27.27,27.28,2100,27.28
2011-03-01,27.06,27.18,27.02,27.02,700,27.02
2011-02-28,27.00,27.30,27.00,27.18,6500,27.18
2011-02-25,26.87,26.87,26.87,26.87,100,26.87
2011-02-24,26.89,26.89,26.63,26.78,1100,26.78
2011-02-23,26.83,26.96,26.45,26.90,48600,26.90
2011-02-22,27.00,27.26,26.73,26.78,2500,26.78
2011-02-18,27.59,27.77,27.50,27.69,5200,27.69
2011-02-17,27.40,27.78,27.40,27.77,3100,27.77
2011-02-16,27.26,27.45,27.26,27.45,400,27.45
2011-02-15,27.17,27.47,27.17,27.40,10900,27.40
2011-02-14,27.32,27.47,27.32,27.47,3500,27.47
2011-02-11,26.50,27.25,26.50,27.15,3600,27.15
2011-02-10,26.76,26.86,26.50,26.85,10800,26.85
2011-02-09,27.06,27.36,26.87,27.06,6700,27.06
2011-02-08,28.30,28.55,27.67,27.69,6100,27.69
2011-02-07,27.49,27.74,27.49,27.57,6000,27.57
2011-02-04,27.77,27.77,27.50,27.56,1400,27.56
2011-02-03,27.87,27.87,27.53,27.80,14400,27.80
2011-02-02,27.99,27.99,27.75,27.76,14100,27.76
2011-02-01,27.58,27.80,27.58,27.79,3900,27.79
2011-01-31,27.07,27.07,27.05,27.07,1000,27.07
2011-01-28,27.58,27.58,26.76,26.80,4500,26.80
2011-01-27,28.02,28.02,27.75,27.75,3500,27.75
2011-01-26,27.70,27.89,27.70,27.77,4000,27.77
2011-01-25,27.74,27.74,27.29,27.44,21100,27.44
2011-01-24,27.63,28.00,27.63,27.79,33800,27.79
2011-01-21,28.37,28.44,27.88,27.88,7200,27.88
2011-01-20,28.50,28.50,27.70,28.04,3300,28.04
2011-01-19,29.02,29.02,28.41,28.63,9200,28.63
2011-01-18,30.16,30.16,28.75,28.94,11800,28.94
2011-01-14,28.72,28.75,28.50,28.75,15800,28.75
2011-01-13,29.12,29.12,28.75,28.75,6900,28.75
2011-01-12,28.70,28.92,28.70,28.92,1000,28.92
2011-01-11,28.19,28.55,28.19,28.46,4700,28.46
2011-01-10,28.21,28.21,27.87,28.11,4400,28.11
2011-01-07,28.35,28.42,28.13,28.42,4100,28.42
2011-01-06,29.06,29.06,28.55,28.73,35000,28.73
2011-01-05,28.93,29.05,28.84,29.05,1600,29.05
2011-01-04,28.90,28.95,28.64,28.95,22000,28.95
2011-01-03,28.76,29.00,28.76,28.89,8900,28.89
2010-12-31,28.20,28.55,28.20,28.51,5500,28.51
2010-12-30,28.05,28.27,28.05,28.23,4400,28.23
2010-12-29,28.64,28.64,27.88,28.02,18500,28.02
2010-12-28,27.79,27.79,27.55,27.55,6300,27.55
2010-12-27,28.17,28.17,26.85,27.65,24100,27.65
2010-12-23,27.95,27.98,27.83,27.97,2500,27.97
2010-12-22,27.65,27.90,27.65,27.86,3900,27.86
2010-12-21,27.52,27.85,27.42,27.85,2800,27.85
2010-12-20,27.50,27.53,27.45,27.50,5100,27.41
2010-12-17,27.44,27.44,27.44,27.44,500,27.35
2010-12-16,27.70,27.70,27.43,27.48,5600,27.39
2010-12-15,27.85,27.85,27.50,27.50,4800,27.41
2010-12-14,28.00,28.00,26.93,27.90,13400,27.81
2010-12-13,27.47,27.92,27.47,27.83,2400,27.74
2010-12-10,27.25,27.42,27.25,27.38,1900,27.29
2010-12-09,27.54,27.54,27.22,27.26,2500,27.17
2010-12-08,27.68,27.68,27.23,27.49,5800,27.40
2010-12-07,28.03,28.03,27.76,27.77,3700,27.68
2010-12-06,27.69,27.80,27.67,27.77,1900,27.68
2010-12-03,27.21,27.53,27.21,27.52,900,27.43
2010-12-02,26.90,27.29,26.90,27.27,1400,27.18
2010-12-01,26.58,26.70,26.41,26.69,5900,26.60
2010-11-30,26.07,26.14,25.75,26.00,4700,25.91
2010-11-29,26.00,26.35,25.65,26.35,3600,26.26
2010-11-26,26.50,26.50,26.01,26.07,6200,25.98
2010-11-24,26.44,26.77,26.44,26.77,1900,26.68
2010-11-23,26.25,26.25,26.14,26.14,500,26.05
2010-11-22,26.72,27.01,26.72,27.01,1500,26.92
2010-11-19,26.64,27.00,26.64,26.98,2400,26.89
2010-11-18,26.69,27.05,26.69,27.05,3800,26.96
2010-11-17,26.43,26.45,26.21,26.28,4300,26.19
2010-11-16,26.25,26.25,26.11,26.11,500,26.02
2010-11-15,26.95,27.06,26.95,27.01,6400,26.92
2010-11-12,27.16,27.18,26.65,27.04,700,26.95
2010-11-11,27.73,27.78,27.50,27.75,1900,27.66
2010-11-10,27.71,27.71,27.32,27.65,3000,27.56
2010-11-09,28.13,28.24,27.54,27.54,10500,27.45
2010-11-08,27.69,27.88,27.68,27.79,7700,27.70
2010-11-05,27.78,27.84,27.70,27.70,3000,27.61
2010-11-04,27.33,27.71,27.03,27.71,4700,27.62
2010-11-03,26.88,26.88,26.50,26.73,5600,26.64
2010-11-02,26.71,26.71,26.71,26.71,300,26.62
2010-11-01,26.40,26.40,26.40,26.40,400,26.31
2010-10-29,26.11,26.36,25.50,26.31,2600,26.22
2010-10-28,25.94,25.94,25.94,25.94,000,25.85
2010-10-27,25.92,25.96,25.80,25.94,2600,25.85
2010-10-26,26.40,26.44,26.40,26.44,1200,26.35
2010-10-25,26.44,26.58,26.40,26.48,5500,26.39
2010-10-22,26.16,26.21,26.02,26.02,2000,25.93
2010-10-21,26.55,26.55,26.18,26.18,300,26.09
2010-10-20,26.06,26.47,26.06,26.44,2100,26.35
2010-10-19,26.25,26.25,25.83,25.97,25000,25.88
2010-10-18,26.69,26.81,26.63,26.75,1800,26.66
2010-10-15,27.04,27.04,26.66,26.79,3100,26.70
2010-10-14,26.80,26.81,26.63,26.72,3300,26.63
2010-10-13,26.92,26.95,26.86,26.86,600,26.77
2010-10-12,26.32,26.41,26.20,26.41,2700,26.32
2010-10-11,26.55,26.58,26.42,26.50,7500,26.41
2010-10-08,26.39,26.39,26.39,26.39,400,26.30
2010-10-07,26.29,26.29,25.73,26.21,3900,26.12
2010-10-06,26.42,26.50,26.35,26.35,2000,26.26
2010-10-05,25.87,26.35,25.87,26.29,3300,26.20
2010-10-04,25.82,25.82,25.55,25.55,11200,25.46
2010-10-01,25.77,25.77,25.77,25.77,300,25.68
2010-09-30,25.39,25.39,25.35,25.35,900,25.27
2010-09-29,25.22,25.33,25.22,25.32,1300,25.24
2010-09-28,25.06,25.06,25.06,25.06,000,24.98
2010-09-27,24.99,25.12,24.95,25.06,1900,24.98
2010-09-24,24.81,24.92,24.81,24.92,700,24.84
2010-09-23,24.51,24.63,24.40,24.40,500,24.32
2010-09-22,24.53,24.58,24.50,24.58,800,24.50
2010-09-21,24.42,24.42,24.12,24.37,900,24.29
2010-09-20,24.25,24.37,24.10,24.34,7100,24.26
2010-09-17,24.12,24.12,24.06,24.06,200,23.98
2010-09-16,24.21,24.21,23.96,24.19,2500,24.11
2010-09-15,24.22,24.22,24.00,24.22,1100,24.14
2010-09-14,24.47,24.48,24.47,24.47,900,24.39
2010-09-13,24.09,24.34,24.09,24.34,500,24.26
2010-09-10,23.76,23.79,23.69,23.71,1900,23.63
2010-09-09,23.76,23.76,23.69,23.69,1500,23.61
2010-09-08,23.75,23.75,23.65,23.65,4200,23.57
2010-09-07,23.45,23.45,23.44,23.44,700,23.36
2010-09-03,23.69,23.69,23.48,23.51,700,23.43
2010-09-02,23.42,23.42,23.42,23.42,1400,23.34
2010-09-01,23.21,23.39,23.21,23.38,3200,23.30
2010-08-31,22.38,22.38,22.38,22.38,000,22.31
2010-08-30,22.55,22.55,22.38,22.38,400,22.31
2010-08-27,22.54,22.69,22.54,22.69,200,22.61
2010-08-26,22.36,22.36,22.24,22.24,500,22.17
2010-08-25,21.94,22.20,21.92,22.20,3100,22.13
2010-08-24,22.34,22.51,22.34,22.40,2700,22.33
2010-08-23,23.27,23.27,22.72,22.72,2600,22.64
2010-08-20,23.05,23.05,23.03,23.03,400,22.95
2010-08-19,23.45,23.47,23.24,23.24,500,23.16
2010-08-18,23.46,23.49,23.26,23.47,4400,23.39
2010-08-17,23.37,23.42,23.36,23.41,1500,23.33
2010-08-16,22.78,22.93,22.78,22.93,400,22.85
2010-08-13,22.82,22.90,22.81,22.81,2500,22.73
2010-08-12,22.39,22.57,22.34,22.57,900,22.49
2010-08-11,23.11,23.37,22.71,22.74,600,22.66
2010-08-10,23.75,23.75,23.33,23.60,10100,23.52
2010-08-09,23.75,23.87,23.75,23.84,1700,23.76
2010-08-06,23.46,23.60,23.46,23.60,400,23.52
2010-08-05,23.69,23.69,23.69,23.69,000,23.61
2010-08-04,23.69,23.69,23.69,23.69,200,23.61
2010-08-03,23.44,23.44,23.44,23.44,500,23.36
2010-08-02,23.58,23.64,23.56,23.64,15700,23.56
2010-07-30,22.65,22.97,22.65,22.86,2900,22.78
2010-07-29,22.87,22.87,22.87,22.87,000,22.79
2010-07-28,22.77,22.87,22.77,22.87,200,22.79
2010-07-27,23.53,23.53,23.17,23.20,3700,23.12
2010-07-26,23.03,23.03,23.03,23.03,500,22.95
2010-07-23,22.78,22.78,22.78,22.78,000,22.70
2010-07-22,22.40,22.78,22.40,22.78,1800,22.70
2010-07-21,21.94,21.97,21.86,21.97,3400,21.90
2010-07-20,21.14,22.05,21.14,22.05,1100,21.98
2010-07-19,21.19,21.30,21.15,21.15,600,21.08
2010-07-16,21.00,21.04,21.00,21.04,700,20.97
2010-07-15,21.45,21.45,21.32,21.32,3000,21.25
2010-07-14,21.71,21.72,21.71,21.72,2200,21.65
2010-07-13,20.97,21.72,20.97,21.72,300,21.65
2010-07-12,21.74,21.74,21.55,21.64,1400,21.57
2010-07-09,21.80,21.97,21.69,21.97,2700,21.90
2010-07-08,21.20,21.20,21.20,21.20,100,21.13
2010-07-07,20.68,20.68,20.68,20.68,000,20.61
2010-07-06,21.16,21.36,20.64,20.68,2100,20.61
2010-07-02,20.38,20.38,20.38,20.38,000,20.31
2010-07-01,20.50,20.50,20.38,20.38,2300,20.31
2010-06-30,21.08,21.09,20.73,20.73,900,20.66
2010-06-29,21.06,21.09,20.91,20.95,900,20.88
2010-06-28,22.00,22.00,22.00,22.00,100,21.93
2010-06-25,21.95,22.23,21.95,22.22,1600,22.15
2010-06-24,21.89,21.89,21.89,21.89,200,21.82
2010-06-23,22.46,22.46,22.34,22.34,1000,22.27
2010-06-22,23.76,23.76,22.82,22.82,300,22.64
2010-06-21,22.76,22.76,22.64,22.64,300,22.46
2010-06-18,22.24,22.24,22.24,22.24,000,22.07
2010-06-17,22.15,22.24,21.94,22.24,1100,22.07
2010-06-16,22.37,22.53,22.37,22.44,500,22.27
2010-06-15,22.29,22.43,22.26,22.43,4700,22.26
2010-06-14,21.63,21.63,21.63,21.63,100,21.46
2010-06-11,21.12,21.61,21.12,21.61,1500,21.44
2010-06-10,21.43,21.54,21.13,21.53,3300,21.36
2010-06-09,20.93,21.10,20.87,20.88,1000,20.72
2010-06-08,20.42,20.77,20.42,20.77,800,20.61
2010-06-07,20.84,20.84,20.69,20.69,500,20.53
2010-06-04,21.13,21.13,20.78,20.78,300,20.62
2010-06-03,21.85,21.85,21.58,21.58,2200,21.41
2010-06-02,21.46,21.90,21.46,21.78,1600,21.61
2010-06-01,21.62,21.62,21.25,21.25,600,21.09
2010-05-28,21.70,21.85,21.70,21.85,1700,21.68
2010-05-27,21.23,21.68,21.23,21.68,4900,21.51
2010-05-26,20.79,21.38,20.68,20.68,6200,20.52
2010-05-25,19.90,20.29,19.83,20.29,4800,20.13
2010-05-24,20.61,20.81,20.54,20.54,2000,20.38
2010-05-21,19.59,20.37,19.59,20.25,4000,20.09
2010-05-20,20.48,20.48,19.46,19.78,6600,19.63
2010-05-19,21.13,21.13,20.66,20.93,1900,20.77
2010-05-18,22.29,22.29,21.38,21.38,700,21.21
2010-05-17,22.10,22.10,21.69,21.86,1900,21.69
2010-05-14,22.23,22.26,22.13,22.15,2200,21.98
2010-05-13,23.12,23.16,23.03,23.07,1800,22.89
2010-05-12,23.79,23.79,23.13,23.15,10500,22.97
2010-05-11,23.02,23.13,22.88,22.88,4000,22.70
2010-05-10,22.72,23.70,22.72,23.26,5100,23.08
2010-05-07,23.30,23.30,21.57,21.65,2000,21.48
2010-05-06,22.97,22.97,20.50,21.70,5200,21.53
2010-05-05,22.75,23.03,22.37,22.67,2600,22.49
2010-05-04,23.90,23.90,22.99,23.00,4900,22.82
2010-05-03,24.61,24.61,24.07,24.31,2900,24.12
2010-04-30,24.71,24.71,24.32,24.32,800,24.13
2010-04-29,24.57,24.82,24.50,24.73,47000,24.54
2010-04-28,24.43,24.43,24.00,24.40,2600,24.21
2010-04-27,25.04,25.04,24.08,24.08,7000,23.89
2010-04-26,25.02,25.50,25.02,25.20,5500,25.00
2010-04-23,24.75,24.95,24.66,24.93,13000,24.74
2010-04-22,24.75,24.78,24.24,24.78,11900,24.59
2010-04-21,24.91,24.91,24.89,24.89,1900,24.70
2010-04-20,25.01,25.22,25.00,25.00,1700,24.81
2010-04-19,25.40,25.40,24.71,24.94,55800,24.75
2010-04-16,25.77,25.77,25.13,25.19,16300,24.99
2010-04-15,26.04,26.10,25.86,25.86,3100,25.66
2010-04-14,25.97,26.14,25.90,26.06,24900,25.86
2010-04-13,25.82,25.82,25.78,25.78,400,25.58
2010-04-12,25.98,25.99,25.83,25.83,2100,25.63
2010-04-09,26.04,26.10,25.99,26.01,4500,25.81
2010-04-08,25.68,25.83,25.49,25.83,4400,25.63
2010-04-07,25.92,25.92,24.58,25.63,2700,25.43
2010-04-06,25.83,26.03,25.82,26.02,18200,25.82
2010-04-05,25.73,25.91,25.73,25.89,10100,25.69
2010-04-01,25.18,25.48,25.18,25.42,2600,25.22
2010-03-31,24.86,24.90,24.80,24.80,1000,24.61
2010-03-30,24.87,24.87,24.69,24.86,6400,24.67
2010-03-29,24.29,24.73,24.29,24.65,4700,24.46
2010-03-26,24.08,24.10,24.03,24.03,900,23.84
2010-03-25,24.29,24.35,23.89,23.89,4000,23.70
2010-03-24,24.25,24.25,24.08,24.15,11900,23.96
2010-03-23,23.94,24.44,23.91,24.43,14100,24.24
2010-03-22,25.00,25.00,23.52,23.96,1200,23.77
2010-03-19,24.23,24.23,23.91,23.91,2700,23.72
2010-03-18,24.48,24.48,23.31,24.22,4000,24.03
2010-03-17,24.57,24.60,24.42,24.45,2700,24.26
2010-03-16,24.05,24.23,24.05,24.23,600,24.04
2010-03-15,23.91,23.94,23.79,23.80,1000,23.62
2010-03-12,24.29,24.29,24.08,24.08,2900,23.89
2010-03-11,23.89,23.98,23.89,23.92,2800,23.73
2010-03-10,24.04,24.04,24.04,24.04,000,23.85
2010-03-09,23.94,24.04,23.90,24.04,1400,23.85
2010-03-08,24.00,24.13,23.98,24.07,13300,23.88
2010-03-05,23.96,23.96,23.96,23.96,400,23.77
2010-03-04,23.34,23.42,23.31,23.42,1500,23.24
2010-03-03,23.41,23.59,23.41,23.49,800,23.31
2010-03-02,22.92,23.34,22.92,23.20,1100,23.02
2010-03-01,22.78,24.90,22.78,22.92,3200,22.74
2010-02-26,22.53,22.66,22.53,22.66,400,22.48
2010-02-25,22.00,22.00,21.91,21.91,1300,21.74
2010-02-24,22.29,22.29,22.25,22.25,1000,22.08
2010-02-23,22.24,22.29,22.24,22.29,300,22.12
2010-02-22,22.89,22.89,22.89,22.89,000,22.71
2010-02-19,22.84,23.07,22.68,22.89,2300,22.71
2010-02-18,23.03,23.05,23.03,23.05,200,22.87
2010-02-17,22.83,22.90,22.76,22.76,3500,22.58
2010-02-16,22.43,22.79,22.33,22.78,1000,22.60
2010-02-12,22.00,22.11,22.00,22.11,800,21.94
2010-02-11,21.71,21.71,21.71,21.71,000,21.54
2010-02-10,21.82,21.82,21.71,21.71,1400,21.54
2010-02-09,21.80,21.80,21.80,21.80,200,21.63
2010-02-08,21.13,21.13,21.13,21.13,700,20.97
2010-02-05,21.43,21.43,21.43,21.43,000,21.26
2010-02-04,21.91,21.97,21.43,21.43,1200,21.26
2010-02-03,22.75,22.75,22.58,22.58,1400,22.40
2010-02-02,22.77,22.82,22.77,22.80,2900,22.62
2010-02-01,21.94,21.94,21.94,21.94,100,21.77
2010-01-29,22.17,22.17,21.65,21.65,1200,21.48
2010-01-28,22.07,22.11,22.07,22.11,2500,21.94
2010-01-27,22.27,22.27,22.14,22.14,800,21.97
2010-01-26,22.70,22.70,22.48,22.48,600,22.31
2010-01-25,22.95,23.11,22.95,23.11,2100,22.93
2010-01-22,23.22,23.22,22.91,22.91,700,22.73