2011-05-10,25.63,25.63,25.63,25.63,2000,25.63
2011-05-09,25.47,25.64,25.47,25.64,700,25.64
2011-05-06,26.50,26.50,26.50,26.50,000,26.50
2011-05-05,26.50,26.50,26.50,26.50,000,26.50
2011-05-04,26.50,26.50,26.50,26.50,100,26.50
2011-05-03,26.90,26.90,26.75,26.75,1000,26.75
2011-05-02,27.51,27.51,27.51,27.51,100,27.51
2011-04-29,27.05,27.05,26.93,26.93,600,26.93
2011-04-28,26.66,26.97,26.66,26.97,300,26.97
2011-04-27,27.11,27.11,27.11,27.11,200,27.11
2011-04-26,26.76,27.38,26.76,26.92,5400,26.92
2011-04-25,27.14,27.14,26.95,27.00,12800,27.00
2011-04-21,27.34,27.34,27.34,27.34,1200,27.34
2011-04-20,27.01,27.10,27.01,27.10,2700,27.10
2011-04-19,26.31,26.31,26.31,26.31,200,26.31
2011-04-18,25.90,25.90,25.63,25.63,700,25.63
2011-04-15,26.61,26.79,26.39,26.78,2800,26.78
2011-04-14,26.84,26.84,26.84,26.84,000,26.84
2011-04-13,26.84,26.84,26.84,26.84,100,26.84
2011-04-12,27.02,27.02,26.38,26.38,600,26.38
2011-04-11,27.50,27.50,27.45,27.45,500,27.45
2011-04-08,27.63,27.63,27.63,27.63,200,27.63
2011-04-07,27.46,27.50,27.46,27.50,300,27.50
2011-04-06,27.49,27.49,27.49,27.49,000,27.49
2011-04-05,27.49,27.49,27.49,27.49,200,27.49
2011-04-04,27.01,27.01,27.01,27.01,000,27.01
2011-04-01,27.00,27.01,27.00,27.01,600,27.01
2011-03-31,26.81,26.91,26.81,26.91,600,26.91
2011-03-30,26.26,26.26,26.26,26.26,1000,26.26
2011-03-29,25.91,25.96,25.91,25.96,1000,25.96
2011-03-28,26.05,26.05,26.05,26.05,100,26.05
2011-03-25,25.86,25.86,25.86,25.86,000,25.86
2011-03-24,25.86,25.86,25.86,25.86,000,25.86
2011-03-23,25.84,25.86,25.84,25.86,300,25.86
2011-03-22,25.81,25.81,25.81,25.81,000,25.81
2011-03-21,25.81,25.81,25.81,25.81,500,25.81
2011-03-18,25.00,25.00,25.00,25.00,200,25.00
2011-03-17,25.41,25.41,25.41,25.41,100,25.41
2011-03-16,25.11,25.11,24.90,25.11,500,25.11
2011-03-15,24.96,24.96,24.96,24.96,200,24.96
2011-03-14,25.05,25.05,25.05,25.05,400,25.05
2011-03-11,24.90,24.90,24.90,24.90,400,24.90
2011-03-10,25.66,25.66,25.30,25.32,2100,25.32
2011-03-09,25.89,25.89,25.84,25.84,400,25.84
2011-03-08,25.98,25.98,25.98,25.98,400,25.98
2011-03-07,25.89,25.89,25.89,25.89,000,25.89
2011-03-04,25.89,25.89,25.89,25.89,000,25.89
2011-03-03,25.66,25.89,25.66,25.89,900,25.89
2011-03-02,25.43,25.43,25.43,25.43,000,25.43
2011-03-01,25.43,25.43,25.43,25.43,000,25.43
2011-02-28,25.56,25.56,25.40,25.43,2500,25.43
2011-02-25,24.99,24.99,24.99,24.99,000,24.99
2011-02-24,24.99,24.99,24.99,24.99,200,24.99
2011-02-23,24.75,24.75,24.60,24.72,1500,24.72
2011-02-22,24.95,25.01,24.68,24.68,2700,24.68
2011-02-18,25.17,25.17,25.17,25.17,400,25.17
2011-02-17,24.80,25.11,24.80,25.10,2600,25.10
2011-02-16,24.95,25.00,24.85,25.00,1200,25.00
2011-02-15,24.97,25.03,24.84,25.03,3000,25.03
2011-02-14,25.02,25.16,24.94,25.10,10300,25.10
2011-02-11,24.83,25.08,24.83,25.07,2900,25.07
2011-02-10,25.08,25.08,24.81,24.96,1600,24.96
2011-02-09,25.55,25.55,25.20,25.20,2400,25.20
2011-02-08,25.50,25.58,25.37,25.48,1400,25.48
2011-02-07,25.73,25.92,25.73,25.78,5400,25.78
2011-02-04,25.96,25.99,25.80,25.80,1000,25.80
2011-02-03,25.79,25.93,25.69,25.82,2000,25.82
2011-02-02,25.94,25.94,25.79,25.84,3400,25.84
2011-02-01,25.15,25.78,25.15,25.50,78100,25.50
2011-01-31,24.65,25.17,24.65,25.13,4600,25.13
2011-01-28,25.30,25.33,24.93,25.13,8500,25.13
2011-01-27,26.50,26.50,25.38,25.38,10100,25.38
2011-01-26,25.42,25.42,25.00,25.00,13500,25.00
2011-01-25,25.10,25.10,24.97,24.98,6900,24.98