2011-05-10,21.91,22.19,21.76,22.14,196500,22.14
2011-05-09,21.68,21.91,21.56,21.87,137000,21.87
2011-05-06,21.34,21.90,21.32,21.48,206900,21.48
2011-05-05,21.62,21.62,21.07,21.16,428300,21.16
2011-05-04,22.36,22.36,21.76,21.91,294000,21.91
2011-05-03,22.85,22.85,22.25,22.42,1613900,22.42
2011-05-02,23.12,23.25,22.82,22.92,125000,22.92
2011-04-29,22.94,23.15,22.87,23.11,76000,23.11
2011-04-28,22.84,22.92,22.72,22.90,74200,22.90
2011-04-27,22.83,22.86,22.46,22.83,177000,22.83
2011-04-26,22.76,22.88,22.66,22.82,117100,22.82
2011-04-25,22.93,22.99,22.62,22.62,154300,22.62
2011-04-21,22.84,22.88,22.66,22.81,210100,22.81
2011-04-20,22.58,22.72,22.50,22.66,1379400,22.66
2011-04-19,22.11,22.29,22.09,22.24,166100,22.24
2011-04-18,22.29,22.29,21.63,22.07,349300,22.07
2011-04-15,22.50,22.50,22.29,22.42,140500,22.42
2011-04-14,22.36,22.52,22.30,22.48,93500,22.48
2011-04-13,22.40,22.61,22.30,22.44,132600,22.44
2011-04-12,22.95,22.95,22.05,22.21,370400,22.21
2011-04-11,23.44,23.65,23.00,23.06,409100,23.06
2011-04-08,23.42,23.69,23.42,23.62,349900,23.62
2011-04-07,23.29,23.39,23.06,23.24,222700,23.24
2011-04-06,23.41,23.46,23.19,23.25,411900,23.25
2011-04-05,23.15,23.42,23.15,23.37,808700,23.37
2011-04-04,23.23,23.28,23.12,23.19,182000,23.19
2011-04-01,23.00,23.23,22.99,23.18,196400,23.18
2011-03-31,22.73,22.94,22.73,22.87,161400,22.87
2011-03-30,22.74,22.88,22.65,22.74,162900,22.74
2011-03-29,22.51,22.59,22.39,22.57,115300,22.57
2011-03-28,22.63,22.74,22.50,22.54,145600,22.54
2011-03-25,22.64,22.82,22.58,22.58,199700,22.58
2011-03-24,22.75,22.84,22.63,22.71,204000,22.67
2011-03-23,22.63,22.67,22.51,22.64,143300,22.60
2011-03-22,22.88,22.88,22.58,22.66,168000,22.62
2011-03-21,22.76,22.88,22.72,22.82,228000,22.78
2011-03-18,22.47,22.51,22.18,22.28,225500,22.24
2011-03-17,21.83,22.31,21.77,22.25,408600,22.21
2011-03-16,21.43,21.91,21.18,21.46,662200,21.42
2011-03-15,20.77,21.48,20.42,21.48,429400,21.44
2011-03-14,21.80,21.92,21.50,21.92,339100,21.88
2011-03-11,21.44,22.17,21.36,22.05,2464100,22.01
2011-03-10,22.18,22.19,21.66,21.86,486300,21.82
2011-03-09,22.89,23.00,22.55,22.66,150000,22.62
2011-03-08,23.47,23.47,22.80,22.84,332000,22.80
2011-03-07,24.04,24.15,23.42,23.48,285800,23.44
2011-03-04,23.59,23.87,23.55,23.87,321800,23.83
2011-03-03,23.60,23.60,23.41,23.49,448900,23.45
2011-03-02,23.45,23.61,23.36,23.61,419200,23.57
2011-03-01,23.52,23.66,23.27,23.31,437300,23.27
2011-02-28,23.34,23.57,23.20,23.54,438100,23.50
2011-02-25,22.80,23.08,22.72,23.07,211000,23.03
2011-02-24,22.82,23.01,22.60,22.64,638200,22.60
2011-02-23,22.51,22.70,22.41,22.65,212900,22.61
2011-02-22,23.30,23.30,22.35,22.42,323500,22.38
2011-02-18,22.38,22.43,22.25,22.32,119900,22.28
2011-02-17,22.19,22.28,22.03,22.27,140700,22.23
2011-02-16,21.96,22.15,21.88,22.12,113600,22.08
2011-02-15,21.85,21.86,21.73,21.83,89900,21.79
2011-02-14,21.43,21.77,21.43,21.77,119700,21.73
2011-02-11,21.25,21.53,21.24,21.49,54100,21.45
2011-02-10,21.15,21.25,21.00,21.20,58900,21.16
2011-02-09,21.13,21.40,21.08,21.25,82200,21.21
2011-02-08,21.67,21.67,21.15,21.29,67300,21.25
2011-02-07,21.63,21.71,21.37,21.41,103300,21.37
2011-02-04,21.84,21.84,21.51,21.56,81300,21.52
2011-02-03,21.71,21.79,21.56,21.68,228600,21.64
2011-02-02,21.77,21.77,21.58,21.63,137000,21.59
2011-02-01,21.56,21.82,21.48,21.59,162500,21.55
2011-01-31,20.96,21.35,20.94,21.33,164900,21.29
2011-01-28,20.76,20.94,20.70,20.84,107800,20.80
2011-01-27,20.81,20.87,20.70,20.77,145200,20.73
2011-01-26,20.38,20.79,20.38,20.79,53800,20.75
2011-01-25,20.53,20.53,20.15,20.35,41500,20.31
2011-01-24,20.68,20.76,20.55,20.67,44800,20.63
2011-01-21,20.60,20.77,20.59,20.73,36200,20.69
2011-01-20,20.40,20.49,20.12,20.39,58900,20.35
2011-01-19,20.94,20.95,20.62,20.65,52600,20.61
2011-01-18,20.77,20.91,20.76,20.86,66000,20.82
2011-01-14,20.51,20.68,20.46,20.65,32000,20.61
2011-01-13,20.56,20.68,20.37,20.53,58800,20.49
2011-01-12,20.60,20.67,20.52,20.57,42700,20.53
2011-01-11,20.01,20.42,20.01,20.42,30700,20.38
2011-01-10,20.05,20.05,19.82,19.99,23800,19.95
2011-01-07,20.00,20.07,19.82,20.01,35200,19.97
2011-01-06,20.27,20.62,19.90,19.93,76200,19.89
2011-01-05,20.15,20.20,20.03,20.17,33400,20.13
2011-01-04,20.42,20.47,19.96,20.15,43300,20.11
2011-01-03,20.40,20.53,20.30,20.34,96100,20.30
2010-12-31,20.19,20.33,20.10,20.15,59400,20.11
2010-12-30,20.27,20.36,20.08,20.18,57700,20.14
2010-12-29,20.43,20.43,20.20,20.29,257800,20.25
2010-12-28,20.15,20.30,20.13,20.25,67200,20.21
2010-12-27,20.01,20.11,19.95,20.10,46200,20.06
2010-12-23,20.05,20.26,20.02,20.19,42300,19.97
2010-12-22,20.00,20.04,19.84,20.01,64600,19.80
2010-12-21,19.63,19.87,19.63,19.85,42000,19.64
2010-12-20,19.59,19.59,19.41,19.55,90100,19.34
2010-12-17,19.44,19.53,19.29,19.53,25400,19.32
2010-12-16,19.45,19.46,19.37,19.43,17800,19.22
2010-12-15,19.42,19.50,19.42,19.47,11700,19.26
2010-12-14,19.42,19.60,19.36,19.47,34900,19.26
2010-12-13,19.39,19.47,19.28,19.43,32600,19.22
2010-12-10,19.03,19.20,19.03,19.16,14700,18.96
2010-12-09,19.21,19.21,18.98,19.02,25500,18.82
2010-12-08,19.21,19.25,19.01,19.11,12000,18.91
2010-12-07,19.32,19.40,19.12,19.12,29100,18.92
2010-12-06,19.11,19.25,19.11,19.25,20700,19.04
2010-12-03,19.09,19.22,19.06,19.22,24900,19.01
2010-12-02,18.98,19.27,18.98,19.24,30200,19.03
2010-12-01,18.82,18.96,18.79,18.89,36100,18.69
2010-11-30,18.35,18.54,18.32,18.53,28700,18.33
2010-11-29,18.43,18.60,18.34,18.58,17600,18.38
2010-11-26,18.36,18.46,18.36,18.41,6800,18.21
2010-11-24,18.31,18.54,18.31,18.51,10000,18.31
2010-11-23,18.21,18.26,18.06,18.17,14000,17.98
2010-11-22,18.37,18.50,18.22,18.43,17800,18.23
2010-11-19,18.11,18.44,18.11,18.44,15100,18.24
2010-11-18,18.29,18.33,18.22,18.27,19400,18.07
2010-11-17,17.83,18.07,17.83,18.00,24600,17.81
2010-11-16,18.20,18.20,17.75,17.88,32800,17.69
2010-11-15,18.47,18.54,18.38,18.38,19200,18.18
2010-11-12,18.59,18.70,18.20,18.35,50300,18.15
2010-11-11,18.66,18.85,18.66,18.76,46200,18.56
2010-11-10,18.67,18.85,18.48,18.85,33200,18.65
2010-11-09,19.10,19.10,18.55,18.65,73100,18.45
2010-11-08,18.76,18.94,18.70,18.93,48500,18.73
2010-11-05,18.93,18.93,18.75,18.80,92400,18.60
2010-11-04,18.66,18.80,18.66,18.78,92400,18.58
2010-11-03,18.19,18.34,18.09,18.34,93900,18.14
2010-11-02,18.11,18.18,18.04,18.18,15000,17.99
2010-11-01,17.94,18.07,17.86,17.92,20500,17.73
2010-10-29,17.72,17.82,17.72,17.82,20900,17.63
2010-10-28,17.73,17.81,17.72,17.75,20900,17.56
2010-10-27,17.75,17.75,17.50,17.69,16000,17.50
2010-10-26,17.73,17.90,17.73,17.90,44800,17.71
2010-10-25,17.83,17.96,17.81,17.86,15100,17.67
2010-10-22,17.57,17.71,17.57,17.64,9100,17.45
2010-10-21,17.90,17.90,17.54,17.56,10500,17.37
2010-10-20,17.54,17.76,17.51,17.71,12300,17.52
2010-10-19,17.51,17.58,17.14,17.44,89900,17.25
2010-10-18,17.73,17.88,17.67,17.86,17000,17.67
2010-10-15,17.95,18.21,17.76,17.79,29100,17.60
2010-10-14,18.11,18.11,17.90,17.96,46800,17.77
2010-10-13,17.88,18.13,17.88,18.02,39400,17.83
2010-10-12,17.55,17.74,17.49,17.70,21600,17.51
2010-10-11,17.70,17.70,17.57,17.58,84100,17.39
2010-10-08,17.27,17.64,17.27,17.57,26400,17.38
2010-10-07,17.69,17.69,17.27,17.32,24600,17.13
2010-10-06,17.48,17.55,17.37,17.50,46600,17.31
2010-10-05,17.28,17.38,17.28,17.38,41100,17.19
2010-10-04,17.31,17.31,17.08,17.19,22300,17.01
2010-10-01,17.10,17.31,17.03,17.26,1134100,17.08
2010-09-30,16.84,17.03,16.78,16.99,27100,16.81
2010-09-29,16.47,16.70,16.47,16.63,41200,16.45
2010-09-28,16.45,16.49,16.34,16.43,13500,16.25
2010-09-27,16.48,16.58,16.47,16.50,130300,16.32
2010-09-24,16.34,16.50,16.32,16.47,68900,16.29
2010-09-23,16.43,16.49,16.31,16.36,11600,16.01
2010-09-22,16.70,16.70,16.40,16.49,14600,16.13
2010-09-21,16.70,16.70,16.50,16.61,25500,16.25
2010-09-20,16.68,16.74,16.50,16.66,17000,16.30
2010-09-17,16.55,16.56,16.45,16.55,26500,16.19
2010-09-16,16.60,16.61,16.50,16.61,19900,16.25
2010-09-15,16.45,16.60,16.44,16.57,51800,16.21
2010-09-14,16.54,16.69,16.50,16.50,230300,16.14
2010-09-13,16.54,16.62,16.48,16.60,63900,16.24
2010-09-10,16.28,16.28,16.15,16.27,21300,15.92
2010-09-09,16.20,16.24,16.07,16.21,18100,15.86
2010-09-08,16.15,16.17,16.02,16.07,16900,15.72
2010-09-07,16.30,16.30,15.97,15.99,21700,15.64
2010-09-03,16.34,16.36,16.19,16.28,29500,15.93
2010-09-02,16.12,16.12,15.95,16.03,19100,15.68
2010-09-01,15.80,16.07,15.80,15.99,36800,15.64
2010-08-31,15.63,15.72,15.50,15.60,16100,15.26
2010-08-30,15.85,15.88,15.73,15.76,7300,15.42
2010-08-27,15.49,15.81,15.35,15.81,19300,15.47
2010-08-26,15.44,15.55,15.36,15.44,9200,15.11
2010-08-25,15.13,15.31,14.95,15.27,21500,14.94
2010-08-24,15.45,15.45,15.28,15.35,30800,15.02
2010-08-23,15.77,15.88,15.64,15.64,9500,15.30
2010-08-20,15.82,15.82,15.59,15.74,29400,15.40
2010-08-19,16.01,16.15,15.87,15.90,19200,15.56
2010-08-18,16.20,16.29,16.08,16.25,7900,15.90
2010-08-17,16.06,16.23,16.06,16.20,21500,15.85
2010-08-16,15.90,15.91,15.80,15.87,17700,15.53
2010-08-13,15.94,16.03,15.86,15.95,15000,15.60
2010-08-12,15.59,15.91,15.59,15.90,26000,15.56
2010-08-11,16.35,16.36,15.91,15.94,31600,15.59
2010-08-10,16.50,16.58,16.35,16.55,30500,16.19
2010-08-09,16.83,16.83,16.65,16.71,17300,16.35
2010-08-06,16.75,16.78,16.54,16.63,28500,16.27
2010-08-05,16.90,17.00,16.85,16.93,24100,16.56
2010-08-04,16.84,16.94,16.79,16.94,16900,16.57
2010-08-03,16.95,17.00,16.74,16.81,25600,16.45
2010-08-02,16.88,17.07,16.73,16.98,32700,16.61
2010-07-30,16.54,16.60,16.34,16.52,24900,16.16
2010-07-29,16.73,17.03,16.47,16.60,40200,16.24
2010-07-28,16.71,16.79,16.58,16.60,22400,16.24
2010-07-27,17.18,17.18,16.75,16.77,19100,16.41
2010-07-26,16.98,17.01,16.84,16.96,32600,16.59
2010-07-23,16.68,16.79,16.54,16.79,20500,16.43
2010-07-22,16.48,16.63,16.47,16.58,15400,16.22
2010-07-21,16.37,16.38,16.12,16.15,14900,15.80
2010-07-20,15.88,16.26,15.87,16.23,10700,15.88
2010-07-19,15.95,16.07,15.81,15.93,18100,15.59
2010-07-16,16.32,16.32,15.88,15.88,21100,15.54
2010-07-15,16.60,16.60,16.23,16.43,34400,16.07
2010-07-14,16.60,16.66,16.44,16.49,30300,16.13
2010-07-13,16.50,16.64,16.47,16.56,226100,16.20
2010-07-12,16.39,16.48,16.16,16.24,28600,15.89
2010-07-09,16.45,16.54,16.37,16.48,15600,16.12
2010-07-08,16.38,16.48,16.11,16.25,38200,15.90
2010-07-07,15.71,16.12,15.69,16.12,25300,15.77
2010-07-06,15.50,15.84,15.36,15.46,24700,15.13
2010-07-02,15.50,15.53,15.19,15.34,26000,15.01
2010-07-01,15.26,15.50,15.03,15.35,74500,15.02
2010-06-30,15.53,15.67,15.34,15.37,107600,15.04
2010-06-29,16.12,16.12,15.46,15.54,136700,15.20
2010-06-28,16.68,16.68,16.36,16.36,18800,16.01
2010-06-25,16.48,16.81,16.48,16.70,44000,16.34
2010-06-24,16.78,16.86,16.48,16.48,40200,16.12
2010-06-23,16.94,16.96,16.68,16.93,16900,16.45
2010-06-22,17.50,17.55,17.10,17.13,17100,16.65
2010-06-21,17.87,17.97,17.43,17.44,18900,16.95
2010-06-18,17.89,17.89,17.45,17.55,20400,17.06
2010-06-17,17.49,17.60,17.41,17.54,20500,17.05
2010-06-16,17.36,17.64,17.36,17.61,23900,17.11
2010-06-15,17.18,17.62,17.18,17.62,326300,17.12
2010-06-14,17.02,17.46,17.02,17.06,26300,16.58
2010-06-11,16.63,16.92,16.57,16.90,26600,16.42
2010-06-10,16.54,16.85,16.54,16.85,18400,16.38
2010-06-09,16.24,16.64,16.24,16.31,46400,15.85
2010-06-08,16.14,16.18,15.84,16.09,27100,15.64
2010-06-07,16.18,16.42,15.93,15.93,21300,15.48
2010-06-04,16.50,16.71,16.16,16.24,113200,15.78
2010-06-03,17.07,17.07,16.61,16.92,16900,16.44
2010-06-02,16.18,16.77,16.18,16.77,18000,16.30
2010-06-01,16.33,16.57,16.15,16.15,17000,15.69
2010-05-28,16.71,16.71,16.43,16.50,14600,16.04
2010-05-27,15.98,16.63,15.87,16.63,24700,16.16
2010-05-26,15.56,15.90,15.51,15.60,26900,15.16
2010-05-25,15.01,15.33,14.57,15.33,80600,14.90
2010-05-24,15.57,15.93,15.50,15.50,107100,15.06
2010-05-21,14.95,15.83,14.73,15.64,155400,15.20
2010-05-20,15.62,15.62,15.16,15.25,97100,14.82
2010-05-19,16.16,16.39,15.65,16.18,54800,15.72
2010-05-18,16.96,17.23,16.41,16.41,50400,15.95
2010-05-17,17.26,17.27,16.32,16.63,142200,16.16
2010-05-14,17.45,17.46,16.95,17.10,54800,16.62
2010-05-13,17.90,18.00,17.74,17.77,66600,17.27
2010-05-12,17.66,17.95,17.66,17.90,51200,17.40
2010-05-11,17.26,17.81,17.13,17.59,67500,17.09
2010-05-10,17.14,17.99,17.14,17.58,79300,17.08
2010-05-07,16.55,16.66,16.10,16.58,83600,16.11
2010-05-06,17.48,18.00,8.56,17.02,193600,16.54
2010-05-05,17.86,18.00,17.13,17.52,86800,17.03
2010-05-04,18.55,18.70,18.17,18.26,45700,17.75
2010-05-03,19.12,19.12,18.73,18.93,21800,18.40
2010-04-30,18.81,18.99,18.71,18.75,6800,18.22
2010-04-29,18.92,19.17,18.81,18.88,24600,18.35
2010-04-28,18.91,18.99,18.70,18.89,17300,18.36
2010-04-27,19.22,19.23,18.69,18.70,50100,18.17
2010-04-26,19.31,19.44,19.10,19.32,35800,18.78
2010-04-23,18.90,19.31,18.89,19.22,25500,18.68
2010-04-22,18.80,19.07,18.55,19.02,21900,18.48
2010-04-21,19.08,19.11,18.81,18.92,24100,18.39
2010-04-20,18.55,18.94,18.55,18.90,29800,18.37
2010-04-19,18.20,18.37,18.01,18.37,38100,17.85
2010-04-16,18.90,18.90,18.22,18.42,37400,17.90
2010-04-15,19.04,19.07,18.85,18.89,48100,18.36
2010-04-14,18.79,19.08,18.79,19.04,32500,18.50
2010-04-13,18.92,18.92,18.60,18.85,25600,18.32
2010-04-12,18.90,19.16,18.88,19.01,35100,18.47
2010-04-09,18.94,19.00,18.84,18.92,58400,18.39
2010-04-08,18.75,18.88,18.46,18.85,33600,18.32
2010-04-07,19.21,19.21,18.72,18.81,29200,18.28
2010-04-06,19.14,19.36,19.14,19.15,75300,18.61
2010-04-05,18.92,19.25,18.76,19.25,126600,18.71
2010-04-01,18.17,18.60,18.17,18.59,46800,18.07
2010-03-31,18.00,18.10,17.92,17.92,51500,17.42
2010-03-30,17.85,17.99,17.83,17.90,42800,17.40
2010-03-29,17.69,17.80,17.61,17.70,46200,17.20
2010-03-26,17.54,17.54,17.37,17.47,19600,16.98
2010-03-25,17.69,17.75,17.50,17.52,66100,17.03
2010-03-24,17.81,17.81,17.51,17.57,21700,16.97
2010-03-23,17.66,17.89,17.65,17.89,36300,17.28
2010-03-22,17.56,17.67,17.30,17.58,43600,16.98
2010-03-19,18.15,18.15,17.69,17.76,27700,17.16
2010-03-18,18.25,18.32,18.00,18.08,16000,17.47
2010-03-17,18.01,18.32,17.97,18.25,27700,17.63
2010-03-16,18.07,18.11,17.90,18.07,19700,17.46
2010-03-15,18.09,18.20,17.71,17.89,42600,17.28
2010-03-12,18.12,18.18,17.98,18.05,33800,17.44
2010-03-11,17.75,17.95,17.72,17.95,18400,17.34
2010-03-10,17.71,17.84,17.63,17.83,18100,17.23
2010-03-09,17.51,17.70,17.51,17.61,24800,17.01
2010-03-08,17.70,17.82,17.56,17.67,52500,17.07
2010-03-05,17.37,17.67,17.37,17.60,24100,17.00
2010-03-04,17.62,17.62,17.33,17.33,50900,16.74
2010-03-03,17.27,17.60,17.27,17.44,33300,16.85
2010-03-02,17.32,17.45,17.29,17.30,34500,16.71
2010-03-01,16.97,17.18,16.97,17.12,35100,16.54
2010-02-26,16.57,16.86,16.57,16.82,30800,16.25
2010-02-25,16.50,16.57,15.99,16.54,31100,15.98
2010-02-24,16.52,16.76,16.52,16.65,53400,16.09
2010-02-23,17.00,17.00,16.60,16.62,20100,16.06
2010-02-22,17.35,17.43,17.02,17.04,67500,16.46
2010-02-19,17.00,17.27,16.96,17.25,41500,16.66
2010-02-18,16.89,17.19,16.89,17.13,71400,16.55
2010-02-17,17.05,17.20,16.95,17.01,42000,16.43
2010-02-16,16.69,17.06,16.61,17.05,68200,16.47
2010-02-12,16.19,16.46,16.19,16.40,101600,15.84
2010-02-11,16.14,16.53,16.00,16.52,62100,15.96
2010-02-10,16.10,16.10,15.86,15.99,23900,15.45
2010-02-09,16.02,16.17,15.94,16.00,60400,15.46
2010-02-08,15.83,16.14,15.77,15.77,30200,15.23
2010-02-05,16.03,16.16,15.56,15.98,160800,15.44
2010-02-04,16.33,16.35,16.02,16.08,73400,15.53
2010-02-03,16.80,16.83,16.57,16.67,20800,16.10
2010-02-02,16.56,16.81,16.45,16.78,31900,16.21
2010-02-01,16.08,16.42,15.91,16.40,47500,15.84
2010-01-29,16.12,16.44,15.81,15.89,41800,15.35
2010-01-28,16.25,16.41,16.04,16.16,75300,15.61
2010-01-27,16.36,16.36,16.02,16.21,39700,15.66
2010-01-26,16.52,16.52,16.09,16.30,50800,15.75
2010-01-25,16.43,16.68,16.41,16.49,82200,15.93
2010-01-22,16.61,16.78,15.80,16.42,119700,15.86
2010-01-21,17.32,17.35,16.81,16.81,36300,16.24
2010-01-20,17.54,17.63,17.00,17.25,191100,16.66
2010-01-19,17.73,17.88,17.62,17.74,72600,17.14
2010-01-15,18.03,18.03,17.70,17.84,100400,17.23
2010-01-14,17.94,18.10,17.85,18.07,74400,17.46
2010-01-13,17.55,17.85,17.45,17.85,78500,17.24
2010-01-12,17.98,18.04,17.59,17.66,42600,17.06
2010-01-11,18.40,18.48,18.06,18.14,85100,17.52
2010-01-08,17.94,18.25,17.94,18.25,84500,17.63
2010-01-07,18.18,18.18,17.93,18.12,100000,17.51
2010-01-06,17.90,18.16,17.64,18.15,110700,17.53
2010-01-05,17.56,17.83,17.56,17.75,50500,17.15
2010-01-04,17.20,17.55,17.20,17.50,65500,16.91
2009-12-31,17.07,17.16,16.92,16.98,117100,16.40
2009-12-30,17.07,17.07,16.85,16.93,18800,16.36
2009-12-29,17.07,17.19,17.00,17.15,37500,16.57
2009-12-28,17.00,17.06,16.83,16.89,43600,16.32
2009-12-24,16.96,16.98,16.82,16.92,66300,16.35
2009-12-23,16.79,17.00,16.79,16.95,4500,16.15
2009-12-22,16.75,16.78,16.52,16.72,21300,15.93
2009-12-21,16.66,16.75,16.60,16.67,28100,15.88
2009-12-18,16.65,16.67,16.38,16.42,44600,15.64
2009-12-17,16.43,16.60,16.33,16.46,14800,15.68
2009-12-16,16.40,16.72,16.40,16.67,11700,15.88
2009-12-15,16.09,16.39,16.09,16.39,11200,15.61
2009-12-14,16.19,16.26,16.01,16.21,34000,15.44
2009-12-11,16.13,16.19,16.01,16.11,19000,15.35
2009-12-10,15.96,16.18,15.96,16.18,22600,15.41
2009-12-09,15.91,16.19,15.78,15.93,29000,15.18
2009-12-08,16.20,16.20,15.83,15.92,54600,15.17
2009-12-07,16.32,16.60,16.29,16.40,28400,15.62
2009-12-04,16.79,16.89,16.40,16.44,22300,15.66
2009-12-03,16.75,16.80,16.54,16.65,37200,15.86
2009-12-02,16.96,16.96,16.70,16.76,13100,15.97
2009-12-01,16.66,17.00,16.66,16.88,45700,16.08
2009-11-30,16.27,16.46,16.19,16.40,24100,15.62
2009-11-27,16.13,16.52,16.01,16.49,26900,15.71
2009-11-25,16.62,17.00,16.61,16.98,45400,16.18
2009-11-24,16.62,16.62,16.42,16.53,37100,15.75
2009-11-23,16.47,16.84,16.47,16.51,12400,15.73
2009-11-20,16.34,16.34,16.14,16.22,40100,15.45
2009-11-19,16.64,16.64,16.28,16.40,44400,15.62
2009-11-18,16.93,16.95,16.58,16.65,40700,15.86
2009-11-17,16.60,16.86,16.50,16.86,31400,16.06
2009-11-16,16.69,16.89,16.64,16.73,17700,15.94
2009-11-13,16.21,16.62,16.21,16.58,15700,15.79
2009-11-12,16.71,16.73,16.30,16.33,19600,15.56
2009-11-11,17.08,17.08,16.62,16.70,152900,15.91
2009-11-10,16.75,16.82,16.61,16.73,25400,15.94
2009-11-09,16.54,16.85,16.54,16.71,80200,15.92
2009-11-06,16.10,16.28,16.07,16.15,22400,15.38
2009-11-05,16.18,16.34,16.10,16.28,81700,15.51
2009-11-04,16.11,16.32,15.99,16.10,72000,15.34
2009-11-03,15.34,15.81,15.18,15.81,14000,15.06
2009-11-02,15.57,15.93,15.16,15.44,38800,14.71
2009-10-30,15.95,16.12,15.29,15.43,30500,14.70
2009-10-29,15.83,16.21,15.83,16.00,67200,15.24
2009-10-28,16.38,16.38,15.51,15.54,130300,14.80
2009-10-27,16.43,16.63,16.14,16.52,61200,15.74
2009-10-26,17.01,17.25,16.30,16.40,52300,15.62
2009-10-23,17.30,17.37,16.96,17.03,54100,16.22
2009-10-22,17.10,17.41,16.86,17.29,73100,16.47
2009-10-21,17.11,17.65,17.06,17.16,30200,16.35
2009-10-20,17.47,17.63,17.02,17.16,57300,16.35
2009-10-19,17.30,17.66,17.21,17.56,45600,16.73
2009-10-16,17.42,17.42,17.01,17.20,60400,16.39
2009-10-15,17.55,17.55,17.30,17.47,82400,16.64
2009-10-14,17.40,17.57,17.39,17.56,115400,16.73
2009-10-13,16.96,17.18,16.74,17.10,54400,16.29
2009-10-12,16.75,16.98,16.75,16.88,60200,16.08
2009-10-09,16.34,16.69,16.34,16.59,64600,15.80
2009-10-08,15.92,16.32,15.80,16.30,64700,15.53
2009-10-07,15.85,15.85,15.59,15.75,46200,15.00
2009-10-06,15.53,15.89,15.51,15.81,41900,15.06
2009-10-05,14.69,15.32,14.69,15.29,57400,14.57
2009-10-02,14.37,14.88,14.36,14.76,279700,14.06
2009-10-01,15.65,15.65,14.95,14.96,111000,14.25
2009-09-30,15.65,15.74,15.24,15.65,102000,14.91
2009-09-29,15.33,15.38,15.00,15.36,24700,14.63
2009-09-28,15.06,15.42,15.06,15.26,80900,14.54
2009-09-25,14.82,15.11,14.69,15.08,33800,14.37
2009-09-24,15.52,15.52,14.89,15.04,135400,14.33
2009-09-23,15.89,15.92,15.60,15.63,42700,14.79
2009-09-22,15.67,16.02,15.67,15.86,79500,15.01
2009-09-21,15.46,15.60,15.15,15.45,59700,14.62
2009-09-18,15.75,15.89,15.54,15.66,35900,14.82
2009-09-17,15.89,16.13,15.71,15.75,114100,14.90
2009-09-16,15.41,15.78,15.35,15.72,128400,14.87
2009-09-15,15.00,15.26,15.00,15.25,79000,14.43
2009-09-14,14.65,14.98,14.33,14.97,92500,14.16
2009-09-11,14.65,14.98,14.65,14.70,191300,13.91
2009-09-10,14.26,14.56,14.22,14.56,48100,13.78
2009-09-09,14.31,14.38,14.14,14.26,59700,13.49
2009-09-08,14.20,14.37,14.05,14.21,48800,13.44
2009-09-04,13.56,13.94,13.56,13.89,65300,13.14
2009-09-03,13.39,13.54,13.39,13.47,74000,12.74
2009-09-02,13.47,13.50,13.30,13.39,17800,12.67
2009-09-01,13.85,14.00,13.38,13.42,51400,12.70
2009-08-31,13.87,13.87,13.26,13.78,35600,13.04
2009-08-28,13.97,14.08,13.87,13.88,4600,13.13
2009-08-27,13.78,13.90,13.46,13.81,27000,13.07
2009-08-26,13.89,13.89,13.55,13.81,15800,13.07
2009-08-25,14.13,14.22,13.83,13.88,53500,13.13
2009-08-24,13.95,14.19,13.85,14.04,29300,13.28
2009-08-21,13.76,13.99,13.76,13.92,11000,13.17
2009-08-20,13.61,13.78,13.54,13.73,20500,12.99
2009-08-19,13.20,13.75,13.20,13.65,32100,12.92
2009-08-18,13.11,13.50,13.11,13.48,14300,12.75
2009-08-17,13.40,13.40,12.87,13.17,23600,12.46
2009-08-14,13.87,13.87,13.45,13.55,34000,12.82
2009-08-13,13.67,13.97,13.67,13.84,31600,13.09
2009-08-12,13.29,13.66,13.29,13.60,17800,12.87
2009-08-11,13.52,13.52,13.19,13.39,25000,12.67
2009-08-10,13.66,13.78,13.41,13.60,24500,12.87
2009-08-07,13.73,13.88,13.67,13.84,18400,13.09
2009-08-06,14.08,14.08,13.68,13.90,13200,13.15
2009-08-05,13.81,14.11,13.76,14.08,66000,13.32
2009-08-04,13.89,14.08,13.86,13.98,30500,13.23
2009-08-03,13.70,14.28,13.65,14.08,71100,13.32
2009-07-31,13.30,13.70,13.30,13.65,9500,12.92
2009-07-30,13.00,13.49,13.00,13.40,56000,12.68
2009-07-29,13.50,13.53,12.92,13.05,18000,12.35
2009-07-28,13.70,13.70,13.24,13.57,16400,12.84
2009-07-27,13.75,13.86,13.51,13.70,22900,12.96
2009-07-24,13.64,13.82,13.52,13.70,14700,12.96
2009-07-23,13.26,13.69,13.25,13.60,34400,12.87
2009-07-22,13.23,13.31,12.97,13.27,27000,12.56
2009-07-21,13.50,13.59,13.02,13.22,30500,12.51
2009-07-20,13.09,13.39,13.08,13.33,56200,12.61
2009-07-17,12.89,13.02,12.84,12.97,66300,12.27
2009-07-16,12.94,13.52,12.64,12.93,24100,12.23
2009-07-15,12.16,13.00,12.16,12.84,51200,12.15
2009-07-14,12.07,12.28,12.07,12.24,15900,11.58
2009-07-13,11.59,11.83,11.46,11.82,24600,11.18
2009-07-10,11.64,11.65,11.41,11.64,25400,11.01
2009-07-09,11.47,12.01,11.47,11.77,107000,11.14
2009-07-08,11.78,11.86,11.30,11.37,69800,10.76
2009-07-07,12.05,12.05,11.81,11.86,41300,11.22
2009-07-06,12.55,12.55,11.88,12.01,32200,11.36
2009-07-02,13.05,13.05,12.50,12.55,17600,11.87
2009-07-01,13.15,13.37,13.02,13.05,22800,12.35
2009-06-30,13.05,13.23,12.85,12.92,45100,12.22
2009-06-29,12.93,13.12,12.91,12.95,62000,12.25
2009-06-26,13.18,13.18,12.91,13.00,31100,12.30
2009-06-25,12.84,13.01,12.75,13.00,12500,12.30
2009-06-24,12.85,13.07,12.75,12.75,13800,12.06
2009-06-23,12.60,12.75,12.25,12.58,38400,11.76
2009-06-22,13.15,13.46,12.50,12.50,74000,11.68
2009-06-19,13.61,13.69,13.38,13.55,38000,12.66
2009-06-18,13.50,13.51,13.37,13.37,22100,12.49
2009-06-17,13.81,13.81,13.16,13.62,269000,12.73
2009-06-16,14.20,14.42,13.75,13.99,123500,13.07
2009-06-15,14.51,14.51,14.01,14.06,36000,13.14
2009-06-12,15.06,15.06,14.25,14.81,117500,13.84
2009-06-11,14.78,15.20,14.65,15.07,39100,14.08
2009-06-10,14.61,14.72,14.36,14.62,40100,13.66
2009-06-09,14.28,14.50,14.25,14.38,17000,13.44
2009-06-08,14.11,14.13,13.59,14.13,23300,13.20
2009-06-05,14.98,14.98,14.00,14.15,25700,13.22
2009-06-04,13.82,14.42,13.60,14.42,53000,13.47
2009-06-03,14.55,14.55,13.54,13.60,115200,12.71
2009-06-02,14.92,14.92,14.45,14.74,42300,13.77
2009-06-01,14.96,14.96,14.51,14.92,54500,13.94
2009-05-29,14.15,14.47,14.13,14.38,102400,13.44
2009-05-28,13.50,13.96,13.40,13.96,32100,13.04
2009-05-27,13.46,13.72,13.40,13.42,23800,12.54
2009-05-26,13.01,13.47,12.98,13.46,31500,12.58
2009-05-22,13.10,13.33,12.98,13.28,18500,12.41
2009-05-21,13.26,13.26,12.75,12.97,56000,12.12
2009-05-20,13.25,13.63,13.15,13.16,40800,12.30
2009-05-19,12.72,13.16,12.63,13.12,40700,12.26
2009-05-18,12.59,13.20,12.28,12.84,28700,12.00
2009-05-15,12.38,12.50,12.05,12.18,16200,11.38
2009-05-14,12.30,12.61,12.00,12.51,23700,11.69
2009-05-13,12.95,12.98,12.26,12.39,73400,11.58
2009-05-12,13.16,13.52,12.90,13.32,66000,12.45
2009-05-11,13.66,13.66,13.00,13.18,69700,12.32
2009-05-08,13.11,13.69,12.55,13.62,51300,12.73
2009-05-07,13.18,13.55,12.53,12.77,51400,11.93
2009-05-06,12.46,13.13,12.38,13.00,49200,12.15
2009-05-05,12.46,12.46,12.08,12.38,34700,11.57
2009-05-04,11.68,12.34,11.67,12.30,43300,11.49
2009-05-01,11.52,11.86,11.49,11.67,21400,10.90
2009-04-30,11.35,11.65,11.34,11.44,32200,10.69
2009-04-29,11.21,11.45,11.05,11.26,19800,10.52
2009-04-28,11.01,11.36,10.99,11.01,10700,10.29
2009-04-27,11.25,11.38,11.03,11.23,28800,10.49
2009-04-24,11.20,11.59,11.18,11.38,22600,10.63
2009-04-23,11.04,11.20,10.85,11.12,10800,10.39
2009-04-22,10.84,11.05,10.83,10.93,18200,10.21
2009-04-21,10.44,10.91,10.30,10.77,30900,10.06
2009-04-20,11.37,12.25,10.52,10.52,58100,9.83
2009-04-17,11.35,11.54,11.31,11.54,24500,10.78
2009-04-16,11.08,11.36,11.06,11.29,9500,10.55
2009-04-15,10.99,11.04,10.92,11.04,7700,10.32
2009-04-14,11.19,11.19,10.85,11.04,26900,10.32
2009-04-13,11.65,11.65,10.76,11.11,40000,10.38
2009-04-09,10.93,11.02,10.77,10.94,36600,10.22
2009-04-08,10.11,10.55,10.11,10.32,41400,9.64
2009-04-07,10.64,10.64,10.20,10.26,22800,9.59
2009-04-06,11.71,11.71,10.30,10.46,14000,9.77
2009-04-03,10.61,10.65,10.34,10.53,14300,9.84
2009-04-02,10.09,10.65,10.09,10.46,12300,9.77
2009-04-01,9.65,9.87,9.49,9.85,23300,9.20
2009-03-31,10.40,10.40,9.55,9.76,29200,9.12
2009-03-30,10.50,10.50,9.33,9.47,44700,8.85
2009-03-27,10.58,10.80,10.03,10.24,23900,9.57
2009-03-26,10.88,10.88,10.32,10.59,31800,9.90
2009-03-25,11.14,11.14,10.19,10.23,71900,9.56
2009-03-24,10.07,11.96,10.07,10.56,32800,9.72
2009-03-23,10.84,10.86,9.76,10.70,41700,9.85
2009-03-20,10.52,10.52,9.94,9.94,22500,9.15
2009-03-19,10.05,10.50,10.05,10.39,25000,9.56
2009-03-18,9.65,9.95,9.27,9.72,7700,8.94
2009-03-17,9.23,9.70,9.14,9.70,24300,8.93
2009-03-16,8.98,9.46,8.81,9.25,40400,8.51
2009-03-13,9.20,9.20,8.73,8.90,15000,8.19
2009-03-12,8.36,8.96,8.25,8.92,12600,8.21
2009-03-11,8.35,8.52,8.20,8.36,26500,7.69
2009-03-10,8.40,8.54,8.12,8.32,45400,7.66
2009-03-09,7.75,8.08,7.75,7.84,20800,7.21
2009-03-06,7.74,7.91,7.64,7.90,18100,7.27
2009-03-05,8.25,8.37,7.73,7.73,17300,7.11
2009-03-04,7.92,8.44,7.92,8.40,34700,7.73
2009-03-03,7.85,8.38,7.44,7.79,26400,7.17
2009-03-02,8.90,8.90,8.00,8.00,26700,7.36
2009-02-27,8.96,9.11,8.80,8.99,15200,8.27
2009-02-26,9.13,9.37,9.13,9.15,16200,8.42
2009-02-25,8.97,9.00,8.51,8.95,33800,8.24
2009-02-24,8.50,8.86,8.21,8.86,25500,8.15
2009-02-23,9.32,9.32,8.43,8.46,140200,7.78
2009-02-20,9.70,9.70,8.86,9.25,81300,8.51
2009-02-19,9.73,9.92,9.60,9.61,8000,8.84
2009-02-18,10.13,10.19,9.50,9.69,48700,8.92
2009-02-17,10.45,10.45,9.95,9.95,40300,9.16
2009-02-13,10.75,10.77,10.55,10.73,13200,9.87
2009-02-12,10.66,10.66,10.34,10.50,5000,9.66
2009-02-11,10.69,10.85,10.65,10.75,23200,9.89
2009-02-10,11.25,11.25,10.65,10.66,8700,9.81
2009-02-09,11.78,11.78,11.18,11.25,700,10.35
2009-02-06,10.61,11.13,10.61,10.91,9200,10.04
2009-02-05,10.89,10.99,10.74,10.75,15600,9.89
2009-02-04,10.50,11.80,10.50,11.01,7800,10.13
2009-02-03,11.03,11.04,10.83,11.03,14200,10.15
2009-02-02,10.74,11.05,10.71,10.81,7000,9.95
2009-01-30,11.43,11.48,11.00,11.16,25800,10.27
2009-01-29,11.60,11.65,11.31,11.45,25400,10.54
2009-01-28,11.87,11.87,11.60,11.67,9100,10.74
2009-01-27,11.43,11.68,11.40,11.64,14200,10.71
2009-01-26,11.50,11.85,11.50,11.58,29900,10.66
2009-01-23,10.54,11.33,10.54,11.33,18900,10.43
2009-01-22,10.91,11.02,10.67,10.78,18600,9.92
2009-01-21,10.95,11.62,10.66,11.12,50200,10.23
2009-01-20,11.23,11.23,10.67,10.76,32200,9.90
2009-01-16,11.16,11.50,11.10,11.32,30600,10.42
2009-01-15,11.09,11.27,10.64,11.27,23300,10.37
2009-01-14,11.66,11.66,11.00,11.09,12900,10.20
2009-01-13,11.18,11.52,11.16,11.52,32200,10.60
2009-01-12,12.00,12.00,11.30,11.48,20800,10.56
2009-01-09,13.36,13.36,11.99,12.00,15600,11.04
2009-01-08,11.92,12.37,11.70,12.37,29300,11.38
2009-01-07,13.19,13.19,12.03,12.14,50300,11.17
2009-01-06,13.08,13.17,12.79,13.04,24000,12.00
2009-01-05,12.12,12.63,12.00,12.48,31500,11.48
2009-01-02,11.11,11.87,11.11,11.87,19800,10.92
2008-12-31,11.01,11.19,10.57,11.12,30100,10.23
2008-12-30,10.54,10.86,10.54,10.86,30900,9.99
2008-12-29,10.50,10.65,10.42,10.55,33200,9.71
2008-12-26,10.51,10.51,10.19,10.25,23200,9.43
2008-12-24,10.44,10.75,10.34,10.50,14800,9.66
2008-12-23,10.50,10.77,10.42,10.77,16700,9.52
2008-12-22,11.29,11.29,10.56,10.61,26300,9.38
2008-12-19,10.93,11.05,10.75,11.05,11200,9.77
2008-12-18,11.83,11.83,10.87,10.87,59800,9.61
2008-12-17,12.27,12.27,11.61,11.92,81100,10.54
2008-12-16,11.77,11.77,11.48,11.77,16000,10.41
2008-12-15,11.81,12.06,11.14,11.42,55600,10.10
2008-12-12,11.06,11.40,10.56,11.40,175100,10.08
2008-12-11,11.64,11.99,11.30,11.42,25900,10.10
2008-12-10,11.03,11.32,11.00,11.26,18800,9.96
2008-12-09,10.59,12.31,10.28,10.92,44800,9.65
2008-12-08,10.41,11.01,10.26,10.82,47400,9.57
2008-12-05,11.37,11.37,9.66,9.99,28400,8.83
2008-12-04,11.37,11.65,10.51,10.53,27700,9.31
2008-12-03,11.85,11.85,11.37,11.52,18100,10.19
2008-12-02,12.73,13.80,11.53,13.80,18400,12.20
2008-12-01,12.06,12.46,11.58,11.58,17100,10.24
2008-11-28,12.74,12.88,12.56,12.70,5100,11.23
2008-11-26,12.42,12.85,11.76,12.85,24600,11.36
2008-11-25,12.35,14.03,11.93,12.15,25400,10.74
2008-11-24,10.92,12.25,10.92,12.07,52200,10.67
2008-11-21,10.46,10.88,10.28,10.40,17300,9.19
2008-11-20,11.75,12.00,10.61,10.61,28400,9.38
2008-11-19,12.90,13.21,12.21,12.21,40100,10.80
2008-11-18,13.30,13.44,12.58,12.80,18200,11.32
2008-11-17,13.56,14.11,13.02,13.23,41500,11.70
2008-11-14,12.46,14.23,12.46,14.23,8500,12.58
2008-11-13,12.26,13.26,12.00,13.26,25800,11.72
2008-11-12,13.30,13.31,12.47,12.49,21600,11.04
2008-11-11,14.25,14.25,13.38,13.64,40100,12.06
2008-11-10,14.54,15.27,14.06,14.16,36700,12.52
2008-11-07,14.43,14.72,14.02,14.15,12500,12.51
2008-11-06,15.34,15.34,13.86,14.12,13600,12.48
2008-11-05,15.79,15.79,15.01,15.01,18300,13.27
2008-11-04,15.19,15.90,15.19,15.81,31900,13.98
2008-11-03,15.80,15.80,14.49,14.56,16300,12.87
2008-10-31,14.50,15.76,13.72,14.65,17600,12.95
2008-10-30,14.00,14.78,13.58,14.01,22300,12.39
2008-10-29,12.88,14.06,12.80,13.89,74100,12.28
2008-10-28,12.03,12.28,11.70,12.25,17000,10.83
2008-10-27,12.30,12.48,11.73,11.76,26300,10.40
2008-10-24,12.00,12.61,11.75,12.30,37700,10.87
2008-10-23,14.13,14.13,12.50,12.93,13700,11.43
2008-10-22,14.50,14.50,12.85,13.11,55200,11.59
2008-10-21,16.25,16.25,14.40,14.57,20400,12.88
2008-10-20,13.51,14.99,13.51,14.99,15800,13.25
2008-10-17,12.75,13.94,12.75,13.61,13100,12.03
2008-10-16,12.33,12.75,11.75,12.75,17500,11.27
2008-10-15,13.50,13.50,12.53,12.53,11700,11.08
2008-10-14,15.80,16.00,13.86,13.96,70600,12.34
2008-10-13,13.43,14.54,12.06,14.54,35100,12.86
2008-10-10,12.13,17.50,11.28,12.36,72500,10.93
2008-10-09,13.85,14.64,13.31,13.31,14900,11.77
2008-10-08,13.25,14.13,11.50,13.81,37300,12.21
2008-10-07,15.69,16.60,14.40,14.40,37000,12.73
2008-10-06,17.13,17.13,14.35,15.73,62800,13.91
2008-10-03,18.14,18.99,18.00,18.02,13000,15.93
2008-10-02,19.75,19.75,18.55,18.69,8000,16.52
2008-10-01,20.31,20.60,20.00,20.29,4700,17.94
2008-09-30,21.15,21.15,20.00,20.65,14500,18.26
2008-09-29,20.36,20.92,19.23,19.66,21500,17.38
2008-09-26,23.18,23.18,21.37,21.64,4400,19.13
2008-09-25,24.58,24.58,22.26,22.70,42500,20.07
2008-09-24,23.05,23.20,22.84,22.92,6900,20.26
2008-09-23,23.41,23.41,22.35,22.68,6800,19.79
2008-09-22,24.14,24.15,23.11,23.60,12900,20.59
2008-09-19,20.74,22.66,20.74,22.50,4800,19.63
2008-09-18,21.20,21.51,20.50,20.92,23600,18.25
2008-09-17,20.87,20.90,19.64,20.51,21600,17.90
2008-09-16,21.02,21.07,20.29,20.83,11500,18.17
2008-09-15,22.00,22.00,21.41,21.41,4900,18.68
2008-09-12,22.60,23.16,22.51,22.87,3900,19.95
2008-09-11,21.70,22.57,21.37,21.94,10800,19.14
2008-09-10,21.43,22.32,21.38,22.13,11800,19.31
2008-09-09,23.14,23.34,21.57,21.57,14500,18.82
2008-09-08,24.99,25.00,23.50,23.62,9400,20.61
2008-09-05,24.09,24.58,23.77,24.40,34500,21.29
2008-09-04,24.78,25.38,24.31,24.50,13900,21.38
2008-09-03,25.81,25.81,25.11,25.23,4600,22.01
2008-09-02,27.17,27.17,25.79,25.87,18400,22.57
2008-08-29,27.08,27.38,27.02,27.38,1200,23.89
2008-08-28,27.62,27.64,27.10,27.10,3500,23.65
2008-08-27,27.24,27.59,27.24,27.28,4200,23.80
2008-08-26,26.16,27.26,26.16,26.75,26800,23.34
2008-08-25,25.93,26.92,25.93,26.47,2800,23.10
2008-08-22,27.94,27.94,26.67,26.72,7600,23.31
2008-08-21,26.89,27.62,26.89,27.49,18000,23.99
2008-08-20,25.52,26.61,25.52,26.61,9600,23.22
2008-08-19,24.24,25.50,22.01,25.44,21000,22.20
2008-08-18,24.77,25.46,24.77,24.83,14700,21.66
2008-08-15,25.61,25.63,24.92,24.94,4200,21.76
2008-08-14,26.10,26.11,25.40,25.72,4600,22.44
2008-08-13,24.70,26.17,24.70,26.17,6400,22.83
2008-08-12,24.14,25.00,24.14,24.90,14900,21.73
2008-08-11,24.44,25.01,24.09,24.65,18700,21.51
2008-08-08,25.65,25.65,24.89,24.98,16500,21.80
2008-08-07,26.03,26.35,25.88,25.88,8900,22.58
2008-08-06,24.94,26.26,24.53,25.99,16900,22.68
2008-08-05,25.42,26.02,25.25,25.48,15300,22.23
2008-08-04,27.21,27.27,25.68,25.68,226100,22.41
2008-08-01,27.50,27.85,26.68,27.49,5400,23.99
2008-07-31,28.05,28.05,27.33,27.33,5000,23.85
2008-07-30,26.32,28.13,26.32,27.99,22100,24.42
2008-07-29,27.00,27.00,26.43,26.61,25800,23.22
2008-07-28,26.94,27.81,26.94,27.40,8500,23.91
2008-07-25,26.80,27.11,26.43,26.79,17700,23.37
2008-07-24,27.44,27.61,26.71,26.90,13900,23.47
2008-07-23,28.09,28.09,27.23,27.24,37200,23.77
2008-07-22,28.96,28.96,27.90,28.34,5800,24.73
2008-07-21,27.67,28.97,27.67,28.87,10900,25.19
2008-07-18,27.31,28.52,27.31,27.94,8000,24.38
2008-07-17,28.19,29.26,27.33,27.39,9600,23.90
2008-07-16,28.47,29.11,28.08,28.83,20000,25.15
2008-07-15,30.47,30.47,29.32,29.68,9500,25.90
2008-07-14,30.33,30.56,30.23,30.47,7900,26.59
2008-07-11,28.91,30.36,28.91,30.07,9400,26.24
2008-07-10,29.39,29.96,28.80,29.96,11500,26.14
2008-07-09,28.42,29.82,28.42,28.69,23100,25.03
2008-07-08,28.54,28.96,27.68,28.52,41700,24.88
2008-07-07,29.57,30.36,27.91,29.41,52100,25.66
2008-07-03,31.05,31.18,30.13,30.85,34500,26.92
2008-07-02,32.40,32.51,31.15,31.33,29000,27.34
2008-07-01,33.02,33.02,32.03,32.26,23700,28.15
2008-06-30,33.04,33.04,31.77,32.08,48900,27.99
2008-06-27,31.84,32.13,31.68,31.83,15200,27.77
2008-06-26,31.81,31.93,30.80,31.50,24000,27.48
2008-06-25,31.48,31.78,30.66,31.46,19700,27.45
2008-06-24,33.21,33.21,31.66,31.73,31700,27.68
2008-06-23,32.39,33.02,32.00,33.02,15400,28.65
2008-06-20,31.80,32.50,31.43,31.88,12200,27.66
2008-06-19,32.88,32.89,31.77,31.89,23300,27.67
2008-06-18,33.00,33.22,32.81,33.21,8300,28.81
2008-06-17,33.49,33.49,32.55,32.92,14600,28.56
2008-06-16,32.44,32.80,32.41,32.59,31100,28.27
2008-06-13,31.70,32.10,31.70,31.91,4900,27.68
2008-06-12,31.91,32.11,31.65,31.92,11000,27.69
2008-06-11,31.18,32.31,31.18,32.20,11900,27.93
2008-06-10,32.24,32.24,31.34,31.58,29600,27.40
2008-06-09,32.17,32.50,31.84,31.84,18900,27.62
2008-06-06,32.84,33.00,32.08,32.17,18100,27.91
2008-06-05,30.38,31.56,30.38,31.56,10100,27.38
2008-06-04,31.83,32.13,30.51,30.62,15700,26.56
2008-06-03,32.27,32.27,31.25,31.38,14600,27.22
2008-06-02,32.28,32.28,31.04,31.91,10300,27.68
2008-05-30,30.72,31.80,30.72,31.71,15100,27.51
2008-05-29,32.03,32.35,31.30,31.30,11800,27.15
2008-05-28,30.43,32.12,30.28,32.12,18300,27.86
2008-05-27,33.70,33.70,31.54,31.69,35300,27.49
2008-05-23,34.22,34.66,32.45,32.91,26900,28.55
2008-05-22,35.03,35.03,32.80,33.26,22600,28.85
2008-05-21,35.06,36.52,33.45,33.62,98000,29.17
2008-05-20,34.20,34.48,32.90,33.66,36200,29.20
2008-05-19,33.64,33.64,32.30,32.90,25800,28.54
2008-05-16,31.60,32.37,31.60,32.28,21000,28.00
2008-05-15,31.94,31.94,30.80,31.35,18600,27.20
2008-05-14,31.70,31.70,31.06,31.40,16900,27.24
2008-05-13,32.00,32.00,30.98,31.18,14800,27.05
2008-05-12,31.55,31.55,30.58,31.25,21400,27.11
2008-05-09,30.70,31.00,30.64,30.99,11800,26.88
2008-05-08,31.40,31.40,30.21,30.57,10200,26.52
2008-05-07,30.89,31.00,29.77,30.20,25400,26.20
2008-05-06,29.45,30.25,29.44,30.25,9900,26.24
2008-05-05,28.70,29.21,28.70,29.21,10700,25.34
2008-05-02,27.20,28.61,27.06,28.61,13200,24.82
2008-05-01,28.35,28.35,27.60,27.94,14000,24.24
2008-04-30,27.78,28.77,27.78,28.70,7000,24.90
2008-04-29,29.54,29.54,28.06,28.06,71400,24.34
2008-04-28,28.15,28.97,28.15,28.86,8200,25.04
2008-04-25,27.35,28.57,25.50,28.47,37300,24.70
2008-04-24,28.50,28.51,28.01,28.05,11200,24.33
2008-04-23,29.70,29.70,28.67,28.86,13100,25.04
2008-04-22,29.55,29.74,29.15,29.74,13900,25.80
2008-04-21,28.63,29.42,28.63,29.42,19500,25.52
2008-04-18,28.99,28.99,27.06,28.97,13900,25.13
2008-04-17,29.00,29.00,28.40,28.54,3200,24.76
2008-04-16,29.27,29.33,28.32,28.91,20100,25.08
2008-04-15,27.50,27.94,27.50,27.94,39800,24.24
2008-04-14,26.60,27.30,26.59,27.30,4800,23.68
2008-04-11,26.71,26.77,26.59,26.70,19000,23.16
2008-04-10,26.92,27.05,26.60,27.05,6600,23.47
2008-04-09,26.54,26.80,26.54,26.80,2400,23.25
2008-04-08,26.48,26.58,26.35,26.45,9600,22.95
2008-04-07,26.95,26.95,26.38,26.49,15900,22.98
2008-04-04,26.31,26.49,26.26,26.36,1700,22.87
2008-04-03,26.87,26.87,26.05,26.17,1700,22.70
2008-04-02,25.61,26.01,25.48,25.92,15500,22.49
2008-04-01,26.60,26.60,24.99,25.53,8200,22.15
2008-03-31,25.99,25.99,25.06,25.38,19300,22.02
2008-03-28,26.00,26.00,25.51,25.51,3200,22.13
2008-03-27,25.21,26.10,25.21,26.03,1800,22.58
2008-03-26,25.64,25.89,25.64,25.64,7800,22.24
2008-03-25,24.75,25.45,24.75,25.45,47600,22.08
2008-03-24,22.81,24.90,22.81,24.77,7700,21.49
2008-03-20,22.90,24.42,22.80,24.22,13600,21.01
2008-03-19,26.95,26.95,24.58,24.58,11500,21.32
2008-03-18,26.07,26.35,25.83,26.35,8200,22.86
2008-03-17,27.41,27.41,25.35,25.85,35000,22.43
2008-03-14,27.25,27.25,26.59,26.82,14700,23.27
2008-03-13,26.57,27.13,26.57,27.13,4900,23.54
2008-03-12,26.75,26.75,26.30,26.57,3900,23.05
2008-03-11,26.54,26.68,26.16,26.67,18000,23.14
2008-03-10,27.79,27.79,25.75,25.75,6900,22.34
2008-03-07,26.80,27.03,26.40,26.62,26600,23.09
2008-03-06,27.63,27.63,27.00,27.00,19500,23.42
2008-03-05,26.36,27.37,26.36,27.35,7800,23.73
2008-03-04,27.08,27.08,26.24,26.54,29400,23.02
2008-03-03,28.06,28.06,26.61,26.97,14900,23.40
2008-02-29,27.60,27.60,26.89,26.99,22000,23.41
2008-02-28,27.53,27.84,27.29,27.64,15800,23.98
2008-02-27,27.01,27.43,27.00,27.00,13700,23.42
2008-02-26,27.59,27.59,25.53,27.10,116200,23.51
2008-02-25,26.39,26.43,25.72,26.33,11400,22.84
2008-02-22,24.26,25.33,22.05,25.33,11200,21.97
2008-02-21,25.36,25.53,25.12,25.30,5400,21.95
2008-02-20,25.35,25.58,25.20,25.58,8400,22.19
2008-02-19,25.46,25.50,25.30,25.31,16200,21.96
2008-02-15,25.50,25.50,24.85,25.08,10400,21.76
2008-02-14,25.32,25.65,25.32,25.33,3600,21.97
2008-02-13,24.98,25.31,24.81,25.30,9400,21.95
2008-02-12,24.72,24.96,24.61,24.61,11500,21.35
2008-02-11,24.45,24.69,24.23,24.69,2700,21.42
2008-02-08,24.99,24.99,24.25,24.31,19400,21.09
2008-02-07,23.51,23.93,23.51,23.87,1600,20.71
2008-02-06,24.30,24.61,23.80,23.80,8100,20.65
2008-02-05,24.65,24.65,24.19,24.20,7500,20.99
2008-02-04,24.55,25.28,24.55,25.28,10900,21.93
2008-02-01,24.98,24.98,24.30,24.66,6100,21.39
2008-01-31,23.70,24.00,23.39,23.90,6400,20.73
2008-01-30,25.15,25.15,23.76,24.14,5700,20.94
2008-01-29,23.07,23.87,23.07,23.73,6100,20.59
2008-01-28,24.55,24.55,22.87,23.08,8100,20.02
2008-01-25,23.50,23.70,22.82,23.16,17400,20.09
2008-01-24,22.63,23.18,22.50,22.81,12700,19.79
2008-01-23,21.83,21.90,21.15,21.72,15400,18.84
2008-01-22,22.94,22.95,20.27,22.22,16200,19.28
2008-01-18,23.02,23.68,22.84,22.95,8400,19.91
2008-01-17,24.07,24.19,23.23,23.23,13400,20.15
2008-01-16,24.38,24.56,23.91,23.96,101300,20.79
2008-01-15,25.63,25.63,24.70,24.85,8400,21.56
2008-01-14,24.47,25.48,24.47,25.48,5300,22.10
2008-01-11,25.25,25.25,24.02,24.90,6500,21.60
2008-01-10,25.00,25.21,24.83,25.08,8200,21.76
2008-01-09,25.25,25.57,25.17,25.30,25100,21.95
2008-01-08,26.00,26.13,25.66,25.66,5400,22.26
2008-01-07,26.35,26.35,25.50,25.61,17600,22.22
2008-01-04,27.10,27.10,26.11,26.19,24400,22.72
2008-01-03,26.60,26.91,26.60,26.84,14800,23.28
2008-01-02,25.98,26.49,25.15,26.40,24000,22.90
2007-12-31,26.72,26.72,25.70,25.72,20000,22.31
2007-12-28,25.92,26.16,25.92,26.08,7300,22.62
2007-12-27,26.00,26.23,25.56,25.90,28700,22.47
2007-12-26,26.21,26.46,25.81,26.29,26400,22.81
2007-12-24,26.00,26.18,25.95,26.17,6000,22.07
2007-12-21,25.64,25.96,25.64,25.91,23000,21.85
2007-12-20,25.39,25.68,25.39,25.68,5700,21.66
2007-12-19,25.22,25.46,25.22,25.30,2900,21.34
2007-12-18,25.19,25.40,25.00,25.14,6700,21.20
2007-12-17,25.33,25.68,25.12,25.12,8100,21.18
2007-12-14,25.38,25.40,25.27,25.27,2300,21.31
2007-12-13,25.43,25.43,25.11,25.40,4200,21.42
2007-12-12,25.59,25.62,25.38,25.47,2500,21.48
2007-12-11,25.61,25.81,25.09,25.10,9800,21.17
2007-12-10,25.57,25.79,25.52,25.54,17600,21.54
2007-12-07,25.55,25.55,25.29,25.46,4200,21.47
2007-12-06,25.06,25.40,24.80,25.33,24500,21.36
2007-12-05,24.99,25.03,24.78,24.83,5900,20.94
2007-12-04,24.55,24.68,24.34,24.63,6300,20.77
2007-12-03,24.04,25.00,24.04,25.00,13100,21.08
2007-11-30,24.87,25.01,24.68,24.78,14500,20.90
2007-11-29,24.87,25.14,24.80,24.90,12900,21.00
2007-11-28,25.05,25.51,24.88,25.51,17000,21.51
2007-11-27,25.67,25.67,24.78,24.91,28600,21.01
2007-11-26,26.49,26.49,25.77,25.88,15300,21.83
2007-11-23,26.00,26.20,25.99,26.19,3000,22.09
2007-11-21,26.12,26.19,25.86,25.88,12600,21.83
2007-11-20,26.08,26.46,26.08,26.45,12700,22.31
2007-11-19,26.40,26.72,25.86,26.04,26800,21.96
2007-11-16,26.27,26.55,26.17,26.47,9100,22.32
2007-11-15,26.45,26.59,25.85,26.06,16600,21.98
2007-11-14,26.81,27.28,26.77,26.78,18500,22.58
2007-11-13,25.43,26.81,25.43,26.69,14700,22.51
2007-11-12,27.55,27.55,26.26,26.60,68300,22.43
2007-11-09,31.05,31.05,27.80,27.82,21900,23.46
2007-11-08,28.84,29.09,28.10,28.49,9500,24.03
2007-11-07,26.79,29.99,26.79,28.84,121500,24.32
2007-11-06,29.08,29.52,29.08,29.44,28200,24.83
2007-11-05,31.11,31.11,28.49,28.73,10700,24.23
2007-11-02,28.71,28.85,28.44,28.85,13800,24.33
2007-11-01,28.35,28.38,27.97,28.20,9700,23.78
2007-10-31,27.76,28.42,27.76,28.38,14700,23.93
2007-10-30,27.87,27.87,27.51,27.54,11400,23.22
2007-10-29,27.89,28.09,27.80,28.07,18200,23.67
2007-10-26,27.13,27.60,27.09,27.54,22800,23.22
2007-10-25,27.40,27.47,27.09,27.47,9500,23.17
2007-10-24,26.96,27.14,26.86,27.14,6500,22.89
2007-10-23,27.15,27.36,27.01,27.08,6100,22.84
2007-10-22,26.51,26.69,26.38,26.64,43500,22.47
2007-10-19,27.54,27.60,27.19,27.26,9900,22.99
2007-10-18,27.29,27.60,27.20,27.51,38500,23.20
2007-10-17,27.23,27.27,26.95,27.19,27200,22.93
2007-10-16,26.50,26.74,26.41,26.67,51500,22.49
2007-10-15,26.59,26.78,26.38,26.45,10900,22.31
2007-10-12,26.46,26.58,26.42,26.46,9900,22.31
2007-10-11,26.20,26.72,26.19,26.31,15300,22.19
2007-10-10,26.00,26.00,25.72,26.00,7000,21.93
2007-10-09,25.85,25.98,25.70,25.90,6400,21.84
2007-10-08,26.00,26.07,25.65,25.68,65600,21.66
2007-10-05,25.98,26.13,25.97,26.08,4400,21.99
2007-10-04,25.50,25.78,25.37,25.77,10100,21.73
2007-10-03,26.03,26.03,25.57,25.64,15200,21.62
2007-10-02,25.94,25.94,25.62,25.94,18800,21.88
2007-10-01,26.11,26.12,25.87,25.87,14400,21.82
2007-09-28,26.00,26.22,25.98,26.02,13800,21.94
2007-09-27,25.83,25.92,25.62,25.90,15700,21.84
2007-09-26,25.51,25.60,25.28,25.39,10700,21.41
2007-09-25,25.40,25.54,25.25,25.41,11200,21.43
2007-09-24,25.25,25.65,25.06,25.53,45300,21.53
2007-09-21,25.07,25.23,24.96,25.07,7900,21.14
2007-09-20,24.87,24.87,24.57,24.73,11800,20.86
2007-09-19,25.18,25.28,24.61,24.66,29700,20.80
2007-09-18,25.16,25.74,25.14,25.70,12400,21.67
2007-09-17,25.12,25.14,24.90,25.06,22800,21.13
2007-09-14,25.15,25.28,25.05,25.11,12100,21.18
2007-09-13,24.78,25.21,24.75,25.09,15200,21.16
2007-09-12,24.29,24.75,24.29,24.75,10800,20.87
2007-09-11,24.04,24.16,23.74,24.16,24800,20.37
2007-09-10,23.81,23.81,23.45,23.50,10800,19.82
2007-09-07,24.00,24.00,23.79,23.87,10700,20.13
2007-09-06,23.98,24.22,23.89,24.22,45600,20.43
2007-09-05,24.00,24.04,23.86,23.91,13400,20.16
2007-09-04,23.66,24.09,23.66,24.08,6600,20.31
2007-08-31,23.40,23.60,23.10,23.56,3600,19.87
2007-08-30,22.77,23.16,22.58,23.08,6200,19.46
2007-08-29,22.58,23.00,22.58,23.00,4200,19.40
2007-08-28,22.91,22.91,22.51,22.51,11700,18.98
2007-08-27,23.33,23.39,23.10,23.25,13700,19.61
2007-08-24,23.35,23.39,23.27,23.36,12400,19.70
2007-08-23,23.24,23.45,22.92,23.07,4200,19.46
2007-08-22,23.10,23.10,22.78,22.83,18600,19.25
2007-08-21,22.73,22.91,22.50,22.57,13900,19.03
2007-08-20,22.89,22.95,22.30,22.95,23100,19.35
2007-08-17,22.50,22.77,21.92,22.75,50800,19.19
2007-08-16,22.35,22.35,21.16,22.04,73600,18.59
2007-08-15,23.23,23.36,22.73,22.75,42300,19.19
2007-08-14,24.15,24.15,23.30,23.49,54000,19.81
2007-08-13,24.75,24.79,23.94,24.34,15700,20.53
2007-08-10,23.54,24.00,23.27,24.00,16300,20.24
2007-08-09,24.15,24.61,24.00,24.05,30000,20.28
2007-08-08,24.60,24.98,24.56,24.76,52000,20.88
2007-08-07,24.44,24.45,24.00,24.36,25700,20.54
2007-08-06,24.81,24.90,24.05,24.71,104300,20.84
2007-08-03,24.95,25.17,24.69,24.81,25700,20.92
2007-08-02,25.13,25.13,24.80,25.03,15000,21.11
2007-08-01,24.88,24.91,24.37,24.68,27300,20.81
2007-07-31,25.00,25.20,24.78,24.85,46400,20.96
2007-07-30,24.51,24.67,24.12,24.25,31000,20.45
2007-07-27,24.74,24.81,24.19,24.43,38200,20.60
2007-07-26,25.23,26.50,24.19,24.62,58300,20.76
2007-07-25,25.30,25.50,24.94,25.50,54500,21.50
2007-07-24,25.76,25.76,25.10,25.10,79900,21.17
2007-07-23,26.61,26.61,26.00,26.06,61900,21.98
2007-07-20,26.69,26.72,26.40,26.44,64800,22.30
2007-07-19,26.59,26.69,26.39,26.69,57800,22.51
2007-07-18,26.19,26.40,26.09,26.34,70100,22.21
2007-07-17,26.10,26.20,25.98,26.04,49400,21.96
2007-07-16,26.40,26.43,25.90,25.92,77600,21.86
2007-07-13,26.11,26.34,26.11,26.34,73300,22.21
2007-07-12,25.74,26.05,25.74,25.98,81500,21.91
2007-07-11,25.50,25.75,25.45,25.70,146200,21.67
2007-07-10,26.00,26.00,25.64,25.86,137100,21.81
2007-07-09,26.15,26.40,26.15,26.29,231900,22.17
2007-07-06,25.70,25.73,25.63,25.63,47100,21.61
2007-07-05,25.42,25.42,25.12,25.31,26700,21.34
2007-07-03,25.28,25.43,25.15,25.42,9800,21.44