2011-05-10,31.88,32.07,31.75,32.03,17400,32.03
2011-05-09,31.59,31.78,31.43,31.77,5300,31.77
2011-05-06,31.69,31.92,31.38,31.50,26300,31.50
2011-05-05,30.98,31.16,30.75,30.88,20600,30.88
2011-05-04,31.64,31.64,30.98,31.24,57000,31.24
2011-05-03,31.54,31.73,31.29,31.41,49000,31.41
2011-05-02,31.90,32.15,31.82,31.86,79000,31.86
2011-04-29,32.04,32.44,32.04,32.36,17000,32.36
2011-04-28,31.81,31.94,31.59,31.94,12800,31.94
2011-04-27,32.03,32.11,31.64,32.09,41000,32.09
2011-04-26,31.73,31.99,31.68,31.96,26600,31.96
2011-04-25,31.68,31.68,31.41,31.51,12700,31.51
2011-04-21,31.58,31.69,31.52,31.67,18300,31.67
2011-04-20,31.23,31.55,31.23,31.37,23100,31.37
2011-04-19,30.76,30.76,30.57,30.70,16200,30.70
2011-04-18,30.84,30.84,30.23,30.67,91100,30.67
2011-04-15,31.16,31.36,31.04,31.33,121100,31.33
2011-04-14,30.67,30.98,30.61,30.95,28700,30.95
2011-04-13,30.94,30.94,30.67,30.73,11300,30.73
2011-04-12,30.63,30.63,30.43,30.52,21100,30.52
2011-04-11,30.66,30.71,30.40,30.48,25600,30.48
2011-04-08,30.53,30.69,30.27,30.29,29500,30.29
2011-04-07,30.40,30.53,30.15,30.36,39000,30.36
2011-04-06,30.37,30.59,30.35,30.49,18000,30.49
2011-04-05,30.10,30.39,30.10,30.24,15100,30.24
2011-04-04,30.04,30.22,29.96,30.15,191800,30.15
2011-04-01,29.98,30.23,29.92,30.12,61200,30.12
2011-03-31,29.74,29.96,29.73,29.81,50800,29.81
2011-03-30,29.55,29.76,29.52,29.73,12700,29.73
2011-03-29,29.09,29.55,29.09,29.55,14900,29.55
2011-03-28,29.00,29.27,29.00,29.07,24400,29.07
2011-03-25,28.97,29.08,28.83,28.88,61400,28.88
2011-03-24,28.77,29.04,28.71,28.98,64100,28.98
2011-03-23,28.03,28.50,28.03,28.49,17000,28.49
2011-03-22,28.25,28.25,28.04,28.15,9500,28.15
2011-03-21,27.95,28.04,27.88,27.95,26100,27.95
2011-03-18,27.41,27.61,27.41,27.55,16800,27.55
2011-03-17,27.32,27.35,27.06,27.16,40000,27.16
2011-03-16,27.51,27.53,26.88,27.08,84100,27.08
2011-03-15,27.21,27.73,27.04,27.69,85600,27.69
2011-03-14,27.92,28.18,27.86,28.14,51300,28.14
2011-03-11,28.16,28.66,28.16,28.56,185000,28.56
2011-03-10,28.14,28.32,28.07,28.18,57000,28.18
2011-03-09,28.63,28.66,28.48,28.54,26400,28.54
2011-03-08,28.50,28.80,28.45,28.72,34800,28.72
2011-03-07,28.86,28.88,28.45,28.58,21100,28.58
2011-03-04,28.74,28.74,28.40,28.58,82000,28.58
2011-03-03,28.93,28.93,28.76,28.86,51200,28.86
2011-03-02,28.51,28.76,28.51,28.69,38500,28.69
2011-03-01,28.80,28.80,28.50,28.50,44100,28.50
2011-02-28,28.66,28.80,28.66,28.74,32800,28.74
2011-02-25,28.54,28.70,28.53,28.67,11400,28.67
2011-02-24,28.52,28.55,28.24,28.47,19300,28.47
2011-02-23,28.39,28.49,28.24,28.41,41800,28.41
2011-02-22,28.56,28.70,28.29,28.31,23500,28.31
2011-02-18,29.43,29.65,29.43,29.49,5700,29.49
2011-02-17,29.13,29.38,29.07,29.33,13300,29.33
2011-02-16,28.75,29.03,28.75,29.03,6700,29.03
2011-02-15,28.89,28.97,28.80,28.88,14400,28.88
2011-02-14,28.94,29.03,28.90,28.96,35800,28.96
2011-02-11,28.80,29.12,28.75,29.12,15800,29.12
2011-02-10,29.13,29.30,29.06,29.11,10200,29.11
2011-02-09,29.64,29.76,29.55,29.57,7900,29.57
2011-02-08,29.60,29.95,29.60,29.84,7500,29.84
2011-02-07,29.71,29.87,29.70,29.76,10100,29.76
2011-02-04,29.51,29.64,29.32,29.48,8600,29.48
2011-02-03,29.12,29.46,29.12,29.44,10000,29.44
2011-02-02,29.73,29.75,29.57,29.65,15300,29.65
2011-02-01,29.50,29.91,29.50,29.90,38100,29.90
2011-01-31,29.30,29.50,29.24,29.43,14800,29.43
2011-01-28,29.73,29.73,29.22,29.28,29200,29.28
2011-01-27,29.41,29.55,29.37,29.46,6800,29.46
2011-01-26,29.22,29.55,29.20,29.55,10500,29.55
2011-01-25,29.09,29.27,29.03,29.27,13200,29.27
2011-01-24,28.96,29.22,28.93,29.13,18900,29.13
2011-01-21,29.04,29.04,28.85,28.94,9300,28.94
2011-01-20,28.70,28.72,28.40,28.72,10800,28.72
2011-01-19,29.40,29.45,28.99,29.03,26700,29.03
2011-01-18,29.38,29.42,29.26,29.33,14700,29.33
2011-01-14,29.42,29.54,29.32,29.45,166300,29.45
2011-01-13,29.51,29.58,29.36,29.36,15000,29.36
2011-01-12,28.80,29.05,28.79,29.05,10500,29.05
2011-01-11,28.66,28.84,28.65,28.83,23300,28.83
2011-01-10,28.50,28.79,28.46,28.73,75300,28.73
2011-01-07,28.76,28.83,28.34,28.65,37200,28.65
2011-01-06,29.00,29.00,28.62,28.69,24600,28.69
2011-01-05,28.85,29.09,28.85,29.00,177600,29.00
2011-01-04,29.05,29.14,28.88,28.99,18800,28.99
2011-01-03,29.45,29.53,29.32,29.42,22900,29.42
2010-12-31,29.21,29.42,29.17,29.38,11000,29.38
2010-12-30,29.22,29.33,29.12,29.24,6500,29.24
2010-12-29,28.88,29.15,28.88,29.15,6300,29.15
2010-12-28,28.65,28.81,28.61,28.81,9100,28.81
2010-12-27,28.47,28.50,28.32,28.49,9500,28.49
2010-12-23,28.37,28.50,28.32,28.42,14600,28.42
2010-12-22,28.24,28.26,28.16,28.24,13600,28.24
2010-12-21,28.28,28.29,28.20,28.24,17700,28.24
2010-12-20,28.64,28.73,28.57,28.71,26300,28.07
2010-12-17,28.40,28.48,28.32,28.45,8800,27.82
2010-12-16,28.18,28.30,28.04,28.27,14100,27.64
2010-12-15,28.40,28.55,28.19,28.19,8800,27.56
2010-12-14,28.83,28.85,28.66,28.67,13400,28.03
2010-12-13,28.82,29.06,28.82,28.89,18400,28.25
2010-12-10,28.57,28.57,28.46,28.48,14300,27.85
2010-12-09,28.66,28.66,28.47,28.65,50100,28.01
2010-12-08,28.98,28.98,28.72,28.76,68000,28.12
2010-12-07,29.42,29.54,29.09,29.10,16100,28.45
2010-12-06,29.25,29.32,29.18,29.32,9200,28.67
2010-12-03,29.05,29.50,29.05,29.42,17300,28.77
2010-12-02,28.58,29.16,28.58,29.12,12900,28.47
2010-12-01,28.60,28.92,28.60,28.90,8700,28.26
2010-11-30,28.29,28.55,28.29,28.43,7300,27.80
2010-11-29,28.50,28.68,28.28,28.68,13000,28.04
2010-11-26,28.69,28.71,28.58,28.58,17400,27.94
2010-11-24,29.01,29.39,28.94,29.30,36500,28.65
2010-11-23,29.12,29.14,28.68,28.71,26900,28.07
2010-11-22,29.60,29.81,29.46,29.81,12800,29.15
2010-11-19,29.63,29.82,29.52,29.82,9800,29.16
2010-11-18,29.88,30.00,29.84,29.99,8100,29.32
2010-11-17,29.52,29.68,29.47,29.54,23600,28.88
2010-11-16,29.85,29.85,29.38,29.53,38000,28.87
2010-11-15,30.32,30.38,30.01,30.06,24600,29.39
2010-11-12,30.05,30.14,29.69,29.90,20500,29.23
2010-11-11,30.37,30.37,30.12,30.23,70200,29.56
2010-11-10,30.55,30.63,30.19,30.63,21100,29.95
2010-11-09,30.82,30.82,29.91,29.91,29300,29.24
2010-11-08,30.43,30.52,30.20,30.46,36600,29.78
2010-11-05,30.88,30.97,30.62,30.95,19300,30.26
2010-11-04,31.20,31.20,31.07,31.15,20900,30.46
2010-11-03,30.10,30.30,29.92,30.29,30000,29.62
2010-11-02,29.93,30.03,29.91,29.96,10300,29.29
2010-11-01,29.66,29.66,29.22,29.22,6000,28.57
2010-10-29,29.36,29.46,29.30,29.41,16600,28.76
2010-10-28,28.90,28.95,28.82,28.86,36100,28.22
2010-10-27,28.43,28.43,28.16,28.35,10700,27.72
2010-10-26,28.60,28.66,28.50,28.62,22900,27.98
2010-10-25,29.03,29.31,29.03,29.07,29400,28.42
2010-10-22,28.85,28.85,28.60,28.66,2600,28.02
2010-10-21,28.58,28.84,28.29,28.44,21100,27.81
2010-10-20,28.15,28.77,28.15,28.67,22600,28.03
2010-10-19,28.38,28.41,28.10,28.10,15000,27.47
2010-10-18,28.92,29.23,28.92,29.17,11900,28.52
2010-10-15,28.95,28.95,28.68,28.82,19500,28.18
2010-10-14,29.05,29.06,28.83,28.93,69300,28.29
2010-10-13,28.85,29.12,28.80,28.98,13200,28.33
2010-10-12,28.43,28.70,28.42,28.70,15700,28.06
2010-10-11,28.70,28.70,28.43,28.44,16800,27.81
2010-10-08,28.38,28.63,28.35,28.61,23400,27.97
2010-10-07,28.73,28.73,28.17,28.32,20200,27.69
2010-10-06,28.79,28.79,27.56,28.54,29900,27.90
2010-10-05,28.54,28.60,28.23,28.55,20600,27.91
2010-10-04,28.17,28.21,27.84,27.93,20200,27.31
2010-10-01,27.96,30.74,27.93,28.22,33900,27.59
2010-09-30,27.70,27.70,27.15,27.28,26000,26.67
2010-09-29,27.80,27.88,27.75,27.81,7800,27.19
2010-09-28,27.80,28.11,27.70,28.10,9500,27.47
2010-09-27,28.18,28.18,27.80,27.90,8800,27.28
2010-09-24,27.80,27.87,27.77,27.85,113100,27.23
2010-09-23,27.52,27.78,27.50,27.53,67600,26.92
2010-09-22,27.87,28.23,27.84,28.00,62500,27.38
2010-09-21,27.77,28.09,27.66,27.89,156800,27.27
2010-09-20,27.67,27.83,27.52,27.77,118600,27.15
2010-09-17,27.29,27.36,27.25,27.32,110100,26.71
2010-09-16,27.28,27.28,27.08,27.19,124000,26.58
2010-09-15,27.56,27.57,27.38,27.52,118600,26.91
2010-09-14,27.50,27.98,27.45,27.84,73300,27.22
2010-09-13,27.61,27.64,27.40,27.62,129400,27.01
2010-09-10,27.24,27.24,27.10,27.20,119900,26.59
2010-09-09,27.37,27.37,27.02,27.13,123000,26.53
2010-09-08,26.99,27.20,26.98,27.09,223700,26.49
2010-09-07,27.22,27.22,26.90,26.92,135800,26.32
2010-09-03,26.60,26.71,26.36,26.43,157600,25.84
2010-09-02,26.00,26.14,25.93,26.11,108600,25.53