2011-05-10,38.15,38.36,38.15,38.31,8000,38.31
2011-05-09,37.81,38.03,37.75,38.00,5500,38.00
2011-05-06,38.05,38.13,37.71,37.76,13100,37.76
2011-05-05,37.67,37.88,37.57,37.58,4100,37.58
2011-05-04,37.87,38.01,37.78,38.01,10000,38.01
2011-05-03,38.17,38.32,38.07,38.17,14000,38.17
2011-05-02,38.57,38.61,38.35,38.35,12000,38.35
2011-04-29,38.36,39.32,38.29,38.40,16000,38.40
2011-04-28,38.09,38.26,38.09,38.26,7000,38.26
2011-04-27,37.98,38.15,37.83,38.15,8900,38.15
2011-04-26,37.70,37.95,37.70,37.89,10800,37.89
2011-04-25,37.63,37.63,37.47,37.54,5500,37.54
2011-04-21,37.56,37.64,37.56,37.64,8800,37.64
2011-04-20,37.44,37.50,37.38,37.42,14100,37.42
2011-04-19,36.74,36.85,36.74,36.84,3300,36.84
2011-04-18,36.72,36.76,36.56,36.71,11700,36.71
2011-04-15,37.07,37.19,37.07,37.16,7200,37.16
2011-04-14,36.88,37.00,36.88,36.96,1700,36.96
2011-04-13,36.96,37.04,36.82,36.91,7600,36.91
2011-04-12,36.98,37.00,36.78,36.90,21000,36.90
2011-04-11,37.45,37.45,37.11,37.18,23400,37.18
2011-04-08,37.64,37.64,37.21,37.34,9700,37.34
2011-04-07,37.60,37.60,37.32,37.45,3300,37.45
2011-04-06,37.62,37.64,37.45,37.55,103400,37.55
2011-04-05,37.54,37.63,37.49,37.52,8100,37.52
2011-04-04,37.57,37.57,37.41,37.48,7900,37.48
2011-04-01,37.50,37.57,37.38,37.44,23700,37.44
2011-03-31,37.26,37.34,37.24,37.26,9700,37.26
2011-03-30,37.21,37.35,37.19,37.27,7000,37.27
2011-03-29,36.70,36.98,36.67,36.97,4100,36.97
2011-03-28,36.94,37.00,36.71,36.73,7900,36.73
2011-03-25,36.82,36.97,36.78,36.84,8200,36.84
2011-03-24,36.59,36.76,36.47,36.73,4500,36.73
2011-03-23,36.15,36.45,36.06,36.45,5600,36.45
2011-03-22,36.52,36.52,36.37,36.41,9800,36.27
2011-03-21,36.45,36.55,36.38,36.51,2500,36.37
2011-03-18,36.22,36.22,35.88,35.98,37900,35.85
2011-03-17,35.91,35.96,35.08,35.82,9300,35.69
2011-03-16,35.91,36.03,35.16,35.38,667700,35.25
2011-03-15,35.51,36.15,35.45,36.15,27000,36.01
2011-03-14,36.34,36.48,36.22,36.48,80000,36.34
2011-03-11,36.18,37.16,36.18,36.69,5500,36.55
2011-03-10,36.61,36.62,36.39,36.47,7700,36.33
2011-03-09,37.04,37.10,36.87,37.06,13800,36.92
2011-03-08,36.87,37.17,36.81,37.11,10800,36.97
2011-03-07,37.13,37.35,36.62,36.78,20600,36.64
2011-03-04,37.11,37.12,36.85,37.07,13300,36.93
2011-03-03,36.96,37.34,36.96,37.34,9400,37.20
2011-03-02,36.58,36.82,36.00,36.71,9300,36.57
2011-03-01,37.37,37.37,36.66,36.66,13600,36.52
2011-02-28,37.07,37.20,37.00,37.19,7600,37.05
2011-02-25,36.76,36.96,36.76,36.94,23800,36.80
2011-02-24,36.57,36.65,36.25,36.56,13200,36.42
2011-02-23,36.79,36.85,36.39,36.65,10200,36.51
2011-02-22,37.13,37.35,36.74,36.79,19400,36.65
2011-02-18,37.50,37.58,37.46,37.55,10900,37.41
2011-02-17,37.24,37.55,37.23,37.52,6400,37.38
2011-02-16,37.36,37.39,37.27,37.36,6600,37.22
2011-02-15,37.20,37.20,36.77,37.09,16800,36.95
2011-02-14,37.18,37.27,37.18,37.27,11500,37.13
2011-02-11,37.00,37.20,36.99,37.20,5100,37.06
2011-02-10,36.79,36.97,36.75,36.90,6500,36.76
2011-02-09,36.96,36.97,36.77,36.91,16100,36.77
2011-02-08,37.86,37.86,36.87,37.04,13600,36.90
2011-02-07,36.77,36.97,36.77,36.87,6100,36.73
2011-02-04,36.71,36.71,36.44,36.68,15300,36.54
2011-02-03,36.50,36.64,36.28,36.61,59500,36.47
2011-02-02,36.52,36.57,36.47,36.50,70800,36.36
2011-02-01,36.27,36.64,36.27,36.61,6000,36.47
2011-01-31,35.87,36.02,35.81,36.02,5800,35.89
2011-01-28,36.20,36.20,35.70,35.70,11900,35.57
2011-01-27,36.33,36.37,36.22,36.34,11600,36.20
2011-01-26,36.31,36.37,36.24,36.37,6500,36.23
2011-01-25,36.04,36.08,35.84,36.07,8100,35.94
2011-01-24,35.97,36.13,35.97,36.11,5900,35.98
2011-01-21,36.05,36.05,35.89,35.91,5100,35.78
2011-01-20,35.76,35.91,35.64,35.80,9000,35.67
2011-01-19,36.27,36.27,35.84,35.84,25500,35.71
2011-01-18,36.24,36.27,36.16,36.25,29500,36.11
2011-01-14,36.08,36.15,36.08,36.13,5100,36.00
2011-01-13,35.99,36.04,35.89,35.95,5300,35.82
2011-01-12,36.00,36.07,35.94,35.98,7700,35.85
2011-01-11,35.74,35.81,35.67,35.71,22100,35.58
2011-01-10,35.37,35.61,35.37,35.61,3600,35.48
2011-01-07,35.73,35.73,35.50,35.56,6400,35.43
2011-01-06,35.76,35.76,35.63,35.68,13600,35.55
2011-01-05,35.54,35.79,35.53,35.77,8000,35.64
2011-01-04,35.59,35.59,35.46,35.46,1900,35.33
2011-01-03,35.73,35.82,35.69,35.73,7800,35.60
2010-12-31,35.25,35.41,35.25,35.36,29300,35.23
2010-12-30,35.40,35.53,35.32,35.38,16500,35.25
2010-12-29,35.38,35.48,35.38,35.43,17700,35.30
2010-12-28,35.29,35.39,35.27,35.38,8400,35.25
2010-12-27,35.26,35.32,35.24,35.31,1500,35.18
2010-12-23,35.34,35.36,35.23,35.29,20300,35.16
2010-12-22,35.23,35.32,35.23,35.32,5200,35.19
2010-12-21,35.19,35.24,35.15,35.24,10800,35.11
2010-12-20,35.29,35.31,35.13,35.21,17500,34.89
2010-12-17,35.02,35.15,34.96,35.10,4300,34.78
2010-12-16,34.89,35.04,34.82,34.98,4100,34.66
2010-12-15,35.02,35.02,34.84,34.89,1400,34.57
2010-12-14,35.01,35.12,34.92,34.97,14200,34.65
2010-12-13,35.04,35.11,35.03,35.10,5500,34.78
2010-12-10,34.77,34.89,34.77,34.89,4200,34.57
2010-12-09,34.66,34.66,34.60,34.66,4900,34.35
2010-12-08,34.47,34.55,34.47,34.51,6000,34.20
2010-12-07,34.95,34.95,34.63,34.63,4400,34.32
2010-12-06,34.56,34.57,34.51,34.57,6100,34.26
2010-12-03,34.38,34.54,34.38,34.54,2700,34.23
2010-12-02,34.30,34.49,34.30,34.49,9000,34.18
2010-12-01,33.83,34.06,33.83,34.02,1800,33.71
2010-11-30,33.14,33.52,33.14,33.34,2600,33.04
2010-11-29,33.13,33.53,33.08,33.53,3400,33.23
2010-11-26,33.64,33.64,33.64,33.64,400,33.33
2010-11-24,33.55,33.79,33.55,33.79,1100,33.48
2010-11-23,33.45,33.45,33.25,33.35,2300,33.05
2010-11-22,33.64,33.69,33.45,33.69,2900,33.38
2010-11-19,33.59,33.78,33.59,33.78,3200,33.47
2010-11-18,33.69,33.79,33.69,33.69,2600,33.38
2010-11-17,33.19,33.32,33.19,33.22,3400,32.92
2010-11-16,33.52,33.53,33.02,33.13,34400,32.83
2010-11-15,33.96,33.96,33.72,33.72,15200,33.41
2010-11-12,33.68,33.68,33.60,33.68,5600,33.37
2010-11-11,33.91,34.14,33.91,34.14,5700,33.83
2010-11-10,33.99,34.21,33.87,34.15,21500,33.84
2010-11-09,34.40,34.45,33.92,33.95,15800,33.64
2010-11-08,34.25,34.38,34.24,34.36,22500,34.05
2010-11-05,34.45,34.45,34.30,34.38,5100,34.07
2010-11-04,34.08,34.20,34.08,34.19,3400,33.88
2010-11-03,33.44,33.44,33.43,33.43,600,33.13
2010-11-02,33.54,33.56,33.50,33.55,3700,33.25
2010-11-01,33.52,33.59,33.09,33.23,23900,32.93
2010-10-29,33.23,33.33,33.23,33.28,29500,32.98
2010-10-28,33.20,33.28,33.19,33.28,2100,32.98
2010-10-27,32.98,33.25,32.95,33.24,1500,32.94
2010-10-26,33.21,33.38,33.21,33.35,25700,33.05
2010-10-25,33.54,33.60,33.43,33.45,1900,33.15
2010-10-22,33.25,33.25,33.20,33.23,19800,32.93
2010-10-21,33.33,33.52,32.99,33.20,10500,32.90
2010-10-20,33.09,33.31,33.03,33.20,16500,32.90
2010-10-19,32.98,33.12,32.63,32.76,8000,32.46
2010-10-18,33.29,33.40,33.24,33.33,4600,33.03
2010-10-15,33.34,33.34,32.92,33.12,23100,32.82
2010-10-14,33.16,33.22,32.89,33.08,25700,32.78
2010-10-13,33.18,33.39,33.14,33.25,30300,32.95
2010-10-12,32.77,32.90,32.77,32.85,2000,32.55
2010-10-11,32.83,32.87,32.77,32.87,1200,32.57
2010-10-08,32.73,32.91,32.73,32.84,9400,32.54
2010-10-07,32.61,32.71,32.50,32.58,2700,32.28
2010-10-06,32.72,32.73,32.57,32.64,13000,32.34
2010-10-05,32.35,32.70,32.35,32.70,3900,32.40
2010-10-04,32.13,32.28,31.94,32.02,4400,31.73
2010-10-01,32.26,32.26,32.17,32.25,1300,31.96
2010-09-30,32.38,32.39,32.14,32.17,9500,31.88
2010-09-29,32.24,32.24,32.11,32.11,1400,31.82
2010-09-28,32.19,32.28,32.00,32.28,2400,31.99
2010-09-27,32.26,32.27,32.19,32.19,7400,31.90
2010-09-24,32.12,32.31,32.12,32.31,12500,32.02
2010-09-23,31.85,31.94,31.59,31.59,1400,31.30
2010-09-22,32.04,32.13,31.92,31.92,27100,31.63
2010-09-21,32.25,32.31,32.13,32.19,2000,31.71
2010-09-20,31.97,32.27,31.97,32.27,2800,31.79
2010-09-17,31.89,31.89,31.84,31.84,2500,31.36
2010-09-16,31.80,31.82,31.70,31.82,2600,31.34
2010-09-15,31.70,31.77,31.70,31.74,1000,31.27
2010-09-14,31.76,31.93,31.70,31.90,9200,31.42
2010-09-13,31.80,31.87,31.68,31.80,7600,31.32
2010-09-10,31.38,31.52,31.38,31.52,2200,31.05
2010-09-09,31.49,31.49,31.31,31.33,21000,30.86
2010-09-08,31.27,31.28,31.16,31.25,7100,30.78
2010-09-07,31.19,31.19,31.02,31.03,14900,30.57
2010-09-03,31.33,31.36,31.13,31.36,21000,30.89
2010-09-02,30.84,30.92,30.82,30.92,6700,30.46
2010-09-01,30.24,30.74,30.24,30.74,2100,30.28
2010-08-31,29.76,29.81,29.76,29.81,900,29.36
2010-08-30,30.01,30.01,29.93,29.93,500,29.48
2010-08-27,29.75,30.27,29.72,30.27,7700,29.82
2010-08-26,29.78,29.78,29.78,29.78,300,29.33
2010-08-25,29.59,29.89,29.47,29.89,13500,29.44
2010-08-24,29.92,29.95,29.75,29.94,13900,29.49
2010-08-23,30.62,30.62,30.22,30.22,3100,29.77
2010-08-20,30.34,30.34,30.34,30.34,200,29.89
2010-08-19,30.70,30.70,30.32,30.46,23900,30.00
2010-08-18,31.09,31.09,31.05,31.05,1800,30.59
2010-08-17,30.77,31.04,30.77,31.04,2100,30.58
2010-08-16,30.38,30.58,30.30,30.50,5600,30.04
2010-08-13,30.57,30.65,30.53,30.53,6900,30.07
2010-08-12,30.66,30.66,30.50,30.55,5100,30.09
2010-08-11,31.11,31.11,30.67,30.74,4800,30.28
2010-08-10,31.45,31.68,31.45,31.68,2200,31.21
2010-08-09,31.68,31.75,31.68,31.71,1600,31.24
2010-08-06,31.46,31.46,31.27,31.27,600,30.80
2010-08-05,31.64,31.64,31.56,31.56,1100,31.09
2010-08-04,31.59,31.73,31.59,31.73,4900,31.26
2010-08-03,31.55,31.58,31.49,31.50,2400,31.03
2010-08-02,31.35,31.65,31.35,31.65,2200,31.18
2010-07-30,30.61,30.98,30.61,30.79,26400,30.33
2010-07-29,31.28,31.28,30.80,31.06,1200,30.60
2010-07-28,31.15,31.23,31.12,31.12,2300,30.65
2010-07-27,31.44,31.44,31.18,31.30,14300,30.83
2010-07-26,31.01,31.35,31.01,31.35,9400,30.88
2010-07-23,30.85,31.01,30.83,31.01,7100,30.55
2010-07-22,30.82,30.82,30.73,30.74,6600,30.28
2010-07-21,30.47,30.53,30.07,30.07,20000,29.62
2010-07-20,29.65,30.47,29.65,30.47,1900,30.01
2010-07-19,29.84,30.06,29.80,30.06,1200,29.61
2010-07-16,30.50,30.50,29.88,29.88,11900,29.43
2010-07-15,30.58,30.76,30.44,30.73,10700,30.27
2010-07-14,30.50,30.67,30.47,30.67,1000,30.21
2010-07-13,30.57,30.79,30.54,30.69,9300,30.23
2010-07-12,30.15,30.27,30.15,30.25,400,29.80
2010-07-09,30.04,30.26,30.04,30.26,5900,29.81
2010-07-08,29.90,29.99,29.69,29.99,8600,29.54
2010-07-07,28.80,29.54,28.80,29.54,5200,29.10
2010-07-06,29.05,29.05,28.50,28.76,4800,28.33
2010-07-02,28.78,28.80,28.47,28.64,11200,28.21
2010-07-01,28.57,28.79,28.36,28.75,17100,28.32
2010-06-30,29.07,29.34,28.86,28.86,24900,28.43
2010-06-29,29.72,29.72,28.95,29.14,119600,28.70
2010-06-28,30.17,30.18,29.94,30.04,45500,29.59
2010-06-25,30.30,30.30,30.30,30.30,000,29.85
2010-06-24,30.27,30.30,30.07,30.30,33200,29.85
2010-06-23,30.54,30.54,30.31,30.49,113000,30.03
2010-06-22,31.20,31.31,30.68,30.68,64000,30.10
2010-06-21,31.73,31.74,31.11,31.25,47500,30.65
2010-06-18,31.30,31.40,31.25,31.31,24900,30.71
2010-06-17,31.28,31.33,31.01,31.33,17700,30.73
2010-06-16,31.11,31.32,31.11,31.31,6200,30.71
2010-06-15,30.84,31.25,30.84,31.25,11400,30.65
2010-06-14,30.85,30.87,30.85,30.85,600,30.26
2010-06-11,30.36,30.36,30.34,30.34,700,29.76
2010-06-10,30.06,30.25,30.06,30.21,1800,29.63
2010-06-09,29.87,30.00,29.81,29.81,500,29.24
2010-06-08,29.41,29.52,29.36,29.52,2000,28.96
2010-06-07,29.77,29.84,29.34,29.34,3500,28.78
2010-06-04,30.31,30.36,29.59,29.65,20400,29.09
2010-06-03,30.79,30.83,30.53,30.81,22300,30.22
2010-06-02,30.05,30.31,30.05,30.24,2400,29.66
2010-06-01,30.41,30.41,30.18,30.18,6000,29.61
2010-05-28,30.80,30.84,30.40,30.40,1300,29.82
2010-05-27,30.46,30.61,30.46,30.61,3500,30.03
2010-05-26,30.39,30.39,29.93,29.93,1400,29.36
2010-05-25,29.25,29.96,29.17,29.92,31700,29.35
2010-05-24,30.27,30.42,30.20,30.31,10400,29.73
2010-05-21,29.55,30.35,29.44,30.35,41900,29.77
2010-05-20,30.41,30.56,30.13,30.42,4600,29.84
2010-05-19,31.12,31.35,30.90,31.01,2800,30.42
2010-05-18,32.09,32.09,31.31,31.38,8500,30.78
2010-05-17,31.72,31.79,31.31,31.41,11500,30.81
2010-05-14,31.83,31.83,31.58,31.74,8300,31.14
2010-05-13,32.63,32.72,32.34,32.34,11000,31.72
2010-05-12,32.36,32.67,32.36,32.65,13700,32.03
2010-05-11,31.95,32.61,31.95,32.47,13200,31.85
2010-05-10,32.68,32.68,32.06,32.08,9300,31.47
2010-05-07,31.45,31.58,30.48,30.89,9700,30.30
2010-05-06,32.31,32.51,30.67,31.70,18100,31.10
2010-05-05,32.61,32.74,32.43,32.52,6000,31.90
2010-05-04,33.02,33.04,32.60,32.75,12900,32.13
2010-05-03,33.37,33.56,33.36,33.55,1900,32.91
2010-04-30,33.66,33.66,33.16,33.16,4600,32.53
2010-04-29,33.49,33.67,33.49,33.64,12900,33.00
2010-04-28,33.16,33.31,31.83,33.27,9600,32.64
2010-04-27,33.76,33.80,33.05,33.05,5700,32.42
2010-04-26,33.94,34.02,33.85,33.86,5500,33.22
2010-04-23,33.70,33.97,33.67,33.97,9900,33.32
2010-04-22,33.37,33.71,33.33,33.71,21900,33.07
2010-04-21,33.68,33.68,33.43,33.57,14900,32.93
2010-04-20,33.54,33.63,33.50,33.59,21100,32.95
2010-04-19,33.09,33.22,32.97,33.22,17000,32.59
2010-04-16,33.60,33.60,33.19,33.19,9300,32.56
2010-04-15,33.63,33.75,33.63,33.71,19300,33.07
2010-04-14,33.52,33.68,33.41,33.68,17400,33.04
2010-04-13,33.38,33.40,33.15,33.38,14600,32.74
2010-04-12,33.35,33.44,33.31,33.38,4200,32.74
2010-04-09,33.18,33.50,33.15,33.34,38000,32.71
2010-04-08,32.87,33.18,32.87,33.14,19600,32.51
2010-04-07,33.21,33.21,32.91,33.04,13900,32.41
2010-04-06,33.11,33.28,33.11,33.25,20000,32.62
2010-04-05,33.04,33.19,33.04,33.17,7400,32.54
2010-04-01,32.93,32.94,32.83,32.91,21300,32.28
2010-03-31,32.67,32.72,32.58,32.58,9500,31.96
2010-03-30,32.75,32.80,32.61,32.67,95400,32.05
2010-03-29,32.58,32.68,32.58,32.68,800,32.06
2010-03-26,32.57,32.62,32.37,32.47,7500,31.85
2010-03-25,32.63,32.83,32.60,32.60,16100,31.98
2010-03-24,32.65,32.67,32.53,32.57,8200,31.95
2010-03-23,32.69,32.86,32.61,32.86,13400,32.14
2010-03-22,32.36,32.62,32.36,32.62,48000,31.90
2010-03-19,32.63,32.69,32.41,32.45,4100,31.74
2010-03-18,32.72,32.72,32.54,32.63,5300,31.91
2010-03-17,32.59,32.74,32.53,32.68,23500,31.96
2010-03-16,32.36,32.52,32.35,32.52,2000,31.80
2010-03-15,32.19,32.24,31.99,32.22,7900,31.51
2010-03-12,32.15,32.25,32.12,32.21,18200,31.50
2010-03-11,32.07,32.14,31.97,32.14,13800,31.43
2010-03-10,32.01,32.14,31.96,32.08,16000,31.37
2010-03-09,31.96,32.10,31.90,31.96,27700,31.26
2010-03-08,31.98,31.99,31.91,31.95,9300,31.25
2010-03-05,31.75,31.96,31.75,31.96,13600,31.26
2010-03-04,31.48,31.54,31.40,31.54,15700,30.85
2010-03-03,31.41,31.62,31.41,31.43,6600,30.74
2010-03-02,31.43,31.45,31.40,31.42,6900,30.73
2010-03-01,31.14,31.28,31.14,31.28,1200,30.59
2010-02-26,30.88,30.97,30.88,30.96,1600,30.28
2010-02-25,30.54,30.91,30.50,30.91,3400,30.23
2010-02-24,30.75,30.96,30.75,30.96,14000,30.28
2010-02-23,30.80,30.81,30.70,30.70,11400,30.02
2010-02-22,31.07,31.15,31.07,31.07,3200,30.39
2010-02-19,30.92,31.21,30.80,31.13,30500,30.44
2010-02-18,30.78,31.00,30.78,31.00,6000,30.32
2010-02-17,30.75,30.79,30.68,30.79,4600,30.11
2010-02-16,30.42,30.67,30.31,30.67,4700,29.99
2010-02-12,29.86,30.15,29.75,30.15,16100,29.49
2010-02-11,29.90,29.90,29.79,29.79,1300,29.13
2010-02-10,29.86,29.87,29.60,29.86,6800,29.20
2010-02-09,29.99,30.17,29.71,29.97,34800,29.31
2010-02-08,29.74,29.95,29.54,29.54,50700,28.89
2010-02-05,29.82,29.82,29.28,29.76,13000,29.10
2010-02-04,30.07,30.07,29.75,29.76,38600,29.10
2010-02-03,30.85,30.85,30.66,30.71,21900,30.03
2010-02-02,30.49,30.91,30.48,30.90,25200,30.22
2010-02-01,30.36,30.46,30.30,30.43,14200,29.76
2010-01-29,30.45,30.64,29.97,30.05,35900,29.39
2010-01-28,30.63,30.63,30.20,30.35,8100,29.68
2010-01-27,30.48,30.52,30.34,30.52,3600,29.85
2010-01-26,30.55,30.80,30.55,30.59,3500,29.92
2010-01-25,30.67,30.79,30.65,30.73,3400,30.05
2010-01-22,31.06,31.18,30.52,30.52,14100,29.85
2010-01-21,31.62,31.62,31.20,31.21,14600,30.52
2010-01-20,31.85,31.90,31.66,31.88,23000,31.18
2010-01-19,31.82,32.22,31.82,32.22,23900,31.51
2010-01-15,31.75,31.81,31.66,31.81,5100,31.11
2010-01-14,32.02,32.15,32.02,32.15,1000,31.44
2010-01-13,31.79,32.13,31.79,32.13,12800,31.42
2010-01-12,31.93,31.93,31.72,31.78,1400,31.08
2010-01-11,32.05,32.08,32.05,32.08,11600,31.37
2010-01-08,31.97,31.99,31.92,31.99,8700,31.29
2010-01-07,31.88,31.98,31.86,31.98,5700,31.28
2010-01-06,31.86,31.91,31.80,31.89,4000,31.19
2010-01-05,31.64,31.76,31.64,31.76,900,31.06
2010-01-04,31.44,31.70,31.44,31.70,2900,31.00
2009-12-31,31.50,31.50,31.37,31.37,900,30.68
2009-12-30,31.50,31.50,31.43,31.49,1300,30.80
2009-12-29,31.63,31.63,31.52,31.52,17400,30.83
2009-12-28,31.60,31.60,31.47,31.54,24000,30.85
2009-12-24,31.48,31.49,31.47,31.49,14700,30.80
2009-12-23,31.20,31.43,31.20,31.36,31700,30.67
2009-12-22,31.26,31.30,31.17,31.23,15900,30.54
2009-12-21,31.23,31.38,31.23,31.34,4900,30.48
2009-12-18,31.07,31.07,30.78,30.94,99900,30.09
2009-12-17,31.09,31.09,30.87,30.87,3100,30.02
2009-12-16,31.39,31.39,31.39,31.39,6700,30.53
2009-12-15,31.32,31.32,31.24,31.24,1500,30.38
2009-12-14,31.36,31.36,31.32,31.33,1200,30.47
2009-12-11,31.08,31.09,30.92,31.06,7300,30.20
2009-12-10,31.04,31.06,30.89,30.90,14700,30.05
2009-12-09,30.63,30.76,30.52,30.76,11400,29.91
2009-12-08,30.53,30.71,30.53,30.59,12000,29.75
2009-12-07,30.87,31.12,30.86,30.93,12600,30.08
2009-12-04,31.26,31.32,30.76,30.82,18600,29.97
2009-12-03,31.27,31.27,30.98,30.98,11300,30.13
2009-12-02,31.27,31.27,31.04,31.08,7100,30.22
2009-12-01,30.94,31.07,30.90,31.07,13500,30.21
2009-11-30,30.52,30.72,30.45,30.69,4400,29.84
2009-11-27,30.23,30.67,30.23,30.63,17300,29.79
2009-11-25,31.02,31.04,30.95,31.03,3500,30.18
2009-11-24,30.90,30.96,30.70,30.91,48900,30.06
2009-11-23,30.78,31.09,30.75,30.89,10800,30.04
2009-11-20,30.50,30.55,30.41,30.52,3600,29.68
2009-11-19,30.53,30.53,30.51,30.51,2200,29.67
2009-11-18,30.95,30.96,30.95,30.95,10000,30.10
2009-11-17,30.96,30.99,30.81,30.99,3500,30.14
2009-11-16,30.78,31.14,30.78,31.08,10600,30.22
2009-11-13,30.39,30.55,30.39,30.55,5700,29.71
2009-11-12,30.43,30.50,30.33,30.37,20200,29.53
2009-11-11,30.76,30.86,30.56,30.57,22100,29.73
2009-11-10,30.38,30.53,30.38,30.53,1400,29.69
2009-11-09,30.06,30.06,30.06,30.06,100,29.23
2009-11-06,29.79,29.85,29.79,29.80,6800,28.98
2009-11-05,29.59,29.76,29.59,29.76,9000,28.94
2009-11-04,29.35,29.51,29.35,29.48,1800,28.67
2009-11-03,28.97,29.12,28.90,29.12,2200,28.32
2009-11-02,29.03,29.24,28.95,28.99,8600,28.19
2009-10-30,29.46,29.48,28.80,28.86,3300,28.06
2009-10-29,29.45,29.62,29.45,29.62,700,28.80
2009-10-28,29.44,29.48,29.06,29.06,2100,28.26
2009-10-27,29.75,29.87,29.61,29.64,10600,28.82
2009-10-26,30.13,30.45,29.68,29.69,2700,28.87
2009-10-23,30.47,30.56,30.17,30.17,1500,29.34
2009-10-22,30.22,30.60,30.22,30.60,2100,29.76
2009-10-21,30.73,30.73,30.26,30.26,2000,29.43
2009-10-20,30.82,30.82,30.46,30.47,1900,29.63
2009-10-19,30.43,30.79,30.43,30.69,7900,29.84
2009-10-16,30.43,30.43,30.34,30.40,900,29.56
2009-10-15,30.39,30.63,30.39,30.63,3200,29.79
2009-10-14,30.38,30.53,30.25,30.44,17800,29.60
2009-10-13,30.02,30.02,29.82,30.01,15400,29.18
2009-10-12,30.00,30.14,29.92,30.00,24100,29.17
2009-10-09,29.78,29.91,29.72,29.91,2000,29.09
2009-10-08,29.72,29.79,29.56,29.72,26700,28.90
2009-10-07,29.45,29.45,29.40,29.42,1900,28.61
2009-10-06,29.45,29.55,29.32,29.32,6800,28.51
2009-10-05,28.73,29.04,28.73,29.04,12700,28.24
2009-10-02,28.42,28.59,28.42,28.59,3200,27.80
2009-10-01,29.29,29.31,28.76,28.76,7200,27.97
2009-09-30,29.63,29.63,29.27,29.45,19700,28.64
2009-09-29,29.74,29.82,29.64,29.74,4600,28.92
2009-09-28,29.46,29.69,29.44,29.69,1700,28.87
2009-09-25,29.39,29.39,29.08,29.22,10500,28.42
2009-09-24,29.81,29.81,29.26,29.39,6800,28.58
2009-09-23,30.10,30.16,29.69,29.69,8000,28.87
2009-09-22,30.20,30.20,30.06,30.13,4200,29.17
2009-09-21,29.84,29.93,29.25,29.93,2900,28.97
2009-09-18,30.12,30.12,30.00,30.08,36600,29.12
2009-09-17,30.16,30.29,29.93,30.01,16100,29.05
2009-09-16,29.86,30.09,29.82,30.01,9600,29.05
2009-09-15,29.49,29.65,29.46,29.63,16000,28.68
2009-09-14,28.99,29.48,28.99,29.48,2300,28.54
2009-09-11,29.29,29.34,29.20,29.25,3600,28.31
2009-09-10,29.00,29.06,28.99,29.06,700,28.13
2009-09-09,28.89,29.08,28.82,28.95,24700,28.02
2009-09-08,28.85,28.85,28.68,28.80,600,27.88
2009-09-04,28.34,28.44,28.34,28.44,400,27.53
2009-09-03,28.02,28.02,27.91,27.99,5700,27.09
2009-09-02,28.01,28.01,27.93,27.97,3000,27.07
2009-09-01,28.57,28.75,28.02,28.05,11900,27.15
2009-08-31,28.50,28.60,28.44,28.60,2100,27.68
2009-08-28,28.83,28.90,28.71,28.84,1800,27.92
2009-08-27,28.56,28.91,28.49,28.90,11300,27.98
2009-08-26,28.79,28.82,28.69,28.76,5800,27.84
2009-08-25,28.85,29.09,28.80,28.80,000,27.88
2009-08-24,29.05,29.05,28.86,28.86,000,27.94
2009-08-21,28.47,28.82,28.47,28.82,000,27.90
2009-08-20,27.91,28.09,27.75,28.09,000,27.19
2009-08-19,27.49,28.00,27.49,27.99,000,27.09
2009-08-18,27.69,27.83,27.59,27.81,000,26.92
2009-08-17,27.49,27.56,27.49,27.50,000,26.62
2009-08-14,28.53,28.53,27.98,28.17,000,27.27
2009-08-13,28.39,28.43,28.36,28.42,000,27.51
2009-08-12,28.26,28.44,28.24,28.28,000,27.37
2009-08-11,28.30,28.30,27.93,28.04,000,27.14
2009-08-10,28.20,28.20,28.16,28.17,000,27.27
2009-08-07,28.45,28.60,28.45,28.52,000,27.61
2009-08-06,28.25,28.25,27.95,28.05,000,27.15
2009-08-05,28.28,28.28,27.91,28.14,000,27.24
2009-08-04,28.10,28.21,28.08,28.21,000,27.31
2009-08-03,28.00,28.11,27.88,28.09,000,27.19
2009-07-31,27.62,27.76,27.60,27.70,000,26.81
2009-07-30,27.69,27.88,27.60,27.67,000,26.78
2009-07-29,27.13,27.30,27.11,27.30,000,26.43
2009-07-28,27.45,27.47,27.28,27.32,000,26.45
2009-07-27,27.53,27.55,27.40,27.55,000,26.67
2009-07-24,27.29,27.51,27.18,27.51,000,26.63
2009-07-23,26.69,27.40,26.69,27.36,000,26.48
2009-07-22,26.48,26.76,26.48,26.69,000,25.84
2009-07-21,26.85,26.85,26.36,26.69,000,25.84
2009-07-20,26.50,26.56,26.28,26.56,000,25.71
2009-07-17,26.27,26.27,26.13,26.25,000,25.41
2009-07-16,25.91,26.26,25.85,26.25,000,25.41
2009-07-15,25.79,25.99,25.79,25.98,000,25.15
2009-07-14,25.22,25.24,25.09,25.24,000,24.43
2009-07-13,24.82,26.20,24.79,24.98,000,24.18
2009-07-10,24.47,24.57,24.46,24.54,000,23.75
2009-07-09,24.75,24.75,24.60,24.64,000,23.85
2009-07-08,24.73,24.73,24.25,24.60,000,23.81
2009-07-07,25.00,25.08,24.58,24.58,000,23.79