2011-05-10,28.87,29.19,28.72,29.16,62000,29.16
2011-05-09,28.60,28.77,28.39,28.70,97000,28.70
2011-05-06,28.74,28.93,28.30,28.40,91700,28.40
2011-05-05,28.45,28.52,27.82,27.88,202600,27.88
2011-05-04,29.42,29.42,28.73,28.88,59000,28.88
2011-05-03,29.99,29.99,29.44,29.52,22000,29.52
2011-05-02,31.04,31.04,30.55,30.59,88000,30.59
2011-04-29,30.61,34.13,30.46,31.09,65000,31.09
2011-04-28,30.41,30.69,30.25,30.69,85300,30.69
2011-04-27,30.28,30.83,30.02,30.75,163700,30.75
2011-04-26,30.34,30.68,30.21,30.66,131200,30.66
2011-04-25,31.18,31.18,30.47,30.65,43400,30.65
2011-04-21,30.74,30.85,30.50,30.84,331700,30.84
2011-04-20,30.30,30.56,30.27,30.54,182700,30.54
2011-04-19,29.49,29.94,29.49,29.87,126700,29.87
2011-04-18,29.33,29.33,28.78,29.16,88500,29.16
2011-04-15,30.42,30.47,30.19,30.38,90300,30.38
2011-04-14,30.11,30.31,30.00,30.28,112200,30.28
2011-04-13,30.78,30.93,30.54,30.68,99100,30.68
2011-04-12,30.84,31.04,30.51,30.59,135000,30.59
2011-04-11,31.64,31.74,31.35,31.43,70600,31.43
2011-04-08,31.58,31.98,31.58,31.94,104100,31.94
2011-04-07,31.49,31.63,31.20,31.47,140200,31.47
2011-04-06,31.68,31.75,31.52,31.67,117500,31.67
2011-04-05,31.12,31.59,31.12,31.54,129100,31.54
2011-04-04,31.38,31.67,31.38,31.67,136000,31.67
2011-04-01,31.01,31.46,31.01,31.36,121700,31.36
2011-03-31,30.61,30.77,30.55,30.74,88700,30.74
2011-03-30,30.61,30.79,30.43,30.72,67400,30.72
2011-03-29,30.27,30.40,29.98,30.33,43600,30.33
2011-03-28,30.50,30.70,30.50,30.59,126400,30.59
2011-03-25,30.50,30.60,30.41,30.43,40000,30.43
2011-03-24,30.20,30.53,30.11,30.46,83300,30.46
2011-03-23,29.67,30.19,29.60,30.18,36500,30.18
2011-03-22,29.50,29.74,29.43,29.60,37000,29.60
2011-03-21,29.93,29.93,29.62,29.69,22600,29.69
2011-03-18,29.47,29.47,29.21,29.35,147700,29.35
2011-03-17,28.85,29.27,28.85,29.23,231800,29.23
2011-03-16,28.50,28.82,27.91,28.08,20700,28.08
2011-03-15,28.33,28.39,26.53,28.38,48700,28.38
2011-03-14,28.82,29.09,28.82,29.09,8300,29.09
2011-03-11,28.51,28.82,28.47,28.77,13800,28.77
2011-03-10,29.20,29.20,28.76,28.79,37400,28.79
2011-03-09,29.99,29.99,29.74,29.86,57700,29.86
2011-03-08,30.04,30.19,29.88,30.11,20700,30.11
2011-03-07,30.27,30.40,29.93,30.03,80000,30.03
2011-03-04,29.96,29.96,29.64,29.91,50600,29.91
2011-03-03,30.21,30.27,29.94,30.18,76600,30.18
2011-03-02,29.36,29.84,29.36,29.79,30400,29.79
2011-03-01,29.96,29.96,28.98,29.07,58100,29.07
2011-02-28,29.51,29.51,29.19,29.38,37800,29.38
2011-02-25,28.80,29.03,28.67,28.96,214200,28.96
2011-02-24,28.11,28.40,28.08,28.28,24900,28.28
2011-02-23,27.42,27.85,27.42,27.73,21800,27.73
2011-02-22,27.95,27.95,27.33,27.49,12400,27.49
2011-02-18,28.00,28.00,27.63,27.72,13100,27.72
2011-02-17,28.16,28.16,27.61,27.80,14200,27.80
2011-02-16,27.98,28.08,27.84,28.07,10000,28.07
2011-02-15,28.07,28.07,27.65,27.69,23200,27.69
2011-02-14,28.11,28.20,28.03,28.10,28600,28.10
2011-02-11,28.07,28.40,27.92,28.38,31900,28.38
2011-02-10,27.91,27.91,27.44,27.69,19900,27.69
2011-02-09,28.72,28.72,28.15,28.20,53400,28.20
2011-02-08,28.79,28.79,28.31,28.49,22100,28.49
2011-02-07,28.89,29.00,28.76,28.90,21900,28.90
2011-02-04,28.94,28.94,28.60,28.76,11900,28.76
2011-02-03,28.73,28.73,28.49,28.67,52300,28.67
2011-02-02,28.71,28.83,28.50,28.76,21700,28.76
2011-02-01,28.19,28.60,28.19,28.60,42000,28.60
2011-01-31,27.38,27.74,27.36,27.68,10400,27.68
2011-01-28,28.10,28.10,27.29,27.32,22900,27.32
2011-01-27,28.23,28.38,28.19,28.22,57500,28.22
2011-01-26,28.17,28.17,27.96,28.08,301700,28.08
2011-01-25,27.79,27.80,27.30,27.45,17200,27.45
2011-01-24,27.36,27.73,27.29,27.72,56700,27.72
2011-01-21,27.79,28.00,27.62,27.62,13600,27.62
2011-01-20,27.83,27.84,27.50,27.72,12400,27.72
2011-01-19,28.59,28.59,28.11,28.13,42000,28.13
2011-01-18,28.62,28.62,28.22,28.48,181700,28.48
2011-01-14,27.92,28.13,27.86,28.13,23500,28.13
2011-01-13,28.32,28.32,27.78,27.94,43200,27.94
2011-01-12,27.55,28.28,27.55,28.09,55900,28.09
2011-01-11,26.71,27.24,26.71,27.21,30000,27.21
2011-01-10,26.60,26.65,26.43,26.63,66400,26.63
2011-01-07,27.12,27.12,26.73,26.99,5900,26.99
2011-01-06,27.54,27.54,27.24,27.32,8700,27.32
2011-01-05,27.28,27.44,27.19,27.44,10700,27.44
2011-01-04,27.02,27.41,27.02,27.41,98500,27.41
2011-01-03,26.88,27.11,26.49,27.01,51200,27.01
2010-12-31,26.49,26.74,26.49,26.51,2700,26.51
2010-12-30,26.43,26.73,26.43,26.73,6400,26.73
2010-12-29,26.33,26.62,26.32,26.54,13400,26.54
2010-12-28,26.50,26.69,26.48,26.66,4500,26.66
2010-12-27,26.36,26.48,26.36,26.48,3600,26.48
2010-12-23,26.58,26.65,26.51,26.62,2900,26.62
2010-12-22,26.50,26.69,26.43,26.56,10100,26.56
2010-12-21,26.34,26.62,26.28,26.58,14300,26.58
2010-12-20,26.19,27.27,26.07,26.15,46500,26.15
2010-12-17,26.03,26.22,26.03,26.11,3800,26.11
2010-12-16,26.14,26.21,26.11,26.21,3600,26.21
2010-12-15,26.30,26.32,25.98,25.98,4800,25.98
2010-12-14,26.06,26.37,26.02,26.32,6600,26.32
2010-12-13,26.42,26.42,25.98,26.13,11300,26.13
2010-12-10,25.89,26.00,25.77,25.89,4600,25.89
2010-12-09,26.26,26.26,25.73,26.00,293000,26.00
2010-12-08,25.90,26.02,25.66,25.81,638600,25.81
2010-12-07,26.26,26.26,25.96,25.96,13600,25.96
2010-12-06,25.96,25.96,25.87,25.87,3200,25.87
2010-12-03,25.43,25.55,25.43,25.55,300,25.55
2010-12-02,24.70,25.26,24.70,25.26,2600,25.26
2010-12-01,24.40,24.63,24.40,24.46,61900,24.46
2010-11-30,23.95,24.01,23.89,24.01,600,24.01
2010-11-29,23.88,24.18,23.75,24.13,9600,24.13
2010-11-26,23.96,24.15,23.96,24.12,1300,24.12
2010-11-24,23.82,24.08,23.82,24.08,1200,24.08
2010-11-23,23.73,23.73,23.53,23.72,1500,23.72
2010-11-22,24.12,24.25,24.00,24.17,4100,24.17
2010-11-19,24.32,24.32,24.25,24.25,600,24.25
2010-11-18,23.97,24.26,23.97,24.15,6600,24.15
2010-11-17,23.53,23.72,23.47,23.48,4800,23.48
2010-11-16,24.06,24.06,23.39,23.40,9800,23.40
2010-11-15,24.25,24.38,24.25,24.38,2200,24.38
2010-11-12,23.97,25.15,23.97,24.21,10400,24.21
2010-11-11,24.99,24.99,24.66,24.87,8500,24.87