2011-05-10,23.87,23.89,23.87,23.89,300,23.89
2011-05-09,23.47,23.55,23.46,23.54,3400,23.54
2011-05-06,24.04,24.04,23.55,23.61,8300,23.61
2011-05-05,24.06,24.06,23.70,23.70,400,23.70
2011-05-04,24.62,24.66,24.57,24.63,18000,24.63
2011-05-03,24.79,24.79,24.79,24.79,000,24.79
2011-05-02,25.01,25.12,24.79,24.79,2400,24.79
2011-04-29,24.99,25.00,24.96,25.00,1200,25.00
2011-04-28,24.78,24.80,24.77,24.80,1100,24.80
2011-04-27,24.37,24.78,24.37,24.78,2100,24.78
2011-04-26,24.13,24.34,24.13,24.34,600,24.34
2011-04-25,23.94,24.03,23.94,24.03,2000,24.03
2011-04-21,23.95,24.14,23.94,23.94,11000,23.94
2011-04-20,23.76,23.81,23.62,23.62,1500,23.62
2011-04-19,23.16,23.16,23.16,23.16,100,23.16
2011-04-18,22.84,23.02,22.84,22.91,3900,22.91
2011-04-15,23.91,23.91,23.78,23.82,1900,23.82
2011-04-14,24.07,24.09,23.90,24.08,8200,24.08
2011-04-13,24.37,24.37,24.13,24.30,23000,24.30
2011-04-12,24.54,24.54,24.24,24.26,3100,24.26
2011-04-11,24.63,24.63,24.36,24.39,3000,24.39
2011-04-08,24.36,24.55,24.25,24.55,29700,24.55
2011-04-07,24.29,24.33,24.11,24.11,2800,24.11
2011-04-06,23.98,24.08,23.96,23.97,10100,23.97
2011-04-05,23.34,23.53,23.32,23.53,2600,23.53
2011-04-04,23.37,23.38,23.30,23.36,11500,23.36
2011-04-01,23.34,23.62,23.34,23.60,2100,23.60
2011-03-31,23.11,23.21,23.08,23.19,2100,23.19
2011-03-30,23.19,23.50,23.18,23.33,25800,23.33
2011-03-29,23.13,23.34,23.13,23.25,2300,23.25
2011-03-28,23.46,23.49,23.38,23.43,6000,23.43
2011-03-25,23.36,23.45,23.25,23.39,25200,23.39
2011-03-24,23.63,23.63,23.38,23.61,64000,23.61
2011-03-23,23.01,23.29,22.98,23.24,3900,23.24
2011-03-22,23.28,23.38,23.20,23.36,2600,23.36
2011-03-21,23.27,23.38,23.27,23.36,2400,23.36
2011-03-18,22.72,22.73,22.72,22.73,400,22.73
2011-03-17,22.64,22.64,22.43,22.43,10900,22.43
2011-03-16,22.26,22.45,21.80,21.80,65400,21.80
2011-03-15,22.32,22.72,22.06,22.62,3500,22.62
2011-03-14,23.10,23.16,23.05,23.16,3600,23.16
2011-03-11,23.01,23.15,23.00,23.12,4700,23.12
2011-03-10,23.28,23.28,23.04,23.04,4000,23.04
2011-03-09,23.73,23.73,23.58,23.58,200,23.58
2011-03-08,23.53,23.72,23.47,23.69,5600,23.69
2011-03-07,24.20,24.20,23.41,23.46,5700,23.46
2011-03-04,24.04,24.04,23.62,23.69,2500,23.69
2011-03-03,24.03,24.03,23.89,23.99,4200,23.99
2011-03-02,23.78,23.82,23.62,23.70,18000,23.70
2011-03-01,24.16,24.16,23.79,23.79,4100,23.79
2011-02-28,24.33,24.33,24.15,24.15,3000,24.15
2011-02-25,24.01,24.13,24.01,24.13,1100,24.13
2011-02-24,23.70,24.00,23.70,23.75,1700,23.75
2011-02-23,23.95,24.07,23.75,23.92,13900,23.92
2011-02-22,24.09,24.09,23.74,23.75,5400,23.75
2011-02-18,24.73,24.81,24.65,24.65,41600,24.65
2011-02-17,24.47,24.74,24.47,24.74,5700,24.74
2011-02-16,24.44,24.45,24.43,24.43,1100,24.43
2011-02-15,23.99,23.99,23.82,23.82,2500,23.82
2011-02-14,23.87,23.87,23.61,23.66,5100,23.66
2011-02-11,23.69,23.97,23.68,23.97,1700,23.97
2011-02-10,24.36,24.36,23.55,23.80,6700,23.80
2011-02-09,24.99,24.99,24.20,24.33,10300,24.33
2011-02-08,24.06,24.24,23.99,24.23,5100,24.23
2011-02-07,23.80,23.91,23.75,23.91,5800,23.91
2011-02-04,23.62,23.79,23.62,23.79,3000,23.79
2011-02-03,23.57,23.74,23.57,23.64,1800,23.64
2011-02-02,24.07,24.07,23.86,24.00,21400,24.00
2011-02-01,23.78,23.97,23.78,23.97,500,23.97
2011-01-31,23.22,23.34,23.20,23.24,9500,23.24
2011-01-28,23.45,23.62,23.07,23.09,5300,23.09
2011-01-27,23.48,23.64,23.39,23.45,8500,23.45
2011-01-26,23.15,23.15,23.02,23.06,700,23.06
2011-01-25,23.14,23.14,22.91,23.06,10500,23.06
2011-01-24,23.29,23.47,23.22,23.34,7300,23.34
2011-01-21,23.12,23.42,23.12,23.33,28600,23.33
2011-01-20,22.67,22.90,22.61,22.79,11400,22.79
2011-01-19,23.09,23.09,22.59,22.59,32100,22.59
2011-01-18,22.68,23.04,22.68,23.04,57500,23.04
2011-01-14,22.45,22.69,22.45,22.69,296100,22.69
2011-01-13,22.37,22.49,22.28,22.29,40600,22.29
2011-01-12,21.62,21.98,21.51,21.98,61600,21.98
2011-01-11,20.67,20.87,20.63,20.87,273100,20.87
2011-01-10,20.81,20.81,20.59,20.70,593200,20.70
2011-01-07,21.32,21.33,20.96,21.05,3800,21.05
2011-01-06,21.68,21.73,21.30,21.40,16900,21.40
2011-01-05,21.37,21.64,21.36,21.51,7200,21.51
2011-01-04,21.75,21.76,21.50,21.63,12100,21.63
2011-01-03,21.48,21.59,21.48,21.51,4000,21.51
2010-12-31,21.23,21.33,21.22,21.22,5900,21.22
2010-12-30,21.17,21.17,21.15,21.16,800,21.16
2010-12-29,21.17,21.28,21.17,21.27,3500,21.27
2010-12-28,21.18,21.20,20.96,20.97,11000,20.97
2010-12-27,20.96,21.01,20.96,21.01,700,21.01
2010-12-23,20.99,21.26,20.98,21.26,9300,21.26
2010-12-22,21.23,21.23,21.15,21.19,4600,21.19
2010-12-21,21.34,21.34,21.24,21.25,7700,21.25
2010-12-20,21.22,21.26,21.21,21.24,4500,21.06
2010-12-17,21.26,21.26,21.01,21.18,7200,21.00
2010-12-16,21.42,21.52,21.33,21.40,18600,21.22
2010-12-15,21.73,21.73,21.48,21.51,4600,21.32
2010-12-14,22.02,22.19,21.94,22.03,16300,21.84
2010-12-13,21.96,22.09,21.87,22.00,8200,21.81
2010-12-10,21.71,21.79,21.58,21.79,4000,21.60
2010-12-09,21.89,21.89,21.68,21.88,8000,21.69
2010-12-08,21.51,21.60,21.43,21.56,26000,21.37
2010-12-07,21.45,21.45,21.20,21.23,3700,21.05
2010-12-06,21.19,21.22,20.96,21.22,5700,21.04
2010-12-03,21.25,21.46,21.24,21.46,21300,21.28
2010-12-02,20.54,21.32,20.54,21.30,45900,21.12
2010-12-01,20.53,20.65,20.42,20.65,17900,20.47
2010-11-30,19.76,19.84,19.62,19.78,20800,19.61
2010-11-29,20.27,20.27,20.00,20.24,5200,20.07
2010-11-26,20.60,20.62,20.57,20.61,5300,20.43
2010-11-24,21.17,21.17,20.98,21.10,19900,20.92
2010-11-23,21.28,21.28,21.02,21.02,3300,20.84
2010-11-22,21.87,21.87,21.56,21.70,14400,21.51
2010-11-19,22.22,22.37,22.22,22.35,7000,22.16
2010-11-18,22.46,22.56,22.42,22.48,3900,22.29
2010-11-17,22.07,22.08,21.97,21.97,5100,21.78
2010-11-16,22.35,22.35,21.86,21.86,5000,21.67
2010-11-15,22.84,22.84,22.66,22.66,2100,22.46
2010-11-12,22.65,22.80,22.54,22.55,4300,22.36
2010-11-11,22.58,22.65,22.57,22.65,1200,22.45
2010-11-10,23.23,23.23,22.71,23.02,24500,22.82
2010-11-09,23.54,23.58,23.21,23.21,7300,23.01
2010-11-08,23.27,23.29,23.27,23.29,2800,23.09
2010-11-05,23.69,23.77,23.46,23.49,2600,23.29
2010-11-04,23.81,24.00,23.81,23.88,4100,23.67
2010-11-03,23.16,23.23,23.02,23.13,11100,22.93
2010-11-02,23.03,23.11,23.01,23.06,1600,22.86
2010-11-01,22.97,22.97,22.57,22.64,13200,22.44
2010-10-29,23.10,23.10,22.85,22.99,11200,22.79
2010-10-28,23.08,23.15,23.02,23.15,16700,22.95
2010-10-27,23.03,23.03,22.80,22.92,6800,22.72
2010-10-26,23.04,23.08,23.04,23.08,800,22.88
2010-10-25,23.47,23.48,23.19,23.30,3400,23.10
2010-10-22,23.45,23.45,23.26,23.26,800,23.06
2010-10-21,23.58,23.66,23.22,23.31,7100,23.11
2010-10-20,23.23,23.47,23.23,23.47,1100,23.27
2010-10-19,23.14,23.28,23.08,23.08,3000,22.88
2010-10-18,23.13,23.13,23.13,23.13,000,22.93
2010-10-15,23.19,23.30,23.10,23.13,7100,22.93
2010-10-14,23.44,23.49,23.32,23.32,2000,23.12
2010-10-13,23.34,23.43,23.31,23.31,72500,23.11
2010-10-12,22.88,23.03,22.81,23.03,1500,22.83
2010-10-11,23.14,23.15,23.00,23.04,121500,22.84
2010-10-08,23.12,23.12,22.96,23.08,1400,22.88
2010-10-07,23.42,23.42,22.97,23.09,78800,22.89
2010-10-06,23.14,23.21,23.05,23.21,31000,23.01
2010-10-05,22.59,23.11,22.59,23.05,4600,22.85
2010-10-04,22.42,22.42,22.10,22.15,8500,21.96
2010-10-01,22.35,22.50,22.35,22.47,1500,22.28
2010-09-30,22.63,22.63,22.17,22.22,7600,22.03
2010-09-29,22.51,22.51,22.42,22.42,1500,22.23
2010-09-28,22.40,22.62,22.40,22.62,2300,22.43
2010-09-27,22.59,22.71,22.57,22.59,3000,22.40
2010-09-24,22.63,22.80,22.63,22.80,4800,22.60
2010-09-23,21.99,22.20,21.95,21.95,17100,21.76
2010-09-22,22.51,22.56,22.34,22.41,12700,22.22
2010-09-21,22.64,22.67,22.32,22.58,56800,22.39
2010-09-20,22.17,22.48,22.13,22.48,54700,22.29
2010-09-17,22.39,22.39,22.08,22.19,5300,22.00
2010-09-16,22.48,22.50,22.46,22.47,4200,22.28
2010-09-15,22.54,22.60,22.51,22.58,2200,22.39
2010-09-14,22.47,22.71,22.28,22.64,20700,22.44
2010-09-13,22.27,22.44,22.27,22.42,63000,22.23
2010-09-10,21.78,21.85,21.78,21.80,16700,21.61
2010-09-09,21.89,21.89,21.63,21.72,8900,21.53
2010-09-08,21.26,21.62,21.26,21.38,20500,21.20
2010-09-07,21.57,21.57,21.29,21.37,31100,21.19
2010-09-03,21.88,22.00,21.82,21.90,154600,21.71
2010-09-02,21.53,21.66,21.48,21.66,120700,21.47
2010-09-01,21.06,21.48,21.06,21.45,22900,21.27
2010-08-31,20.27,20.67,20.14,20.51,302800,20.33
2010-08-30,20.51,20.51,20.35,20.35,1800,20.17
2010-08-27,20.46,20.78,20.46,20.76,2400,20.58
2010-08-26,20.57,20.69,20.41,20.41,152600,20.23
2010-08-25,20.20,20.22,20.15,20.22,1600,20.05
2010-08-24,20.46,20.50,20.31,20.50,110400,20.32
2010-08-23,20.96,21.16,20.85,20.85,1500,20.67
2010-08-20,20.83,20.88,20.68,20.87,11600,20.69
2010-08-19,21.71,21.71,21.03,21.20,10200,21.02
2010-08-18,21.72,21.79,21.60,21.79,6800,21.60
2010-08-17,21.70,21.83,21.70,21.75,8400,21.56
2010-08-16,21.20,21.41,21.20,21.25,17300,21.07
2010-08-13,21.38,21.52,21.29,21.31,1500,21.13
2010-08-12,21.28,21.48,21.28,21.43,5200,21.25
2010-08-11,22.07,22.07,21.60,21.60,16200,21.41
2010-08-10,22.73,23.00,22.50,22.93,10200,22.73
2010-08-09,23.16,23.21,23.09,23.09,14200,22.89
2010-08-06,22.95,23.18,22.91,23.04,19100,22.84
2010-08-05,23.05,23.18,22.96,23.18,15400,22.98
2010-08-04,23.18,23.21,23.00,23.16,22700,22.96
2010-08-03,23.20,23.44,23.19,23.30,128900,23.10
2010-08-02,22.88,23.29,22.88,23.29,25000,23.09
2010-07-30,21.99,22.10,21.99,22.10,1100,21.91
2010-07-29,22.19,22.33,22.19,22.33,400,22.14
2010-07-28,22.44,22.44,22.21,22.21,9400,22.02
2010-07-27,22.49,22.50,22.08,22.34,8600,22.15
2010-07-26,21.19,21.50,21.19,21.50,7800,21.31
2010-07-23,20.72,22.89,20.72,21.22,21300,21.04
2010-07-22,20.76,21.00,20.76,21.00,23000,20.82
2010-07-21,20.54,20.54,19.96,20.06,5000,19.89
2010-07-20,19.87,20.45,19.87,20.45,98400,20.27
2010-07-19,20.20,20.20,20.20,20.20,300,20.03
2010-07-16,20.58,20.58,20.14,20.14,3800,19.97
2010-07-15,20.77,20.87,20.65,20.87,1100,20.69
2010-07-14,20.73,20.93,20.65,20.93,18500,20.75
2010-07-13,20.80,20.98,20.77,20.98,9100,20.80
2010-07-12,20.25,20.37,20.18,20.32,168900,20.14
2010-07-09,20.36,20.43,20.36,20.43,438600,20.25
2010-07-08,20.30,20.38,19.76,20.27,7200,20.10
2010-07-07,18.93,18.93,18.93,18.93,000,18.77
2010-07-06,19.09,19.28,18.93,18.93,6200,18.77
2010-07-02,18.62,18.62,18.59,18.61,600,18.45
2010-07-01,18.64,18.64,18.51,18.51,1300,18.35
2010-06-30,18.42,18.42,18.24,18.24,800,18.08
2010-06-29,18.43,18.43,18.43,18.43,1000,18.27
2010-06-28,19.29,19.30,19.20,19.22,900,19.05
2010-06-25,19.23,19.40,19.09,19.27,2100,19.10
2010-06-24,19.54,19.55,19.26,19.26,400,19.09
2010-06-23,19.65,20.08,19.57,19.66,900,19.49
2010-06-22,20.09,20.09,19.27,19.75,1700,19.38
2010-06-21,20.51,20.51,20.17,20.17,500,19.79
2010-06-18,20.19,20.27,20.11,20.11,1500,19.74
2010-06-17,20.12,20.12,19.90,19.98,6300,19.61
2010-06-16,19.78,19.89,19.76,19.89,1200,19.52
2010-06-15,19.65,19.90,19.65,19.88,2000,19.51
2010-06-14,19.35,19.35,19.11,19.11,300,18.75
2010-06-11,18.69,18.84,18.69,18.77,3600,18.42
2010-06-10,18.36,18.60,18.18,18.60,111200,18.25
2010-06-09,17.59,17.59,17.59,17.59,1200,17.26
2010-06-08,17.52,17.62,17.41,17.62,1900,17.29
2010-06-07,17.83,17.83,17.47,17.47,600,17.14
2010-06-04,18.12,18.12,17.57,17.58,16700,17.25
2010-06-03,18.81,18.81,18.81,18.81,100,18.46
2010-06-02,18.57,18.86,18.57,18.86,2200,18.51
2010-06-01,19.06,19.06,18.57,18.57,900,18.22
2010-05-28,19.07,19.07,18.70,18.70,3700,18.35
2010-05-27,18.70,19.21,18.69,19.04,13700,18.69
2010-05-26,18.42,18.43,17.95,17.95,6400,17.62
2010-05-25,17.88,18.23,17.64,18.20,7200,17.86
2010-05-24,19.00,19.00,19.00,19.00,000,18.65
2010-05-21,19.00,19.00,19.00,19.00,500,18.65
2010-05-20,18.27,18.66,18.18,18.42,8900,18.08
2010-05-19,18.99,19.04,18.90,18.92,5700,18.57
2010-05-18,19.63,19.74,18.90,18.95,4100,18.60
2010-05-17,19.42,19.43,19.19,19.37,2300,19.01
2010-05-14,19.50,19.53,19.12,19.16,8500,18.80
2010-05-13,20.43,20.55,20.29,20.29,900,19.91
2010-05-12,20.48,20.48,20.48,20.48,000,20.10
2010-05-11,20.18,20.76,20.03,20.48,3100,20.10
2010-05-10,20.94,21.07,20.74,20.77,15800,20.38
2010-05-07,18.99,18.99,18.20,18.41,6800,18.07
2010-05-06,19.61,19.61,17.51,18.54,5300,18.20
2010-05-05,19.99,20.20,19.99,20.07,2500,19.70
2010-05-04,21.17,21.17,20.73,20.74,3000,20.35
2010-05-03,22.05,22.05,22.05,22.05,000,21.64
2010-04-30,22.05,22.05,22.05,22.05,000,21.64
2010-04-29,22.05,22.05,22.05,22.05,1000,21.64
2010-04-28,21.69,21.75,21.63,21.65,5700,21.25
2010-04-27,22.30,22.30,21.63,21.74,1800,21.34
2010-04-26,22.72,22.72,22.72,22.72,000,22.30
2010-04-23,22.76,22.76,22.72,22.72,2900,22.30
2010-04-22,22.62,22.64,22.62,22.64,1200,22.22
2010-04-21,23.39,23.39,23.39,23.39,000,22.95
2010-04-20,23.39,23.39,23.39,23.39,000,22.95
2010-04-19,23.12,23.39,23.12,23.39,300,22.95
2010-04-16,24.24,24.24,23.70,23.70,200,23.26
2010-04-15,24.00,24.00,24.00,24.00,000,23.55
2010-04-14,24.00,24.00,24.00,24.00,000,23.55
2010-04-13,24.00,24.00,24.00,24.00,100,23.55
2010-04-12,23.95,23.96,23.95,23.96,1300,23.51
2010-04-09,23.57,23.63,23.57,23.63,500,23.19
2010-04-08,22.89,23.00,22.89,23.00,1800,22.57
2010-04-07,23.62,23.62,23.62,23.62,000,23.18
2010-04-06,23.62,23.62,23.62,23.62,000,23.18
2010-04-05,23.62,23.62,23.62,23.62,100,23.18
2010-04-01,22.80,22.80,22.80,22.80,000,22.38
2010-03-31,22.80,22.80,22.80,22.80,000,22.38
2010-03-30,22.80,22.80,22.80,22.80,000,22.38
2010-03-29,22.80,22.80,22.80,22.80,000,22.38
2010-03-26,22.80,22.80,22.80,22.80,000,22.38
2010-03-25,22.80,22.80,22.80,22.80,000,22.38
2010-03-24,22.80,22.80,22.80,22.80,000,22.38
2010-03-23,22.80,22.80,22.80,22.80,100,22.38
2010-03-22,22.39,22.39,22.35,22.35,600,21.93
2010-03-19,23.07,23.07,22.78,22.78,800,22.36
2010-03-18,22.04,22.04,22.04,22.04,000,21.63
2010-03-17,22.04,22.04,22.04,22.04,000,21.63
2010-03-16,22.04,22.04,22.04,22.04,000,21.63
2010-03-15,22.04,22.04,22.04,22.04,000,21.63
2010-03-12,22.04,22.04,22.04,22.04,000,21.63
2010-03-11,22.04,22.04,22.04,22.04,000,21.63
2010-03-10,22.04,22.04,22.04,22.04,000,21.63
2010-03-09,22.04,22.04,22.04,22.04,000,21.63
2010-03-08,22.04,22.04,22.04,22.04,000,21.63
2010-03-05,22.04,22.04,22.04,22.04,000,21.63
2010-03-04,22.04,22.04,22.04,22.04,000,21.63
2010-03-03,22.04,22.04,22.04,22.04,100,21.63
2010-03-02,21.24,21.24,21.24,21.24,000,20.84
2010-03-01,21.22,21.24,21.22,21.24,2100,20.84
2010-02-26,21.57,21.57,21.57,21.57,100,21.17
2010-02-25,21.25,21.25,21.25,21.25,200,20.85
2010-02-24,21.41,21.42,21.41,21.42,500,21.02
2010-02-23,21.45,21.45,21.45,21.45,000,21.05
2010-02-22,21.45,21.45,21.45,21.45,000,21.05
2010-02-19,21.45,21.45,21.45,21.45,300,21.05
2010-02-18,21.61,21.65,21.42,21.65,5500,21.25
2010-02-17,21.64,21.64,21.64,21.64,300,21.24
2010-02-16,20.88,20.88,20.88,20.88,500,20.49
2010-02-12,20.44,20.44,20.44,20.44,500,20.06
2010-02-11,20.77,20.99,20.77,20.99,1000,20.60
2010-02-10,20.99,20.99,20.99,20.99,000,20.60
2010-02-09,20.92,20.99,20.92,20.99,1800,20.60
2010-02-08,22.50,22.50,22.50,22.50,000,22.08
2010-02-05,22.50,22.50,22.50,22.50,000,22.08
2010-02-04,22.50,22.50,22.50,22.50,000,22.08
2010-02-03,22.50,22.50,22.50,22.50,700,22.08