2011-05-10,41.80,42.13,41.80,42.06,4200,42.06
2011-05-09,41.69,41.69,41.69,41.69,1100,41.69
2011-05-06,41.65,41.98,41.33,41.63,4200,41.63
2011-05-05,41.32,41.32,40.89,41.08,4800,41.08
2011-05-04,41.58,41.58,41.58,41.58,500,41.58
2011-05-03,42.17,42.17,41.73,41.86,9300,41.86
2011-05-02,42.95,43.02,42.79,42.83,3300,42.83
2011-04-29,42.48,43.07,42.48,43.07,1400,43.07
2011-04-28,42.95,42.95,42.30,42.32,2400,42.32
2011-04-27,42.39,42.89,42.39,42.89,700,42.89
2011-04-26,42.16,42.98,42.16,42.83,7100,42.83
2011-04-25,42.61,42.61,42.61,42.61,100,42.61
2011-04-21,42.65,42.76,42.65,42.75,2100,42.75
2011-04-20,42.18,42.57,42.14,42.51,5000,42.51
2011-04-19,41.48,41.63,41.46,41.63,3600,41.63
2011-04-18,41.12,41.25,40.96,41.21,6600,41.21
2011-04-15,41.94,42.19,41.94,42.15,4100,42.15
2011-04-14,42.01,42.18,41.95,42.16,5700,42.16
2011-04-13,42.01,42.01,41.77,41.83,1000,41.83
2011-04-12,42.74,42.78,41.37,41.37,6500,41.37
2011-04-11,42.13,42.24,42.01,42.06,3600,42.06
2011-04-08,42.32,42.43,42.23,42.27,1600,42.27
2011-04-07,42.12,42.31,42.08,42.17,3100,42.17
2011-04-06,42.15,42.15,41.91,42.00,8000,42.00
2011-04-05,42.10,42.10,41.69,41.93,7400,41.93
2011-04-04,40.62,41.80,40.62,41.80,1700,41.80
2011-04-01,41.51,42.33,41.35,41.64,5600,41.64
2011-03-31,40.88,41.24,40.88,41.07,6600,41.07
2011-03-30,40.61,40.90,40.61,40.84,2100,40.84
2011-03-29,40.21,40.43,40.21,40.34,2400,40.34
2011-03-28,40.06,40.10,39.87,40.00,7700,40.00
2011-03-25,40.36,40.48,40.30,40.30,11700,40.30
2011-03-24,39.98,39.98,39.97,39.97,1000,39.97
2011-03-23,39.72,40.97,39.72,39.81,9100,39.81
2011-03-22,39.42,39.42,39.42,39.42,200,39.42
2011-03-21,39.37,39.45,39.37,39.38,1000,39.38
2011-03-18,38.94,38.94,38.59,38.70,5300,38.70
2011-03-17,39.13,39.13,38.34,38.34,2700,38.34
2011-03-16,38.07,38.07,38.03,38.03,3600,38.03
2011-03-15,37.95,38.48,37.94,38.45,900,38.45
2011-03-14,40.12,40.12,38.96,39.22,1700,39.22
2011-03-11,39.37,39.37,38.93,39.23,7900,39.23
2011-03-10,39.06,39.74,38.93,38.97,7500,38.97
2011-03-09,39.96,39.96,39.74,39.93,6900,39.93
2011-03-08,39.55,40.00,39.54,39.87,46000,39.87
2011-03-07,39.59,39.97,39.20,39.29,3200,39.29
2011-03-04,39.74,39.85,39.41,39.78,69600,39.78
2011-03-03,39.12,39.66,39.12,39.66,2600,39.66
2011-03-02,37.75,38.97,37.75,38.94,2500,38.94
2011-03-01,39.28,39.28,38.44,38.46,2400,38.46
2011-02-28,39.41,39.50,39.31,39.50,9100,39.50
2011-02-25,38.68,39.55,38.16,38.53,24900,38.53
2011-02-24,38.42,38.42,37.69,37.69,3300,37.69
2011-02-23,38.53,38.53,38.11,38.41,1700,38.41
2011-02-22,38.42,38.42,38.20,38.20,1200,38.20
2011-02-18,39.14,39.30,39.14,39.30,200,39.30
2011-02-17,38.89,38.90,38.83,38.90,1100,38.90
2011-02-16,38.29,38.89,38.29,38.89,600,38.89
2011-02-15,38.75,38.84,38.75,38.84,1300,38.84
2011-02-14,38.60,38.77,38.60,38.73,2000,38.73
2011-02-11,39.07,39.07,38.16,38.58,2000,38.58
2011-02-10,38.15,38.51,38.15,38.48,300,38.48
2011-02-09,39.99,40.36,38.99,39.10,4000,39.10
2011-02-08,39.70,39.90,39.70,39.84,3000,39.84
2011-02-07,40.44,40.44,39.62,39.76,6200,39.76
2011-02-04,39.49,39.61,39.49,39.61,1300,39.61
2011-02-03,39.88,39.92,39.76,39.76,2000,39.76
2011-02-02,39.96,39.96,39.90,39.90,1800,39.90
2011-02-01,40.25,40.25,39.50,39.75,5300,39.75
2011-01-31,40.49,40.49,39.16,39.39,11400,39.39
2011-01-28,41.09,41.09,39.35,39.36,4200,39.36
2011-01-27,40.50,41.06,40.50,40.64,8300,40.64
2011-01-26,41.04,41.04,40.42,40.49,4800,40.49
2011-01-25,41.00,41.00,40.21,40.21,1300,40.21
2011-01-24,41.11,41.11,40.20,40.34,1800,40.34
2011-01-21,41.31,41.31,40.30,40.30,8100,40.30
2011-01-20,41.56,41.56,40.36,40.41,1500,40.41
2011-01-19,41.00,41.00,41.00,41.00,100,41.00
2011-01-18,42.16,42.16,41.00,41.23,7000,41.23
2011-01-14,41.34,41.35,41.26,41.26,1200,41.26
2011-01-13,42.42,42.42,41.33,41.40,1100,41.40
2011-01-12,42.19,42.33,41.36,41.50,2000,41.50
2011-01-11,41.82,41.82,40.66,41.06,8500,41.06
2011-01-10,41.81,41.81,40.80,40.92,7900,40.92
2011-01-07,41.70,41.70,41.10,41.10,2700,41.10
2011-01-06,42.74,42.74,41.41,41.57,900,41.57
2011-01-05,41.56,42.37,41.55,41.73,3600,41.73
2011-01-04,42.53,42.53,41.42,41.67,2800,41.67
2011-01-03,42.66,42.66,41.46,41.46,4100,41.46
2010-12-31,41.98,41.98,40.78,41.36,3300,41.36
2010-12-30,41.50,42.03,40.96,40.97,2700,40.97
2010-12-29,41.50,41.50,40.62,40.71,2400,40.71
2010-12-28,40.17,40.21,40.17,40.21,500,40.21
2010-12-27,40.20,40.20,40.20,40.20,200,40.20
2010-12-23,40.25,40.52,40.20,40.22,6700,40.22
2010-12-22,40.26,40.29,40.25,40.27,2900,40.27
2010-12-21,40.10,40.18,40.10,40.18,1500,40.18
2010-12-20,40.15,40.15,39.60,39.68,1700,39.68
2010-12-17,39.67,40.93,39.67,40.93,300,40.93
2010-12-16,39.70,39.70,39.70,39.70,200,39.66
2010-12-15,40.50,40.50,39.92,39.92,800,39.88
2010-12-14,40.47,40.49,40.47,40.49,400,40.45
2010-12-13,40.30,40.40,40.30,40.40,1900,40.36
2010-12-10,39.95,40.03,39.95,40.03,1100,39.99
2010-12-09,40.00,40.06,40.00,40.06,400,40.02
2010-12-08,40.40,40.43,40.27,40.43,1500,40.39