2011-05-10,34.34,34.61,34.34,34.61,3500,34.61
2011-05-09,34.04,34.07,33.96,34.04,21000,34.04
2011-05-06,34.24,34.30,33.83,33.98,48900,33.98
2011-05-05,33.69,34.06,33.60,33.81,7400,33.81
2011-05-04,33.97,34.05,33.97,33.98,10000,33.98
2011-05-03,34.29,34.34,34.13,34.20,4200,34.20
2011-05-02,34.77,34.82,34.48,34.53,34000,34.53
2011-04-29,34.60,34.69,34.48,34.62,16000,34.62
2011-04-28,34.36,34.53,34.36,34.53,33600,34.53
2011-04-27,34.24,34.41,34.09,34.41,26800,34.41
2011-04-26,34.03,34.31,34.01,34.21,55100,34.21
2011-04-25,33.86,33.93,33.80,33.89,4400,33.89
2011-04-21,33.98,33.98,33.86,33.97,8700,33.97
2011-04-20,33.68,33.73,33.66,33.73,2100,33.73
2011-04-19,33.22,33.24,32.09,33.20,10700,33.20
2011-04-18,32.99,33.04,32.89,33.03,2500,33.03
2011-04-15,33.52,33.54,33.51,33.51,2100,33.51
2011-04-14,33.10,33.22,33.10,33.19,20200,33.19
2011-04-13,33.35,33.35,33.13,33.23,16000,33.23
2011-04-12,33.29,33.29,33.04,33.14,8700,33.14
2011-04-11,33.62,33.66,33.41,33.41,15700,33.41
2011-04-08,33.90,33.90,33.50,33.64,48500,33.64
2011-04-07,33.81,33.86,33.77,33.78,43200,33.78
2011-04-06,34.02,34.02,33.81,33.86,73200,33.86
2011-04-05,33.85,33.88,33.75,33.85,5700,33.85
2011-04-04,33.82,33.82,33.74,33.74,4400,33.74
2011-04-01,33.74,33.85,33.73,33.77,9700,33.77
2011-03-31,33.53,33.53,33.52,33.53,1600,33.53
2011-03-30,33.48,33.52,33.37,33.52,2300,33.52
2011-03-29,33.08,33.20,33.08,33.20,8200,33.20
2011-03-28,33.32,33.32,32.96,32.96,2000,32.96
2011-03-25,32.99,33.22,32.96,33.09,12500,33.09
2011-03-24,32.61,32.93,32.61,32.93,15400,32.93
2011-03-23,32.32,32.64,32.32,32.64,2200,32.64
2011-03-22,32.53,32.53,32.53,32.53,200,32.53
2011-03-21,32.53,32.62,32.51,32.62,3000,32.62
2011-03-18,32.16,32.20,32.01,32.01,36900,32.01
2011-03-17,32.03,32.03,31.99,31.99,700,31.90
2011-03-16,32.06,32.06,32.05,32.05,300,31.96
2011-03-15,32.04,32.08,32.04,32.08,500,31.99
2011-03-14,32.32,32.39,32.32,32.39,1000,32.29
2011-03-11,32.43,32.56,32.43,32.51,500,32.41
2011-03-10,32.38,32.53,32.25,32.29,2000,32.20
2011-03-09,32.92,32.92,32.91,32.91,600,32.81
2011-03-08,32.79,33.05,32.54,33.01,11300,32.91
2011-03-07,33.15,33.15,32.60,32.76,22900,32.66
2011-03-04,32.93,32.93,32.93,32.93,200,32.83
2011-03-03,33.22,33.22,33.22,33.22,300,33.12
2011-03-02,32.70,32.70,32.70,32.70,000,32.60
2011-03-01,32.69,32.70,32.69,32.70,300,32.60
2011-02-28,32.91,32.93,32.90,32.93,4800,32.83
2011-02-25,32.85,32.89,32.85,32.89,600,32.79
2011-02-24,32.26,32.26,32.26,32.26,800,32.17
2011-02-23,32.77,32.77,32.77,32.77,000,32.67
2011-02-22,32.96,32.96,32.77,32.77,1400,32.67
2011-02-18,33.42,33.42,33.42,33.42,200,33.32
2011-02-17,33.26,33.26,33.26,33.26,000,33.16
2011-02-16,33.26,33.26,33.17,33.26,2400,33.16
2011-02-15,32.92,32.92,32.92,32.92,000,32.82
2011-02-14,33.08,33.08,32.92,32.92,1200,32.82
2011-02-11,32.68,32.95,32.68,32.95,2300,32.85
2011-02-10,32.72,32.72,32.72,32.72,500,32.62
2011-02-09,32.68,32.68,32.68,32.68,1300,32.58
2011-02-08,32.66,32.70,32.66,32.70,300,32.60
2011-02-07,32.32,32.32,32.32,32.32,000,32.23
2011-02-04,32.32,32.32,32.32,32.32,000,32.23
2011-02-03,32.23,32.32,32.23,32.32,2400,32.23
2011-02-02,32.20,32.20,32.15,32.15,600,32.06
2011-02-01,32.06,32.19,32.06,32.19,4300,32.10
2011-01-31,31.79,31.80,31.76,31.76,1400,31.67
2011-01-28,31.48,31.58,31.48,31.58,4500,31.49
2011-01-27,32.00,32.06,32.00,32.06,1500,31.97
2011-01-26,31.86,31.86,31.83,31.83,300,31.74
2011-01-25,31.75,31.75,31.44,31.45,6700,31.36
2011-01-24,31.66,31.66,31.66,31.66,100,31.57
2011-01-21,31.44,31.62,31.42,31.46,64600,31.37
2011-01-20,31.30,31.30,31.30,31.30,800,31.21
2011-01-19,31.69,31.69,31.69,31.69,000,31.60
2011-01-18,31.69,31.69,31.69,31.69,000,31.60
2011-01-14,31.69,31.69,31.69,31.69,000,31.60
2011-01-13,31.69,31.69,31.69,31.69,000,31.60
2011-01-12,31.69,31.69,31.69,31.69,100,31.60
2011-01-11,31.35,31.35,31.35,31.35,200,31.26
2011-01-10,31.23,31.28,31.08,31.28,1500,31.19
2011-01-07,31.36,31.36,31.07,31.07,800,30.98
2011-01-06,31.37,31.37,31.37,31.37,400,31.28
2011-01-05,31.32,31.32,31.32,31.32,600,31.23
2011-01-04,31.48,31.48,31.00,31.00,200,30.91
2011-01-03,31.33,31.37,31.33,31.37,600,31.28
2010-12-31,31.15,31.15,31.06,31.06,300,30.97
2010-12-30,31.08,31.08,31.08,31.08,000,30.99
2010-12-29,31.05,31.08,31.05,31.08,800,30.99
2010-12-28,31.20,31.20,30.96,30.98,2400,30.89
2010-12-27,31.00,31.00,31.00,31.00,200,30.91
2010-12-23,31.05,31.05,31.05,31.05,000,30.96
2010-12-22,31.02,31.06,31.02,31.05,1600,30.96
2010-12-21,30.93,30.93,30.93,30.93,100,30.84
2010-12-20,30.88,30.88,30.75,30.75,300,30.66
2010-12-17,30.51,30.51,30.51,30.51,1000,30.42
2010-12-16,30.46,30.46,30.46,30.46,500,30.33
2010-12-15,30.46,30.46,30.46,30.46,500,30.33
2010-12-14,30.55,30.55,30.55,30.55,200,30.42
2010-12-13,30.75,30.75,30.55,30.55,400,30.42
2010-12-10,30.30,30.39,30.30,30.39,2400,30.26
2010-12-09,30.20,30.20,30.20,30.20,200,30.07
2010-12-08,30.16,30.22,30.12,30.13,12000,30.00