2011-05-10,34.64,34.92,34.64,34.82,8500,34.82
2011-05-09,34.27,34.50,34.24,34.48,11000,34.48
2011-05-06,34.37,34.50,34.15,34.25,28600,34.25
2011-05-05,34.00,34.22,33.85,34.05,5100,34.05
2011-05-04,34.24,34.24,34.08,34.22,17000,34.22
2011-05-03,34.77,34.77,34.33,34.47,16000,34.47
2011-05-02,34.97,35.13,34.77,34.82,39000,34.82
2011-04-29,34.86,34.96,34.81,34.88,11000,34.88
2011-04-28,34.76,34.86,34.69,34.78,38700,34.78
2011-04-27,34.47,34.75,34.45,34.75,24300,34.75
2011-04-26,34.38,34.56,34.35,34.50,9700,34.50
2011-04-25,34.31,34.31,34.25,34.25,1600,34.25
2011-04-21,34.12,34.27,34.12,34.26,4200,34.26
2011-04-20,33.99,34.05,33.97,34.02,9200,34.02
2011-04-19,33.39,33.53,33.36,33.52,9000,33.52
2011-04-18,33.56,33.56,33.21,33.40,11000,33.40
2011-04-15,33.62,33.83,33.56,33.81,4100,33.81
2011-04-14,33.29,33.50,33.29,33.47,10100,33.47
2011-04-13,33.62,33.62,33.41,33.51,3500,33.51
2011-04-12,33.56,33.56,33.34,33.37,1600,33.37
2011-04-11,33.88,33.96,33.72,33.73,11400,33.73
2011-04-08,34.30,34.30,33.80,33.80,8500,33.80
2011-04-07,34.10,34.17,34.00,34.14,3100,34.14
2011-04-06,34.29,34.29,34.12,34.24,10100,34.24
2011-04-05,34.09,34.22,34.09,34.20,10000,34.20
2011-04-04,34.23,34.23,34.02,34.02,8900,34.02
2011-04-01,34.13,34.17,34.06,34.14,1600,34.14
2011-03-31,33.80,33.88,33.80,33.88,3300,33.88
2011-03-30,33.70,33.84,33.70,33.84,5000,33.84
2011-03-29,33.36,33.48,33.36,33.48,4900,33.48
2011-03-28,33.49,33.49,33.31,33.31,2300,33.31
2011-03-25,33.28,33.39,33.28,33.39,4600,33.39
2011-03-24,33.01,33.17,32.99,33.17,3200,33.17
2011-03-23,32.54,32.87,32.50,32.80,12300,32.80
2011-03-22,32.82,32.82,32.71,32.71,1300,32.71
2011-03-21,32.89,32.89,32.85,32.88,600,32.88
2011-03-18,32.55,32.55,32.22,32.23,23900,32.23
2011-03-17,32.32,32.32,32.12,32.17,4900,32.11
2011-03-16,32.24,32.38,32.10,32.10,1800,32.05
2011-03-15,31.81,32.42,31.81,32.42,2800,32.36
2011-03-14,32.57,32.57,32.44,32.44,600,32.38
2011-03-11,32.25,32.67,32.25,32.59,3300,32.53
2011-03-10,32.71,32.71,32.40,32.40,2000,32.34
2011-03-09,32.99,33.02,32.87,32.99,2200,32.93
2011-03-08,32.85,33.13,32.74,33.11,31000,33.05
2011-03-07,33.14,33.14,33.14,33.14,200,33.08
2011-03-04,33.30,33.30,32.95,33.05,82000,32.99
2011-03-03,33.19,33.34,33.19,33.31,2000,33.25
2011-03-02,32.78,32.78,32.78,32.78,200,32.72
2011-03-01,32.78,32.78,32.61,32.61,900,32.55
2011-02-28,33.22,33.22,33.17,33.17,2200,33.11
2011-02-25,32.78,33.01,32.78,33.01,8200,32.95
2011-02-24,32.60,32.60,32.53,32.60,400,32.54
2011-02-23,32.69,32.69,32.29,32.55,1900,32.49
2011-02-22,33.20,33.34,32.78,32.78,3900,32.72
2011-02-18,33.60,33.61,33.60,33.61,7500,33.55
2011-02-17,33.38,33.64,33.38,33.64,500,33.58
2011-02-16,33.33,33.42,33.32,33.38,900,33.32
2011-02-15,33.14,33.14,33.14,33.14,100,33.08
2011-02-14,33.13,33.23,33.13,33.23,400,33.17
2011-02-11,32.78,33.09,32.78,33.09,1600,33.03
2011-02-10,32.74,32.83,32.74,32.83,5600,32.77
2011-02-09,32.70,32.70,32.70,32.70,200,32.64
2011-02-08,32.71,32.79,32.71,32.79,2600,32.73
2011-02-07,32.66,32.77,32.66,32.72,4700,32.66
2011-02-04,32.43,32.47,32.28,32.47,2700,32.41
2011-02-03,32.30,32.30,32.09,32.09,600,32.04
2011-02-02,32.26,32.26,32.26,32.26,000,32.20
2011-02-01,32.19,32.26,32.19,32.26,700,32.20
2011-01-31,31.91,31.91,31.82,31.82,3300,31.77
2011-01-28,32.08,32.08,31.52,31.52,8000,31.47
2011-01-27,32.08,32.10,32.07,32.10,2900,32.05
2011-01-26,31.88,31.94,31.75,31.94,3700,31.89
2011-01-25,31.57,31.57,31.50,31.50,400,31.45
2011-01-24,31.61,31.68,31.61,31.67,6100,31.62
2011-01-21,31.55,31.55,31.40,31.42,52400,31.37
2011-01-20,31.54,31.55,31.38,31.38,1700,31.33
2011-01-19,31.83,31.83,31.83,31.83,000,31.78
2011-01-18,31.83,31.83,31.83,31.83,000,31.78
2011-01-14,31.83,31.83,31.83,31.83,200,31.78
2011-01-13,31.73,31.83,31.73,31.79,2000,31.74
2011-01-12,31.71,31.76,31.71,31.74,1800,31.69
2011-01-11,31.36,31.53,31.36,31.47,63800,31.42
2011-01-10,31.19,31.35,31.19,31.35,2900,31.30
2011-01-07,31.21,31.21,31.05,31.05,2100,31.00
2011-01-06,31.32,31.41,31.26,31.26,1000,31.21
2011-01-05,31.18,31.38,31.18,31.38,1900,31.33
2011-01-04,31.36,31.36,31.00,31.10,7300,31.05
2011-01-03,31.34,31.49,31.34,31.37,45300,31.32
2010-12-31,31.14,31.15,31.08,31.15,700,31.10
2010-12-30,31.16,31.16,31.16,31.16,1100,31.11
2010-12-29,31.10,31.10,31.10,31.10,500,31.05
2010-12-28,31.02,31.02,31.02,31.02,400,30.97
2010-12-27,30.91,30.92,30.91,30.92,3000,30.87
2010-12-23,31.08,31.08,31.08,31.08,600,31.03
2010-12-22,31.08,31.14,31.08,31.12,3600,31.07
2010-12-21,30.90,31.04,30.90,31.04,800,30.99
2010-12-20,30.80,30.80,30.63,30.63,1100,30.58
2010-12-17,30.30,30.30,30.30,30.30,000,30.25
2010-12-16,30.30,30.30,30.30,30.30,300,30.22
2010-12-15,30.48,30.58,30.40,30.40,54000,30.32
2010-12-14,30.60,30.60,30.60,30.60,1900,30.52
2010-12-13,30.58,30.58,30.55,30.55,800,30.47