2011-05-10,26.83,26.83,26.83,26.83,200,26.83
2011-05-09,26.37,26.47,26.37,26.43,900,26.43
2011-05-06,26.37,26.37,26.37,26.37,400,26.37
2011-05-05,26.43,26.43,26.43,26.43,100,26.43
2011-05-04,26.63,26.63,26.60,26.60,400,26.60
2011-05-03,26.67,26.67,26.67,26.67,400,26.67
2011-05-02,26.58,26.58,26.58,26.58,100,26.58
2011-04-29,26.41,26.43,26.37,26.37,1000,26.37
2011-04-28,26.34,26.39,26.27,26.37,1100,26.37
2011-04-27,26.18,26.19,26.04,26.19,500,26.19
2011-04-26,25.79,25.91,25.79,25.91,900,25.91
2011-04-25,25.68,25.68,25.68,25.68,000,25.68
2011-04-21,25.68,25.68,25.68,25.68,100,25.68
2011-04-20,25.51,25.55,25.51,25.55,700,25.55
2011-04-19,25.25,25.25,25.11,25.17,1500,25.17
2011-04-18,25.32,25.32,25.32,25.32,000,25.32
2011-04-15,25.32,25.32,25.32,25.32,000,25.32
2011-04-14,25.32,25.32,25.32,25.32,000,25.32
2011-04-13,25.32,25.32,25.32,25.32,000,25.32
2011-04-12,25.38,25.38,25.32,25.32,900,25.32
2011-04-11,25.52,25.52,25.52,25.52,000,25.52
2011-04-08,25.52,25.52,25.52,25.52,000,25.52
2011-04-07,25.52,25.52,25.52,25.52,000,25.52
2011-04-06,25.52,25.52,25.52,25.52,1000,25.52
2011-04-05,25.64,25.64,25.64,25.64,000,25.64
2011-04-04,25.59,25.64,25.59,25.64,600,25.64
2011-04-01,25.60,25.60,25.60,25.60,100,25.60
2011-03-31,25.44,25.52,24.01,25.51,36000,25.51
2011-03-30,25.35,25.35,25.35,25.35,900,25.35