2011-05-10,32.38,32.38,32.03,32.09,400,32.09
2011-05-09,32.11,32.11,32.11,32.11,000,32.11
2011-05-06,32.11,32.11,32.11,32.11,300,32.11
2011-05-05,32.37,32.37,32.37,32.37,000,32.37
2011-05-04,32.37,32.37,32.37,32.37,000,32.37
2011-05-03,32.37,32.37,32.37,32.37,000,32.37
2011-05-02,33.45,33.46,32.37,32.37,1100,32.37
2011-04-29,34.29,34.29,32.35,32.36,1100,32.36
2011-04-28,32.41,32.41,32.17,32.22,1700,32.22
2011-04-27,31.90,31.90,31.90,31.90,000,31.90
2011-04-26,32.16,32.16,31.90,31.90,200,31.90
2011-04-25,32.86,32.86,31.60,31.68,700,31.68
2011-04-21,31.76,31.77,31.76,31.77,2300,31.77
2011-04-20,31.02,31.02,31.02,31.02,000,31.02
2011-04-19,31.02,31.02,31.02,31.02,000,31.02
2011-04-18,31.38,31.38,30.11,31.02,2300,31.02
2011-04-15,31.01,31.01,31.01,31.01,000,31.01
2011-04-14,31.01,31.01,31.01,31.01,000,31.01
2011-04-13,31.01,31.01,31.01,31.01,000,31.01
2011-04-12,31.19,31.19,31.01,31.01,600,31.01
2011-04-11,31.56,31.56,31.56,31.56,000,31.56
2011-04-08,31.50,31.56,31.46,31.56,2000,31.56
2011-04-07,31.65,31.69,31.65,31.69,1400,31.69
2011-04-06,32.38,32.38,31.65,31.65,6800,31.65
2011-04-05,31.65,31.65,31.65,31.65,000,31.65
2011-04-04,31.62,31.65,31.62,31.65,400,31.65
2011-04-01,31.83,31.94,31.81,31.94,5000,31.94
2011-03-31,31.00,31.00,31.00,31.00,000,31.00
2011-03-30,31.00,31.00,31.00,31.00,000,31.00
2011-03-29,31.00,31.00,31.00,31.00,200,31.00
2011-03-28,31.37,31.37,31.04,31.08,1900,31.08
2011-03-25,31.30,31.30,31.30,31.30,600,31.30
2011-03-24,31.04,31.04,31.04,31.04,400,31.00
2011-03-23,30.78,30.78,30.78,30.78,000,30.74
2011-03-22,30.78,30.78,30.78,30.78,000,30.74
2011-03-21,30.70,30.79,30.70,30.78,600,30.74
2011-03-18,30.69,30.69,30.44,30.44,500,30.40
2011-03-17,30.18,30.18,30.18,30.18,200,30.14
2011-03-16,30.02,30.11,29.64,29.96,8200,29.93
2011-03-15,30.00,30.46,30.00,30.44,400,30.40
2011-03-14,30.71,30.71,30.71,30.71,000,30.67
2011-03-11,30.77,30.77,30.71,30.71,300,30.67
2011-03-10,30.67,30.67,30.67,30.67,100,30.63
2011-03-09,31.15,31.15,31.15,31.15,000,31.11
2011-03-08,31.15,31.15,31.15,31.15,000,31.11
2011-03-07,31.15,31.15,31.15,31.15,000,31.11
2011-03-04,31.15,31.15,31.15,31.15,200,31.11
2011-03-03,33.08,33.18,31.13,31.13,1000,31.09
2011-03-02,30.78,30.80,30.74,30.80,7200,30.76
2011-03-01,30.22,30.96,30.22,30.89,3600,30.85
2011-02-28,31.23,31.23,31.23,31.23,300,31.19
2011-02-25,31.05,31.05,31.05,31.05,100,31.01
2011-02-24,30.90,30.90,30.84,30.84,500,30.80
2011-02-23,30.61,30.61,30.61,30.61,200,30.57
2011-02-22,31.70,31.70,31.19,31.19,800,31.15
2011-02-18,31.80,31.80,31.80,31.80,000,31.76
2011-02-17,31.51,31.80,31.51,31.80,1400,31.76
2011-02-16,31.50,31.50,31.50,31.50,1200,31.46
2011-02-15,31.99,31.99,31.37,31.49,3000,31.45
2011-02-14,32.96,32.96,31.44,31.44,2100,31.40
2011-02-11,31.19,31.19,31.19,31.19,000,31.15
2011-02-10,31.19,31.19,31.19,31.19,600,31.15
2011-02-09,30.63,30.63,30.63,30.63,000,30.59
2011-02-08,30.63,30.63,30.63,30.63,000,30.59
2011-02-07,30.63,30.63,30.63,30.63,000,30.59
2011-02-04,30.63,30.63,30.63,30.63,000,30.59
2011-02-03,30.63,30.63,30.63,30.63,000,30.59
2011-02-02,30.27,30.68,30.27,30.63,1400,30.59
2011-02-01,28.98,28.98,28.98,28.98,000,28.95
2011-01-31,28.98,28.98,28.98,28.98,300,28.95
2011-01-28,31.00,31.00,30.32,30.32,6700,30.28
2011-01-27,30.37,30.37,30.36,30.36,1700,30.32
2011-01-26,30.19,30.19,30.19,30.19,000,30.15
2011-01-25,30.07,30.19,30.07,30.19,900,30.15
2011-01-24,30.22,30.22,30.22,30.22,000,30.18
2011-01-21,30.54,30.54,30.22,30.22,6200,30.18
2011-01-20,29.95,29.95,29.95,29.95,200,29.92
2011-01-19,30.26,30.26,30.26,30.26,800,30.22
2011-01-18,30.49,30.49,30.47,30.47,600,30.43
2011-01-14,30.20,30.24,30.20,30.24,600,30.20
2011-01-13,30.24,30.24,30.20,30.20,1500,30.16
2011-01-12,29.98,29.98,29.98,29.98,000,29.95
2011-01-11,29.98,29.98,29.98,29.98,2200,29.95
2011-01-10,29.74,29.74,29.74,29.74,000,29.71
2011-01-07,29.74,29.74,29.74,29.74,200,29.71
2011-01-06,30.12,30.12,29.84,29.86,900,29.83
2011-01-05,29.57,29.57,29.57,29.57,000,29.54
2011-01-04,29.57,29.57,29.57,29.57,000,29.54
2011-01-03,29.57,29.57,29.57,29.57,000,29.54
2010-12-31,29.57,29.57,29.57,29.57,000,29.54
2010-12-30,29.58,29.65,29.57,29.57,3700,29.54
2010-12-29,29.67,29.67,29.67,29.67,000,29.64
2010-12-28,29.64,29.67,29.61,29.67,600,29.64
2010-12-27,29.99,29.99,29.99,29.99,000,29.59
2010-12-23,30.01,30.01,29.99,29.99,300,29.59
2010-12-22,30.09,30.11,30.09,30.11,500,29.71
2010-12-21,29.72,29.72,29.72,29.72,000,29.32
2010-12-20,29.72,29.72,29.72,29.72,000,29.32
2010-12-17,29.72,29.72,29.72,29.72,000,29.32
2010-12-16,29.72,29.72,29.72,29.72,000,29.32
2010-12-15,29.72,29.72,29.72,29.72,000,29.32
2010-12-14,29.74,29.74,29.71,29.72,1700,29.32
2010-12-13,29.65,29.65,29.65,29.65,000,29.26
2010-12-10,29.56,29.67,29.54,29.65,2800,29.26
2010-12-09,29.41,29.41,29.41,29.41,000,29.02
2010-12-08,29.34,29.42,29.34,29.41,1200,29.02
2010-12-07,29.05,29.05,29.05,29.05,000,28.66
2010-12-06,29.05,29.05,29.05,29.05,000,28.66
2010-12-03,29.05,29.05,29.05,29.05,000,28.66
2010-12-02,29.05,29.05,29.05,29.05,400,28.66
2010-12-01,28.72,28.89,28.72,28.89,600,28.51
2010-11-30,28.26,28.32,28.23,28.32,600,27.94
2010-11-29,28.19,28.19,28.19,28.19,200,27.81
2010-11-26,28.56,28.56,28.56,28.56,100,28.18
2010-11-24,28.62,28.62,28.62,28.62,200,28.24
2010-11-23,28.48,28.48,28.48,28.48,100,28.10
2010-11-22,28.61,28.61,28.61,28.61,000,28.23
2010-11-19,28.61,28.61,28.61,28.61,100,28.23
2010-11-18,28.10,28.10,28.10,28.10,000,27.73
2010-11-17,28.10,28.10,28.10,28.10,300,27.73
2010-11-16,28.42,28.42,28.42,28.42,300,28.04
2010-11-15,28.71,28.71,28.71,28.71,200,28.33
2010-11-12,28.43,28.43,28.43,28.43,400,28.05
2010-11-11,28.77,28.77,28.77,28.77,400,28.39
2010-11-10,29.90,29.90,29.90,29.90,500,29.50
2010-11-09,28.90,28.90,28.90,28.90,000,28.52
2010-11-08,28.90,28.90,28.90,28.90,000,28.52
2010-11-05,28.89,28.90,28.89,28.90,1800,28.52
2010-11-04,28.70,28.70,28.64,28.64,12000,28.26
2010-11-03,28.43,29.33,28.36,28.36,12600,27.98
2010-11-02,28.40,28.40,28.40,28.40,2000,28.02
2010-11-01,28.19,28.19,28.19,28.19,000,27.81
2010-10-29,28.17,28.19,28.14,28.19,900,27.81
2010-10-28,28.35,28.35,28.35,28.35,000,27.97
2010-10-27,28.35,28.35,28.35,28.35,000,27.97
2010-10-26,28.35,28.35,28.35,28.35,000,27.97
2010-10-25,28.43,28.43,28.35,28.35,500,27.97
2010-10-22,28.32,28.32,28.32,28.32,700,27.94
2010-10-21,28.33,28.33,28.33,28.33,000,27.95
2010-10-20,28.33,28.33,28.33,28.33,000,27.95
2010-10-19,28.33,28.33,28.33,28.33,000,27.95
2010-10-18,28.06,28.36,28.06,28.33,1900,27.95
2010-10-15,28.14,28.14,28.00,28.10,2000,27.73
2010-10-14,27.51,27.51,27.51,27.51,000,27.14
2010-10-13,27.51,27.51,27.51,27.51,000,27.14
2010-10-12,27.51,27.51,27.51,27.51,200,27.14
2010-10-11,27.31,27.31,27.31,27.31,000,26.95
2010-10-08,27.31,27.31,27.31,27.31,000,26.95
2010-10-07,27.31,27.31,27.31,27.31,100,26.95
2010-10-06,27.22,27.22,27.22,27.22,800,26.86
2010-10-05,27.03,27.03,27.03,27.03,000,26.67
2010-10-04,27.03,27.03,27.03,27.03,000,26.67
2010-10-01,27.03,27.03,27.03,27.03,400,26.67
2010-09-30,27.10,27.25,27.02,27.15,1100,26.79
2010-09-29,27.01,27.01,27.01,27.01,000,26.65
2010-09-28,27.01,27.01,27.01,27.01,300,26.65
2010-09-27,27.15,27.15,27.15,27.15,2200,26.79
2010-09-24,27.19,27.19,27.19,27.19,1000,26.78
2010-09-23,26.74,26.74,26.74,26.74,000,26.34
2010-09-22,26.74,26.74,26.74,26.74,000,26.34
2010-09-21,26.74,26.74,26.74,26.74,000,26.34
2010-09-20,26.74,26.74,26.74,26.74,000,26.34
2010-09-17,26.70,26.74,26.70,26.74,1400,26.34
2010-09-16,26.53,26.53,26.53,26.53,300,26.13
2010-09-15,26.55,26.55,26.55,26.55,500,26.15
2010-09-14,26.55,26.64,26.55,26.63,800,26.23
2010-09-13,26.09,26.09,26.09,26.09,000,25.70
2010-09-10,26.09,26.09,26.09,26.09,000,25.70
2010-09-09,26.09,26.09,26.09,26.09,000,25.70
2010-09-08,25.99,26.09,25.98,26.09,2700,25.70
2010-09-07,25.41,25.41,25.41,25.41,000,25.03
2010-09-03,25.41,25.41,25.41,25.41,000,25.03
2010-09-02,25.41,25.41,25.41,25.41,000,25.03
2010-09-01,25.54,25.54,25.41,25.41,2700,25.03
2010-08-31,24.95,24.95,24.95,24.95,000,24.58
2010-08-30,24.95,24.95,24.95,24.95,000,24.58
2010-08-27,24.95,24.95,24.95,24.95,000,24.58
2010-08-26,24.95,24.95,24.95,24.95,2000,24.58
2010-08-25,25.00,25.00,25.00,25.00,200,24.63
2010-08-24,25.32,25.32,25.32,25.32,000,24.94
2010-08-23,25.32,25.32,25.32,25.32,200,24.94
2010-08-20,25.41,25.41,25.41,25.41,000,25.03
2010-08-19,25.41,25.41,25.41,25.41,1200,25.03
2010-08-18,25.60,25.60,25.60,25.60,000,25.22
2010-08-17,25.60,25.60,25.60,25.60,100,25.22
2010-08-16,25.40,25.40,25.40,25.40,000,25.02
2010-08-13,25.73,25.73,25.40,25.40,500,25.02
2010-08-12,26.57,26.57,26.57,26.57,000,26.17
2010-08-11,26.57,26.57,26.57,26.57,000,26.17
2010-08-10,26.57,26.57,26.57,26.57,000,26.17
2010-08-09,26.57,26.57,26.57,26.57,100,26.17
2010-08-06,26.66,26.66,26.66,26.66,000,26.26
2010-08-05,26.66,26.66,26.52,26.66,600,26.26
2010-08-04,26.51,26.51,26.51,26.51,100,26.11
2010-08-03,26.60,26.60,26.60,26.60,000,26.20
2010-08-02,26.60,26.60,26.60,26.60,100,26.20
2010-07-30,26.36,26.36,26.36,26.36,000,25.96
2010-07-29,26.36,26.36,26.36,26.36,000,25.96
2010-07-28,26.36,26.36,26.36,26.36,100,25.96
2010-07-27,26.62,26.62,26.62,26.62,000,26.22
2010-07-26,26.40,26.62,26.40,26.62,1000,26.22
2010-07-23,26.14,26.14,26.14,26.14,000,25.75
2010-07-22,26.14,26.14,26.14,26.14,200,25.75
2010-07-21,25.36,25.36,25.36,25.36,000,24.98
2010-07-20,25.36,25.36,25.36,25.36,000,24.98
2010-07-19,25.26,25.38,25.25,25.36,10200,24.98
2010-07-16,25.40,25.40,25.40,25.40,7000,25.02
2010-07-15,25.99,25.99,25.99,25.99,300,25.60
2010-07-14,25.55,25.55,25.55,25.55,000,25.17
2010-07-13,25.55,25.55,25.55,25.55,000,25.17
2010-07-12,25.55,25.55,25.55,25.55,000,25.17
2010-07-09,25.55,25.55,25.55,25.55,200,25.17
2010-07-08,24.87,24.87,24.87,24.87,000,24.50
2010-07-07,24.87,24.87,24.87,24.87,000,24.50
2010-07-06,24.87,24.87,24.87,24.87,000,24.50
2010-07-02,24.87,24.87,24.87,24.87,000,24.50
2010-07-01,24.87,24.87,24.87,24.87,000,24.50
2010-06-30,24.92,24.93,24.87,24.87,3200,24.50
2010-06-29,25.14,25.14,25.02,25.02,400,24.65
2010-06-28,25.58,25.58,25.58,25.58,000,25.20
2010-06-25,25.58,25.58,25.58,25.58,000,25.20
2010-06-24,25.58,25.58,25.58,25.58,100,25.15
2010-06-23,26.95,26.95,26.95,26.95,000,26.50
2010-06-22,26.95,26.95,26.95,26.95,000,26.50
2010-06-21,26.95,26.95,26.95,26.95,000,26.50
2010-06-18,26.99,26.99,26.95,26.95,3700,26.50
2010-06-17,26.83,26.83,26.83,26.83,000,26.38
2010-06-16,26.83,26.83,26.83,26.83,300,26.38
2010-06-15,26.69,26.79,26.69,26.79,4800,26.34
2010-06-14,25.72,25.72,25.72,25.72,000,25.29
2010-06-11,25.72,25.72,25.72,25.72,000,25.29
2010-06-10,25.72,25.72,25.72,25.72,000,25.29
2010-06-09,25.72,25.72,25.72,25.72,100,25.29
2010-06-08,26.18,26.18,26.18,26.18,000,25.74
2010-06-07,26.18,26.18,26.18,26.18,000,25.74
2010-06-04,26.60,26.60,26.18,26.18,700,25.74
2010-06-03,26.60,26.60,26.57,26.57,900,26.12
2010-06-02,25.99,25.99,25.99,25.99,000,25.55
2010-06-01,25.99,25.99,25.99,25.99,1000,25.55
2010-05-28,26.13,26.13,26.13,26.13,000,25.69
2010-05-27,26.13,26.13,26.13,26.13,500,25.69
2010-05-26,26.06,26.06,25.85,25.90,1100,25.46
2010-05-25,25.39,25.39,25.39,25.39,2000,24.96
2010-05-24,25.70,25.70,25.70,25.70,000,25.27
2010-05-21,25.42,25.70,25.34,25.70,1600,25.27
2010-05-20,26.02,26.02,26.02,26.02,2700,25.58
2010-05-19,26.61,26.61,26.61,26.61,500,26.16
2010-05-18,27.20,27.20,27.20,27.20,400,26.74
2010-05-17,27.01,27.01,27.01,27.01,000,26.56
2010-05-14,27.01,27.01,27.01,27.01,1000,26.56
2010-05-13,27.55,27.55,27.55,27.55,000,27.09
2010-05-12,27.55,27.55,27.55,27.55,000,27.09
2010-05-11,27.55,27.55,27.55,27.55,100,27.09
2010-05-10,27.50,27.50,27.50,27.50,400,27.04
2010-05-07,26.83,26.83,26.40,26.40,1600,25.96
2010-05-06,27.33,27.33,26.96,26.96,800,26.51
2010-05-05,27.74,27.74,27.74,27.74,100,27.27
2010-05-04,28.39,28.39,28.39,28.39,000,27.91
2010-05-03,28.39,28.39,28.39,28.39,000,27.91
2010-04-30,28.39,28.39,28.39,28.39,400,27.91
2010-04-29,28.59,28.59,28.59,28.59,2800,28.11
2010-04-28,28.07,28.22,28.07,28.22,2600,27.74
2010-04-27,28.54,28.55,28.50,28.50,300,28.02
2010-04-26,28.69,28.69,28.69,28.69,000,28.21
2010-04-23,28.69,28.69,28.69,28.69,200,28.21
2010-04-22,28.51,28.51,28.51,28.51,400,28.03
2010-04-21,28.37,28.37,28.37,28.37,000,27.89
2010-04-20,28.37,28.37,28.37,28.37,5000,27.89
2010-04-19,28.05,28.05,28.05,28.05,3100,27.58
2010-04-16,28.33,28.33,28.33,28.33,3100,27.85
2010-04-15,28.26,28.26,28.26,28.26,000,27.78
2010-04-14,28.26,28.26,28.26,28.26,300,27.78
2010-04-13,28.08,28.08,28.08,28.08,3400,27.61
2010-04-12,28.16,28.16,28.14,28.14,400,27.67
2010-04-09,27.87,27.87,27.87,27.87,000,27.40
2010-04-08,27.87,27.87,27.87,27.87,000,27.40
2010-04-07,27.87,27.87,27.87,27.87,200,27.40
2010-04-06,27.98,27.98,27.97,27.97,1800,27.50
2010-04-05,27.58,27.58,27.58,27.58,000,27.12
2010-04-01,27.58,27.58,27.58,27.58,000,27.12
2010-03-31,27.58,27.58,27.58,27.58,000,27.12
2010-03-30,27.58,27.58,27.58,27.58,000,27.12
2010-03-29,27.58,27.58,27.58,27.58,000,27.12
2010-03-26,27.58,27.58,27.58,27.58,000,27.12
2010-03-25,27.62,27.62,27.52,27.58,6000,27.09
2010-03-24,27.53,27.57,27.47,27.54,28300,27.05
2010-03-23,27.44,27.54,27.40,27.54,21000,27.05
2010-03-22,27.30,27.48,27.30,27.48,12000,26.99
2010-03-19,27.54,27.54,27.54,27.54,1000,27.05
2010-03-18,27.62,27.62,27.62,27.62,000,27.12
2010-03-17,27.62,27.62,27.62,27.62,100,27.12
2010-03-16,27.31,27.31,27.31,27.31,300,26.82
2010-03-15,27.07,27.07,27.04,27.06,300,26.57
2010-03-12,27.16,27.19,27.08,27.15,5400,26.66
2010-03-11,27.08,27.08,27.04,27.04,400,26.55
2010-03-10,26.92,26.92,26.92,26.92,000,26.44
2010-03-09,26.88,26.92,26.88,26.92,500,26.44
2010-03-08,26.92,26.92,26.87,26.87,2400,26.39
2010-03-05,26.82,26.82,26.82,26.82,100,26.34
2010-03-04,26.44,26.44,26.44,26.44,1000,25.97
2010-03-03,26.67,26.67,26.44,26.46,1200,25.99
2010-03-02,26.46,26.46,26.44,26.44,200,25.97
2010-03-01,26.43,26.44,26.43,26.44,200,25.97
2010-02-26,25.76,25.76,25.76,25.76,000,25.30
2010-02-25,25.76,25.76,25.76,25.76,200,25.30
2010-02-24,25.92,25.92,25.92,25.92,000,25.46
2010-02-23,25.92,25.92,25.92,25.92,100,25.46
2010-02-22,26.17,26.17,26.17,26.17,300,25.70
2010-02-19,25.88,25.88,25.88,25.88,000,25.42
2010-02-18,25.88,25.88,25.88,25.88,000,25.42
2010-02-17,25.96,25.96,25.88,25.88,1400,25.42
2010-02-16,25.10,25.10,25.10,25.10,000,24.65
2010-02-12,25.10,25.10,25.10,25.10,100,24.65
2010-02-11,25.12,25.12,25.12,25.12,000,24.67
2010-02-10,25.12,25.12,25.12,25.12,000,24.67
2010-02-09,25.11,25.12,25.11,25.12,1500,24.67
2010-02-08,24.83,24.83,24.83,24.83,000,24.38
2010-02-05,24.83,24.83,24.83,24.83,400,24.38
2010-02-04,25.24,25.24,24.98,24.98,3000,24.53
2010-02-03,25.77,25.77,25.75,25.75,300,25.29
2010-02-02,25.69,25.69,25.69,25.69,1200,25.23
2010-02-01,25.45,25.45,25.45,25.45,200,24.99
2010-01-29,25.43,25.43,25.43,25.43,000,24.97
2010-01-28,25.53,25.53,25.33,25.43,1700,24.97
2010-01-27,25.50,25.50,25.48,25.48,400,25.02
2010-01-26,25.76,25.76,25.76,25.76,200,25.30
2010-01-25,25.88,25.88,25.88,25.88,3000,25.42
2010-01-22,26.15,26.21,26.13,26.21,1200,25.74
2010-01-21,26.33,26.36,26.33,26.36,5300,25.89
2010-01-20,26.50,26.51,26.50,26.51,300,26.03
2010-01-19,26.71,26.76,26.71,26.76,3000,26.28
2010-01-15,26.47,26.50,26.44,26.50,1900,26.02
2010-01-14,26.74,26.74,26.74,26.74,2100,26.26
2010-01-13,26.48,26.57,26.46,26.57,1000,26.09
2010-01-12,26.54,26.54,26.43,26.43,1600,25.96
2010-01-11,26.57,26.57,26.57,26.57,000,26.09
2010-01-08,26.57,26.57,26.57,26.57,100,26.09
2010-01-07,26.41,26.41,26.41,26.41,000,25.94
2010-01-06,26.41,26.41,26.41,26.41,000,25.94
2010-01-05,26.41,26.41,26.41,26.41,200,25.94
2010-01-04,26.28,26.30,26.28,26.30,800,25.83
2009-12-31,26.22,26.22,26.22,26.22,000,25.75
2009-12-30,26.24,26.24,26.19,26.22,700,25.75
2009-12-29,26.25,26.25,26.25,26.25,000,25.78
2009-12-28,26.30,26.30,26.25,26.25,400,25.75
2009-12-24,26.07,26.07,26.07,26.07,000,25.58
2009-12-23,26.07,26.07,26.07,26.07,000,25.58
2009-12-22,26.05,26.07,26.04,26.07,5300,25.58
2009-12-21,25.94,25.98,25.90,25.98,800,25.49
2009-12-18,25.80,25.80,25.77,25.77,600,25.28
2009-12-17,25.63,25.63,25.49,25.49,1400,25.01
2009-12-16,25.83,25.88,25.78,25.78,1500,25.29
2009-12-15,25.70,25.70,25.69,25.69,700,25.20
2009-12-14,25.59,25.80,25.59,25.80,6800,25.31
2009-12-11,25.39,25.45,25.39,25.45,600,24.97
2009-12-10,25.32,25.32,25.32,25.32,800,24.84
2009-12-09,25.12,25.12,24.95,24.95,10200,24.48