2011-05-10,25.20,25.20,25.20,25.20,000,25.20
2011-05-09,25.20,25.20,25.20,25.20,000,25.20
2011-05-06,25.20,25.20,25.20,25.20,000,25.20
2011-05-05,25.20,25.20,25.20,25.20,000,25.20
2011-05-04,25.44,25.66,25.20,25.20,4200,25.20
2011-05-03,25.83,25.83,25.83,25.83,000,25.83
2011-05-02,25.76,25.83,25.76,25.83,300,25.83
2011-04-29,24.89,24.89,24.89,24.89,000,24.89
2011-04-28,24.89,24.89,24.89,24.89,100,24.89
2011-04-27,24.88,24.88,24.88,24.88,000,24.88
2011-04-26,25.07,25.07,24.88,24.88,400,24.88
2011-04-25,25.01,25.01,25.01,25.01,000,25.01
2011-04-21,25.01,25.01,25.01,25.01,000,25.01
2011-04-20,24.64,25.01,24.64,25.01,200,25.01
2011-04-19,24.82,24.82,24.82,24.82,000,24.82
2011-04-18,24.82,24.82,24.82,24.82,000,24.82
2011-04-15,24.82,24.82,24.82,24.82,000,24.82
2011-04-14,24.82,24.82,24.82,24.82,000,24.82
2011-04-13,24.82,24.82,24.82,24.82,200,24.82
2011-04-12,24.47,24.47,24.47,24.47,000,24.47
2011-04-11,24.55,24.55,24.47,24.47,200,24.47
2011-04-08,24.99,24.99,24.99,24.99,000,24.99
2011-04-07,24.99,24.99,24.99,24.99,000,24.99
2011-04-06,24.99,24.99,24.99,24.99,000,24.99
2011-04-05,24.99,24.99,24.99,24.99,000,24.99
2011-04-04,24.99,24.99,24.99,24.99,000,24.99
2011-04-01,24.99,24.99,24.99,24.99,000,24.99
2011-03-31,24.99,24.99,24.99,24.99,100,24.99
2011-03-30,24.86,24.86,24.86,24.86,000,24.86
2011-03-29,24.79,24.86,24.79,24.86,300,24.86
2011-03-28,25.23,25.23,25.23,25.23,000,25.23
2011-03-25,25.23,25.23,25.23,25.23,300,25.23
2011-03-24,25.40,25.56,25.34,25.53,1900,25.53
2011-03-23,25.48,25.48,25.48,25.48,000,25.48
2011-03-22,25.47,25.48,25.47,25.48,300,25.48
2011-03-21,25.20,25.44,25.20,25.36,600,25.36
2011-03-18,24.55,24.56,24.16,24.16,1600,24.16
2011-03-17,23.25,23.25,23.25,23.25,000,23.25
2011-03-16,23.24,23.25,23.24,23.25,1800,23.25
2011-03-15,23.49,24.19,23.49,24.19,500,24.19
2011-03-14,24.68,24.68,23.85,24.28,13100,24.28
2011-03-11,27.10,27.10,27.10,27.10,000,27.10
2011-03-10,27.10,27.10,27.10,27.10,000,27.10
2011-03-09,27.10,27.10,27.10,27.10,200,27.10
2011-03-08,27.63,27.63,27.63,27.63,000,27.63
2011-03-07,27.63,27.63,27.63,27.63,000,27.63
2011-03-04,27.63,27.63,27.63,27.63,000,27.63
2011-03-03,27.63,27.63,27.63,27.63,000,27.63
2011-03-02,27.63,27.63,27.63,27.63,300,27.63
2011-03-01,27.40,27.40,27.40,27.40,000,27.40
2011-02-28,27.40,27.40,27.40,27.40,000,27.40
2011-02-25,27.40,27.40,27.40,27.40,000,27.40
2011-02-24,27.40,27.40,27.40,27.40,000,27.40
2011-02-23,27.40,27.40,27.40,27.40,000,27.40
2011-02-22,27.40,27.40,27.40,27.40,000,27.40
2011-02-18,27.40,27.40,27.40,27.40,200,27.40
2011-02-17,27.40,27.40,27.40,27.40,500,27.40
2011-02-16,26.88,27.39,26.88,27.39,400,27.39
2011-02-15,27.02,27.02,27.02,27.02,000,27.02
2011-02-14,27.02,27.02,27.02,27.02,000,27.02
2011-02-11,27.02,27.02,27.02,27.02,000,27.02
2011-02-10,27.02,27.02,27.02,27.02,000,27.02
2011-02-09,27.02,27.02,27.02,27.02,200,27.02
2011-02-08,27.18,27.18,27.18,27.18,000,27.18
2011-02-07,27.18,27.18,27.18,27.18,000,27.18
2011-02-04,26.69,27.18,26.69,27.18,600,27.18
2011-02-03,27.25,27.25,27.25,27.25,000,27.25
2011-02-02,27.25,27.25,27.25,27.25,200,27.25
2011-02-01,26.33,26.33,26.33,26.33,100,26.33
2011-01-31,26.04,26.04,26.04,26.04,100,26.04
2011-01-28,27.46,27.46,27.46,27.46,000,27.46
2011-01-27,27.46,27.46,27.46,27.46,000,27.46
2011-01-26,27.46,27.46,27.46,27.46,100,27.46
2011-01-25,27.19,27.19,27.19,27.19,100,27.19
2011-01-24,26.75,26.75,26.75,26.75,400,26.75
2011-01-21,27.44,27.44,27.44,27.44,000,27.44
2011-01-20,27.44,27.44,27.44,27.44,000,27.44
2011-01-19,27.44,27.44,27.44,27.44,400,27.44
2011-01-18,27.60,27.60,27.60,27.60,100,27.60
2011-01-14,27.45,27.60,27.45,27.60,800,27.60
2011-01-13,27.68,27.68,27.62,27.62,500,27.62
2011-01-12,27.52,27.52,27.51,27.51,1000,27.51
2011-01-11,26.99,26.99,26.99,26.99,100,26.99
2011-01-10,26.85,26.85,26.85,26.85,1000,26.85
2011-01-07,26.89,26.89,26.89,26.89,000,26.89
2011-01-06,26.89,26.89,26.89,26.89,000,26.89
2011-01-05,26.57,26.89,26.57,26.89,600,26.89
2011-01-04,26.95,26.95,26.95,26.95,000,26.95
2011-01-03,26.95,26.95,26.95,26.95,600,26.95
2010-12-31,26.17,26.17,26.17,26.17,000,26.17
2010-12-30,26.17,26.17,26.17,26.17,000,26.17
2010-12-29,26.17,26.17,26.17,26.17,000,26.17
2010-12-28,26.17,26.17,26.17,26.17,000,26.17
2010-12-27,26.17,26.17,26.17,26.17,000,26.17
2010-12-23,26.17,26.17,26.17,26.17,100,26.17
2010-12-22,25.82,25.82,25.82,25.82,000,25.82
2010-12-21,25.82,25.82,25.82,25.82,700,25.82
2010-12-20,26.10,26.10,26.10,26.10,000,25.72
2010-12-17,26.10,26.10,26.10,26.10,000,25.72
2010-12-16,25.86,26.10,25.86,26.10,1500,25.72
2010-12-15,25.32,25.32,25.32,25.32,000,24.95
2010-12-14,25.32,25.32,25.32,25.32,000,24.95
2010-12-13,25.32,25.32,25.32,25.32,000,24.95
2010-12-10,25.32,25.32,25.32,25.32,000,24.95
2010-12-09,25.32,25.32,25.32,25.32,000,24.95
2010-12-08,25.32,25.32,25.32,25.32,100,24.95
2010-12-07,25.32,25.32,25.32,25.32,000,24.95
2010-12-06,25.32,25.32,25.32,25.32,000,24.95
2010-12-03,25.32,25.32,25.32,25.32,000,24.95
2010-12-02,25.32,25.32,25.32,25.32,000,24.95
2010-12-01,25.32,25.32,25.32,25.32,300,24.95
2010-11-30,24.89,24.89,24.89,24.89,000,24.53
2010-11-29,24.89,24.89,24.89,24.89,000,24.53
2010-11-26,24.89,24.89,24.89,24.89,000,24.53
2010-11-24,24.89,24.89,24.89,24.89,000,24.53
2010-11-23,24.79,24.89,24.63,24.89,400,24.53
2010-11-22,25.42,25.42,25.40,25.40,400,25.03
2010-11-19,25.84,25.91,25.70,25.91,1100,25.53
2010-11-18,24.92,24.92,24.92,24.92,000,24.56
2010-11-17,24.92,24.92,24.92,24.92,000,24.56
2010-11-16,25.13,25.16,24.92,24.92,1200,24.56
2010-11-15,25.62,25.62,25.62,25.62,000,25.25
2010-11-12,25.62,25.62,25.62,25.62,2500,25.25
2010-11-11,25.83,27.49,25.83,25.93,8700,25.55
2010-11-10,25.84,25.84,25.84,25.84,100,25.47
2010-11-09,25.62,25.62,25.62,25.62,1300,25.25
2010-11-08,24.99,24.99,24.99,24.99,000,24.63
2010-11-05,24.99,24.99,24.99,24.99,000,24.63
2010-11-04,24.99,24.99,24.99,24.99,000,24.63
2010-11-03,24.89,24.99,24.89,24.99,600,24.63
2010-11-02,25.13,25.13,25.13,25.13,000,24.77
2010-11-01,25.13,25.13,25.13,25.13,000,24.77
2010-10-29,25.13,25.13,25.13,25.13,000,24.77
2010-10-28,25.13,25.13,25.13,25.13,000,24.77
2010-10-27,25.13,25.13,25.13,25.13,000,24.77
2010-10-26,25.13,25.13,25.13,25.13,000,24.77
2010-10-25,25.13,25.13,25.13,25.13,000,24.77
2010-10-22,25.13,25.13,25.13,25.13,400,24.77
2010-10-21,25.25,25.25,25.25,25.25,000,24.88
2010-10-20,25.25,25.25,25.25,25.25,000,24.88
2010-10-19,25.25,25.25,25.25,25.25,000,24.88
2010-10-18,25.25,25.25,25.25,25.25,900,24.88
2010-10-15,25.46,25.46,25.46,25.46,000,25.09
2010-10-14,25.50,25.50,25.46,25.46,9000,25.09
2010-10-13,25.52,25.52,25.52,25.52,000,25.15
2010-10-12,25.52,25.52,25.52,25.52,000,25.15
2010-10-11,25.52,25.52,25.52,25.52,1200,25.15
2010-10-08,24.27,24.27,24.27,24.27,000,23.92
2010-10-07,24.27,24.27,24.27,24.27,000,23.92
2010-10-06,24.27,24.27,24.27,24.27,000,23.92
2010-10-05,24.27,24.27,24.27,24.27,000,23.92
2010-10-04,24.27,24.27,24.27,24.27,000,23.92
2010-10-01,24.27,24.27,24.27,24.27,000,23.92
2010-09-30,24.27,24.27,24.27,24.27,000,23.92
2010-09-29,24.27,24.27,24.27,24.27,100,23.92
2010-09-28,22.95,22.95,22.95,22.95,000,22.62
2010-09-27,22.95,22.95,22.95,22.95,000,22.62
2010-09-24,22.95,22.95,22.95,22.95,000,22.62
2010-09-23,22.95,22.95,22.95,22.95,000,22.62
2010-09-22,22.95,22.95,22.95,22.95,000,22.62
2010-09-21,22.95,22.95,22.95,22.95,000,22.62
2010-09-20,22.95,22.95,22.95,22.95,000,22.62
2010-09-17,22.95,22.95,22.95,22.95,000,22.62
2010-09-16,22.95,22.95,22.95,22.95,000,22.62
2010-09-15,22.95,22.95,22.95,22.95,000,22.62
2010-09-14,22.95,22.95,22.95,22.95,000,22.62
2010-09-13,22.95,22.95,22.95,22.95,000,22.62
2010-09-10,22.95,22.95,22.95,22.95,000,22.62
2010-09-09,22.95,22.95,22.95,22.95,000,22.62
2010-09-08,22.95,22.95,22.95,22.95,000,22.62
2010-09-07,22.95,22.95,22.95,22.95,000,22.62
2010-09-03,22.95,22.95,22.95,22.95,000,22.62
2010-09-02,22.95,22.95,22.95,22.95,000,22.62
2010-09-01,22.95,22.95,22.95,22.95,000,22.62
2010-08-31,22.95,22.95,22.95,22.95,000,22.62
2010-08-30,22.95,22.95,22.95,22.95,000,22.62
2010-08-27,22.95,22.95,22.95,22.95,000,22.62
2010-08-26,22.95,22.95,22.95,22.95,000,22.62
2010-08-25,22.95,22.95,22.95,22.95,000,22.62
2010-08-24,22.95,22.95,22.95,22.95,500,22.62
2010-08-23,23.24,23.24,23.24,23.24,000,22.90
2010-08-20,23.24,23.24,23.24,23.24,000,22.90
2010-08-19,23.24,23.24,23.24,23.24,000,22.90
2010-08-18,23.24,23.24,23.24,23.24,000,22.90
2010-08-17,23.22,23.24,23.21,23.24,7500,22.90
2010-08-16,23.51,23.51,23.51,23.51,000,23.17
2010-08-13,23.51,23.51,23.51,23.51,000,23.17
2010-08-12,23.51,23.51,23.51,23.51,000,23.17
2010-08-11,23.51,23.51,23.51,23.51,000,23.17
2010-08-10,23.51,23.51,23.51,23.51,000,23.17
2010-08-09,23.51,23.51,23.51,23.51,000,23.17
2010-08-06,23.51,23.51,23.51,23.51,000,23.17
2010-08-05,23.51,23.51,23.51,23.51,500,23.17
2010-08-04,23.46,23.46,23.46,23.46,000,23.12
2010-08-03,23.46,23.46,23.46,23.46,400,23.12
2010-08-02,22.33,22.33,22.33,22.33,000,22.01
2010-07-30,22.33,22.33,22.33,22.33,000,22.01
2010-07-29,22.33,22.33,22.33,22.33,000,22.01
2010-07-28,22.33,22.33,22.33,22.33,000,22.01
2010-07-27,22.33,22.33,22.33,22.33,000,22.01
2010-07-26,22.33,22.33,22.33,22.33,000,22.01
2010-07-23,22.33,22.33,22.33,22.33,000,22.01
2010-07-22,22.33,22.33,22.33,22.33,000,22.01
2010-07-21,22.33,22.33,22.33,22.33,000,22.01
2010-07-20,22.33,22.33,22.33,22.33,000,22.01
2010-07-19,22.33,22.33,22.33,22.33,200,22.01
2010-07-16,22.41,22.41,22.41,22.41,000,22.09
2010-07-15,22.41,22.41,22.41,22.41,300,22.09
2010-07-14,22.60,22.60,22.60,22.60,000,22.27
2010-07-13,22.60,22.60,22.60,22.60,000,22.27
2010-07-12,22.60,22.60,22.60,22.60,000,22.27
2010-07-09,22.60,22.60,22.60,22.60,000,22.27
2010-07-08,22.60,22.60,22.60,22.60,000,22.27
2010-07-07,22.60,22.60,22.60,22.60,000,22.27
2010-07-06,22.60,22.60,22.60,22.60,000,22.27
2010-07-02,22.60,22.60,22.60,22.60,000,22.27
2010-07-01,22.60,22.60,22.60,22.60,000,22.27
2010-06-30,22.60,22.60,22.60,22.60,000,22.27
2010-06-29,22.60,22.60,22.60,22.60,000,22.27
2010-06-28,22.60,22.60,22.60,22.60,000,22.27
2010-06-25,22.59,22.60,22.58,22.60,1400,22.27
2010-06-24,22.51,22.51,22.51,22.51,500,22.18
2010-06-23,22.97,22.97,22.97,22.97,000,22.64
2010-06-22,22.97,22.97,22.97,22.97,000,22.34
2010-06-21,23.01,23.01,22.97,22.97,200,22.34
2010-06-18,22.96,22.96,22.96,22.96,000,22.33
2010-06-17,22.96,22.96,22.96,22.96,000,22.33
2010-06-16,22.96,22.96,22.96,22.96,100,22.33
2010-06-15,22.41,22.41,22.41,22.41,000,21.80
2010-06-14,22.41,22.41,22.41,22.41,000,21.80
2010-06-11,22.41,22.41,22.41,22.41,000,21.80
2010-06-10,22.41,22.41,22.41,22.41,000,21.80
2010-06-09,22.41,22.41,22.41,22.41,000,21.80
2010-06-08,22.41,22.41,22.41,22.41,000,21.80
2010-06-07,22.41,22.41,22.41,22.41,000,21.80
2010-06-04,22.48,22.48,22.41,22.41,500,21.80
2010-06-03,22.88,22.88,22.88,22.88,000,22.25
2010-06-02,22.88,22.88,22.88,22.88,000,22.25
2010-06-01,22.88,22.88,22.88,22.88,000,22.25
2010-05-28,22.88,22.88,22.88,22.88,000,22.25
2010-05-27,22.88,22.88,22.88,22.88,000,22.25
2010-05-26,22.88,22.88,22.88,22.88,000,22.25
2010-05-25,22.67,22.88,22.67,22.88,1800,22.25
2010-05-24,23.09,23.09,23.09,23.09,000,22.46
2010-05-21,23.09,23.09,23.08,23.09,2600,22.46
2010-05-20,23.65,23.65,23.65,23.65,000,23.00
2010-05-19,23.65,23.65,23.65,23.65,000,23.00
2010-05-18,23.65,23.65,23.65,23.65,000,23.00
2010-05-17,23.65,23.65,23.65,23.65,000,23.00
2010-05-14,23.65,23.65,23.65,23.65,000,23.00
2010-05-13,23.65,23.65,23.65,23.65,200,23.00
2010-05-12,23.55,23.55,23.55,23.55,000,22.90
2010-05-11,23.55,23.55,23.55,23.55,000,22.90
2010-05-10,23.55,23.55,23.55,23.55,000,22.90
2010-05-07,23.55,23.55,23.55,23.55,800,22.90
2010-05-06,23.84,23.84,20.86,23.47,1100,22.83
2010-05-05,24.07,24.20,23.91,24.20,2200,23.54
2010-05-04,25.03,25.03,25.03,25.03,000,24.34
2010-05-03,25.03,25.03,25.03,25.03,200,24.34
2010-04-30,24.98,24.98,24.98,24.98,000,24.30
2010-04-29,24.98,24.98,24.98,24.98,000,24.30
2010-04-28,24.98,24.98,24.98,24.98,000,24.30
2010-04-27,25.40,25.40,24.95,24.98,1100,24.30
2010-04-26,25.22,25.22,25.22,25.22,000,24.53
2010-04-23,25.22,25.22,25.22,25.22,000,24.53
2010-04-22,25.22,25.22,25.22,25.22,200,24.53
2010-04-21,25.57,25.57,25.57,25.57,000,24.87
2010-04-20,25.57,25.57,25.57,25.57,200,24.87
2010-04-19,25.62,25.62,25.62,25.62,000,24.92
2010-04-16,26.07,26.08,25.62,25.62,1400,24.92
2010-04-15,26.31,26.38,26.28,26.28,800,25.56
2010-04-14,25.90,25.90,25.90,25.90,000,25.19
2010-04-13,25.90,25.90,25.90,25.90,100,25.19
2010-04-12,25.85,25.85,25.85,25.85,200,25.14
2010-04-09,25.88,25.88,25.77,25.77,800,25.06
2010-04-08,25.08,25.08,25.08,25.08,000,24.39
2010-04-07,25.08,25.08,25.08,25.08,000,24.39
2010-04-06,25.08,25.08,25.08,25.08,000,24.39
2010-04-05,25.08,25.08,25.08,25.08,000,24.39
2010-04-01,25.11,25.11,25.00,25.08,600,24.39
2010-03-31,24.46,24.46,24.46,24.46,000,23.79
2010-03-30,24.46,24.46,24.46,24.46,000,23.79
2010-03-29,24.46,24.46,24.46,24.46,000,23.79
2010-03-26,24.46,24.46,24.46,24.46,000,23.79
2010-03-25,24.46,24.46,24.46,24.46,100,23.79