2011-05-10,25.27,25.27,24.78,24.96,4000,24.96
2011-05-09,24.68,24.75,24.64,24.73,1300,24.73
2011-05-06,24.97,24.97,24.74,24.74,11100,24.74
2011-05-05,24.78,24.87,24.62,24.62,2100,24.62
2011-05-04,25.01,25.01,24.93,24.93,6100,24.93
2011-05-03,25.10,25.10,25.10,25.10,000,25.10
2011-05-02,25.21,25.21,25.09,25.10,6100,25.10
2011-04-29,25.15,25.17,25.13,25.17,20000,25.17
2011-04-28,25.12,25.22,25.08,25.22,1500,25.22
2011-04-27,24.96,25.05,24.82,25.05,1400,25.05
2011-04-26,24.90,24.93,24.78,24.85,1700,24.85
2011-04-25,24.90,26.09,24.71,24.73,2500,24.73
2011-04-21,24.78,24.79,24.76,24.76,1900,24.76
2011-04-20,24.70,24.72,24.58,24.64,2700,24.64
2011-04-19,24.55,24.55,24.45,24.55,2300,24.55
2011-04-18,24.80,24.80,24.80,24.80,200,24.80
2011-04-15,24.88,24.88,24.88,24.88,000,24.88
2011-04-14,24.86,24.88,24.86,24.88,200,24.88
2011-04-13,25.60,25.60,25.08,25.13,4500,25.13
2011-04-12,25.40,25.40,25.27,25.27,6600,25.27
2011-04-11,25.90,25.90,25.90,25.90,000,25.90
2011-04-08,25.90,25.90,25.90,25.90,400,25.90
2011-04-07,25.76,25.76,25.76,25.76,1100,25.76
2011-04-06,25.62,25.62,25.62,25.62,100,25.62
2011-04-05,25.41,25.41,25.41,25.41,5000,25.41
2011-04-04,25.40,25.40,25.40,25.40,100,25.40
2011-04-01,25.47,25.47,25.47,25.47,200,25.47
2011-03-31,25.20,25.20,23.70,25.16,37800,25.16
2011-03-30,25.22,25.22,25.22,25.22,2000,25.22