2011-05-10,37.33,37.51,37.26,37.46,4700,37.46
2011-05-09,36.89,37.03,36.72,36.99,3700,36.99
2011-05-06,37.22,37.22,36.65,36.77,6500,36.77
2011-05-05,36.68,36.95,36.58,36.66,25700,36.66
2011-05-04,37.51,37.51,36.85,37.10,70000,37.10
2011-05-03,37.76,37.76,37.31,37.43,5100,37.43
2011-05-02,37.80,38.01,37.80,37.85,9100,37.85
2011-04-29,37.67,37.86,37.50,37.80,5300,37.80
2011-04-28,37.67,37.80,37.63,37.78,4500,37.78
2011-04-27,37.41,37.41,37.03,37.33,6900,37.33
2011-04-26,36.92,37.27,36.92,37.16,7600,37.16
2011-04-25,36.90,37.10,36.77,37.07,3800,37.07
2011-04-21,36.81,36.81,36.58,36.81,12200,36.81
2011-04-20,36.66,36.66,36.47,36.52,28200,36.52
2011-04-19,36.04,36.14,35.93,36.13,2300,36.13
2011-04-18,35.82,35.89,35.64,35.86,16000,35.86
2011-04-15,36.29,36.49,36.21,36.38,8100,36.38
2011-04-14,35.98,36.21,35.98,36.16,4800,36.16
2011-04-13,36.07,36.07,35.79,35.81,9000,35.81
2011-04-12,35.89,35.89,35.67,35.75,6100,35.75
2011-04-11,36.09,36.22,35.88,35.88,5500,35.88
2011-04-08,36.22,36.41,36.01,36.11,11300,36.11
2011-04-07,36.28,36.28,35.86,35.98,2200,35.98
2011-04-06,36.39,36.42,36.35,36.38,5400,36.38
2011-04-05,36.13,36.33,36.13,36.21,2200,36.21
2011-04-04,36.35,36.35,36.14,36.24,14300,36.24
2011-04-01,36.32,36.36,36.14,36.24,19500,36.24
2011-03-31,35.97,36.04,35.95,36.03,1800,36.03
2011-03-30,35.77,35.97,35.65,35.93,16400,35.93
2011-03-29,35.23,35.49,35.23,35.45,5200,35.45
2011-03-28,35.46,35.51,35.40,35.46,11100,35.46
2011-03-25,35.48,35.64,35.30,35.52,17200,35.52
2011-03-24,35.41,35.59,35.28,35.55,47200,35.55
2011-03-23,35.23,35.38,34.90,35.24,35300,35.24
2011-03-22,35.34,35.34,35.10,35.33,8500,35.33
2011-03-21,35.37,35.62,35.36,35.56,47900,35.56
2011-03-18,34.91,34.95,34.65,34.65,26400,34.65
2011-03-17,34.44,34.44,33.99,34.15,9800,34.15
2011-03-16,34.28,34.28,33.37,33.68,34300,33.68
2011-03-15,33.87,34.58,33.60,34.45,20800,34.45
2011-03-14,35.00,35.02,34.80,34.98,15100,34.98
2011-03-11,35.35,35.57,35.24,35.56,15100,35.56
2011-03-10,35.59,35.59,35.38,35.49,8500,35.49
2011-03-09,36.11,36.21,36.02,36.14,7400,36.14
2011-03-08,35.80,36.23,35.80,36.16,5800,36.16
2011-03-07,36.22,36.27,35.65,35.77,3700,35.77
2011-03-04,36.21,36.28,35.86,35.95,18000,35.95
2011-03-03,36.06,36.28,35.95,36.28,8400,36.28
2011-03-02,35.89,35.94,35.68,35.73,24400,35.73
2011-03-01,36.70,36.70,35.86,35.91,11600,35.91
2011-02-28,36.12,36.55,36.12,36.43,13700,36.43
2011-02-25,35.67,35.99,35.51,35.88,14000,35.88
2011-02-24,35.27,35.38,34.96,35.27,9900,35.27
2011-02-23,35.51,35.51,35.16,35.28,7500,35.28
2011-02-22,35.73,35.79,35.30,35.33,20400,35.33
2011-02-18,36.26,36.33,36.06,36.17,32400,36.17
2011-02-17,35.95,36.12,35.93,36.11,13900,36.11
2011-02-16,35.96,35.97,35.83,35.92,10200,35.92
2011-02-15,35.75,35.82,35.55,35.70,26700,35.70
2011-02-14,35.88,35.90,35.72,35.81,9500,35.81
2011-02-11,35.70,35.81,35.44,35.81,13800,35.81
2011-02-10,35.55,35.64,35.45,35.61,7300,35.61
2011-02-09,35.79,35.79,35.56,35.71,14700,35.71
2011-02-08,36.12,36.12,35.79,35.91,16000,35.91
2011-02-07,35.90,35.95,35.73,35.87,7900,35.87
2011-02-04,35.71,35.82,35.60,35.74,5700,35.74
2011-02-03,35.95,35.96,35.65,35.96,10900,35.96
2011-02-02,35.99,35.99,35.73,35.83,11200,35.83
2011-02-01,35.93,35.98,35.68,35.95,8200,35.95
2011-01-31,35.12,35.59,35.12,35.44,7600,35.44
2011-01-28,35.68,35.90,35.11,35.19,9300,35.19
2011-01-27,35.65,35.87,35.65,35.83,14600,35.83
2011-01-26,35.80,35.80,35.55,35.68,4400,35.68
2011-01-25,35.39,35.51,35.00,35.45,5400,35.45
2011-01-24,35.31,35.43,35.20,35.33,8300,35.33
2011-01-21,35.44,35.44,35.10,35.14,13100,35.14
2011-01-20,35.11,35.28,35.00,35.15,12400,35.15
2011-01-19,35.72,35.72,35.32,35.38,19400,35.38
2011-01-18,35.63,35.73,35.54,35.73,17900,35.73
2011-01-14,35.28,35.50,35.28,35.49,8900,35.49
2011-01-13,35.29,35.45,35.15,35.17,18100,35.17
2011-01-12,35.38,35.39,35.05,35.22,18000,35.22
2011-01-11,35.19,35.19,34.80,35.03,103400,35.03
2011-01-10,34.80,34.86,34.59,34.86,6100,34.86
2011-01-07,35.05,35.05,34.70,34.84,4200,34.84
2011-01-06,35.46,35.46,35.02,35.06,11200,35.06
2011-01-05,35.29,35.37,35.24,35.32,6900,35.32
2011-01-04,35.62,35.63,35.02,35.21,12900,35.21
2011-01-03,35.29,35.67,35.29,35.37,14400,35.37
2010-12-31,35.08,35.12,34.94,35.02,5000,35.02
2010-12-30,34.95,35.00,34.83,34.93,5100,34.93
2010-12-29,34.69,34.92,34.69,34.92,3900,34.92
2010-12-28,34.59,34.62,34.48,34.62,5000,34.62
2010-12-27,34.44,34.60,34.34,34.60,800,34.60
2010-12-23,34.52,34.52,34.27,34.30,8700,34.30
2010-12-22,34.35,34.53,34.35,34.46,13200,34.46
2010-12-21,34.11,34.16,33.88,34.09,6200,34.09
2010-12-20,34.35,34.88,34.35,34.83,12300,33.85
2010-12-17,34.61,34.62,34.34,34.41,92500,33.44
2010-12-16,34.68,34.74,34.32,34.73,30100,33.75
2010-12-15,34.98,34.98,34.61,34.68,8100,33.71
2010-12-14,35.22,35.41,34.92,34.92,6100,33.94
2010-12-13,34.88,35.25,34.88,35.03,18000,34.05
2010-12-10,34.78,35.02,34.69,34.94,12600,33.96
2010-12-09,35.02,35.02,34.71,34.73,12900,33.75
2010-12-08,35.14,35.15,34.75,34.85,8300,33.87
2010-12-07,35.46,35.46,35.07,35.07,9100,34.08
2010-12-06,34.96,35.09,34.71,35.08,11200,34.09
2010-12-03,34.95,35.20,34.90,35.20,6300,34.21
2010-12-02,34.63,35.04,34.63,34.97,6700,33.99
2010-12-01,34.41,34.59,34.19,34.44,32600,33.47
2010-11-30,33.78,34.13,33.67,33.93,19200,32.98
2010-11-29,34.08,34.24,33.75,34.18,12600,33.22
2010-11-26,34.19,34.19,34.03,34.14,3100,33.18
2010-11-24,34.04,34.38,34.04,34.30,35900,33.34
2010-11-23,33.98,34.47,33.69,33.76,108100,32.81
2010-11-22,34.47,34.57,34.15,34.51,23600,33.54
2010-11-19,34.59,34.70,34.29,34.67,11900,33.70
2010-11-18,34.77,34.83,34.64,34.70,9900,33.72
2010-11-17,34.42,34.44,34.25,34.29,5200,33.33
2010-11-16,34.67,34.67,34.06,34.12,4700,33.16
2010-11-15,35.46,35.46,35.02,35.02,3800,34.04
2010-11-12,35.52,35.54,35.03,35.12,5300,34.13
2010-11-11,35.78,35.78,35.46,35.60,20100,34.60
2010-11-10,35.98,36.04,35.69,35.97,20000,34.96
2010-11-09,36.98,36.98,35.86,35.89,76500,34.88
2010-11-08,36.92,36.92,36.58,36.88,17900,35.84
2010-11-05,37.01,37.19,36.76,37.10,21300,36.06
2010-11-04,36.67,36.91,36.64,36.91,12100,35.87
2010-11-03,35.99,36.19,35.93,36.15,2700,35.13
2010-11-02,35.82,36.00,35.82,35.97,1800,34.96
2010-11-01,35.81,35.83,35.55,35.55,3700,34.55
2010-10-29,35.36,35.48,35.23,35.40,4400,34.40
2010-10-28,35.67,35.67,35.16,35.45,9000,34.45
2010-10-27,35.60,35.60,35.14,35.34,29100,34.35
2010-10-26,35.59,35.73,35.38,35.67,39800,34.67
2010-10-25,35.97,36.02,35.75,35.85,23400,34.84
2010-10-22,35.80,35.82,35.58,35.64,10200,34.64
2010-10-21,35.72,35.93,35.37,35.49,7600,34.49
2010-10-20,35.46,36.01,35.46,35.81,11500,34.80
2010-10-19,35.31,35.65,35.01,35.24,6000,34.25
2010-10-18,35.69,35.89,35.67,35.89,13600,34.88
2010-10-15,35.74,35.94,35.74,35.82,21100,34.81
2010-10-14,35.57,35.95,35.57,35.85,99700,34.84
2010-10-13,35.70,35.96,35.53,35.74,32000,34.74
2010-10-12,35.27,35.32,35.13,35.29,5000,34.30
2010-10-11,35.22,35.41,35.22,35.23,7800,34.24
2010-10-08,35.21,35.36,35.09,35.36,4500,34.37
2010-10-07,35.44,35.44,34.96,35.26,12000,34.27
2010-10-06,35.10,35.14,34.99,35.12,6200,34.13
2010-10-05,34.86,35.03,34.59,35.00,16600,34.02
2010-10-04,34.35,34.35,34.19,34.35,5200,33.38
2010-10-01,34.39,34.40,34.09,34.39,6400,33.42
2010-09-30,34.17,34.24,33.76,34.03,16300,33.07
2010-09-29,33.95,33.97,33.79,33.88,15000,32.93
2010-09-28,33.63,33.96,33.43,33.89,7900,32.94
2010-09-27,33.92,33.92,33.66,33.82,6400,32.87
2010-09-24,33.61,33.91,33.59,33.85,6100,32.90
2010-09-23,33.29,33.48,33.07,33.07,5300,32.14
2010-09-22,33.55,33.85,33.48,33.61,29500,32.67
2010-09-21,33.74,33.97,33.59,33.72,16100,32.77
2010-09-20,33.20,33.73,33.20,33.73,15600,32.78
2010-09-17,33.04,33.11,32.88,33.11,6200,32.18
2010-09-16,32.99,33.16,32.93,32.99,15500,32.06
2010-09-15,33.03,33.45,33.03,33.29,35200,32.35
2010-09-14,33.00,33.36,33.00,33.11,4000,32.18
2010-09-13,32.87,33.15,32.86,33.07,3800,32.14
2010-09-10,32.59,32.77,32.59,32.77,1500,31.85
2010-09-09,32.96,32.97,32.56,32.67,11200,31.75
2010-09-08,32.55,32.84,32.55,32.67,4000,31.75
2010-09-07,32.69,32.74,32.54,32.59,36600,31.67
2010-09-03,32.88,32.89,32.59,32.87,3800,31.95
2010-09-02,32.21,32.41,32.16,32.31,8900,31.40
2010-09-01,31.62,32.27,31.62,32.27,24000,31.36
2010-08-31,30.97,31.39,30.97,31.26,4500,30.38
2010-08-30,31.19,31.19,31.19,31.19,100,30.31
2010-08-27,30.80,31.35,30.80,31.35,1800,30.47
2010-08-26,30.93,31.18,30.77,30.84,3700,29.97
2010-08-25,30.46,31.15,30.46,31.15,13300,30.27
2010-08-24,30.64,30.87,30.63,30.77,44500,29.91
2010-08-23,31.15,31.15,30.94,31.04,4100,30.17
2010-08-20,30.87,30.94,30.79,30.91,4700,30.04
2010-08-19,31.66,31.66,31.00,31.20,3500,30.32
2010-08-18,31.54,31.75,31.38,31.60,2600,30.71
2010-08-17,31.23,31.61,31.22,31.61,3300,30.72
2010-08-16,30.61,31.12,30.61,30.84,2800,29.97
2010-08-13,30.99,31.09,30.92,30.92,5200,30.05
2010-08-12,30.99,30.99,30.91,30.93,4500,30.06
2010-08-11,31.44,31.51,31.10,31.10,9900,30.23
2010-08-10,31.85,32.23,31.75,32.18,6900,31.28
2010-08-09,32.26,32.44,32.12,32.44,5200,31.53
2010-08-06,32.14,32.14,31.81,32.14,7000,31.24
2010-08-05,32.19,32.28,32.05,32.17,3000,31.27
2010-08-04,32.16,32.43,32.10,32.26,18100,31.35
2010-08-03,32.36,32.43,32.15,32.35,2700,31.44
2010-08-02,32.19,32.58,32.07,32.52,15700,31.61
2010-07-30,31.25,31.59,31.01,31.59,7700,30.70
2010-07-29,31.96,31.96,31.32,31.50,24500,30.61
2010-07-28,31.50,31.71,31.43,31.45,20900,30.57
2010-07-27,31.62,31.83,31.35,31.74,7600,30.85
2010-07-26,31.22,31.73,31.13,31.70,5600,30.81
2010-07-23,30.89,31.23,30.67,31.13,8100,30.25
2010-07-22,30.47,30.97,30.39,30.85,6800,29.98
2010-07-21,30.25,30.35,29.72,29.76,5400,28.92
2010-07-20,29.64,30.46,29.57,30.28,2900,29.43
2010-07-19,29.74,29.97,29.51,29.85,3000,29.01
2010-07-16,29.83,29.83,29.48,29.48,2700,28.65
2010-07-15,30.41,30.41,29.95,30.19,3800,29.34
2010-07-14,30.10,30.51,30.10,30.22,2700,29.37
2010-07-13,30.09,30.51,30.06,30.51,7300,29.65
2010-07-12,29.82,29.93,29.57,29.88,2600,29.04
2010-07-09,29.65,29.99,29.62,29.99,9800,29.15
2010-07-08,29.91,29.91,29.23,29.51,3500,28.68
2010-07-07,28.56,29.61,28.35,29.61,6600,28.78
2010-07-06,29.02,29.19,28.21,28.38,7700,27.58
2010-07-02,28.61,28.69,28.24,28.50,3900,27.70
2010-07-01,28.70,29.02,28.18,28.97,44900,28.16
2010-06-30,28.80,29.06,28.27,28.31,10700,27.51
2010-06-29,29.31,29.31,28.73,28.92,7900,28.11
2010-06-28,29.99,29.99,29.66,29.93,2900,29.09
2010-06-25,29.60,30.16,29.51,29.98,35200,29.14
2010-06-24,30.03,30.03,29.62,29.72,6100,28.88
2010-06-23,30.13,30.17,29.82,30.09,4700,29.24
2010-06-22,30.83,30.83,29.98,29.98,3000,29.14
2010-06-21,31.62,31.62,30.85,30.85,4900,29.62
2010-06-18,31.03,31.03,30.72,30.84,2500,29.61
2010-06-17,31.06,31.12,30.73,31.02,1400,29.78
2010-06-16,30.92,31.21,30.88,31.12,6000,29.88
2010-06-15,30.56,31.16,30.56,31.16,2900,29.91
2010-06-14,30.65,30.75,30.33,30.34,2700,29.13
2010-06-11,29.73,29.93,29.66,29.93,2300,28.73
2010-06-10,29.55,29.92,29.55,29.92,9500,28.72
2010-06-09,29.08,29.46,28.82,28.82,19400,27.67
2010-06-08,28.42,28.56,28.15,28.43,3700,27.29
2010-06-07,28.73,28.81,28.47,28.47,3700,27.33
2010-06-04,29.60,29.60,28.55,28.56,13200,27.42
2010-06-03,29.97,30.03,29.62,30.00,20400,28.80
2010-06-02,29.37,29.90,29.37,29.84,5800,28.65
2010-06-01,29.25,29.83,29.24,29.24,4900,28.07
2010-05-28,30.00,30.00,29.66,29.83,4300,28.64
2010-05-27,29.12,30.18,29.12,30.18,7400,28.97
2010-05-26,28.92,28.99,28.35,28.37,6400,27.24
2010-05-25,28.15,28.73,27.66,28.52,21800,27.38
2010-05-24,28.87,29.14,28.82,28.84,17100,27.69
2010-05-21,28.05,28.98,27.94,28.73,115700,27.58
2010-05-20,29.00,29.28,28.26,28.26,138400,27.13
2010-05-19,30.10,30.12,29.37,29.96,7200,28.76
2010-05-18,30.89,30.89,30.09,30.10,4300,28.90
2010-05-17,30.45,30.86,30.15,30.67,7600,29.44
2010-05-14,31.08,31.21,30.00,30.07,16100,28.87
2010-05-13,32.07,32.07,31.46,31.68,27700,30.41
2010-05-12,31.89,31.99,31.52,31.90,6500,30.62
2010-05-11,31.91,31.91,31.00,31.28,18500,30.03
2010-05-10,31.47,31.79,31.30,31.30,8500,30.05
2010-05-07,30.25,30.70,29.03,30.18,16800,28.97
2010-05-06,31.10,32.67,28.76,30.71,4600,29.48
2010-05-05,31.34,31.77,31.29,31.55,5300,30.29
2010-05-04,32.32,32.32,31.73,31.78,4200,30.51
2010-05-03,32.62,33.13,32.58,33.06,9400,31.74
2010-04-30,33.20,33.20,32.20,32.44,14300,31.14
2010-04-29,32.20,32.97,32.20,32.92,111400,31.60
2010-04-28,32.15,32.34,31.96,31.96,9200,30.68
2010-04-27,32.65,32.82,32.06,32.18,5700,30.89
2010-04-26,33.01,33.13,32.73,33.02,8800,31.70
2010-04-23,32.66,32.81,32.39,32.81,4600,31.50
2010-04-22,32.15,32.54,31.96,32.54,12100,31.24
2010-04-21,32.36,32.58,32.28,32.36,19400,31.07
2010-04-20,32.15,32.20,31.82,32.20,2900,30.91
2010-04-19,32.08,32.11,31.69,31.86,6100,30.59
2010-04-16,32.68,32.78,32.02,32.09,7500,30.81
2010-04-15,33.22,33.22,32.68,32.68,11900,31.37
2010-04-14,33.23,33.23,32.91,33.16,5700,31.83
2010-04-13,32.39,32.95,32.39,32.89,7200,31.57
2010-04-12,32.83,32.83,32.49,32.67,15800,31.36
2010-04-09,32.35,32.78,32.35,32.75,8500,31.44
2010-04-08,32.34,32.41,32.14,32.41,8600,31.11
2010-04-07,32.88,32.88,32.30,32.37,16900,31.08
2010-04-06,32.49,32.75,32.35,32.56,5700,31.26
2010-04-05,32.37,32.49,32.12,32.29,7700,31.00
2010-04-01,32.24,32.32,31.91,32.15,11800,30.86
2010-03-31,32.03,32.11,31.83,31.91,13600,30.63
2010-03-30,32.35,32.36,32.00,32.19,6300,30.90
2010-03-29,32.00,32.19,31.92,32.14,12100,30.85
2010-03-26,31.98,31.98,31.54,31.56,10000,30.30
2010-03-25,31.83,31.94,31.39,31.39,20700,30.13
2010-03-24,31.42,31.60,31.30,31.40,116500,30.14
2010-03-23,31.67,31.70,31.34,31.70,12400,30.43
2010-03-22,31.57,31.74,31.00,31.67,2800,30.40
2010-03-19,31.95,31.95,31.37,31.37,8000,30.12
2010-03-18,32.12,32.12,31.86,31.86,6800,30.59
2010-03-17,32.04,32.21,31.89,32.04,5600,30.76
2010-03-16,31.50,31.94,31.25,31.93,45200,30.65
2010-03-15,31.32,32.00,31.00,31.30,6800,30.05
2010-03-12,31.55,31.55,31.20,31.21,4500,29.96
2010-03-11,31.10,31.30,30.80,31.28,39600,30.03
2010-03-10,31.14,31.64,31.02,31.19,13800,29.94
2010-03-09,30.98,31.45,30.94,31.14,12600,29.89
2010-03-08,30.94,31.07,30.71,31.07,18800,29.83
2010-03-05,30.54,30.82,30.46,30.63,8200,29.41
2010-03-04,30.34,30.34,29.40,30.29,35200,29.08
2010-03-03,30.35,30.47,30.24,30.33,6800,29.12
2010-03-02,30.47,30.47,30.25,30.26,7100,29.05
2010-03-01,30.46,30.49,29.96,30.19,53900,28.98
2010-02-26,29.73,29.92,29.73,29.79,1700,28.60
2010-02-25,29.40,29.61,29.22,29.61,3200,28.43
2010-02-24,29.72,29.86,29.34,29.69,8000,28.50
2010-02-23,29.75,29.75,29.35,29.37,4200,28.20
2010-02-22,29.51,29.51,29.29,29.49,4400,28.31
2010-02-19,29.40,29.45,29.15,29.44,6100,28.26
2010-02-18,29.28,29.69,29.25,29.64,8000,28.45
2010-02-17,29.34,29.56,29.33,29.35,2700,28.18
2010-02-16,28.96,29.43,28.91,29.30,8900,28.13
2010-02-12,28.55,29.53,28.39,28.67,21100,27.52
2010-02-11,28.21,28.81,28.21,28.70,3900,27.55
2010-02-10,28.55,28.55,27.99,28.47,5200,27.33
2010-02-09,28.68,28.68,28.15,28.50,4000,27.36
2010-02-08,28.55,28.55,28.07,28.15,3200,27.02
2010-02-05,28.49,28.49,27.80,28.31,14200,27.18
2010-02-04,28.86,28.86,28.49,28.53,3600,27.39
2010-02-03,29.44,29.51,29.15,29.32,4200,28.15
2010-02-02,29.24,29.47,28.46,29.43,23100,28.25
2010-02-01,29.21,29.61,28.45,29.25,9900,28.08
2010-01-29,29.35,29.38,28.78,28.85,5900,27.70
2010-01-28,28.84,29.55,28.84,29.14,2000,27.97
2010-01-27,29.20,29.20,28.44,29.13,5200,27.97
2010-01-26,29.42,30.25,29.14,29.17,14500,28.00
2010-01-25,29.50,29.65,28.89,29.31,16800,28.14
2010-01-22,29.88,29.88,28.96,29.27,5900,28.10
2010-01-21,30.15,30.15,29.65,29.65,6600,28.46
2010-01-20,30.86,30.86,30.40,30.45,15000,29.23
2010-01-19,30.77,31.15,30.77,30.92,3300,29.68
2010-01-15,30.83,30.83,30.57,30.61,7000,29.39
2010-01-14,31.03,31.06,30.70,30.70,7700,29.47
2010-01-13,30.50,31.13,30.50,31.05,10600,29.81
2010-01-12,30.86,30.98,30.55,30.61,5600,29.39
2010-01-11,30.43,31.20,30.43,30.89,12000,29.65
2010-01-08,30.98,31.09,30.33,30.77,21900,29.54
2010-01-07,30.87,31.10,30.79,31.05,4100,29.81
2010-01-06,31.04,31.04,30.82,30.98,2100,29.74
2010-01-05,31.00,31.06,30.89,31.02,2500,29.78
2010-01-04,30.98,31.07,30.70,30.95,7800,29.71
2009-12-31,30.91,31.13,30.52,30.52,8100,29.30
2009-12-30,30.58,30.70,30.52,30.70,109100,29.47
2009-12-29,30.91,30.91,30.55,30.55,1200,29.33
2009-12-28,30.95,30.95,30.70,30.70,22300,29.47
2009-12-24,30.54,30.86,30.54,30.62,15700,29.40
2009-12-23,30.18,30.54,29.86,30.30,25300,29.09
2009-12-22,30.24,30.60,29.62,30.05,15900,28.85
2009-12-21,31.41,31.95,31.09,31.24,12600,28.71
2009-12-18,31.21,31.41,30.90,31.30,10600,28.77
2009-12-17,31.45,31.57,31.09,31.31,6900,28.77
2009-12-16,30.95,31.80,30.95,31.49,4300,28.94
2009-12-15,31.42,31.64,31.41,31.50,8400,28.95
2009-12-14,31.37,32.10,31.33,31.70,13800,29.13
2009-12-11,31.26,32.36,31.22,31.34,12900,28.80
2009-12-10,31.30,31.32,31.18,31.18,2200,28.66
2009-12-09,31.16,32.02,31.16,31.40,8000,28.86
2009-12-08,31.41,31.57,31.11,31.25,3900,28.72
2009-12-07,32.05,32.05,31.18,31.58,4800,29.02
2009-12-04,32.10,32.46,31.70,31.95,12800,29.36
2009-12-03,32.09,32.19,31.17,31.21,17400,28.68
2009-12-02,31.80,31.92,31.72,31.90,6500,29.32
2009-12-01,31.49,31.80,31.00,31.66,11600,29.10
2009-11-30,30.63,30.73,30.50,30.50,2900,28.03
2009-11-27,30.00,30.44,30.00,30.33,2100,27.87
2009-11-25,31.04,31.05,30.90,30.90,2000,28.40
2009-11-24,30.94,30.98,30.80,30.88,3600,28.38
2009-11-23,31.42,31.46,31.21,31.33,2300,28.79
2009-11-20,30.80,30.93,30.50,30.70,7500,28.21
2009-11-19,31.53,31.97,30.99,31.10,9700,28.58
2009-11-18,31.73,32.10,31.42,31.75,15100,29.18
2009-11-17,31.86,32.50,31.69,31.89,8200,29.31
2009-11-16,31.86,31.90,31.10,31.76,3200,29.19
2009-11-13,30.52,31.13,30.52,31.13,2200,28.61
2009-11-12,31.61,31.87,30.70,30.70,9900,28.21
2009-11-11,31.62,32.26,31.29,31.74,15600,29.17
2009-11-10,30.66,31.25,30.66,31.18,58500,28.66
2009-11-09,30.68,31.27,30.68,31.07,23600,28.55
2009-11-06,29.97,30.80,29.97,30.40,3800,27.94
2009-11-05,30.39,30.41,29.88,30.32,2700,27.86
2009-11-04,30.28,30.53,30.28,30.53,3100,28.06
2009-11-03,29.97,30.99,29.81,30.20,14200,27.75
2009-11-02,29.85,31.20,28.64,29.63,16000,27.23
2009-10-30,30.38,30.51,28.93,29.83,13800,27.41
2009-10-29,29.61,31.00,29.61,30.43,7800,27.97
2009-10-28,30.28,30.34,29.31,29.31,7800,26.94
2009-10-27,30.70,31.23,30.50,30.54,13600,28.07
2009-10-26,31.73,31.81,31.04,31.04,2700,28.53
2009-10-23,31.71,31.71,31.29,31.52,3600,28.97
2009-10-22,31.75,31.91,31.10,31.86,6700,29.28
2009-10-21,31.96,32.24,31.79,31.79,11100,29.22
2009-10-20,31.56,31.87,31.56,31.80,3100,29.22
2009-10-19,31.73,31.87,31.50,31.87,3200,29.29
2009-10-16,31.24,31.97,31.12,31.19,4100,28.66
2009-10-15,31.92,32.25,31.17,31.74,18200,29.17
2009-10-14,31.77,32.16,31.31,31.76,54600,29.19
2009-10-13,30.99,32.23,30.84,30.85,6600,28.35
2009-10-12,31.20,31.86,30.99,30.99,5500,28.48
2009-10-09,30.99,32.00,30.85,31.18,3200,28.66
2009-10-08,31.39,31.41,31.00,31.08,6800,28.56
2009-10-07,30.84,30.84,30.43,30.56,2500,28.09
2009-10-06,30.53,30.66,30.18,30.40,6100,27.94
2009-10-05,29.67,30.50,28.94,29.61,9800,27.21
2009-10-02,29.99,30.80,29.33,29.33,7800,26.95
2009-10-01,30.87,31.50,29.93,29.93,6500,27.51
2009-09-30,30.38,32.05,30.38,30.75,7300,28.26
2009-09-29,31.03,31.48,30.65,30.73,7900,28.24
2009-09-28,30.60,31.56,30.46,30.71,4000,28.22
2009-09-25,30.49,30.49,30.24,30.38,8400,27.92
2009-09-24,30.99,31.15,30.44,30.44,3800,27.97
2009-09-23,31.62,31.68,31.13,31.13,11400,28.61
2009-09-22,31.62,31.80,31.45,31.67,5200,29.11
2009-09-21,31.05,31.28,31.05,31.27,1800,28.74
2009-09-18,31.51,31.70,31.40,31.70,51600,29.13
2009-09-17,31.75,31.97,31.61,31.68,4100,29.11
2009-09-16,31.32,31.90,31.32,31.89,4900,29.31
2009-09-15,30.69,31.03,30.69,31.03,3000,28.52
2009-09-14,30.40,30.55,30.29,30.54,8800,28.07
2009-09-11,30.70,31.04,30.55,30.65,5400,28.17
2009-09-10,30.23,31.76,30.13,30.66,10200,28.18
2009-09-09,29.97,30.49,29.97,30.41,12400,27.95
2009-09-08,29.62,30.00,29.60,29.84,6000,27.42
2009-09-04,28.50,28.74,28.42,28.71,2600,26.39
2009-09-03,28.51,28.51,28.11,28.19,2900,25.91
2009-09-02,28.00,29.40,27.90,27.90,2900,25.64
2009-09-01,29.20,29.20,28.12,28.31,2400,26.02
2009-08-31,29.20,29.20,29.20,29.20,100,26.84
2009-08-28,29.62,29.62,29.35,29.58,1500,27.18
2009-08-27,29.24,30.26,28.98,29.45,6300,27.07
2009-08-26,29.16,29.25,29.09,29.09,1600,26.73
2009-08-25,29.51,29.54,29.15,29.32,5900,26.95
2009-08-24,29.10,29.26,28.96,29.16,5000,26.80
2009-08-21,28.53,29.99,28.40,29.11,15700,26.75
2009-08-20,28.19,28.50,27.75,28.50,6200,26.19
2009-08-19,27.42,27.58,27.39,27.39,1500,25.17
2009-08-18,27.75,28.60,27.75,28.06,59100,25.79
2009-08-17,27.34,27.59,27.04,27.58,2400,25.35
2009-08-14,28.81,28.81,28.46,28.46,2700,26.16
2009-08-13,28.84,29.86,28.84,29.03,8100,26.68
2009-08-12,28.89,29.00,28.32,28.86,3400,26.52
2009-08-11,28.51,29.00,27.60,28.62,9400,26.30
2009-08-10,28.80,28.90,28.67,28.90,2000,26.56
2009-08-07,28.39,28.90,28.39,28.75,2900,26.42
2009-08-06,29.08,29.08,28.27,28.75,4300,26.42
2009-08-05,28.34,28.83,27.91,28.55,10000,26.24
2009-08-04,27.83,28.03,27.73,27.98,3600,25.71
2009-08-03,27.90,27.90,27.43,27.61,4300,25.37
2009-07-31,27.19,27.43,26.75,27.43,2300,25.21
2009-07-30,26.45,26.62,26.29,26.53,9400,24.38
2009-07-29,26.50,26.50,25.98,26.00,3900,23.89
2009-07-28,26.50,26.50,26.35,26.35,900,24.22
2009-07-27,26.49,26.63,26.32,26.37,3700,24.23
2009-07-24,26.09,26.47,25.86,26.35,6600,24.22
2009-07-23,25.59,26.37,25.43,25.83,6900,23.74
2009-07-22,24.93,26.30,24.93,26.29,11500,24.16
2009-07-21,26.00,26.10,24.72,25.59,12400,23.52
2009-07-20,25.22,25.56,25.22,25.51,8900,23.44
2009-07-17,24.97,25.30,24.54,24.54,3700,22.55
2009-07-16,24.78,25.85,24.46,24.78,14000,22.77
2009-07-15,24.33,24.92,24.33,24.87,6200,22.86
2009-07-14,24.29,24.32,23.70,23.83,1700,21.90
2009-07-13,22.97,23.25,22.92,23.25,600,21.37
2009-07-10,23.08,24.30,23.08,23.16,2100,21.28
2009-07-09,23.38,23.49,23.37,23.42,1300,21.52
2009-07-08,23.37,23.37,22.99,23.08,2800,21.21
2009-07-07,24.02,24.02,23.57,23.57,5100,21.66
2009-07-06,24.01,24.41,24.01,24.41,7200,22.43
2009-07-02,24.38,24.38,24.15,24.15,1000,22.19
2009-07-01,25.20,25.40,24.86,25.00,3600,22.98
2009-06-30,24.73,24.73,24.28,24.32,900,22.35
2009-06-29,25.18,25.18,24.65,24.90,52500,22.88
2009-06-26,24.64,25.41,24.53,24.75,2900,22.75
2009-06-25,24.50,24.50,23.93,24.30,8100,22.33
2009-06-24,24.35,24.41,23.65,23.75,2800,21.83
2009-06-23,24.00,24.34,23.40,23.41,11000,21.51
2009-06-22,23.76,25.65,22.31,24.42,8200,22.01
2009-06-19,24.54,25.62,22.79,22.79,3900,20.54
2009-06-18,25.95,25.95,24.40,24.65,5900,22.21
2009-06-17,24.50,25.77,23.92,24.61,3700,22.18
2009-06-16,26.29,26.29,24.55,24.77,3400,22.32
2009-06-15,26.70,26.70,24.99,25.54,24900,23.02
2009-06-12,25.80,26.65,25.56,25.99,10800,23.42
2009-06-11,25.34,26.74,25.34,25.71,9100,23.17
2009-06-10,26.04,26.96,25.35,25.51,15600,22.99
2009-06-09,25.45,26.26,25.45,25.75,54700,23.20
2009-06-08,25.35,25.53,24.66,25.25,3900,22.75
2009-06-05,25.78,26.67,25.72,25.82,9500,23.27
2009-06-04,25.90,26.02,25.44,26.02,6100,23.45
2009-06-03,25.75,25.88,25.57,25.67,29600,23.13
2009-06-02,25.48,26.00,25.48,26.00,2600,23.43
2009-06-01,26.16,26.96,26.13,26.13,2900,23.55
2009-05-29,24.77,24.77,24.77,24.77,400,22.32
2009-05-28,24.19,24.28,24.09,24.19,5000,21.80
2009-05-27,24.37,24.39,24.35,24.35,2200,21.94
2009-05-26,23.89,23.95,23.89,23.95,400,21.58
2009-05-22,23.16,23.16,23.16,23.16,300,20.87
2009-05-21,22.87,23.16,22.87,23.16,2000,20.87
2009-05-20,24.86,25.16,23.52,23.52,13600,21.19
2009-05-19,23.16,24.50,22.86,23.37,5500,21.06
2009-05-18,22.77,23.24,22.47,23.09,5200,20.81
2009-05-15,22.00,22.00,22.00,22.00,200,19.83
2009-05-14,22.12,23.86,22.12,23.00,5200,20.73
2009-05-13,22.49,22.49,22.49,22.49,200,20.27
2009-05-12,23.22,23.22,23.05,23.05,1100,20.77
2009-05-11,22.67,25.24,21.53,23.33,3800,21.02
2009-05-08,22.99,23.73,22.99,23.73,400,21.38
2009-05-07,23.02,23.02,23.02,23.02,300,20.74
2009-05-06,23.23,24.86,23.11,23.79,13500,21.44
2009-05-05,23.02,23.06,22.92,22.95,600,20.68
2009-05-04,22.80,23.34,22.78,23.10,1800,20.82
2009-05-01,22.03,22.03,21.82,21.82,700,19.66
2009-04-30,22.16,22.16,22.07,22.07,500,19.89
2009-04-29,21.93,22.14,21.88,21.88,800,19.72
2009-04-28,21.38,22.39,21.27,21.50,2500,19.37
2009-04-27,21.34,22.60,21.24,21.24,8400,19.14
2009-04-24,21.72,22.14,21.72,22.14,400,19.95
2009-04-23,21.41,21.41,19.56,19.56,2400,17.63
2009-04-22,21.06,21.06,21.06,21.06,000,18.98
2009-04-21,20.08,21.50,20.08,21.06,3600,18.98
2009-04-20,21.15,21.21,20.72,20.72,600,18.67
2009-04-17,21.60,21.60,21.60,21.60,000,19.46
2009-04-16,21.45,21.60,21.45,21.60,300,19.46
2009-04-15,21.16,21.16,21.16,21.16,200,19.07
2009-04-14,20.73,20.73,20.73,20.73,300,18.68
2009-04-13,21.07,21.14,21.07,21.14,400,19.05
2009-04-09,20.48,20.85,19.47,20.85,3400,18.79
2009-04-08,19.69,19.69,18.91,19.42,2500,17.50
2009-04-07,19.90,19.92,19.60,19.60,600,17.66
2009-04-06,20.54,21.48,20.12,20.12,2400,18.13
2009-04-03,20.40,20.40,18.83,20.40,2200,18.38
2009-04-02,19.71,19.82,18.18,19.78,3700,17.82
2009-04-01,18.59,18.59,18.30,18.47,700,16.64
2009-03-31,18.01,18.21,17.98,17.98,5400,16.20
2009-03-30,19.56,19.56,17.78,17.78,1400,16.02
2009-03-27,18.84,18.92,18.26,18.67,1200,16.82
2009-03-26,18.80,19.07,18.42,18.50,800,16.67
2009-03-25,18.60,19.00,17.53,18.25,6600,16.45
2009-03-24,18.82,18.83,18.82,18.82,600,16.96
2009-03-23,18.27,18.27,17.36,18.18,1200,16.38
2009-03-20,18.03,18.03,17.64,17.64,1200,15.90
2009-03-19,18.72,18.72,18.46,18.46,1400,16.64
2009-03-18,17.66,18.52,17.66,18.52,1700,16.69
2009-03-17,17.31,17.64,16.46,17.64,2300,15.90
2009-03-16,17.50,17.50,17.00,17.00,1500,15.32
2009-03-13,18.20,18.20,17.16,17.16,400,15.46
2009-03-12,16.54,17.35,16.50,17.35,7200,15.63
2009-03-11,16.65,17.46,15.75,16.76,5200,15.10
2009-03-10,16.14,16.14,15.70,16.00,25000,14.42
2009-03-09,14.88,14.92,14.78,14.85,1000,13.38
2009-03-06,15.63,15.63,14.63,15.10,3100,13.61
2009-03-05,16.24,16.24,14.81,15.37,9000,13.85
2009-03-04,16.85,16.86,15.67,16.50,8800,14.87
2009-03-03,16.12,17.16,15.45,15.45,4800,13.92
2009-03-02,16.28,16.28,15.60,15.60,800,14.06
2009-02-27,16.05,16.92,16.05,16.77,2900,15.11
2009-02-26,17.44,17.53,16.45,16.88,1900,15.21
2009-02-25,17.00,17.89,16.53,17.89,2500,16.12
2009-02-24,16.95,17.86,16.66,17.61,6700,15.87
2009-02-23,17.63,18.64,16.44,16.48,6200,14.85
2009-02-20,17.09,17.53,16.73,17.50,5600,15.77
2009-02-19,18.05,18.20,18.05,18.14,1200,16.35
2009-02-18,17.99,17.99,16.80,17.55,11800,15.82
2009-02-17,20.14,20.14,17.50,17.50,4400,15.77
2009-02-13,19.52,19.52,18.57,19.28,4800,17.37
2009-02-12,18.76,19.36,18.11,19.10,20100,17.21
2009-02-11,21.70,21.70,18.62,19.50,55100,17.57
2009-02-10,21.70,21.70,20.05,20.05,1600,18.07
2009-02-09,21.70,21.70,21.13,21.27,1300,19.17
2009-02-06,20.38,20.38,20.38,20.38,000,18.37
2009-02-05,20.22,20.38,20.22,20.38,700,18.37
2009-02-04,21.28,21.28,19.60,20.35,15100,18.34
2009-02-03,20.52,20.83,19.76,20.83,1600,18.77
2009-02-02,20.18,23.05,20.18,20.65,8200,18.61
2009-01-30,20.93,21.00,20.63,20.63,1400,18.59
2009-01-29,21.66,21.77,21.33,21.33,1200,19.22
2009-01-28,21.49,21.98,21.49,21.96,3400,19.79
2009-01-27,21.11,22.64,21.07,21.31,6900,19.20
2009-01-26,20.76,21.79,20.73,20.99,5400,18.92
2009-01-23,20.32,21.01,20.32,20.95,9700,18.88
2009-01-22,20.88,20.96,20.57,20.87,4800,18.81
2009-01-21,20.23,21.18,19.93,20.82,8800,18.76
2009-01-20,21.34,21.34,19.54,19.54,4300,17.61
2009-01-16,21.51,22.65,21.38,21.50,7400,19.37
2009-01-15,20.64,21.33,19.01,21.18,4700,19.09
2009-01-14,21.50,21.50,20.27,20.89,3300,18.82
2009-01-13,22.00,22.19,21.84,22.05,1200,19.87
2009-01-12,23.70,23.70,22.39,22.45,2200,20.23
2009-01-09,24.20,24.20,22.60,23.47,7600,21.15
2009-01-08,24.31,24.33,24.25,24.25,2300,21.85
2009-01-07,25.05,25.05,23.85,24.63,18700,22.20
2009-01-06,24.45,25.13,24.36,25.09,5100,22.61
2009-01-05,27.88,27.88,24.20,24.32,9200,21.92
2009-01-02,24.31,24.74,24.27,24.27,3700,21.87
2008-12-31,23.26,24.50,23.26,24.48,16400,22.06
2008-12-30,26.93,26.93,23.24,23.54,5300,21.21
2008-12-29,23.66,23.66,22.96,23.16,16500,20.87
2008-12-26,23.33,27.04,22.93,26.49,29600,23.87
2008-12-24,23.37,25.95,21.41,22.82,42000,20.56
2008-12-23,23.80,23.80,22.67,22.67,800,20.43
2008-12-22,23.84,23.84,22.89,23.68,1600,21.34
2008-12-19,24.07,24.36,23.95,24.36,7300,21.95
2008-12-18,24.52,24.52,23.91,23.96,1000,21.59
2008-12-17,20.00,24.96,20.00,24.90,3900,22.44
2008-12-16,24.05,24.05,21.69,24.05,6200,21.67
2008-12-15,23.07,23.47,21.21,22.71,6700,20.46
2008-12-12,22.48,22.48,21.62,21.95,8600,19.78
2008-12-11,23.53,23.53,22.34,22.34,4800,20.13
2008-12-10,22.90,22.90,22.90,22.90,100,20.64
2008-12-09,22.31,22.31,22.31,22.31,1400,20.10
2008-12-08,21.00,22.55,21.00,22.55,4000,20.32
2008-12-05,20.61,20.61,20.61,20.61,100,18.57
2008-12-04,22.50,22.50,20.66,20.66,5700,18.62
2008-12-03,20.48,24.00,20.48,21.09,39400,19.01
2008-12-02,20.37,22.19,20.16,20.97,2200,18.90
2008-12-01,21.40,21.44,19.85,19.85,1800,17.89
2008-11-28,21.44,21.44,21.44,21.44,000,19.32
2008-11-26,21.26,21.44,21.26,21.44,300,19.32
2008-11-25,21.17,21.25,18.84,20.50,13000,18.47
2008-11-24,19.80,21.00,19.21,20.22,3200,18.22
2008-11-21,18.48,20.99,17.89,17.89,2000,16.12
2008-11-20,20.99,20.99,18.19,18.52,4200,16.69
2008-11-19,24.00,24.00,19.35,19.35,6600,17.44
2008-11-18,25.75,25.75,18.53,21.00,19000,18.92
2008-11-17,21.60,21.70,21.39,21.70,1000,19.55
2008-11-14,23.50,25.62,22.20,22.50,2700,20.28
2008-11-13,24.21,24.21,21.02,24.00,2100,21.63
2008-11-12,23.16,24.00,22.39,22.39,2700,20.18
2008-11-11,23.30,27.29,23.17,23.88,6100,21.52
2008-11-10,29.22,29.22,24.25,24.25,3700,21.85
2008-11-07,24.50,26.92,24.50,26.92,16700,24.26
2008-11-06,25.49,25.49,24.22,24.61,4600,22.18
2008-11-05,27.29,28.00,26.52,26.52,14500,23.90
2008-11-04,26.48,26.80,24.78,26.80,5200,24.15
2008-11-03,27.39,27.39,25.97,26.51,3300,23.89
2008-10-31,26.15,26.35,26.15,26.30,1300,23.70
2008-10-30,24.85,24.85,22.81,23.99,13500,21.62
2008-10-29,24.37,25.80,23.24,23.90,7800,21.54
2008-10-28,22.56,26.76,21.74,23.20,9000,20.91
2008-10-27,22.81,23.37,22.81,23.07,500,20.79
2008-10-24,23.75,23.75,23.75,23.75,200,21.40
2008-10-23,25.41,25.41,24.18,24.18,1200,21.79
2008-10-22,26.05,26.85,25.47,25.47,3300,22.95
2008-10-21,28.00,28.10,27.40,27.40,2100,24.69
2008-10-20,27.85,28.85,27.85,28.52,2500,25.70
2008-10-17,27.37,27.37,27.10,27.17,400,24.48
2008-10-16,26.78,26.78,25.85,26.45,1500,23.84
2008-10-15,29.36,29.36,26.90,26.90,2000,24.24
2008-10-14,29.91,30.82,28.65,28.65,2100,25.82
2008-10-13,25.69,29.50,25.69,28.22,3800,25.43
2008-10-10,25.99,27.41,24.70,26.30,3800,23.70
2008-10-09,29.50,29.86,27.10,27.10,1600,24.42
2008-10-08,28.54,29.55,28.54,29.27,1500,26.38
2008-10-07,31.00,31.03,30.03,30.03,2100,27.06
2008-10-06,31.69,31.80,30.37,31.43,6400,28.32
2008-10-03,34.48,34.70,33.65,33.65,3500,30.32
2008-10-02,35.00,35.00,34.37,34.37,1400,30.97
2008-10-01,37.33,37.33,36.00,36.00,300,32.44
2008-09-30,35.65,35.95,35.43,35.90,4700,32.35
2008-09-29,36.25,36.37,35.17,35.17,6500,31.69
2008-09-26,36.90,37.35,36.90,37.30,1000,33.61
2008-09-25,38.78,38.78,37.43,38.53,11000,34.72
2008-09-24,37.86,37.94,36.98,37.18,1700,33.50
2008-09-23,38.00,38.90,36.66,36.66,2900,33.04
2008-09-22,39.77,39.77,37.89,37.89,1300,34.14
2008-09-19,39.43,39.43,38.81,39.31,3100,35.42
2008-09-18,36.45,37.30,35.23,37.30,4000,33.61
2008-09-17,37.30,37.30,35.20,35.20,3500,31.72
2008-09-16,36.52,36.60,35.75,36.60,2300,32.98
2008-09-15,37.05,38.03,37.05,37.42,1500,33.72
2008-09-12,39.00,40.00,38.88,39.50,4200,35.60
2008-09-11,37.25,38.50,37.25,38.50,900,34.69
2008-09-10,38.65,38.74,38.14,38.59,1100,34.78
2008-09-09,39.00,39.00,38.38,38.38,2000,34.59
2008-09-08,39.91,39.91,37.32,39.20,10100,35.32
2008-09-05,38.00,38.00,37.65,37.80,1400,34.06
2008-09-04,39.94,39.94,38.18,38.48,2400,34.68
2008-09-03,39.50,39.50,39.24,39.33,1300,35.44
2008-09-02,39.90,39.90,39.00,39.00,500,35.14
2008-08-29,39.78,39.78,39.51,39.69,3000,35.77
2008-08-28,39.10,40.00,39.10,39.69,4700,35.77
2008-08-27,38.50,38.77,38.50,38.74,1800,34.91
2008-08-26,38.29,38.39,38.29,38.39,400,34.59
2008-08-25,38.99,38.99,37.66,37.79,5200,34.05
2008-08-22,38.20,39.20,37.74,39.20,2500,35.32
2008-08-21,38.30,38.89,38.30,38.57,3100,34.76
2008-08-20,38.61,38.61,37.36,38.05,2500,34.29
2008-08-19,38.45,38.45,38.16,38.16,1300,34.39
2008-08-18,39.64,39.64,39.32,39.32,300,35.43
2008-08-15,39.60,39.60,38.80,39.15,12500,35.28
2008-08-14,39.40,39.50,36.80,38.99,18600,35.14
2008-08-13,40.00,40.00,39.63,39.63,400,35.71
2008-08-12,40.70,40.70,40.35,40.35,900,36.36
2008-08-11,40.50,40.83,40.50,40.83,1400,36.79
2008-08-08,39.59,40.80,39.59,40.60,1200,36.59
2008-08-07,41.00,41.00,39.59,39.59,3700,35.68
2008-08-06,40.32,40.45,40.32,40.45,1100,36.45
2008-08-05,40.44,40.85,39.84,40.85,4800,36.81
2008-08-04,39.94,39.94,39.46,39.65,3600,35.73
2008-08-01,40.25,40.25,40.05,40.05,400,36.09
2008-07-31,40.70,40.70,40.55,40.55,500,36.54
2008-07-30,41.00,41.40,40.60,41.40,5000,37.31
2008-07-29,39.50,40.11,39.48,40.11,1600,36.14
2008-07-28,40.50,40.50,39.92,39.92,700,35.97
2008-07-25,42.00,42.00,40.60,40.62,7500,36.60
2008-07-24,41.90,41.90,40.47,40.77,1200,36.74
2008-07-23,42.00,42.63,41.60,41.95,5100,37.80
2008-07-22,41.82,41.82,40.00,41.00,2800,36.95
2008-07-21,39.91,40.25,39.80,40.23,2000,36.25
2008-07-18,39.08,39.95,39.08,39.95,5400,36.00
2008-07-17,39.08,39.14,38.85,38.85,1200,35.01
2008-07-16,37.30,38.55,37.05,38.50,3500,34.69
2008-07-15,37.52,37.95,35.73,37.00,3700,33.34
2008-07-14,39.20,39.26,37.84,38.08,1900,34.32
2008-07-11,39.02,39.02,38.20,38.62,1500,34.80
2008-07-10,37.98,38.92,37.98,38.84,1600,35.00
2008-07-09,40.30,40.30,37.75,39.06,5200,35.20
2008-07-08,38.80,39.75,38.34,39.65,3100,35.73
2008-07-07,38.26,39.65,38.26,39.19,2700,35.32
2008-07-03,39.00,39.23,38.72,38.72,2200,34.89
2008-07-02,39.66,39.85,38.00,38.09,5900,34.32
2008-07-01,39.77,39.81,38.33,38.86,1300,35.02
2008-06-30,41.70,41.70,40.00,40.00,1000,36.05
2008-06-27,40.47,40.77,39.85,40.00,4300,36.05
2008-06-26,41.35,41.35,39.35,39.35,3800,35.46
2008-06-25,41.50,41.63,40.83,41.54,1300,37.43
2008-06-24,41.20,41.50,40.73,41.16,2500,37.09
2008-06-23,42.10,42.10,41.52,41.52,1600,37.42
2008-06-20,42.94,42.94,42.25,42.55,1600,38.01
2008-06-19,42.77,43.00,42.46,42.88,2200,38.31
2008-06-18,43.20,43.31,42.80,43.31,1000,38.69
2008-06-17,44.10,44.10,43.40,43.40,1600,38.77
2008-06-16,43.59,43.65,43.55,43.65,500,39.00
2008-06-13,42.86,42.96,42.86,42.93,500,38.35
2008-06-12,43.10,43.10,42.67,42.67,700,38.12
2008-06-11,43.36,43.36,42.97,42.97,600,38.39
2008-06-10,43.65,43.65,43.57,43.57,300,38.93
2008-06-09,45.15,46.05,44.41,44.41,23200,39.68
2008-06-06,46.00,46.00,44.95,44.95,2200,40.16
2008-06-05,46.10,46.15,45.95,46.06,1400,41.15
2008-06-04,45.86,45.86,45.48,45.48,3500,40.63
2008-06-03,46.00,46.00,46.00,46.00,100,41.10
2008-06-02,45.90,45.90,45.48,45.49,800,40.64
2008-05-30,46.00,46.10,46.00,46.10,300,41.19
2008-05-29,45.75,47.00,45.74,46.19,5100,41.27
2008-05-28,45.55,45.74,45.54,45.74,500,40.86
2008-05-27,45.60,45.75,45.60,45.75,300,40.87
2008-05-23,45.49,45.91,45.49,45.91,300,41.02
2008-05-22,46.00,46.10,45.80,46.05,500,41.14
2008-05-21,47.05,47.25,45.90,45.90,3100,41.01
2008-05-20,47.20,47.20,45.40,46.20,3700,41.27
2008-05-19,47.58,48.40,47.30,47.30,3000,42.26
2008-05-16,47.86,47.86,47.39,47.64,1700,42.56
2008-05-15,47.40,48.05,47.40,48.05,600,42.93
2008-05-14,47.43,48.11,47.43,47.90,1400,42.79
2008-05-13,46.98,46.98,46.84,46.92,1200,41.92
2008-05-12,46.69,47.24,46.69,47.24,3100,42.20
2008-05-09,46.70,47.15,46.65,46.74,2700,41.76
2008-05-08,49.08,49.08,47.14,47.18,4700,42.15
2008-05-07,47.77,47.94,47.05,47.05,4300,42.03
2008-05-06,48.33,48.79,48.33,48.79,1000,43.59
2008-05-05,48.55,48.89,48.52,48.60,3400,43.42
2008-05-02,48.59,49.14,47.24,48.03,4200,42.91
2008-05-01,47.45,48.03,47.45,48.03,1700,42.91
2008-04-30,47.60,48.12,47.60,48.12,2400,42.99
2008-04-29,47.49,47.60,46.80,47.60,2700,42.53
2008-04-28,47.72,47.72,47.14,47.24,1300,42.20
2008-04-25,49.30,49.38,47.35,47.80,1200,42.70
2008-04-24,46.54,47.21,46.54,47.12,1000,42.10
2008-04-23,46.17,46.17,46.17,46.17,000,41.25
2008-04-22,46.53,46.67,46.17,46.17,1300,41.25
2008-04-21,46.81,46.94,46.81,46.86,500,41.86
2008-04-18,46.55,47.19,46.55,47.16,1100,42.13
2008-04-17,46.30,46.64,45.98,46.64,2300,41.67
2008-04-16,46.67,46.82,45.90,46.82,5000,41.83
2008-04-15,44.90,44.98,44.80,44.98,1300,40.18
2008-04-14,44.50,45.09,44.32,44.47,2600,39.73
2008-04-11,45.26,45.39,44.98,45.18,3300,40.36
2008-04-10,45.20,46.64,45.00,45.59,7700,40.73
2008-04-09,45.85,45.85,45.11,45.30,1500,40.47
2008-04-08,46.61,46.71,46.30,46.50,1400,41.54
2008-04-07,47.25,47.35,46.99,47.15,800,42.12
2008-04-04,46.89,47.20,46.57,46.65,4500,41.68
2008-04-03,46.81,46.94,45.70,46.82,3200,41.83
2008-04-02,46.50,46.72,46.32,46.72,700,41.74
2008-04-01,45.08,45.30,45.08,45.29,800,40.46
2008-03-31,44.36,44.66,44.29,44.54,2600,39.79
2008-03-28,44.45,45.50,44.09,44.52,13000,39.77
2008-03-27,44.66,44.87,44.62,44.77,1000,40.00
2008-03-26,44.72,44.72,43.51,44.03,2600,39.34
2008-03-25,44.27,44.51,43.92,44.51,1700,39.76
2008-03-24,44.00,44.77,44.00,44.77,300,40.00
2008-03-20,43.88,43.88,42.16,42.43,2700,37.91
2008-03-19,43.50,43.73,42.21,42.21,6200,37.71
2008-03-18,42.97,43.08,42.97,43.08,200,38.49
2008-03-17,41.30,42.10,40.00,41.49,4900,37.07
2008-03-14,42.90,42.90,41.82,42.41,4800,37.89
2008-03-13,42.45,43.16,41.82,43.16,4000,38.56
2008-03-12,43.36,43.48,43.18,43.30,1400,38.68
2008-03-11,42.25,42.56,42.00,42.00,4200,37.52
2008-03-10,42.00,42.00,41.00,41.00,4400,36.63
2008-03-07,42.00,44.59,41.00,41.60,12300,37.17
2008-03-06,43.44,43.44,42.60,42.96,8900,38.38
2008-03-05,42.99,43.55,42.00,42.90,5800,38.33
2008-03-04,43.35,43.35,41.00,41.15,4400,36.76
2008-03-03,43.80,43.80,42.95,43.25,3200,38.64
2008-02-29,44.80,44.80,43.90,44.05,3800,39.35
2008-02-28,45.50,45.50,44.00,44.25,9000,39.53
2008-02-27,45.70,45.78,45.20,45.55,4000,40.69
2008-02-26,44.75,45.25,44.45,45.00,2200,40.20
2008-02-25,43.75,44.35,43.46,44.35,3600,39.62
2008-02-22,43.20,43.50,42.71,43.50,6400,38.86
2008-02-21,44.55,44.55,43.40,43.50,1800,38.86
2008-02-20,43.91,43.91,43.15,43.70,2600,39.04
2008-02-19,44.81,45.45,44.40,45.25,8200,40.43
2008-02-15,42.63,44.25,42.63,44.10,8800,39.40
2008-02-14,44.45,44.50,44.45,44.50,1200,39.76
2008-02-13,44.05,44.10,44.00,44.00,800,39.31
2008-02-12,42.97,42.97,42.97,42.97,000,38.39
2008-02-11,43.00,43.00,42.97,42.97,800,38.39
2008-02-08,43.75,43.80,43.00,43.31,12900,38.69
2008-02-07,43.90,44.00,43.15,43.30,3900,38.68
2008-02-06,44.60,44.60,44.35,44.35,400,39.62
2008-02-05,45.61,45.61,44.57,45.00,15100,40.20
2008-02-04,47.86,47.86,45.70,46.00,9700,41.10
2008-02-01,46.00,46.00,45.00,46.00,2600,41.10
2008-01-31,44.80,45.70,44.50,45.70,6800,40.83
2008-01-30,45.15,48.90,43.65,46.10,15700,41.19
2008-01-29,45.35,46.00,45.10,46.00,2300,41.10
2008-01-28,44.45,45.05,44.24,44.95,3800,40.16
2008-01-25,45.60,45.60,44.35,44.35,2400,39.62
2008-01-24,44.75,45.10,42.60,43.70,9800,39.04
2008-01-23,41.90,43.95,41.45,43.95,5900,39.26
2008-01-22,41.00,42.30,40.80,41.80,7900,37.34
2008-01-18,43.30,43.45,41.80,42.18,4500,37.68
2008-01-17,42.89,43.40,41.80,42.10,5800,37.61
2008-01-16,42.70,42.70,40.49,41.85,16500,37.39
2008-01-15,43.40,43.40,42.40,42.43,2000,37.91
2008-01-14,44.20,44.20,43.96,43.96,600,39.27
2008-01-11,43.80,43.80,42.80,43.00,2900,38.42
2008-01-10,43.70,44.40,43.05,44.35,8000,39.62
2008-01-09,44.10,44.10,43.30,43.90,6200,39.22
2008-01-08,45.02,45.50,44.45,44.55,6700,39.80
2008-01-07,45.10,45.10,44.00,44.15,9500,39.44
2008-01-04,46.10,46.10,44.97,44.97,1900,40.18
2008-01-03,46.95,47.15,46.05,46.10,3400,41.19
2008-01-02,47.35,47.35,46.77,47.05,2800,42.03
2007-12-31,47.25,47.54,46.00,46.90,4800,41.90
2007-12-28,47.25,47.70,47.15,47.18,4900,42.15
2007-12-27,47.35,47.35,47.15,47.15,800,42.12
2007-12-26,47.80,47.80,47.80,47.80,500,42.70
2007-12-24,47.35,48.00,47.35,48.00,300,42.88
2007-12-21,47.40,48.00,47.40,47.50,1700,42.44
2007-12-20,47.00,47.07,46.35,47.00,2000,41.26
2007-12-19,46.40,46.86,44.50,46.00,9300,40.38
2007-12-18,46.45,46.55,45.20,45.85,4700,40.25
2007-12-17,46.69,46.75,45.10,45.35,6000,39.81
2007-12-14,48.60,48.60,48.60,48.60,100,42.66
2007-12-13,49.47,49.47,48.98,49.05,1200,43.05
2007-12-12,51.50,51.50,51.00,51.00,1600,44.77
2007-12-11,51.20,51.20,51.20,51.20,100,44.94
2007-12-10,52.20,52.20,52.20,52.20,100,45.82
2007-12-07,51.60,51.60,51.60,51.60,000,45.29
2007-12-06,51.25,51.60,51.20,51.60,1100,45.29
2007-12-05,50.50,50.50,50.45,50.45,400,44.28
2007-12-04,50.55,52.09,50.30,50.46,8000,44.29
2007-12-03,50.90,51.04,50.90,51.04,500,44.80
2007-11-30,51.20,51.20,51.20,51.20,300,44.94
2007-11-29,48.50,48.50,48.50,48.50,000,42.57
2007-11-28,48.50,48.50,48.50,48.50,000,42.57
2007-11-27,48.50,48.50,48.50,48.50,100,42.57
2007-11-26,49.01,49.01,48.60,48.60,500,42.66
2007-11-23,48.33,48.33,48.33,48.33,000,42.42
2007-11-21,48.32,48.33,48.22,48.33,400,42.42
2007-11-20,48.56,48.56,48.56,48.56,200,42.62
2007-11-19,49.75,49.75,49.22,49.22,400,43.20
2007-11-16,50.30,50.30,50.30,50.30,200,44.15
2007-11-15,51.30,51.30,51.06,51.06,600,44.82
2007-11-14,52.12,52.12,52.12,52.12,200,45.75
2007-11-13,52.15,52.15,52.15,52.15,100,45.78
2007-11-12,50.30,50.55,50.30,50.53,800,44.35
2007-11-09,50.44,50.99,50.44,50.99,800,44.76
2007-11-08,52.40,52.40,52.40,52.40,000,46.00
2007-11-07,52.50,52.63,52.40,52.40,700,46.00
2007-11-06,52.06,52.15,52.06,52.15,500,45.78
2007-11-05,51.82,51.82,51.62,51.62,400,45.31
2007-11-02,53.30,53.30,53.05,53.05,200,46.57
2007-11-01,54.05,54.15,53.90,53.90,600,47.31
2007-10-31,54.55,54.81,54.55,54.81,200,48.11
2007-10-30,54.14,54.14,54.14,54.14,700,47.52
2007-10-29,54.00,54.10,53.95,54.10,300,47.49
2007-10-26,54.05,54.05,53.96,53.96,700,47.36
2007-10-25,53.20,53.40,52.75,53.40,900,46.87
2007-10-24,52.65,52.65,52.05,52.07,400,45.71
2007-10-23,52.60,52.70,52.50,52.50,400,46.08
2007-10-22,51.40,53.00,51.35,53.00,500,46.52
2007-10-19,52.30,52.30,50.59,51.45,3200,45.16
2007-10-18,53.00,53.30,53.00,53.25,1400,46.74
2007-10-17,53.63,53.63,53.10,53.10,2800,46.61
2007-10-16,53.35,53.55,52.95,52.95,1400,46.48
2007-10-15,54.22,54.30,54.00,54.22,5000,47.59
2007-10-12,55.20,55.20,55.20,55.20,100,48.45
2007-10-11,55.25,55.25,55.25,55.25,900,48.50
2007-10-10,55.20,55.40,55.20,55.40,700,48.63
2007-10-09,54.90,54.95,54.90,54.95,1600,48.23
2007-10-08,54.60,54.65,54.60,54.60,1600,47.93
2007-10-05,54.80,54.95,54.80,54.95,400,48.23
2007-10-04,54.15,54.15,54.15,54.15,400,47.53
2007-10-03,54.55,54.55,54.43,54.43,1700,47.78
2007-10-02,54.50,56.00,54.50,56.00,1300,49.16
2007-10-01,53.50,53.50,53.50,53.50,000,46.96
2007-09-28,53.70,53.70,53.50,53.50,200,46.96
2007-09-27,53.65,53.65,53.63,53.63,3300,47.07
2007-09-26,53.00,53.00,53.00,53.00,100,46.52
2007-09-25,52.53,52.53,52.53,52.53,100,46.11
2007-09-24,52.42,52.42,52.42,52.42,300,46.01
2007-09-21,52.40,52.43,52.40,52.43,500,46.02
2007-09-20,52.48,52.48,52.40,52.40,1000,46.00
2007-09-19,52.93,53.00,52.93,53.00,200,46.52
2007-09-18,50.10,50.10,50.10,50.10,000,43.98
2007-09-17,50.10,50.10,50.10,50.10,100,43.98
2007-09-14,50.95,50.95,50.95,50.95,700,44.72
2007-09-13,48.80,48.80,48.80,48.80,000,42.84
2007-09-12,48.80,48.80,48.80,48.80,000,42.84
2007-09-11,48.80,48.80,48.80,48.80,000,42.84
2007-09-10,48.80,48.80,48.80,48.80,200,42.84
2007-09-07,50.46,50.46,50.46,50.46,000,44.29
2007-09-06,50.46,50.46,50.46,50.46,000,44.29
2007-09-05,50.53,50.53,50.46,50.46,400,44.29
2007-09-04,49.50,49.50,49.50,49.50,000,43.45
2007-08-31,49.50,49.50,49.50,49.50,000,43.45
2007-08-30,49.30,49.50,49.30,49.50,300,43.45