2011-05-10,25.88,25.89,25.88,25.89,400,25.89
2011-05-09,25.65,25.73,25.58,25.73,1500,25.73
2011-05-06,26.23,26.23,25.60,25.61,800,25.61
2011-05-05,25.46,25.49,25.42,25.45,600,25.45
2011-05-04,25.60,25.61,25.60,25.60,400,25.60
2011-05-03,25.95,25.96,25.79,25.81,1700,25.81
2011-05-02,26.15,26.20,26.03,26.10,1800,26.10
2011-04-29,26.11,26.11,26.04,26.07,1900,26.07
2011-04-28,25.98,25.99,25.93,25.99,1200,25.99
2011-04-27,25.79,25.94,25.70,25.94,1000,25.94
2011-04-26,25.60,25.77,25.60,25.77,800,25.77
2011-04-25,25.45,25.45,25.39,25.39,1200,25.39
2011-04-21,25.55,25.55,25.34,25.44,1400,25.44
2011-04-20,25.37,25.41,25.29,25.33,1100,25.33
2011-04-19,24.91,25.01,24.91,25.01,400,25.01
2011-04-18,24.76,24.76,24.76,24.76,000,24.76
2011-04-15,24.76,24.76,24.76,24.76,000,24.76
2011-04-14,24.76,24.76,24.76,24.76,300,24.76
2011-04-13,25.16,25.16,25.16,25.16,200,25.16
2011-04-12,25.26,25.26,25.26,25.26,000,25.26
2011-04-11,25.40,25.40,25.26,25.26,1500,25.26
2011-04-08,25.59,25.59,25.59,25.59,000,25.59
2011-04-07,25.59,25.59,25.59,25.59,000,25.59
2011-04-06,25.55,25.60,25.55,25.59,300,25.59
2011-04-05,25.65,25.65,25.65,25.65,000,25.65
2011-04-04,25.64,25.65,25.64,25.65,200,25.65
2011-04-01,25.66,25.69,25.66,25.69,400,25.69
2011-03-31,25.38,25.96,23.93,25.45,32500,25.45
2011-03-30,25.30,25.33,25.30,25.33,200,25.33