2011-05-10,77.90,77.90,77.90,77.90,000,77.90
2011-05-09,77.90,77.90,77.90,77.90,000,77.90
2011-05-06,77.90,77.90,77.90,77.90,200,77.90
2011-05-05,77.73,77.75,77.71,77.75,700,77.75
2011-05-04,77.60,77.60,77.60,77.60,000,77.60
2011-05-03,77.60,77.60,77.60,77.60,200,77.60
2011-05-02,77.52,77.52,77.48,77.48,700,77.48
2011-04-29,77.11,77.11,77.11,77.11,000,77.11
2011-04-28,77.11,77.11,77.11,77.11,000,77.01
2011-04-27,77.16,77.16,77.11,77.11,500,77.01
2011-04-26,77.11,77.11,77.11,77.11,000,77.01
2011-04-25,77.11,77.11,77.11,77.11,000,77.01
2011-04-21,77.11,77.11,77.11,77.11,000,77.01
2011-04-20,77.11,77.11,77.11,77.11,000,77.01
2011-04-19,77.11,77.11,77.11,77.11,200,77.01
2011-04-18,76.94,76.94,76.94,76.94,100,76.84
2011-04-15,76.58,76.58,76.58,76.58,000,76.48
2011-04-14,76.58,76.58,76.58,76.58,000,76.48
2011-04-13,76.58,76.58,76.58,76.58,000,76.48
2011-04-12,76.58,76.58,76.58,76.58,300,76.48
2011-04-11,76.21,76.34,76.19,76.34,1100,76.24
2011-04-08,76.17,76.21,76.17,76.21,600,76.11
2011-04-07,76.31,76.31,76.31,76.31,200,76.21
2011-04-06,76.30,76.30,76.30,76.30,500,76.20
2011-04-05,76.49,76.49,76.34,76.35,1200,76.25
2011-04-04,76.63,76.63,76.63,76.63,200,76.53
2011-04-01,76.36,76.37,76.29,76.35,18000,76.25
2011-03-31,76.58,76.58,76.55,76.55,500,76.45
2011-03-30,76.52,76.65,76.52,76.65,200,76.44
2011-03-29,76.44,76.44,76.41,76.41,300,76.20
2011-03-28,76.52,76.60,76.52,76.60,400,76.39
2011-03-25,76.88,76.88,76.84,76.84,700,76.63
2011-03-24,76.93,76.93,76.91,76.91,400,76.70
2011-03-23,77.03,77.03,77.00,77.00,200,76.79
2011-03-22,77.05,77.05,77.00,77.00,9800,76.79
2011-03-21,77.27,77.27,77.15,77.15,2200,76.94
2011-03-18,77.34,77.44,77.34,77.41,700,77.20
2011-03-17,77.53,77.53,77.37,77.48,39800,77.27
2011-03-16,77.60,77.78,77.60,77.70,57500,77.49
2011-03-15,77.47,77.47,77.40,77.45,1400,77.24
2011-03-14,77.26,77.36,77.18,77.18,9900,76.97
2011-03-11,76.99,77.02,76.97,77.00,9100,76.79
2011-03-10,76.75,76.97,76.75,76.92,3200,76.71
2011-03-09,76.44,76.44,76.44,76.44,000,76.23
2011-03-08,76.44,76.44,76.44,76.44,000,76.23
2011-03-07,76.42,76.44,76.42,76.44,3000,76.23
2011-03-04,76.35,76.57,76.35,76.56,5700,76.35
2011-03-03,76.17,76.17,76.13,76.13,15500,75.92
2011-03-02,76.75,76.75,76.75,76.75,300,76.54
2011-03-01,76.70,76.70,76.70,76.70,000,76.49
2011-02-28,76.69,76.70,76.69,76.70,300,76.49
2011-02-25,76.61,76.62,76.61,76.62,1200,76.32
2011-02-24,76.60,76.60,76.54,76.54,300,76.24
2011-02-23,76.12,76.12,76.12,76.12,000,75.82
2011-02-22,76.12,76.12,76.12,76.12,000,75.82
2011-02-18,76.12,76.12,76.12,76.12,400,75.82
2011-02-17,76.08,76.14,76.08,76.14,1300,75.84
2011-02-16,75.79,75.84,75.79,75.84,500,75.54
2011-02-15,75.85,75.85,75.85,75.85,000,75.55
2011-02-14,75.85,75.85,75.85,75.85,000,75.55
2011-02-11,75.84,75.85,75.84,75.85,200,75.55
2011-02-10,75.86,75.86,75.85,75.85,1100,75.55
2011-02-09,75.75,76.01,75.75,76.01,2300,75.71
2011-02-08,75.96,75.96,75.71,75.71,4100,75.41
2011-02-07,75.92,76.07,75.92,76.07,900,75.77
2011-02-04,76.65,76.65,76.65,76.65,000,76.35
2011-02-03,76.65,76.65,76.65,76.65,000,76.35
2011-02-02,76.68,76.68,76.65,76.65,200,76.35
2011-02-01,76.97,76.97,76.95,76.95,400,76.65
2011-01-31,77.15,77.15,77.15,77.15,000,76.85
2011-01-28,77.15,77.15,77.15,77.15,000,76.65
2011-01-27,77.15,77.15,77.15,77.15,200,76.65
2011-01-26,77.07,77.07,77.06,77.06,700,76.56
2011-01-25,77.14,77.14,76.98,76.98,300,76.48
2011-01-24,77.01,77.01,77.01,77.01,200,76.51
2011-01-21,76.94,76.99,76.94,76.99,500,76.49
2011-01-20,76.84,76.86,76.84,76.86,6000,76.36
2011-01-19,77.26,77.26,77.20,77.20,500,76.70
2011-01-18,77.12,77.12,77.12,77.12,100,76.62
2011-01-14,77.41,77.41,77.41,77.41,200,76.91
2011-01-13,77.06,77.28,77.04,77.28,429800,76.78
2011-01-12,76.84,76.84,76.84,76.84,100,76.34
2011-01-11,77.17,77.17,77.17,77.17,300,76.67
2011-01-10,77.20,77.24,77.19,77.24,400,76.74
2011-01-07,77.11,77.11,77.11,77.11,300,76.61
2011-01-06,76.66,76.66,76.65,76.65,1300,76.15
2011-01-05,76.70,76.70,76.70,76.70,000,76.20
2011-01-04,76.70,76.70,76.70,76.70,000,76.20
2011-01-03,76.74,76.74,76.70,76.70,700,76.20
2010-12-31,76.91,76.95,76.91,76.95,1300,76.45
2010-12-30,76.88,76.88,76.88,76.88,000,76.38
2010-12-29,76.54,76.88,76.54,76.88,2200,76.38
2010-12-28,76.74,76.74,76.50,76.50,700,75.86
2010-12-27,76.70,76.84,76.62,76.84,3500,76.19
2010-12-23,76.99,76.99,76.99,76.99,000,76.34
2010-12-22,77.07,77.07,76.95,76.99,600,76.34
2010-12-21,77.11,77.11,76.96,76.96,1500,76.31
2010-12-20,77.27,77.31,77.06,77.09,4800,76.44
2010-12-17,76.84,77.04,76.84,77.04,2200,76.39
2010-12-16,76.56,76.58,76.46,76.58,1400,75.94
2010-12-15,76.76,76.86,76.55,76.55,4600,75.91
2010-12-14,76.93,76.93,76.61,76.66,28300,76.02
2010-12-13,76.86,77.21,76.85,77.19,5100,76.54
2010-12-10,77.10,77.11,76.98,76.98,4700,76.33
2010-12-09,77.30,77.30,77.11,77.21,13500,76.56
2010-12-08,77.19,77.37,77.19,77.29,2500,76.64
2010-12-07,78.73,78.73,78.73,78.73,100,78.07
2010-12-06,78.86,78.86,78.86,78.86,000,78.20
2010-12-03,78.98,78.99,78.85,78.86,3700,78.20
2010-12-02,78.75,78.75,78.75,78.75,300,78.09
2010-12-01,78.80,78.80,78.80,78.80,400,78.14
2010-11-30,79.40,79.40,79.40,79.40,000,78.73
2010-11-29,79.46,79.46,79.40,79.40,300,78.60
2010-11-26,79.23,79.23,79.23,79.23,200,78.44
2010-11-24,79.44,79.44,79.16,79.16,3100,78.37
2010-11-23,79.72,79.72,79.72,79.72,200,78.92
2010-11-22,79.30,79.30,79.30,79.30,000,78.51
2010-11-19,79.31,79.31,79.30,79.30,12000,78.51
2010-11-18,79.17,79.27,79.17,79.27,400,78.48
2010-11-17,79.44,79.45,79.44,79.45,700,78.65
2010-11-16,79.18,79.19,79.18,79.18,600,78.39
2010-11-15,79.52,79.55,79.52,79.55,300,78.75
2010-11-12,80.07,80.07,80.07,80.07,200,79.27
2010-11-11,80.27,80.27,80.27,80.27,5100,79.47
2010-11-10,79.91,80.17,78.62,80.17,4700,79.37
2010-11-09,80.50,80.50,80.24,80.24,900,79.44
2010-11-08,80.60,80.60,80.57,80.57,800,79.76
2010-11-05,80.78,80.80,80.63,80.63,4700,79.82
2010-11-04,80.44,80.44,80.44,80.44,000,79.63
2010-11-03,80.44,80.44,80.44,80.44,3300,79.63
2010-11-02,80.36,80.36,80.36,80.36,200,79.56
2010-11-01,80.23,80.23,80.23,80.23,800,79.43
2010-10-29,80.18,80.18,80.18,80.18,000,79.38
2010-10-28,80.02,80.18,80.02,80.18,1000,79.26
2010-10-27,79.91,79.91,79.81,79.81,900,78.90
2010-10-26,80.10,80.10,80.08,80.08,1100,79.16
2010-10-25,80.43,80.43,80.36,80.36,300,79.44
2010-10-22,80.39,80.39,80.39,80.39,000,79.47
2010-10-21,80.39,80.39,80.39,80.39,700,79.47
2010-10-20,80.48,80.50,80.48,80.50,800,79.58
2010-10-19,80.45,80.45,80.45,80.45,600,79.53
2010-10-18,80.49,80.49,80.49,80.49,200,79.57
2010-10-15,80.21,80.26,80.18,80.18,3500,79.26
2010-10-14,80.40,80.40,80.20,80.25,2700,79.33
2010-10-13,80.34,80.36,80.34,80.36,700,79.44
2010-10-12,80.55,80.55,80.43,80.44,600,79.52
2010-10-11,80.60,80.60,80.60,80.60,000,79.68
2010-10-08,80.62,80.62,80.60,80.60,1200,79.68
2010-10-07,80.45,80.46,80.45,80.46,800,79.54
2010-10-06,80.47,80.48,80.46,80.48,8900,79.56
2010-10-05,80.19,80.21,80.19,80.21,700,79.29
2010-10-04,80.05,80.05,80.05,80.05,200,79.13
2010-10-01,79.93,79.93,79.93,79.93,000,79.01
2010-09-30,79.63,79.93,79.63,79.93,1700,79.01
2010-09-29,79.66,79.66,79.66,79.66,000,78.63
2010-09-28,79.66,79.66,79.66,79.66,000,78.63
2010-09-27,79.66,79.66,79.66,79.66,000,78.63
2010-09-24,79.67,79.67,79.65,79.66,2300,78.63
2010-09-23,79.94,79.94,79.81,79.81,1200,78.78
2010-09-22,79.91,79.91,79.91,79.91,100,78.88
2010-09-21,79.50,79.54,79.46,79.54,6400,78.51
2010-09-20,79.29,79.41,79.29,79.39,2000,78.36
2010-09-17,79.21,79.32,79.21,79.23,1800,78.20
2010-09-16,79.19,79.19,79.11,79.19,1200,78.17
2010-09-15,79.29,79.30,79.25,79.26,3400,78.23
2010-09-14,79.24,79.24,79.23,79.24,400,78.21
2010-09-13,78.83,79.07,78.83,79.07,8600,78.05
2010-09-10,78.78,78.83,78.78,78.80,10000,77.78
2010-09-09,79.03,79.03,78.88,78.89,1900,77.87
2010-09-08,79.27,79.35,79.24,79.24,27600,78.21
2010-09-07,79.28,79.40,79.28,79.40,2000,78.37
2010-09-03,78.96,79.12,78.96,79.04,2800,78.02
2010-09-02,79.34,79.34,79.34,79.34,100,78.31
2010-09-01,79.44,79.45,79.37,79.37,26300,78.34
2010-08-31,79.62,79.63,79.58,79.63,22600,78.60
2010-08-30,79.46,79.62,79.46,79.62,700,78.59
2010-08-27,79.35,79.35,79.35,79.35,200,78.32
2010-08-26,79.61,79.61,79.60,79.60,300,78.57
2010-08-25,79.61,79.61,79.56,79.56,500,78.53
2010-08-24,79.69,79.73,79.69,79.73,2900,78.70
2010-08-23,79.37,79.44,79.35,79.44,1000,78.41
2010-08-20,79.50,79.50,79.50,79.50,300,78.47
2010-08-19,79.37,79.55,79.34,79.49,7900,78.46
2010-08-18,79.51,79.51,79.35,79.35,7400,78.32
2010-08-17,79.40,79.40,79.34,79.34,900,78.31
2010-08-16,79.50,79.50,79.50,79.50,700,78.47
2010-08-13,79.29,79.31,79.26,79.31,1800,78.28
2010-08-12,79.25,79.25,79.22,79.22,800,78.20
2010-08-11,79.43,79.43,79.33,79.33,900,78.30
2010-08-10,78.88,79.05,78.88,79.05,4400,78.03
2010-08-09,78.98,78.98,78.97,78.97,2600,77.95
2010-08-06,79.02,79.02,79.02,79.02,300,78.00
2010-08-05,78.68,78.80,78.68,78.80,1000,77.78
2010-08-04,78.68,78.68,78.68,78.68,800,77.66
2010-08-03,78.69,78.88,78.69,78.88,1800,77.86
2010-08-02,78.47,78.61,77.07,78.50,90000,77.48
2010-07-30,78.54,78.54,78.54,78.54,100,77.52
2010-07-29,78.04,78.04,78.04,78.04,000,76.90
2010-07-28,78.04,78.04,78.04,78.04,000,76.90
2010-07-27,77.99,78.04,77.99,78.04,700,76.90
2010-07-26,78.15,78.15,78.15,78.15,600,77.01
2010-07-23,78.37,78.37,78.20,78.20,1400,77.06
2010-07-22,78.35,78.35,78.35,78.35,1800,77.21
2010-07-21,78.38,78.38,78.38,78.38,000,77.24
2010-07-20,78.35,78.39,78.35,78.38,600,77.24
2010-07-19,78.34,78.34,78.24,78.27,1600,77.13
2010-07-16,78.14,78.36,78.14,78.36,13100,77.22
2010-07-15,78.11,78.11,78.11,78.11,300,76.97
2010-07-14,77.73,77.73,77.73,77.73,600,76.59
2010-07-13,77.62,77.63,77.58,77.63,2600,76.50
2010-07-12,77.81,77.84,77.81,77.82,5300,76.68
2010-07-09,77.75,77.75,77.72,77.72,2500,76.58
2010-07-08,77.81,77.81,77.81,77.81,400,76.67
2010-07-07,77.97,77.97,77.94,77.94,5400,76.80
2010-07-06,77.90,77.90,77.90,77.90,200,76.76
2010-07-02,77.80,77.80,77.80,77.80,300,76.66
2010-07-01,77.88,77.88,77.86,77.86,700,76.72
2010-06-30,77.92,77.93,77.80,77.93,2100,76.79
2010-06-29,78.02,78.04,78.02,78.04,400,76.75
2010-06-28,77.80,77.85,77.80,77.85,300,76.57
2010-06-25,77.56,77.65,77.56,77.61,5600,76.33
2010-06-24,77.56,77.56,77.56,77.56,700,76.28
2010-06-23,77.44,77.44,77.37,77.39,10700,76.11
2010-06-22,77.35,77.35,77.35,77.35,200,76.07
2010-06-21,76.90,77.06,76.89,77.05,14000,75.78
2010-06-18,77.13,77.15,77.13,77.15,800,75.88
2010-06-17,76.95,76.95,76.95,76.95,000,75.68
2010-06-16,76.94,76.95,76.94,76.95,400,75.68
2010-06-15,77.02,77.02,76.86,76.86,600,75.59
2010-06-14,76.78,76.97,76.78,76.97,15400,75.70
2010-06-11,76.98,76.98,76.98,76.98,200,75.71
2010-06-10,76.82,76.82,76.82,76.82,300,75.55
2010-06-09,77.17,77.17,77.17,77.17,000,75.90
2010-06-08,77.26,77.26,77.17,77.17,1100,75.90
2010-06-07,77.10,77.28,77.10,77.28,1500,76.00
2010-06-04,76.98,77.13,76.98,77.13,2400,75.86
2010-06-03,76.49,76.49,76.47,76.49,600,75.23
2010-06-02,76.81,76.81,76.81,76.81,000,75.54
2010-06-01,76.81,76.81,76.81,76.81,400,75.54
2010-05-28,76.67,76.67,76.67,76.67,000,75.40
2010-05-27,76.67,76.67,76.67,76.67,600,75.28
2010-05-26,76.90,76.90,76.77,76.87,1800,75.47
2010-05-25,77.33,77.33,77.21,77.21,800,75.81
2010-05-24,77.13,77.13,77.02,77.02,900,75.62
2010-05-21,77.13,77.13,77.08,77.08,1500,75.68
2010-05-20,77.00,77.09,76.98,77.09,2300,75.69
2010-05-19,76.74,76.87,76.67,76.67,5200,75.28
2010-05-18,76.69,76.73,76.69,76.73,200,75.34
2010-05-17,76.54,76.54,76.54,76.54,400,75.15
2010-05-14,76.19,76.19,76.19,76.19,000,74.81
2010-05-13,76.19,76.19,76.19,76.19,1000,74.81
2010-05-12,76.00,76.00,76.00,76.00,000,74.62
2010-05-11,76.00,76.00,76.00,76.00,000,74.62
2010-05-10,76.05,76.12,76.00,76.00,900,74.62
2010-05-07,76.33,76.33,76.33,76.33,700,74.94
2010-05-06,75.76,75.76,75.76,75.76,000,74.38
2010-05-05,75.76,75.76,75.76,75.76,000,74.38
2010-05-04,75.82,75.82,75.74,75.76,700,74.38
2010-05-03,75.53,75.53,75.53,75.53,400,74.16
2010-04-30,75.57,75.57,75.57,75.57,200,74.20
2010-04-29,75.44,75.44,75.44,75.44,200,73.93
2010-04-28,75.52,75.54,75.39,75.41,5800,73.91
2010-04-27,75.66,75.66,75.64,75.64,300,74.13
2010-04-26,75.21,75.21,75.21,75.21,100,73.71
2010-04-23,75.31,75.31,75.31,75.31,000,73.81
2010-04-22,75.44,75.44,75.31,75.31,1700,73.81
2010-04-21,75.26,75.39,75.26,75.39,27500,73.89
2010-04-20,75.20,75.20,75.20,75.20,100,73.70
2010-04-19,75.46,75.46,75.34,75.34,4600,73.84
2010-04-16,75.35,75.50,75.35,75.50,500,73.99
2010-04-15,75.05,75.07,75.05,75.06,900,73.56
2010-04-14,75.17,75.17,75.17,75.17,300,73.67
2010-04-13,75.13,75.17,75.13,75.17,1500,73.67
2010-04-12,75.05,75.07,75.05,75.07,600,73.57
2010-04-09,74.83,74.91,74.83,74.91,700,73.42
2010-04-08,75.07,75.07,74.99,74.99,300,73.49
2010-04-07,74.67,74.93,74.67,74.93,9500,73.43
2010-04-06,74.46,74.46,74.46,74.46,000,72.97
2010-04-05,74.46,74.46,74.46,74.46,900,72.97
2010-04-01,74.99,74.99,74.97,74.97,1300,73.47
2010-03-31,75.13,75.13,75.13,75.13,500,73.63
2010-03-30,75.09,75.09,75.09,75.09,000,73.45
2010-03-29,75.16,75.16,75.08,75.09,2400,73.45
2010-03-26,74.98,75.07,74.98,75.07,1300,73.43
2010-03-25,74.95,74.95,74.94,74.94,200,73.30
2010-03-24,75.12,75.12,75.12,75.12,1000,73.48
2010-03-23,75.65,75.65,75.58,75.58,1100,73.92
2010-03-22,75.59,75.60,75.59,75.60,2000,73.94
2010-03-19,75.56,75.56,75.47,75.47,1200,73.82
2010-03-18,75.68,75.68,75.68,75.68,1500,74.02
2010-03-17,75.75,75.75,75.75,75.75,000,74.09
2010-03-16,75.56,75.75,75.56,75.75,900,74.09
2010-03-15,75.53,75.57,75.49,75.57,600,73.92
2010-03-12,75.52,75.59,75.51,75.59,3600,73.93
2010-03-11,75.56,75.56,75.53,75.53,2100,73.88
2010-03-10,75.62,75.66,75.58,75.64,15600,73.98
2010-03-09,75.75,75.77,75.69,75.77,3800,74.11
2010-03-08,75.69,75.69,75.69,75.69,3000,74.03
2010-03-05,75.89,75.89,75.89,75.89,000,74.23
2010-03-04,75.89,75.89,75.89,75.89,000,74.23
2010-03-03,75.89,75.89,75.89,75.89,200,74.23
2010-03-02,75.85,75.85,75.85,75.85,000,74.19
2010-03-01,75.85,75.85,75.85,75.85,800,74.19
2010-02-26,75.73,75.81,75.73,75.81,4200,74.15
2010-02-25,75.64,75.64,75.64,75.64,000,73.86
2010-02-24,75.64,75.64,75.64,75.64,000,73.86
2010-02-23,75.62,75.67,75.58,75.64,26200,73.86
2010-02-22,75.34,75.34,75.34,75.34,000,73.57
2010-02-19,75.34,75.34,75.34,75.34,000,73.57
2010-02-18,75.47,75.48,75.31,75.34,2100,73.57
2010-02-17,75.66,75.66,75.66,75.66,500,73.88
2010-02-16,75.59,75.72,75.59,75.72,1200,73.94
2010-02-12,75.67,75.67,75.67,75.67,200,73.89
2010-02-11,75.56,75.57,75.44,75.57,7200,73.79
2010-02-10,75.76,75.76,75.64,75.64,400,73.86
2010-02-09,75.96,75.96,75.96,75.96,000,74.17
2010-02-08,75.94,75.96,75.90,75.96,18500,74.17
2010-02-05,75.84,76.04,75.84,75.99,24200,74.20
2010-02-04,75.45,75.45,75.45,75.45,000,73.68
2010-02-03,75.50,75.50,75.45,75.45,300,73.68
2010-02-02,75.59,75.60,75.59,75.60,25900,73.82
2010-02-01,75.55,75.55,75.55,75.55,000,73.77
2010-01-29,75.37,75.57,75.37,75.55,32700,73.77
2010-01-28,75.42,75.55,75.42,75.55,2900,73.64
2010-01-27,75.61,75.61,75.61,75.61,000,73.70
2010-01-26,75.70,75.70,75.60,75.61,10800,73.70
2010-01-25,75.64,75.64,75.57,75.61,500,73.70
2010-01-22,75.62,75.64,75.58,75.58,10200,73.67
2010-01-21,75.40,75.40,75.40,75.40,000,73.50
2010-01-20,75.48,75.48,75.40,75.40,700,73.50
2010-01-19,75.28,75.28,75.28,75.28,20000,73.38
2010-01-15,75.36,75.36,75.36,75.36,900,73.46
2010-01-14,75.11,75.17,75.11,75.17,8100,73.27
2010-01-13,75.09,75.09,75.04,75.06,50000,73.17
2010-01-12,75.13,75.13,75.13,75.13,500,73.23
2010-01-11,74.90,74.90,74.90,74.90,300,73.01
2010-01-08,74.81,74.86,74.80,74.85,319000,72.96
2010-01-07,74.77,74.77,74.75,74.77,700,72.88
2010-01-06,74.79,74.79,74.79,74.79,000,72.90
2010-01-05,74.79,74.79,74.79,74.79,300,72.90
2010-01-04,74.52,74.52,74.52,74.52,000,72.64
2009-12-31,74.46,74.52,74.44,74.52,1900,72.64
2009-12-30,74.68,74.70,74.66,74.70,900,72.82
2009-12-29,74.65,74.70,74.59,74.70,29400,72.82
2009-12-28,75.06,75.06,75.06,75.06,000,73.06
2009-12-24,75.06,75.06,75.06,75.06,000,73.06
2009-12-23,75.11,75.11,75.06,75.06,1200,73.06
2009-12-22,75.19,75.19,75.19,75.19,200,73.18
2009-12-21,75.36,75.36,75.29,75.29,300,73.28
2009-12-18,75.80,75.80,75.72,75.73,149800,73.71
2009-12-17,75.64,75.64,75.64,75.64,000,73.62
2009-12-16,75.63,75.64,75.63,75.64,141300,73.62
2009-12-15,75.48,75.48,75.48,75.48,200,73.47
2009-12-14,75.72,75.73,75.72,75.72,400,73.70
2009-12-11,75.72,75.78,75.72,75.78,4900,73.76
2009-12-10,75.82,75.98,75.82,75.94,4800,73.91
2009-12-09,76.10,76.11,76.10,76.10,700,74.07
2009-12-08,76.20,76.25,76.15,76.15,2800,74.12
2009-12-07,75.96,75.96,75.93,75.93,800,73.90
2009-12-04,75.69,75.69,75.69,75.69,500,73.67
2009-12-03,76.06,76.15,76.06,76.15,300,74.12
2009-12-02,76.59,76.59,76.59,76.59,000,74.55
2009-12-01,76.59,76.59,76.59,76.59,000,74.55
2009-11-30,76.49,76.61,76.49,76.59,18700,74.55
2009-11-27,75.82,75.82,75.82,75.82,000,73.69
2009-11-25,75.82,75.82,75.82,75.82,000,73.69
2009-11-24,75.82,75.82,75.82,75.82,000,73.69
2009-11-23,75.82,75.82,75.82,75.82,2100,73.69
2009-11-20,75.91,75.91,75.91,75.91,000,73.78
2009-11-19,75.91,75.91,75.91,75.91,6100,73.78
2009-11-18,75.89,75.89,75.89,75.89,2300,73.76
2009-11-17,75.96,75.96,75.96,75.96,300,73.83
2009-11-16,75.71,75.71,75.70,75.70,200,73.58
2009-11-13,75.60,75.60,75.60,75.60,600,73.48
2009-11-12,75.58,75.58,75.58,75.58,000,73.46
2009-11-11,74.85,75.58,74.73,75.58,34700,73.46
2009-11-10,75.53,75.53,75.53,75.53,6000,73.41
2009-11-09,75.44,75.49,75.44,75.49,7200,73.37
2009-11-06,75.37,75.43,75.37,75.43,6600,73.31
2009-11-05,75.17,75.17,75.17,75.17,4000,73.06
2009-11-04,75.60,75.60,75.20,75.20,31000,73.09