2011-05-10,25.83,25.95,25.79,25.93,5700,25.93
2011-05-09,25.65,25.79,25.61,25.75,13000,25.75
2011-05-06,25.78,25.84,25.60,25.66,3200,25.66
2011-05-05,25.60,25.77,25.46,25.47,24600,25.47
2011-05-04,25.92,25.92,25.72,25.79,2400,25.79
2011-05-03,26.00,26.02,25.85,25.94,5200,25.94
2011-05-02,26.26,26.26,26.00,26.00,8700,26.00
2011-04-29,26.00,26.08,25.98,26.06,4700,26.06
2011-04-28,25.95,26.00,25.90,25.99,6000,25.99
2011-04-27,25.73,25.92,25.73,25.92,1200,25.92
2011-04-26,25.61,25.73,25.56,25.72,8000,25.72
2011-04-25,25.46,25.51,25.46,25.49,6200,25.49
2011-04-21,25.68,25.68,25.44,25.49,2700,25.49
2011-04-20,25.38,25.42,25.36,25.41,4800,25.41
2011-04-19,25.01,25.06,24.97,25.05,4800,25.05
2011-04-18,25.00,25.00,24.80,24.86,4800,24.86
2011-04-15,25.15,25.22,25.12,25.19,1800,25.19
2011-04-14,24.98,25.16,24.93,25.13,2500,25.13
2011-04-13,25.30,25.30,25.07,25.07,2000,25.07
2011-04-12,25.30,25.30,25.07,25.12,3200,25.12
2011-04-11,25.45,25.45,25.25,25.32,1200,25.32
2011-04-08,25.30,25.30,25.30,25.30,200,25.30
2011-04-07,25.38,25.40,25.38,25.40,200,25.40
2011-04-06,25.49,25.49,25.46,25.46,1300,25.46
2011-04-05,25.50,25.50,25.49,25.49,300,25.49
2011-04-04,25.55,25.55,25.41,25.42,1900,25.42
2011-04-01,25.47,25.47,25.41,25.42,6000,25.42
2011-03-31,25.20,25.36,22.89,25.36,47800,25.36
2011-03-30,25.33,25.40,25.33,25.40,3000,25.40