2011-05-10,37.03,37.07,37.03,37.07,300,37.07
2011-05-09,36.50,36.55,36.50,36.55,800,36.55
2011-05-06,36.84,36.96,36.84,36.91,1100,36.91
2011-05-05,36.78,36.79,36.78,36.79,300,36.79
2011-05-04,35.72,35.72,35.57,35.57,300,35.57
2011-05-03,35.65,35.65,35.44,35.44,600,35.44
2011-05-02,36.18,36.18,36.10,36.10,500,36.10
2011-04-29,32.14,36.00,32.14,36.00,1900,36.00
2011-04-28,35.25,35.25,35.25,35.25,000,35.25
2011-04-27,35.02,35.26,35.02,35.25,2000,35.25
2011-04-26,33.68,33.68,33.68,33.68,000,33.68
2011-04-25,33.68,33.68,33.68,33.68,000,33.68
2011-04-21,33.68,33.68,33.68,33.68,000,33.68
2011-04-20,33.94,33.94,33.66,33.68,800,33.68
2011-04-19,33.45,33.47,33.45,33.47,500,33.47
2011-04-18,33.24,33.25,33.21,33.25,400,33.25
2011-04-15,33.45,33.51,33.45,33.51,400,33.51
2011-04-14,33.67,33.67,33.55,33.55,500,33.55
2011-04-13,34.55,34.55,34.55,34.55,000,34.55
2011-04-12,34.55,34.55,34.55,34.55,100,34.55
2011-04-11,33.62,33.62,33.62,33.62,000,33.62
2011-04-08,33.96,33.96,33.61,33.62,700,33.62
2011-04-07,35.04,35.04,35.04,35.04,000,35.04
2011-04-06,35.04,35.04,35.04,35.04,100,35.04
2011-04-05,36.08,36.08,36.08,36.08,000,36.08
2011-04-04,36.08,36.08,36.08,36.08,000,36.08
2011-04-01,36.08,36.08,36.08,36.08,000,36.08
2011-03-31,36.08,36.08,36.08,36.08,000,36.08
2011-03-30,35.85,36.08,35.76,36.08,400,36.08
2011-03-29,35.52,35.52,35.52,35.52,000,35.52
2011-03-28,35.52,35.52,35.52,35.52,000,35.52
2011-03-25,35.72,35.82,35.52,35.52,500,35.52
2011-03-24,35.17,35.18,35.17,35.18,300,35.18
2011-03-23,35.04,35.04,35.04,35.04,000,35.04
2011-03-22,35.04,35.04,35.04,35.04,000,35.04
2011-03-21,35.03,35.04,35.03,35.04,300,35.04
2011-03-18,34.25,34.25,34.25,34.25,000,34.25
2011-03-17,34.79,34.79,34.25,34.25,300,34.25
2011-03-16,34.98,34.98,34.69,34.69,200,34.69
2011-03-15,35.11,35.22,34.97,35.22,300,35.22
2011-03-14,36.64,36.64,36.64,36.64,000,36.64
2011-03-11,36.60,36.65,36.58,36.64,500,36.64
2011-03-10,36.22,36.22,36.21,36.21,500,36.21
2011-03-09,36.56,36.56,36.56,36.56,000,36.56
2011-03-08,35.91,36.56,35.91,36.56,1100,36.56
2011-03-07,35.01,35.01,35.01,35.01,300,35.01
2011-03-04,36.10,36.10,36.10,36.10,000,36.10
2011-03-03,36.10,36.10,36.10,36.10,000,36.10
2011-03-02,36.10,36.10,36.10,36.10,000,36.10
2011-03-01,36.10,36.10,36.10,36.10,000,36.10
2011-02-28,36.10,36.10,36.10,36.10,200,36.10
2011-02-25,35.80,35.80,35.80,35.80,200,35.80
2011-02-24,35.90,35.90,35.90,35.90,000,35.90
2011-02-23,35.90,35.90,35.90,35.90,200,35.90
2011-02-22,36.57,36.57,36.09,36.09,1600,36.09
2011-02-18,38.58,38.58,38.58,38.58,000,38.58
2011-02-17,38.58,38.58,38.58,38.58,000,38.58
2011-02-16,38.58,38.58,38.58,38.58,100,38.58
2011-02-15,38.34,38.35,38.34,38.35,200,38.35
2011-02-14,38.40,38.40,38.40,38.40,100,38.40
2011-02-11,36.86,36.86,36.86,36.86,000,36.86
2011-02-10,36.86,36.86,36.86,36.86,000,36.86
2011-02-09,36.86,36.86,36.86,36.86,000,36.86
2011-02-08,36.86,36.86,36.86,36.86,000,36.86
2011-02-07,36.86,36.86,36.86,36.86,000,36.86
2011-02-04,36.86,36.86,36.86,36.86,100,36.86
2011-02-03,37.16,37.16,37.16,37.16,100,37.16
2011-02-02,38.13,38.13,38.13,38.13,000,38.13
2011-02-01,38.13,38.13,38.13,38.13,000,38.13
2011-01-31,38.13,38.13,38.13,38.13,000,38.13
2011-01-28,38.13,38.13,38.13,38.13,100,38.13
2011-01-27,38.55,38.55,38.55,38.55,000,38.55
2011-01-26,38.55,38.55,38.55,38.55,000,38.55
2011-01-25,38.55,38.55,38.55,38.55,000,38.55
2011-01-24,38.55,38.55,38.55,38.55,300,38.55
2011-01-21,40.82,40.82,40.82,40.82,000,40.82
2011-01-20,40.82,40.82,40.82,40.82,000,40.82
2011-01-19,40.82,40.82,40.82,40.82,000,40.82
2011-01-18,40.82,40.82,40.82,40.82,000,40.82
2011-01-14,40.82,40.82,40.82,40.82,000,40.82
2011-01-13,40.60,40.82,40.60,40.82,200,40.82
2011-01-12,40.40,40.40,40.40,40.40,100,40.40
2011-01-11,40.33,40.33,40.33,40.33,000,40.33
2011-01-10,40.33,40.33,40.33,40.33,000,40.33
2011-01-07,40.33,40.33,40.33,40.33,000,40.33
2011-01-06,40.34,40.34,40.33,40.33,500,40.33
2011-01-05,39.82,39.82,39.82,39.82,500,39.82
2011-01-04,39.70,39.85,39.70,39.82,1300,39.82
2011-01-03,39.35,39.35,39.35,39.35,000,39.35
2010-12-31,39.35,39.35,39.35,39.35,200,39.35
2010-12-30,39.24,39.24,39.24,39.24,000,39.24
2010-12-29,39.24,39.24,39.24,39.24,200,39.24
2010-12-28,39.73,39.73,39.73,39.73,000,39.73
2010-12-27,39.73,39.73,39.73,39.73,000,39.73
2010-12-23,39.73,39.73,39.73,39.73,000,39.73
2010-12-22,39.73,39.73,39.73,39.73,000,39.73
2010-12-21,39.73,39.73,39.73,39.73,300,39.73
2010-12-20,39.21,39.21,39.21,39.21,000,39.21
2010-12-17,39.21,39.21,39.21,39.21,000,39.21
2010-12-16,39.21,39.21,39.21,39.21,000,39.21
2010-12-15,39.06,39.21,38.97,39.21,30000,39.21
2010-12-14,39.53,39.53,39.53,39.53,000,39.53
2010-12-13,39.46,39.53,39.46,39.53,10000,39.53