2011-05-10,25.86,26.02,25.86,25.99,16600,25.99
2011-05-09,25.68,25.80,25.66,25.79,14000,25.79
2011-05-06,25.80,25.86,25.61,25.62,16000,25.62
2011-05-05,25.58,25.77,25.44,25.53,7000,25.53
2011-05-04,25.76,25.80,25.64,25.75,8600,25.75
2011-05-03,26.06,26.06,25.81,25.93,9900,25.93
2011-05-02,26.39,26.39,26.05,26.05,29000,26.05
2011-04-29,26.09,26.12,26.01,26.10,15000,26.10
2011-04-28,25.96,26.06,25.93,26.04,5300,26.04
2011-04-27,25.82,25.96,25.76,25.93,7300,25.93
2011-04-26,25.75,25.83,25.63,25.80,7400,25.80
2011-04-25,25.72,25.72,25.50,25.58,16300,25.58
2011-04-21,25.89,25.89,25.54,25.60,3900,25.60
2011-04-20,25.44,25.47,25.39,25.46,6500,25.46
2011-04-19,25.05,25.08,24.97,25.08,6700,25.08
2011-04-18,25.15,25.15,24.83,24.94,7900,24.94
2011-04-15,25.17,25.25,25.13,25.24,2900,25.24
2011-04-14,25.15,25.15,24.93,25.14,7100,25.14
2011-04-13,25.23,25.24,25.05,25.14,6100,25.14
2011-04-12,25.30,25.30,25.03,25.10,2700,25.10
2011-04-11,25.50,25.50,25.25,25.29,2700,25.29
2011-04-08,25.45,25.47,25.30,25.34,2100,25.34
2011-04-07,25.56,25.56,25.43,25.46,1700,25.46
2011-04-06,25.75,25.75,25.50,25.56,4200,25.56
2011-04-05,25.55,25.60,25.55,25.56,1000,25.56
2011-04-04,25.68,25.68,25.49,25.49,1500,25.49
2011-04-01,25.50,25.55,25.43,25.44,5500,25.44
2011-03-31,25.40,25.42,22.88,25.38,15200,25.38
2011-03-30,25.35,25.42,25.31,25.41,1100,25.41