2011-05-10,31.70,31.70,31.70,31.70,000,31.70
2011-05-09,31.70,31.70,31.70,31.70,000,31.70
2011-05-06,32.06,32.06,31.70,31.70,1200,31.70
2011-05-05,31.34,31.34,31.34,31.34,000,31.34
2011-05-04,31.34,31.34,31.34,31.34,000,31.34
2011-05-03,31.34,31.34,31.34,31.34,000,31.34
2011-05-02,31.34,31.34,31.34,31.34,000,31.34
2011-04-29,31.34,31.34,31.34,31.34,000,31.34
2011-04-28,31.34,31.34,31.34,31.34,000,31.34
2011-04-27,31.34,31.34,31.34,31.34,000,31.34
2011-04-26,31.34,31.34,31.34,31.34,000,31.34
2011-04-25,31.34,31.34,31.34,31.34,000,31.34
2011-04-21,31.34,31.34,31.34,31.34,000,31.34
2011-04-20,31.34,31.34,31.34,31.34,000,31.34
2011-04-19,31.34,31.34,31.34,31.34,000,31.34
2011-04-18,31.34,31.34,31.34,31.34,000,31.34
2011-04-15,31.34,31.34,31.34,31.34,000,31.34
2011-04-14,31.34,31.34,31.34,31.34,000,31.34
2011-04-13,31.34,31.34,31.34,31.34,000,31.34
2011-04-12,31.34,31.34,31.34,31.34,000,31.34
2011-04-11,31.34,31.34,31.34,31.34,000,31.34
2011-04-08,31.34,31.34,31.34,31.34,000,31.34
2011-04-07,31.34,31.34,31.34,31.34,000,31.34
2011-04-06,27.71,31.34,27.71,31.34,9100,31.34
2011-04-05,31.48,31.48,31.32,31.32,15200,31.32
2011-04-04,31.31,31.31,31.31,31.31,100,31.31
2011-04-01,31.09,31.09,31.09,31.09,000,31.09
2011-03-31,31.09,31.09,31.09,31.09,000,31.09
2011-03-30,31.11,31.11,31.09,31.09,500,31.09
2011-03-29,30.14,30.14,30.14,30.14,000,30.14
2011-03-28,30.14,30.14,30.14,30.14,000,30.14
2011-03-25,30.14,30.14,30.14,30.14,000,30.14
2011-03-24,30.14,30.14,30.14,30.14,000,30.10
2011-03-23,30.14,30.14,30.14,30.14,000,30.10
2011-03-22,30.14,30.14,30.14,30.14,000,30.10
2011-03-21,30.14,30.14,30.14,30.14,000,30.10
2011-03-18,30.16,30.16,30.14,30.14,200,30.10
2011-03-17,29.80,29.80,29.80,29.80,000,29.76
2011-03-16,29.73,29.80,29.73,29.80,800,29.76
2011-03-15,30.22,30.22,30.22,30.22,000,30.18
2011-03-14,30.22,30.22,30.22,30.22,000,30.18
2011-03-11,30.22,30.22,30.22,30.22,000,30.18
2011-03-10,30.22,30.22,30.22,30.22,000,30.18
2011-03-09,30.22,30.22,30.22,30.22,000,30.18
2011-03-08,30.17,30.22,30.17,30.22,600,30.18
2011-03-07,30.63,30.68,30.63,30.64,900,30.60
2011-03-04,30.59,30.59,30.59,30.59,000,30.55
2011-03-03,30.59,30.59,30.59,30.59,000,30.55
2011-03-02,30.59,30.59,30.59,30.59,000,30.55
2011-03-01,30.59,30.59,30.59,30.59,300,30.55
2011-02-28,34.45,34.45,31.11,31.13,1000,31.09
2011-02-25,32.34,32.34,32.34,32.34,000,32.30
2011-02-24,32.34,32.34,32.34,32.34,200,32.30
2011-02-23,30.25,30.25,30.25,30.25,200,30.21
2011-02-22,33.40,33.40,30.78,30.78,1000,30.74
2011-02-18,34.78,34.78,31.49,31.49,400,31.45
2011-02-17,31.12,32.46,31.12,32.46,900,32.42
2011-02-16,30.31,30.31,30.31,30.31,000,30.27
2011-02-15,30.31,30.31,30.31,30.31,000,30.27
2011-02-14,30.31,30.31,30.31,30.31,000,30.27
2011-02-11,30.31,30.31,30.31,30.31,000,30.27
2011-02-10,30.31,30.31,30.31,30.31,000,30.27
2011-02-09,30.31,30.31,30.31,30.31,000,30.27
2011-02-08,30.31,30.31,30.31,30.31,000,30.27
2011-02-07,30.31,30.31,30.31,30.31,000,30.27
2011-02-04,30.31,30.31,30.31,30.31,000,30.27
2011-02-03,30.31,30.31,30.31,30.31,800,30.27
2011-02-02,30.43,30.43,30.43,30.43,000,30.39
2011-02-01,30.43,30.43,30.43,30.43,400,30.39
2011-01-31,30.04,30.04,30.04,30.04,400,30.00
2011-01-28,30.09,30.09,30.09,30.09,000,30.05
2011-01-27,30.09,30.09,30.09,30.09,000,30.05
2011-01-26,30.09,30.09,30.09,30.09,000,30.05
2011-01-25,30.09,30.09,30.09,30.09,000,30.05
2011-01-24,30.09,30.09,30.09,30.09,100,30.05
2011-01-21,30.21,30.21,30.21,30.21,000,30.17
2011-01-20,30.21,30.21,30.21,30.21,000,30.17
2011-01-19,30.21,30.21,30.21,30.21,000,30.17
2011-01-18,30.21,30.21,30.21,30.21,000,30.17
2011-01-14,30.12,30.21,30.06,30.21,3100,30.17
2011-01-13,30.10,30.10,30.10,30.10,2000,30.06
2011-01-12,29.94,30.01,29.94,30.01,1600,29.97
2011-01-11,29.62,29.62,29.62,29.62,000,29.58
2011-01-10,29.62,29.62,29.62,29.62,100,29.58
2011-01-07,29.74,29.74,29.74,29.74,000,29.70
2011-01-06,29.74,29.74,29.74,29.74,500,29.70
2011-01-05,29.59,29.59,29.59,29.59,000,29.55
2011-01-04,29.59,29.59,29.59,29.59,000,29.55
2011-01-03,29.59,29.59,29.59,29.59,000,29.55
2010-12-31,29.59,29.59,29.59,29.59,000,29.55
2010-12-30,29.59,29.59,29.59,29.59,600,29.55
2010-12-29,29.63,29.63,29.63,29.63,000,29.59
2010-12-28,29.63,29.63,29.63,29.63,100,29.59
2010-12-27,29.84,29.84,29.84,29.84,000,29.27
2010-12-23,29.84,29.84,29.84,29.84,000,29.27
2010-12-22,29.84,29.84,29.84,29.84,000,29.27
2010-12-21,29.84,29.84,29.84,29.84,000,29.27
2010-12-20,29.84,29.84,29.84,29.84,000,29.27
2010-12-17,29.84,29.84,29.84,29.84,000,29.27
2010-12-16,29.84,29.84,29.84,29.84,000,29.27
2010-12-15,29.84,29.84,29.84,29.84,000,29.27
2010-12-14,29.86,29.86,29.73,29.84,1200,29.27
2010-12-13,29.52,29.52,29.52,29.52,000,28.95
2010-12-10,29.52,29.52,29.52,29.52,000,28.95
2010-12-09,29.64,29.64,29.51,29.52,500,28.95
2010-12-08,29.46,29.46,29.46,29.46,100,28.89
2010-12-07,29.66,29.66,29.66,29.66,100,29.09
2010-12-06,29.48,29.48,29.48,29.48,200,28.91
2010-12-03,28.96,28.96,28.96,28.96,000,28.40
2010-12-02,28.96,28.96,28.96,28.96,000,28.40
2010-12-01,28.96,28.96,28.96,28.96,100,28.40
2010-11-30,28.56,28.56,28.56,28.56,000,28.01
2010-11-29,28.58,28.58,28.56,28.56,300,28.01
2010-11-26,28.16,28.16,28.16,28.16,000,27.62
2010-11-24,28.16,28.16,28.16,28.16,000,27.62
2010-11-23,28.16,28.16,28.16,28.16,000,27.62
2010-11-22,28.16,28.16,28.16,28.16,000,27.62
2010-11-19,28.16,28.16,28.16,28.16,000,27.62
2010-11-18,28.16,28.16,28.16,28.16,000,27.62
2010-11-17,28.16,28.16,28.16,28.16,000,27.62
2010-11-16,28.16,28.16,28.16,28.16,200,27.62
2010-11-15,28.74,28.83,28.74,28.83,800,28.28
2010-11-12,28.39,28.39,28.39,28.39,000,27.84
2010-11-11,28.39,28.39,28.39,28.39,000,27.84
2010-11-10,28.39,28.39,28.39,28.39,000,27.84
2010-11-09,28.39,28.39,28.39,28.39,000,27.84
2010-11-08,28.39,28.39,28.39,28.39,000,27.84
2010-11-05,28.39,28.39,28.39,28.39,000,27.84
2010-11-04,28.39,28.39,28.39,28.39,000,27.84
2010-11-03,28.39,28.39,28.39,28.39,000,27.84
2010-11-02,28.39,28.39,28.39,28.39,000,27.84
2010-11-01,28.39,28.39,28.39,28.39,000,27.84
2010-10-29,28.39,28.39,28.39,28.39,000,27.84
2010-10-28,28.39,28.39,28.39,28.39,200,27.84
2010-10-27,28.40,28.40,28.40,28.40,000,27.85
2010-10-26,28.40,28.40,28.40,28.40,000,27.85
2010-10-25,28.46,28.46,28.40,28.40,1200,27.85
2010-10-22,27.62,27.62,27.62,27.62,000,27.09
2010-10-21,27.62,27.62,27.62,27.62,000,27.09
2010-10-20,27.62,27.62,27.62,27.62,000,27.09
2010-10-19,27.62,27.62,27.62,27.62,000,27.09
2010-10-18,27.62,27.62,27.62,27.62,000,27.09
2010-10-15,27.62,27.62,27.62,27.62,000,27.09
2010-10-14,27.62,27.62,27.62,27.62,000,27.09
2010-10-13,27.62,27.62,27.62,27.62,000,27.09
2010-10-12,27.88,27.88,27.62,27.62,1000,27.09
2010-10-11,27.37,27.37,27.37,27.37,000,26.84
2010-10-08,27.37,27.37,27.37,27.37,000,26.84
2010-10-07,27.37,27.37,27.37,27.37,000,26.84
2010-10-06,27.37,27.37,27.37,27.37,1600,26.84
2010-10-05,26.86,26.86,26.86,26.86,000,26.34
2010-10-04,26.86,26.86,26.86,26.86,000,26.34
2010-10-01,26.86,26.86,26.86,26.86,000,26.34
2010-09-30,26.86,26.86,26.86,26.86,000,26.34
2010-09-29,26.86,26.86,26.86,26.86,000,26.34
2010-09-28,26.86,26.86,26.86,26.86,000,26.34
2010-09-27,26.86,26.86,26.86,26.86,000,26.34
2010-09-24,26.86,26.86,26.86,26.86,000,26.29
2010-09-23,26.86,26.86,26.86,26.86,000,26.29
2010-09-22,26.86,26.86,26.86,26.86,000,26.29
2010-09-21,26.86,26.86,26.86,26.86,000,26.29
2010-09-20,26.86,26.86,26.86,26.86,000,26.29
2010-09-17,26.87,26.87,26.86,26.86,2000,26.29
2010-09-16,26.24,26.24,26.24,26.24,000,25.69
2010-09-15,26.24,26.24,26.24,26.24,000,25.69
2010-09-14,26.24,26.24,26.24,26.24,000,25.69
2010-09-13,26.24,26.24,26.24,26.24,000,25.69
2010-09-10,26.24,26.24,26.24,26.24,000,25.69
2010-09-09,26.24,26.24,26.24,26.24,000,25.69
2010-09-08,26.24,26.24,26.24,26.24,200,25.69
2010-09-07,24.96,24.96,24.96,24.96,000,24.43
2010-09-03,24.96,24.96,24.96,24.96,000,24.43
2010-09-02,24.96,24.96,24.96,24.96,000,24.43
2010-09-01,24.96,24.96,24.96,24.96,000,24.43
2010-08-31,24.96,24.96,24.96,24.96,000,24.43
2010-08-30,24.96,24.96,24.96,24.96,000,24.43
2010-08-27,25.20,25.28,24.96,24.96,500,24.43
2010-08-26,25.74,25.74,25.74,25.74,000,25.20
2010-08-25,25.74,25.74,25.74,25.74,000,25.20
2010-08-24,25.74,25.74,25.74,25.74,000,25.20
2010-08-23,25.74,25.74,25.74,25.74,000,25.20
2010-08-20,25.74,25.74,25.74,25.74,000,25.20
2010-08-19,25.74,25.74,25.74,25.74,100,25.20
2010-08-18,25.81,25.81,25.81,25.81,000,25.27
2010-08-17,25.81,25.81,25.81,25.81,000,25.27
2010-08-16,25.81,25.81,25.81,25.81,000,25.27
2010-08-13,25.81,25.81,25.81,25.81,000,25.27
2010-08-12,25.81,25.81,25.81,25.81,400,25.27
2010-08-11,26.32,26.32,26.06,26.06,200,25.51
2010-08-10,26.81,26.81,26.81,26.81,000,26.24
2010-08-09,26.81,26.81,26.81,26.81,000,26.24
2010-08-06,26.81,26.81,26.81,26.81,000,26.24
2010-08-05,26.81,26.81,26.81,26.81,2000,26.24
2010-08-04,26.79,26.79,26.79,26.79,000,26.22
2010-08-03,26.79,26.79,26.79,26.79,500,26.22
2010-08-02,26.73,26.75,26.72,26.72,1200,26.16
2010-07-30,26.15,26.15,26.15,26.15,1200,25.60
2010-07-29,26.50,26.50,26.50,26.50,000,25.94
2010-07-28,26.50,26.50,26.50,26.50,000,25.94
2010-07-27,26.50,26.50,26.50,26.50,000,25.94
2010-07-26,26.50,26.50,26.50,26.50,500,25.94
2010-07-23,26.22,26.22,26.22,26.22,000,25.67
2010-07-22,26.22,26.22,26.22,26.22,900,25.67
2010-07-21,25.90,25.90,25.87,25.87,7100,25.32
2010-07-20,25.25,25.25,25.25,25.25,10400,24.72
2010-07-19,25.33,25.48,25.33,25.48,13000,24.94
2010-07-16,25.52,25.52,25.50,25.50,8900,24.96
2010-07-15,25.00,25.00,25.00,25.00,000,24.47
2010-07-14,25.00,25.00,25.00,25.00,000,24.47
2010-07-13,25.00,25.00,25.00,25.00,000,24.47
2010-07-12,25.00,25.00,25.00,25.00,000,24.47
2010-07-09,25.00,25.00,25.00,25.00,000,24.47
2010-07-08,25.00,25.00,25.00,25.00,000,24.47
2010-07-07,25.00,25.00,25.00,25.00,000,24.47
2010-07-06,25.00,25.00,25.00,25.00,000,24.47
2010-07-02,25.00,25.00,25.00,25.00,000,24.47
2010-07-01,25.00,25.00,25.00,25.00,000,24.47
2010-06-30,25.00,25.00,25.00,25.00,000,24.47
2010-06-29,25.21,25.21,25.00,25.00,400,24.47
2010-06-28,26.83,26.83,26.83,26.83,000,26.26
2010-06-25,26.83,26.83,26.83,26.83,000,26.26
2010-06-24,26.83,26.83,26.83,26.83,000,26.21
2010-06-23,26.83,26.83,26.83,26.83,000,26.21
2010-06-22,26.87,26.87,26.83,26.83,200,26.21
2010-06-21,26.74,26.74,26.74,26.74,000,26.12
2010-06-18,26.74,26.74,26.74,26.74,000,26.12
2010-06-17,26.74,26.74,26.74,26.74,000,26.12
2010-06-16,26.29,26.74,26.29,26.74,200,26.12
2010-06-15,25.30,25.30,25.30,25.30,000,24.71
2010-06-14,25.30,25.30,25.30,25.30,000,24.71
2010-06-11,25.30,25.30,25.30,25.30,000,24.71
2010-06-10,25.30,25.30,25.30,25.30,000,24.71
2010-06-09,25.30,25.30,25.30,25.30,000,24.71
2010-06-08,25.30,25.30,25.30,25.30,300,24.71
2010-06-07,25.99,25.99,25.99,25.99,000,25.39
2010-06-04,25.99,25.99,25.99,25.99,000,25.39
2010-06-03,25.99,25.99,25.99,25.99,000,25.39
2010-06-02,25.99,25.99,25.99,25.99,000,25.39
2010-06-01,25.99,25.99,25.99,25.99,000,25.39
2010-05-28,25.99,25.99,25.99,25.99,000,25.39
2010-05-27,25.99,25.99,25.99,25.99,000,25.39
2010-05-26,25.99,25.99,25.99,25.99,500,25.39
2010-05-25,25.58,25.58,25.58,25.58,000,24.99
2010-05-24,25.58,25.58,25.58,25.58,000,24.99
2010-05-21,25.58,25.58,25.58,25.58,000,24.99
2010-05-20,25.58,25.58,25.58,25.58,3100,24.99
2010-05-19,27.04,27.04,27.04,27.04,000,26.41
2010-05-18,27.03,27.04,27.03,27.04,1600,26.41
2010-05-17,26.93,26.93,26.93,26.93,000,26.31
2010-05-14,26.93,26.93,26.93,26.93,000,26.31
2010-05-13,26.93,26.93,26.93,26.93,000,26.31
2010-05-12,26.93,26.93,26.93,26.93,000,26.31
2010-05-11,26.93,26.93,26.93,26.93,000,26.31
2010-05-10,26.93,26.93,26.93,26.93,000,26.31
2010-05-07,26.93,26.93,26.93,26.93,000,26.31
2010-05-06,27.18,27.18,26.93,26.93,600,26.31
2010-05-05,28.49,28.49,28.49,28.49,000,27.83
2010-05-04,28.49,28.49,28.49,28.49,000,27.83
2010-05-03,28.49,28.49,28.49,28.49,000,27.83
2010-04-30,28.49,28.49,28.49,28.49,000,27.83
2010-04-29,28.49,28.49,28.49,28.49,000,27.83
2010-04-28,28.49,28.49,28.49,28.49,000,27.83
2010-04-27,28.49,28.49,28.49,28.49,100,27.83
2010-04-26,28.62,28.62,28.62,28.62,000,27.96
2010-04-23,28.63,28.63,28.62,28.62,2000,27.96
2010-04-22,28.25,28.25,28.21,28.21,1100,27.56
2010-04-21,28.35,28.35,28.35,28.35,000,27.69
2010-04-20,28.35,28.35,28.35,28.35,3100,27.69
2010-04-19,27.89,27.89,27.89,27.89,000,27.24
2010-04-16,27.89,27.89,27.89,27.89,000,27.24
2010-04-15,27.89,27.89,27.89,27.89,000,27.24
2010-04-14,27.89,27.89,27.89,27.89,000,27.24
2010-04-13,27.89,27.89,27.89,27.89,000,27.24
2010-04-12,27.89,27.89,27.89,27.89,000,27.24
2010-04-09,27.89,27.89,27.89,27.89,000,27.24
2010-04-08,27.89,27.89,27.89,27.89,700,27.24
2010-04-07,27.93,27.93,27.93,27.93,000,27.28
2010-04-06,27.93,27.93,27.93,27.93,000,27.28
2010-04-05,27.93,27.93,27.93,27.93,600,27.28
2010-04-01,27.54,27.54,27.54,27.54,000,26.90
2010-03-31,27.54,27.54,27.54,27.54,000,26.90
2010-03-30,27.54,27.54,27.54,27.54,100,26.90
2010-03-29,27.55,27.55,27.55,27.55,000,26.91
2010-03-26,27.55,27.55,27.55,27.55,000,26.91
2010-03-25,27.60,27.62,27.55,27.55,4200,26.87
2010-03-24,27.59,27.61,27.51,27.52,13100,26.84
2010-03-23,27.53,27.66,27.45,27.66,41100,26.98
2010-03-22,27.29,27.55,27.29,27.52,13700,26.84
2010-03-19,27.56,27.56,27.53,27.53,2000,26.85
2010-03-18,27.54,27.54,27.47,27.47,1200,26.80
2010-03-17,26.43,26.43,26.43,26.43,000,25.78
2010-03-16,26.43,26.43,26.43,26.43,000,25.78
2010-03-15,26.43,26.43,26.43,26.43,000,25.78
2010-03-12,26.43,26.43,26.43,26.43,000,25.78
2010-03-11,26.43,26.43,26.43,26.43,000,25.78
2010-03-10,26.43,26.43,26.43,26.43,000,25.78
2010-03-09,26.43,26.43,26.43,26.43,000,25.78
2010-03-08,26.43,26.43,26.43,26.43,000,25.78
2010-03-05,26.43,26.43,26.43,26.43,000,25.78
2010-03-04,26.43,26.43,26.43,26.43,100,25.78
2010-03-03,26.39,26.39,26.39,26.39,000,25.74
2010-03-02,26.39,26.39,26.39,26.39,000,25.74
2010-03-01,26.39,26.39,26.39,26.39,300,25.74
2010-02-26,26.29,26.29,26.29,26.29,200,25.64
2010-02-25,26.29,26.29,26.29,26.29,000,25.64
2010-02-24,26.29,26.29,26.29,26.29,000,25.64
2010-02-23,26.29,26.29,26.29,26.29,000,25.64
2010-02-22,26.29,26.29,26.29,26.29,000,25.64
2010-02-19,26.31,26.31,26.29,26.29,400,25.64
2010-02-18,25.89,25.89,25.89,25.89,000,25.25
2010-02-17,25.90,25.90,25.89,25.89,4400,25.25
2010-02-16,25.35,25.35,25.35,25.35,000,24.73
2010-02-12,25.35,25.35,25.35,25.35,200,24.73
2010-02-11,25.07,25.07,25.07,25.07,000,24.45
2010-02-10,25.07,25.07,25.07,25.07,000,24.45
2010-02-09,25.07,25.07,25.07,25.07,000,24.45
2010-02-08,25.07,25.07,25.07,25.07,100,24.45
2010-02-05,24.71,24.71,24.69,24.69,400,24.08
2010-02-04,25.80,25.80,25.80,25.80,000,25.17
2010-02-03,25.80,25.80,25.80,25.80,000,25.17
2010-02-02,25.80,25.80,25.80,25.80,1600,25.17
2010-02-01,25.25,25.25,25.25,25.25,000,24.63
2010-01-29,25.25,25.25,25.25,25.25,200,24.63
2010-01-28,25.68,25.68,25.68,25.68,000,25.05
2010-01-27,25.68,25.68,25.68,25.68,000,25.05
2010-01-26,25.68,25.68,25.68,25.68,600,25.05
2010-01-25,26.06,26.06,26.06,26.06,000,25.42
2010-01-22,26.06,26.06,26.06,26.06,200,25.42
2010-01-21,26.25,26.25,26.25,26.25,5000,25.61
2010-01-20,26.66,26.66,26.66,26.66,000,26.01
2010-01-19,26.60,26.66,26.60,26.66,5000,26.01
2010-01-15,26.45,26.45,26.45,26.45,000,25.80
2010-01-14,26.45,26.45,26.45,26.45,000,25.80
2010-01-13,26.45,26.45,26.45,26.45,100,25.80
2010-01-12,26.50,26.50,26.50,26.50,000,25.85
2010-01-11,26.50,26.50,26.50,26.50,000,25.85
2010-01-08,26.50,26.50,26.50,26.50,100,25.85
2010-01-07,26.36,26.36,26.36,26.36,000,25.71
2010-01-06,26.36,26.36,26.36,26.36,000,25.71
2010-01-05,26.36,26.36,26.36,26.36,300,25.71
2010-01-04,26.31,26.31,26.31,26.31,200,25.66