2011-05-10,29.18,29.21,29.18,29.19,1200,29.19
2011-05-09,28.80,29.00,28.76,28.93,1300,28.93
2011-05-06,28.85,28.94,28.64,28.71,900,28.71
2011-05-05,28.36,28.92,28.36,28.47,2900,28.47
2011-05-04,28.60,28.78,28.42,28.73,5300,28.73
2011-05-03,29.20,29.20,28.73,28.73,2300,28.73
2011-05-02,29.37,29.44,29.22,29.26,3500,29.26
2011-04-29,29.39,29.44,29.29,29.30,2500,29.30
2011-04-28,29.20,29.31,29.20,29.30,7800,29.30
2011-04-27,29.13,29.25,29.00,29.24,2800,29.24
2011-04-26,28.77,29.12,28.77,29.11,6300,29.11
2011-04-25,28.73,28.86,28.65,28.68,4000,28.68
2011-04-21,28.80,28.96,28.66,28.96,6200,28.96
2011-04-20,28.23,28.66,28.23,28.64,6500,28.64
2011-04-19,27.71,27.84,27.51,27.80,7800,27.80
2011-04-18,27.79,27.79,27.31,27.57,8400,27.57
2011-04-15,28.00,28.10,28.00,28.02,1200,28.02
2011-04-14,27.94,28.07,27.85,27.99,3000,27.99
2011-04-13,27.94,28.09,27.92,28.09,2100,28.09
2011-04-12,27.93,27.93,27.50,27.70,4200,27.70
2011-04-11,28.48,28.48,28.00,28.02,2300,28.02
2011-04-08,28.50,28.71,28.30,28.38,4300,28.38
2011-04-07,28.61,28.65,28.48,28.52,30000,28.52
2011-04-06,28.60,28.65,28.41,28.65,48100,28.65
2011-04-05,28.42,28.66,28.30,28.46,22700,28.46
2011-04-04,28.38,28.38,28.01,28.08,4100,28.08
2011-04-01,28.56,28.56,28.30,28.39,1900,28.39
2011-03-31,28.45,28.45,28.35,28.39,10500,28.39
2011-03-30,28.30,28.51,28.30,28.46,5600,28.46
2011-03-29,28.03,28.21,27.95,28.15,16900,28.15
2011-03-28,28.19,28.28,28.00,28.05,3400,28.05
2011-03-25,28.30,28.30,28.10,28.13,7400,28.13
2011-03-24,28.14,28.28,27.88,28.26,14900,28.26
2011-03-23,27.24,27.85,27.24,27.85,8000,27.85
2011-03-22,27.70,27.70,27.48,27.53,8100,27.53
2011-03-21,27.37,27.75,27.37,27.65,9700,27.65
2011-03-18,27.35,27.35,27.13,27.23,9200,27.23
2011-03-17,27.29,27.29,27.01,27.07,10500,27.07
2011-03-16,27.46,27.56,26.73,26.90,24400,26.90
2011-03-15,26.78,27.55,26.60,27.55,24900,27.55
2011-03-14,28.00,28.18,27.73,27.99,8700,27.99
2011-03-11,28.19,28.49,28.05,28.48,11200,28.48
2011-03-10,28.81,28.81,28.33,28.34,22400,28.34
2011-03-09,29.75,29.75,29.14,29.14,7300,29.14
2011-03-08,29.54,29.77,29.33,29.68,13200,29.68
2011-03-07,29.94,30.02,29.27,29.41,23100,29.41
2011-03-04,30.20,30.20,29.85,30.02,25200,30.02
2011-03-03,29.85,30.16,29.85,30.14,18100,30.14
2011-03-02,29.10,29.76,29.10,29.55,61000,29.55
2011-03-01,29.80,29.80,29.16,29.31,35500,29.31
2011-02-28,29.94,29.95,29.53,29.69,47400,29.69
2011-02-25,29.41,29.68,29.41,29.68,56100,29.68
2011-02-24,28.85,29.12,28.80,29.09,33700,29.09
2011-02-23,29.25,29.26,28.50,28.83,24900,28.83
2011-02-22,29.97,29.97,29.19,29.20,81900,29.20
2011-02-18,30.30,30.34,30.15,30.21,167800,30.21