2011-05-10,25.86,26.11,25.86,26.10,4100,26.10
2011-05-09,25.54,25.76,25.47,25.76,3100,25.76
2011-05-06,25.77,25.77,25.44,25.44,1900,25.44
2011-05-05,25.25,25.54,25.25,25.30,7200,25.30
2011-05-04,25.54,25.54,25.32,25.48,1400,25.48
2011-05-03,26.00,26.02,25.62,25.74,4900,25.74
2011-05-02,26.40,26.41,26.07,26.07,10000,26.07
2011-04-29,26.21,26.30,26.20,26.27,4100,26.27
2011-04-28,26.07,26.18,26.07,26.13,1900,26.13
2011-04-27,26.05,26.11,25.85,26.11,2300,26.11
2011-04-26,25.75,26.00,25.75,25.98,1400,25.98
2011-04-25,27.07,27.07,25.62,25.65,5200,25.65
2011-04-21,25.59,25.70,25.51,25.70,3500,25.70
2011-04-20,25.39,25.50,25.38,25.49,2200,25.49
2011-04-19,25.03,25.12,24.92,25.02,4000,25.02
2011-04-18,24.90,24.96,24.80,24.96,2000,24.96
2011-04-15,25.31,25.31,25.31,25.31,300,25.31
2011-04-14,24.87,25.09,24.87,25.09,11100,25.09
2011-04-13,25.13,25.13,24.94,24.94,200,24.94
2011-04-12,25.24,25.24,25.05,25.05,1200,25.05
2011-04-11,25.69,25.69,25.39,25.39,400,25.39
2011-04-08,27.56,27.99,25.48,25.52,3500,25.52
2011-04-07,25.92,25.92,25.92,25.92,000,25.92
2011-04-06,25.92,25.92,25.92,25.92,100,25.92
2011-04-05,25.98,25.99,25.91,25.91,1000,25.91
2011-04-04,25.78,25.79,25.72,25.77,10800,25.77
2011-04-01,25.75,25.81,25.65,25.65,14200,25.65
2011-03-31,25.50,25.60,25.50,25.60,800,25.60
2011-03-30,25.40,25.52,25.34,25.51,2400,25.51