2011-05-10,26.98,26.98,26.91,26.98,1500,26.98
2011-05-09,26.42,26.66,26.39,26.63,1200,26.63
2011-05-06,26.83,26.83,26.50,26.50,3200,26.50
2011-05-05,26.51,26.63,26.50,26.59,2800,26.59
2011-05-04,26.82,26.88,26.65,26.78,9100,26.78
2011-05-03,27.21,27.21,26.66,26.81,9500,26.81
2011-05-02,27.29,27.29,26.90,27.06,2800,27.06
2011-04-29,27.32,27.32,26.82,27.01,6600,27.01
2011-04-28,27.07,27.25,27.07,27.20,1900,27.20
2011-04-27,26.75,26.78,26.68,26.70,700,26.70
2011-04-26,26.50,26.50,26.50,26.50,200,26.50
2011-04-25,26.50,26.53,26.33,26.50,2800,26.50
2011-04-21,26.09,26.36,26.09,26.36,13100,26.36
2011-04-20,26.20,26.20,25.98,26.16,1900,26.16
2011-04-19,25.76,25.89,25.75,25.89,3500,25.89
2011-04-18,25.58,25.71,25.58,25.71,400,25.71
2011-04-15,25.70,25.70,25.70,25.70,100,25.70
2011-04-14,25.43,25.50,25.43,25.50,200,25.50
2011-04-13,25.55,25.55,25.18,25.23,2400,25.23
2011-04-12,25.30,25.30,25.24,25.24,500,25.24
2011-04-11,25.35,25.48,25.31,25.31,5500,25.31
2011-04-08,25.43,25.43,25.33,25.33,300,25.33
2011-04-07,25.69,25.69,25.41,25.43,1800,25.43
2011-04-06,25.90,25.90,25.90,25.90,200,25.90
2011-04-05,25.69,25.77,25.69,25.77,7600,25.77
2011-04-04,25.74,25.74,25.74,25.74,000,25.74
2011-04-01,25.76,25.84,25.74,25.74,1800,25.74
2011-03-31,25.50,25.64,24.05,25.64,37600,25.64
2011-03-30,25.29,25.47,25.29,25.46,400,25.46