2011-05-10,29.32,29.56,29.29,29.50,122100,29.50
2011-05-09,29.08,29.18,29.00,29.18,17000,29.18
2011-05-06,29.26,29.34,28.99,29.07,28300,29.07
2011-05-05,29.04,29.21,28.88,28.96,104400,28.96
2011-05-04,29.31,29.31,28.99,29.15,76000,29.15
2011-05-03,29.29,29.40,29.21,29.29,33000,29.29
2011-05-02,29.58,29.58,29.35,29.40,20000,29.40
2011-04-29,29.30,29.49,29.27,29.39,34000,29.39
2011-04-28,29.24,29.38,29.22,29.34,45100,29.34
2011-04-27,29.15,29.27,29.05,29.24,91700,29.24
2011-04-26,28.84,29.07,28.84,29.06,71300,29.06
2011-04-25,28.79,28.93,28.71,28.79,104400,28.79
2011-04-21,28.86,28.86,28.77,28.84,17500,28.84
2011-04-20,28.73,28.79,28.68,28.74,147200,28.74
2011-04-19,28.37,28.38,28.24,28.36,15700,28.36
2011-04-18,28.32,28.32,28.14,28.28,38100,28.28
2011-04-15,28.53,28.66,28.48,28.61,26500,28.61
2011-04-14,28.39,28.47,28.27,28.46,20300,28.46
2011-04-13,28.64,28.64,28.38,28.47,18700,28.47
2011-04-12,28.50,28.55,28.39,28.48,82600,28.48
2011-04-11,28.73,28.79,28.53,28.60,20600,28.60
2011-04-08,28.96,28.96,28.59,28.65,10300,28.65
2011-04-07,28.85,28.93,28.75,28.84,13100,28.84
2011-04-06,28.96,28.97,28.79,28.90,56500,28.90
2011-04-05,28.67,28.92,28.67,28.81,12900,28.81
2011-04-04,28.81,28.84,28.63,28.72,31600,28.72
2011-04-01,28.79,28.81,28.66,28.74,84900,28.74
2011-03-31,28.59,28.64,28.53,28.55,12100,28.55
2011-03-30,28.51,28.65,28.51,28.59,17800,28.59
2011-03-29,28.00,28.32,27.99,28.32,97200,28.32
2011-03-28,28.24,28.31,28.10,28.10,23000,28.10
2011-03-25,28.15,28.29,28.10,28.18,22100,28.18
2011-03-24,27.99,28.13,27.90,28.09,26200,28.09
2011-03-23,27.75,27.90,27.61,27.86,30900,27.86
2011-03-22,27.93,27.93,27.79,27.81,228400,27.81
2011-03-21,27.82,27.94,27.81,27.90,39900,27.90
2011-03-18,27.73,27.73,27.43,27.51,38200,27.51
2011-03-17,27.46,27.46,27.18,27.37,19600,27.37
2011-03-16,27.50,27.53,26.93,27.09,36800,27.09
2011-03-15,27.19,27.60,27.09,27.54,268000,27.54
2011-03-14,27.84,27.86,27.63,27.83,48600,27.83
2011-03-11,27.79,28.08,27.72,28.00,23900,28.00
2011-03-10,28.01,28.01,27.74,27.75,38800,27.75
2011-03-09,28.15,28.31,28.05,28.27,33000,28.27
2011-03-08,27.92,28.27,27.83,28.17,28600,28.17
2011-03-07,28.30,28.30,27.84,27.91,9400,27.91
2011-03-04,28.32,28.32,27.97,28.15,21500,28.15
2011-03-03,28.23,28.36,28.19,28.34,20300,28.34
2011-03-02,27.81,27.98,27.75,27.85,18300,27.85
2011-03-01,28.38,28.38,27.84,27.85,35500,27.85
2011-02-28,28.18,28.30,28.14,28.22,12700,28.22
2011-02-25,27.90,28.07,27.89,28.07,55000,28.07
2011-02-24,27.84,27.88,27.56,27.75,26100,27.75
2011-02-23,28.05,28.06,27.75,27.85,29700,27.85
2011-02-22,28.21,28.39,27.93,28.01,38800,28.01
2011-02-18,28.44,28.52,28.43,28.51,17400,28.51
2011-02-17,28.20,28.44,28.20,28.40,38300,28.40
2011-02-16,28.21,28.28,28.12,28.26,33300,28.26
2011-02-15,28.09,28.11,28.00,28.07,23100,28.07
2011-02-14,28.19,28.19,28.03,28.15,132300,28.15
2011-02-11,28.01,28.17,27.96,28.16,248600,28.16
2011-02-10,27.98,28.09,27.85,28.05,51600,28.05
2011-02-09,28.02,28.12,27.90,28.04,54500,28.04
2011-02-08,28.05,28.11,27.93,28.11,84700,28.11
2011-02-07,27.86,28.07,27.86,28.01,24200,28.01
2011-02-04,27.76,27.84,27.67,27.84,62900,27.84
2011-02-03,27.56,27.75,27.41,27.75,47900,27.75
2011-02-02,27.54,27.68,27.54,27.60,34500,27.60
2011-02-01,27.42,27.68,27.42,27.68,47700,27.68
2011-01-31,27.24,27.27,27.11,27.24,40900,27.24
2011-01-28,27.64,27.64,27.05,27.07,73700,27.07
2011-01-27,27.48,27.58,27.40,27.56,32200,27.56
2011-01-26,27.40,27.46,27.32,27.41,37600,27.41
2011-01-25,27.16,27.29,27.10,27.29,30400,27.29
2011-01-24,27.15,27.29,27.14,27.29,40100,27.29
2011-01-21,27.20,27.20,27.08,27.17,13600,27.17
2011-01-20,27.01,27.13,26.91,27.08,46100,27.08
2011-01-19,27.31,27.31,26.96,27.01,43000,27.01
2011-01-18,27.22,27.31,27.17,27.31,37200,27.31
2011-01-14,27.00,27.21,26.97,27.21,41400,27.21
2011-01-13,27.02,27.07,26.95,27.01,73200,27.01
2011-01-12,26.98,27.08,26.95,27.05,39000,27.05
2011-01-11,26.85,26.86,26.74,26.83,34700,26.83
2011-01-10,26.63,26.74,26.54,26.73,27300,26.73
2011-01-07,26.81,26.84,26.60,26.80,10100,26.80
2011-01-06,26.83,26.85,26.73,26.81,40900,26.81
2011-01-05,26.66,26.87,26.66,26.87,16100,26.87
2011-01-04,26.73,26.74,26.59,26.74,14600,26.74
2011-01-03,26.63,26.84,26.63,26.76,105700,26.76
2010-12-31,26.41,26.51,26.40,26.45,17900,26.45
2010-12-30,26.50,26.50,26.40,26.44,43800,26.44
2010-12-29,26.55,26.55,26.45,26.46,16800,26.46
2010-12-28,26.56,26.56,26.39,26.45,9700,26.45
2010-12-27,26.40,26.46,26.29,26.46,9500,26.46
2010-12-23,26.49,26.50,26.40,26.44,12600,26.44
2010-12-22,26.35,26.50,26.35,26.47,32800,26.47
2010-12-21,26.32,26.36,26.24,26.35,52500,26.35
2010-12-20,26.46,26.46,26.24,26.36,25100,26.20
2010-12-17,26.21,26.26,26.15,26.26,15900,26.10
2010-12-16,26.05,26.22,25.97,26.22,14400,26.06
2010-12-15,26.18,26.23,26.02,26.02,18100,25.86
2010-12-14,26.18,26.29,26.14,26.19,59200,26.03
2010-12-13,26.30,26.30,26.16,26.16,53800,26.00
2010-12-10,26.02,26.16,26.01,26.16,73700,26.00
2010-12-09,26.06,26.06,25.92,25.98,16400,25.82
2010-12-08,25.87,25.94,25.76,25.89,18200,25.73
2010-12-07,25.98,26.03,25.82,25.84,16900,25.68
2010-12-06,25.74,25.82,25.71,25.79,18400,25.63
2010-12-03,25.69,25.81,25.62,25.81,132800,25.65
2010-12-02,25.46,25.75,25.46,25.73,136400,25.57
2010-12-01,25.28,25.42,25.26,25.37,24500,25.22
2010-11-30,24.80,25.04,24.80,24.92,20100,24.77
2010-11-29,24.92,25.05,24.75,25.05,8700,24.90
2010-11-26,25.05,25.16,25.03,25.09,9000,24.94
2010-11-24,25.10,25.28,25.09,25.28,35000,25.13
2010-11-23,24.98,25.00,24.88,24.93,92000,24.78
2010-11-22,25.18,25.23,25.02,25.20,11000,25.05
2010-11-19,25.00,25.22,24.99,25.22,20800,25.07
2010-11-18,25.15,25.21,25.15,25.15,19700,25.00
2010-11-17,24.85,24.93,24.80,24.87,50700,24.72
2010-11-16,25.05,25.05,24.72,24.81,38000,24.66
2010-11-15,25.30,25.40,25.19,25.20,17600,25.05
2010-11-12,25.22,25.28,25.14,25.23,4800,25.08
2010-11-11,25.35,25.54,25.35,25.51,9000,25.36
2010-11-10,25.30,25.54,25.27,25.54,35100,25.39
2010-11-09,25.82,25.82,25.49,25.49,81700,25.34
2010-11-08,25.75,25.78,25.67,25.76,25000,25.60
2010-11-05,25.72,25.86,25.69,25.82,40600,25.66
2010-11-04,25.56,25.70,25.49,25.69,22400,25.54
2010-11-03,25.24,25.25,25.02,25.24,28600,25.09
2010-11-02,25.13,25.22,25.13,25.17,143000,25.02
2010-11-01,25.19,25.26,24.88,24.97,21600,24.82
2010-10-29,24.95,25.03,24.88,25.02,9200,24.87
2010-10-28,25.09,25.11,24.87,25.01,12200,24.86
2010-10-27,24.89,24.94,24.68,24.94,8500,24.79
2010-10-26,24.99,25.04,24.89,25.00,172600,24.85
2010-10-25,25.27,25.35,25.12,25.13,17300,24.98
2010-10-22,25.06,25.14,25.02,25.08,13400,24.93
2010-10-21,25.14,25.30,25.07,25.08,10700,24.93
2010-10-20,24.86,25.13,24.86,25.05,6200,24.90
2010-10-19,24.93,25.08,24.74,24.83,44800,24.68
2010-10-18,25.13,25.23,25.09,25.23,9300,25.08
2010-10-15,24.98,25.12,24.94,25.10,13800,24.95
2010-10-14,25.20,25.21,24.98,25.06,12100,24.91
2010-10-13,25.14,25.30,25.14,25.21,20800,25.06
2010-10-12,24.96,25.08,24.81,25.04,21200,24.89
2010-10-11,24.92,25.00,24.87,24.89,27600,24.74
2010-10-08,24.78,24.92,24.64,24.88,61300,24.73
2010-10-07,24.64,24.67,24.50,24.63,11000,24.48
2010-10-06,24.70,24.70,24.54,24.62,12400,24.47
2010-10-05,24.44,24.69,24.40,24.68,16300,24.53
2010-10-04,24.39,24.45,24.10,24.18,92700,24.03
2010-10-01,24.51,24.51,24.32,24.43,10400,24.28
2010-09-30,24.56,24.56,24.22,24.34,87700,24.19
2010-09-29,24.29,24.42,24.26,24.35,67000,24.20
2010-09-28,24.18,24.40,24.07,24.40,74500,24.25
2010-09-27,24.33,24.33,24.17,24.17,8800,24.02
2010-09-24,24.12,24.28,24.06,24.26,16100,24.11
2010-09-23,23.77,23.98,23.73,23.77,19100,23.63
2010-09-22,24.14,24.15,23.89,23.96,44700,23.82
2010-09-21,24.26,24.26,24.00,24.06,406900,23.91
2010-09-20,23.88,24.14,23.75,24.14,13700,23.99
2010-09-17,24.07,24.07,23.67,23.73,11400,23.59
2010-09-16,23.82,23.82,23.60,23.71,8700,23.57
2010-09-15,23.78,23.78,23.65,23.75,6900,23.61
2010-09-14,23.76,23.85,23.70,23.75,24200,23.61
2010-09-13,23.76,23.79,23.66,23.77,11500,23.63
2010-09-10,23.46,23.53,23.38,23.49,18200,23.35
2010-09-09,23.58,23.58,23.37,23.44,13300,23.30
2010-09-08,23.18,23.36,23.18,23.23,10100,23.09
2010-09-07,23.35,23.35,23.18,23.18,3700,23.04
2010-09-03,23.48,24.37,23.32,23.50,36900,23.36
2010-09-02,23.15,23.23,23.00,23.21,25700,23.07
2010-09-01,22.62,22.99,22.57,22.92,25900,22.78
2010-08-31,22.24,22.36,22.13,22.22,6400,22.09
2010-08-30,22.62,22.62,22.33,22.33,5100,22.20
2010-08-27,22.30,22.64,22.13,22.64,22600,22.50
2010-08-26,22.47,22.50,22.23,22.29,24900,22.16
2010-08-25,22.24,22.47,22.09,22.41,22800,22.27
2010-08-24,22.31,22.41,22.25,22.32,18100,22.19
2010-08-23,22.68,22.71,22.59,22.59,14300,22.45
2010-08-20,22.63,22.65,22.44,22.64,14500,22.50
2010-08-19,23.04,23.04,22.65,22.72,40500,22.58
2010-08-18,23.06,23.22,23.05,23.19,7100,23.05
2010-08-17,23.02,23.23,22.96,23.07,36300,22.93
2010-08-16,22.66,22.85,22.59,22.79,28400,22.65
2010-08-13,22.73,22.94,22.73,22.83,7000,22.69
2010-08-12,22.67,22.91,22.59,22.87,12400,22.73
2010-08-11,23.22,23.22,22.97,22.98,11900,22.84
2010-08-10,23.52,23.71,23.48,23.66,8500,23.52
2010-08-09,23.78,23.81,23.67,23.81,15600,23.67
2010-08-06,23.44,23.65,23.37,23.62,43700,23.48
2010-08-05,23.61,23.74,23.61,23.71,46700,23.57
2010-08-04,23.59,23.76,23.59,23.75,26300,23.61
2010-08-03,23.79,23.79,23.58,23.61,16200,23.47
2010-08-02,23.64,23.74,23.64,23.74,7700,23.60
2010-07-30,23.00,23.35,22.94,23.27,13500,23.13
2010-07-29,23.54,23.56,23.05,23.22,5400,23.08
2010-07-28,23.67,23.67,23.32,23.36,63000,23.22
2010-07-27,23.73,23.73,23.54,23.59,11500,23.45
2010-07-26,23.33,23.60,23.33,23.60,73800,23.46
2010-07-23,23.07,23.33,23.04,23.28,27300,23.14
2010-07-22,22.89,23.16,22.89,23.08,8800,22.94
2010-07-21,22.95,22.95,22.52,22.58,13100,22.44
2010-07-20,22.44,22.94,22.44,22.94,11000,22.80
2010-07-19,22.63,22.73,22.55,22.68,6000,22.54
2010-07-16,22.83,22.83,22.46,22.46,15700,22.32
2010-07-15,22.83,23.11,22.83,23.11,2700,22.97
2010-07-14,22.95,23.11,22.85,23.03,11500,22.89
2010-07-13,22.92,23.10,22.92,23.07,47600,22.93
2010-07-12,22.75,22.75,22.56,22.72,6300,22.58
2010-07-09,22.59,22.76,22.54,22.76,8100,22.62
2010-07-08,22.44,22.57,22.38,22.57,24000,22.43
2010-07-07,21.76,22.33,21.76,22.33,5300,22.20
2010-07-06,21.78,21.97,21.57,21.64,9500,21.51
2010-07-02,21.69,21.71,21.50,21.61,16500,21.48
2010-07-01,21.59,21.70,21.34,21.65,12800,21.52
2010-06-30,21.98,22.14,21.73,21.79,67900,21.66
2010-06-29,22.48,22.48,21.91,21.91,22500,21.78
2010-06-28,22.57,22.75,22.57,22.74,7900,22.60
2010-06-25,22.49,22.73,22.46,22.66,29700,22.52
2010-06-24,22.87,22.88,22.53,22.53,34700,22.39
2010-06-23,23.08,23.08,22.74,22.90,32700,22.76
2010-06-22,23.47,23.54,22.95,22.97,107000,22.83
2010-06-21,24.05,24.05,23.57,23.58,31200,23.26
2010-06-18,23.78,23.83,23.72,23.74,5300,23.42
2010-06-17,23.74,23.78,23.54,23.77,51800,23.45
2010-06-16,23.58,23.78,23.57,23.68,14300,23.36
2010-06-15,23.40,23.67,23.36,23.67,65500,23.35
2010-06-14,23.36,23.46,23.21,23.27,10300,22.96
2010-06-11,22.95,23.15,22.84,23.15,13500,22.84
2010-06-10,22.95,23.06,22.80,23.06,16600,22.75
2010-06-09,22.61,22.83,22.37,22.37,20000,22.07
2010-06-08,22.34,22.51,22.14,22.50,5900,22.20
2010-06-07,22.49,22.65,22.31,22.31,17400,22.01
2010-06-04,22.90,22.99,22.46,22.51,5100,22.21
2010-06-03,23.26,23.30,23.10,23.24,3400,22.93
2010-06-02,22.65,23.02,22.65,23.02,5100,22.71
2010-06-01,22.82,23.12,22.82,22.87,5700,22.56
2010-05-28,23.19,23.28,22.96,23.18,9500,22.87
2010-05-27,22.87,23.18,22.87,23.18,24100,22.87
2010-05-26,22.77,22.89,22.52,22.56,73000,22.26
2010-05-25,22.11,22.57,21.85,22.57,42600,22.27
2010-05-24,22.66,22.88,22.60,22.60,11400,22.30
2010-05-21,22.22,22.79,22.13,22.79,25100,22.48
2010-05-20,23.00,23.00,22.52,22.53,24300,22.23
2010-05-19,23.50,23.51,23.14,23.45,21700,23.13
2010-05-18,23.97,24.06,23.53,23.55,7100,23.23
2010-05-17,23.77,23.80,23.44,23.80,10400,23.48
2010-05-14,23.92,23.92,23.55,23.60,45000,23.28
2010-05-13,24.26,24.35,24.10,24.10,53100,23.78
2010-05-12,24.10,24.29,24.10,24.28,9600,23.95
2010-05-11,23.81,24.07,23.78,23.93,12900,23.61
2010-05-10,23.96,23.96,23.72,23.77,35900,23.45
2010-05-07,23.24,23.50,22.85,23.14,129000,22.83
2010-05-06,24.13,38.83,15.00,23.54,84200,23.22
2010-05-05,24.19,24.31,24.13,24.25,14200,23.92
2010-05-04,24.73,24.73,24.33,24.38,7700,24.05
2010-05-03,24.76,24.93,24.74,24.93,7400,24.59
2010-04-30,24.93,25.01,24.65,24.65,17100,24.32
2010-04-29,24.81,24.99,24.81,24.96,10000,24.62
2010-04-28,24.55,24.68,24.55,24.62,2500,24.29
2010-04-27,24.92,25.00,24.48,24.48,14100,24.15
2010-04-26,25.16,25.17,25.00,25.02,12300,24.68
2010-04-23,24.97,25.10,24.88,25.09,14400,24.75
2010-04-22,24.68,24.96,24.68,24.96,9300,24.62
2010-04-21,24.88,24.89,24.77,24.88,9600,24.55
2010-04-20,24.80,24.89,24.79,24.89,14100,24.56
2010-04-19,24.58,24.59,24.46,24.58,5900,24.25
2010-04-16,24.83,24.84,24.45,24.60,105900,24.27
2010-04-15,24.89,24.95,24.81,24.92,26100,24.58
2010-04-14,24.73,24.90,24.68,24.90,17900,24.57
2010-04-13,24.56,24.72,24.54,24.71,18100,24.38
2010-04-12,24.64,24.71,24.62,24.69,14100,24.36
2010-04-09,24.53,24.63,24.43,24.62,15300,24.29
2010-04-08,24.39,24.48,24.29,24.47,7000,24.14
2010-04-07,24.54,24.58,24.42,24.42,16000,24.09
2010-04-06,24.48,24.62,24.48,24.62,8300,24.29
2010-04-05,24.44,24.53,24.44,24.51,9000,24.18
2010-04-01,24.38,24.40,24.30,24.38,11500,24.05
2010-03-31,24.15,24.26,24.13,24.19,26100,23.86
2010-03-30,24.27,24.33,24.20,24.26,9600,23.93
2010-03-29,24.16,24.25,24.16,24.23,7100,23.90
2010-03-26,24.09,24.17,23.97,24.08,18900,23.76
2010-03-25,24.24,24.25,24.03,24.03,4200,23.71
2010-03-24,24.28,24.28,24.11,24.14,5700,23.82
2010-03-23,24.21,24.34,24.12,24.34,73100,24.01
2010-03-22,23.92,24.17,23.92,24.15,11700,23.83
2010-03-19,24.21,24.21,24.00,24.00,5200,23.68
2010-03-18,24.15,24.16,24.05,24.14,11000,23.82
2010-03-17,24.06,24.15,24.05,24.13,19700,23.81
2010-03-16,23.79,23.90,23.77,23.90,10000,23.58
2010-03-15,23.74,23.74,23.60,23.64,8900,23.32
2010-03-12,23.84,23.84,23.71,23.73,7500,23.41
2010-03-11,23.63,23.77,23.55,23.76,35700,23.44
2010-03-10,23.65,23.68,23.59,23.60,3500,23.28
2010-03-09,23.52,23.63,23.52,23.58,6900,23.26
2010-03-08,23.54,23.60,23.54,23.58,8500,23.26
2010-03-05,23.35,23.55,23.35,23.54,14400,23.22
2010-03-04,23.23,23.23,23.12,23.18,5700,22.87
2010-03-03,23.20,23.28,23.11,23.17,11300,22.86
2010-03-02,23.14,23.20,23.14,23.14,15800,22.83
2010-03-01,22.88,23.05,22.87,23.03,15200,22.72
2010-02-26,22.76,22.85,22.76,22.81,12300,22.50
2010-02-25,22.52,22.72,22.45,22.68,4100,22.37
2010-02-24,22.68,22.81,22.59,22.81,7000,22.50
2010-02-23,22.74,22.75,22.59,22.68,12900,22.37
2010-02-22,22.96,22.96,22.82,22.84,12200,22.53
2010-02-19,22.73,22.89,22.65,22.86,77600,22.55
2010-02-18,22.55,22.70,22.55,22.68,16100,22.37
2010-02-17,22.55,22.57,22.49,22.56,12700,22.26
2010-02-16,22.25,22.48,22.23,22.46,39800,22.16
2010-02-12,21.90,22.07,21.86,22.07,22300,21.77
2010-02-11,21.92,22.14,21.87,22.12,5000,21.82
2010-02-10,22.00,22.01,21.79,21.96,9700,21.66
2010-02-09,22.01,22.18,21.91,22.12,7100,21.82
2010-02-08,21.92,22.01,21.79,21.79,7700,21.50
2010-02-05,21.96,21.96,21.56,21.91,30300,21.62
2010-02-04,22.35,22.38,21.89,21.89,14500,21.60
2010-02-03,22.62,22.68,22.54,22.58,12100,22.28
2010-02-02,22.43,22.71,22.39,22.70,26200,22.39
2010-02-01,22.22,22.34,22.22,22.27,9300,21.97
2010-01-29,22.37,22.51,22.11,22.13,36700,21.83
2010-01-28,22.50,22.60,22.26,22.32,14500,22.02
2010-01-27,22.46,22.48,22.26,22.47,123000,22.17
2010-01-26,22.46,22.61,22.45,22.58,4000,22.28
2010-01-25,22.68,22.68,22.48,22.56,14900,22.26
2010-01-22,22.81,22.83,22.53,22.53,12100,22.23
2010-01-21,23.08,23.08,22.81,22.88,5500,22.57
2010-01-20,23.29,23.29,23.04,23.22,6100,22.91
2010-01-19,23.15,23.42,23.15,23.42,22000,23.10
2010-01-15,23.02,23.10,22.99,23.10,4500,22.79
2010-01-14,23.20,23.31,23.20,23.26,25100,22.95
2010-01-13,23.07,23.28,23.07,23.28,3300,22.97
2010-01-12,23.15,23.19,23.00,23.10,8500,22.79
2010-01-11,23.27,23.27,23.21,23.25,13300,22.94
2010-01-08,23.06,23.22,23.05,23.21,4000,22.90
2010-01-07,23.00,23.14,22.97,23.14,9800,22.83
2010-01-06,23.02,23.07,23.00,23.06,20600,22.75
2010-01-05,22.91,22.98,22.87,22.94,80700,22.63
2010-01-04,22.96,23.01,22.90,22.94,92400,22.63
2009-12-31,22.78,22.81,22.60,22.60,8800,22.30
2009-12-30,22.90,22.90,22.80,22.84,23500,22.53
2009-12-29,23.01,23.01,22.89,22.97,11300,22.66
2009-12-28,23.01,23.01,22.93,22.96,800,22.65
2009-12-24,22.90,23.00,22.90,22.95,3900,22.64
2009-12-23,22.83,22.85,22.72,22.84,103300,22.53
2009-12-22,22.74,22.83,22.69,22.70,20500,22.39
2009-12-21,22.70,22.92,22.70,22.86,2600,22.39
2009-12-18,22.71,22.71,22.44,22.51,8600,22.05
2009-12-17,22.67,22.67,22.47,22.53,17800,22.07
2009-12-16,22.74,22.94,22.74,22.79,14000,22.33
2009-12-15,22.74,22.78,22.72,22.77,5200,22.31
2009-12-14,22.76,22.79,22.70,22.79,6200,22.33
2009-12-11,22.46,22.56,22.44,22.53,103000,22.07
2009-12-10,22.27,22.43,22.27,22.37,82100,21.91
2009-12-09,22.15,22.17,21.99,22.17,11900,21.72
2009-12-08,22.27,22.27,22.02,22.08,9000,21.63
2009-12-07,22.35,22.44,22.27,22.36,90800,21.90
2009-12-04,22.32,22.44,22.12,22.22,8800,21.77
2009-12-03,22.30,22.30,22.21,22.25,2400,21.80
2009-12-02,22.30,22.31,22.20,22.30,5800,21.85
2009-12-01,22.14,22.18,22.03,22.14,2500,21.69
2009-11-30,21.74,21.84,21.65,21.84,16900,21.40
2009-11-27,21.67,21.90,21.67,21.77,9000,21.33
2009-11-25,21.98,22.16,21.98,22.14,7200,21.69
2009-11-24,21.90,21.95,21.75,21.90,5500,21.45
2009-11-23,21.88,22.09,21.88,21.89,11300,21.44
2009-11-20,21.62,21.69,21.56,21.69,8500,21.25
2009-11-19,21.84,21.84,21.61,21.65,13300,21.21
2009-11-18,22.01,22.11,21.91,21.99,13000,21.54
2009-11-17,22.02,22.04,21.90,22.03,16900,21.58
2009-11-16,22.00,22.15,22.00,22.11,3200,21.66
2009-11-13,21.62,21.81,21.62,21.81,5400,21.37
2009-11-12,21.84,21.96,21.58,21.58,103500,21.14
2009-11-11,21.80,21.87,21.75,21.81,19700,21.37
2009-11-10,21.79,21.79,21.66,21.74,33100,21.30
2009-11-09,21.57,21.76,21.57,21.76,13500,21.32
2009-11-06,21.25,21.27,21.19,21.27,1200,20.84
2009-11-05,21.12,21.25,21.12,21.25,58900,20.82
2009-11-04,20.99,21.07,20.83,20.83,2500,20.41
2009-11-03,20.71,20.77,20.60,20.73,60300,20.31
2009-11-02,20.75,20.75,20.49,20.51,3400,20.09
2009-10-30,21.00,21.00,20.45,20.52,14500,20.10
2009-10-29,20.93,21.06,20.93,21.06,3200,20.63
2009-10-28,20.99,20.99,20.61,20.63,11300,20.21
2009-10-27,21.02,21.13,21.02,21.09,1000,20.66
2009-10-26,21.44,21.66,21.10,21.10,23100,20.67
2009-10-23,21.72,21.72,21.31,21.37,9700,20.93
2009-10-22,21.45,21.55,21.45,21.55,1800,21.11
2009-10-21,21.79,21.81,21.61,21.61,8600,21.17
2009-10-20,21.72,21.73,21.61,21.69,4000,21.25
2009-10-19,21.70,21.83,21.70,21.83,1100,21.39
2009-10-16,21.50,21.53,21.50,21.53,1600,21.09
2009-10-15,21.50,21.66,21.50,21.64,3800,21.20
2009-10-14,21.49,21.54,21.37,21.52,7000,21.08
2009-10-13,21.15,21.27,21.15,21.22,4800,20.79
2009-10-12,21.34,21.39,21.28,21.32,8300,20.89
2009-10-09,21.12,21.21,21.11,21.21,2600,20.78
2009-10-08,21.08,21.17,21.08,21.11,5600,20.68
2009-10-07,20.88,20.90,20.86,20.86,2900,20.44
2009-10-06,20.94,21.05,20.84,20.84,2600,20.42
2009-10-05,20.44,20.67,20.44,20.67,3100,20.25
2009-10-02,20.27,20.36,20.27,20.35,7000,19.94
2009-10-01,20.77,20.78,20.57,20.59,12100,20.17
2009-09-30,20.91,21.18,20.88,21.08,23800,20.65
2009-09-29,21.31,21.31,21.15,21.30,4900,20.87
2009-09-28,21.10,21.20,21.10,21.17,4000,20.74
2009-09-25,20.90,20.97,20.80,20.82,5700,20.40
2009-09-24,21.19,21.24,20.91,20.99,20100,20.56
2009-09-23,21.45,21.64,21.26,21.26,5200,20.83
2009-09-22,21.45,21.58,21.41,21.52,10800,21.08
2009-09-21,21.25,21.36,21.18,21.33,12100,20.90
2009-09-18,21.45,21.51,21.34,21.47,6400,21.03
2009-09-17,21.55,21.59,21.32,21.47,5700,21.03
2009-09-16,21.39,21.53,21.39,21.50,5800,21.06
2009-09-15,21.08,21.27,21.00,21.22,8000,20.79
2009-09-14,20.62,21.00,20.62,21.00,3400,20.57
2009-09-11,20.75,20.80,20.75,20.79,3900,20.37
2009-09-10,20.40,20.78,20.40,20.78,3500,20.36
2009-09-09,20.28,20.56,20.28,20.47,3800,20.05
2009-09-08,20.28,20.35,20.24,20.35,7400,19.94
2009-09-04,19.88,20.06,19.80,20.06,4300,19.65
2009-09-03,19.65,19.82,19.65,19.82,800,19.42
2009-09-02,19.57,19.68,19.56,19.66,2100,19.26
2009-09-01,20.02,20.30,19.78,19.78,1600,19.38
2009-08-31,20.17,20.17,20.05,20.16,6600,19.75
2009-08-28,20.53,20.53,20.26,20.34,3500,19.93
2009-08-27,20.17,20.35,20.03,20.35,5700,19.94
2009-08-26,20.24,20.31,20.18,20.27,6900,19.86
2009-08-25,20.44,20.49,20.25,20.31,6800,19.90
2009-08-24,20.38,20.46,20.19,20.24,12600,19.83
2009-08-21,20.15,20.22,20.12,20.16,20200,19.75
2009-08-20,19.75,19.76,19.70,19.74,2500,19.34
2009-08-19,19.36,19.67,19.36,19.56,2000,19.16
2009-08-18,19.41,19.52,19.41,19.52,5100,19.12
2009-08-17,19.28,19.28,19.28,19.28,200,18.89
2009-08-14,19.81,19.81,19.64,19.69,11900,19.29
2009-08-13,19.85,19.93,19.81,19.81,9800,19.41
2009-08-12,19.64,19.82,19.64,19.82,1300,19.42
2009-08-11,19.54,19.54,19.48,19.49,1800,19.09
2009-08-10,19.73,19.78,19.73,19.78,1600,19.38
2009-08-07,19.53,19.53,19.53,19.53,000,19.13
2009-08-06,19.54,19.55,19.39,19.53,5300,19.13
2009-08-05,19.39,19.54,19.38,19.54,1900,19.14
2009-08-04,19.44,19.62,19.41,19.49,27500,19.09
2009-08-03,19.36,19.46,19.36,19.44,700,19.04
2009-07-31,19.00,19.16,19.00,19.16,3800,18.77
2009-07-30,19.24,19.29,19.13,19.13,8000,18.74
2009-07-29,18.81,18.82,18.68,18.80,1700,18.42
2009-07-28,18.98,18.98,18.90,18.90,3600,18.52
2009-07-27,18.88,19.02,18.88,18.97,4200,18.58
2009-07-24,18.76,18.76,18.75,18.75,1600,18.37
2009-07-23,18.48,18.77,18.48,18.77,900,18.39
2009-07-22,18.16,18.21,18.16,18.20,1300,17.83
2009-07-21,18.39,18.39,18.13,18.13,3200,17.76
2009-07-20,18.02,18.14,18.02,18.14,2000,17.77
2009-07-17,17.86,17.90,17.80,17.85,4200,17.49
2009-07-16,17.71,17.88,17.65,17.87,5200,17.51
2009-07-15,17.43,17.77,17.43,17.77,3300,17.41
2009-07-14,17.18,17.26,17.10,17.26,6600,16.91
2009-07-13,16.78,17.03,16.78,16.99,5400,16.64
2009-07-10,16.71,16.72,16.71,16.71,700,16.37
2009-07-09,16.79,16.86,16.68,16.82,2100,16.48
2009-07-08,16.85,16.92,16.46,16.58,3500,16.24
2009-07-07,17.00,17.07,16.88,16.89,5100,16.55
2009-07-06,17.18,17.21,17.02,17.17,5800,16.82
2009-07-02,17.57,17.57,17.44,17.48,2900,17.12
2009-07-01,18.24,18.29,18.07,18.07,3300,17.70
2009-06-30,18.12,18.18,17.81,17.95,6600,17.58
2009-06-29,17.94,18.14,17.88,18.14,7300,17.77
2009-06-26,17.82,17.82,17.82,17.82,800,17.46
2009-06-25,17.45,17.93,17.45,17.93,2500,17.57
2009-06-24,17.33,17.62,17.33,17.60,1600,17.24
2009-06-23,17.27,17.27,17.11,17.23,3800,16.88
2009-06-22,18.00,18.00,17.49,17.59,32400,17.04
2009-06-19,18.33,18.33,18.14,18.15,4000,17.59
2009-06-18,18.18,18.18,18.15,18.15,2000,17.59
2009-06-17,17.90,18.13,17.90,18.13,3100,17.57
2009-06-16,18.72,18.74,18.21,18.24,5800,17.67
2009-06-15,18.76,18.76,18.49,18.58,5100,18.00
2009-06-12,18.97,18.97,18.97,18.97,200,18.38
2009-06-11,19.30,19.40,19.22,19.34,2600,18.74
2009-06-10,19.31,19.31,18.78,19.02,11900,18.43
2009-06-09,18.99,19.14,18.95,19.13,11500,18.54
2009-06-08,18.68,18.69,18.64,18.65,900,18.07
2009-06-05,19.13,19.13,19.06,19.10,6400,18.51
2009-06-04,18.73,19.07,18.73,19.03,2100,18.44
2009-06-03,18.72,18.74,18.56,18.56,600,17.98
2009-06-02,19.03,19.16,19.03,19.16,1300,18.57
2009-06-01,18.74,19.20,18.73,19.09,12600,18.50
2009-05-29,18.05,18.15,17.94,18.09,3300,17.53
2009-05-28,17.74,18.01,17.69,18.01,1500,17.45
2009-05-27,18.09,18.20,17.68,17.69,12900,17.14
2009-05-26,17.82,18.00,17.82,18.00,10900,17.44
2009-05-22,17.49,17.60,17.48,17.60,12700,17.05
2009-05-21,17.61,17.61,17.28,17.42,16400,16.88
2009-05-20,18.27,18.53,18.08,18.16,2300,17.60
2009-05-19,17.99,18.16,17.85,18.13,5200,17.57
2009-05-18,17.34,17.76,17.34,17.72,9200,17.17
2009-05-15,17.43,17.50,17.09,17.10,6800,16.57
2009-05-14,17.22,17.49,17.19,17.49,2200,16.95
2009-05-13,17.50,17.57,17.14,17.15,3000,16.62
2009-05-12,17.94,17.94,17.94,17.94,600,17.38
2009-05-11,18.39,18.44,18.25,18.25,4100,17.68
2009-05-08,18.55,18.96,18.55,18.96,2800,18.37
2009-05-07,18.63,18.64,18.04,18.11,18200,17.55
2009-05-06,18.55,18.63,18.26,18.59,5200,18.01
2009-05-05,18.12,18.12,18.07,18.07,500,17.51
2009-05-04,17.89,18.01,17.88,18.01,2700,17.45
2009-05-01,17.19,17.44,17.14,17.33,1600,16.79
2009-04-30,17.36,17.46,17.12,17.16,3900,16.63
2009-04-29,16.92,17.07,16.91,16.96,5700,16.43
2009-04-28,16.22,16.56,16.22,16.41,3100,15.90
2009-04-27,16.71,16.71,16.41,16.50,2000,15.99
2009-04-24,16.60,16.87,16.60,16.86,2500,16.34
2009-04-23,16.23,16.38,16.22,16.27,9100,15.76
2009-04-22,16.36,16.54,16.35,16.53,27700,16.02
2009-04-21,15.75,16.09,15.75,16.06,2300,15.56
2009-04-20,15.75,15.79,15.58,15.61,2300,15.13
2009-04-17,16.35,16.73,16.34,16.64,5100,16.12
2009-04-16,15.92,16.43,15.92,16.29,9300,15.78
2009-04-15,15.57,15.75,15.57,15.75,1800,15.26
2009-04-14,15.76,16.04,15.63,15.69,17000,15.20
2009-04-13,15.81,16.00,15.55,15.97,6300,15.47
2009-04-09,15.49,15.91,15.49,15.91,4900,15.42
2009-04-08,14.76,14.79,14.66,14.79,5800,14.33
2009-04-07,14.79,14.79,14.57,14.58,9300,14.13
2009-04-06,15.01,15.01,14.89,14.90,5400,14.44
2009-04-03,15.02,15.20,15.02,15.20,12100,14.73
2009-04-02,14.66,15.18,14.66,14.95,5500,14.49
2009-04-01,13.78,14.18,13.73,14.15,5100,13.71
2009-03-31,13.92,13.92,13.87,13.87,7000,13.44
2009-03-30,13.74,13.74,13.48,13.48,5200,13.06
2009-03-27,14.59,14.59,14.43,14.43,700,13.98
2009-03-26,14.49,14.81,14.49,14.79,5100,14.33
2009-03-25,14.33,14.33,13.80,14.29,9600,13.85
2009-03-24,14.17,14.38,14.13,14.13,900,13.69
2009-03-23,13.59,14.31,13.59,14.31,8700,13.87
2009-03-20,13.47,13.47,13.18,13.25,2200,12.84
2009-03-19,13.84,13.86,13.77,13.78,1500,13.35
2009-03-18,13.66,13.66,13.61,13.61,2000,13.19
2009-03-17,12.73,12.73,12.73,12.73,200,12.33
2009-03-16,13.00,13.10,13.00,13.09,2000,12.68
2009-03-13,12.78,12.78,12.69,12.69,2400,12.30
2009-03-12,12.23,12.54,12.23,12.54,5800,12.15
2009-03-11,12.03,12.25,11.98,12.06,9000,11.69
2009-03-10,11.20,11.20,11.20,11.20,000,10.85
2009-03-09,10.98,11.26,10.98,11.20,2600,10.85
2009-03-06,11.19,11.19,10.80,11.15,13200,10.80
2009-03-05,11.68,11.68,11.13,11.22,27600,10.87
2009-03-04,11.82,11.96,11.82,11.93,2600,11.56
2009-03-03,11.33,11.58,11.31,11.58,1700,11.22
2009-03-02,11.91,11.91,11.55,11.57,24600,11.21
2009-02-27,12.47,12.48,12.47,12.48,1600,12.09
2009-02-26,13.04,13.09,12.66,12.74,9400,12.34
2009-02-25,12.77,13.11,12.60,12.93,28900,12.53
2009-02-24,12.59,13.02,12.48,13.02,19400,12.62
2009-02-23,12.61,12.62,12.29,12.33,131400,11.95
2009-02-20,12.82,13.13,12.79,12.94,14900,12.54
2009-02-19,13.42,13.54,13.42,13.47,9200,13.05
2009-02-18,13.53,13.65,13.35,13.46,7500,13.04
2009-02-17,13.80,13.80,13.59,13.71,12100,13.28
2009-02-13,14.57,14.57,14.45,14.47,2500,14.02
2009-02-12,14.24,14.59,14.16,14.59,6500,14.14
2009-02-11,14.58,14.58,14.50,14.56,3900,14.11
2009-02-10,15.35,15.35,14.43,14.43,8100,13.98
2009-02-09,15.27,15.51,15.27,15.40,1900,14.92
2009-02-06,15.11,15.40,15.11,15.35,3000,14.87
2009-02-05,14.75,14.88,14.75,14.84,5000,14.38
2009-02-04,14.83,14.83,14.52,14.52,3900,14.07
2009-02-03,14.39,14.60,14.26,14.60,1900,14.15
2009-02-02,14.37,14.37,14.26,14.30,1000,13.86
2009-01-30,14.69,14.70,14.64,14.64,1100,14.19
2009-01-29,15.30,15.30,15.09,15.09,3700,14.62
2009-01-28,15.27,15.80,15.27,15.67,14300,15.18
2009-01-27,15.00,15.16,14.94,15.07,2700,14.60
2009-01-26,15.19,15.29,14.95,15.00,13200,14.53
2009-01-23,14.36,15.03,14.36,14.82,6900,14.36
2009-01-22,14.81,14.91,14.56,14.66,15900,14.20
2009-01-21,14.52,14.53,14.51,14.51,1500,14.06
2009-01-20,14.57,14.66,14.50,14.50,2200,14.05
2009-01-16,15.03,15.03,15.03,15.03,000,14.56
2009-01-15,14.93,15.03,14.58,15.03,2500,14.56
2009-01-14,15.32,15.32,14.92,14.96,10100,14.50
2009-01-13,15.83,15.84,15.61,15.77,6400,15.28
2009-01-12,15.84,15.90,15.68,15.71,4900,15.22
2009-01-09,16.83,16.83,16.52,16.54,3300,16.03
2009-01-08,16.69,16.93,16.64,16.93,1300,16.40
2009-01-07,17.05,17.13,16.78,16.78,9300,16.26
2009-01-06,17.38,17.54,17.28,17.41,36700,16.87
2009-01-05,16.86,17.11,16.86,17.01,2300,16.48
2009-01-02,16.68,16.91,16.68,16.88,3500,16.36
2008-12-31,16.09,16.38,16.09,16.38,12900,15.87
2008-12-30,15.62,15.76,15.61,15.74,3500,15.25
2008-12-29,15.50,15.50,15.23,15.31,2600,14.83
2008-12-26,15.37,15.37,15.37,15.37,000,14.89
2008-12-24,15.27,15.40,15.27,15.37,4300,14.89
2008-12-23,15.71,15.76,15.30,15.30,60600,14.82
2008-12-22,16.14,16.14,15.52,15.75,20200,15.26
2008-12-19,16.41,16.41,16.13,16.13,9700,15.63
2008-12-18,16.66,16.66,16.02,16.16,7500,15.66
2008-12-17,15.96,16.55,15.96,16.53,2600,16.02
2008-12-16,16.24,16.24,15.73,16.24,12600,15.74
2008-12-15,15.80,15.93,15.80,15.93,400,15.44
2008-12-12,15.36,15.66,15.03,15.57,22200,15.09
2008-12-11,16.23,16.25,16.15,16.15,20500,15.65
2008-12-10,16.07,16.27,15.86,16.06,8400,15.56
2008-12-09,16.20,16.26,16.05,16.05,7300,15.55
2008-12-08,16.08,16.28,15.91,16.16,4300,15.66
2008-12-05,14.47,15.19,14.43,15.19,14800,14.72
2008-12-04,15.55,15.57,15.14,15.15,13300,14.68
2008-12-03,14.92,15.23,14.92,15.23,1400,14.76
2008-12-02,14.68,15.05,14.68,15.03,13300,14.56
2008-12-01,14.95,14.95,14.80,14.80,600,14.34
2008-11-28,15.75,15.75,15.71,15.71,1500,15.22
2008-11-26,14.89,15.73,14.89,15.73,16500,15.24
2008-11-25,15.01,15.07,14.74,15.03,4100,14.56
2008-11-24,14.69,14.82,14.60,14.82,1500,14.36
2008-11-21,13.10,13.53,12.66,13.53,42800,13.11
2008-11-20,13.77,13.92,13.26,13.27,7400,12.86
2008-11-19,14.99,14.99,14.06,14.13,7100,13.69
2008-11-18,15.07,15.39,14.86,14.86,10700,14.40
2008-11-17,15.09,15.62,15.07,15.35,25500,14.87
2008-11-14,16.26,16.26,16.26,16.26,300,15.76
2008-11-13,15.10,15.55,14.48,15.51,9400,15.03
2008-11-12,15.66,15.66,15.26,15.26,3200,14.79
2008-11-11,15.97,16.34,15.75,16.13,3900,15.63
2008-11-10,17.06,17.06,16.44,16.49,16500,15.98
2008-11-07,16.86,16.89,16.77,16.77,2800,16.25
2008-11-06,17.44,17.44,16.47,16.47,16300,15.96
2008-11-05,18.21,18.21,17.75,17.76,15100,17.21
2008-11-04,18.12,18.49,18.12,18.33,12700,17.76
2008-11-03,18.07,18.07,17.50,17.71,7900,17.16
2008-10-31,17.38,17.86,17.36,17.69,18300,17.14
2008-10-30,17.29,17.29,17.12,17.12,4600,16.59
2008-10-29,17.14,17.32,17.06,17.06,3700,16.53
2008-10-28,15.56,16.80,15.12,16.80,466700,16.28
2008-10-27,15.69,15.79,15.69,15.79,600,15.30
2008-10-24,14.17,15.96,14.17,15.95,7100,15.45
2008-10-23,16.52,16.85,15.65,15.87,7100,15.38
2008-10-22,17.14,17.17,16.00,16.00,16000,15.50
2008-10-21,18.08,18.23,17.49,17.49,16700,16.95
2008-10-20,18.73,18.73,17.92,17.92,8400,17.36
2008-10-17,17.97,18.35,17.17,17.57,28300,17.02
2008-10-16,17.10,17.13,15.91,17.07,8100,16.54
2008-10-15,17.94,17.94,17.09,17.09,1500,16.56
2008-10-14,19.70,19.70,18.78,18.88,10400,18.29
2008-10-13,19.67,19.67,17.43,18.28,4200,17.71
2008-10-10,17.10,17.76,15.67,16.97,13900,16.44
2008-10-09,21.15,21.15,17.77,17.77,6400,17.22
2008-10-08,18.02,19.39,18.02,19.14,18600,18.55
2008-10-07,20.34,20.34,19.32,19.32,6300,18.72
2008-10-06,20.49,20.54,19.78,20.54,4700,19.90
2008-10-03,21.76,21.94,21.14,21.15,5500,20.49
2008-10-02,24.38,24.38,21.51,21.51,20100,20.84
2008-10-01,23.50,23.50,21.68,22.82,25400,22.11
2008-09-30,21.58,21.93,21.58,21.92,1800,21.24
2008-09-29,22.36,22.36,21.73,21.80,3700,21.12
2008-09-26,22.85,23.40,22.85,23.40,10400,22.67
2008-09-25,23.12,23.47,23.03,23.43,5300,22.70
2008-09-24,23.09,23.26,23.07,23.23,3700,22.51
2008-09-23,23.60,23.60,23.10,23.10,2600,22.38
2008-09-22,23.87,24.17,23.46,23.46,4700,22.73
2008-09-19,26.48,26.50,23.51,24.76,4200,23.99
2008-09-18,22.35,23.50,22.26,23.50,3900,22.77
2008-09-17,23.03,23.03,22.62,22.62,1700,21.92
2008-09-16,22.85,23.69,22.85,23.69,2300,22.95
2008-09-15,23.36,24.01,23.36,23.67,9200,22.94
2008-09-12,24.41,24.41,24.28,24.28,2200,23.53
2008-09-11,23.94,24.19,23.80,24.19,2300,23.44
2008-09-10,23.98,24.17,23.98,24.14,1600,23.39
2008-09-09,24.55,24.55,24.35,24.35,38600,23.59
2008-09-08,26.58,26.58,24.43,24.83,1700,24.06
2008-09-05,25.51,25.51,23.48,23.73,3300,22.99
2008-09-04,24.20,24.20,23.77,23.84,4900,23.10
2008-09-03,24.45,24.45,24.30,24.36,2800,23.60
2008-09-02,24.59,24.59,24.22,24.25,5500,23.50
2008-08-29,24.26,24.28,24.07,24.09,41900,23.34
2008-08-28,23.90,24.19,23.90,24.19,6400,23.44
2008-08-27,23.53,23.84,23.50,23.72,44900,22.98
2008-08-26,25.25,25.25,23.30,23.32,3100,22.60
2008-08-25,23.97,23.97,23.40,23.40,4100,22.67
2008-08-22,23.85,23.97,23.64,23.90,6400,23.16
2008-08-21,23.26,23.55,23.26,23.55,6500,22.82
2008-08-20,23.40,23.50,23.34,23.50,4300,22.77
2008-08-19,23.68,23.68,23.48,23.48,8300,22.75
2008-08-18,24.27,24.37,24.03,24.03,3300,23.28
2008-08-15,24.49,24.49,24.48,24.48,1500,23.72
2008-08-14,24.31,24.35,24.12,24.14,8000,23.39
2008-08-13,23.56,23.80,23.56,23.80,500,23.06
2008-08-12,24.39,24.39,24.10,24.15,400,23.40
2008-08-11,24.86,24.90,24.47,24.54,2300,23.78
2008-08-08,23.83,23.86,23.78,23.86,1600,23.12
2008-08-07,23.54,23.54,23.26,23.26,3900,22.54
2008-08-06,23.60,23.86,23.58,23.86,7200,23.12
2008-08-05,23.59,23.59,23.59,23.59,200,22.86
2008-08-04,23.07,23.07,23.07,23.07,000,22.35
2008-08-01,23.02,23.21,22.99,23.07,3100,22.35
2008-07-31,23.45,23.45,23.21,23.21,21800,22.49
2008-07-30,23.20,23.38,23.19,23.32,38800,22.60
2008-07-29,22.78,23.05,22.73,23.05,13100,22.33
2008-07-28,22.63,22.63,22.43,22.43,3700,21.73
2008-07-25,23.01,23.01,22.67,22.75,2800,22.04
2008-07-24,23.53,23.56,22.94,22.94,5800,22.23
2008-07-23,23.72,23.72,23.43,23.54,3900,22.81
2008-07-22,22.29,23.23,22.29,23.23,11800,22.51
2008-07-21,23.04,23.04,22.71,22.78,3100,22.07
2008-07-18,22.66,22.75,22.65,22.74,2100,22.03
2008-07-17,22.56,22.75,22.56,22.68,3000,21.98
2008-07-16,21.87,21.87,21.87,21.87,800,21.19
2008-07-15,21.39,21.42,21.36,21.36,3100,20.70
2008-07-14,21.59,21.77,21.35,21.35,3700,20.69
2008-07-11,21.70,22.15,21.52,21.91,17100,21.23
2008-07-10,22.34,22.34,22.06,22.25,2400,21.56
2008-07-09,23.07,23.07,22.38,22.38,3500,21.69
2008-07-08,22.55,22.91,22.51,22.91,9500,22.20
2008-07-07,22.89,22.89,22.73,22.73,400,22.02
2008-07-03,22.95,22.95,22.71,22.85,2600,22.14
2008-07-02,23.79,23.79,22.90,22.90,1400,22.19
2008-07-01,22.87,23.20,22.87,23.20,145000,22.48
2008-06-30,23.31,23.39,23.27,23.39,4200,22.66
2008-06-27,23.11,23.16,23.11,23.16,1400,22.44
2008-06-26,23.90,23.90,23.59,23.59,1600,22.86
2008-06-25,23.86,24.24,23.86,24.22,7200,23.47
2008-06-24,23.82,23.86,23.81,23.81,900,23.07
2008-06-23,23.98,23.98,23.86,23.86,2300,23.12
2008-06-20,24.35,24.40,24.16,24.19,10200,23.25
2008-06-19,24.42,24.56,24.42,24.56,3300,23.61
2008-06-18,24.45,24.60,24.45,24.53,1700,23.58
2008-06-17,25.06,25.06,24.95,24.99,4300,24.02
2008-06-16,24.95,25.14,24.95,25.14,1100,24.17
2008-06-13,24.84,24.93,24.84,24.90,2000,23.94
2008-06-12,24.87,24.87,24.67,24.67,1300,23.72
2008-06-11,24.81,24.83,24.75,24.75,7800,23.79
2008-06-10,25.15,25.20,25.15,25.17,4100,24.20
2008-06-09,25.41,25.41,25.14,25.21,7700,24.24
2008-06-06,25.81,25.81,25.31,25.31,1000,24.33
2008-06-05,25.89,26.03,25.86,26.03,2800,25.02
2008-06-04,25.67,25.67,25.67,25.67,000,24.68
2008-06-03,25.74,25.74,25.48,25.67,2800,24.68
2008-06-02,25.79,25.79,25.67,25.79,11600,24.79
2008-05-30,26.07,26.09,26.05,26.09,6000,25.08
2008-05-29,25.72,25.72,25.72,25.72,000,24.73
2008-05-28,25.72,25.72,25.72,25.72,1200,24.73
2008-05-27,25.70,25.70,25.68,25.68,900,24.69
2008-05-23,25.86,25.86,25.50,25.53,12100,24.54
2008-05-22,26.00,26.00,26.00,26.00,900,24.99
2008-05-21,26.22,26.22,25.94,25.94,2500,24.94
2008-05-20,26.27,26.30,26.24,26.24,4400,25.23
2008-05-19,26.71,26.71,26.71,26.71,100,25.68
2008-05-16,26.61,26.61,26.36,26.50,13000,25.48
2008-05-15,26.26,26.41,26.22,26.41,1300,25.39
2008-05-14,26.30,26.30,26.30,26.30,7200,25.28
2008-05-13,26.04,26.04,26.02,26.03,600,25.02
2008-05-12,25.67,25.98,25.67,25.98,500,24.98
2008-05-09,25.62,25.62,25.54,25.54,2500,24.55
2008-05-08,25.64,25.68,25.56,25.62,32700,24.63
2008-05-07,26.04,26.04,25.57,25.57,1000,24.58
2008-05-06,25.75,25.95,25.75,25.95,9200,24.95
2008-05-05,25.82,25.82,25.79,25.79,1800,24.79
2008-05-02,26.13,26.40,25.93,25.93,25400,24.93
2008-05-01,26.01,26.01,26.01,26.01,4700,25.00
2008-04-30,25.49,25.49,25.28,25.28,7900,24.30
2008-04-29,25.48,25.50,25.39,25.50,14300,24.51
2008-04-28,25.43,25.53,25.43,25.52,1600,24.53
2008-04-25,25.26,25.45,25.26,25.40,700,24.42
2008-04-24,24.86,24.86,24.86,24.86,000,23.90
2008-04-23,24.94,24.94,24.76,24.86,2800,23.90
2008-04-22,24.96,24.97,24.96,24.96,4600,24.00
2008-04-21,25.36,25.36,25.25,25.25,1100,24.27
2008-04-18,25.46,25.46,25.46,25.46,400,24.48
2008-04-17,24.85,24.85,24.85,24.85,000,23.89
2008-04-16,24.70,24.85,24.70,24.85,7200,23.89
2008-04-15,24.20,24.37,24.20,24.37,1100,23.43
2008-04-14,24.40,24.40,24.40,24.40,000,23.46
2008-04-11,24.63,24.63,24.40,24.40,300,23.46
2008-04-10,24.72,24.72,24.72,24.72,000,23.76
2008-04-09,24.72,24.72,24.72,24.72,100,23.76
2008-04-08,25.00,25.03,25.00,25.03,1300,24.06
2008-04-07,25.33,25.38,25.17,25.18,2200,24.21
2008-04-04,25.27,25.27,25.05,25.05,900,24.08
2008-04-03,25.07,25.17,25.04,25.17,300,24.20
2008-04-02,24.86,24.86,24.86,24.86,000,23.90
2008-04-01,24.46,24.86,24.46,24.86,300,23.90
2008-03-31,23.80,24.09,23.80,24.02,3100,23.09
2008-03-28,24.04,24.04,23.80,23.80,1000,22.88
2008-03-27,24.65,24.65,24.15,24.15,10200,23.22
2008-03-26,24.54,24.54,24.41,24.42,14100,23.48
2008-03-25,25.01,25.01,24.72,24.93,12200,23.97
2008-03-24,24.50,25.03,24.50,25.03,15200,24.06
2008-03-20,23.72,24.34,23.72,24.33,3900,23.39
2008-03-19,24.00,24.00,23.71,23.71,800,22.79
2008-03-18,23.60,24.10,23.56,24.10,32000,23.17
2008-03-17,22.99,22.99,22.92,22.92,10400,22.03
2008-03-14,24.26,24.26,23.58,23.58,7800,22.67
2008-03-13,23.71,24.27,23.71,24.27,6700,23.33
2008-03-12,23.44,23.44,23.44,23.44,000,22.53
2008-03-11,23.44,23.44,23.44,23.44,000,22.53
2008-03-10,23.62,23.62,23.43,23.44,11900,22.53
2008-03-07,23.72,23.99,23.63,23.79,29000,22.87
2008-03-06,24.56,24.56,24.56,24.56,000,23.61
2008-03-05,24.65,24.88,24.55,24.56,13400,23.61
2008-03-04,24.21,24.39,24.17,24.17,3100,23.24
2008-03-03,24.51,24.51,24.44,24.44,15600,23.50
2008-02-29,25.25,25.25,24.67,24.67,14500,23.72
2008-02-28,25.87,25.87,25.50,25.56,6900,24.57
2008-02-27,26.21,26.21,26.08,26.08,1000,25.07
2008-02-26,25.95,26.14,25.93,26.14,16000,25.13
2008-02-25,25.29,25.70,25.29,25.59,11000,24.60
2008-02-22,25.00,25.26,24.92,25.26,40400,24.28
2008-02-21,25.57,25.57,25.57,25.57,000,24.58
2008-02-20,25.32,25.57,25.31,25.57,4100,24.58
2008-02-19,25.70,25.70,25.38,25.59,1600,24.60
2008-02-15,25.25,25.25,25.24,25.24,400,24.26
2008-02-14,25.65,25.65,25.38,25.46,36900,24.48
2008-02-13,25.84,25.84,25.57,25.57,900,24.58
2008-02-12,25.64,25.64,25.36,25.36,5600,24.38
2008-02-11,25.02,25.47,25.02,25.43,34800,24.45
2008-02-08,25.47,25.47,25.20,25.38,12300,24.40
2008-02-07,25.24,25.35,25.24,25.35,15700,24.37
2008-02-06,25.82,25.82,25.23,25.23,19400,24.25
2008-02-05,25.84,25.84,25.67,25.68,4800,24.69
2008-02-04,26.43,26.43,26.22,26.31,16100,25.29
2008-02-01,26.33,26.69,26.33,26.69,9200,25.66
2008-01-31,25.09,26.34,25.09,26.21,39000,25.20
2008-01-30,25.60,25.66,25.47,25.66,64600,24.67
2008-01-29,25.42,25.62,25.42,25.62,2200,24.63
2008-01-28,24.44,25.19,24.36,25.19,9600,24.22
2008-01-25,24.82,24.93,24.50,24.61,4400,23.66
2008-01-24,25.01,25.01,24.70,24.86,21300,23.90
2008-01-23,23.76,24.91,23.61,24.91,44400,23.95
2008-01-22,23.10,23.76,22.94,23.76,2500,22.84
2008-01-18,23.81,23.81,23.42,23.42,9400,22.51
2008-01-17,23.88,23.88,23.74,23.83,38100,22.91
2008-01-16,24.25,24.70,24.25,24.70,11500,23.75
2008-01-15,24.54,24.54,24.23,24.23,7300,23.29
2008-01-14,24.83,24.84,24.75,24.84,7600,23.88
2008-01-11,24.75,24.80,24.66,24.66,51900,23.71
2008-01-10,24.53,24.99,24.53,24.99,10100,24.02
2008-01-09,24.20,24.44,23.94,24.39,900,23.45
2008-01-08,25.08,25.08,24.27,24.27,1200,23.33
2008-01-07,24.89,25.06,24.76,25.03,2200,24.06
2008-01-04,24.89,24.89,24.83,24.83,2100,23.87
2008-01-03,25.80,25.80,25.46,25.46,3600,24.48
2008-01-02,26.10,26.10,25.70,25.70,600,24.71
2007-12-31,26.08,26.20,26.08,26.20,2400,25.19
2007-12-28,26.28,26.37,26.28,26.37,1500,25.35
2007-12-27,26.42,26.42,26.30,26.30,9300,25.28
2007-12-26,26.54,26.54,26.52,26.52,3200,25.49
2007-12-24,26.61,26.61,26.59,26.59,9600,25.56
2007-12-21,26.15,26.37,26.15,26.37,1400,25.35
2007-12-20,25.99,26.20,25.92,26.14,1000,24.89
2007-12-19,26.20,26.23,26.07,26.23,2500,24.97
2007-12-18,26.16,26.16,25.98,25.98,1300,24.73
2007-12-17,26.36,26.36,26.14,26.14,400,24.89
2007-12-14,26.69,26.71,26.43,26.43,5700,25.16
2007-12-13,26.62,26.84,26.62,26.84,3100,25.55
2007-12-12,26.79,26.79,26.76,26.76,400,25.48
2007-12-11,27.50,27.50,27.50,27.50,10000,26.18
2007-12-10,27.66,27.71,27.66,27.71,600,26.38
2007-12-07,27.45,27.45,27.45,27.45,500,26.13
2007-12-06,26.88,26.88,26.88,26.88,000,25.59
2007-12-05,26.87,26.88,26.87,26.88,700,25.59
2007-12-04,26.61,26.63,26.54,26.62,1900,25.34
2007-12-03,26.90,26.90,26.75,26.75,200,25.47
2007-11-30,26.55,26.55,26.55,26.55,000,25.28
2007-11-29,26.55,26.55,26.55,26.55,000,25.28
2007-11-28,26.20,26.55,26.20,26.55,400,25.28
2007-11-27,25.90,25.90,25.90,25.90,000,24.66
2007-11-26,25.90,25.90,25.90,25.90,000,24.66
2007-11-23,25.90,25.90,25.90,25.90,200,24.66
2007-11-21,26.00,26.00,25.80,25.80,2000,24.56
2007-11-20,26.25,26.25,26.01,26.01,2300,24.76
2007-11-19,26.16,26.16,25.97,25.97,2200,24.73
2007-11-16,26.54,26.54,26.41,26.41,700,25.14
2007-11-15,26.89,26.89,26.64,26.64,800,25.36
2007-11-14,27.29,27.29,27.06,27.06,2800,25.76
2007-11-13,26.89,27.18,26.80,27.18,5300,25.88
2007-11-12,26.80,26.80,26.80,26.80,000,25.52
2007-11-09,26.65,26.82,26.65,26.80,5800,25.52
2007-11-08,26.85,26.85,26.85,26.85,000,25.56
2007-11-07,27.40,27.40,26.85,26.85,7800,25.56
2007-11-06,27.46,27.46,27.42,27.42,400,26.11
2007-11-05,27.31,27.33,27.31,27.31,7900,26.00
2007-11-02,27.39,27.39,27.39,27.39,100,26.08
2007-11-01,27.94,27.94,27.62,27.62,8100,26.30
2007-10-31,28.12,28.19,28.12,28.19,1600,26.84
2007-10-30,28.14,28.14,28.13,28.13,1800,26.78
2007-10-29,28.29,28.29,28.26,28.26,3200,26.91
2007-10-26,27.99,27.99,27.99,27.99,300,26.65
2007-10-25,27.71,27.71,27.71,27.71,300,26.38
2007-10-24,27.70,27.78,27.70,27.78,2000,26.45
2007-10-23,27.71,27.71,27.71,27.71,900,26.38
2007-10-22,27.97,27.97,27.97,27.97,000,26.63
2007-10-19,28.22,28.22,27.97,27.97,2000,26.63
2007-10-18,28.25,28.32,28.25,28.30,2100,26.94
2007-10-17,28.75,28.75,28.75,28.75,000,27.37
2007-10-16,28.75,28.75,28.75,28.75,000,27.37
2007-10-15,29.77,29.77,28.75,28.75,10600,27.37
2007-10-12,29.11,29.11,29.11,29.11,100,27.71
2007-10-11,29.31,29.34,29.30,29.30,1000,27.90
2007-10-10,29.10,29.20,29.05,29.20,1300,27.80
2007-10-09,29.06,29.06,29.06,29.06,900,27.67
2007-10-08,29.16,29.16,29.05,29.05,800,27.66
2007-10-05,28.84,28.84,28.84,28.84,000,27.46
2007-10-04,28.84,28.84,28.84,28.84,100,27.46
2007-10-03,28.81,28.81,28.81,28.81,800,27.43
2007-10-02,28.77,28.77,28.77,28.77,000,27.39
2007-10-01,28.77,28.77,28.77,28.77,300,27.39
2007-09-28,28.46,28.46,28.46,28.46,100,27.10
2007-09-27,28.55,28.55,28.52,28.52,2200,27.15
2007-09-26,28.38,28.50,28.28,28.34,2000,26.98
2007-09-25,28.21,28.21,28.21,28.21,2900,26.86
2007-09-24,28.53,28.53,28.31,28.31,10800,26.95
2007-09-21,28.69,28.70,28.66,28.66,1800,27.29
2007-09-20,28.78,28.78,28.56,28.56,4700,27.19
2007-09-19,28.85,28.85,28.75,28.75,1200,27.37
2007-09-18,27.72,27.72,27.72,27.72,000,26.39
2007-09-17,27.74,27.74,27.72,27.72,1200,26.39
2007-09-14,27.65,27.65,27.65,27.65,600,26.32
2007-09-13,27.78,27.78,27.73,27.73,5200,26.40
2007-09-12,27.60,27.60,27.60,27.60,100,26.28
2007-09-11,27.62,27.62,27.62,27.62,500,26.30
2007-09-10,27.34,27.34,27.34,27.34,900,26.03
2007-09-07,28.08,28.08,28.08,28.08,000,26.73
2007-09-06,28.01,28.08,27.92,28.08,2700,26.73
2007-09-05,28.01,28.01,27.95,27.95,300,26.61
2007-09-04,28.33,28.33,28.33,28.33,1100,26.97
2007-08-31,27.78,27.78,27.78,27.78,000,26.45
2007-08-30,27.78,27.78,27.78,27.78,000,26.45
2007-08-29,27.78,27.78,27.78,27.78,000,26.45
2007-08-28,27.78,27.78,27.78,27.78,300,26.45
2007-08-27,28.19,28.25,28.19,28.25,3700,26.90
2007-08-24,28.15,28.15,28.15,28.15,000,26.80
2007-08-23,28.15,28.15,28.15,28.15,400,26.80
2007-08-22,28.12,28.12,28.12,28.12,300,26.77
2007-08-21,27.70,27.74,27.70,27.74,600,26.41
2007-08-20,27.80,27.80,27.80,27.80,300,26.47
2007-08-17,27.44,27.57,27.43,27.43,700,26.12
2007-08-16,26.48,26.48,26.25,26.25,500,24.99
2007-08-15,27.42,27.42,27.11,27.11,500,25.81
2007-08-14,28.09,28.09,28.09,28.09,000,26.74
2007-08-13,28.09,28.09,28.09,28.09,300,26.74
2007-08-10,27.57,27.57,27.53,27.53,1500,26.21
2007-08-09,27.69,27.69,27.69,27.69,800,26.36
2007-08-08,28.23,28.23,28.23,28.23,1800,26.88
2007-08-07,28.19,28.19,28.19,28.19,5000,26.84
2007-08-06,27.44,27.98,27.44,27.98,10600,26.64
2007-08-03,28.45,28.45,28.45,28.45,000,27.09
2007-08-02,28.45,28.45,28.45,28.45,1100,27.09
2007-08-01,28.37,28.40,28.12,28.12,1500,26.77
2007-07-31,28.88,28.88,28.88,28.88,200,27.50
2007-07-30,28.69,28.69,28.69,28.69,200,27.31
2007-07-27,28.65,28.78,28.65,28.73,4200,27.35
2007-07-26,29.29,29.31,28.62,28.83,12000,27.45
2007-07-25,29.90,29.90,29.47,29.70,500,28.28
2007-07-24,30.11,30.11,29.71,29.71,1800,28.29
2007-07-23,30.52,30.52,30.50,30.50,600,29.04
2007-07-20,30.54,30.54,30.37,30.40,6200,28.94
2007-07-19,30.76,30.76,30.75,30.75,400,29.28
2007-07-18,30.73,30.73,30.73,30.73,000,29.26
2007-07-17,30.84,30.84,30.73,30.73,900,29.26
2007-07-16,30.90,30.92,30.76,30.76,4500,29.29
2007-07-13,30.24,30.24,30.24,30.24,000,28.79
2007-07-12,30.24,30.24,30.24,30.24,000,28.79
2007-07-11,30.10,30.24,30.10,30.24,5700,28.79
2007-07-10,30.21,30.21,30.21,30.21,1400,28.76
2007-07-09,30.55,30.55,30.55,30.55,000,29.09
2007-07-06,30.51,30.55,30.51,30.55,44200,29.09
2007-07-05,30.24,30.24,30.24,30.24,000,28.79
2007-07-03,30.24,30.24,30.24,30.24,000,28.79
2007-07-02,30.26,30.26,30.24,30.24,200,28.79
2007-06-29,30.13,30.16,30.13,30.16,1500,28.71
2007-06-28,29.78,29.78,29.78,29.78,000,28.35
2007-06-27,29.78,29.78,29.78,29.78,000,28.35
2007-06-26,29.78,29.78,29.78,29.78,400,28.35
2007-06-25,30.14,30.14,30.14,30.14,000,28.70
2007-06-22,30.13,30.14,30.13,30.14,1300,28.70
2007-06-21,30.32,30.32,30.32,30.32,300,28.87
2007-06-20,30.38,30.38,30.08,30.08,600,28.64
2007-06-19,30.54,30.54,30.54,30.54,000,29.08
2007-06-18,30.54,30.54,30.54,30.54,100,29.08
2007-06-15,30.62,30.62,30.61,30.61,1200,29.14
2007-06-14,30.34,30.34,30.34,30.34,200,28.89
2007-06-13,29.90,29.90,29.90,29.90,200,28.47
2007-06-12,29.74,29.74,29.74,29.74,100,28.31
2007-06-11,29.92,29.92,29.92,29.92,000,28.49
2007-06-08,29.90,29.92,29.90,29.92,400,28.49
2007-06-07,30.27,30.27,30.27,30.27,000,28.82
2007-06-06,30.24,30.27,30.24,30.27,600,28.82
2007-06-05,30.61,30.61,30.58,30.59,1900,29.12
2007-06-04,30.42,30.42,30.42,30.42,000,28.96
2007-06-01,30.42,30.42,30.42,30.42,000,28.96
2007-05-31,30.42,30.42,30.42,30.42,000,28.96
2007-05-30,30.42,30.42,30.42,30.42,000,28.96
2007-05-29,30.42,30.42,30.42,30.42,000,28.96
2007-05-25,30.42,30.42,30.42,30.42,000,28.96
2007-05-24,30.42,30.42,30.42,30.42,2000,28.96