2011-05-10,20.01,20.21,20.01,20.16,15500,20.16
2011-05-09,19.83,20.02,19.78,19.97,20000,19.97
2011-05-06,19.90,20.04,19.73,19.82,20900,19.82
2011-05-05,19.53,19.86,19.53,19.67,43600,19.67
2011-05-04,19.82,20.01,19.64,19.71,17000,19.71
2011-05-03,20.13,20.13,19.94,19.99,14000,19.99
2011-05-02,20.27,20.54,20.15,20.20,42000,20.20
2011-04-29,20.21,20.30,20.15,20.21,26000,20.21
2011-04-28,20.21,20.25,20.12,20.19,25400,20.19
2011-04-27,20.24,20.24,19.99,20.23,19500,20.23
2011-04-26,19.94,20.27,19.94,20.20,109100,20.20
2011-04-25,19.97,19.98,19.87,19.91,35300,19.91
2011-04-21,19.99,19.99,19.85,19.97,40500,19.97
2011-04-20,19.75,19.84,19.56,19.79,86300,19.79
2011-04-19,19.44,19.47,19.35,19.47,11500,19.47
2011-04-18,19.30,19.40,19.14,19.30,23100,19.30
2011-04-15,19.66,19.71,19.52,19.62,17200,19.62
2011-04-14,19.44,19.53,19.41,19.51,14600,19.51
2011-04-13,19.81,19.81,19.45,19.53,20600,19.53
2011-04-12,19.81,19.81,19.49,19.58,27300,19.58
2011-04-11,19.78,19.83,19.69,19.76,33400,19.76
2011-04-08,20.16,20.16,19.73,19.78,42800,19.78
2011-04-07,20.27,20.27,19.98,19.98,14800,19.98
2011-04-06,20.33,20.33,20.08,20.15,22800,20.15
2011-04-05,20.11,20.25,20.08,20.17,83600,20.17
2011-04-04,20.14,20.14,20.08,20.11,11500,20.11
2011-04-01,20.08,20.23,20.06,20.14,336200,20.14
2011-03-31,19.88,20.00,19.83,19.98,28600,19.98
2011-03-30,19.76,19.87,19.75,19.85,29600,19.85
2011-03-29,19.56,19.70,19.55,19.69,16800,19.69
2011-03-28,19.70,19.71,19.56,19.57,10800,19.57
2011-03-25,19.63,19.78,19.54,19.67,28700,19.67
2011-03-24,19.43,19.57,19.32,19.57,112000,19.57
2011-03-23,19.27,19.36,19.10,19.29,17900,19.29
2011-03-22,19.40,19.43,19.26,19.32,11900,19.32
2011-03-21,19.25,19.46,19.25,19.44,15900,19.44
2011-03-18,19.06,19.11,18.93,19.00,23500,19.00
2011-03-17,19.02,19.02,18.72,18.83,26900,18.83
2011-03-16,18.80,18.92,18.51,18.58,34600,18.58
2011-03-15,18.49,18.91,18.31,18.84,45500,18.84
2011-03-14,18.99,19.02,18.81,19.02,14000,19.02
2011-03-11,18.86,19.11,18.84,19.11,11600,19.11
2011-03-10,19.13,19.13,18.88,18.91,23100,18.91
2011-03-09,19.32,19.40,19.21,19.35,24600,19.35
2011-03-08,19.10,19.46,19.08,19.38,12200,19.38
2011-03-07,19.64,19.64,19.03,19.13,11600,19.13
2011-03-04,19.68,19.68,19.28,19.42,26000,19.42
2011-03-03,19.24,19.63,19.24,19.59,19100,19.59
2011-03-02,18.95,19.21,18.95,19.05,10100,19.05
2011-03-01,19.41,19.41,18.92,18.99,47500,18.99
2011-02-28,19.33,19.39,19.20,19.31,22600,19.31
2011-02-25,19.05,19.22,19.05,19.21,24600,19.21
2011-02-24,18.95,19.03,18.76,18.93,27800,18.93
2011-02-23,19.27,19.27,18.71,18.90,20300,18.90
2011-02-22,19.80,19.80,19.20,19.27,33800,19.27
2011-02-18,20.14,20.14,19.90,19.97,60700,19.97
2011-02-17,19.90,19.96,19.79,19.96,36700,19.96
2011-02-16,19.91,19.92,19.83,19.88,22000,19.88
2011-02-15,19.76,19.78,19.65,19.71,14500,19.71
2011-02-14,19.80,19.85,19.76,19.82,43500,19.82
2011-02-11,19.56,19.80,19.42,19.76,17600,19.76
2011-02-10,19.38,19.62,19.36,19.60,25800,19.60
2011-02-09,19.45,19.56,19.39,19.46,24400,19.46
2011-02-08,19.51,19.51,19.34,19.51,16800,19.51
2011-02-07,19.35,19.45,19.30,19.40,19100,19.40
2011-02-04,19.26,19.26,19.13,19.23,24200,19.23
2011-02-03,19.24,19.24,18.99,19.15,21500,19.15
2011-02-02,19.25,19.30,19.13,19.14,46500,19.14
2011-02-01,19.21,19.34,19.10,19.32,28500,19.32
2011-01-31,18.72,19.06,18.61,19.00,31700,19.00
2011-01-28,19.24,19.24,18.67,18.71,15400,18.71
2011-01-27,19.24,19.24,19.03,19.13,63500,19.13
2011-01-26,19.13,19.20,18.94,19.13,69300,19.13
2011-01-25,18.86,18.90,18.67,18.90,29700,18.90
2011-01-24,18.77,18.91,18.68,18.88,44100,18.88
2011-01-21,19.04,19.04,18.66,18.69,35000,18.69
2011-01-20,18.81,18.83,18.62,18.72,29900,18.72
2011-01-19,19.28,19.28,18.88,18.89,26600,18.89
2011-01-18,19.10,19.19,19.04,19.19,83100,19.19
2011-01-14,18.82,19.01,18.82,19.01,17700,19.01
2011-01-13,18.91,18.97,18.85,18.87,26600,18.87
2011-01-12,18.89,18.95,18.87,18.89,21800,18.89
2011-01-11,18.75,18.77,18.67,18.71,11700,18.71
2011-01-10,18.54,18.65,18.38,18.63,29000,18.63
2011-01-07,18.59,18.67,18.46,18.54,18000,18.54
2011-01-06,18.56,18.59,18.45,18.49,18600,18.49
2011-01-05,18.43,18.61,18.43,18.55,16400,18.55
2011-01-04,18.71,18.71,18.30,18.45,67600,18.45
2011-01-03,18.66,18.70,18.60,18.60,11900,18.60
2010-12-31,18.43,18.50,18.43,18.48,27700,18.48
2010-12-30,18.55,18.55,18.43,18.46,21400,18.46
2010-12-29,18.42,18.47,18.42,18.44,11200,18.44
2010-12-28,18.39,18.42,18.34,18.42,6200,18.42
2010-12-27,18.32,18.42,18.28,18.40,9800,18.40
2010-12-23,18.51,18.51,18.36,18.38,11300,18.38
2010-12-22,18.53,18.53,18.42,18.44,14400,18.44
2010-12-21,18.54,18.54,18.32,18.43,17600,18.43
2010-12-20,18.33,18.35,18.22,18.30,9900,18.25
2010-12-17,18.31,18.38,18.26,18.31,9400,18.26
2010-12-16,18.21,18.34,18.14,18.34,47400,18.29
2010-12-15,18.25,18.39,18.20,18.24,12600,18.19
2010-12-14,18.33,18.37,18.24,18.29,18600,18.24
2010-12-13,18.53,18.53,18.28,18.28,60100,18.23
2010-12-10,18.10,18.28,18.10,18.28,15200,18.23
2010-12-09,18.23,18.23,18.06,18.11,5000,18.06
2010-12-08,18.20,18.20,18.02,18.08,7900,18.03
2010-12-07,18.27,18.27,18.09,18.09,13200,18.04
2010-12-06,17.95,18.06,17.93,18.04,18700,17.99
2010-12-03,17.84,18.02,17.84,18.01,18900,17.96
2010-12-02,17.79,17.94,17.73,17.93,29100,17.88
2010-12-01,17.67,17.69,17.56,17.67,11300,17.62
2010-11-30,17.11,17.28,17.11,17.22,14200,17.17
2010-11-29,17.22,17.32,17.08,17.31,92400,17.26
2010-11-26,17.40,17.41,17.33,17.38,5200,17.33
2010-11-24,17.15,17.49,17.15,17.46,6600,17.41
2010-11-23,17.11,17.11,16.98,17.05,6600,17.00
2010-11-22,17.20,17.28,17.09,17.28,15400,17.23
2010-11-19,17.18,17.26,17.09,17.26,5200,17.21
2010-11-18,17.14,17.25,17.13,17.19,29900,17.14
2010-11-17,16.93,16.93,16.77,16.87,8500,16.82
2010-11-16,16.99,17.00,16.74,16.83,53700,16.78
2010-11-15,17.20,17.27,17.11,17.15,7900,17.10
2010-11-12,17.18,17.19,16.91,16.98,11100,16.93
2010-11-11,17.06,17.28,17.06,17.21,11700,17.16
2010-11-10,17.19,17.23,16.99,17.21,20200,17.16
2010-11-09,17.48,17.48,17.13,17.13,13400,17.08
2010-11-08,17.37,17.37,17.24,17.31,6600,17.26
2010-11-05,17.39,17.43,17.32,17.37,25800,17.32
2010-11-04,17.27,17.33,17.21,17.33,34400,17.28
2010-11-03,17.09,17.09,16.82,16.96,10200,16.91
2010-11-02,16.95,16.99,16.95,16.99,3500,16.94
2010-11-01,16.89,16.99,16.70,16.77,20400,16.72
2010-10-29,16.67,16.82,16.67,16.81,7900,16.76
2010-10-28,16.94,16.94,16.62,16.74,16800,16.69
2010-10-27,16.60,16.70,16.56,16.70,4400,16.65
2010-10-26,16.73,16.89,16.73,16.82,113200,16.77
2010-10-25,16.90,17.00,16.90,16.95,9700,16.90
2010-10-22,16.88,16.88,16.76,16.82,17100,16.77
2010-10-21,16.78,16.92,16.69,16.81,12800,16.76
2010-10-20,16.55,16.79,16.52,16.76,19600,16.71
2010-10-19,16.46,16.60,16.33,16.42,7800,16.37
2010-10-18,16.69,16.71,16.62,16.71,15000,16.66
2010-10-15,16.74,16.74,16.59,16.62,23200,16.57
2010-10-14,16.82,16.82,16.57,16.66,17300,16.61
2010-10-13,16.73,16.82,16.63,16.76,82200,16.71
2010-10-12,16.39,16.54,16.32,16.54,11200,16.49
2010-10-11,16.50,16.58,16.47,16.51,8200,16.46
2010-10-08,16.37,16.57,16.34,16.56,11800,16.51
2010-10-07,16.51,16.51,16.21,16.32,16300,16.27
2010-10-06,16.34,16.38,16.27,16.30,35700,16.25
2010-10-05,16.13,16.36,16.13,16.30,9000,16.25
2010-10-04,15.92,15.95,15.85,15.91,6100,15.86
2010-10-01,16.21,16.21,16.10,16.17,4800,16.12
2010-09-30,16.22,16.32,16.02,16.14,8100,16.09
2010-09-29,15.97,16.13,15.97,16.11,20800,16.06
2010-09-28,15.83,16.01,15.78,16.01,47200,15.96
2010-09-27,15.98,16.01,15.89,15.90,16700,15.85
2010-09-24,15.87,15.98,15.79,15.97,7200,15.92
2010-09-23,15.67,15.77,15.65,15.66,8600,15.61
2010-09-22,15.99,16.01,15.76,15.84,29100,15.79
2010-09-21,15.98,16.07,15.94,15.97,35500,15.92
2010-09-20,15.72,15.92,15.71,15.92,7500,15.87
2010-09-17,15.62,15.71,15.55,15.68,10400,15.63
2010-09-16,15.58,15.60,15.55,15.58,18800,15.53
2010-09-15,15.60,15.64,15.55,15.61,13200,15.56
2010-09-14,15.63,15.68,15.52,15.63,17000,15.58
2010-09-13,15.59,15.65,15.57,15.62,3700,15.57
2010-09-10,15.34,15.43,15.34,15.39,4700,15.35
2010-09-09,15.43,15.43,15.22,15.28,7300,15.24
2010-09-08,15.20,15.35,15.20,15.29,42100,15.25
2010-09-07,15.19,15.27,15.19,15.26,4800,15.22
2010-09-03,15.50,15.50,15.35,15.41,11600,15.37
2010-09-02,15.08,15.23,15.06,15.23,12300,15.19
2010-09-01,14.68,14.97,14.68,14.97,3100,14.93
2010-08-31,14.38,14.54,14.37,14.40,5200,14.36
2010-08-30,14.60,14.68,14.45,14.46,4000,14.42
2010-08-27,14.43,14.68,14.22,14.67,8800,14.63
2010-08-26,14.51,14.57,14.35,14.35,17000,14.31
2010-08-25,14.23,14.38,14.16,14.38,6800,14.34
2010-08-24,14.33,14.48,14.33,14.44,6400,14.40
2010-08-23,14.89,15.01,14.65,14.65,15300,14.61
2010-08-20,14.75,14.85,14.70,14.85,16500,14.81
2010-08-19,15.16,15.18,14.88,14.94,7900,14.90
2010-08-18,15.05,15.29,15.05,15.26,4300,15.22
2010-08-17,15.01,15.26,15.01,15.25,3300,15.21
2010-08-16,14.83,14.92,14.82,14.86,5300,14.82
2010-08-13,14.80,14.93,14.80,14.89,7600,14.85
2010-08-12,14.79,14.97,14.64,14.90,15800,14.86
2010-08-11,15.33,15.33,14.96,14.98,23100,14.94
2010-08-10,15.61,15.66,15.44,15.65,19100,15.60
2010-08-09,15.69,15.80,15.66,15.80,15000,15.75
2010-08-06,15.63,15.68,15.40,15.63,19300,15.58
2010-08-05,15.72,15.75,15.67,15.70,7200,15.65
2010-08-04,15.74,15.74,15.62,15.71,28300,15.66
2010-08-03,15.74,15.74,15.54,15.62,9900,15.57
2010-08-02,15.68,15.78,15.68,15.76,4500,15.71
2010-07-30,15.15,15.44,15.15,15.44,20100,15.40
2010-07-29,15.54,15.54,15.20,15.43,8000,15.39
2010-07-28,15.62,15.63,15.49,15.49,4500,15.45
2010-07-27,15.85,15.86,15.60,15.61,10200,15.56
2010-07-26,15.67,15.75,15.67,15.73,4600,15.68
2010-07-23,15.34,15.48,15.18,15.46,16600,15.42
2010-07-22,15.08,15.29,15.08,15.29,3600,15.25
2010-07-21,15.04,15.04,14.75,14.82,23700,14.78
2010-07-20,14.44,14.84,14.43,14.84,8500,14.80
2010-07-19,14.57,14.61,14.45,14.56,35200,14.52
2010-07-16,14.72,14.73,14.50,14.53,7900,14.49
2010-07-15,15.05,15.05,14.77,14.98,10200,14.94
2010-07-14,14.91,15.12,14.91,14.99,6600,14.95
2010-07-13,15.03,15.09,14.87,15.04,25700,15.00
2010-07-12,14.81,14.86,14.63,14.69,7000,14.65
2010-07-09,14.78,14.81,14.70,14.80,12500,14.76
2010-07-08,14.67,14.69,14.53,14.69,18700,14.65
2010-07-07,14.01,14.36,14.01,14.36,11400,14.32
2010-07-06,14.27,14.40,13.96,13.98,7100,13.94
2010-07-02,14.13,14.15,14.01,14.15,8500,14.11
2010-07-01,14.28,14.34,13.94,14.20,37900,14.16
2010-06-30,14.36,14.62,14.30,14.31,20300,14.27
2010-06-29,14.74,14.76,14.35,14.44,26700,14.40
2010-06-28,15.22,15.26,15.08,15.17,8800,15.13
2010-06-25,15.02,15.21,14.98,15.16,15100,15.12
2010-06-24,15.32,15.32,15.07,15.09,7900,15.05
2010-06-23,15.44,15.46,15.20,15.35,18000,15.31
2010-06-22,15.88,15.88,15.40,15.40,17300,15.36
2010-06-21,16.20,16.24,15.82,15.90,42300,15.81
2010-06-18,15.96,15.99,15.84,15.94,35600,15.84
2010-06-17,15.98,15.98,15.70,15.78,22200,15.69
2010-06-16,15.82,15.99,15.81,15.88,37200,15.79
2010-06-15,15.71,15.94,15.70,15.94,1100,15.84
2010-06-14,15.61,15.71,15.46,15.46,5300,15.37
2010-06-11,15.25,15.34,15.21,15.21,8900,15.12
2010-06-10,15.19,15.22,15.05,15.22,10900,15.13
2010-06-09,14.67,15.08,14.67,14.68,12600,14.59
2010-06-08,14.42,14.60,14.35,14.58,12200,14.49
2010-06-07,14.88,14.90,14.47,14.47,16200,14.38
2010-06-04,15.31,15.35,14.88,14.88,22300,14.79
2010-06-03,15.51,15.69,15.49,15.64,22000,15.55
2010-06-02,15.19,15.52,15.13,15.52,165800,15.43
2010-06-01,15.37,15.49,15.08,15.08,125700,14.99
2010-05-28,15.49,15.57,15.30,15.43,9100,15.34
2010-05-27,15.41,15.64,15.33,15.64,17600,15.55
2010-05-26,15.17,15.37,15.05,15.14,22400,15.05
2010-05-25,14.55,14.96,14.40,14.96,47100,14.87
2010-05-24,15.01,15.19,15.01,15.04,34500,14.95
2010-05-21,14.59,15.19,14.49,15.12,203000,15.03
2010-05-20,15.23,15.23,14.84,14.84,61700,14.75
2010-05-19,15.72,15.76,15.33,15.62,15000,15.53
2010-05-18,16.19,16.30,15.85,15.86,17300,15.77
2010-05-17,16.15,16.19,15.75,16.11,19200,16.01
2010-05-14,16.17,16.21,15.97,16.10,18700,16.00
2010-05-13,16.61,16.71,16.52,16.52,14800,16.42
2010-05-12,16.40,16.65,16.39,16.65,21400,16.55
2010-05-11,16.09,16.38,16.07,16.23,63800,16.13
2010-05-10,16.17,16.18,16.03,16.09,12400,15.99
2010-05-07,15.66,15.78,15.29,15.36,41200,15.27
2010-05-06,16.27,16.35,12.73,15.85,31900,15.76
2010-05-05,16.33,16.44,16.17,16.30,23400,16.20
2010-05-04,16.93,16.95,16.43,16.50,8200,16.40
2010-05-03,16.98,17.15,16.98,17.11,14300,17.01
2010-04-30,17.23,17.29,16.89,16.89,14800,16.79
2010-04-29,17.03,17.18,17.00,17.18,16200,17.08
2010-04-28,16.96,17.02,16.82,16.94,21900,16.84
2010-04-27,17.32,17.35,16.88,16.88,11700,16.78
2010-04-26,17.40,17.48,17.36,17.38,11100,17.28
2010-04-23,17.26,17.34,17.17,17.34,12600,17.24
2010-04-22,16.88,17.17,16.76,17.16,23400,17.06
2010-04-21,17.02,17.04,16.93,16.99,18300,16.89
2010-04-20,16.81,16.98,16.81,16.98,10200,16.88
2010-04-19,16.78,16.83,16.60,16.76,14400,16.66
2010-04-16,17.05,17.05,16.70,16.83,20400,16.73
2010-04-15,17.02,17.14,17.02,17.13,12100,17.03
2010-04-14,16.89,17.03,16.86,17.03,28300,16.93
2010-04-13,16.80,16.83,16.72,16.82,18300,16.72
2010-04-12,16.79,16.85,16.78,16.83,27100,16.73
2010-04-09,16.58,16.75,16.58,16.75,20100,16.65
2010-04-08,16.49,16.59,16.39,16.57,18500,16.47
2010-04-07,16.60,16.60,16.42,16.47,46100,16.37
2010-04-06,16.52,16.62,16.52,16.61,13200,16.51
2010-04-05,16.49,16.58,16.49,16.57,58600,16.47
2010-04-01,16.29,16.46,16.29,16.41,27300,16.31
2010-03-31,16.30,16.35,16.24,16.24,9800,16.14
2010-03-30,16.36,16.41,16.28,16.37,14500,16.27
2010-03-29,16.23,16.34,16.23,16.31,105700,16.21
2010-03-26,16.18,16.26,16.08,16.13,18300,16.03
2010-03-25,16.32,16.38,16.15,16.15,23900,16.05
2010-03-24,17.08,17.08,16.16,16.18,21100,16.08
2010-03-23,16.10,16.30,16.06,16.30,22100,16.20
2010-03-22,15.89,16.06,15.79,16.05,13900,15.95
2010-03-19,16.07,16.07,15.87,15.91,8700,15.82
2010-03-18,16.08,16.09,15.98,16.03,10300,15.93
2010-03-17,16.07,16.12,15.92,16.05,8000,15.95
2010-03-16,16.15,16.15,15.90,15.99,12100,15.89
2010-03-15,15.84,15.84,15.78,15.81,6600,15.72
2010-03-12,16.00,16.00,15.83,15.87,39800,15.78
2010-03-11,15.82,15.90,15.75,15.90,16200,15.81
2010-03-10,15.80,15.89,15.78,15.84,11500,15.75
2010-03-09,15.66,15.82,15.66,15.76,34100,15.67
2010-03-08,15.73,15.75,15.68,15.70,7200,15.61
2010-03-05,15.62,15.71,15.61,15.71,28000,15.62
2010-03-04,15.52,15.53,15.42,15.51,7800,15.42
2010-03-03,15.50,15.59,15.47,15.48,11900,15.39
2010-03-02,15.47,15.48,15.42,15.42,7800,15.33
2010-03-01,15.20,15.41,15.20,15.41,7200,15.32
2010-02-26,15.04,15.12,14.97,15.12,9100,15.03
2010-02-25,14.89,15.08,14.80,15.06,12800,14.97
2010-02-24,15.10,15.10,15.00,15.06,13100,14.97
2010-02-23,15.19,15.19,14.93,14.95,7500,14.86
2010-02-22,15.18,15.24,15.17,15.20,14300,15.11
2010-02-19,15.08,15.19,15.03,15.17,12500,15.08
2010-02-18,14.95,15.09,14.95,15.09,20300,15.00
2010-02-17,14.94,14.95,14.89,14.95,2400,14.86
2010-02-16,14.69,14.84,14.69,14.84,7200,14.75
2010-02-12,14.69,14.69,14.28,14.50,21500,14.41
2010-02-11,14.38,14.50,14.38,14.50,18400,14.41
2010-02-10,14.31,14.31,14.10,14.20,19500,14.12
2010-02-09,14.23,14.33,14.16,14.27,10200,14.18
2010-02-08,14.02,14.15,13.97,13.97,7000,13.89
2010-02-05,14.02,14.07,13.78,14.07,56600,13.99
2010-02-04,14.36,14.36,14.14,14.14,51100,14.06
2010-02-03,14.71,14.80,14.64,14.71,29100,14.62
2010-02-02,14.57,14.78,14.57,14.77,6300,14.68
2010-02-01,14.28,14.50,14.28,14.50,15100,14.41
2010-01-29,14.50,14.63,14.26,14.26,28400,14.17
2010-01-28,14.68,14.69,14.35,14.53,111400,14.44
2010-01-27,14.61,14.68,14.47,14.68,13500,14.59
2010-01-26,14.67,14.77,14.54,14.67,13400,14.58
2010-01-25,14.82,14.84,14.65,14.68,12300,14.59
2010-01-22,14.99,14.99,14.67,14.67,95800,14.58
2010-01-21,15.31,15.31,14.94,15.00,9500,14.91
2010-01-20,15.36,15.36,15.18,15.31,17500,15.22
2010-01-19,15.47,15.52,15.45,15.51,51500,15.42
2010-01-15,15.57,15.57,15.29,15.36,19400,15.27
2010-01-14,15.53,15.58,15.51,15.58,10000,15.49
2010-01-13,15.45,15.59,15.34,15.59,9900,15.50
2010-01-12,15.50,15.50,15.35,15.37,9300,15.28
2010-01-11,15.60,15.64,15.55,15.64,17000,15.55
2010-01-08,15.34,15.56,15.34,15.55,40800,15.46
2010-01-07,15.26,15.39,15.22,15.38,84600,15.29
2010-01-06,15.25,15.30,15.23,15.27,22500,15.18
2010-01-05,15.10,15.22,15.10,15.22,3900,15.13
2010-01-04,14.93,15.05,14.93,15.05,12500,14.96
2009-12-31,14.93,14.93,14.75,14.75,9600,14.66
2009-12-30,14.98,14.98,14.88,14.93,5500,14.84
2009-12-29,14.97,14.98,14.96,14.97,6000,14.88
2009-12-28,15.06,15.06,14.94,14.99,9500,14.90
2009-12-24,15.05,15.08,15.04,15.06,4700,14.97
2009-12-23,14.92,14.99,14.85,14.99,54400,14.90
2009-12-22,14.87,14.94,14.84,14.92,13300,14.83
2009-12-21,14.65,14.91,14.65,14.86,10700,14.71
2009-12-18,14.61,14.67,14.58,14.65,3300,14.50
2009-12-17,14.76,14.76,14.68,14.69,8300,14.54
2009-12-16,14.88,14.90,14.78,14.78,3800,14.63
2009-12-15,14.77,14.80,14.70,14.77,4000,14.62
2009-12-14,14.65,14.79,14.62,14.77,34700,14.62
2009-12-11,14.46,14.55,14.45,14.54,9000,14.39
2009-12-10,14.41,14.41,14.35,14.35,4300,14.20
2009-12-09,14.17,14.26,14.12,14.26,10100,14.12
2009-12-08,14.20,14.34,14.20,14.25,3200,14.11
2009-12-07,14.48,14.52,14.47,14.49,3700,14.34
2009-12-04,14.65,14.65,14.27,14.50,12900,14.35
2009-12-03,14.42,14.42,14.34,14.39,102600,14.24
2009-12-02,14.35,14.35,14.25,14.29,5000,14.15
2009-12-01,14.23,14.27,14.18,14.26,8700,14.12
2009-11-30,13.96,14.01,13.82,13.94,12200,13.80
2009-11-27,14.12,14.12,13.79,14.05,2900,13.91
2009-11-25,14.09,14.22,14.09,14.21,4800,14.07
2009-11-24,14.10,14.11,13.98,14.08,4300,13.94
2009-11-23,14.20,14.35,14.15,14.16,15100,14.02
2009-11-20,13.93,13.97,13.89,13.97,10300,13.83
2009-11-19,14.08,14.08,13.96,14.05,10600,13.91
2009-11-18,14.34,14.36,14.25,14.33,6600,14.19
2009-11-17,14.42,14.42,14.29,14.42,29300,14.27
2009-11-16,14.42,14.47,14.42,14.46,3200,14.31
2009-11-13,14.07,14.20,14.07,14.15,4100,14.01
2009-11-12,14.26,14.26,13.98,13.99,5200,13.85
2009-11-11,14.18,14.22,14.10,14.18,11100,14.04
2009-11-10,14.14,14.16,13.97,14.03,13100,13.89
2009-11-09,14.00,14.08,14.00,14.08,4000,13.94
2009-11-06,13.84,13.89,13.70,13.80,6500,13.66
2009-11-05,13.62,13.78,13.61,13.78,4200,13.64
2009-11-04,13.49,13.60,13.38,13.38,1600,13.24
2009-11-03,13.07,13.31,13.07,13.31,3400,13.18
2009-11-02,13.22,13.22,12.94,12.96,3900,12.83
2009-10-30,13.41,13.41,13.06,13.07,6000,12.94
2009-10-29,13.25,13.46,13.25,13.45,19600,13.31
2009-10-28,13.60,13.65,13.18,13.19,8100,13.06
2009-10-27,13.67,13.78,13.61,13.64,8100,13.50
2009-10-26,14.14,14.17,13.72,13.76,7200,13.62
2009-10-23,14.04,14.04,13.93,13.93,1800,13.79
2009-10-22,14.03,14.17,13.89,14.17,9900,14.03
2009-10-21,14.26,14.34,13.99,13.99,12200,13.85
2009-10-20,14.29,14.29,14.08,14.19,7100,14.05
2009-10-19,14.11,14.25,14.09,14.23,3500,14.09
2009-10-16,14.04,14.07,13.91,14.07,7000,13.93
2009-10-15,14.00,14.13,14.00,14.13,10300,13.99
2009-10-14,13.95,14.12,13.90,14.12,9600,13.98
2009-10-13,13.79,13.80,13.65,13.77,7600,13.63
2009-10-12,13.92,13.92,13.78,13.80,6300,13.66
2009-10-09,13.75,13.79,13.72,13.79,8800,13.65
2009-10-08,13.59,13.73,13.50,13.69,11200,13.55
2009-10-07,13.45,13.46,13.37,13.44,51700,13.30
2009-10-06,13.48,13.55,13.33,13.47,13100,13.33
2009-10-05,13.21,13.28,13.10,13.28,7200,13.15
2009-10-02,12.96,13.05,12.89,12.97,10000,12.84
2009-10-01,13.59,13.59,13.15,13.15,7600,13.02
2009-09-30,13.54,13.72,13.54,13.65,5900,13.51
2009-09-29,13.76,13.82,13.67,13.76,4500,13.62
2009-09-28,13.68,13.68,13.67,13.67,800,13.53
2009-09-25,13.45,13.58,13.43,13.43,4400,13.29
2009-09-24,13.54,13.59,13.49,13.59,9400,13.45
2009-09-23,13.97,14.07,13.87,13.87,12700,13.73
2009-09-22,13.98,14.05,13.94,14.05,3900,13.91
2009-09-21,13.94,13.94,13.84,13.86,9300,13.72
2009-09-18,14.02,14.10,13.98,14.06,4700,13.92
2009-09-17,14.16,14.25,13.99,14.06,4500,13.92
2009-09-16,13.99,14.07,13.89,14.01,10300,13.87
2009-09-15,13.83,13.91,13.74,13.89,5500,13.75
2009-09-14,13.63,13.72,13.59,13.72,7900,13.58
2009-09-11,13.61,13.65,13.52,13.58,12000,13.44
2009-09-10,13.23,13.46,13.10,13.46,14800,13.32
2009-09-09,13.05,13.24,12.96,13.18,30700,13.05
2009-09-08,12.93,13.02,12.91,12.99,43300,12.86
2009-09-04,12.58,12.81,12.52,12.81,2700,12.68
2009-09-03,12.38,12.47,12.32,12.45,1600,12.32
2009-09-02,12.34,12.39,12.32,12.39,2000,12.26
2009-09-01,12.82,12.82,12.39,12.39,6900,12.26
2009-08-31,12.68,12.68,12.61,12.65,2300,12.52
2009-08-28,13.02,13.02,12.84,12.84,1700,12.71
2009-08-27,12.66,12.90,12.64,12.89,4600,12.76
2009-08-26,12.85,12.85,12.73,12.78,2200,12.65
2009-08-25,12.88,12.91,12.84,12.85,3600,12.72
2009-08-24,12.88,12.88,12.69,12.73,3900,12.60
2009-08-21,12.57,12.78,12.54,12.78,2400,12.65
2009-08-20,12.45,12.48,12.40,12.48,7000,12.35
2009-08-19,12.39,12.40,12.30,12.37,4000,12.24
2009-08-18,12.15,12.24,12.15,12.21,900,12.09
2009-08-17,12.06,12.11,12.06,12.06,3400,11.94
2009-08-14,12.84,12.84,12.44,12.54,4100,12.41
2009-08-13,12.72,12.78,12.72,12.72,24000,12.59
2009-08-12,12.68,12.68,12.67,12.68,1300,12.55
2009-08-11,12.64,12.64,12.41,12.46,1100,12.33
2009-08-10,12.67,12.68,12.61,12.64,1200,12.51
2009-08-07,12.57,12.77,12.53,12.77,2400,12.64
2009-08-06,12.52,12.52,12.39,12.41,2900,12.28
2009-08-05,12.55,12.55,12.32,12.44,3600,12.31
2009-08-04,12.42,12.56,12.39,12.47,3400,12.34
2009-08-03,12.23,12.42,12.15,12.38,2100,12.25
2009-07-31,12.07,12.11,11.98,12.10,5900,11.98
2009-07-30,12.14,12.14,11.99,11.99,3800,11.87
2009-07-29,11.80,11.84,11.78,11.84,2000,11.72
2009-07-28,11.87,11.87,11.87,11.87,300,11.75
2009-07-27,11.95,12.09,11.95,12.08,6400,11.96
2009-07-24,11.90,11.99,11.79,11.99,4200,11.87
2009-07-23,11.55,11.92,11.55,11.92,5800,11.80
2009-07-22,11.51,11.58,11.50,11.51,7200,11.39
2009-07-21,11.67,11.67,11.30,11.45,4500,11.33
2009-07-20,11.29,11.53,11.29,11.53,11700,11.41
2009-07-17,11.21,11.26,11.21,11.23,1700,11.12
2009-07-16,11.00,11.25,11.00,11.25,3200,11.14
2009-07-15,10.92,11.04,10.92,11.04,10600,10.93
2009-07-14,10.61,10.64,10.60,10.60,1200,10.49
2009-07-13,10.10,10.32,10.10,10.32,600,10.22
2009-07-10,10.23,10.26,10.19,10.26,3000,10.16
2009-07-09,10.25,10.31,10.23,10.23,6400,10.13
2009-07-08,10.07,10.16,9.97,10.14,15700,10.04
2009-07-07,10.40,10.40,10.22,10.22,9300,10.12
2009-07-06,10.62,10.62,10.49,10.52,1400,10.41
2009-07-02,10.73,10.78,10.72,10.72,1700,10.61
2009-07-01,11.14,11.14,11.07,11.07,1600,10.96
2009-06-30,10.93,10.93,10.89,10.89,2500,10.78
2009-06-29,11.12,11.12,11.05,11.05,1300,10.94
2009-06-26,10.97,10.97,10.92,10.93,2900,10.82
2009-06-25,10.58,10.86,10.58,10.86,13000,10.75
2009-06-24,10.81,10.82,10.78,10.78,600,10.67
2009-06-23,10.52,10.52,10.40,10.49,2100,10.38
2009-06-22,10.85,10.85,10.61,10.67,7700,10.51
2009-06-19,11.02,11.02,10.97,10.97,1300,10.81
2009-06-18,11.01,11.06,10.98,11.03,5500,10.87
2009-06-17,10.85,11.02,10.85,11.02,400,10.86
2009-06-16,11.27,11.27,11.03,11.05,2600,10.89
2009-06-15,11.31,11.31,11.22,11.28,10300,11.11
2009-06-12,11.52,11.58,11.52,11.58,2000,11.41
2009-06-11,11.72,11.77,11.69,11.69,1700,11.52
2009-06-10,11.64,11.68,11.51,11.62,7300,11.45
2009-06-09,11.63,11.76,11.62,11.72,3700,11.55
2009-06-08,11.53,11.66,11.48,11.66,6700,11.49
2009-06-05,11.83,11.92,11.76,11.80,5200,11.63
2009-06-04,11.43,11.61,11.43,11.61,3000,11.44
2009-06-03,11.40,11.40,11.25,11.31,7800,11.14
2009-06-02,11.55,11.57,11.51,11.55,1800,11.38
2009-06-01,11.18,11.55,11.18,11.54,3500,11.37
2009-05-29,10.91,10.91,10.89,10.89,800,10.73
2009-05-28,10.77,10.90,10.77,10.86,2900,10.70
2009-05-27,10.96,11.09,10.88,10.88,2200,10.72
2009-05-26,10.54,10.92,10.54,10.92,900,10.76
2009-05-22,10.54,10.69,10.54,10.69,1100,10.53
2009-05-21,10.77,10.77,10.55,10.55,1900,10.40
2009-05-20,11.08,11.22,10.96,10.96,2800,10.80
2009-05-19,10.97,11.12,10.93,11.09,900,10.93
2009-05-18,10.71,10.90,10.71,10.90,800,10.74
2009-05-15,10.69,10.70,10.49,10.49,1600,10.34
2009-05-14,10.58,10.61,10.56,10.56,1500,10.41
2009-05-13,10.44,10.45,10.37,10.45,1600,10.30
2009-05-12,10.88,10.88,10.86,10.88,1900,10.72
2009-05-11,11.02,11.10,11.02,11.07,2600,10.91
2009-05-08,11.12,11.34,11.12,11.34,4000,11.17
2009-05-07,12.23,12.23,10.93,10.95,900,10.79
2009-05-06,11.28,11.30,11.06,11.29,4300,11.12
2009-05-05,11.16,11.16,11.08,11.10,1400,10.94
2009-05-04,11.11,11.16,11.11,11.16,400,11.00
2009-05-01,10.70,10.88,10.69,10.84,1300,10.68
2009-04-30,11.02,11.07,10.75,10.75,52700,10.59
2009-04-29,10.52,10.77,10.52,10.69,6200,10.53
2009-04-28,10.43,10.43,10.35,10.35,2800,10.20
2009-04-27,10.41,10.41,10.40,10.40,800,10.25
2009-04-24,10.42,10.65,10.42,10.64,4500,10.48
2009-04-23,10.06,10.27,10.06,10.19,4000,10.04
2009-04-22,9.99,10.43,9.99,10.41,10700,10.26
2009-04-21,9.77,10.01,9.77,10.00,2200,9.85
2009-04-20,10.09,10.09,9.84,9.88,13700,9.74
2009-04-17,10.30,10.40,10.30,10.40,4200,10.25
2009-04-16,10.04,10.32,10.00,10.31,9700,10.16
2009-04-15,9.84,9.99,9.84,9.95,10900,9.80
2009-04-14,9.94,9.94,9.88,9.88,800,9.74
2009-04-13,10.00,10.11,9.91,10.11,2600,9.96
2009-04-09,10.02,10.20,10.01,10.20,7200,10.05
2009-04-08,9.51,9.59,9.51,9.56,5000,9.42
2009-04-07,9.64,9.64,9.54,9.54,800,9.40
2009-04-06,9.69,9.69,9.63,9.68,1400,9.54
2009-04-03,9.70,9.91,9.64,9.91,6500,9.76
2009-04-02,9.73,9.84,9.73,9.80,3700,9.66
2009-04-01,8.98,9.25,8.98,9.16,1500,9.03
2009-03-31,9.48,9.48,9.02,9.05,2100,8.92
2009-03-30,9.30,9.30,8.98,8.98,500,8.85
2009-03-27,9.49,9.63,9.44,9.55,1600,9.41
2009-03-26,9.43,9.71,9.38,9.68,10300,9.54
2009-03-25,9.81,9.81,8.97,9.06,5600,8.93
2009-03-24,9.15,9.25,9.11,9.20,4800,9.07
2009-03-23,8.87,9.07,8.87,9.07,4600,8.94
2009-03-20,8.82,8.82,8.60,8.60,1400,8.47
2009-03-19,8.97,8.98,8.89,8.89,8200,8.76
2009-03-18,8.55,8.94,8.45,8.90,3700,8.77
2009-03-17,8.58,8.61,8.40,8.61,5500,8.48
2009-03-16,8.94,8.94,8.46,8.46,15700,8.34
2009-03-13,8.53,8.55,8.35,8.43,5800,8.31
2009-03-12,8.07,8.43,8.01,8.28,20400,8.16
2009-03-11,8.21,8.25,8.11,8.25,13600,8.13
2009-03-10,7.87,8.02,7.87,8.01,6400,7.89
2009-03-09,7.45,7.45,7.42,7.43,24600,7.32
2009-03-06,7.67,7.67,7.47,7.47,2900,7.36
2009-03-05,7.88,7.88,7.58,7.61,5600,7.50
2009-03-04,8.05,8.18,8.03,8.18,1600,8.06
2009-03-03,7.86,7.88,7.84,7.88,1100,7.76
2009-03-02,7.88,7.88,7.83,7.86,1200,7.74
2009-02-27,8.36,8.55,8.36,8.43,3700,8.31
2009-02-26,8.81,8.81,8.50,8.50,6200,8.38
2009-02-25,8.67,8.91,8.62,8.69,11100,8.56
2009-02-24,8.54,8.91,8.54,8.91,900,8.78
2009-02-23,8.86,8.86,8.52,8.52,3500,8.40
2009-02-20,9.05,9.05,8.90,8.90,800,8.77
2009-02-19,9.43,9.44,9.20,9.25,3600,9.11
2009-02-18,9.44,9.48,9.42,9.46,3000,9.32
2009-02-17,9.54,9.62,9.52,9.53,6700,9.39
2009-02-13,10.11,10.11,10.06,10.07,400,9.92
2009-02-12,9.77,9.88,9.75,9.75,1600,9.61
2009-02-11,10.07,10.12,9.96,10.06,5900,9.91
2009-02-10,10.27,10.27,9.99,9.99,2400,9.84
2009-02-09,10.53,10.53,10.46,10.46,1700,10.31
2009-02-06,10.18,10.49,10.18,10.49,3200,10.34
2009-02-05,9.82,10.17,9.80,10.17,2900,10.02
2009-02-04,10.17,10.17,10.00,10.01,1900,9.86
2009-02-03,9.75,9.91,9.75,9.91,1300,9.76
2009-02-02,9.73,9.80,9.72,9.80,3800,9.66
2009-01-30,10.00,10.00,9.87,9.87,800,9.73
2009-01-29,10.25,10.25,10.11,10.12,1800,9.97
2009-01-28,10.49,10.56,10.48,10.54,6200,10.39
2009-01-27,10.04,10.15,10.04,10.15,1500,10.00
2009-01-26,10.20,10.20,9.83,9.97,5900,9.82
2009-01-23,9.73,10.02,9.73,9.92,7800,9.77
2009-01-22,9.94,10.04,9.72,9.96,22100,9.81
2009-01-21,9.87,10.06,9.71,10.05,9700,9.90
2009-01-20,10.65,10.65,9.75,9.75,3500,9.61
2009-01-16,10.26,10.36,9.99,10.36,7500,10.21
2009-01-15,10.01,10.01,9.72,9.95,27000,9.80
2009-01-14,10.21,10.21,9.98,10.04,97700,9.89
2009-01-13,10.84,10.84,10.84,10.84,000,10.68
2009-01-12,10.84,10.84,10.84,10.84,000,10.68
2009-01-09,10.83,10.84,10.83,10.84,700,10.68
2009-01-08,11.01,11.01,11.01,11.01,000,10.85
2009-01-07,11.01,11.01,11.01,11.01,000,10.85
2009-01-06,11.01,11.01,11.01,11.01,000,10.85
2009-01-05,10.98,11.12,10.95,11.01,1300,10.85
2009-01-02,10.69,10.69,10.69,10.69,400,10.53
2008-12-31,10.48,10.48,10.48,10.48,400,10.33
2008-12-30,9.79,9.79,9.79,9.79,000,9.65
2008-12-29,9.79,9.79,9.79,9.79,600,9.65
2008-12-26,10.05,10.05,10.05,10.05,000,9.90
2008-12-24,10.05,10.05,10.05,10.05,000,9.90
2008-12-23,10.05,10.05,10.05,10.05,000,9.90
2008-12-22,10.05,10.05,10.05,10.05,000,9.90
2008-12-19,10.05,10.05,10.05,10.05,000,9.90
2008-12-18,10.05,10.05,10.05,10.05,000,9.90
2008-12-17,10.05,10.05,10.05,10.05,000,9.90
2008-12-16,10.01,10.05,10.01,10.05,400,9.90
2008-12-15,9.97,9.97,9.97,9.97,000,9.82
2008-12-12,9.93,9.97,9.93,9.97,900,9.82
2008-12-11,10.08,10.08,10.05,10.05,200,9.90
2008-12-10,10.29,10.29,10.15,10.15,1800,10.00
2008-12-09,10.07,10.07,10.02,10.03,6700,9.88
2008-12-08,9.13,9.94,9.13,9.94,500,9.79
2008-12-05,9.38,9.63,9.29,9.51,20100,9.37
2008-12-04,9.78,9.78,9.73,9.73,500,9.59
2008-12-03,9.22,9.22,9.22,9.22,000,9.08
2008-12-02,9.21,9.22,9.20,9.22,2200,9.08
2008-12-01,9.55,9.55,9.30,9.42,1200,9.28
2008-11-28,8.85,8.85,8.85,8.85,000,8.72
2008-11-26,8.85,8.85,8.85,8.85,000,8.72
2008-11-25,8.85,8.85,8.85,8.85,000,8.72
2008-11-24,8.85,8.85,8.85,8.85,100,8.72
2008-11-21,7.96,8.05,7.88,7.98,1300,7.86
2008-11-20,8.78,8.78,8.78,8.78,000,8.65
2008-11-19,8.77,8.78,8.77,8.78,1900,8.65
2008-11-18,9.65,9.65,9.65,9.65,000,9.51
2008-11-17,9.56,9.66,9.27,9.65,8200,9.51
2008-11-14,10.20,10.20,10.20,10.20,000,10.05
2008-11-13,10.20,10.20,10.20,10.20,000,10.05
2008-11-12,10.20,10.20,10.20,10.20,000,10.05
2008-11-11,10.20,10.20,10.20,10.20,200,10.05
2008-11-10,10.57,10.57,10.57,10.57,000,10.42
2008-11-07,10.41,10.63,10.41,10.57,1900,10.42
2008-11-06,11.45,11.45,11.45,11.45,000,11.28
2008-11-05,11.40,11.45,11.40,11.45,600,11.28
2008-11-04,11.56,11.56,11.11,11.11,900,10.95
2008-11-03,11.38,11.38,11.27,11.28,600,11.11
2008-10-31,11.15,11.18,11.15,11.18,600,11.02
2008-10-30,10.21,10.21,10.21,10.21,000,10.06
2008-10-29,10.21,10.21,10.21,10.21,000,10.06
2008-10-28,9.65,10.21,9.65,10.21,2700,10.06
2008-10-27,9.72,9.72,9.72,9.72,500,9.58
2008-10-24,9.80,9.80,9.74,9.74,200,9.60
2008-10-23,10.44,10.44,9.86,9.86,400,9.72
2008-10-22,10.81,10.81,10.62,10.62,600,10.46
2008-10-21,11.25,11.25,11.25,11.25,000,11.09
2008-10-20,11.25,11.25,11.25,11.25,000,11.09
2008-10-17,11.01,11.59,11.01,11.25,22000,11.09
2008-10-16,11.16,11.16,11.16,11.16,100,11.00
2008-10-15,11.76,11.76,11.76,11.76,000,11.59
2008-10-14,11.76,11.76,11.76,11.76,2300,11.59
2008-10-13,11.52,11.97,11.52,11.97,4300,11.79
2008-10-10,10.72,10.89,10.42,10.50,2900,10.35
2008-10-09,11.86,11.86,11.86,11.86,000,11.69
2008-10-08,11.80,12.06,11.73,11.86,6600,11.69
2008-10-07,12.52,12.52,11.86,11.89,9700,11.72
2008-10-06,12.55,12.55,11.77,12.33,4400,12.15
2008-10-03,13.67,13.67,12.72,13.01,40600,12.82
2008-10-02,13.89,13.89,13.66,13.76,500,13.56
2008-10-01,14.60,14.60,14.60,14.60,200,14.39
2008-09-30,14.44,14.64,14.40,14.64,1800,14.43
2008-09-29,13.97,14.56,13.97,14.56,2300,14.35
2008-09-26,15.84,15.84,15.84,15.84,000,15.61
2008-09-25,15.84,15.84,15.84,15.84,000,15.61
2008-09-24,15.84,15.84,15.84,15.84,000,15.61
2008-09-23,15.84,15.84,15.84,15.84,000,15.61
2008-09-22,16.14,16.14,15.84,15.84,1200,15.61
2008-09-19,16.10,16.10,16.10,16.10,200,15.86
2008-09-18,15.33,15.83,15.22,15.80,1400,15.57
2008-09-17,15.60,15.60,15.47,15.47,500,15.24
2008-09-16,15.73,15.73,15.73,15.73,500,15.50
2008-09-15,16.18,16.33,15.96,15.96,900,15.73
2008-09-12,16.38,16.38,16.38,16.38,000,16.14
2008-09-11,16.13,16.38,16.13,16.38,3200,16.14
2008-09-10,16.35,16.35,16.35,16.35,200,16.11
2008-09-09,16.52,16.60,16.29,16.29,27600,16.05
2008-09-08,17.61,17.61,16.84,16.84,700,16.59
2008-09-05,16.53,16.56,16.53,16.56,600,16.32
2008-09-04,16.83,16.83,16.83,16.83,1900,16.58
2008-09-03,17.86,17.86,17.86,17.86,000,17.60
2008-09-02,17.86,17.86,17.86,17.86,300,17.60
2008-08-29,18.18,18.18,18.18,18.18,300,17.91
2008-08-28,17.82,17.82,17.82,17.82,000,17.56
2008-08-27,17.78,17.82,17.78,17.82,2300,17.56
2008-08-26,17.75,17.81,17.74,17.81,2200,17.55
2008-08-25,17.81,17.81,17.81,17.81,700,17.55
2008-08-22,18.01,18.04,17.97,18.04,900,17.78
2008-08-21,17.83,17.96,17.83,17.91,5000,17.65
2008-08-20,17.82,17.98,17.75,17.98,3200,17.72
2008-08-19,17.91,17.91,17.91,17.91,5000,17.65
2008-08-18,18.17,18.17,18.10,18.10,800,17.83
2008-08-15,18.49,18.49,18.33,18.37,2200,18.10
2008-08-14,18.16,18.16,18.16,18.16,000,17.89
2008-08-13,18.04,18.20,17.96,18.16,2600,17.89
2008-08-12,18.23,18.23,18.23,18.23,000,17.96
2008-08-11,18.08,18.32,18.08,18.23,1800,17.96
2008-08-08,17.54,18.02,17.54,17.94,9500,17.68
2008-08-07,17.65,17.71,17.55,17.55,1900,17.29
2008-08-06,17.76,17.76,17.76,17.76,200,17.50
2008-08-05,17.18,17.18,17.18,17.18,000,16.93
2008-08-04,17.52,17.52,17.18,17.18,400,16.93
2008-08-01,17.49,17.66,17.49,17.56,38800,17.30
2008-07-31,17.68,17.68,17.55,17.55,500,17.29
2008-07-30,17.57,17.57,17.57,17.57,000,17.31
2008-07-29,17.57,17.57,17.57,17.57,000,17.31
2008-07-28,17.57,17.57,17.57,17.57,300,17.31
2008-07-25,17.47,17.51,17.47,17.51,900,17.25
2008-07-24,17.32,17.32,17.32,17.32,1000,17.07
2008-07-23,17.81,17.94,17.81,17.94,300,17.68
2008-07-22,17.60,17.60,17.60,17.60,1100,17.34
2008-07-21,17.24,17.24,17.24,17.24,000,16.99
2008-07-18,17.24,17.24,17.24,17.24,700,16.99
2008-07-17,17.26,17.26,17.04,17.04,900,16.79
2008-07-16,16.52,16.52,16.52,16.52,000,16.28
2008-07-15,16.52,16.52,16.52,16.52,1000,16.28
2008-07-14,16.76,16.76,16.54,16.54,1000,16.30
2008-07-11,16.69,16.78,16.69,16.78,1100,16.53
2008-07-10,17.06,17.06,17.06,17.06,000,16.81
2008-07-09,17.06,17.06,17.06,17.06,100,16.81
2008-07-08,16.87,16.87,16.83,16.83,3000,16.58
2008-07-07,16.97,16.97,16.97,16.97,000,16.72
2008-07-03,16.97,16.97,16.97,16.97,000,16.72
2008-07-02,16.97,16.97,16.97,16.97,200,16.72
2008-07-01,17.31,17.31,17.31,17.31,200,17.06
2008-06-30,18.16,18.16,18.16,18.16,000,17.89
2008-06-27,18.16,18.16,18.16,18.16,000,17.89
2008-06-26,18.16,18.16,18.16,18.16,000,17.89
2008-06-25,18.34,18.35,18.16,18.16,1400,17.89
2008-06-24,18.33,18.33,18.26,18.26,1200,17.99
2008-06-23,18.72,18.72,18.72,18.72,400,18.45
2008-06-20,18.62,18.65,18.62,18.65,300,18.35
2008-06-19,19.06,19.06,19.06,19.06,000,18.76
2008-06-18,19.06,19.06,19.06,19.06,000,18.76
2008-06-17,19.10,19.10,19.06,19.06,1300,18.76
2008-06-16,18.86,18.86,18.86,18.86,300,18.56
2008-06-13,18.79,18.82,18.79,18.82,600,18.52
2008-06-12,18.73,18.73,18.45,18.45,1200,18.16
2008-06-11,18.54,18.54,18.54,18.54,500,18.24
2008-06-10,18.94,18.94,18.87,18.87,1700,18.57
2008-06-09,19.44,19.44,19.44,19.44,000,19.13
2008-06-06,19.44,19.44,19.44,19.44,000,19.13
2008-06-05,19.44,19.44,19.44,19.44,000,19.13
2008-06-04,19.44,19.44,19.44,19.44,000,19.13
2008-06-03,19.61,19.61,19.44,19.44,300,19.13
2008-06-02,19.49,19.49,19.43,19.43,6200,19.12
2008-05-30,19.64,19.66,19.60,19.66,700,19.35
2008-05-29,19.43,19.54,19.43,19.54,3800,19.23
2008-05-28,19.27,19.27,19.27,19.27,600,18.96
2008-05-27,18.71,19.12,18.71,19.11,1100,18.81
2008-05-23,19.14,19.14,19.14,19.14,000,18.84
2008-05-22,19.14,19.14,19.14,19.14,1300,18.84
2008-05-21,19.47,19.50,19.25,19.25,4100,18.94
2008-05-20,19.57,19.57,19.57,19.57,000,19.26
2008-05-19,19.69,19.69,19.57,19.57,1200,19.26
2008-05-16,19.57,19.71,19.57,19.70,400,19.39
2008-05-15,19.51,19.66,19.51,19.66,5200,19.35
2008-05-14,19.57,19.65,19.57,19.65,1200,19.34
2008-05-13,19.14,19.14,19.14,19.14,000,18.84
2008-05-12,19.18,19.18,19.14,19.14,800,18.84
2008-05-09,18.95,18.95,18.94,18.94,500,18.64
2008-05-08,19.09,19.09,19.04,19.08,1000,18.78
2008-05-07,19.24,19.30,19.23,19.23,1300,18.92
2008-05-06,19.13,19.13,19.13,19.13,100,18.83
2008-05-05,18.89,18.89,18.89,18.89,000,18.59
2008-05-02,18.89,18.89,18.89,18.89,000,18.59
2008-05-01,18.89,18.89,18.89,18.89,000,18.59
2008-04-30,18.89,18.89,18.89,18.89,000,18.59
2008-04-29,18.89,18.89,18.89,18.89,000,18.59
2008-04-28,18.89,18.89,18.89,18.89,500,18.59
2008-04-25,18.54,18.68,18.54,18.68,500,18.38
2008-04-24,18.34,18.34,18.34,18.34,000,18.05
2008-04-23,18.34,18.34,18.34,18.34,300,18.05
2008-04-22,18.73,18.73,18.73,18.73,000,18.43
2008-04-21,18.73,18.73,18.73,18.73,100,18.43
2008-04-18,18.09,18.09,18.09,18.09,000,17.80
2008-04-17,18.09,18.09,18.09,18.09,000,17.80
2008-04-16,18.09,18.09,18.09,18.09,1000,17.80
2008-04-15,17.78,17.78,17.67,17.67,700,17.39
2008-04-14,17.61,17.63,17.61,17.63,500,17.35
2008-04-11,17.90,17.90,17.90,17.90,000,17.61
2008-04-10,17.90,17.90,17.90,17.90,000,17.61
2008-04-09,17.90,17.90,17.90,17.90,800,17.61
2008-04-08,17.97,18.02,17.97,18.02,600,17.73
2008-04-07,18.49,18.49,18.24,18.29,3000,18.00
2008-04-04,18.08,18.08,18.08,18.08,300,17.79
2008-04-03,17.70,17.70,17.70,17.70,000,17.42
2008-04-02,17.70,17.70,17.70,17.70,000,17.42
2008-04-01,17.70,17.70,17.70,17.70,300,17.42
2008-03-31,17.44,17.44,17.44,17.44,000,17.16
2008-03-28,17.44,17.44,17.44,17.44,000,17.16
2008-03-27,17.44,17.44,17.44,17.44,1000,17.16
2008-03-26,17.59,17.59,17.59,17.59,000,17.31
2008-03-25,17.56,17.62,17.56,17.59,2200,17.31
2008-03-24,16.70,16.70,16.70,16.70,000,16.43
2008-03-20,16.70,16.70,16.70,16.70,000,16.43
2008-03-19,16.70,16.70,16.70,16.70,000,16.43
2008-03-18,16.70,16.70,16.70,16.70,000,16.43
2008-03-17,16.70,16.70,16.70,16.70,1600,16.43
2008-03-14,16.76,16.76,16.76,16.76,500,16.49
2008-03-13,17.03,17.03,16.78,16.78,1000,16.51
2008-03-12,17.40,17.40,17.40,17.40,000,17.12
2008-03-11,17.40,17.40,17.40,17.40,000,17.12
2008-03-10,17.40,17.40,17.40,17.40,000,17.12
2008-03-07,17.40,17.40,17.40,17.40,000,17.12
2008-03-06,17.40,17.40,17.40,17.40,300,17.12
2008-03-05,17.63,17.63,17.63,17.63,300,17.35
2008-03-04,17.47,17.47,17.47,17.47,400,17.19
2008-03-03,17.53,17.53,17.53,17.53,000,17.25
2008-02-29,17.83,17.83,17.52,17.53,5100,17.25
2008-02-28,18.17,18.17,18.14,18.14,300,17.85
2008-02-27,18.19,18.19,18.19,18.19,100,17.90
2008-02-26,18.16,18.16,18.16,18.16,8100,17.87
2008-02-25,17.51,17.51,17.51,17.51,000,17.23
2008-02-22,17.51,17.51,17.51,17.51,900,17.23
2008-02-21,17.59,17.59,17.59,17.59,100,17.31
2008-02-20,17.79,17.79,17.79,17.79,100,17.51
2008-02-19,17.38,17.38,17.38,17.38,000,17.10
2008-02-15,17.37,17.38,17.37,17.38,500,17.10
2008-02-14,17.76,17.76,17.76,17.76,1600,17.48
2008-02-13,17.80,17.96,17.74,17.96,3700,17.67
2008-02-12,17.60,17.60,17.52,17.52,6100,17.24
2008-02-11,17.30,17.30,17.30,17.30,2400,17.02
2008-02-08,17.20,17.36,17.20,17.32,28900,17.04
2008-02-07,17.56,17.56,17.56,17.56,000,17.28
2008-02-06,17.56,17.56,17.56,17.56,000,17.28
2008-02-05,17.56,17.56,17.56,17.56,000,17.28
2008-02-04,17.56,17.56,17.56,17.56,000,17.28
2008-02-01,17.56,17.56,17.56,17.56,000,17.28
2008-01-31,17.44,17.57,17.44,17.56,900,17.28
2008-01-30,17.23,17.44,17.16,17.16,1700,16.89
2008-01-29,17.20,17.25,17.18,17.21,1900,16.94
2008-01-28,16.75,17.00,16.75,17.00,3500,16.73
2008-01-25,16.90,16.90,16.83,16.83,500,16.56
2008-01-24,16.75,16.81,16.75,16.81,1000,16.54
2008-01-23,15.99,15.99,15.99,15.99,300,15.74
2008-01-22,15.65,16.27,15.65,16.27,1300,16.01
2008-01-18,16.44,16.44,16.13,16.13,12100,15.87
2008-01-17,17.03,17.03,17.03,17.03,000,16.76
2008-01-16,16.90,17.03,16.82,17.03,1300,16.76
2008-01-15,17.26,17.26,17.26,17.26,000,16.99
2008-01-14,17.26,17.26,17.26,17.26,000,16.99
2008-01-11,17.49,17.49,17.24,17.26,3600,16.99
2008-01-10,17.04,17.04,17.04,17.04,000,16.77
2008-01-09,17.36,17.41,17.04,17.04,5100,16.77
2008-01-08,17.64,17.64,17.64,17.64,200,17.36
2008-01-07,17.94,18.13,17.89,17.89,1800,17.61
2008-01-04,18.35,18.35,18.35,18.35,200,18.06
2008-01-03,19.40,19.40,19.40,19.40,000,19.09
2008-01-02,19.41,19.41,19.40,19.40,300,19.09
2007-12-31,19.43,19.52,19.43,19.52,5000,19.21
2007-12-28,19.63,19.63,19.55,19.55,1100,19.24
2007-12-27,19.65,19.65,19.62,19.62,600,19.31
2007-12-26,19.86,19.86,19.86,19.86,200,19.54
2007-12-24,19.85,19.85,19.85,19.85,100,19.53
2007-12-21,19.01,19.01,19.01,19.01,000,18.71
2007-12-20,19.01,19.01,19.01,19.01,900,18.69
2007-12-19,18.99,18.99,18.84,18.86,2900,18.54
2007-12-18,19.00,19.00,19.00,19.00,000,18.68
2007-12-17,19.09,19.09,19.00,19.00,1900,18.68
2007-12-14,19.55,19.69,19.55,19.69,2600,19.35
2007-12-13,19.36,19.36,19.36,19.36,300,19.03
2007-12-12,19.68,19.68,19.38,19.38,1000,19.05
2007-12-11,19.67,19.67,19.58,19.58,4900,19.25
2007-12-10,20.08,20.08,20.03,20.03,600,19.69
2007-12-07,20.02,20.03,20.02,20.03,2300,19.69
2007-12-06,19.37,19.37,19.37,19.37,000,19.04
2007-12-05,19.37,19.37,19.37,19.37,300,19.04
2007-12-04,19.10,19.10,19.06,19.09,4400,18.76
2007-12-03,18.84,18.84,18.84,18.84,000,18.52
2007-11-30,18.84,18.84,18.84,18.84,000,18.52
2007-11-29,18.84,18.84,18.84,18.84,000,18.52
2007-11-28,18.69,18.84,18.69,18.84,800,18.52
2007-11-27,18.21,18.21,18.21,18.21,100,17.90
2007-11-26,18.64,18.64,18.64,18.64,000,18.32
2007-11-23,18.64,18.64,18.64,18.64,000,18.32
2007-11-21,18.64,18.64,18.64,18.64,000,18.32
2007-11-20,18.64,18.64,18.64,18.64,000,18.32
2007-11-19,18.64,18.64,18.64,18.64,000,18.32
2007-11-16,18.60,18.68,18.59,18.64,3600,18.32
2007-11-15,18.96,18.96,18.84,18.84,2400,18.52
2007-11-14,19.15,19.15,19.15,19.15,1000,18.82
2007-11-13,19.32,19.32,19.32,19.32,000,18.99
2007-11-12,19.32,19.32,19.32,19.32,000,18.99
2007-11-09,19.32,19.32,19.32,19.32,000,18.99
2007-11-08,19.32,19.32,19.32,19.32,1800,18.99
2007-11-07,19.59,19.59,19.57,19.57,2500,19.24
2007-11-06,19.39,19.42,19.39,19.42,1000,19.09
2007-11-05,19.24,19.24,19.24,19.24,000,18.91
2007-11-02,19.24,19.30,19.23,19.24,7200,18.91
2007-11-01,19.28,19.29,19.28,19.29,1300,18.96
2007-10-31,19.42,19.42,19.40,19.40,2100,19.07
2007-10-30,19.38,19.49,19.38,19.47,400,19.14
2007-10-29,19.14,19.14,19.14,19.14,000,18.81
2007-10-26,19.18,19.23,19.13,19.14,7200,18.81
2007-10-25,19.07,19.12,19.02,19.02,4500,18.70
2007-10-24,18.91,18.91,18.91,18.91,000,18.59
2007-10-23,18.91,18.91,18.91,18.91,000,18.59
2007-10-22,18.91,18.91,18.91,18.91,000,18.59
2007-10-19,19.08,19.20,18.91,18.91,3600,18.59
2007-10-18,19.23,19.23,19.23,19.23,100,18.90
2007-10-17,19.30,19.30,19.30,19.30,400,18.97
2007-10-16,19.31,19.31,19.25,19.25,700,18.92
2007-10-15,19.46,19.46,19.46,19.46,100,19.13
2007-10-12,19.60,19.60,19.60,19.60,000,19.27
2007-10-11,19.60,19.60,19.60,19.60,000,19.27
2007-10-10,19.60,19.60,19.60,19.60,900,19.27
2007-10-09,19.60,19.60,19.60,19.60,000,19.27
2007-10-08,19.64,19.76,19.59,19.60,6800,19.27
2007-10-05,19.51,19.61,19.46,19.61,2300,19.28
2007-10-04,19.29,19.35,19.29,19.35,3000,19.02
2007-10-03,18.74,18.74,18.74,18.74,000,18.42
2007-10-02,18.74,18.74,18.74,18.74,000,18.42
2007-10-01,18.74,18.74,18.74,18.74,000,18.42
2007-09-28,18.74,18.74,18.74,18.74,000,18.42
2007-09-27,18.74,18.74,18.74,18.74,000,18.42
2007-09-26,18.67,18.74,18.67,18.74,400,18.42
2007-09-25,18.46,18.66,18.46,18.65,1100,18.33
2007-09-24,18.70,18.72,18.67,18.68,48600,18.36
2007-09-21,19.02,19.09,19.02,19.05,3000,18.72
2007-09-20,19.03,19.03,19.03,19.03,1200,18.71
2007-09-19,19.37,19.53,19.12,19.17,4200,18.84
2007-09-18,19.00,19.00,19.00,19.00,1000,18.68
2007-09-17,18.27,18.27,18.27,18.27,700,17.96
2007-09-14,18.16,18.16,18.16,18.16,000,17.85
2007-09-13,18.16,18.16,18.16,18.16,000,17.85
2007-09-12,18.16,18.16,18.16,18.16,000,17.85
2007-09-11,18.04,18.16,18.04,18.16,1900,17.85
2007-09-10,18.58,18.58,18.58,18.58,000,18.26
2007-09-07,18.58,18.58,18.58,18.58,000,18.26
2007-09-06,18.58,18.58,18.58,18.58,000,18.26
2007-09-05,18.47,18.58,18.47,18.58,1600,18.26
2007-09-04,18.72,18.72,18.72,18.72,300,18.40
2007-08-31,18.44,18.44,18.44,18.44,800,18.13
2007-08-30,18.13,18.13,18.13,18.13,500,17.82
2007-08-29,18.01,18.01,18.01,18.01,300,17.70
2007-08-28,18.54,18.54,18.54,18.54,000,18.22
2007-08-27,18.54,18.54,18.54,18.54,400,18.22
2007-08-24,18.53,18.53,18.53,18.53,000,18.21
2007-08-23,18.53,18.53,18.53,18.53,200,18.21
2007-08-22,18.46,18.46,18.46,18.46,500,18.14
2007-08-21,17.91,17.91,17.91,17.91,000,17.60
2007-08-20,17.91,17.91,17.91,17.91,400,17.60
2007-08-17,17.70,17.70,17.70,17.70,100,17.40
2007-08-16,17.06,17.28,16.59,17.28,600,16.99
2007-08-15,18.70,18.70,18.70,18.70,000,18.38
2007-08-14,18.70,18.70,18.70,18.70,000,18.38
2007-08-13,18.70,18.70,18.70,18.70,000,18.38
2007-08-10,18.70,18.70,18.70,18.70,000,18.38
2007-08-09,18.70,18.70,18.70,18.70,900,18.38
2007-08-08,18.87,18.87,18.87,18.87,000,18.55
2007-08-07,18.87,18.87,18.87,18.87,3600,18.55
2007-08-06,19.14,19.14,19.14,19.14,000,18.81
2007-08-03,19.14,19.14,19.14,19.14,1500,18.81
2007-08-02,19.01,19.03,19.01,19.03,1000,18.71
2007-08-01,18.81,18.81,18.42,18.43,10000,18.12
2007-07-31,19.31,19.31,18.93,18.93,1500,18.61
2007-07-30,18.85,19.11,18.85,19.10,600,18.77
2007-07-27,18.88,19.00,18.81,18.81,1500,18.49
2007-07-26,19.13,19.13,18.66,18.73,1900,18.41
2007-07-25,19.56,19.56,19.56,19.56,000,19.23
2007-07-24,19.60,19.60,19.56,19.56,2700,19.23
2007-07-23,20.13,20.13,20.13,20.13,000,19.79
2007-07-20,20.17,20.17,20.13,20.13,10900,19.79
2007-07-19,20.52,20.54,20.52,20.54,200,20.19
2007-07-18,20.33,20.36,20.33,20.36,200,20.01
2007-07-17,20.60,20.67,20.59,20.61,45100,20.26
2007-07-16,20.50,20.50,20.50,20.50,1400,20.15
2007-07-13,20.33,20.33,20.33,20.33,000,19.98
2007-07-12,20.33,20.33,20.33,20.33,9800,19.98
2007-07-11,20.23,20.23,20.23,20.23,000,19.88
2007-07-10,20.23,20.23,20.23,20.23,000,19.88
2007-07-09,20.16,20.23,20.16,20.23,600,19.88
2007-07-06,19.77,19.77,19.77,19.77,000,19.43
2007-07-05,19.77,19.77,19.77,19.77,000,19.43
2007-07-03,19.77,19.77,19.77,19.77,000,19.43
2007-07-02,19.77,19.77,19.77,19.77,500,19.43
2007-06-29,19.70,19.70,19.70,19.70,200,19.36
2007-06-28,19.75,19.75,19.75,19.75,000,19.41
2007-06-27,19.75,19.75,19.75,19.75,000,19.41
2007-06-26,19.75,19.75,19.75,19.75,100,19.41
2007-06-25,19.87,19.87,19.87,19.87,200,19.53
2007-06-22,20.18,20.18,20.18,20.18,000,19.84
2007-06-21,20.18,20.18,20.18,20.18,500,19.84
2007-06-20,19.74,19.74,19.74,19.74,000,19.40
2007-06-19,19.74,19.74,19.74,19.74,000,19.40
2007-06-18,19.74,19.74,19.74,19.74,000,19.40
2007-06-15,19.74,19.74,19.74,19.74,000,19.40
2007-06-14,19.74,19.74,19.74,19.74,000,19.40
2007-06-13,19.74,19.74,19.74,19.74,000,19.40
2007-06-12,19.74,19.74,19.74,19.74,000,19.40
2007-06-11,19.74,19.74,19.74,19.74,000,19.40
2007-06-08,19.74,19.74,19.74,19.74,100,19.40
2007-06-07,20.67,20.67,20.67,20.67,000,20.32
2007-06-06,20.67,20.67,20.67,20.67,000,20.32
2007-06-05,20.67,20.67,20.67,20.67,000,20.32
2007-06-04,20.67,20.67,20.67,20.67,000,20.32
2007-06-01,20.67,20.67,20.67,20.67,000,20.32
2007-05-31,20.67,20.67,20.67,20.67,1000,20.32
2007-05-30,20.42,20.42,20.42,20.42,000,20.07
2007-05-29,20.42,20.42,20.42,20.42,000,20.07
2007-05-25,20.42,20.42,20.42,20.42,000,20.07
2007-05-24,20.42,20.42,20.42,20.42,5000,20.07
2007-05-23,19.98,19.98,19.98,19.98,000,19.64
2007-05-22,19.98,19.98,19.98,19.98,000,19.64
2007-05-21,19.98,19.98,19.98,19.98,000,19.64
2007-05-18,19.98,19.98,19.98,19.98,000,19.64
2007-05-17,19.98,19.98,19.98,19.98,000,19.64
2007-05-16,19.98,19.98,19.98,19.98,000,19.64
2007-05-15,19.98,19.98,19.98,19.98,000,19.64
2007-05-14,19.98,19.98,19.98,19.98,000,19.64
2007-05-11,19.98,19.98,19.98,19.98,000,19.64
2007-05-10,20.07,20.07,19.98,19.98,2000,19.64