2011-05-10,30.25,30.25,30.25,30.25,000,30.25
2011-05-09,30.25,30.25,30.25,30.25,000,30.25
2011-05-06,30.25,30.25,30.25,30.25,000,30.25
2011-05-05,30.25,30.25,30.25,30.25,000,30.25
2011-05-04,30.25,30.25,30.25,30.25,000,30.25
2011-05-03,30.25,30.25,30.25,30.25,000,30.25
2011-05-02,30.25,30.25,30.25,30.25,000,30.25
2011-04-29,30.25,30.25,30.25,30.25,000,30.25
2011-04-28,30.25,30.25,30.25,30.25,000,30.25
2011-04-27,30.25,30.25,30.25,30.25,000,30.25
2011-04-26,30.25,30.25,30.25,30.25,000,30.25
2011-04-25,30.25,30.25,30.25,30.25,000,30.25
2011-04-21,30.25,30.25,30.25,30.25,000,30.25
2011-04-20,30.25,30.25,30.25,30.25,000,30.25
2011-04-19,30.25,30.25,30.25,30.25,000,30.25
2011-04-18,30.25,30.25,30.25,30.25,000,30.25
2011-04-15,30.25,30.25,30.25,30.25,200,30.25
2011-04-14,30.59,30.59,30.59,30.59,000,30.59
2011-04-13,30.59,30.59,30.59,30.59,000,30.59
2011-04-12,30.59,30.59,30.59,30.59,000,30.59
2011-04-11,30.59,30.59,30.59,30.59,000,30.59
2011-04-08,30.59,30.59,30.59,30.59,000,30.59
2011-04-07,30.59,30.59,30.59,30.59,000,30.59
2011-04-06,30.59,30.59,30.59,30.59,000,30.59
2011-04-05,30.59,30.59,30.59,30.59,000,30.59
2011-04-04,30.59,30.59,30.59,30.59,500,30.59
2011-04-01,30.09,30.09,30.09,30.09,000,30.09
2011-03-31,30.09,30.09,30.09,30.09,000,30.09
2011-03-30,30.09,30.09,30.09,30.09,000,30.09
2011-03-29,30.09,30.09,30.09,30.09,000,30.09
2011-03-28,29.93,30.09,29.93,30.09,400,30.09
2011-03-25,29.85,29.89,29.85,29.89,3300,29.89
2011-03-24,29.78,29.82,29.78,29.82,1400,29.78
2011-03-23,29.52,29.52,29.52,29.52,000,29.48
2011-03-22,29.41,29.52,29.41,29.52,700,29.48
2011-03-21,29.47,29.55,29.47,29.55,1000,29.51
2011-03-18,29.20,29.20,29.16,29.19,500,29.15
2011-03-17,29.12,29.12,28.86,28.97,300,28.93
2011-03-16,29.68,29.68,29.68,29.68,000,29.64
2011-03-15,29.68,29.68,29.68,29.68,000,29.64
2011-03-14,29.68,29.68,29.68,29.68,000,29.64
2011-03-11,29.68,29.68,29.68,29.68,000,29.64
2011-03-10,29.68,29.68,29.68,29.68,000,29.64
2011-03-09,29.68,29.68,29.68,29.68,000,29.64
2011-03-08,29.68,29.68,29.68,29.68,000,29.64
2011-03-07,29.68,29.68,29.68,29.68,000,29.64
2011-03-04,29.68,29.68,29.68,29.68,000,29.64
2011-03-03,29.68,29.68,29.68,29.68,000,29.64
2011-03-02,29.68,29.68,29.68,29.68,000,29.64
2011-03-01,29.52,29.68,29.52,29.68,1000,29.64
2011-02-28,30.19,30.19,29.82,29.82,200,29.78
2011-02-25,31.10,31.10,31.10,31.10,000,31.06
2011-02-24,31.10,31.10,31.10,31.10,000,31.06
2011-02-23,31.10,31.10,31.10,31.10,000,31.06
2011-02-22,31.10,31.10,31.10,31.10,200,31.06
2011-02-18,31.27,31.38,31.27,31.38,200,31.34
2011-02-17,30.49,30.49,30.49,30.49,000,30.45
2011-02-16,30.49,30.49,30.49,30.49,000,30.45
2011-02-15,30.49,30.49,30.49,30.49,000,30.45
2011-02-14,30.49,30.49,30.49,30.49,000,30.45
2011-02-11,30.49,30.49,30.49,30.49,100,30.45
2011-02-10,30.00,30.00,30.00,30.00,000,29.96
2011-02-09,30.00,30.00,30.00,30.00,1000,29.96
2011-02-08,30.75,30.75,30.75,30.75,000,30.71
2011-02-07,30.75,30.75,30.75,30.75,300,30.71
2011-02-04,28.95,28.95,28.95,28.95,000,28.91
2011-02-03,28.95,28.95,28.95,28.95,000,28.91
2011-02-02,28.95,28.95,28.95,28.95,000,28.91
2011-02-01,28.95,28.95,28.95,28.95,000,28.91
2011-01-31,28.95,28.95,28.95,28.95,000,28.91
2011-01-28,28.95,28.95,28.95,28.95,000,28.91
2011-01-27,28.95,28.95,28.95,28.95,000,28.91
2011-01-26,28.95,28.95,28.95,28.95,000,28.91
2011-01-25,28.95,28.95,28.95,28.95,000,28.91
2011-01-24,28.95,28.95,28.95,28.95,000,28.91
2011-01-21,28.95,28.95,28.95,28.95,000,28.91
2011-01-20,28.95,28.95,28.95,28.95,000,28.91
2011-01-19,28.95,28.95,28.95,28.95,000,28.91
2011-01-18,28.95,28.95,28.95,28.95,000,28.91
2011-01-14,28.95,28.95,28.95,28.95,000,28.91
2011-01-13,28.95,28.95,28.95,28.95,000,28.91
2011-01-12,28.95,28.95,28.95,28.95,500,28.91
2011-01-11,28.74,28.74,28.74,28.74,000,28.70
2011-01-10,28.77,28.77,28.74,28.74,300,28.70
2011-01-07,28.76,28.76,28.76,28.76,000,28.72
2011-01-06,28.76,28.76,28.76,28.76,1000,28.72
2011-01-05,28.51,28.51,28.51,28.51,000,28.47
2011-01-04,28.51,28.51,28.51,28.51,000,28.47
2011-01-03,28.51,28.51,28.51,28.51,000,28.47
2010-12-31,28.52,28.52,28.51,28.51,300,28.47
2010-12-30,29.67,29.67,29.67,29.67,000,29.63
2010-12-29,29.67,29.67,29.67,29.67,000,29.63
2010-12-28,29.67,29.67,29.67,29.67,000,29.63
2010-12-27,29.67,29.67,29.67,29.67,000,28.67
2010-12-23,29.67,29.67,29.67,29.67,000,28.67
2010-12-22,29.69,29.69,29.67,29.67,300,28.67
2010-12-21,29.34,29.34,29.34,29.34,000,28.35
2010-12-20,29.34,29.34,29.34,29.34,000,28.35
2010-12-17,29.34,29.34,29.34,29.34,000,28.35
2010-12-16,29.34,29.34,29.34,29.34,000,28.35
2010-12-15,29.34,29.34,29.34,29.34,000,28.35
2010-12-14,29.34,29.34,29.34,29.34,000,28.35
2010-12-13,29.33,29.34,29.33,29.34,1000,28.35
2010-12-10,29.25,29.26,29.25,29.26,2500,28.28
2010-12-09,29.03,29.03,29.03,29.03,1000,28.05
2010-12-08,27.79,27.79,27.79,27.79,000,26.86
2010-12-07,27.79,27.79,27.79,27.79,000,26.86
2010-12-06,27.79,27.79,27.79,27.79,000,26.86
2010-12-03,27.79,27.79,27.79,27.79,000,26.86
2010-12-02,27.79,27.79,27.79,27.79,000,26.86
2010-12-01,27.79,27.79,27.79,27.79,000,26.86
2010-11-30,27.79,27.79,27.79,27.79,000,26.86
2010-11-29,27.79,27.79,27.79,27.79,000,26.86
2010-11-26,27.79,27.79,27.79,27.79,000,26.86
2010-11-24,27.79,27.79,27.79,27.79,000,26.86
2010-11-23,27.79,27.79,27.79,27.79,000,26.86
2010-11-22,27.79,27.79,27.79,27.79,000,26.86
2010-11-19,27.79,27.79,27.79,27.79,000,26.86
2010-11-18,27.79,27.79,27.79,27.79,000,26.86
2010-11-17,27.79,27.79,27.79,27.79,000,26.86
2010-11-16,27.79,27.79,27.79,27.79,000,26.86
2010-11-15,27.79,27.79,27.79,27.79,000,26.86
2010-11-12,27.79,27.79,27.79,27.79,000,26.86
2010-11-11,27.79,27.79,27.79,27.79,000,26.86
2010-11-10,27.79,27.79,27.79,27.79,000,26.86
2010-11-09,27.79,27.79,27.79,27.79,000,26.86
2010-11-08,27.79,27.79,27.79,27.79,000,26.86
2010-11-05,27.79,27.79,27.79,27.79,000,26.86
2010-11-04,27.79,27.79,27.79,27.79,000,26.86
2010-11-03,27.79,27.79,27.79,27.79,000,26.86
2010-11-02,27.79,27.79,27.79,27.79,000,26.86
2010-11-01,27.79,27.79,27.79,27.79,000,26.86
2010-10-29,27.79,27.79,27.79,27.79,400,26.86
2010-10-28,27.88,27.88,27.88,27.88,000,26.94
2010-10-27,27.88,27.88,27.88,27.88,000,26.94
2010-10-26,27.88,27.88,27.88,27.88,000,26.94
2010-10-25,27.88,27.88,27.88,27.88,400,26.94
2010-10-22,27.63,27.63,27.63,27.63,000,26.70
2010-10-21,27.63,27.63,27.63,27.63,000,26.70
2010-10-20,27.58,27.63,27.58,27.63,500,26.70
2010-10-19,26.89,26.89,26.89,26.89,000,25.99
2010-10-18,26.89,26.89,26.89,26.89,000,25.99
2010-10-15,26.89,26.89,26.89,26.89,000,25.99
2010-10-14,26.89,26.89,26.89,26.89,000,25.99
2010-10-13,26.89,26.89,26.89,26.89,000,25.99
2010-10-12,26.89,26.89,26.89,26.89,000,25.99
2010-10-11,26.89,26.89,26.89,26.89,000,25.99
2010-10-08,26.89,26.89,26.89,26.89,000,25.99
2010-10-07,26.89,26.89,26.89,26.89,000,25.99
2010-10-06,26.89,26.89,26.89,26.89,800,25.99
2010-10-05,26.51,26.51,26.51,26.51,000,25.62
2010-10-04,26.51,26.51,26.51,26.51,000,25.62
2010-10-01,26.51,26.51,26.51,26.51,000,25.62
2010-09-30,26.51,26.51,26.51,26.51,000,25.62
2010-09-29,26.51,26.51,26.51,26.51,000,25.62
2010-09-28,26.51,26.51,26.51,26.51,000,25.62
2010-09-27,26.51,26.51,26.51,26.51,000,25.62
2010-09-24,26.51,26.51,26.51,26.51,000,25.57
2010-09-23,26.51,26.51,26.51,26.51,000,25.57
2010-09-22,26.51,26.51,26.51,26.51,000,25.57
2010-09-21,26.51,26.51,26.51,26.51,000,25.57
2010-09-20,26.51,26.51,26.51,26.51,000,25.57
2010-09-17,26.64,26.64,26.51,26.51,2700,25.57
2010-09-16,25.67,25.67,25.67,25.67,000,24.76
2010-09-15,25.67,25.67,25.67,25.67,000,24.76
2010-09-14,25.67,25.67,25.67,25.67,000,24.76
2010-09-13,25.67,25.67,25.67,25.67,000,24.76
2010-09-10,25.67,25.67,25.67,25.67,000,24.76
2010-09-09,25.67,25.67,25.67,25.67,000,24.76
2010-09-08,25.67,25.67,25.67,25.67,000,24.76
2010-09-07,25.67,25.67,25.67,25.67,500,24.76
2010-09-03,25.74,25.74,25.74,25.74,300,24.83
2010-09-02,24.72,24.72,24.72,24.72,000,23.85
2010-09-01,24.72,24.72,24.72,24.72,000,23.85
2010-08-31,24.72,24.72,24.72,24.72,000,23.85
2010-08-30,24.72,24.72,24.72,24.72,000,23.85
2010-08-27,24.72,24.72,24.72,24.72,000,23.85
2010-08-26,24.72,24.72,24.72,24.72,000,23.85
2010-08-25,24.72,24.72,24.72,24.72,1000,23.85
2010-08-24,25.64,25.64,25.64,25.64,000,24.73
2010-08-23,25.64,25.64,25.64,25.64,000,24.73
2010-08-20,25.64,25.64,25.64,25.64,000,24.73
2010-08-19,25.64,25.64,25.64,25.64,000,24.73
2010-08-18,25.64,25.64,25.64,25.64,000,24.73
2010-08-17,25.64,25.64,25.64,25.64,1000,24.73
2010-08-16,25.83,25.83,25.83,25.83,000,24.92
2010-08-13,25.83,25.83,25.83,25.83,000,24.92
2010-08-12,25.83,25.83,25.83,25.83,000,24.92
2010-08-11,25.83,25.83,25.83,25.83,000,24.92
2010-08-10,25.83,25.83,25.83,25.83,000,24.92
2010-08-09,25.83,25.83,25.83,25.83,000,24.92
2010-08-06,25.83,25.83,25.83,25.83,000,24.92
2010-08-05,25.83,25.83,25.83,25.83,000,24.92
2010-08-04,25.83,25.83,25.83,25.83,000,24.92
2010-08-03,25.83,25.83,25.83,25.83,000,24.92
2010-08-02,25.83,25.83,25.83,25.83,000,24.92
2010-07-30,25.67,25.88,25.67,25.83,300,24.92
2010-07-29,25.93,25.93,25.93,25.93,1000,25.01
2010-07-28,26.28,26.28,26.28,26.28,000,25.35
2010-07-27,26.24,26.28,26.24,26.28,3100,25.35
2010-07-26,26.17,26.17,26.17,26.17,200,25.25
2010-07-23,25.90,25.90,25.90,25.90,000,24.98
2010-07-22,25.30,25.90,25.30,25.90,600,24.98
2010-07-21,25.33,25.33,25.33,25.33,000,24.43
2010-07-20,25.33,25.33,25.33,25.33,000,24.43
2010-07-19,25.33,25.33,25.33,25.33,000,24.43
2010-07-16,25.33,25.33,25.33,25.33,1000,24.43
2010-07-15,24.63,24.63,24.63,24.63,000,23.76
2010-07-14,24.63,24.63,24.63,24.63,000,23.76
2010-07-13,24.63,24.63,24.63,24.63,000,23.76
2010-07-12,24.63,24.63,24.63,24.63,000,23.76
2010-07-09,24.63,24.63,24.63,24.63,000,23.76
2010-07-08,24.63,24.63,24.63,24.63,000,23.76
2010-07-07,24.63,24.63,24.63,24.63,000,23.76
2010-07-06,24.63,24.63,24.63,24.63,000,23.76
2010-07-02,24.63,24.63,24.63,24.63,000,23.76
2010-07-01,24.63,24.63,24.63,24.63,000,23.76
2010-06-30,24.63,24.63,24.63,24.63,100,23.76
2010-06-29,24.73,24.73,24.73,24.73,100,23.86
2010-06-28,25.98,25.98,25.98,25.98,000,25.06
2010-06-25,25.98,25.98,25.98,25.98,000,25.06
2010-06-24,25.98,25.98,25.98,25.98,000,25.00
2010-06-23,25.94,25.98,25.94,25.98,2900,25.00
2010-06-22,26.80,26.80,26.80,26.80,000,25.79
2010-06-21,26.80,26.80,26.80,26.80,900,25.79
2010-06-18,25.02,25.02,25.02,25.02,000,24.08
2010-06-17,25.02,25.02,25.02,25.02,000,24.08
2010-06-16,25.02,25.02,25.02,25.02,000,24.08
2010-06-15,25.02,25.02,25.02,25.02,000,24.08
2010-06-14,25.02,25.02,25.02,25.02,000,24.08
2010-06-11,25.02,25.02,25.02,25.02,000,24.08
2010-06-10,25.02,25.02,25.02,25.02,000,24.08
2010-06-09,25.02,25.02,25.02,25.02,000,24.08
2010-06-08,25.02,25.02,25.02,25.02,200,24.08
2010-06-07,25.50,25.50,25.50,25.50,000,24.54
2010-06-04,25.50,25.50,25.50,25.50,200,24.54
2010-06-03,25.43,25.43,25.43,25.43,000,24.47
2010-06-02,25.43,25.43,25.43,25.43,000,24.47
2010-06-01,25.43,25.43,25.43,25.43,000,24.47
2010-05-28,25.43,25.43,25.43,25.43,000,24.47
2010-05-27,25.43,25.43,25.43,25.43,000,24.47
2010-05-26,25.43,25.43,25.43,25.43,600,24.47
2010-05-25,24.60,24.91,24.60,24.91,500,23.97
2010-05-24,25.55,25.56,25.55,25.56,700,24.60
2010-05-21,26.67,26.67,26.67,26.67,000,25.66
2010-05-20,26.67,26.67,26.67,26.67,000,25.66
2010-05-19,26.67,26.67,26.67,26.67,000,25.66
2010-05-18,26.67,26.67,26.67,26.67,000,25.66
2010-05-17,26.67,26.67,26.67,26.67,1000,25.66
2010-05-14,27.17,27.17,27.17,27.17,000,26.14
2010-05-13,27.17,27.17,27.17,27.17,000,26.14
2010-05-12,27.17,27.17,27.17,27.17,000,26.14
2010-05-11,27.17,27.17,27.17,27.17,000,26.14
2010-05-10,27.17,27.17,27.17,27.17,000,26.14
2010-05-07,27.17,27.17,27.17,27.17,000,26.14
2010-05-06,27.17,27.17,27.17,27.17,000,26.14
2010-05-05,27.17,27.17,27.17,27.17,400,26.14
2010-05-04,27.84,27.84,27.84,27.84,400,26.79
2010-05-03,28.10,28.10,28.10,28.10,1000,27.04
2010-04-30,27.82,27.82,27.82,27.82,000,26.77
2010-04-29,27.82,27.82,27.82,27.82,000,26.77
2010-04-28,27.82,27.82,27.82,27.82,000,26.77
2010-04-27,27.84,27.84,27.82,27.82,6000,26.77
2010-04-26,28.36,28.36,28.36,28.36,200,27.29
2010-04-23,28.40,28.40,28.40,28.40,1000,27.33
2010-04-22,27.89,27.89,27.72,27.72,1200,26.67
2010-04-21,27.92,28.00,27.92,27.97,9000,26.91
2010-04-20,28.00,28.00,28.00,28.00,2000,26.94
2010-04-19,27.82,27.82,27.49,27.54,13100,26.50
2010-04-16,28.01,28.01,27.75,27.75,3000,26.70
2010-04-15,28.09,28.21,28.08,28.21,10000,27.15
2010-04-14,27.48,27.48,27.48,27.48,000,26.44
2010-04-13,27.48,27.48,27.48,27.48,000,26.44
2010-04-12,27.48,27.48,27.48,27.48,000,26.44
2010-04-09,27.48,27.48,27.48,27.48,000,26.44
2010-04-08,27.48,27.48,27.48,27.48,000,26.44
2010-04-07,27.48,27.48,27.48,27.48,300,26.44
2010-04-06,27.50,27.50,27.50,27.50,300,26.46
2010-04-05,26.98,26.98,26.98,26.98,000,25.96
2010-04-01,27.25,27.25,26.98,26.98,2000,25.96
2010-03-31,26.79,26.79,26.79,26.79,000,25.78
2010-03-30,26.79,26.79,26.79,26.79,000,25.78
2010-03-29,26.79,26.79,26.79,26.79,000,25.78
2010-03-26,26.79,26.79,26.79,26.79,200,25.78
2010-03-25,27.13,27.13,27.13,27.13,1000,26.07
2010-03-24,27.18,27.18,27.03,27.07,8000,26.01
2010-03-23,26.78,26.78,26.78,26.78,000,25.73
2010-03-22,26.78,26.78,26.78,26.78,000,25.73
2010-03-19,26.78,26.78,26.78,26.78,000,25.73
2010-03-18,26.78,26.78,26.78,26.78,000,25.73
2010-03-17,26.78,26.78,26.78,26.78,000,25.73
2010-03-16,26.78,26.78,26.78,26.78,300,25.73
2010-03-15,26.24,26.24,26.24,26.24,000,25.21
2010-03-12,26.24,26.24,26.24,26.24,000,25.21
2010-03-11,26.24,26.24,26.24,26.24,000,25.21
2010-03-10,26.24,26.24,26.24,26.24,000,25.21
2010-03-09,26.24,26.24,26.24,26.24,000,25.21
2010-03-08,26.24,26.24,26.24,26.24,000,25.21
2010-03-05,26.34,26.39,26.24,26.24,700,25.21
2010-03-04,26.26,26.26,26.26,26.26,000,25.23
2010-03-03,26.26,26.26,26.26,26.26,400,25.23
2010-03-02,25.99,25.99,25.99,25.99,000,24.97
2010-03-01,25.88,25.99,25.88,25.99,2900,24.97
2010-02-26,25.81,25.81,25.81,25.81,000,24.80
2010-02-25,25.81,25.81,25.81,25.81,000,24.80
2010-02-24,25.81,25.81,25.81,25.81,000,24.80
2010-02-23,25.81,25.81,25.81,25.81,000,24.80
2010-02-22,25.80,25.81,25.80,25.81,800,24.80
2010-02-19,25.50,25.50,25.50,25.50,000,24.50
2010-02-18,25.50,25.50,25.50,25.50,000,24.50
2010-02-17,25.50,25.50,25.50,25.50,400,24.50
2010-02-16,24.86,24.86,24.86,24.86,000,23.89
2010-02-12,24.86,24.86,24.86,24.86,100,23.89
2010-02-11,24.69,24.69,24.69,24.69,000,23.72
2010-02-10,24.69,24.69,24.69,24.69,000,23.72
2010-02-09,24.69,24.69,24.69,24.69,2400,23.72
2010-02-08,25.21,25.21,25.21,25.21,000,24.22
2010-02-05,25.21,25.21,25.21,25.21,000,24.22
2010-02-04,25.21,25.21,25.21,25.21,000,24.22
2010-02-03,25.21,25.21,25.21,25.21,000,24.22
2010-02-02,25.21,25.21,25.21,25.21,200,24.22
2010-02-01,25.12,25.12,25.12,25.12,000,24.14
2010-01-29,25.12,25.12,25.12,25.12,000,24.14
2010-01-28,25.12,25.12,25.12,25.12,000,24.14
2010-01-27,25.12,25.12,25.12,25.12,200,24.14
2010-01-26,25.75,25.75,25.75,25.75,000,24.74
2010-01-25,25.75,25.75,25.75,25.75,000,24.74
2010-01-22,25.75,25.75,25.75,25.75,1000,24.74
2010-01-21,25.99,25.99,25.95,25.95,400,24.94
2010-01-20,26.06,26.06,26.00,26.00,1200,24.98
2010-01-19,26.04,26.04,26.04,26.04,1000,25.02
2010-01-15,26.02,26.02,26.02,26.02,1000,25.00