2011-05-10,108.84,108.86,108.33,108.33,3300,108.33
2011-05-09,108.79,108.82,108.66,108.66,1000,108.66
2011-05-06,108.55,108.81,108.55,108.60,2400,108.60
2011-05-05,108.62,108.65,108.38,108.62,2300,108.62
2011-05-04,108.27,108.34,108.20,108.20,3700,108.20
2011-05-03,108.37,108.37,108.06,108.13,900,108.13
2011-05-02,107.95,108.28,107.95,108.20,3100,108.20
2011-04-29,108.00,108.19,107.97,108.19,8900,107.90
2011-04-28,108.27,108.36,108.00,108.36,1200,108.07
2011-04-27,108.09,108.12,107.72,107.78,2900,107.49
2011-04-26,107.71,108.31,107.71,108.29,14400,108.00
2011-04-25,107.56,107.71,107.56,107.61,4200,107.32
2011-04-21,107.74,107.81,107.42,107.42,2800,107.14
2011-04-20,107.86,107.86,107.57,107.75,5400,107.46
2011-04-19,107.60,107.88,107.60,107.65,1500,107.36
2011-04-18,107.21,107.84,107.21,107.58,2200,107.29
2011-04-15,107.24,107.32,107.22,107.32,13800,107.04
2011-04-14,107.22,107.22,107.22,107.22,200,106.94
2011-04-13,106.74,107.21,106.72,106.99,10300,106.71
2011-04-12,106.92,107.03,106.70,106.80,4900,106.52
2011-04-11,106.59,106.74,106.26,106.41,4300,106.13
2011-04-08,106.49,106.49,106.38,106.40,1100,106.12
2011-04-07,106.75,106.75,106.52,106.52,700,106.24
2011-04-06,106.83,106.90,106.67,106.67,2000,106.39
2011-04-05,107.09,107.09,106.76,106.98,2200,106.70
2011-04-04,107.01,107.10,106.94,107.08,7300,106.80
2011-04-01,106.60,107.00,106.60,106.91,1500,106.63
2011-03-31,107.13,107.19,107.09,107.09,1800,106.51
2011-03-30,107.02,107.17,107.00,107.17,1700,106.59
2011-03-29,107.10,107.27,106.89,106.89,600,106.31
2011-03-28,107.08,107.43,107.07,107.09,1800,106.51
2011-03-25,107.44,107.44,107.19,107.19,1200,106.61
2011-03-24,107.76,107.80,107.36,107.56,8100,106.98
2011-03-23,107.79,107.81,107.65,107.81,1600,107.23
2011-03-22,107.59,107.95,107.51,107.95,1600,107.37
2011-03-21,107.58,108.04,107.58,107.62,4700,107.04
2011-03-18,107.89,108.04,107.87,107.87,300,107.29
2011-03-17,108.16,108.16,107.71,107.88,4700,107.30
2011-03-16,108.10,108.53,108.10,108.52,700,107.94
2011-03-15,107.93,107.93,107.56,107.57,1900,106.99
2011-03-14,107.67,107.67,107.53,107.53,300,106.95
2011-03-11,107.25,107.37,107.25,107.28,1500,106.70
2011-03-10,107.25,107.26,107.01,107.26,1200,106.68
2011-03-09,106.94,107.08,106.70,107.08,2000,106.50
2011-03-08,106.88,106.88,106.52,106.54,4700,105.97
2011-03-07,106.89,106.89,106.77,106.77,600,106.20
2011-03-04,106.70,106.98,106.64,106.93,5200,106.35
2011-03-03,106.67,106.71,106.41,106.62,800,106.05
2011-03-02,107.15,107.36,107.06,107.06,4200,106.48
2011-03-01,106.95,107.20,106.95,107.15,2600,106.57
2011-02-28,107.51,107.67,107.29,107.39,2600,106.54
2011-02-25,107.39,107.39,107.27,107.30,1300,106.45
2011-02-24,107.23,107.26,107.13,107.26,500,106.41
2011-02-23,107.29,107.29,107.21,107.24,3000,106.39
2011-02-22,106.51,107.17,106.51,107.15,2300,106.30
2011-02-18,106.20,106.54,106.20,106.54,800,105.70
2011-02-17,106.50,106.60,106.35,106.43,2300,105.59
2011-02-16,106.44,106.50,106.16,106.25,2800,105.41
2011-02-15,106.14,106.32,106.14,106.26,2300,105.42
2011-02-14,105.92,106.27,105.92,106.27,2300,105.43
2011-02-11,105.77,106.12,105.77,106.02,2300,105.18
2011-02-10,105.90,105.98,105.74,105.91,1000,105.07
2011-02-09,105.85,106.27,105.81,106.08,2000,105.24
2011-02-08,106.07,106.07,105.75,105.75,1400,104.92
2011-02-07,105.99,106.16,105.99,106.12,2700,105.28
2011-02-04,106.18,106.22,105.95,105.96,2700,105.12
2011-02-03,106.51,106.63,106.35,106.35,2000,105.51
2011-02-02,106.75,106.95,106.59,106.59,1100,105.75
2011-02-01,107.02,107.04,106.75,106.78,1400,105.94
2011-01-31,107.40,107.59,107.29,107.33,4300,106.20
2011-01-28,107.34,107.70,107.34,107.70,1400,106.56
2011-01-27,107.06,107.35,107.03,107.35,2900,106.22
2011-01-26,107.35,107.35,107.02,107.12,900,105.99
2011-01-25,107.22,107.71,107.08,107.71,2700,106.57
2011-01-24,107.18,107.30,107.18,107.19,3300,106.06
2011-01-21,106.87,107.05,106.87,107.05,1300,105.92
2011-01-20,107.20,107.20,106.81,106.87,1100,105.74
2011-01-19,107.34,107.40,107.29,107.35,2300,106.22
2011-01-18,107.23,107.25,107.12,107.15,5300,106.02
2011-01-14,107.57,107.70,107.35,107.35,2600,106.22
2011-01-13,107.34,107.64,107.24,107.57,6900,106.44
2011-01-12,107.13,107.53,107.01,107.50,4100,106.37
2011-01-11,107.40,107.40,107.16,107.32,1400,106.19
2011-01-10,107.37,107.55,107.37,107.46,2300,106.33
2011-01-07,107.17,107.42,107.17,107.31,2600,106.18
2011-01-06,106.81,106.96,106.79,106.82,41300,105.69
2011-01-05,106.90,106.90,106.57,106.76,10500,105.63
2011-01-04,107.35,107.56,107.30,107.34,10200,106.21
2011-01-03,107.17,107.48,107.17,107.32,3400,106.19
2010-12-31,107.48,107.58,107.39,107.39,1000,106.26
2010-12-30,106.87,107.24,106.87,107.02,400,105.89
2010-12-29,106.63,107.33,106.45,107.33,2800,106.20
2010-12-28,106.74,106.83,106.40,106.40,2600,105.28
2010-12-27,106.85,107.37,106.85,107.37,2500,105.95
2010-12-23,107.07,107.26,107.07,107.15,3000,105.73
2010-12-22,107.36,107.36,107.22,107.27,6700,105.85
2010-12-21,107.37,107.51,107.16,107.51,3000,106.09
2010-12-20,107.77,107.77,107.30,107.30,2800,105.88
2010-12-17,107.01,107.48,107.01,107.48,1800,106.06
2010-12-16,106.42,106.63,106.32,106.60,10700,105.19
2010-12-15,107.00,107.00,106.41,106.54,5200,105.13
2010-12-14,106.96,107.11,105.76,106.65,12900,105.24
2010-12-13,107.09,107.52,107.06,107.44,77300,106.02
2010-12-10,107.66,107.66,107.27,107.39,3500,105.97
2010-12-09,107.94,107.94,107.30,107.57,8300,106.14
2010-12-08,107.51,107.52,107.20,107.52,2100,106.09
2010-12-07,108.62,108.62,107.76,107.95,5800,106.52
2010-12-06,108.60,109.03,108.60,109.03,246700,107.58
2010-12-03,108.65,108.77,108.49,108.52,3100,107.08
2010-12-02,108.23,108.64,108.23,108.47,8300,107.03
2010-12-01,108.95,108.95,108.40,108.44,15400,107.00
2010-11-30,109.70,109.78,109.48,109.48,1100,107.75
2010-11-29,109.51,109.67,109.35,109.65,1200,107.92
2010-11-26,109.39,109.39,109.39,109.39,2400,107.66
2010-11-24,109.61,109.61,109.06,109.36,1500,107.63
2010-11-23,109.89,109.91,109.70,109.89,2500,108.16
2010-11-22,109.47,109.62,109.38,109.38,2400,107.65
2010-11-19,109.37,109.49,109.29,109.49,1600,107.76
2010-11-18,109.34,109.34,108.85,109.21,2900,107.49
2010-11-17,109.62,109.62,109.15,109.15,1400,107.43
2010-11-16,109.03,109.20,108.91,108.98,2000,107.26
2010-11-15,109.31,109.54,108.90,108.90,13100,107.18
2010-11-12,109.85,109.90,109.56,109.70,4000,107.97
2010-11-11,110.52,110.52,110.12,110.42,1100,108.68
2010-11-10,110.25,110.30,109.81,110.10,6000,108.36
2010-11-09,110.64,110.64,109.96,109.96,1400,108.23
2010-11-08,111.12,111.12,110.74,110.78,1000,109.03
2010-11-05,111.16,111.29,110.73,110.73,3000,108.98
2010-11-04,111.34,111.42,111.03,111.14,19800,109.39
2010-11-03,110.93,111.33,110.66,110.67,2700,108.92
2010-11-02,110.98,110.98,110.68,110.91,3400,109.16
2010-11-01,111.03,111.03,110.46,110.46,2700,108.72
2010-10-29,110.54,110.93,110.54,110.85,5000,108.82
2010-10-28,110.74,110.76,110.47,110.76,2100,108.73
2010-10-27,110.61,110.61,110.24,110.40,2200,108.38
2010-10-26,111.08,111.08,110.50,110.66,9100,108.64
2010-10-25,111.58,111.58,111.07,111.07,1700,109.04
2010-10-22,111.14,111.15,110.93,110.96,3000,108.93
2010-10-21,111.32,111.32,111.05,111.15,1900,109.12
2010-10-20,111.05,111.51,111.05,111.15,2400,109.12
2010-10-19,111.28,111.45,110.99,111.01,1900,108.98
2010-10-18,110.78,111.19,110.78,111.19,1900,109.16
2010-10-15,110.83,111.04,110.61,110.61,3100,108.59
2010-10-14,111.50,111.50,110.84,110.84,6300,108.81
2010-10-13,111.39,111.39,111.03,111.29,13300,109.25
2010-10-12,111.73,111.73,111.47,111.48,800,109.44
2010-10-11,111.36,111.75,111.36,111.48,1600,109.44
2010-10-08,111.91,111.91,111.43,111.43,3700,109.39
2010-10-07,111.89,111.89,111.53,111.53,6100,109.49
2010-10-06,111.82,111.88,111.56,111.73,1700,109.69
2010-10-05,111.38,111.40,111.16,111.16,2500,109.13
2010-10-04,111.27,111.35,111.09,111.35,4400,109.31
2010-10-01,111.01,111.16,110.82,110.98,2600,108.95
2010-09-30,111.30,111.57,111.19,111.29,2500,108.98
2010-09-29,111.64,111.64,111.36,111.54,3300,109.22
2010-09-28,111.31,111.58,111.31,111.57,5800,109.25
2010-09-27,111.17,111.25,110.95,111.09,6300,108.78
2010-09-24,110.62,110.89,110.62,110.68,5600,108.38
2010-09-23,111.36,111.36,111.00,111.15,3500,108.84
2010-09-22,111.01,111.20,110.81,111.05,32000,108.74
2010-09-21,110.48,110.56,110.28,110.28,16600,107.99
2010-09-20,110.29,110.35,110.03,110.35,2700,108.06
2010-09-17,110.21,110.27,110.11,110.16,13600,107.87
2010-09-16,109.78,110.01,109.78,109.79,6800,107.51
2010-09-15,110.27,110.36,109.97,110.19,3600,107.90
2010-09-14,110.12,110.31,110.12,110.31,400,108.02
2010-09-13,109.57,110.19,109.57,110.16,7000,107.87
2010-09-10,109.81,109.81,109.53,109.79,1000,107.51
2010-09-09,110.23,110.23,109.90,109.97,2100,107.68
2010-09-08,110.53,110.53,110.11,110.26,2900,107.97
2010-09-07,110.50,110.61,110.40,110.45,2100,108.15
2010-09-03,110.07,110.16,109.93,110.11,3500,107.82
2010-09-02,110.61,110.61,110.17,110.51,10800,108.21
2010-09-01,110.96,110.96,110.33,110.56,9300,108.26
2010-08-31,111.33,111.55,111.11,111.55,20000,108.96
2010-08-30,111.00,111.27,110.70,111.27,3300,108.69
2010-08-27,111.36,111.36,110.46,110.52,9700,107.95
2010-08-26,110.99,111.49,110.99,111.46,6800,108.87
2010-08-25,111.75,111.75,111.03,111.17,6200,108.59
2010-08-24,111.23,111.44,111.01,111.44,3300,108.85
2010-08-23,110.93,111.12,110.86,110.94,2800,108.36
2010-08-20,110.92,111.10,110.85,110.89,8600,108.31
2010-08-19,110.88,111.17,110.85,110.85,9300,108.28
2010-08-18,110.95,110.96,110.80,110.80,2100,108.23
2010-08-17,110.58,110.84,110.48,110.48,1700,107.91
2010-08-16,110.91,110.96,110.63,110.71,9100,108.14
2010-08-13,110.32,110.32,110.22,110.22,700,107.66
2010-08-12,110.20,110.20,110.02,110.02,700,107.46
2010-08-11,110.16,110.25,109.82,109.94,900,107.39
2010-08-10,109.69,110.10,109.56,109.90,1000,107.35
2010-08-09,109.68,109.68,109.56,109.63,1400,107.08
2010-08-06,109.64,109.73,109.48,109.72,3600,107.17
2010-08-05,109.43,109.48,109.10,109.23,10400,106.69
2010-08-04,109.50,109.50,108.99,109.11,6600,106.58
2010-08-03,109.25,109.32,109.07,109.17,23800,106.63
2010-08-02,109.28,109.28,108.92,108.92,2200,106.39
2010-07-30,109.49,109.71,109.44,109.44,17400,106.62
2010-07-29,109.02,109.29,108.88,109.20,5400,106.39
2010-07-28,108.77,109.11,108.75,109.11,4600,106.30
2010-07-27,108.90,108.95,108.75,108.75,3800,105.95
2010-07-26,108.82,108.99,108.70,108.92,3200,106.12
2010-07-23,109.02,109.08,109.00,109.02,1800,106.21
2010-07-22,109.20,109.24,109.05,109.08,2600,106.27
2010-07-21,109.01,109.17,109.01,109.17,1100,106.36
2010-07-20,109.08,109.09,108.82,108.90,4200,106.10
2010-07-19,108.77,108.98,108.75,108.75,4100,105.95
2010-07-16,108.98,109.03,108.77,109.03,12900,106.22
2010-07-15,108.54,108.78,108.50,108.69,3200,105.89
2010-07-14,108.02,108.39,107.95,108.39,49700,105.60
2010-07-13,108.16,108.16,107.94,107.97,2200,105.19
2010-07-12,108.06,108.15,108.06,108.15,400,105.36
2010-07-09,108.15,108.21,108.03,108.03,3200,105.25
2010-07-08,108.27,108.35,108.08,108.30,3100,105.51
2010-07-07,108.70,108.70,108.28,108.28,3700,105.49
2010-07-06,108.40,108.62,108.07,108.59,4500,105.79
2010-07-02,108.13,108.45,108.13,108.21,4100,105.42
2010-07-01,108.55,108.77,108.45,108.49,14100,105.70
2010-06-30,108.49,108.73,108.32,108.66,5400,105.59
2010-06-29,108.41,108.62,108.40,108.41,2600,105.35
2010-06-28,108.38,108.38,108.22,108.22,400,105.16
2010-06-25,107.60,108.07,107.60,107.98,1700,104.93
2010-06-24,107.76,108.10,107.64,107.64,2900,104.60
2010-06-23,107.88,108.02,107.56,107.85,6600,104.80
2010-06-22,107.16,107.65,107.16,107.65,2700,104.61
2010-06-21,107.08,107.38,107.08,107.34,5300,104.31
2010-06-18,107.27,107.42,107.14,107.29,3400,104.26
2010-06-17,107.10,107.40,107.10,107.27,14300,104.24
2010-06-16,107.06,107.12,106.78,106.97,17700,103.95
2010-06-15,107.13,107.13,106.83,106.83,1400,103.81
2010-06-14,106.86,107.00,106.53,107.00,6400,103.97
2010-06-11,106.94,107.27,106.70,107.27,3100,104.24
2010-06-10,107.18,107.19,106.82,106.90,2700,103.88
2010-06-09,107.32,107.38,107.21,107.37,1900,104.33
2010-06-08,107.10,107.42,107.08,107.37,4700,104.33
2010-06-07,106.89,107.39,106.89,107.09,2500,104.06
2010-06-04,106.73,107.24,106.73,107.16,3800,104.13
2010-06-03,106.32,106.61,106.29,106.29,24100,103.28
2010-06-02,106.72,107.05,106.57,106.76,11800,103.74
2010-06-01,106.83,107.10,106.83,106.87,6700,103.85
2010-05-28,106.89,107.12,106.89,107.00,2100,103.69
2010-05-27,106.96,107.02,106.78,106.82,32200,103.52
2010-05-26,107.56,107.57,106.98,107.50,9900,104.18
2010-05-25,107.82,107.90,107.46,107.66,5000,104.33
2010-05-24,107.82,107.88,107.62,107.64,57300,104.31
2010-05-21,107.78,107.78,107.40,107.40,13400,104.08
2010-05-20,107.55,107.55,107.23,107.38,7900,104.06
2010-05-19,107.18,107.39,107.10,107.28,2100,103.97
2010-05-18,106.87,107.34,106.82,107.11,9600,103.80
2010-05-17,106.90,106.92,106.78,106.82,1600,103.52
2010-05-14,106.50,106.74,106.43,106.71,600,103.41
2010-05-13,106.19,106.47,106.11,106.34,4900,103.05
2010-05-12,106.61,106.61,106.11,106.16,8100,102.88
2010-05-11,106.28,106.50,106.17,106.24,2200,102.96
2010-05-10,106.97,106.97,106.00,106.25,3800,102.97
2010-05-07,106.87,107.40,106.32,106.77,5200,103.47
2010-05-06,106.46,107.03,105.81,105.81,14100,102.54
2010-05-05,106.46,106.92,106.27,106.53,2700,103.24
2010-05-04,106.31,106.33,106.12,106.33,178800,103.04
2010-05-03,106.12,106.12,105.97,106.07,1900,102.79
2010-04-30,106.34,106.47,106.27,106.47,19500,102.90
2010-04-29,106.20,106.20,105.96,106.09,3900,102.53
2010-04-28,106.28,106.28,106.16,106.16,7400,102.60
2010-04-27,105.89,106.39,105.89,106.24,9300,102.68
2010-04-26,106.00,106.00,105.73,105.84,3700,102.29
2010-04-23,105.72,105.81,105.61,105.80,1400,102.25
2010-04-22,106.23,106.38,105.76,105.76,5400,102.21
2010-04-21,106.10,106.12,105.97,106.09,3800,102.53
2010-04-20,105.78,105.90,105.67,105.90,6500,102.35
2010-04-19,106.03,106.03,105.74,105.87,6300,102.32
2010-04-16,106.05,106.09,106.00,106.04,8500,102.48
2010-04-15,105.32,105.71,105.32,105.57,12500,102.03
2010-04-14,105.81,105.82,105.36,105.36,11000,101.83
2010-04-13,105.38,105.62,105.38,105.62,1800,102.08
2010-04-12,105.48,105.53,105.33,105.35,6900,101.82
2010-04-09,105.20,105.32,105.00,105.15,5700,101.62
2010-04-08,105.23,105.53,105.09,105.31,3300,101.78
2010-04-07,104.70,105.32,104.70,105.32,9000,101.79
2010-04-06,104.67,104.90,104.67,104.90,1500,101.38
2010-04-05,104.95,104.95,104.60,104.60,1400,101.09
2010-04-01,105.38,105.38,105.21,105.23,7400,101.70
2010-03-31,105.44,105.81,105.44,105.56,6500,101.74
2010-03-30,105.28,105.56,105.28,105.55,4200,101.73
2010-03-29,105.35,105.51,105.21,105.30,7300,101.49
2010-03-26,105.18,105.51,105.14,105.51,2400,101.69
2010-03-25,105.16,105.32,105.12,105.24,3200,101.43
2010-03-24,105.80,105.89,105.26,105.47,5500,101.65
2010-03-23,106.20,106.23,105.97,106.23,19600,102.38
2010-03-22,106.20,106.29,105.94,106.19,12500,102.34
2010-03-19,105.86,106.35,105.86,106.18,3100,102.33
2010-03-18,106.39,106.39,105.89,106.26,9500,102.41
2010-03-17,106.43,106.43,105.96,106.36,11100,102.51
2010-03-16,105.76,106.31,105.76,106.25,8000,102.40
2010-03-15,105.68,105.97,105.67,105.67,2400,101.84
2010-03-12,105.74,105.95,105.66,105.95,6400,102.11
2010-03-11,105.71,105.81,105.49,105.60,3800,101.78
2010-03-10,105.84,105.94,105.49,105.90,4600,102.06
2010-03-09,105.94,105.95,105.65,105.65,8000,101.82
2010-03-08,105.87,105.89,105.52,105.85,2100,102.02
2010-03-05,106.00,106.00,105.70,105.91,6100,102.07
2010-03-04,105.73,106.19,105.73,106.19,3500,102.34
2010-03-03,106.05,106.08,105.75,105.75,6000,101.92
2010-03-02,105.85,106.08,105.85,106.08,2500,102.24
2010-03-01,106.03,106.03,105.71,105.72,3100,101.89
2010-02-26,105.88,106.35,105.88,106.28,2400,102.16
2010-02-25,105.84,106.07,105.67,105.97,6500,101.86
2010-02-24,105.53,105.89,105.45,105.89,10600,101.79
2010-02-23,105.65,105.66,105.31,105.44,7800,101.35
2010-02-22,105.38,105.38,105.20,105.22,1300,101.14
2010-02-19,105.25,105.31,104.89,105.31,6000,101.23
2010-02-18,105.31,105.46,104.90,104.94,2500,100.87
2010-02-17,105.58,105.64,105.11,105.38,7300,101.30
2010-02-16,105.44,105.50,105.09,105.50,2600,101.41
2010-02-12,105.38,105.56,105.18,105.20,30800,101.12
2010-02-11,105.43,105.44,104.95,104.95,3100,100.88
2010-02-10,105.65,105.65,105.08,105.15,5700,101.08
2010-02-09,105.98,105.98,105.68,105.75,39100,101.65
2010-02-08,106.23,106.23,105.74,105.79,6200,101.69
2010-02-05,106.04,106.27,105.94,106.14,2300,102.03
2010-02-04,105.56,106.01,105.56,105.79,7600,101.69
2010-02-03,105.72,105.77,105.31,105.37,28900,101.29
2010-02-02,105.84,105.92,105.82,105.85,4300,101.75
2010-02-01,105.88,105.88,105.56,105.75,18700,101.65
2010-01-29,105.96,106.21,105.77,106.21,4700,101.81
2010-01-28,105.74,105.99,105.60,105.70,3600,101.33
2010-01-27,106.27,106.27,105.68,105.89,3400,101.51
2010-01-26,106.04,106.26,106.00,106.22,4600,101.82
2010-01-25,105.89,106.30,105.89,105.95,3500,101.57
2010-01-22,106.38,106.38,106.07,106.36,3200,101.96
2010-01-21,106.25,106.48,106.14,106.36,1600,101.96
2010-01-20,106.15,106.15,105.92,105.92,2300,101.54
2010-01-19,105.82,105.93,105.26,105.68,6900,101.31
2010-01-15,106.10,106.13,105.90,106.03,5900,101.64
2010-01-14,105.73,105.97,105.54,105.81,9600,101.43
2010-01-13,105.56,105.86,105.34,105.34,4800,100.98
2010-01-12,105.60,105.98,105.60,105.86,8300,101.48
2010-01-11,105.45,105.58,105.29,105.44,3800,101.08
2010-01-08,105.46,105.46,105.18,105.39,10700,101.03
2010-01-07,105.35,105.35,105.02,105.14,2400,100.79
2010-01-06,105.43,105.43,105.03,105.12,6600,100.77
2010-01-05,105.39,105.45,105.04,105.10,7100,100.75
2010-01-04,104.97,105.15,104.72,105.13,115600,100.78
2009-12-31,104.78,104.90,104.20,104.86,6900,100.52
2009-12-30,104.75,105.09,104.71,105.09,25900,100.74
2009-12-29,104.84,104.92,104.43,104.80,16800,100.46
2009-12-28,105.00,105.09,104.79,104.93,9200,100.31
2009-12-24,105.04,105.50,105.04,105.17,11500,100.54
2009-12-23,105.35,105.62,105.13,105.25,12600,100.62
2009-12-22,105.30,105.52,105.13,105.26,15400,100.63
2009-12-21,105.73,105.98,105.45,105.45,14800,100.81
2009-12-18,106.50,106.51,105.96,106.00,5900,101.34
2009-12-17,106.27,106.38,105.89,106.19,46800,101.52
2009-12-16,106.16,106.23,105.87,106.05,9700,101.38
2009-12-15,105.84,105.94,105.68,105.73,3000,101.08
2009-12-14,106.00,106.11,105.88,105.97,2700,101.31
2009-12-11,105.73,105.96,105.60,105.96,11200,101.30
2009-12-10,106.21,106.21,105.89,105.96,5600,101.30
2009-12-09,106.25,106.38,106.05,106.05,8400,101.38
2009-12-08,106.68,106.98,106.16,106.20,3600,101.53
2009-12-07,105.72,106.29,105.72,106.07,7200,101.40
2009-12-04,105.67,106.14,105.67,105.89,4200,101.23
2009-12-03,106.00,106.63,106.00,106.18,5300,101.51
2009-12-02,106.80,106.85,106.60,106.67,4300,101.98
2009-12-01,106.75,107.05,106.72,106.72,6300,102.02
2009-11-30,107.36,107.47,107.13,107.21,12000,102.22
2009-11-27,107.35,107.35,106.71,106.71,900,101.74
2009-11-25,106.55,107.04,106.55,107.04,1000,102.06
2009-11-24,106.72,106.89,106.35,106.74,2200,101.77
2009-11-23,106.19,106.56,106.19,106.54,2500,101.58
2009-11-20,106.62,106.62,106.13,106.52,4600,101.56
2009-11-19,106.23,106.67,106.15,106.15,7800,101.21
2009-11-18,106.76,106.76,106.11,106.18,8000,101.24
2009-11-17,106.20,106.69,106.07,106.39,12100,101.44
2009-11-16,106.25,106.54,106.21,106.54,2400,101.58
2009-11-13,106.09,106.09,105.72,105.95,2200,101.02
2009-11-12,106.08,106.09,105.64,105.89,3900,100.96
2009-11-11,106.07,106.31,105.94,106.11,3400,101.17
2009-11-10,105.75,106.18,105.58,105.99,5400,101.06
2009-11-09,105.91,106.17,105.50,105.70,18400,100.78
2009-11-06,105.81,105.92,105.53,105.92,3100,100.99
2009-11-05,106.08,106.09,105.22,105.82,4300,100.89
2009-11-04,105.28,107.17,105.28,107.15,2200,102.16
2009-11-03,106.03,106.04,105.50,105.50,5400,100.59
2009-11-02,106.09,108.55,105.69,106.00,29900,101.07
2009-10-30,105.80,106.32,105.80,106.24,10600,101.01
2009-10-29,106.21,106.22,105.43,105.52,4200,100.32
2009-10-28,106.16,106.20,106.03,106.11,6200,100.89
2009-10-27,105.81,106.04,105.49,105.89,2000,100.68
2009-10-26,105.73,109.92,105.33,105.33,2500,100.14
2009-10-23,105.90,105.95,105.50,105.76,3000,100.55
2009-10-22,105.99,106.07,105.72,105.95,2500,100.73
2009-10-21,106.00,106.09,105.88,105.88,4900,100.67
2009-10-20,106.45,106.45,106.07,106.44,4600,101.20
2009-10-19,105.53,105.96,105.53,105.75,2800,100.54
2009-10-16,105.37,105.81,105.26,105.70,20000,100.50
2009-10-15,105.76,105.81,105.60,105.73,5300,100.52
2009-10-14,106.08,106.08,105.77,105.85,1800,100.64
2009-10-13,105.79,106.13,105.71,105.97,2000,100.75
2009-10-12,105.58,105.95,105.56,105.65,5500,100.45
2009-10-09,106.00,106.29,105.56,105.81,63900,100.60
2009-10-08,107.00,107.07,106.34,106.68,8000,101.43
2009-10-07,106.67,106.96,106.56,106.80,4500,101.54
2009-10-06,106.62,106.66,106.42,106.45,3700,101.21
2009-10-05,106.90,106.93,106.55,106.68,7300,101.43
2009-10-02,106.99,107.06,106.60,106.75,5800,101.49
2009-10-01,106.69,106.90,106.49,106.64,1700,101.39
2009-09-30,106.38,106.72,106.36,106.38,6200,100.86
2009-09-29,106.52,106.81,106.43,106.47,11400,100.95
2009-09-28,106.58,106.74,106.34,106.74,10400,101.20
2009-09-25,106.18,106.44,106.15,106.44,3700,100.92
2009-09-24,106.17,106.26,105.97,106.22,3400,100.71
2009-09-23,105.88,106.19,105.65,106.11,5900,100.60
2009-09-22,105.78,105.93,105.60,105.90,14900,100.40
2009-09-21,105.62,105.94,105.62,105.67,4700,100.19
2009-09-18,105.87,106.00,105.68,105.73,4200,100.24
2009-09-17,105.78,106.08,105.42,106.00,14900,100.50
2009-09-16,105.62,105.95,105.55,105.57,4500,100.09
2009-09-15,105.98,105.98,105.63,105.63,3700,100.15
2009-09-14,105.66,106.05,105.66,105.78,2000,100.29
2009-09-11,106.27,106.54,105.57,105.98,12900,100.48
2009-09-10,105.55,106.01,105.38,105.79,2200,100.30
2009-09-09,105.10,105.11,104.84,105.05,1500,99.60
2009-09-08,105.34,105.40,105.15,105.35,2200,99.88
2009-09-04,105.80,105.85,105.15,105.40,3800,99.93
2009-09-03,105.44,105.93,105.44,105.90,2800,100.40
2009-09-02,105.84,106.09,105.51,105.96,7500,100.46
2009-09-01,105.44,105.64,105.39,105.62,2600,100.14
2009-08-31,105.39,105.90,105.39,105.77,4100,100.28
2009-08-28,105.03,106.02,105.03,105.64,1300,100.16
2009-08-27,105.65,105.72,105.05,105.45,1400,99.98
2009-08-26,105.24,105.60,105.24,105.59,3600,100.11
2009-08-25,105.25,105.26,104.83,105.13,4200,99.67
2009-08-24,105.15,105.31,104.62,105.31,3600,99.85
2009-08-21,105.43,105.43,104.69,104.73,9100,99.30
2009-08-20,105.26,105.30,104.87,105.30,3800,99.84
2009-08-19,104.69,105.28,104.69,105.28,1400,99.82
2009-08-18,105.34,105.34,104.75,105.29,3500,99.83
2009-08-17,105.04,105.16,104.76,105.16,1700,99.70
2009-08-14,104.91,105.01,104.61,105.01,1200,99.56
2009-08-13,104.00,104.88,103.97,104.88,5400,99.44
2009-08-12,103.83,104.50,103.83,104.06,2500,98.66
2009-08-11,103.98,104.50,103.21,104.50,12000,99.08
2009-08-10,103.69,104.14,103.32,104.00,4800,98.60
2009-08-07,103.53,103.84,103.23,103.23,29400,97.87
2009-08-06,103.84,104.32,103.84,104.00,4600,98.60
2009-08-05,103.75,104.29,103.40,103.40,13000,98.03
2009-08-04,104.78,104.78,103.74,104.01,3300,98.61
2009-08-03,104.55,104.86,103.95,104.25,4100,98.84
2009-07-31,104.79,105.18,104.17,104.93,3000,99.48
2009-07-30,103.62,104.57,103.62,104.57,2600,99.14
2009-07-29,103.83,104.25,103.59,104.12,1600,98.72
2009-07-28,103.89,104.09,103.36,103.83,2700,98.44
2009-07-27,103.05,103.78,103.04,103.50,14800,98.13
2009-07-24,103.44,103.92,103.44,103.50,1500,98.13
2009-07-23,104.40,104.40,103.40,103.40,4900,98.03
2009-07-22,104.63,104.63,103.95,104.24,4200,98.83
2009-07-21,104.25,104.74,103.46,104.74,4500,99.30
2009-07-20,103.43,103.90,103.21,103.50,5100,98.13
2009-07-17,103.13,103.49,103.13,103.47,4300,98.10
2009-07-16,103.31,104.04,103.31,103.67,13800,98.29
2009-07-15,103.84,103.84,103.20,103.20,6700,97.84
2009-07-14,104.32,104.32,103.46,103.75,12800,98.37
2009-07-13,104.38,104.57,104.22,104.22,2900,98.81
2009-07-10,103.87,104.63,103.55,104.41,5000,98.99
2009-07-09,103.96,104.59,103.56,103.80,11000,98.41
2009-07-08,104.12,104.59,103.54,104.21,4200,98.80
2009-07-07,103.73,103.94,103.25,103.94,3700,98.55
2009-07-06,103.67,103.67,103.08,103.43,1400,98.06
2009-07-02,103.63,103.63,103.16,103.46,2500,98.09
2009-07-01,102.96,103.20,102.64,103.20,6400,97.84
2009-06-30,103.30,103.75,103.18,103.35,6700,97.70
2009-06-29,103.88,103.88,103.29,103.61,2900,97.94
2009-06-26,103.25,103.73,103.14,103.73,7600,98.06
2009-06-25,102.36,103.37,102.35,103.37,7500,97.72
2009-06-24,102.96,103.14,102.37,102.38,7500,96.78
2009-06-23,102.85,102.95,102.65,102.92,4000,97.29
2009-06-22,102.46,102.84,102.11,102.58,4500,96.97
2009-06-19,102.20,102.20,101.50,101.83,900,96.26
2009-06-18,101.93,102.56,101.26,101.73,39400,96.17
2009-06-17,102.61,102.89,102.40,102.47,4300,96.86
2009-06-16,102.43,103.34,101.89,102.25,20300,96.66
2009-06-15,102.29,102.39,101.89,102.34,9500,96.74
2009-06-12,102.10,102.86,101.74,102.14,2300,96.55
2009-06-11,101.48,102.04,101.19,101.81,7300,96.24
2009-06-10,101.76,101.76,101.13,101.34,10200,95.80
2009-06-09,101.24,101.99,101.24,101.61,7200,96.05
2009-06-08,101.30,101.45,101.02,101.02,2100,95.49
2009-06-05,101.80,101.80,101.10,101.34,13100,95.80
2009-06-04,102.64,102.64,101.90,101.90,4300,96.33
2009-06-03,102.84,102.84,102.18,102.28,2100,96.69
2009-06-02,101.78,102.43,101.74,102.39,8600,96.79
2009-06-01,102.20,102.40,101.75,101.90,3200,96.33
2009-05-29,102.48,103.04,102.02,103.04,7100,97.11
2009-05-28,101.60,102.15,101.52,101.90,5800,96.04
2009-05-27,102.82,102.82,101.47,101.76,19600,95.90
2009-05-26,102.98,102.98,102.33,102.55,21800,96.65
2009-05-22,102.52,102.96,102.43,102.73,2200,96.82
2009-05-21,102.65,103.66,102.20,102.57,9300,96.67
2009-05-20,103.22,103.76,102.99,103.57,6200,97.61
2009-05-19,102.79,103.28,102.66,103.06,8100,97.13
2009-05-18,103.63,103.64,102.90,103.36,4700,97.41
2009-05-15,103.50,104.24,103.16,103.51,7300,97.55
2009-05-14,103.48,103.77,103.40,103.50,4700,97.54
2009-05-13,104.47,104.47,103.14,103.14,6000,97.20
2009-05-12,103.48,103.57,102.90,103.33,3900,97.38
2009-05-11,103.28,103.28,102.62,103.10,9900,97.17
2009-05-08,104.79,104.81,102.35,102.65,4700,96.74
2009-05-07,102.73,103.71,102.28,102.54,14000,96.64
2009-05-06,102.75,103.54,102.41,102.95,4600,97.02
2009-05-05,102.37,103.38,102.37,102.44,4900,96.54
2009-05-04,102.55,102.55,102.00,102.35,2400,96.46
2009-05-01,103.04,103.04,101.92,102.45,4400,96.55
2009-04-30,102.53,102.70,102.28,102.65,3900,96.44
2009-04-29,103.00,103.00,102.75,102.75,4600,96.53
2009-04-28,103.54,103.54,102.36,102.36,16000,96.16
2009-04-27,102.69,103.05,102.62,103.01,3600,96.77
2009-04-24,102.31,102.81,102.24,102.55,7600,96.34
2009-04-23,102.79,102.90,102.51,102.51,6100,96.30
2009-04-22,102.59,102.70,102.41,102.63,4400,96.42
2009-04-21,103.32,103.32,102.57,102.87,3900,96.64
2009-04-20,103.06,103.23,103.02,103.13,3800,96.89
2009-04-17,102.75,102.92,102.34,102.69,4700,96.47
2009-04-16,102.75,102.75,102.21,102.40,7300,96.20
2009-04-15,102.86,103.15,102.65,103.08,4600,96.84
2009-04-14,102.87,103.03,102.56,102.80,2500,96.58
2009-04-13,102.58,102.73,102.24,102.71,4400,96.49
2009-04-09,102.02,102.20,101.98,102.20,4700,96.01
2009-04-08,102.24,102.39,101.97,102.03,900,95.85
2009-04-07,101.33,101.99,101.33,101.66,8100,95.51
2009-04-06,102.18,102.18,101.68,101.70,6100,95.54
2009-04-03,102.11,102.11,101.67,101.74,1000,95.58
2009-04-02,102.57,102.57,101.72,101.79,15300,95.63
2009-04-01,102.19,102.81,102.11,102.21,10500,96.02
2009-03-31,102.33,102.81,102.00,102.75,8300,96.21
2009-03-30,102.18,102.63,102.03,102.57,3800,96.04
2009-03-27,101.87,102.50,101.72,102.13,4000,95.63
2009-03-26,101.56,102.24,101.55,101.66,5100,95.19
2009-03-25,101.81,102.15,101.50,101.50,14500,95.04
2009-03-24,102.29,102.40,101.56,101.93,8300,95.44
2009-03-23,102.51,102.70,102.01,102.06,2100,95.56
2009-03-20,102.54,102.56,102.02,102.27,5300,95.76
2009-03-19,103.10,103.15,102.37,102.83,6600,96.28
2009-03-18,101.15,103.37,100.77,102.96,3400,96.40
2009-03-17,101.02,101.31,100.92,100.95,1100,94.52
2009-03-16,101.06,101.28,100.78,101.22,8000,94.78
2009-03-13,101.19,101.57,100.48,101.50,3000,95.04
2009-03-12,101.00,101.60,100.55,100.89,10400,94.47
2009-03-11,100.09,100.96,100.07,100.68,4900,94.27
2009-03-10,100.50,100.55,100.07,100.41,2200,94.02
2009-03-09,101.38,101.38,99.89,99.89,49000,93.53
2009-03-06,101.59,101.61,100.92,101.40,9100,94.94
2009-03-05,101.10,101.88,101.10,101.64,17800,95.17
2009-03-04,101.24,101.42,100.90,101.42,4700,94.96
2009-03-03,101.58,102.04,101.02,101.52,14100,95.06
2009-03-02,101.61,101.86,101.40,101.64,22400,95.17
2009-02-27,102.00,102.06,101.56,101.60,7300,94.83
2009-02-26,102.12,102.16,101.51,102.04,12600,95.24
2009-02-25,102.83,102.83,101.99,102.19,5600,95.38
2009-02-24,103.16,103.16,102.25,102.25,19000,95.44
2009-02-23,103.48,103.50,102.65,102.74,38000,95.90
2009-02-20,104.21,104.32,103.78,103.86,7800,96.94
2009-02-19,104.25,104.29,103.59,103.59,4300,96.69
2009-02-18,104.72,104.85,104.28,104.28,26500,97.33
2009-02-17,104.48,104.93,104.28,104.93,4400,97.94
2009-02-13,104.00,104.13,103.87,103.87,4300,96.95
2009-02-12,104.56,104.56,103.93,104.30,1900,97.35
2009-02-11,104.74,104.74,103.77,104.28,6400,97.33
2009-02-10,104.47,104.64,103.15,104.43,7600,97.47
2009-02-09,103.80,103.80,103.22,103.72,2700,96.81
2009-02-06,103.72,104.05,103.72,103.86,4200,96.94
2009-02-05,104.09,104.09,103.61,103.85,2100,96.93
2009-02-04,103.64,103.90,102.95,103.88,9000,96.96
2009-02-03,104.90,104.91,103.40,103.71,3700,96.80
2009-02-02,104.44,104.84,104.11,104.84,11000,97.86
2009-01-30,104.56,104.56,104.06,104.52,9800,97.22
2009-01-29,103.89,104.71,103.85,104.65,15000,97.34
2009-01-28,104.84,105.01,104.22,104.22,5900,96.94
2009-01-27,104.29,104.75,104.29,104.71,1100,97.40
2009-01-26,104.20,104.34,103.64,104.22,3300,96.94
2009-01-23,104.10,104.37,103.95,104.33,1800,97.05
2009-01-22,104.03,104.53,104.03,104.39,7300,97.10
2009-01-21,104.88,105.10,104.29,104.29,2800,97.01
2009-01-20,104.87,105.29,104.58,104.76,34600,97.45
2009-01-16,105.45,105.95,105.45,105.75,15400,98.37
2009-01-15,106.44,106.55,106.06,106.26,4300,98.84
2009-01-14,105.83,106.60,104.86,106.53,9000,99.09
2009-01-13,105.08,105.46,104.80,105.10,5500,97.76
2009-01-12,105.05,105.46,104.92,105.09,3000,97.75
2009-01-09,104.87,105.24,104.87,105.15,17700,97.81
2009-01-08,104.85,104.88,103.98,104.88,28300,97.56
2009-01-07,105.95,105.95,104.31,104.60,136500,97.30
2009-01-06,105.00,105.91,105.00,105.91,11000,98.52
2009-01-05,104.97,105.39,104.97,105.39,22000,98.03
2009-01-02,106.17,107.07,105.05,105.05,6900,97.72
2008-12-31,105.83,105.83,105.14,105.30,4900,97.95
2008-12-30,106.25,106.80,105.83,106.55,5200,99.11
2008-12-29,106.27,107.06,105.93,106.79,21400,99.34
2008-12-26,106.39,107.33,106.39,107.09,6400,99.26
2008-12-24,106.72,106.77,106.17,106.17,2800,98.40
2008-12-23,106.24,106.52,106.17,106.19,1800,98.42
2008-12-22,106.52,106.57,106.22,106.54,8000,98.75
2008-12-19,105.50,106.72,105.50,106.37,8900,98.59
2008-12-18,105.66,105.91,105.11,105.27,12900,97.57
2008-12-17,105.21,105.21,104.31,104.75,1600,97.09
2008-12-16,103.39,104.84,103.33,104.01,4000,96.40
2008-12-15,102.83,103.23,102.47,103.23,3600,95.68
2008-12-12,102.70,102.95,102.35,102.83,2000,95.31
2008-12-11,102.06,102.72,101.98,102.72,5100,95.21
2008-12-10,101.40,102.21,101.40,101.85,1900,94.40
2008-12-09,102.18,102.18,101.73,101.98,8400,94.52
2008-12-08,101.79,101.95,101.43,101.95,3200,94.49
2008-12-05,102.13,103.30,101.76,102.37,7500,94.88
2008-12-04,101.95,102.46,101.94,102.46,2400,94.97
2008-12-03,101.70,102.14,101.69,102.14,3500,94.67
2008-12-02,101.46,102.07,101.40,102.03,3100,94.57
2008-12-01,101.13,101.78,100.85,101.48,10000,94.06
2008-11-28,100.53,101.19,100.53,100.90,51500,93.16
2008-11-26,100.10,101.16,100.10,100.34,7400,92.64
2008-11-25,100.28,100.47,99.60,99.86,5200,92.20
2008-11-24,99.60,100.00,99.16,100.00,156600,92.33
2008-11-21,99.51,99.51,98.52,98.77,20800,91.19
2008-11-20,98.86,99.91,98.63,99.29,10900,91.67
2008-11-19,98.96,99.03,98.54,98.54,70000,90.98
2008-11-18,97.53,98.41,97.53,98.36,23900,90.81
2008-11-17,98.30,98.30,97.58,98.22,2000,90.68
2008-11-14,98.17,98.51,97.57,97.64,5000,90.15
2008-11-13,98.05,98.05,96.87,96.87,1800,89.44
2008-11-12,98.09,98.09,97.43,97.43,1900,89.95
2008-11-11,98.03,98.15,97.95,97.95,2300,90.43
2008-11-10,97.70,97.73,96.88,97.21,1100,89.75
2008-11-07,97.48,97.54,97.01,97.54,1400,90.06
2008-11-06,97.74,97.85,97.30,97.83,3600,90.32
2008-11-05,97.66,97.69,97.64,97.69,1000,90.19
2008-11-04,96.78,96.80,95.58,96.80,2400,89.37
2008-11-03,96.27,96.48,95.82,96.48,5300,89.08
2008-10-31,96.13,96.13,95.56,96.02,2800,88.30
2008-10-30,96.38,96.38,94.72,94.74,3700,87.12
2008-10-29,96.73,96.73,95.55,95.55,1500,87.86
2008-10-28,95.71,95.90,95.29,95.71,3300,88.01
2008-10-27,95.48,96.00,95.48,95.94,4600,88.22
2008-10-24,95.93,96.58,95.93,96.27,3300,88.53
2008-10-23,96.97,96.97,96.17,96.17,30800,88.44
2008-10-22,97.32,97.41,96.87,96.87,2200,89.08
2008-10-21,96.24,97.09,96.24,97.09,3200,89.28
2008-10-20,95.97,96.22,95.92,95.92,2300,88.21
2008-10-17,95.56,95.78,95.13,95.53,900,87.85
2008-10-16,95.86,95.86,94.68,95.77,2900,88.07
2008-10-15,94.15,95.77,94.15,95.04,2500,87.40
2008-10-14,94.04,95.24,94.04,94.75,3500,87.13
2008-10-13,92.82,93.75,92.82,93.75,1900,86.21
2008-10-10,95.47,95.47,92.75,93.69,8800,86.15
2008-10-09,95.56,96.01,95.04,95.25,13400,87.59
2008-10-08,99.57,99.57,96.35,96.42,7100,88.67
2008-10-07,98.15,99.27,97.43,98.16,5900,90.27
2008-10-06,99.32,99.51,98.10,98.22,15700,90.32
2008-10-03,99.55,99.55,98.50,98.82,1300,90.87
2008-10-02,98.92,98.95,98.85,98.88,1100,90.93
2008-10-01,99.03,99.03,98.07,98.25,9300,90.35
2008-09-30,99.32,99.32,98.45,98.45,4400,90.20
2008-09-29,99.19,101.98,99.19,99.46,2300,91.13
2008-09-26,99.85,99.85,98.79,99.28,7300,90.96
2008-09-25,100.19,100.19,98.92,99.18,5700,90.87
2008-09-24,100.10,100.35,99.64,100.09,2200,91.70
2008-09-23,99.93,100.04,99.67,99.67,1300,91.32
2008-09-22,101.16,101.52,99.23,100.17,2800,91.78
2008-09-19,100.91,101.72,99.54,101.66,41600,93.14
2008-09-18,101.36,101.36,100.58,100.58,14600,92.15
2008-09-17,102.03,102.25,101.77,101.77,12800,93.24
2008-09-16,103.45,103.45,101.68,101.97,18000,93.43
2008-09-15,102.46,103.00,102.32,102.95,9800,94.32
2008-09-12,102.68,102.68,101.97,102.08,13400,93.53
2008-09-11,102.84,102.94,102.53,102.67,8700,94.07
2008-09-10,102.76,102.96,102.74,102.84,11900,94.22
2008-09-09,102.64,103.10,102.64,103.05,1100,94.42
2008-09-08,102.35,102.66,102.15,102.43,7400,93.85
2008-09-05,102.90,103.06,102.58,102.60,6000,94.00
2008-09-04,102.63,102.77,102.58,102.76,5600,94.15
2008-09-03,102.40,102.60,102.40,102.57,13300,93.98
2008-09-02,102.12,102.41,102.12,102.38,20400,93.80
2008-08-29,102.80,102.80,102.12,102.37,11000,93.79
2008-08-28,102.32,102.51,102.32,102.50,1000,93.91
2008-08-27,101.87,102.58,101.87,102.52,10000,93.93
2008-08-26,102.44,102.47,102.27,102.47,2400,93.88
2008-08-25,102.54,102.55,102.39,102.51,2000,93.92
2008-08-22,102.26,102.26,101.80,102.04,1700,93.49
2008-08-21,102.44,102.44,102.01,102.16,2000,93.60
2008-08-20,102.27,102.51,102.27,102.51,5700,93.92
2008-08-19,102.27,102.27,102.06,102.06,2300,93.51
2008-08-18,102.14,102.31,102.14,102.22,2400,93.65
2008-08-15,102.12,102.19,102.01,102.14,3400,93.58
2008-08-14,102.32,102.32,101.54,101.94,2900,93.40
2008-08-13,102.07,102.07,101.68,101.79,3800,93.26
2008-08-12,101.57,101.90,101.57,101.74,600,93.22
2008-08-11,101.48,101.64,101.21,101.21,1500,92.73
2008-08-08,101.55,101.58,101.36,101.36,169600,92.87
2008-08-07,101.34,101.75,101.34,101.54,2900,93.03
2008-08-06,100.86,101.19,100.86,101.19,9300,92.71
2008-08-05,101.54,101.54,101.22,101.22,1400,92.74
2008-08-04,101.53,101.63,101.30,101.44,2200,92.94
2008-08-01,101.66,101.66,101.46,101.60,1200,93.09
2008-07-31,101.51,102.02,101.51,101.61,1300,92.76
2008-07-30,101.21,101.64,101.21,101.55,1400,92.70
2008-07-29,101.35,101.37,101.04,101.37,5900,92.54
2008-07-28,101.49,101.64,101.11,101.11,2300,92.30
2008-07-25,101.26,101.26,101.01,101.10,1300,92.29
2008-07-24,100.89,101.49,100.89,101.49,6900,92.65
2008-07-23,100.55,100.74,100.55,100.57,700,91.81
2008-07-22,100.93,100.93,100.64,100.64,700,91.87
2008-07-21,101.11,101.11,101.11,101.11,200,92.30
2008-07-18,100.86,101.11,100.86,100.95,900,92.16
2008-07-17,101.05,101.43,100.91,100.91,4500,92.12
2008-07-16,101.45,101.68,101.45,101.68,300,92.82
2008-07-15,102.45,102.45,102.20,102.20,4400,93.30
2008-07-14,102.16,102.28,101.99,102.12,32600,93.22
2008-07-11,102.01,102.25,101.68,101.73,14000,92.87
2008-07-10,102.39,102.41,102.31,102.31,2000,93.40
2008-07-09,102.22,102.22,101.89,102.13,5400,93.23
2008-07-08,101.97,101.97,101.95,101.95,300,93.07
2008-07-07,101.68,102.01,101.64,102.01,800,93.12
2008-07-03,101.79,101.79,101.40,101.40,2500,92.57
2008-07-02,101.80,101.81,101.62,101.77,2500,92.90
2008-07-01,102.32,102.32,101.60,101.60,1300,92.75
2008-06-30,102.10,102.20,102.10,102.13,600,92.89
2008-06-27,101.76,102.00,101.76,102.00,600,92.77
2008-06-26,101.97,101.97,101.64,101.67,2300,92.47
2008-06-25,101.56,101.56,101.01,101.01,2200,91.87
2008-06-24,101.46,101.67,101.20,101.67,2500,92.47
2008-06-23,101.35,101.42,101.19,101.29,700,92.13
2008-06-20,101.35,101.40,101.27,101.27,1100,92.11
2008-06-19,101.03,101.14,100.97,101.14,800,91.99
2008-06-18,101.07,101.55,101.02,101.52,19700,92.34
2008-06-17,101.11,101.17,100.90,100.90,1600,91.77
2008-06-16,100.87,100.87,100.87,100.87,400,91.75
2008-06-13,101.10,101.10,100.66,100.87,900,91.75
2008-06-12,101.43,101.46,100.81,100.81,4100,91.69
2008-06-11,101.87,101.87,101.87,101.87,500,92.66
2008-06-10,101.34,101.45,101.22,101.45,3100,92.27
2008-06-09,102.16,102.16,101.74,101.74,18700,92.54
2008-06-06,102.47,102.52,102.40,102.44,1300,93.17
2008-06-05,101.99,102.04,101.90,102.02,2400,92.79
2008-06-04,102.52,102.57,102.17,102.21,6700,92.96
2008-06-03,102.10,102.53,101.83,102.53,5100,93.26
2008-06-02,101.86,102.18,101.86,102.18,18500,92.94
2008-05-30,102.28,102.28,102.00,102.23,24800,92.98
2008-05-29,102.05,102.05,101.86,101.86,600,92.65
2008-05-28,102.61,102.61,102.23,102.27,5900,93.02
2008-05-27,103.02,103.02,102.55,102.80,2500,93.50
2008-05-23,102.91,103.33,102.91,103.23,8200,93.89
2008-05-22,103.16,103.17,102.56,102.83,8700,93.53
2008-05-21,103.12,103.52,103.12,103.45,8200,94.09
2008-05-20,103.46,103.55,103.17,103.34,2800,93.99
2008-05-19,103.35,103.35,103.00,103.00,3000,93.68
2008-05-16,103.52,103.52,103.40,103.40,500,94.05
2008-05-15,102.84,103.20,102.82,103.20,1800,93.87
2008-05-14,103.07,103.07,102.77,102.77,7000,93.47
2008-05-13,103.06,103.12,102.85,102.85,8600,93.55
2008-05-12,103.48,103.69,103.42,103.42,2300,94.07
2008-05-09,103.37,103.37,103.25,103.25,900,93.91
2008-05-08,103.15,103.29,103.15,103.23,1800,93.89
2008-05-07,102.60,103.04,102.60,103.04,4500,93.72
2008-05-06,103.21,103.21,103.21,103.21,1000,93.87
2008-05-05,102.92,103.09,102.73,103.06,1700,93.74
2008-05-02,103.10,103.11,102.69,103.05,5100,93.73
2008-05-01,103.77,103.77,103.26,103.41,2300,94.06
2008-04-30,103.49,103.78,103.16,103.78,2100,94.07
2008-04-29,103.35,103.43,103.33,103.36,30400,93.69
2008-04-28,102.60,103.16,102.60,103.16,2400,93.51
2008-04-25,102.89,102.89,102.56,102.81,1200,93.19
2008-04-24,102.99,102.99,102.71,102.90,7100,93.27
2008-04-23,103.20,103.44,103.20,103.44,300,93.76
2008-04-22,103.58,103.58,103.46,103.46,500,93.78
2008-04-21,103.33,103.45,103.33,103.42,2600,93.74
2008-04-18,102.68,103.12,102.67,103.02,7200,93.38
2008-04-17,103.24,103.31,103.24,103.31,1600,93.64
2008-04-16,103.83,103.83,103.27,103.27,700,93.61
2008-04-15,103.87,103.96,103.79,103.91,20800,94.19
2008-04-14,104.21,104.21,104.21,104.21,200,94.46
2008-04-11,104.47,104.63,104.30,104.30,20800,94.54
2008-04-10,104.44,104.44,104.16,104.16,6200,94.41
2008-04-09,104.09,104.45,104.09,104.45,300,94.68
2008-04-08,104.23,105.10,103.87,103.87,6200,94.15
2008-04-07,103.91,103.91,103.50,103.50,1800,93.82
2008-04-04,104.15,104.18,104.12,104.12,2400,94.38
2008-04-03,103.55,103.55,103.32,103.32,400,93.65
2008-04-02,103.76,103.76,103.54,103.58,2200,93.89
2008-04-01,103.75,103.75,103.50,103.51,23100,93.82
2008-03-31,104.55,104.55,104.52,104.52,1100,94.74
2008-03-28,104.30,104.55,104.30,104.55,500,94.77
2008-03-27,104.16,104.30,104.16,104.30,300,94.54
2008-03-26,104.42,104.42,104.12,104.12,9000,94.38
2008-03-25,103.72,104.21,103.61,103.82,4300,94.11
2008-03-24,103.98,104.20,102.89,104.00,10800,94.27
2008-03-20,104.60,104.73,104.55,104.55,2700,94.77
2008-03-19,104.45,104.73,104.45,104.73,600,94.93
2008-03-18,104.32,104.79,104.32,104.46,6000,94.69
2008-03-17,104.28,104.61,104.25,104.40,20900,94.63
2008-03-14,103.99,104.25,103.97,104.25,26500,94.50
2008-03-13,104.19,104.19,103.54,103.75,11700,94.04
2008-03-12,103.97,104.33,103.97,104.33,1100,94.57
2008-03-11,103.50,103.56,103.50,103.55,2100,93.86
2008-03-10,103.84,103.97,103.84,103.92,5100,94.20
2008-03-07,103.93,103.93,103.93,103.93,100,94.20
2008-03-06,103.89,103.89,103.89,103.89,100,94.17
2008-03-05,103.73,103.73,103.54,103.54,700,93.85
2008-03-04,104.52,104.52,104.26,104.26,6100,94.50
2008-03-03,104.37,104.51,104.28,104.30,2500,94.54
2008-02-29,104.64,104.83,104.64,104.72,1800,94.92
2008-02-28,104.01,104.13,103.99,104.13,2400,94.39
2008-02-27,103.61,103.61,103.24,103.35,9500,93.68
2008-02-26,103.06,103.25,103.06,103.17,600,93.52
2008-02-25,103.22,103.25,102.93,102.93,7700,93.30
2008-02-22,103.79,103.94,103.55,103.55,400,93.86
2008-02-21,103.25,103.83,103.20,103.81,4300,94.10
2008-02-20,102.73,103.07,102.73,102.96,1900,93.33
2008-02-19,103.17,103.21,103.01,103.13,2300,93.48
2008-02-15,103.67,103.74,103.57,103.68,1500,93.98
2008-02-14,103.52,103.56,103.15,103.42,34000,93.74
2008-02-13,103.89,104.02,103.88,103.88,29700,94.16
2008-02-12,103.96,104.03,103.79,104.03,6400,94.30
2008-02-11,104.23,104.35,104.21,104.30,6700,94.54
2008-02-08,103.78,104.09,103.78,104.09,1300,94.35
2008-02-07,104.20,104.30,103.42,103.69,61000,93.99
2008-02-06,104.37,104.37,104.27,104.27,300,94.51
2008-02-05,104.54,104.54,104.39,104.39,1000,94.62
2008-02-04,104.13,104.14,103.98,104.04,4600,94.30
2008-02-01,104.47,104.47,104.25,104.37,400,94.60
2008-01-31,104.65,104.65,104.23,104.43,1500,94.66
2008-01-30,104.21,104.21,104.21,104.21,300,94.46
2008-01-29,104.24,104.31,104.04,104.05,5600,94.31
2008-01-28,104.27,104.49,104.26,104.46,9400,94.69
2008-01-25,103.53,104.60,103.53,104.52,5500,94.74
2008-01-24,104.49,104.49,104.05,104.05,9400,94.31
2008-01-23,105.42,105.92,104.76,104.76,7300,94.96
2008-01-22,104.18,105.37,104.18,104.69,3300,94.89
2008-01-18,104.13,104.52,104.05,104.40,6300,94.63
2008-01-17,103.95,104.39,103.95,104.39,1900,94.62
2008-01-16,103.87,104.10,103.78,103.80,1900,94.09
2008-01-15,103.93,103.93,103.81,103.81,200,94.10
2008-01-14,103.58,103.82,103.58,103.69,10500,93.99
2008-01-11,103.34,103.62,103.34,103.62,2400,93.92
2008-01-10,103.46,103.46,102.90,103.15,2400,93.50
2008-01-09,103.58,103.64,103.45,103.45,2200,93.77
2008-01-08,103.15,103.49,103.15,103.49,7800,93.81
2008-01-07,103.24,103.45,103.24,103.45,2600,93.77
2008-01-04,103.34,103.37,103.04,103.25,14000,93.59
2008-01-03,102.89,102.90,102.71,102.90,1500,93.27
2008-01-02,102.62,102.91,102.52,102.91,25600,93.28
2007-12-31,102.25,102.26,102.00,102.00,44000,92.46
2007-12-28,101.86,102.04,101.85,101.91,58600,92.37
2007-12-27,101.35,101.52,101.33,101.52,2200,92.02
2007-12-26,101.69,101.80,101.43,101.43,6700,91.94
2007-12-24,101.76,101.81,101.65,101.65,5300,92.14
2007-12-21,102.01,102.06,102.00,102.06,1200,92.51
2007-12-20,102.44,102.63,102.43,102.43,3800,92.85
2007-12-19,102.03,102.22,101.78,102.18,3800,92.62
2007-12-18,101.43,101.43,101.43,101.43,000,91.94
2007-12-17,101.46,101.46,101.31,101.43,2800,91.94
2007-12-14,101.21,101.21,101.21,101.21,100,91.74
2007-12-13,101.49,101.49,101.46,101.46,1300,91.97
2007-12-12,101.64,102.29,101.54,102.23,6300,92.66
2007-12-11,101.74,102.52,101.74,102.52,400,92.93
2007-12-10,101.55,101.55,101.32,101.55,2500,92.05
2007-12-07,101.99,102.01,101.65,101.65,1300,92.14
2007-12-06,102.62,102.62,102.48,102.48,2000,92.89
2007-12-05,102.86,102.86,102.84,102.84,1900,93.22
2007-12-04,103.15,103.20,102.97,102.97,900,93.33
2007-12-03,102.96,103.06,102.95,103.04,3700,93.40
2007-11-30,102.50,102.83,102.50,102.83,400,92.86
2007-11-29,102.94,103.05,102.94,102.97,800,92.99
2007-11-28,102.83,102.83,102.58,102.60,5200,92.66
2007-11-27,103.08,103.09,102.80,102.80,3400,92.84
2007-11-26,102.96,103.20,102.95,103.20,4900,93.20
2007-11-23,102.54,102.54,102.54,102.54,000,92.60
2007-11-21,102.57,102.68,102.54,102.54,4200,92.60
2007-11-20,102.59,102.59,102.34,102.34,400,92.42
2007-11-19,102.39,102.61,102.35,102.55,6000,92.61
2007-11-16,102.18,102.24,101.98,101.98,11900,92.10
2007-11-15,101.76,101.80,101.76,101.80,13800,91.93
2007-11-14,101.42,101.56,101.41,101.54,7500,91.70
2007-11-13,101.75,101.77,101.75,101.75,1300,91.89
2007-11-12,101.84,101.85,101.84,101.84,1000,91.97
2007-11-09,101.50,101.50,101.50,101.50,000,91.66
2007-11-08,101.43,101.55,101.43,101.50,900,91.66
2007-11-07,101.24,101.55,101.24,101.55,1900,91.71
2007-11-06,101.20,101.40,101.17,101.17,1600,91.36
2007-11-05,101.59,101.59,101.09,101.09,43400,91.29
2007-11-02,101.35,101.49,101.35,101.49,9500,91.65
2007-11-01,101.16,101.39,101.16,101.39,5500,91.56
2007-10-31,101.50,101.52,101.22,101.22,1000,91.41
2007-10-30,101.57,101.59,101.43,101.44,2000,91.61
2007-10-29,101.48,101.59,101.48,101.59,600,91.74
2007-10-26,101.48,101.59,101.48,101.58,11800,91.73
2007-10-25,101.71,101.80,101.70,101.73,11500,91.87
2007-10-24,101.82,101.89,101.79,101.79,800,91.92
2007-10-23,101.34,101.34,101.28,101.28,300,91.46
2007-10-22,101.48,101.48,101.48,101.48,100,91.64
2007-10-19,101.11,101.50,101.07,101.50,119600,91.66
2007-10-18,101.05,101.05,100.94,100.97,1900,91.18
2007-10-17,100.30,100.91,100.30,100.91,900,91.13
2007-10-16,100.20,100.20,100.20,100.20,600,90.49
2007-10-15,99.96,100.10,99.96,100.06,800,90.36
2007-10-12,99.98,100.14,99.98,100.14,13200,90.43
2007-10-11,99.97,100.21,99.94,100.21,1300,90.50
2007-10-10,100.05,100.26,100.05,100.23,4900,90.52
2007-10-09,100.26,100.26,99.96,99.96,1800,90.27
2007-10-08,99.90,100.55,99.90,100.55,16900,90.80
2007-10-05,100.26,100.26,99.98,100.10,1500,90.40
2007-10-04,100.42,100.64,100.42,100.64,5600,90.89
2007-10-03,100.23,100.44,100.23,100.44,2800,90.71
2007-10-02,100.20,100.52,100.20,100.52,8600,90.78
2007-10-01,100.43,100.70,100.16,100.43,25100,90.70
2007-09-28,100.90,100.90,100.65,100.65,94600,90.54
2007-09-27,100.51,100.66,100.40,100.66,4400,90.54
2007-09-26,100.24,100.45,100.24,100.41,47900,90.32
2007-09-25,100.50,100.56,100.35,100.35,1400,90.27
2007-09-24,100.22,100.22,100.11,100.19,12000,90.12
2007-09-21,100.06,100.13,100.06,100.13,10200,90.07
2007-09-20,99.99,99.99,99.86,99.86,1700,89.82
2007-09-19,100.31,100.44,100.22,100.22,10400,90.15
2007-09-18,100.38,100.64,100.38,100.64,29000,90.53
2007-09-17,100.48,100.58,100.48,100.49,5800,90.39
2007-09-14,100.60,100.73,100.37,100.47,42100,90.37
2007-09-13,100.40,100.48,100.28,100.28,500,90.20
2007-09-12,100.81,100.81,100.74,100.76,1700,90.63
2007-09-11,100.87,100.98,100.78,100.78,2300,90.65
2007-09-10,100.97,100.97,100.97,100.97,12200,90.82
2007-09-07,100.57,100.89,100.57,100.71,6800,90.59
2007-09-06,100.38,100.38,100.13,100.24,10700,90.17
2007-09-05,100.12,100.23,100.12,100.23,4000,90.16
2007-09-04,99.96,99.96,99.93,99.94,10800,89.90
2007-08-31,100.51,100.71,100.38,100.57,22700,90.46
2007-08-30,100.46,100.46,100.46,100.46,300,90.36
2007-08-29,100.35,100.47,100.29,100.30,3900,90.22
2007-08-28,100.04,100.41,100.04,100.28,3800,90.20
2007-08-27,100.05,100.11,99.91,100.11,18700,90.05
2007-08-24,99.74,99.80,99.68,99.80,6100,89.77
2007-08-23,99.65,99.65,99.65,99.65,100,89.64
2007-08-22,99.60,99.79,99.49,99.69,3300,89.67
2007-08-21,99.91,99.92,99.76,99.79,2800,89.76
2007-08-20,99.71,99.71,99.71,99.71,100,89.69
2007-08-17,99.32,99.57,99.32,99.54,1800,89.54
2007-08-16,99.28,99.84,99.28,99.83,1900,89.80
2007-08-15,99.27,99.27,98.98,99.05,10100,89.10
2007-08-14,99.07,99.22,99.07,99.17,4300,89.20
2007-08-13,98.75,98.98,98.75,98.98,3000,89.03
2007-08-10,99.11,99.11,98.95,98.95,5300,89.01
2007-08-09,98.98,98.98,98.96,98.96,500,89.02
2007-08-08,98.72,98.75,98.71,98.75,1700,88.83
2007-08-07,99.22,99.24,98.94,99.01,3700,89.06
2007-08-06,99.06,99.11,98.94,98.94,2900,89.00
2007-08-03,99.07,99.41,99.07,99.36,15600,89.37
2007-08-02,98.87,98.89,98.87,98.89,5200,88.95
2007-08-01,99.00,99.07,98.94,98.94,27600,89.00
2007-07-31,98.90,99.23,98.86,99.23,4100,88.86
2007-07-30,99.20,99.26,99.08,99.14,1500,88.77
2007-07-27,99.40,99.40,99.04,99.24,12800,88.86
2007-07-26,99.27,99.44,99.27,99.31,800,88.93
2007-07-25,98.92,99.03,98.92,98.93,7000,88.59
2007-07-24,98.90,99.00,98.80,99.00,3300,88.65
2007-07-23,98.70,98.70,98.64,98.64,1000,88.33
2007-07-20,98.70,98.89,98.70,98.72,9100,88.40
2007-07-19,98.42,98.42,98.42,98.42,100,88.13
2007-07-18,98.41,98.51,98.35,98.50,361300,88.20
2007-07-17,98.46,98.46,98.20,98.30,22600,88.02
2007-07-16,98.30,98.48,98.19,98.48,13400,88.18
2007-07-13,98.20,98.20,98.13,98.13,9400,87.87
2007-07-12,98.60,98.60,98.12,98.12,1600,87.86
2007-07-11,98.65,98.65,98.17,98.17,6300,87.91
2007-07-10,98.31,98.32,98.22,98.32,6200,88.04
2007-07-09,98.06,98.06,97.87,97.97,4900,87.73
2007-07-06,97.99,97.99,97.76,97.76,6200,87.54
2007-07-05,98.20,98.27,98.00,98.00,5700,87.75
2007-07-03,98.71,98.71,98.25,98.35,80200,88.07
2007-07-02,98.52,98.55,98.38,98.48,24200,88.18
2007-06-29,98.50,98.85,98.50,98.85,25400,88.15
2007-06-28,98.56,98.58,98.42,98.50,51400,87.84
2007-06-27,98.90,98.90,98.49,98.61,565700,87.93
2007-06-26,98.60,98.65,98.55,98.65,3400,87.97
2007-06-25,98.56,98.68,98.56,98.68,2900,88.00
2007-06-22,98.20,98.45,98.20,98.45,8300,87.79
2007-06-21,98.34,98.38,98.34,98.34,1600,87.69
2007-06-20,98.45,98.45,98.30,98.40,6000,87.75
2007-06-19,98.62,98.62,98.39,98.55,24400,87.88
2007-06-18,98.11,98.28,98.10,98.28,2400,87.64
2007-06-15,98.04,98.27,98.04,98.23,6600,87.60
2007-06-14,98.15,98.15,97.86,97.90,13100,87.30
2007-06-13,97.56,98.13,97.56,97.98,431800,87.37
2007-06-12,97.78,97.87,97.50,97.50,20200,86.94
2007-06-11,98.24,98.27,98.19,98.27,2600,87.63
2007-06-08,98.12,98.30,98.10,98.30,4900,87.66
2007-06-07,98.60,98.60,98.32,98.32,24400,87.68
2007-06-06,98.76,99.02,98.70,98.90,172000,88.19
2007-06-05,98.90,98.90,98.63,98.63,3700,87.95
2007-06-04,98.90,98.90,98.84,98.84,300,88.14
2007-06-01,99.30,99.30,98.80,98.80,12900,88.10
2007-05-31,99.95,99.95,99.57,99.66,10900,88.48
2007-05-30,99.60,99.84,99.60,99.75,10300,88.56
2007-05-29,99.70,99.71,99.70,99.71,400,88.53
2007-05-25,99.98,99.98,99.59,99.67,3800,88.49
2007-05-24,99.78,99.78,99.73,99.73,3200,88.55
2007-05-23,100.00,100.00,99.73,99.77,6700,88.58
2007-05-22,99.95,100.04,99.85,99.86,3800,88.66
2007-05-21,99.94,100.15,99.94,100.06,19800,88.84
2007-05-18,100.18,100.21,99.98,100.08,78900,88.86
2007-05-17,100.35,100.35,100.12,100.25,2800,89.01
2007-05-16,100.31,100.31,100.30,100.30,400,89.05
2007-05-15,100.28,100.42,100.06,100.31,237400,89.06
2007-05-14,100.45,100.45,100.28,100.31,900,89.06
2007-05-11,100.66,100.66,100.47,100.47,11500,89.20
2007-05-10,100.75,100.75,100.54,100.66,9200,89.37
2007-05-09,100.65,100.65,100.51,100.51,3100,89.24
2007-05-08,100.60,100.72,100.59,100.66,151000,89.37
2007-05-07,100.59,101.05,100.30,100.70,98600,89.41
2007-05-04,100.27,100.27,100.27,100.27,000,89.03
2007-05-03,100.40,100.40,100.24,100.27,3000,89.03
2007-05-02,100.50,100.50,100.39,100.40,2900,89.14
2007-05-01,100.50,100.57,100.32,100.42,7500,89.16
2007-04-30,100.71,100.77,100.67,100.77,5100,89.47
2007-04-27,100.57,100.57,100.51,100.51,200,89.24
2007-04-26,100.53,100.55,100.52,100.52,2200,89.25
2007-04-25,100.80,100.81,100.72,100.72,600,89.42
2007-04-24,100.83,100.83,100.72,100.75,4200,89.45
2007-04-23,100.60,100.65,100.60,100.65,200,89.36
2007-04-20,100.42,100.59,100.37,100.59,300,89.31
2007-04-19,100.63,100.66,100.55,100.66,3900,89.37
2007-04-18,100.55,100.56,100.52,100.56,1800,89.28
2007-04-17,100.32,100.34,100.32,100.34,1300,89.09
2007-04-16,100.08,100.13,100.08,100.13,2700,88.90
2007-04-13,100.51,100.51,100.03,100.17,15500,88.94
2007-04-12,99.97,99.97,99.97,99.97,4000,88.76
2007-04-11,100.29,100.29,100.12,100.12,4100,88.89
2007-04-10,100.21,100.21,100.12,100.12,1100,88.89
2007-04-09,100.01,100.16,99.94,100.08,5000,88.86
2007-04-05,100.49,100.49,100.40,100.40,600,89.14
2007-04-04,100.48,100.51,100.48,100.50,900,89.23
2007-04-03,100.24,100.24,100.17,100.17,1500,88.94
2007-04-02,100.52,100.52,100.39,100.40,6800,89.14
2007-03-30,100.74,100.98,100.70,100.85,17000,89.54
2007-03-29,100.86,100.86,100.79,100.79,2100,89.49
2007-03-28,100.84,100.84,100.78,100.79,7900,89.49
2007-03-27,100.90,100.91,100.90,100.91,2300,89.59
2007-03-26,100.99,100.99,100.97,100.97,600,89.65
2007-03-23,100.91,100.93,100.86,100.88,4900,89.57
2007-03-22,101.06,101.07,100.93,100.93,2600,89.61
2007-03-21,101.00,101.29,100.89,101.29,12400,89.93
2007-03-20,101.01,101.14,100.97,101.01,13700,89.68
2007-03-19,100.94,100.94,100.94,100.94,100,89.62
2007-03-16,100.99,101.03,100.99,101.03,2200,89.70
2007-03-15,101.05,101.13,101.04,101.07,5400,89.74
2007-03-14,101.05,101.35,100.84,101.06,15800,89.73
2007-03-13,101.15,101.16,101.02,101.16,8400,89.82
2007-03-12,100.90,100.99,100.86,100.87,10600,89.56
2007-03-09,100.64,100.82,100.64,100.67,10800,89.38
2007-03-08,101.07,101.07,101.03,101.03,1300,89.70
2007-03-07,101.09,101.10,101.09,101.10,800,89.76
2007-03-06,101.06,101.06,101.06,101.06,200,89.73
2007-03-05,101.10,101.10,101.09,101.09,1100,89.75
2007-03-02,100.93,101.10,100.93,101.10,4600,89.76
2007-03-01,101.10,101.10,100.92,100.92,2200,89.60
2007-02-28,101.45,101.45,100.70,101.26,28200,89.56
2007-02-27,101.20,101.20,101.11,101.20,1300,89.51
2007-02-26,100.87,100.92,100.83,100.92,3400,89.26
2007-02-23,100.62,100.71,100.62,100.71,3900,89.07
2007-02-22,100.53,100.53,100.42,100.43,2100,88.82
2007-02-21,100.58,100.61,100.55,100.61,900,88.98
2007-02-20,100.60,100.60,100.60,100.60,000,88.97
2007-02-16,100.60,100.60,100.60,100.60,000,88.97
2007-02-15,100.61,100.61,100.50,100.60,1200,88.97
2007-02-14,100.16,100.24,100.16,100.24,4500,88.66
2007-02-13,100.10,100.12,100.00,100.00,1700,88.44
2007-02-12,100.25,100.25,100.00,100.00,9600,88.44
2007-02-09,100.07,100.07,100.07,100.07,600,88.51
2007-02-08,100.13,100.13,100.13,100.13,000,88.56
2007-02-07,100.13,100.13,100.13,100.13,2600,88.56
2007-02-06,99.85,100.08,99.85,100.08,7100,88.51
2007-02-05,99.76,99.76,99.76,99.76,2000,88.23
2007-02-02,99.65,99.65,99.65,99.65,000,88.13
2007-02-01,99.96,100.16,99.65,99.65,2500,88.13
2007-01-31,99.70,99.70,99.70,99.70,000,87.95
2007-01-30,99.54,99.70,99.54,99.70,500,87.95
2007-01-29,99.54,99.54,99.54,99.54,1700,87.81
2007-01-26,99.54,99.55,99.53,99.53,4200,87.80
2007-01-25,99.79,99.79,99.58,99.58,3600,87.85
2007-01-24,99.86,99.86,99.86,99.86,9200,88.09
2007-01-23,99.90,99.90,99.82,99.82,200,88.06
2007-01-22,99.99,100.02,99.97,100.02,1300,88.24
2007-01-19,99.99,99.99,99.90,99.96,1800,88.18
2007-01-18,99.84,99.99,99.84,99.99,11000,88.21
2007-01-17,99.93,99.93,99.93,99.93,000,88.16
2007-01-16,99.93,99.93,99.93,99.93,14000,88.16
2007-01-12,100.00,100.00,99.95,99.95,40300,88.17
2007-01-11,100.38,100.38,100.24,100.24,60200,88.43