2011-05-10,25.94,26.15,25.92,26.15,8700,26.15
2011-05-09,25.93,25.93,25.75,25.92,3000,25.92
2011-05-06,26.04,26.08,25.40,25.49,4500,25.49
2011-05-05,26.06,26.06,25.63,25.68,5600,25.68
2011-05-04,26.80,26.80,26.30,26.30,1200,26.30
2011-05-03,26.79,26.81,26.52,26.57,18000,26.57
2011-05-02,27.17,27.17,26.87,26.88,8500,26.88
2011-04-29,26.86,26.97,26.76,26.97,11000,26.97
2011-04-28,26.64,26.72,26.44,26.72,8600,26.72
2011-04-27,26.46,26.65,26.20,26.65,1900,26.65
2011-04-26,26.10,26.24,26.05,26.24,9700,26.24
2011-04-25,26.10,26.10,25.85,26.01,7500,26.01
2011-04-21,25.84,25.92,25.84,25.86,1400,25.86
2011-04-20,25.64,25.69,25.64,25.69,1600,25.69
2011-04-19,25.00,25.07,24.90,25.07,1200,25.07
2011-04-18,24.98,24.98,24.43,24.67,5100,24.67
2011-04-15,25.45,25.50,25.45,25.47,1600,25.47
2011-04-14,25.37,25.60,25.26,25.60,7500,25.60
2011-04-13,25.81,25.81,25.44,25.50,1500,25.50
2011-04-12,25.42,25.55,25.34,25.40,10800,25.40
2011-04-11,25.93,25.93,25.64,25.71,8300,25.71
2011-04-08,25.98,25.98,25.74,25.74,4200,25.74
2011-04-07,25.65,25.65,25.50,25.65,9600,25.65
2011-04-06,25.63,25.70,25.57,25.67,13600,25.67
2011-04-05,25.23,25.45,25.23,25.34,19200,25.34