2011-05-10,17.12,17.12,16.78,16.90,24400,16.90
2011-05-09,16.72,16.91,16.66,16.90,41000,16.90
2011-05-06,16.66,16.86,16.51,16.58,51100,16.58
2011-05-05,16.74,16.89,16.10,16.19,72100,16.19
2011-05-04,17.37,17.37,16.75,17.04,87000,17.04
2011-05-03,17.99,17.99,17.26,17.36,95000,17.36
2011-05-02,18.41,18.62,18.01,18.12,91000,18.12
2011-04-29,18.54,18.75,18.34,18.71,81000,18.71
2011-04-28,18.63,18.85,18.55,18.64,65900,18.64
2011-04-27,18.23,18.64,17.91,18.63,55200,18.63
2011-04-26,18.44,18.44,18.05,18.19,59000,18.19
2011-04-25,18.61,18.76,18.29,18.43,36000,18.43
2011-04-21,18.89,18.90,18.64,18.70,23100,18.70
2011-04-20,18.48,18.82,18.48,18.73,29000,18.73
2011-04-19,18.15,18.23,18.03,18.21,15800,18.21
2011-04-18,18.38,18.38,17.82,18.14,42000,18.14
2011-04-15,18.53,18.66,18.47,18.52,51100,18.52
2011-04-14,18.49,18.69,18.44,18.67,21400,18.67
2011-04-13,18.15,18.41,18.13,18.25,8700,18.25
2011-04-12,18.40,18.47,17.89,18.07,25600,18.07
2011-04-11,19.28,19.28,18.50,18.62,48000,18.62
2011-04-08,19.10,19.36,19.09,19.22,31700,19.22
2011-04-07,18.80,19.00,18.73,18.80,13200,18.80
2011-04-06,19.10,19.10,18.74,18.76,31800,18.76
2011-04-05,18.12,18.91,17.98,18.91,57400,18.91
2011-04-04,18.23,18.23,18.05,18.10,13700,18.10
2011-04-01,18.03,18.15,18.00,18.09,9900,18.09
2011-03-31,18.00,18.27,18.00,18.18,21900,18.18
2011-03-30,17.79,18.00,17.73,17.84,12300,17.84
2011-03-29,17.52,17.83,17.52,17.71,7500,17.71
2011-03-28,18.01,18.01,17.73,17.73,19100,17.73
2011-03-25,18.10,18.27,17.91,18.01,28000,18.01
2011-03-24,18.50,18.53,18.10,18.11,21200,18.11
2011-03-23,17.85,18.39,17.85,18.31,22200,18.31
2011-03-22,17.72,17.89,17.72,17.89,10600,17.89
2011-03-21,17.88,17.88,17.65,17.73,22700,17.73
2011-03-18,17.03,17.45,17.03,17.36,65800,17.36
2011-03-17,16.55,16.83,16.53,16.77,34500,16.77
2011-03-16,16.99,16.99,16.27,16.51,84200,16.51
2011-03-15,16.22,16.75,15.91,16.74,42600,16.74
2011-03-14,17.58,17.58,17.05,17.32,19000,17.32
2011-03-11,17.01,17.66,17.00,17.64,36800,17.64
2011-03-10,17.56,17.56,17.07,17.22,34500,17.22
2011-03-09,18.30,18.31,17.96,17.96,18000,17.96
2011-03-08,18.53,18.53,18.33,18.37,27600,18.37
2011-03-07,19.08,19.11,18.55,18.68,54600,18.68
2011-03-04,18.62,18.89,18.62,18.87,22400,18.87
2011-03-03,18.53,18.58,18.39,18.45,69900,18.45
2011-03-02,18.71,18.82,18.67,18.71,32300,18.71
2011-03-01,18.58,18.74,18.41,18.71,27500,18.71
2011-02-28,18.39,18.41,18.16,18.32,17100,18.32
2011-02-25,17.70,18.12,17.70,18.12,27300,18.12
2011-02-24,18.26,18.26,17.59,17.62,55500,17.62
2011-02-23,18.10,18.23,18.01,18.22,39400,18.22
2011-02-22,18.67,18.75,18.07,18.07,39600,18.07
2011-02-18,18.51,18.66,18.43,18.52,31500,18.52
2011-02-17,18.58,18.69,18.55,18.55,25500,18.55
2011-02-16,18.40,18.67,18.15,18.58,25200,18.58
2011-02-15,18.31,18.45,18.28,18.38,29200,18.38
2011-02-14,18.35,18.35,18.16,18.20,9000,18.20
2011-02-11,18.05,18.22,18.03,18.05,16700,18.05
2011-02-10,18.03,18.10,17.81,18.02,29500,18.02
2011-02-09,18.80,18.82,18.20,18.27,29200,18.27
2011-02-08,18.98,18.98,18.58,18.81,32500,18.81
2011-02-07,18.50,18.56,18.34,18.41,34800,18.41
2011-02-04,18.44,18.54,18.21,18.38,31200,18.38
2011-02-03,17.50,18.25,17.40,18.22,65100,18.22
2011-02-02,17.18,17.18,16.93,17.06,28600,17.06
2011-02-01,16.96,17.18,16.72,17.17,17000,17.17
2011-01-31,16.94,16.94,16.50,16.53,19600,16.53
2011-01-28,16.45,16.98,16.45,16.88,73000,16.88
2011-01-27,16.83,17.12,16.47,16.55,51400,16.55
2011-01-26,16.05,16.91,16.05,16.91,25600,16.91
2011-01-25,16.17,16.17,15.87,16.13,37200,16.13
2011-01-24,16.42,16.54,16.25,16.27,15100,16.27
2011-01-21,16.61,16.69,16.36,16.38,55600,16.38
2011-01-20,16.80,16.80,16.32,16.61,74800,16.61
2011-01-19,17.27,17.52,17.10,17.14,23600,17.14
2011-01-18,17.34,17.44,17.13,17.26,21400,17.26
2011-01-14,17.16,17.32,17.10,17.25,36000,17.25
2011-01-13,18.20,18.20,17.52,17.54,20900,17.54
2011-01-12,17.98,18.12,17.80,18.04,38000,18.04
2011-01-11,17.70,18.00,17.64,17.80,19200,17.80
2011-01-10,17.44,17.54,17.12,17.44,22500,17.44
2011-01-07,17.27,17.51,17.08,17.26,101600,17.26
2011-01-06,18.01,18.01,17.34,17.40,39700,17.40
2011-01-05,17.90,18.08,17.67,18.02,36500,18.02
2011-01-04,18.80,18.80,17.76,18.13,67700,18.13
2011-01-03,19.37,19.37,18.90,18.90,86900,18.90
2010-12-31,18.65,19.10,18.65,19.00,36900,19.00
2010-12-30,18.54,18.83,18.52,18.57,37600,18.57
2010-12-29,19.00,19.12,18.69,18.70,29800,18.70
2010-12-28,19.00,19.00,18.38,18.88,42600,18.88
2010-12-27,18.15,18.24,18.05,18.15,44300,18.15
2010-12-23,17.97,18.31,17.80,18.09,12800,18.09
2010-12-22,18.51,18.51,17.85,17.88,33900,17.88
2010-12-21,18.20,18.36,18.14,18.30,34100,18.30
2010-12-20,18.35,18.35,17.94,18.26,23200,18.26
2010-12-17,17.56,18.22,17.56,18.00,22900,18.00
2010-12-16,17.82,17.94,17.62,17.86,57300,17.86
2010-12-15,18.30,18.32,17.88,17.98,46600,17.98
2010-12-14,18.45,18.51,18.25,18.32,61800,18.32
2010-12-13,18.30,18.59,18.30,18.33,68300,18.33
2010-12-10,17.88,18.02,17.57,18.01,61100,18.01
2010-12-09,18.20,18.23,17.88,17.89,63200,17.89
2010-12-08,18.06,18.18,17.63,17.99,94200,17.99
2010-12-07,19.29,19.29,18.32,18.39,98900,18.39
2010-12-06,18.53,18.84,18.53,18.84,71700,18.84
2010-12-03,18.31,18.52,18.31,18.46,67600,18.46
2010-12-02,18.12,18.42,17.95,18.23,111200,18.23
2010-12-01,18.00,18.19,17.64,17.90,149600,17.90
2010-11-30,17.35,17.77,17.33,17.74,87600,17.74
2010-11-29,16.75,17.20,16.62,17.20,74500,17.20
2010-11-26,16.59,16.84,16.59,16.83,26800,16.83
2010-11-24,16.85,16.90,16.74,16.83,75800,16.83
2010-11-23,16.80,16.80,16.29,16.60,35900,16.60
2010-11-22,16.18,16.82,16.18,16.81,64200,16.81
2010-11-19,16.68,16.68,16.25,16.60,24400,16.60
2010-11-18,16.62,16.62,16.43,16.46,48100,16.46
2010-11-17,15.96,16.29,15.79,16.14,32700,16.14
2010-11-16,16.40,16.40,15.48,15.58,161700,15.58
2010-11-15,16.65,16.65,16.31,16.36,34200,16.36
2010-11-12,17.01,17.16,16.30,16.59,78500,16.59
2010-11-11,17.28,17.32,16.78,17.13,70100,17.13
2010-11-10,16.91,17.07,16.23,17.07,157000,17.07
2010-11-09,17.98,17.98,16.35,16.46,355800,16.46
2010-11-08,17.00,17.40,16.66,17.33,283000,17.33
2010-11-05,17.00,17.00,16.60,16.80,182400,16.80
2010-11-04,16.10,16.88,16.10,16.59,366800,16.59