2011-05-10,61.27,61.39,60.84,61.31,16000,61.31
2011-05-09,60.24,61.04,60.24,61.02,34000,61.02
2011-05-06,60.83,61.10,59.99,60.16,16600,60.16
2011-05-05,60.16,60.75,59.45,59.80,29900,59.80
2011-05-04,62.00,62.00,60.70,61.20,29000,61.20
2011-05-03,63.00,63.05,62.00,62.37,26000,62.37
2011-05-02,64.24,64.45,63.69,63.73,7700,63.73
2011-04-29,63.65,64.14,63.56,64.10,15000,64.10
2011-04-28,63.74,63.81,63.35,63.58,8200,63.58
2011-04-27,63.52,63.95,62.91,63.87,10100,63.87
2011-04-26,63.64,63.78,63.20,63.73,53000,63.73
2011-04-25,63.92,63.92,63.09,63.38,23100,63.38
2011-04-21,63.88,63.88,63.47,63.71,10100,63.71
2011-04-20,63.20,63.30,62.94,63.19,12500,63.19
2011-04-19,61.27,61.81,61.27,61.78,11800,61.78
2011-04-18,61.19,61.19,60.36,60.76,22400,60.76
2011-04-15,61.89,62.36,61.89,62.02,13300,62.02
2011-04-14,61.84,62.27,61.56,62.22,25800,62.22
2011-04-13,62.51,62.75,61.85,62.21,24700,62.21
2011-04-12,62.85,62.85,62.04,62.27,41400,62.27
2011-04-11,64.39,64.45,63.49,63.63,16700,63.63
2011-04-08,64.62,64.62,63.86,64.16,15900,64.16
2011-04-07,64.13,64.13,63.42,63.78,38700,63.78
2011-04-06,64.69,64.69,64.00,64.21,24800,64.21
2011-04-05,63.98,64.51,63.83,64.40,14800,64.40
2011-04-04,64.11,64.11,63.84,64.02,627500,64.02
2011-04-01,63.44,63.77,63.15,63.59,177400,63.59
2011-03-31,62.88,63.10,62.75,62.84,16700,62.84
2011-03-30,62.49,62.71,62.27,62.68,20200,62.68
2011-03-29,61.57,62.01,61.16,61.99,22200,61.99
2011-03-28,62.00,62.09,61.52,61.52,20400,61.52
2011-03-25,61.92,62.36,61.73,61.91,34600,61.91
2011-03-24,61.58,61.96,61.37,61.86,16400,61.86
2011-03-23,60.50,61.40,60.50,61.34,22900,61.34
2011-03-22,61.05,61.05,60.50,60.74,21800,60.74
2011-03-21,60.87,60.88,60.54,60.69,14600,60.69
2011-03-18,59.83,60.26,59.72,59.72,15200,59.72
2011-03-17,59.03,59.46,58.98,59.22,109500,59.22
2011-03-16,58.83,59.41,57.21,58.00,26100,58.00
2011-03-15,57.35,59.04,56.55,59.00,58100,59.00
2011-03-14,59.19,59.77,59.13,59.77,25800,59.77
2011-03-11,58.90,59.98,58.65,59.87,23900,59.87
2011-03-10,60.22,60.22,59.14,59.19,51600,59.19
2011-03-09,61.65,61.65,61.10,61.25,10000,61.25
2011-03-08,62.09,62.09,61.36,61.92,16400,61.92
2011-03-07,63.40,63.42,61.92,62.25,80100,62.25
2011-03-04,63.20,63.21,62.46,62.57,17900,62.57
2011-03-03,62.92,63.18,62.71,63.16,16900,63.16
2011-03-02,61.84,62.35,61.78,62.11,10300,62.11
2011-03-01,62.99,62.99,61.71,61.76,46900,61.76
2011-02-28,62.68,62.75,62.24,62.64,20900,62.64
2011-02-25,61.69,62.10,61.60,62.10,9000,62.10
2011-02-24,61.45,61.52,60.63,61.13,21500,61.13
2011-02-23,60.88,61.15,60.32,61.01,27500,61.01
2011-02-22,61.39,61.82,60.55,60.58,37700,60.58
2011-02-18,62.10,62.46,61.83,62.08,65500,62.08
2011-02-17,61.90,62.50,61.68,62.45,380600,62.45
2011-02-16,61.88,62.30,61.72,62.28,17300,62.28
2011-02-15,62.24,62.26,61.60,61.70,21000,61.70
2011-02-14,62.10,62.41,61.96,62.38,27700,62.38
2011-02-11,62.26,62.26,61.34,61.90,28000,61.90
2011-02-10,60.61,61.59,60.61,61.40,12200,61.40
2011-02-09,62.00,62.00,61.35,61.47,14100,61.47
2011-02-08,63.24,63.24,61.65,62.09,18200,62.09
2011-02-07,61.97,62.26,61.89,62.06,14900,62.06
2011-02-04,62.05,62.05,61.49,61.82,9700,61.82
2011-02-03,61.82,61.93,61.16,61.93,18600,61.93
2011-02-02,61.93,62.19,61.59,61.93,16000,61.93
2011-02-01,61.18,61.95,61.18,61.95,36100,61.95
2011-01-31,59.21,60.20,59.21,60.20,8600,60.20
2011-01-28,60.19,60.19,59.12,59.20,38800,59.20
2011-01-27,60.77,60.77,60.00,60.37,54500,60.37
2011-01-26,60.03,60.39,59.74,60.39,14700,60.39
2011-01-25,59.53,59.53,58.88,59.35,12700,59.35
2011-01-24,59.15,59.73,59.15,59.68,15600,59.68
2011-01-21,59.50,59.64,59.00,59.00,26000,59.00
2011-01-20,59.46,59.46,58.16,58.94,23900,58.94
2011-01-19,61.15,61.22,59.77,60.00,34600,60.00
2011-01-18,60.98,61.09,60.81,60.86,13800,60.86
2011-01-14,60.29,60.70,60.09,60.69,24300,60.69
2011-01-13,61.07,61.07,60.21,60.45,19100,60.45
2011-01-12,60.45,60.71,60.00,60.68,17300,60.68
2011-01-11,59.39,59.45,59.13,59.42,21100,59.42
2011-01-10,58.20,58.78,58.20,58.78,32700,58.78
2011-01-07,59.00,59.31,58.50,58.91,70600,58.91
2011-01-06,60.54,60.73,58.99,59.17,54700,59.17
2011-01-05,59.34,59.93,58.89,59.58,73500,59.58
2011-01-04,61.13,61.13,58.81,59.43,46000,59.43
2011-01-03,60.79,60.79,59.23,59.68,59900,59.68
2010-12-31,59.07,59.29,58.82,59.23,12600,59.23
2010-12-30,58.90,59.07,58.77,59.00,27400,59.00
2010-12-29,58.10,58.97,58.10,58.90,17500,58.90
2010-12-28,63.46,63.46,57.90,58.10,18100,58.10
2010-12-27,58.11,58.11,57.67,57.92,16800,57.92
2010-12-23,57.91,58.03,57.70,57.93,10100,57.93
2010-12-22,57.86,57.86,57.59,57.79,49600,57.79
2010-12-21,57.45,57.74,57.45,57.63,31100,57.63
2010-12-20,56.96,57.33,56.66,57.01,40900,57.01
2010-12-17,57.00,57.00,56.44,56.75,20500,56.75
2010-12-16,56.68,56.78,56.25,56.78,33500,56.65
2010-12-15,57.03,57.15,56.53,56.62,123900,56.49
2010-12-14,57.55,57.61,56.94,57.19,20600,57.06
2010-12-13,57.30,57.62,57.27,57.29,23000,57.16
2010-12-10,56.42,56.83,55.99,56.82,22200,56.69
2010-12-09,56.51,56.66,56.11,56.30,18300,56.17
2010-12-08,56.82,56.82,56.12,56.32,15500,56.19
2010-12-07,57.66,57.66,56.63,56.72,45000,56.59
2010-12-06,56.50,56.75,56.45,56.68,13000,56.55
2010-12-03,56.11,56.41,55.88,56.41,15600,56.28
2010-12-02,55.39,55.87,55.39,55.78,12100,55.66
2010-12-01,54.00,54.81,54.00,54.79,4000,54.67
2010-11-30,53.38,53.65,53.25,53.25,9800,53.13
2010-11-29,53.56,53.75,52.71,53.75,16500,53.63
2010-11-26,54.04,54.05,53.96,53.96,1200,53.84
2010-11-24,54.29,54.57,54.08,54.57,12200,54.45
2010-11-23,53.77,53.92,53.35,53.56,42000,53.44
2010-11-22,55.21,55.21,54.32,54.94,10200,54.82
2010-11-19,54.80,55.04,54.75,55.00,10500,54.88
2010-11-18,54.70,55.23,54.70,55.12,5800,55.00
2010-11-17,53.63,54.25,53.61,53.94,40600,53.82
2010-11-16,54.50,54.53,53.40,53.79,25800,53.67
2010-11-15,56.06,56.10,55.40,55.41,26600,55.29
2010-11-12,56.53,56.53,55.50,55.94,35500,55.81
2010-11-11,56.69,56.90,56.44,56.86,23500,56.73
2010-11-10,56.50,56.79,55.85,56.79,65800,56.66
2010-11-09,57.35,57.77,56.38,56.54,29200,56.41
2010-11-08,56.75,56.98,56.57,56.95,18000,56.82
2010-11-05,56.90,57.30,56.87,57.06,29400,56.93
2010-11-04,56.33,56.87,56.30,56.84,25700,56.71
2010-11-03,55.21,55.21,54.40,55.12,27400,55.00
2010-11-02,54.97,55.10,54.80,55.02,16000,54.90
2010-11-01,54.65,54.74,54.14,54.20,15100,54.08
2010-10-29,53.88,54.32,53.88,54.31,12100,54.19
2010-10-28,54.21,54.21,53.75,53.98,14600,53.86
2010-10-27,54.00,54.00,53.26,53.74,6700,53.62
2010-10-26,54.10,54.40,53.96,54.39,7100,54.27
2010-10-25,55.15,55.15,54.41,54.48,13500,54.36
2010-10-22,54.21,54.21,53.60,53.80,12900,53.68
2010-10-21,54.13,54.29,53.28,53.31,13200,53.19
2010-10-20,53.38,53.84,53.30,53.82,5500,53.70
2010-10-19,52.87,53.41,52.60,52.60,21400,52.48
2010-10-18,54.23,54.50,54.15,54.47,25800,54.35
2010-10-15,54.59,54.59,54.20,54.49,15600,54.37
2010-10-14,54.45,54.72,54.26,54.45,6100,54.33
2010-10-13,53.78,54.56,53.78,54.17,14300,54.05
2010-10-12,53.00,53.48,52.89,53.48,3900,53.36
2010-10-11,53.58,53.66,53.41,53.53,15700,53.41
2010-10-08,52.43,53.50,52.43,53.42,13500,53.30
2010-10-07,53.13,53.13,52.32,52.48,16200,52.36
2010-10-06,52.63,52.94,52.50,52.81,10200,52.69
2010-10-05,51.70,52.41,51.40,52.30,30500,52.18
2010-10-04,51.48,51.48,50.84,50.84,16400,50.73
2010-10-01,51.32,51.71,51.28,51.71,9400,51.59
2010-09-30,51.59,51.59,50.63,51.01,24700,50.90
2010-09-29,51.05,51.39,50.91,51.15,19500,51.04
2010-09-28,50.32,51.29,50.32,51.13,9600,51.02
2010-09-27,51.23,51.24,50.86,50.95,18200,50.84
2010-09-24,50.80,51.13,50.80,51.10,8200,50.99
2010-09-23,50.20,50.42,49.84,50.01,2300,49.90
2010-09-22,50.92,50.92,50.37,50.37,4500,50.26
2010-09-21,50.71,50.71,50.11,50.61,7500,50.50
2010-09-20,50.18,50.63,50.12,50.63,9600,50.52
2010-09-17,50.18,50.18,49.96,50.06,3700,49.95
2010-09-16,50.00,50.17,50.00,50.16,1700,50.05
2010-09-15,50.22,50.22,50.00,50.01,700,49.90
2010-09-14,50.15,50.53,50.15,50.35,14900,50.24