2011-05-10,31.71,31.98,31.70,31.98,45100,31.98
2011-05-09,31.71,31.95,31.63,31.91,6600,31.91
2011-05-06,31.65,32.07,31.41,31.50,30700,31.50
2011-05-05,31.92,32.19,31.33,31.41,64800,31.41
2011-05-04,32.42,32.42,31.85,32.15,28000,32.15
2011-05-03,32.86,32.87,32.29,32.42,20000,32.42
2011-05-02,33.41,33.41,33.10,33.10,9000,33.10
2011-04-29,33.24,33.55,33.19,33.32,12000,33.32
2011-04-28,33.25,33.43,33.18,33.29,4500,33.29
2011-04-27,33.25,33.39,32.97,33.39,40100,33.39
2011-04-26,33.27,33.29,33.00,33.20,10700,33.20
2011-04-25,33.65,33.65,33.15,33.27,8900,33.27
2011-04-21,33.55,33.55,33.24,33.45,12100,33.45
2011-04-20,33.11,33.40,33.11,33.16,7800,33.16
2011-04-19,32.42,32.71,32.36,32.64,23100,32.64
2011-04-18,32.40,32.52,32.16,32.35,10800,32.35
2011-04-15,32.99,33.07,32.83,33.02,9400,33.02
2011-04-14,32.57,33.11,32.57,33.11,11000,33.11
2011-04-13,33.01,33.11,32.78,32.80,32000,32.80
2011-04-12,33.16,33.26,32.69,32.73,4600,32.73
2011-04-11,33.86,33.87,33.61,33.62,3500,33.62
2011-04-08,33.74,33.84,33.56,33.72,66800,33.72
2011-04-07,33.51,33.62,33.26,33.46,18600,33.46
2011-04-06,33.73,33.76,33.48,33.62,68000,33.62
2011-04-05,33.10,33.60,32.92,33.53,5700,33.53
2011-04-04,33.09,33.23,33.07,33.16,12400,33.16
2011-04-01,32.98,33.09,32.85,33.01,44300,33.01
2011-03-31,32.96,32.98,32.90,32.90,13800,32.90
2011-03-30,32.57,32.79,32.57,32.74,15700,32.74
2011-03-29,32.24,32.50,32.16,32.42,14300,32.42
2011-03-28,32.40,32.49,32.30,32.30,20200,32.30
2011-03-25,32.62,32.65,32.46,32.47,18800,32.47
2011-03-24,32.50,32.67,32.43,32.55,12500,32.55
2011-03-23,32.09,32.26,32.06,32.24,5400,32.24
2011-03-22,31.85,31.94,31.79,31.80,14600,31.80
2011-03-21,31.78,32.00,31.78,31.85,7100,31.85
2011-03-18,31.77,31.77,31.59,31.59,4200,31.59
2011-03-17,31.04,31.43,31.04,31.24,24500,31.24
2011-03-16,31.09,31.19,30.48,30.48,15500,30.48
2011-03-15,30.02,31.02,30.02,30.99,14900,30.99
2011-03-14,31.07,31.18,30.94,31.18,1500,31.18
2011-03-11,31.03,31.42,31.03,31.37,20500,31.37
2011-03-10,31.30,31.30,30.82,30.97,284300,30.97
2011-03-09,31.98,31.98,31.75,31.81,10100,31.81
2011-03-08,32.20,32.24,31.93,32.19,15800,32.19
2011-03-07,32.60,32.70,32.10,32.26,14500,32.26
2011-03-04,32.60,32.61,32.36,32.47,27400,32.47
2011-03-03,32.63,32.84,32.48,32.76,19900,32.76
2011-03-02,32.34,32.53,32.26,32.47,8000,32.47
2011-03-01,32.60,33.45,32.03,32.25,13300,32.25
2011-02-28,32.48,32.51,32.37,32.51,5400,32.51
2011-02-25,32.09,32.29,32.07,32.28,33800,32.28
2011-02-24,32.08,32.10,31.59,31.80,12000,31.80
2011-02-23,31.98,32.05,31.84,32.00,9400,32.00
2011-02-22,32.21,32.25,31.82,31.82,21300,31.82
2011-02-18,32.25,32.32,32.00,32.23,51400,32.23
2011-02-17,32.11,32.27,32.10,32.27,20900,32.27
2011-02-16,32.08,32.23,31.99,32.23,20500,32.23
2011-02-15,31.89,32.05,31.85,31.97,14300,31.97
2011-02-14,31.70,32.14,31.70,32.13,41300,32.13
2011-02-11,31.89,32.03,31.78,31.96,10800,31.96
2011-02-10,31.77,31.98,31.65,31.83,15900,31.83
2011-02-09,32.20,32.29,31.95,32.12,18300,32.12
2011-02-08,32.24,32.35,31.85,32.29,28500,32.29
2011-02-07,32.25,32.25,32.00,32.04,10200,32.04
2011-02-04,31.76,32.11,31.75,31.98,13600,31.98
2011-02-03,31.69,31.95,31.56,31.95,13600,31.95
2011-02-02,31.63,31.71,31.60,31.65,18800,31.65
2011-02-01,31.38,31.86,31.38,31.86,48700,31.86
2011-01-31,31.03,31.31,31.03,31.31,55300,31.31
2011-01-28,31.36,31.36,31.01,31.06,13800,31.06
2011-01-27,31.69,31.69,31.28,31.41,67000,31.41
2011-01-26,31.41,31.63,31.30,31.63,28400,31.63
2011-01-25,31.28,31.28,31.05,31.25,533200,31.25
2011-01-24,31.26,31.46,31.24,31.35,11000,31.35
2011-01-21,31.28,31.54,31.26,31.32,11200,31.32
2011-01-20,31.24,31.32,31.00,31.31,64000,31.31
2011-01-19,31.67,31.75,31.25,31.25,44400,31.25
2011-01-18,31.69,31.73,31.45,31.53,22400,31.53
2011-01-14,31.47,31.57,31.31,31.56,21200,31.56
2011-01-13,31.74,31.86,31.74,31.83,5800,31.83
2011-01-12,31.60,31.76,31.58,31.69,401700,31.69
2011-01-11,31.18,31.46,31.18,31.42,56400,31.42
2011-01-10,30.80,31.17,30.80,31.17,16800,31.17
2011-01-07,31.25,31.25,30.89,30.89,5300,30.89
2011-01-06,31.40,31.40,31.13,31.16,7400,31.16
2011-01-05,31.46,31.66,31.05,31.56,28700,31.56
2011-01-04,31.96,31.96,31.50,31.70,56900,31.70
2011-01-03,31.93,32.53,31.65,31.65,49100,31.65
2010-12-31,31.79,31.99,31.72,31.83,3500,31.83
2010-12-30,31.79,31.81,31.60,31.75,5100,31.75
2010-12-29,31.73,31.89,31.40,31.74,5500,31.74
2010-12-28,31.29,31.58,31.29,31.56,17600,31.56
2010-12-27,31.30,31.55,31.25,31.52,3500,31.52
2010-12-23,31.57,31.58,31.26,31.50,21500,31.50
2010-12-22,31.73,31.92,31.73,31.92,4500,31.61
2010-12-21,31.91,31.91,31.73,31.77,14900,31.46
2010-12-20,31.68,31.68,31.41,31.64,13400,31.34
2010-12-17,31.25,31.65,31.25,31.65,10100,31.35
2010-12-16,31.06,31.41,31.06,31.30,10600,31.00
2010-12-15,31.51,31.57,31.38,31.43,15300,31.13
2010-12-14,31.50,31.83,31.49,31.82,18600,31.51
2010-12-13,31.48,31.67,31.48,31.54,18300,31.24
2010-12-10,31.19,31.41,31.19,31.40,6100,31.10
2010-12-09,31.36,31.36,31.07,31.27,37500,30.97
2010-12-08,31.06,31.26,31.06,31.23,4000,30.93
2010-12-07,31.33,31.44,31.12,31.12,6100,30.82
2010-12-06,30.98,31.20,30.98,31.19,7400,30.89
2010-12-03,30.85,30.94,30.81,30.94,4500,30.64
2010-12-02,30.55,30.77,30.55,30.77,3700,30.47
2010-12-01,30.05,30.48,30.05,30.48,2100,30.19
2010-11-30,29.81,30.12,29.81,29.94,31300,29.65
2010-11-29,29.75,30.03,29.75,30.03,6500,29.74
2010-11-26,29.76,30.21,29.75,29.98,4200,29.69
2010-11-24,30.80,30.80,30.21,30.21,6700,29.92
2010-11-23,30.16,30.19,30.00,30.14,11500,29.85
2010-11-22,30.49,30.49,30.28,30.48,10500,30.19
2010-11-19,30.17,30.53,30.17,30.39,8200,30.10
2010-11-18,29.86,30.41,29.86,30.28,11800,29.99
2010-11-17,29.85,30.08,29.51,29.88,15700,29.59
2010-11-16,30.21,30.21,29.50,29.88,17600,29.59
2010-11-15,30.27,30.60,30.27,30.31,10000,30.02
2010-11-12,30.52,30.52,30.30,30.30,53100,30.01
2010-11-11,30.59,30.61,30.44,30.56,4900,30.27
2010-11-10,30.50,30.67,30.25,30.64,9900,30.35
2010-11-09,30.91,30.91,30.42,30.51,24100,30.22
2010-11-08,30.56,30.78,30.48,30.74,19100,30.44
2010-11-05,30.53,30.66,30.48,30.65,8400,30.36
2010-11-04,30.45,30.97,30.41,30.67,32700,30.38
2010-11-03,29.95,29.97,29.81,29.89,8900,29.60
2010-11-02,29.95,30.15,29.85,29.85,18400,29.56
2010-11-01,29.92,30.00,29.64,29.79,16300,29.50
2010-10-29,29.40,29.60,29.40,29.53,3400,29.25
2010-10-28,29.38,29.40,29.34,29.34,4600,29.06
2010-10-27,29.49,29.49,29.00,29.11,3600,28.83
2010-10-26,29.49,29.66,29.44,29.63,7100,29.35
2010-10-25,29.71,29.75,29.60,29.60,1100,29.32
2010-10-22,29.66,29.66,29.40,29.58,6700,29.30
2010-10-21,29.50,29.50,29.27,29.40,7400,29.12
2010-10-20,28.95,29.59,28.95,29.42,9200,29.14
2010-10-19,29.91,29.91,28.95,29.36,17200,29.08
2010-10-18,29.71,29.76,29.57,29.70,23900,29.41
2010-10-15,29.92,30.03,29.72,29.88,39300,29.59
2010-10-14,29.97,30.00,29.87,29.88,10700,29.59
2010-10-13,29.66,29.86,29.60,29.80,9200,29.51
2010-10-12,29.18,29.31,29.18,29.31,3500,29.03
2010-10-11,29.45,29.53,29.38,29.44,8800,29.16
2010-10-08,29.34,29.43,29.25,29.41,9300,29.13
2010-10-07,29.88,29.88,29.21,29.26,12600,28.98
2010-10-06,29.50,29.58,29.35,29.36,6200,29.08
2010-10-05,29.26,29.37,28.85,29.25,5500,28.97
2010-10-04,29.05,29.05,28.47,28.72,13500,28.44
2010-10-01,29.05,29.24,28.89,29.24,9100,28.96
2010-09-30,28.96,29.04,28.65,29.03,34900,28.75
2010-09-29,28.49,28.90,28.49,28.83,6400,28.55
2010-09-28,28.12,28.77,28.10,28.77,135700,28.49
2010-09-27,28.78,28.78,28.40,28.40,1000,28.13
2010-09-24,28.08,28.75,28.08,28.74,28700,28.46
2010-09-23,28.04,28.31,28.04,28.31,1300,28.04
2010-09-22,28.53,28.53,28.33,28.38,65200,28.11
2010-09-21,28.16,28.22,28.16,28.22,11300,27.95
2010-09-20,28.13,28.13,28.06,28.06,400,27.79
2010-09-17,28.09,28.10,27.99,28.06,86800,27.79
2010-09-16,27.97,28.19,27.97,28.09,8800,27.82
2010-09-15,27.97,28.03,27.97,28.01,13500,27.74
2010-09-14,28.12,28.19,28.05,28.05,900,27.78
2010-09-13,27.93,27.95,27.93,27.95,3200,27.68
2010-09-10,27.57,28.17,27.45,27.58,11000,27.31
2010-09-09,27.75,27.77,27.50,27.50,2100,27.24
2010-09-08,27.50,27.54,27.50,27.54,900,27.28
2010-09-07,27.32,27.32,27.11,27.11,200,26.85
2010-09-03,27.54,27.63,27.41,27.41,2200,27.15
2010-09-02,27.20,33.53,27.20,27.22,7100,26.96
2010-09-01,27.00,27.12,27.00,27.11,2200,26.85
2010-08-31,26.50,26.72,26.50,26.72,1200,26.46
2010-08-30,26.75,26.88,26.66,26.66,9500,26.40
2010-08-27,26.14,26.60,26.14,26.60,1600,26.34
2010-08-26,26.45,26.54,26.42,26.54,10900,26.28
2010-08-25,26.09,26.19,26.09,26.19,400,25.94
2010-08-24,26.41,26.41,26.26,26.26,3300,26.01
2010-08-23,26.66,26.69,26.59,26.59,8300,26.33
2010-08-20,26.76,26.76,26.50,26.50,1300,26.25
2010-08-19,27.14,27.14,26.75,26.75,7600,26.49
2010-08-18,27.00,27.19,26.96,27.00,3300,26.74
2010-08-17,27.05,27.25,26.98,27.07,4000,26.81
2010-08-16,26.83,26.86,26.83,26.86,1100,26.60
2010-08-13,26.75,26.90,26.66,26.84,1200,26.58
2010-08-12,26.71,26.73,26.71,26.73,900,26.47
2010-08-11,26.68,26.68,26.65,26.65,500,26.39
2010-08-10,27.11,27.28,27.11,27.28,700,27.02
2010-08-09,27.38,27.38,27.38,27.38,000,27.12
2010-08-06,27.38,27.38,27.38,27.38,300,27.12
2010-08-05,27.34,27.42,27.34,27.38,6400,27.12
2010-08-04,27.43,27.46,27.32,27.35,6000,27.09
2010-08-03,27.28,27.28,27.25,27.25,500,26.99
2010-08-02,26.96,27.19,26.92,27.13,2100,26.87
2010-07-30,26.55,26.65,26.54,26.54,6000,26.28
2010-07-29,26.69,26.69,26.54,26.65,4800,26.39
2010-07-28,26.63,26.67,26.57,26.57,4900,26.31
2010-07-27,27.05,27.05,26.67,26.67,4900,26.41
2010-07-26,26.81,26.84,26.76,26.79,163300,26.53
2010-07-23,26.61,26.76,26.61,26.71,144000,26.45
2010-07-22,26.29,26.43,25.42,26.43,5600,26.18
2010-07-21,26.17,26.17,25.61,25.61,4100,25.36
2010-07-20,25.89,26.04,25.84,26.04,1500,25.79
2010-07-19,25.87,25.87,25.65,25.69,9100,25.44
2010-07-16,26.20,27.20,25.90,26.24,6800,25.99
2010-07-15,26.30,26.39,26.20,26.21,9300,25.96
2010-07-14,26.09,26.29,26.09,26.29,1200,26.04
2010-07-13,26.17,26.17,26.01,26.01,700,25.76
2010-07-12,25.96,26.26,25.96,26.05,6900,25.80
2010-07-09,26.12,26.55,26.12,26.25,15300,26.00
2010-07-08,25.83,25.93,25.69,25.69,13300,25.44
2010-07-07,25.50,25.67,25.43,25.47,2300,25.23
2010-07-06,25.31,25.31,25.22,25.31,1300,25.07
2010-07-02,25.05,25.45,25.01,25.22,14900,24.98
2010-07-01,24.75,24.75,24.75,24.75,600,24.51
2010-06-30,25.23,25.33,25.16,25.33,800,25.09
2010-06-29,25.36,25.43,24.89,24.89,11700,24.65
2010-06-28,26.24,26.27,26.17,26.27,57500,26.02
2010-06-25,26.00,26.32,26.00,26.32,4500,26.07
2010-06-24,26.09,26.14,25.95,25.97,1700,25.72
2010-06-23,26.39,26.45,26.24,26.38,16200,26.13
2010-06-22,26.83,26.83,26.36,26.36,4600,26.11
2010-06-21,27.26,27.69,26.70,26.71,10000,26.45
2010-06-18,26.64,26.72,26.38,26.72,2200,26.46
2010-06-17,26.53,26.57,26.53,26.53,2900,26.27
2010-06-16,26.71,26.71,26.71,26.71,000,26.45
2010-06-15,26.15,26.87,26.15,26.71,45400,26.45
2010-06-14,26.23,26.28,26.14,26.17,6400,25.92
2010-06-11,25.75,25.82,25.63,25.82,3000,25.57
2010-06-10,24.94,24.94,24.94,24.94,000,24.70
2010-06-09,25.35,25.38,24.94,24.94,1600,24.70
2010-06-08,25.09,25.09,25.09,25.09,000,24.85
2010-06-07,24.16,25.09,24.16,25.09,16000,24.85
2010-06-04,24.94,24.94,24.48,24.90,700,24.66
2010-06-03,25.56,25.74,25.53,25.53,900,25.28
2010-06-02,25.51,25.72,25.51,25.72,500,25.47
2010-06-01,25.32,25.51,25.32,25.51,800,25.26
2010-05-28,25.70,25.70,25.47,25.47,500,25.23
2010-05-27,25.71,25.71,25.52,25.71,2800,25.46
2010-05-26,25.53,25.53,25.00,25.14,1500,24.90
2010-05-25,24.36,24.77,23.60,24.74,6900,24.50
2010-05-24,24.90,24.97,24.90,24.97,1000,24.73
2010-05-21,24.62,25.09,24.27,25.09,2300,24.85
2010-05-20,24.99,24.99,24.18,24.31,2900,24.08
2010-05-19,25.42,25.43,25.38,25.38,500,25.14
2010-05-18,26.31,26.34,25.93,26.01,1600,25.76
2010-05-17,26.20,26.24,26.20,26.20,5500,25.95
2010-05-14,26.56,26.64,26.56,26.64,1300,26.38
2010-05-13,27.17,27.23,27.17,27.23,2200,26.97
2010-05-12,27.04,27.04,26.86,26.86,500,26.60
2010-05-11,26.76,26.93,26.71,26.71,1600,26.45
2010-05-10,26.76,27.46,26.47,26.90,2000,26.64
2010-05-07,25.90,25.96,25.71,25.96,2200,25.71
2010-05-06,26.33,26.33,25.50,25.51,4000,25.26
2010-05-05,26.59,26.59,26.59,26.59,000,26.33
2010-05-04,27.22,27.22,26.59,26.59,5800,26.33
2010-05-03,27.32,27.52,27.32,27.52,1700,27.26
2010-04-30,27.50,27.53,27.48,27.48,2300,27.22
2010-04-29,27.70,27.77,27.70,27.76,300,27.49
2010-04-28,27.21,27.40,27.21,27.40,500,27.14
2010-04-27,27.56,27.56,27.24,27.24,4000,26.98
2010-04-26,27.76,27.76,27.71,27.71,300,27.44
2010-04-23,27.63,27.90,27.56,27.90,1200,27.63
2010-04-22,27.60,27.63,27.60,27.63,400,27.36
2010-04-21,27.64,27.64,27.61,27.61,1500,27.34
2010-04-20,27.45,27.61,27.45,27.61,1400,27.34
2010-04-19,27.30,27.30,27.03,27.23,12800,26.97
2010-04-16,27.35,27.35,27.23,27.25,1500,26.99
2010-04-15,27.74,27.88,27.70,27.77,3000,27.50
2010-04-14,27.81,27.81,27.81,27.81,100,27.54
2010-04-13,27.69,27.69,27.35,27.50,4200,27.24
2010-04-12,27.52,27.52,27.52,27.52,100,27.26
2010-04-09,27.72,27.78,27.65,27.65,3000,27.38
2010-04-08,27.22,27.22,27.10,27.11,1100,26.85
2010-04-07,27.28,27.44,27.28,27.39,3400,27.13
2010-04-06,27.33,27.33,27.33,27.33,41200,27.07
2010-04-05,27.40,27.42,27.18,27.34,1400,27.08
2010-04-01,26.96,26.96,26.64,26.89,4100,26.63
2010-03-31,26.45,26.58,26.45,26.54,1100,26.28
2010-03-30,26.50,27.11,26.25,26.61,3700,26.35
2010-03-29,26.29,26.29,26.29,26.29,200,26.04
2010-03-26,26.09,26.23,26.02,26.06,900,25.81
2010-03-25,26.33,26.33,26.00,26.00,2500,25.75
2010-03-24,26.45,26.45,26.44,26.45,600,26.20
2010-03-23,26.61,26.67,26.35,26.54,1300,26.28
2010-03-22,26.50,26.50,26.50,26.50,000,26.25
2010-03-19,26.67,26.67,26.47,26.50,3300,26.25
2010-03-18,26.52,26.65,26.52,26.64,600,26.38
2010-03-17,26.39,27.00,26.39,26.94,2800,26.68
2010-03-16,26.63,26.77,26.63,26.77,400,26.51
2010-03-15,26.50,26.50,26.46,26.49,1300,26.24
2010-03-12,26.69,26.69,26.69,26.69,200,26.43
2010-03-11,26.52,26.60,26.42,26.60,2300,26.34
2010-03-10,26.61,26.61,26.61,26.61,200,26.35
2010-03-09,26.50,26.63,25.83,26.42,4900,26.17
2010-03-08,26.65,26.65,26.65,26.65,4100,26.39
2010-03-05,26.41,26.43,26.23,26.42,1600,26.17
2010-03-04,26.46,26.46,26.46,26.46,000,26.21
2010-03-03,26.06,26.46,26.06,26.46,300,26.21
2010-03-02,25.53,25.53,25.53,25.53,000,25.28
2010-03-01,25.51,25.64,24.57,25.53,5600,25.28
2010-02-26,25.49,25.55,25.35,25.35,1000,25.11
2010-02-25,25.21,25.34,25.12,25.34,1300,25.10
2010-02-24,24.91,25.29,24.91,25.23,2900,24.99
2010-02-23,25.44,25.44,24.62,24.95,5100,24.71
2010-02-22,25.60,25.60,25.60,25.60,000,25.35
2010-02-19,25.60,25.60,25.60,25.60,2700,25.35
2010-02-18,25.77,25.96,25.72,25.96,1400,25.71
2010-02-17,25.46,25.46,25.46,25.46,200,25.22
2010-02-16,25.84,25.87,25.44,25.49,1800,25.24
2010-02-12,24.94,24.94,24.94,24.94,200,24.70
2010-02-11,25.00,25.00,25.00,25.00,100,24.76
2010-02-10,24.52,24.52,24.52,24.52,100,24.28
2010-02-09,25.00,25.00,25.00,25.00,800,24.76
2010-02-08,24.36,24.59,24.36,24.42,900,24.19
2010-02-05,23.95,24.45,23.24,24.11,2100,23.88
2010-02-04,24.55,24.55,24.18,24.49,1800,24.25
2010-02-03,25.61,25.61,25.39,25.44,1200,25.20
2010-02-02,25.31,25.35,25.31,25.35,500,25.11
2010-02-01,25.05,25.05,24.93,24.93,800,24.69
2010-01-29,24.96,25.07,24.50,24.52,2800,24.28
2010-01-28,25.58,25.58,24.95,25.15,4600,24.91
2010-01-27,25.25,25.25,25.17,25.17,2400,24.93
2010-01-26,25.43,25.59,25.01,25.01,2200,24.77
2010-01-25,25.73,25.73,25.36,25.64,1700,25.39
2010-01-22,25.40,25.49,25.39,25.45,800,25.21
2010-01-21,26.00,26.00,25.02,25.33,12400,25.09
2010-01-20,26.01,26.25,26.01,26.25,1600,26.00
2010-01-19,27.13,27.13,26.80,26.90,3600,26.64
2010-01-15,26.61,26.61,26.55,26.61,1400,26.35
2010-01-14,26.66,26.98,26.66,26.98,4300,26.72
2010-01-13,26.33,26.83,26.33,26.83,800,26.57
2010-01-12,27.00,27.00,26.61,26.78,600,26.52
2010-01-11,27.47,27.47,27.00,27.10,3800,26.84
2010-01-08,26.83,26.83,26.83,26.83,000,26.57
2010-01-07,27.28,27.28,26.73,26.83,5600,26.57
2010-01-06,26.41,27.02,26.41,26.78,2500,26.52
2010-01-05,26.77,26.77,26.41,26.41,1600,26.16
2010-01-04,26.27,26.46,26.15,26.28,1300,26.03
2009-12-31,26.20,26.20,25.50,25.90,2000,25.65
2009-12-30,25.97,26.00,25.97,26.00,2000,25.75
2009-12-29,25.98,25.98,25.83,25.83,1100,25.58
2009-12-28,26.10,26.10,26.05,26.06,1800,25.81
2009-12-24,25.74,25.91,25.74,25.91,200,25.66
2009-12-23,26.86,26.86,25.91,26.06,4200,25.81
2009-12-22,25.55,25.84,25.55,25.72,1800,25.43
2009-12-21,25.57,25.60,25.56,25.56,4200,25.27
2009-12-18,25.36,25.40,25.00,25.40,1700,25.11
2009-12-17,25.35,25.38,25.19,25.35,1600,25.06
2009-12-16,25.70,25.70,25.23,25.50,1100,25.21
2009-12-15,25.60,25.60,25.08,25.12,1600,24.84
2009-12-14,25.65,25.74,25.60,25.74,3500,25.45
2009-12-11,25.70,25.70,25.50,25.54,1500,25.25
2009-12-10,25.54,25.54,25.40,25.50,1800,25.21
2009-12-09,25.40,25.50,25.40,25.50,900,25.21
2009-12-08,25.47,25.47,25.40,25.42,600,25.13
2009-12-07,25.75,25.77,25.24,25.77,5100,25.48
2009-12-04,26.15,28.60,25.70,25.76,9700,25.47
2009-12-03,26.04,26.80,25.88,25.91,8700,25.62
2009-12-02,26.08,26.14,26.07,26.14,1400,25.85
2009-12-01,25.85,26.07,25.85,26.07,3300,25.78
2009-11-30,25.53,25.58,25.14,25.30,2000,25.01
2009-11-27,25.30,25.56,25.30,25.56,1500,25.27
2009-11-25,25.96,26.13,25.95,26.11,3800,25.82
2009-11-24,26.00,26.00,25.20,25.80,11300,25.51
2009-11-23,26.25,26.27,26.04,26.10,3400,25.81
2009-11-20,25.69,25.70,25.66,25.70,3600,25.41
2009-11-19,26.00,26.00,25.65,25.99,17100,25.70
2009-11-18,26.18,27.11,26.04,26.05,10800,25.76
2009-11-17,26.15,26.15,26.12,26.12,1800,25.83
2009-11-16,26.16,26.31,25.08,26.26,2200,25.96
2009-11-13,25.64,25.80,25.03,25.79,3600,25.50
2009-11-12,25.61,25.61,25.61,25.61,700,25.32
2009-11-11,25.88,25.88,25.60,25.83,5400,25.54
2009-11-10,25.68,25.76,25.59,25.65,2800,25.36
2009-11-09,25.66,25.68,25.36,25.68,1700,25.39
2009-11-06,24.90,25.20,23.81,25.05,1300,24.77
2009-11-05,25.00,25.28,25.00,25.24,2500,24.96
2009-11-04,25.10,25.24,24.90,24.96,6800,24.68
2009-11-03,24.50,24.77,23.65,24.69,6800,24.41
2009-11-02,24.62,26.40,24.41,24.51,13300,24.23
2009-10-30,24.60,24.60,23.07,24.13,9500,23.86
2009-10-29,24.46,24.56,24.46,24.56,1100,24.28
2009-10-28,24.38,24.75,24.25,24.25,2000,23.98
2009-10-27,25.02,25.03,24.91,24.91,8300,24.63