2011-05-10,37.57,37.97,37.57,37.88,13700,37.88
2011-05-09,37.40,37.41,37.32,37.40,5800,37.40
2011-05-06,37.77,37.77,37.06,37.08,14500,37.08
2011-05-05,37.35,37.38,37.00,37.28,9800,37.28
2011-05-04,37.70,37.70,37.39,37.57,6600,37.57
2011-05-03,38.46,38.46,37.50,37.67,19000,37.67
2011-05-02,38.01,38.35,38.01,38.23,8600,38.23
2011-04-29,38.42,38.42,37.86,38.11,8200,38.11
2011-04-28,37.89,38.25,37.89,38.19,62500,38.19
2011-04-27,37.54,37.84,37.38,37.84,5300,37.84
2011-04-26,37.62,37.67,37.36,37.63,11200,37.63
2011-04-25,37.25,37.33,37.09,37.32,3800,37.32
2011-04-21,37.12,37.18,37.08,37.18,3500,37.18
2011-04-20,37.04,37.04,36.56,36.79,5400,36.79
2011-04-19,36.25,36.33,36.06,36.30,4800,36.30
2011-04-18,36.33,36.33,35.73,36.10,5500,36.10
2011-04-15,36.50,36.67,36.43,36.67,4000,36.67
2011-04-14,35.67,36.43,35.67,36.43,5600,36.43
2011-04-13,36.06,36.17,35.90,36.01,4200,36.01
2011-04-12,35.52,35.92,35.52,35.90,10300,35.90
2011-04-11,36.14,36.14,35.86,35.87,4600,35.87
2011-04-08,36.37,36.37,36.01,36.14,3300,36.14
2011-04-07,36.55,36.55,35.80,36.11,17600,36.11
2011-04-06,36.63,36.63,36.25,36.37,23400,36.37
2011-04-05,36.27,36.57,36.20,36.33,11400,36.33
2011-04-04,36.47,36.47,36.33,36.33,5000,36.33
2011-04-01,36.46,36.55,36.23,36.46,4200,36.46
2011-03-31,35.83,36.24,35.83,36.24,12900,36.24
2011-03-30,35.80,36.14,35.80,36.11,28800,36.11
2011-03-29,35.12,35.57,35.06,35.57,8500,35.57
2011-03-28,35.60,35.60,35.34,35.35,7300,35.35
2011-03-25,35.79,35.79,35.57,35.60,8300,35.60
2011-03-24,35.75,35.75,35.33,35.74,5900,35.74
2011-03-23,35.51,35.62,35.05,35.47,37000,35.47
2011-03-22,36.52,36.52,35.96,36.05,3600,35.44
2011-03-21,36.41,36.46,36.23,36.37,6900,35.76
2011-03-18,35.70,35.76,35.40,35.73,3700,35.13
2011-03-17,34.96,35.13,34.74,35.05,6500,34.46
2011-03-16,35.00,35.04,34.25,34.55,3900,33.97
2011-03-15,34.57,35.26,34.23,35.11,19600,34.52
2011-03-14,35.96,35.96,35.65,35.84,7300,35.24
2011-03-11,36.17,36.47,35.76,36.47,8700,35.86
2011-03-10,36.73,36.73,36.24,36.24,9400,35.63
2011-03-09,36.95,37.06,36.87,36.87,2900,36.25
2011-03-08,36.77,37.08,36.62,37.00,8400,36.38
2011-03-07,36.96,36.96,36.47,36.58,5500,35.96
2011-03-04,36.79,37.03,36.67,36.80,8900,36.18
2011-03-03,36.86,37.09,36.72,37.06,4200,36.44
2011-03-02,36.62,36.63,36.35,36.37,5000,35.76
2011-03-01,37.32,37.32,36.63,36.68,2000,36.06
2011-02-28,37.14,37.32,37.14,37.32,4500,36.69
2011-02-25,36.41,36.81,36.41,36.67,1900,36.05
2011-02-24,36.05,36.27,35.79,36.04,8500,35.43
2011-02-23,36.23,36.29,35.78,36.23,31700,35.62
2011-02-22,36.68,36.68,36.11,36.13,7300,35.52
2011-02-18,37.01,37.12,36.87,36.96,5400,36.34
2011-02-17,36.77,36.98,36.77,36.88,3200,36.26
2011-02-16,36.71,36.85,36.62,36.69,17100,36.07
2011-02-15,36.80,36.80,36.38,36.44,19400,35.83
2011-02-14,36.58,36.73,36.47,36.70,22500,36.08
2011-02-11,36.46,36.52,36.25,36.52,7700,35.91
2011-02-10,36.20,36.44,36.00,36.32,4100,35.71
2011-02-09,36.52,36.52,36.24,36.38,11100,35.77
2011-02-08,36.57,36.73,36.54,36.55,13200,35.93
2011-02-07,36.68,36.73,36.54,36.64,18600,36.02
2011-02-04,36.57,36.67,36.20,36.66,11600,36.04
2011-02-03,36.96,36.96,36.35,36.63,11600,36.01
2011-02-02,36.79,36.79,36.40,36.55,7200,35.93
2011-02-01,36.23,36.62,36.23,36.61,12700,35.99
2011-01-31,36.22,36.31,36.03,36.23,18600,35.62
2011-01-28,36.67,36.67,35.80,35.90,10700,35.30
2011-01-27,36.27,36.57,36.27,36.46,19200,35.85
2011-01-26,36.31,36.46,36.24,36.42,7500,35.81
2011-01-25,36.20,36.21,35.88,36.21,6000,35.60
2011-01-24,36.24,36.24,35.94,36.19,19500,35.58
2011-01-21,36.18,36.18,35.82,35.93,16000,35.33
2011-01-20,36.00,36.12,35.71,36.03,7500,35.42
2011-01-19,36.69,36.69,36.05,36.17,16200,35.56
2011-01-18,36.51,36.51,36.17,36.47,14800,35.86
2011-01-14,36.23,36.23,36.00,36.06,8600,35.45
2011-01-13,36.33,36.33,35.92,35.92,5300,35.32
2011-01-12,36.12,36.14,35.74,35.80,6300,35.20
2011-01-11,35.44,35.53,35.31,35.41,1900,34.81
2011-01-10,35.59,35.59,35.20,35.41,13800,34.81
2011-01-07,35.82,35.82,35.33,35.61,3600,35.01
2011-01-06,36.07,36.07,35.63,35.77,13100,35.17
2011-01-05,36.07,36.09,35.92,36.09,15500,35.48
2011-01-04,36.57,36.57,35.72,35.89,16400,35.29
2011-01-03,36.51,36.51,36.09,36.28,13700,35.67
2010-12-31,35.89,35.91,35.68,35.86,9400,35.26
2010-12-30,35.74,35.74,35.47,35.67,16000,35.07
2010-12-29,35.51,35.73,35.50,35.68,7300,35.08
2010-12-28,35.43,35.43,35.20,35.36,10900,34.76
2010-12-27,35.36,35.39,35.09,35.31,6400,34.72
2010-12-23,35.00,35.20,34.95,35.10,15400,34.51
2010-12-22,35.34,35.34,35.01,35.19,14700,34.60
2010-12-21,35.00,35.39,34.75,34.93,25500,34.34
2010-12-20,35.78,36.16,35.57,35.71,12600,34.01
2010-12-17,35.21,35.50,35.21,35.46,2200,33.77
2010-12-16,35.48,35.52,35.21,35.44,6800,33.75
2010-12-15,35.77,35.77,35.30,35.30,6300,33.62
2010-12-14,35.99,36.23,35.78,35.84,31600,34.13
2010-12-13,35.87,35.92,35.59,35.79,26300,34.08
2010-12-10,35.78,35.78,35.46,35.66,16100,33.96
2010-12-09,35.64,35.64,35.46,35.50,7600,33.81
2010-12-08,36.03,36.03,35.46,35.73,4100,34.03
2010-12-07,36.20,36.20,35.84,35.88,11700,34.17
2010-12-06,35.53,35.93,35.53,35.85,14700,34.14
2010-12-03,35.72,35.90,35.68,35.90,5200,34.19
2010-12-02,35.40,35.90,35.40,35.90,10400,34.19
2010-12-01,35.51,35.51,34.92,35.32,11800,33.64
2010-11-30,34.68,34.76,34.65,34.76,1900,33.10
2010-11-29,34.02,35.02,34.00,34.98,8400,33.31
2010-11-26,34.88,35.00,34.68,34.98,20700,33.31
2010-11-24,34.95,35.18,34.95,35.11,12400,33.44
2010-11-23,34.72,34.72,34.40,34.64,8500,32.99
2010-11-22,35.42,35.42,35.01,35.36,9500,33.67
2010-11-19,35.23,35.52,34.99,35.52,25500,33.83
2010-11-18,35.91,35.91,35.43,35.43,7800,33.74
2010-11-17,34.95,35.20,34.95,35.11,14700,33.44
2010-11-16,35.75,35.75,34.74,34.74,8300,33.08
2010-11-15,36.44,36.44,35.79,35.79,5900,34.08
2010-11-12,36.55,36.55,35.94,36.08,5900,34.36
2010-11-11,36.68,36.68,36.47,36.55,2400,34.81
2010-11-10,36.91,36.93,36.68,36.91,5800,35.15
2010-11-09,38.14,38.14,36.75,36.75,15800,35.00
2010-11-08,38.07,38.07,37.50,37.75,15700,35.95
2010-11-05,37.93,38.17,37.84,37.98,6600,36.17
2010-11-04,37.50,38.04,37.50,38.00,75500,36.19
2010-11-03,36.99,37.11,36.88,37.11,6000,35.34
2010-11-02,36.48,36.96,36.48,36.75,10600,35.00
2010-11-01,36.77,36.77,36.31,36.48,11000,34.74
2010-10-29,36.44,36.44,36.10,36.22,13900,34.49
2010-10-28,36.77,36.77,36.22,36.30,32200,34.57
2010-10-27,36.16,36.32,36.03,36.22,6900,34.49
2010-10-26,35.96,36.84,35.96,36.81,16600,35.06
2010-10-25,37.37,37.37,36.88,36.88,10900,35.12
2010-10-22,37.09,37.09,36.71,36.92,23700,35.16
2010-10-21,37.04,37.14,36.52,36.65,6800,34.90
2010-10-20,36.58,37.11,36.33,36.95,15900,35.19
2010-10-19,36.52,36.80,36.30,36.41,10900,34.67
2010-10-18,36.65,37.05,36.65,37.05,8000,35.28
2010-10-15,37.10,37.10,36.78,36.89,8300,35.13
2010-10-14,36.93,37.02,36.77,36.89,4900,35.13
2010-10-13,36.69,36.97,36.61,36.94,12200,35.18
2010-10-12,36.25,36.55,36.13,36.54,4100,34.80
2010-10-11,36.41,36.43,36.32,36.37,3200,34.64
2010-10-08,36.24,36.42,36.11,36.37,8200,34.64
2010-10-07,36.46,36.46,36.21,36.27,7500,34.54
2010-10-06,36.08,36.13,35.93,36.10,5800,34.38
2010-10-05,35.65,35.98,35.51,35.97,5700,34.26
2010-10-04,35.17,35.22,35.06,35.21,5100,33.53
2010-10-01,35.25,35.25,34.94,35.25,11400,33.57
2010-09-30,35.16,35.16,34.74,34.85,8300,33.19
2010-09-29,34.63,34.89,34.63,34.75,3700,33.09
2010-09-28,34.50,34.97,34.50,34.97,2700,33.30
2010-09-27,34.68,34.86,34.67,34.72,4000,33.06
2010-09-24,34.60,34.82,34.45,34.82,21300,33.16
2010-09-23,34.10,34.46,34.07,34.07,3700,32.45
2010-09-22,34.79,34.79,34.61,34.62,10800,32.97
2010-09-21,35.07,35.13,34.75,34.96,7400,33.12
2010-09-20,34.68,35.06,34.53,35.06,20000,33.22
2010-09-17,34.12,34.22,34.12,34.19,600,32.40
2010-09-16,34.24,34.28,34.05,34.27,6400,32.47
2010-09-15,34.12,34.47,34.11,34.47,16400,32.66
2010-09-14,34.23,34.50,34.10,34.48,5100,32.67
2010-09-13,34.34,34.34,34.12,34.32,5900,32.52
2010-09-10,33.61,33.89,33.61,33.89,4500,32.11
2010-09-09,34.01,34.01,33.62,33.62,2600,31.86
2010-09-08,33.84,33.97,33.78,33.85,4800,32.07
2010-09-07,34.02,34.02,33.62,33.74,2100,31.97
2010-09-03,33.77,34.08,33.77,34.00,4800,32.22
2010-09-02,33.16,33.61,33.16,33.52,24500,31.76
2010-09-01,33.33,33.43,33.28,33.28,900,31.53
2010-08-31,32.26,32.48,32.26,32.33,1000,30.63
2010-08-30,32.15,32.55,32.15,32.25,2400,30.56
2010-08-27,32.05,32.51,31.81,32.41,4800,30.71
2010-08-26,32.21,32.22,31.83,31.90,2600,30.23
2010-08-25,31.51,32.17,31.51,32.17,4900,30.48
2010-08-24,31.75,31.90,31.73,31.74,4500,30.07
2010-08-23,32.36,32.36,32.07,32.09,2500,30.41
2010-08-20,32.00,32.18,31.85,32.02,4500,30.34
2010-08-19,32.60,32.60,32.03,32.33,6600,30.63
2010-08-18,32.83,32.83,32.43,32.70,21300,30.98
2010-08-17,32.55,32.89,32.55,32.79,11500,31.07
2010-08-16,31.91,32.22,31.91,32.11,2100,30.42
2010-08-13,32.03,32.14,32.03,32.06,900,30.38
2010-08-12,32.04,32.14,31.78,32.02,4900,30.34
2010-08-11,32.95,32.95,32.20,32.31,5700,30.61
2010-08-10,32.65,33.27,32.65,33.25,3700,31.50
2010-08-09,33.61,33.61,33.15,33.51,7300,31.75
2010-08-06,33.14,33.32,32.96,33.26,5000,31.51
2010-08-05,33.27,33.39,33.14,33.29,5900,31.54
2010-08-04,33.38,33.44,33.29,33.44,13600,31.68
2010-08-03,33.40,33.41,32.99,33.41,1800,31.66
2010-08-02,33.32,33.55,33.23,33.49,11400,31.73
2010-07-30,32.29,32.58,32.29,32.51,2800,30.80
2010-07-29,32.92,32.92,32.43,32.51,3300,30.80
2010-07-28,32.60,32.81,32.46,32.61,6600,30.90
2010-07-27,32.90,32.97,32.60,32.62,49800,30.91
2010-07-26,32.52,32.70,32.45,32.70,3400,30.98
2010-07-23,31.93,32.23,31.73,32.23,6200,30.54
2010-07-22,31.43,31.94,31.43,31.90,4300,30.23
2010-07-21,31.41,31.41,30.70,30.95,6400,29.33
2010-07-20,30.23,31.35,30.23,31.35,4400,29.70
2010-07-19,30.75,30.77,30.51,30.77,2000,29.15
2010-07-16,31.27,31.27,30.36,30.36,2800,28.77
2010-07-15,31.41,31.41,30.87,31.08,13500,29.45
2010-07-14,31.24,31.41,31.11,31.34,3000,29.69
2010-07-13,31.24,31.45,31.24,31.43,3400,29.78
2010-07-12,30.62,30.70,30.62,30.66,1500,29.05
2010-07-09,30.52,30.83,30.50,30.83,6800,29.21
2010-07-08,30.53,30.66,30.25,30.66,6900,29.05
2010-07-07,29.18,30.42,29.04,30.42,12500,28.82
2010-07-06,29.80,29.87,29.06,29.13,19400,27.60
2010-07-02,29.52,29.52,29.17,29.17,1700,27.64
2010-07-01,29.68,29.68,28.96,29.63,4900,28.07
2010-06-30,29.94,29.99,29.49,29.49,3400,27.94
2010-06-29,30.19,30.21,29.50,29.83,10900,28.26
2010-06-28,30.87,30.94,30.78,30.89,1400,29.27
2010-06-25,30.65,31.07,30.35,31.07,7100,29.44
2010-06-24,30.91,30.93,30.43,30.43,7100,28.83
2010-06-23,31.25,31.25,30.72,31.10,10600,29.47
2010-06-22,31.94,31.94,31.51,31.65,1700,29.79
2010-06-21,32.66,32.66,31.71,31.73,15200,29.87
2010-06-18,31.60,31.62,31.49,31.49,2900,29.64
2010-06-17,31.45,31.76,31.45,31.75,2400,29.89
2010-06-16,31.71,31.92,31.71,31.73,3400,29.87
2010-06-15,31.52,31.73,31.48,31.73,1400,29.87
2010-06-14,31.35,31.61,31.22,31.22,4800,29.39
2010-06-11,30.65,31.00,30.51,31.00,4300,29.18
2010-06-10,30.48,30.85,30.29,30.84,5500,29.03
2010-06-09,29.82,30.00,29.55,29.55,23400,27.81
2010-06-08,28.64,29.34,28.64,29.34,300,27.62
2010-06-07,29.43,29.48,29.10,29.10,6400,27.39
2010-06-04,29.81,30.05,29.08,29.25,16000,27.53
2010-06-03,31.21,31.21,30.39,30.71,16400,28.91
2010-06-02,30.36,30.83,29.85,30.83,53600,29.02
2010-06-01,29.79,30.19,29.72,29.98,25100,28.22
2010-05-28,31.58,31.58,30.23,30.57,5100,28.77
2010-05-27,30.55,30.55,29.98,30.49,5700,28.70
2010-05-26,29.86,29.86,29.03,29.20,9400,27.49
2010-05-25,28.15,29.28,28.15,29.28,19300,27.56
2010-05-24,30.00,30.00,29.50,29.75,5700,28.00
2010-05-21,28.64,29.69,28.64,29.52,15100,27.79
2010-05-20,29.70,29.70,28.98,29.40,8600,27.67
2010-05-19,30.60,30.60,29.83,30.33,5900,28.55
2010-05-18,31.40,31.40,30.59,30.60,2400,28.80
2010-05-17,31.49,31.49,30.56,31.08,3100,29.25
2010-05-14,31.13,31.58,31.04,31.04,6900,29.22
2010-05-13,32.66,32.66,31.93,31.93,4500,30.06
2010-05-12,32.15,32.40,32.15,32.34,1200,30.44
2010-05-11,30.83,32.41,30.83,31.86,10900,29.99
2010-05-10,31.43,32.59,31.43,32.09,4500,30.21
2010-05-07,30.54,31.19,30.54,30.79,9100,28.98
2010-05-06,31.60,34.29,23.35,31.51,20700,29.66
2010-05-05,32.44,32.45,31.85,32.21,10300,30.32
2010-05-04,33.05,33.05,32.26,32.63,16200,30.71
2010-05-03,33.43,33.81,33.43,33.65,5600,31.67
2010-04-30,33.69,33.69,32.93,32.99,2500,31.05
2010-04-29,33.33,33.77,32.93,33.53,12800,31.56
2010-04-28,32.93,32.93,32.34,32.56,6300,30.65
2010-04-27,33.04,33.27,32.23,32.50,13700,30.59
2010-04-26,33.63,33.67,33.48,33.60,11400,31.63
2010-04-23,33.29,33.35,32.91,33.35,12600,31.39
2010-04-22,32.92,33.19,32.41,33.13,26900,31.18
2010-04-21,32.87,32.99,32.79,32.99,5200,31.05
2010-04-20,32.89,32.89,32.47,32.66,4600,30.74
2010-04-19,32.27,32.35,32.01,32.35,9500,30.45
2010-04-16,33.85,33.85,32.51,32.59,25700,30.68
2010-04-15,33.73,34.05,33.15,33.24,10300,31.29
2010-04-14,33.75,33.75,33.54,33.55,6000,31.58
2010-04-13,33.10,33.42,32.81,33.42,10500,31.46
2010-04-12,33.47,33.47,32.99,33.05,6600,31.11
2010-04-09,32.99,33.19,32.91,33.17,5400,31.22
2010-04-08,33.01,33.01,32.60,32.68,2600,30.76
2010-04-07,33.15,33.15,32.70,32.78,8600,30.86
2010-04-06,32.94,33.36,32.94,33.36,4000,31.40
2010-04-05,32.58,32.94,32.58,32.94,2100,31.01
2010-04-01,32.47,32.51,32.39,32.39,2600,30.49
2010-03-31,32.37,32.37,32.21,32.26,51400,30.37
2010-03-30,32.75,32.75,32.57,32.57,1900,30.66
2010-03-29,31.26,32.49,31.26,32.49,3500,30.58
2010-03-26,32.21,32.36,32.06,32.20,9100,30.31
2010-03-25,32.53,32.53,32.00,32.00,3600,30.12
2010-03-24,31.92,32.09,31.92,32.02,11400,30.14
2010-03-23,32.74,32.74,32.15,32.48,5600,30.17
2010-03-22,32.63,32.63,32.14,32.48,5200,30.17
2010-03-19,32.95,33.08,32.55,32.66,13700,30.33
2010-03-18,33.14,33.14,32.81,32.81,4400,30.47
2010-03-17,33.05,33.05,32.99,33.03,3500,30.68
2010-03-16,32.54,32.73,32.37,32.73,2700,30.40
2010-03-15,32.49,32.49,31.82,32.07,11600,29.79
2010-03-12,32.34,32.46,32.12,32.39,7400,30.08
2010-03-11,31.60,32.11,31.60,32.11,2500,29.82
2010-03-10,31.98,32.13,31.80,32.04,18400,29.76
2010-03-09,31.95,32.42,31.92,32.05,23700,29.77
2010-03-08,31.93,32.13,31.78,32.03,28400,29.75
2010-03-05,31.51,32.07,31.40,31.80,21900,29.53
2010-03-04,31.23,31.42,31.08,31.08,21300,28.87
2010-03-03,30.87,31.33,30.87,31.07,8900,28.86
2010-03-02,31.28,31.42,31.00,31.07,24700,28.86
2010-03-01,30.89,31.10,30.75,31.00,9500,28.79
2010-02-26,30.35,30.89,30.35,30.65,5400,28.47
2010-02-25,30.35,31.19,29.86,30.43,4500,28.26
2010-02-24,30.21,30.54,30.18,30.49,11900,28.32
2010-02-23,30.33,30.35,30.05,30.33,2100,28.17
2010-02-22,30.41,30.53,30.01,30.23,14600,28.08
2010-02-19,30.14,30.53,30.02,30.12,10000,27.97
2010-02-18,30.23,30.50,30.14,30.46,5900,28.29
2010-02-17,30.27,30.44,30.06,30.25,13000,28.09
2010-02-16,29.50,30.11,29.40,30.11,41400,27.96
2010-02-12,29.26,29.88,28.51,29.78,19400,27.66
2010-02-11,29.27,29.68,28.98,29.61,23000,27.50
2010-02-10,29.27,29.73,28.90,29.40,10300,27.31
2010-02-09,28.89,29.63,28.79,29.21,18500,27.13
2010-02-08,28.91,29.91,28.90,28.90,4100,26.84
2010-02-05,28.76,29.11,28.07,28.77,60300,26.72
2010-02-04,29.50,29.52,29.26,29.26,2000,27.18
2010-02-03,30.11,30.20,29.92,30.15,4300,28.00
2010-02-02,30.34,30.44,30.06,30.38,4500,28.22
2010-02-01,29.72,30.42,29.72,30.05,32400,27.91
2010-01-29,29.97,30.49,29.54,29.62,20300,27.51
2010-01-28,29.78,30.55,29.26,29.99,39900,27.85
2010-01-27,30.17,31.32,28.53,28.53,84600,26.50
2010-01-26,30.05,30.67,29.30,30.05,4300,27.91
2010-01-25,30.40,30.60,30.04,30.42,6900,28.25
2010-01-22,30.92,30.92,29.95,29.95,9200,27.82
2010-01-21,31.41,31.41,30.69,30.70,4700,28.51
2010-01-20,31.70,31.70,31.15,31.25,4600,29.02
2010-01-19,31.70,31.88,31.54,31.84,5200,29.57
2010-01-15,31.73,33.02,31.37,31.65,28600,29.40
2010-01-14,31.88,32.35,31.57,32.07,15900,29.79
2010-01-13,31.59,32.44,31.59,31.98,6000,29.70
2010-01-12,31.92,32.46,31.68,31.71,5400,29.45
2010-01-11,32.36,32.46,31.90,32.04,4200,29.76
2010-01-08,32.00,32.00,31.46,31.46,1300,29.22
2010-01-07,31.55,32.18,31.52,32.00,8700,29.72
2010-01-06,31.91,32.65,31.80,31.97,6300,29.69
2010-01-05,32.50,32.50,31.88,31.91,6100,29.64
2010-01-04,31.90,32.01,31.78,31.80,2100,29.53
2009-12-31,31.77,32.86,31.43,31.43,5900,29.19
2009-12-30,31.65,31.65,30.92,31.27,59100,29.04
2009-12-29,31.86,32.31,31.72,31.75,2300,29.49
2009-12-28,32.88,32.88,32.69,32.71,1500,29.42
2009-12-24,32.64,33.03,32.64,32.83,2000,29.53
2009-12-23,33.07,33.46,32.21,32.71,20900,29.42
2009-12-22,32.01,32.29,32.01,32.29,3000,29.04
2009-12-21,32.04,32.74,31.74,31.94,6400,28.73
2009-12-18,32.09,32.09,31.57,31.75,400,28.56
2009-12-17,31.71,31.80,31.71,31.80,1000,28.60
2009-12-16,31.46,32.66,31.46,32.29,3500,29.04
2009-12-15,31.98,31.98,31.83,31.83,1500,28.63
2009-12-14,31.63,31.71,31.61,31.70,2200,28.51
2009-12-11,32.08,32.08,31.63,31.80,3100,28.60
2009-12-10,31.30,32.66,31.30,31.73,8500,28.54
2009-12-09,31.16,31.69,31.16,31.59,2600,28.41
2009-12-08,31.33,31.45,31.33,31.43,3400,28.27
2009-12-07,32.13,32.16,32.13,32.16,800,28.92
2009-12-04,32.52,32.91,31.98,32.05,2500,28.83
2009-12-03,32.41,32.97,32.05,32.05,5300,28.83
2009-12-02,32.10,32.27,32.07,32.27,2200,29.02
2009-12-01,31.87,33.36,31.71,32.43,29300,29.17
2009-11-30,30.79,31.15,30.42,30.85,13800,27.75
2009-11-27,30.28,30.63,30.23,30.48,3200,27.41
2009-11-25,31.27,31.27,31.24,31.24,900,28.10
2009-11-24,31.82,31.82,31.18,31.21,4600,28.07
2009-11-23,31.14,32.00,31.08,31.60,7300,28.42
2009-11-20,31.15,31.15,30.52,30.95,5300,27.84
2009-11-19,31.59,32.06,31.44,31.44,9600,28.28
2009-11-18,31.92,31.95,31.76,31.76,1300,28.56
2009-11-17,32.39,32.39,32.00,32.15,2800,28.92
2009-11-16,32.19,32.34,31.05,32.30,6700,29.05
2009-11-13,31.92,31.92,31.71,31.72,1400,28.53
2009-11-12,31.63,31.63,31.50,31.50,1400,28.33
2009-11-11,32.08,32.59,31.75,31.92,9500,28.71
2009-11-10,30.80,31.39,30.80,31.20,2100,28.06
2009-11-09,31.05,31.41,31.05,31.41,1800,28.25
2009-11-06,30.44,30.56,30.36,30.45,5400,27.39
2009-11-05,30.18,30.46,30.05,30.30,5700,27.25
2009-11-04,30.60,30.90,30.37,30.37,1300,27.31
2009-11-03,29.84,30.34,29.41,30.33,4500,27.28
2009-11-02,29.93,30.21,29.93,30.15,1300,27.12
2009-10-30,30.85,30.85,28.94,29.57,3700,26.60
2009-10-29,30.22,30.47,30.02,30.25,2600,27.21
2009-10-28,30.63,30.85,29.43,29.72,6200,26.73
2009-10-27,31.48,31.48,30.71,30.79,3300,27.69
2009-10-26,31.60,32.17,31.36,31.42,4800,28.26
2009-10-23,32.11,32.11,31.37,31.51,5400,28.34
2009-10-22,31.14,31.74,31.14,31.74,6900,28.55
2009-10-21,31.70,31.96,31.55,31.55,5100,28.38
2009-10-20,31.96,32.12,31.17,31.55,56100,28.38
2009-10-19,31.45,31.92,31.45,31.92,1200,28.71
2009-10-16,31.60,31.64,31.04,31.24,6100,28.10
2009-10-15,31.91,32.06,31.73,31.85,6700,28.65
2009-10-14,31.47,32.52,31.43,31.91,18300,28.70
2009-10-13,31.44,31.44,31.02,31.02,1800,27.90
2009-10-12,31.36,31.88,31.36,31.41,8000,28.25
2009-10-09,31.11,31.11,31.11,31.11,000,27.98
2009-10-08,31.15,31.29,31.06,31.11,2900,27.98
2009-10-07,30.75,30.75,30.43,30.63,2300,27.55
2009-10-06,30.87,30.98,30.45,30.72,6700,27.63
2009-10-05,29.69,30.69,29.53,29.96,3000,26.95
2009-10-02,30.61,30.61,29.41,29.70,3100,26.71
2009-10-01,30.52,30.52,29.90,30.01,8200,26.99
2009-09-30,30.90,31.16,30.90,31.16,10800,28.03
2009-09-29,31.34,31.39,30.96,31.27,6800,28.12
2009-09-28,30.96,31.16,30.96,31.16,1700,27.95
2009-09-25,30.78,30.86,29.41,30.75,7600,27.58
2009-09-24,33.22,33.22,30.50,30.52,12600,27.38
2009-09-23,32.75,32.75,32.00,32.09,6700,28.78
2009-09-22,32.21,32.42,32.03,32.42,3000,29.08
2009-09-21,32.25,32.25,31.66,31.92,1400,28.63
2009-09-18,33.24,33.83,31.58,32.42,4400,29.08
2009-09-17,32.61,32.71,32.23,32.41,5200,29.07
2009-09-16,32.31,32.46,31.74,32.46,11700,29.12
2009-09-15,31.27,31.84,30.80,31.58,7500,28.33
2009-09-14,30.05,32.00,30.05,31.63,11800,28.37
2009-09-11,32.16,32.16,30.99,31.10,6800,27.90
2009-09-10,30.58,31.04,30.48,31.04,1300,27.84
2009-09-09,29.75,31.16,29.75,30.75,11500,27.58
2009-09-08,29.18,29.83,29.05,29.75,9800,26.69
2009-09-04,28.53,28.87,27.86,28.71,3700,25.75
2009-09-03,28.37,28.48,28.37,28.48,1000,25.55
2009-09-02,27.60,28.30,27.32,28.29,3000,25.38
2009-09-01,28.93,28.93,28.45,28.51,1600,25.57
2009-08-31,29.50,29.50,29.43,29.46,1500,26.43
2009-08-28,30.43,30.43,29.70,29.75,2100,26.69
2009-08-27,30.01,30.01,29.32,29.73,1700,26.67
2009-08-26,29.46,29.46,29.29,29.44,11200,26.41
2009-08-25,28.98,29.58,28.98,29.48,6600,26.44
2009-08-24,29.18,29.25,28.72,29.19,1000,26.18
2009-08-21,29.51,29.86,29.13,29.40,4700,26.37
2009-08-20,28.26,28.99,28.26,28.99,2400,26.00
2009-08-19,27.88,28.05,27.85,28.00,2600,25.12
2009-08-18,27.80,28.18,27.80,28.12,1800,25.22
2009-08-17,27.92,29.76,27.74,27.78,1400,24.92
2009-08-14,28.90,29.00,28.71,28.87,11800,25.90
2009-08-13,29.15,29.25,29.05,29.15,2800,26.15
2009-08-12,28.67,29.01,28.00,29.01,5300,26.02
2009-08-11,28.81,28.81,27.53,28.45,2100,25.52
2009-08-10,29.11,29.14,28.86,28.86,1300,25.89
2009-08-07,28.90,29.63,28.90,29.63,1600,26.58
2009-08-06,28.90,29.25,28.84,29.00,3400,26.01
2009-08-05,28.26,29.19,28.26,28.96,5100,25.98
2009-08-04,27.15,28.50,27.15,28.33,6900,25.41
2009-08-03,27.83,27.87,27.82,27.87,3500,25.00
2009-07-31,27.24,27.59,26.89,26.89,7200,24.12
2009-07-30,27.02,27.21,26.90,27.21,4600,24.41
2009-07-29,26.49,26.50,26.12,26.35,2300,23.64
2009-07-28,27.76,27.76,26.31,26.65,2600,23.91
2009-07-27,26.75,26.75,26.27,26.45,4800,23.73
2009-07-24,26.56,27.13,26.14,26.58,4500,23.84
2009-07-23,25.93,26.60,25.34,26.60,40100,23.86
2009-07-22,25.40,25.67,24.87,25.21,8800,22.61
2009-07-21,25.63,26.86,25.55,25.62,3100,22.98
2009-07-20,25.60,25.60,25.45,25.55,1400,22.92
2009-07-17,24.67,24.67,24.37,24.48,1400,21.96
2009-07-16,24.73,24.93,24.73,24.73,1600,22.18
2009-07-15,24.93,24.97,24.87,24.97,3400,22.40
2009-07-14,23.73,23.99,23.01,23.97,3200,21.50
2009-07-13,23.42,23.42,23.42,23.42,700,21.01
2009-07-10,23.16,23.30,23.09,23.30,3500,20.90
2009-07-09,23.43,23.60,23.43,23.60,900,21.17
2009-07-08,23.58,23.64,23.00,23.32,1900,20.92
2009-07-07,24.25,25.84,23.86,23.86,4300,21.40
2009-07-06,24.40,24.40,24.40,24.40,000,21.89
2009-07-02,24.50,24.59,24.38,24.40,900,21.89
2009-07-01,24.38,24.38,24.38,24.38,000,21.87
2009-06-30,24.75,24.75,23.13,24.38,11100,21.87
2009-06-29,25.13,25.13,25.13,25.13,200,22.54
2009-06-26,25.46,25.46,25.46,25.46,500,22.33
2009-06-25,24.65,24.72,24.04,24.59,4900,21.56
2009-06-24,24.24,24.24,23.77,24.24,800,21.26
2009-06-23,24.18,24.18,24.18,24.18,100,21.20
2009-06-22,24.66,25.57,23.21,24.07,2500,21.11
2009-06-19,26.34,26.34,24.66,24.66,400,21.63
2009-06-18,24.76,24.76,24.76,24.76,000,21.71
2009-06-17,24.81,24.81,23.92,24.76,2100,21.71
2009-06-16,24.87,24.87,24.85,24.85,500,21.79
2009-06-15,25.17,25.34,25.17,25.34,800,22.22
2009-06-12,25.89,26.45,25.88,26.42,1200,23.17
2009-06-11,25.71,25.79,24.92,25.55,2300,22.41
2009-06-10,26.50,26.50,25.82,25.82,3400,22.64
2009-06-09,25.57,25.90,25.57,25.90,2500,22.71
2009-06-08,25.71,25.71,25.71,25.71,000,22.55
2009-06-05,25.82,25.82,25.25,25.71,1600,22.55
2009-06-04,25.80,26.18,24.67,25.81,8300,22.63
2009-06-03,27.56,27.56,25.65,25.65,1200,22.49
2009-06-02,26.01,26.19,26.01,26.19,2500,22.97
2009-06-01,26.50,26.50,25.63,26.22,1100,22.99
2009-05-29,25.00,25.00,25.00,25.00,300,21.92
2009-05-28,24.64,24.64,23.82,24.50,1300,21.49
2009-05-27,24.79,24.79,24.41,24.45,700,21.44
2009-05-26,23.25,23.25,23.25,23.25,000,20.39
2009-05-22,23.25,23.25,23.25,23.25,000,20.39
2009-05-21,23.26,23.26,23.25,23.25,500,20.39
2009-05-20,23.88,23.88,23.88,23.88,400,20.94
2009-05-19,23.89,23.89,23.89,23.89,400,20.95
2009-05-18,23.18,23.18,23.18,23.18,200,20.33
2009-05-15,21.99,22.28,21.53,22.28,900,19.54
2009-05-14,22.84,23.56,22.84,22.97,1500,20.14
2009-05-13,22.76,22.76,22.10,22.10,600,19.38
2009-05-12,23.61,23.61,23.61,23.61,000,20.70
2009-05-11,23.61,23.61,23.61,23.61,000,20.70
2009-05-08,23.61,23.61,23.61,23.61,000,20.70
2009-05-07,24.16,25.36,23.25,23.61,4200,20.70
2009-05-06,22.82,23.55,22.82,22.85,1600,20.04
2009-05-05,23.40,23.40,23.40,23.40,200,20.52
2009-05-04,24.16,24.16,23.04,23.04,1400,20.21
2009-05-01,22.52,22.52,22.52,22.52,1000,19.75
2009-04-30,22.70,22.97,22.07,22.67,5300,19.88
2009-04-29,21.56,22.18,20.32,22.07,1500,19.35
2009-04-28,21.87,22.95,21.87,21.95,2500,19.25
2009-04-27,21.55,22.07,21.46,22.07,1400,19.35
2009-04-24,21.57,21.57,21.57,21.57,000,18.92
2009-04-23,21.55,21.57,21.55,21.57,900,18.92
2009-04-22,20.53,22.92,20.53,21.91,2400,19.21
2009-04-21,20.28,21.78,20.28,21.51,2600,18.86
2009-04-20,21.82,22.20,21.16,21.47,13300,18.83
2009-04-17,22.11,22.11,22.11,22.11,000,19.39
2009-04-16,21.94,22.27,21.22,22.11,3100,19.39
2009-04-15,21.44,21.61,20.69,21.44,1800,18.80
2009-04-14,21.89,21.89,21.05,21.72,900,19.05
2009-04-13,22.01,22.09,22.01,22.05,1500,19.34
2009-04-09,21.56,21.76,21.56,21.76,1300,19.08
2009-04-08,20.20,20.20,20.20,20.20,300,17.71
2009-04-07,18.26,21.50,18.13,20.33,8700,17.83
2009-04-06,20.60,20.60,20.60,20.60,000,18.07
2009-04-03,20.60,20.60,20.60,20.60,100,18.07
2009-04-02,20.05,20.45,18.12,20.36,5300,17.85
2009-04-01,18.57,18.57,18.57,18.57,000,16.29
2009-03-31,18.51,18.57,18.51,18.57,300,16.29
2009-03-30,17.28,18.27,17.28,17.89,1400,15.69
2009-03-27,19.25,19.25,18.30,19.12,2500,16.77
2009-03-26,19.34,19.38,18.65,19.17,1800,16.81
2009-03-25,18.98,20.76,18.45,19.05,4000,16.71
2009-03-24,19.48,19.48,18.75,19.20,5100,16.84
2009-03-23,18.97,18.97,18.11,18.73,1500,16.43
2009-03-20,18.11,18.11,18.11,18.11,100,15.88
2009-03-19,18.22,18.22,18.22,18.22,000,15.98
2009-03-18,18.42,18.42,18.22,18.22,400,15.98
2009-03-17,18.68,18.68,17.99,18.21,800,15.97
2009-03-16,17.79,17.79,17.79,17.79,000,15.60
2009-03-13,14.76,17.89,14.76,17.79,1100,15.60
2009-03-12,16.97,17.67,16.20,17.67,3300,15.50
2009-03-11,16.72,16.72,16.72,16.72,000,14.66
2009-03-10,16.10,16.72,16.10,16.72,500,14.66
2009-03-09,15.27,15.41,14.70,14.71,1600,12.90
2009-03-06,15.28,16.02,14.49,15.55,2300,13.64
2009-03-05,15.29,16.25,13.76,15.88,4100,13.93
2009-03-04,16.40,16.86,16.40,16.86,800,14.79
2009-03-03,16.95,16.95,16.49,16.49,600,14.46
2009-03-02,17.00,17.01,16.72,17.00,1200,14.91
2009-02-27,17.57,18.90,17.21,17.87,4000,15.67
2009-02-26,18.25,19.53,17.06,17.90,2500,15.70
2009-02-25,17.76,17.76,17.72,17.72,2200,15.54
2009-02-24,17.14,17.14,17.14,17.14,000,15.03
2009-02-23,18.29,18.29,16.71,17.14,10100,15.03
2009-02-20,18.15,18.15,18.15,18.15,000,15.92
2009-02-19,18.55,18.55,17.40,18.15,1900,15.92
2009-02-18,17.30,18.50,17.30,18.48,600,16.21
2009-02-17,20.01,20.01,20.01,20.01,000,17.55
2009-02-13,20.03,20.03,20.01,20.01,300,17.55
2009-02-12,20.17,20.20,20.00,20.00,800,17.54
2009-02-11,20.75,20.75,20.75,20.75,000,18.20
2009-02-10,21.20,21.20,20.75,20.75,1900,18.20
2009-02-09,21.79,21.99,21.79,21.96,4200,19.26
2009-02-06,21.00,21.60,21.00,21.60,1900,18.94
2009-02-05,20.22,20.65,20.22,20.65,300,18.11
2009-02-04,21.43,21.43,21.43,21.43,000,18.79
2009-02-03,21.32,21.43,21.32,21.43,800,18.79
2009-02-02,21.45,21.45,21.45,21.45,000,18.81
2009-01-30,21.03,22.00,21.03,21.45,1400,18.81
2009-01-29,22.76,22.76,22.21,22.21,1600,19.48
2009-01-28,21.08,21.08,21.08,21.08,000,18.49
2009-01-27,21.08,21.08,21.08,21.08,000,18.49
2009-01-26,21.08,21.08,21.08,21.08,000,18.49
2009-01-23,21.08,21.08,21.08,21.08,000,18.49
2009-01-22,21.08,21.08,21.08,21.08,000,18.49
2009-01-21,20.77,21.08,20.77,21.08,500,18.49
2009-01-20,21.61,21.61,20.53,21.37,800,18.74
2009-01-16,22.34,22.46,21.75,22.00,1500,19.29
2009-01-15,21.22,21.94,20.23,21.94,4500,19.24
2009-01-14,22.42,22.42,21.94,21.94,1000,19.24
2009-01-13,23.33,23.33,23.33,23.33,000,20.46
2009-01-12,24.20,25.79,22.83,23.33,6800,20.46
2009-01-09,24.95,24.95,24.95,24.95,2000,21.88
2009-01-08,25.12,25.14,25.12,25.14,600,22.05
2009-01-07,25.90,25.90,25.88,25.88,600,22.70
2009-01-06,25.51,25.51,25.51,25.51,000,22.37
2009-01-05,25.51,25.51,25.51,25.51,000,22.37
2009-01-02,25.56,25.56,25.51,25.51,1100,22.37
2008-12-31,25.47,25.47,24.74,24.85,5000,21.79
2008-12-30,25.78,26.61,24.26,24.48,2700,21.47
2008-12-29,25.12,25.12,24.43,24.43,7300,21.42
2008-12-26,25.00,26.36,23.53,25.35,14100,21.80
2008-12-24,25.10,25.14,25.10,25.14,800,21.62
2008-12-23,25.44,25.44,25.20,25.22,1500,21.69
2008-12-22,26.08,26.08,23.90,24.89,3000,21.41
2008-12-19,25.77,25.77,23.70,25.03,8300,21.53
2008-12-18,26.24,26.24,26.24,26.24,000,22.57
2008-12-17,26.16,26.26,26.16,26.24,400,22.57
2008-12-16,24.59,24.59,23.65,24.59,2900,21.15
2008-12-15,24.01,24.21,23.01,24.07,2400,20.70
2008-12-12,22.60,23.65,22.52,23.51,10100,20.22
2008-12-11,23.71,24.80,23.39,23.39,3400,20.12
2008-12-10,23.86,24.52,23.86,24.52,4200,21.09
2008-12-09,24.01,24.25,22.61,22.61,4200,19.45
2008-12-08,22.86,23.89,22.86,23.89,4700,20.55
2008-12-05,23.50,23.50,21.65,21.65,600,18.62
2008-12-04,23.91,23.91,21.59,21.84,9600,18.78
2008-12-03,24.06,24.06,20.95,22.41,10800,19.27
2008-12-02,21.57,21.67,21.57,21.67,900,18.64
2008-12-01,27.46,27.46,21.61,21.61,6800,18.59
2008-11-28,22.30,26.99,22.30,24.30,800,20.90
2008-11-26,21.21,21.21,21.21,21.21,000,18.24
2008-11-25,21.21,21.21,21.21,21.21,000,18.24
2008-11-24,20.86,21.21,20.82,21.21,1100,18.24
2008-11-21,17.59,18.96,17.59,18.96,2700,16.31
2008-11-20,19.23,19.65,17.60,17.60,4500,15.14
2008-11-19,21.58,21.58,19.81,19.81,10100,17.04
2008-11-18,22.34,22.34,22.34,22.34,100,19.21
2008-11-17,22.86,24.59,22.83,23.06,5400,19.83
2008-11-14,23.90,23.90,23.40,23.40,500,20.12
2008-11-13,23.32,24.08,22.93,24.03,8400,20.67
2008-11-12,23.86,23.86,23.50,23.50,200,20.21
2008-11-11,25.23,25.23,24.50,24.50,700,21.07
2008-11-10,27.00,27.00,25.10,26.10,5600,22.45
2008-11-07,26.59,26.59,26.59,26.59,000,22.87
2008-11-06,27.10,27.10,26.59,26.59,1000,22.87
2008-11-05,28.63,28.63,27.97,27.97,500,24.06
2008-11-04,28.25,28.25,28.25,28.25,1200,24.30
2008-11-03,27.54,27.54,27.54,27.54,000,23.69
2008-10-31,27.56,27.56,27.25,27.54,2800,23.69
2008-10-30,27.10,27.10,25.55,26.34,3600,22.65
2008-10-29,26.10,26.25,25.40,26.25,3800,22.58
2008-10-28,24.59,25.52,24.05,25.52,5000,21.95
2008-10-27,24.95,25.35,24.95,25.10,1400,21.59
2008-10-24,25.36,25.36,25.25,25.25,1600,21.72
2008-10-23,27.17,27.25,25.95,25.95,3100,22.32
2008-10-22,27.90,27.90,26.50,26.50,900,22.79
2008-10-21,29.98,29.98,29.55,29.55,3000,25.41
2008-10-20,29.65,29.65,29.65,29.65,300,25.50
2008-10-17,28.75,29.64,28.65,29.00,7500,24.94
2008-10-16,28.65,29.00,27.75,28.75,7300,24.73
2008-10-15,30.85,32.45,29.30,29.45,166800,25.33
2008-10-14,33.15,33.15,31.35,31.35,3600,26.96
2008-10-13,31.00,31.22,30.85,31.22,1000,26.85
2008-10-10,29.83,29.83,27.75,28.75,2700,24.73
2008-10-09,31.50,31.90,29.85,31.90,2400,27.44
2008-10-08,30.55,32.52,30.55,31.88,1300,27.42
2008-10-07,32.90,32.90,32.90,32.90,000,28.30
2008-10-06,33.60,34.05,32.90,32.90,4000,28.30
2008-10-03,36.00,36.55,36.00,36.55,300,31.43
2008-10-02,37.60,37.60,37.10,37.10,3000,31.91
2008-10-01,37.97,37.97,37.97,37.97,1000,32.66
2008-09-30,37.98,39.40,36.70,38.22,7600,32.87
2008-09-29,39.00,39.00,37.00,37.00,900,31.82
2008-09-26,39.45,39.45,39.45,39.45,100,33.93
2008-09-25,38.93,38.93,38.93,38.93,000,33.48
2008-09-24,39.91,40.00,38.89,38.93,900,33.48
2008-09-23,40.55,43.00,39.58,41.25,4400,35.48
2008-09-22,42.20,49.04,41.79,41.83,5000,35.98
2008-09-19,41.40,41.44,41.40,41.44,700,35.64
2008-09-18,38.55,38.55,37.85,38.35,3100,32.98
2008-09-17,39.70,39.70,37.35,37.35,3300,32.12
2008-09-16,38.90,39.40,38.90,39.15,900,33.67
2008-09-15,40.92,40.92,40.81,40.81,800,35.10
2008-09-12,41.45,41.50,40.95,41.50,400,35.69
2008-09-11,40.65,41.00,40.64,40.99,1000,35.25
2008-09-10,41.50,41.65,41.50,41.65,500,35.82
2008-09-09,41.95,41.95,41.76,41.95,900,36.08
2008-09-08,42.03,42.03,41.30,41.80,800,35.95
2008-09-05,39.90,40.55,39.70,40.55,12400,34.87
2008-09-04,41.20,41.20,40.69,40.69,200,35.00
2008-09-03,41.16,41.50,41.16,41.50,1400,35.69
2008-09-02,41.95,41.95,41.55,41.55,400,35.73
2008-08-29,42.05,42.10,42.00,42.05,1500,36.16
2008-08-28,42.76,42.76,41.45,41.55,2500,35.73
2008-08-27,40.98,40.98,40.65,40.98,2600,35.24
2008-08-26,40.90,40.92,40.85,40.85,4500,35.13
2008-08-25,41.10,41.10,41.00,41.00,1100,35.26
2008-08-22,40.60,41.15,40.60,40.75,2100,35.05
2008-08-21,40.50,40.83,40.38,40.83,4500,35.12
2008-08-20,40.75,40.75,40.56,40.70,2100,35.00
2008-08-19,40.35,40.35,40.25,40.25,800,34.62
2008-08-18,42.00,42.20,41.78,41.78,3200,35.93
2008-08-15,41.90,41.90,41.85,41.85,800,35.99
2008-08-14,41.65,41.65,41.65,41.65,000,35.82
2008-08-13,41.65,41.65,41.65,41.65,800,35.82
2008-08-12,43.26,43.26,43.15,43.15,400,37.11
2008-08-11,42.22,42.22,42.22,42.22,000,36.31
2008-08-08,42.22,42.22,42.22,42.22,700,36.31
2008-08-07,42.55,42.55,42.55,42.55,000,36.59
2008-08-06,42.55,42.55,42.55,42.55,000,36.59
2008-08-05,42.65,42.65,42.55,42.55,200,36.59
2008-08-04,42.25,42.25,42.25,42.25,000,36.34
2008-08-01,42.25,42.25,42.25,42.25,1100,36.34
2008-07-31,42.65,42.70,42.62,42.70,2400,36.72
2008-07-30,43.00,43.00,42.60,42.60,900,36.64
2008-07-29,42.00,42.32,42.00,42.32,1100,36.40
2008-07-28,43.85,43.85,43.85,43.85,000,37.71
2008-07-25,43.85,43.85,43.85,43.85,000,37.71
2008-07-24,45.74,45.74,43.85,43.85,2800,37.71
2008-07-23,42.00,44.20,42.00,44.20,2100,38.01
2008-07-22,42.15,42.15,42.15,42.15,200,36.25
2008-07-21,43.35,43.35,42.30,42.43,3700,36.49
2008-07-18,41.55,41.55,41.54,41.55,2800,35.73
2008-07-17,40.90,40.90,40.90,40.90,200,35.18
2008-07-16,38.90,39.31,38.90,39.31,1000,33.81
2008-07-15,38.51,39.55,38.51,39.32,2500,33.82
2008-07-14,40.45,40.45,40.45,40.45,200,34.79
2008-07-11,40.80,40.80,40.80,40.80,100,35.09
2008-07-10,41.30,41.30,41.30,41.30,000,35.52
2008-07-09,42.20,42.20,41.30,41.30,2500,35.52
2008-07-08,40.70,41.66,40.67,41.66,1200,35.83
2008-07-07,41.60,41.60,41.60,41.60,000,35.78
2008-07-03,41.60,41.60,41.60,41.60,300,35.78
2008-07-02,41.84,41.84,41.46,41.46,1600,35.66
2008-07-01,41.55,41.70,41.55,41.69,2300,35.86
2008-06-30,42.45,42.55,42.45,42.55,2200,36.59
2008-06-27,42.46,42.46,42.46,42.46,100,36.52
2008-06-26,43.25,43.25,42.70,42.70,1300,36.72
2008-06-25,43.26,43.75,43.13,43.75,2700,37.63
2008-06-24,43.40,43.65,41.67,42.90,13300,36.90
2008-06-23,44.00,44.00,42.86,43.10,8200,37.07
2008-06-20,44.90,44.90,44.21,44.21,2500,38.02
2008-06-19,44.50,44.60,44.50,44.60,2500,38.36
2008-06-18,44.90,44.90,44.72,44.75,4300,38.49
2008-06-17,45.89,45.89,45.27,45.27,3700,38.93
2008-06-16,45.25,45.25,45.25,45.25,500,38.92
2008-06-13,44.72,44.72,43.59,44.72,15200,38.46
2008-06-12,44.73,44.73,44.28,44.28,500,38.08
2008-06-11,45.25,45.25,45.25,45.25,000,38.92
2008-06-10,45.28,45.30,45.25,45.25,600,38.92
2008-06-09,47.15,47.60,46.50,46.50,4400,39.99
2008-06-06,47.50,47.80,47.50,47.65,3300,40.98
2008-06-05,47.70,47.77,47.70,47.77,300,41.08
2008-06-04,47.60,47.65,47.60,47.65,4700,40.98
2008-06-03,49.72,49.72,47.35,47.46,1600,40.82
2008-06-02,50.17,50.17,47.70,47.70,500,41.02
2008-05-30,48.23,48.23,47.85,48.18,1300,41.44
2008-05-29,47.68,47.95,47.68,47.95,3000,41.24
2008-05-28,47.95,47.95,47.83,47.90,6000,41.20
2008-05-27,47.60,47.60,47.60,47.60,5100,40.94
2008-05-23,47.99,47.99,47.85,47.85,1300,41.15
2008-05-22,47.99,48.00,47.92,47.95,2300,41.24