2011-05-10,21.26,21.26,21.26,21.26,8800,21.26
2011-05-09,21.36,21.41,21.29,21.38,3000,21.38
2011-05-06,21.17,21.25,21.17,21.25,3500,21.25
2011-05-05,21.17,21.25,21.17,21.25,36200,21.25
2011-05-04,21.09,21.14,21.09,21.14,2900,21.14
2011-05-03,21.17,21.21,21.17,21.21,2100,21.21
2011-05-02,21.25,21.26,21.23,21.23,4200,21.23
2011-04-29,21.23,21.28,21.23,21.25,43000,21.25
2011-04-28,21.35,21.35,21.35,21.35,18400,21.35
2011-04-27,21.50,21.51,21.49,21.51,18500,21.51
2011-04-26,21.57,21.71,21.57,21.70,5000,21.70
2011-04-25,21.87,21.87,21.68,21.69,12000,21.69
2011-04-21,21.71,21.73,21.70,21.73,34800,21.73
2011-04-20,21.71,21.71,21.70,21.71,5100,21.71
2011-04-19,21.71,21.74,21.71,21.74,3500,21.74
2011-04-18,21.84,21.86,21.76,21.77,9800,21.77
2011-04-15,21.57,21.79,20.37,21.70,2900,21.70
2011-04-14,21.59,21.66,21.59,21.66,3900,21.66
2011-04-13,21.68,21.76,21.65,21.67,4100,21.67
2011-04-12,21.88,21.89,21.69,21.69,17400,21.69
2011-04-11,21.66,21.91,21.66,21.86,3400,21.86
2011-04-08,21.97,22.08,21.97,21.99,51800,21.99
2011-04-07,22.00,22.10,21.91,22.10,18400,22.10
2011-04-06,22.27,22.27,22.27,22.27,000,22.27
2011-04-05,22.37,22.37,22.26,22.27,1400,22.27
2011-04-04,22.17,22.30,22.17,22.20,4100,22.20
2011-04-01,22.31,22.31,22.26,22.26,9200,22.26
2011-03-31,22.50,22.51,22.36,22.36,6000,22.36
2011-03-30,22.42,22.42,22.38,22.39,107300,22.39
2011-03-29,22.55,22.55,22.55,22.55,1000,22.55
2011-03-28,22.56,22.60,22.55,22.56,4400,22.56
2011-03-25,22.57,22.64,22.54,22.55,94400,22.55
2011-03-24,22.58,22.58,22.58,22.58,5400,22.58
2011-03-23,21.95,22.70,21.04,22.70,5000,22.70
2011-03-22,22.53,22.72,22.53,22.72,6100,22.72
2011-03-21,22.63,22.94,22.63,22.80,53900,22.80
2011-03-18,22.92,22.93,22.92,22.93,7000,22.93
2011-03-17,22.94,23.04,22.81,23.04,21900,23.04
2011-03-16,22.57,22.87,22.57,22.85,20300,22.85
2011-03-15,22.70,22.75,22.70,22.73,9300,22.73
2011-03-14,22.61,22.64,22.61,22.63,2100,22.63
2011-03-11,22.80,22.80,22.80,22.80,900,22.80
2011-03-10,22.81,22.81,22.73,22.79,12700,22.79
2011-03-09,22.97,22.97,22.97,22.97,100,22.97
2011-03-08,23.02,23.03,23.02,23.03,1200,23.03
2011-03-07,23.36,23.36,23.27,23.34,1700,23.34
2011-03-04,23.33,23.33,23.26,23.33,4000,23.33
2011-03-03,23.30,23.32,23.30,23.32,2000,23.32
2011-03-02,23.40,23.40,23.40,23.40,1500,23.40
2011-03-01,23.30,23.30,23.27,23.27,1900,23.27
2011-02-28,23.56,23.56,23.39,23.48,4000,23.48
2011-02-25,23.13,23.43,23.13,23.35,8800,23.35
2011-02-24,23.28,23.32,23.20,23.21,500,23.21
2011-02-23,22.90,23.35,22.90,23.29,3300,23.29
2011-02-22,23.43,23.55,21.27,23.55,32100,23.55
2011-02-18,23.00,23.02,22.81,22.95,164800,22.95
2011-02-17,23.32,23.32,23.00,23.01,2000,23.01
2011-02-16,23.24,23.25,23.14,23.21,22800,23.21
2011-02-15,23.31,23.31,23.10,23.11,13300,23.11
2011-02-14,23.21,23.49,23.21,23.49,700,23.49
2011-02-11,23.40,23.40,23.25,23.25,28400,23.25
2011-02-10,23.49,23.60,23.44,23.51,9100,23.51
2011-02-09,23.24,23.24,23.04,23.18,22700,23.18
2011-02-08,23.14,23.15,23.07,23.11,8800,23.11
2011-02-07,23.46,23.46,23.40,23.41,3200,23.41
2011-02-04,23.39,23.40,23.38,23.40,3300,23.40
2011-02-03,23.49,23.49,23.39,23.43,3200,23.43
2011-02-02,23.21,23.45,23.21,23.40,15000,23.40
2011-02-01,23.51,23.52,23.38,23.45,2500,23.45
2011-01-31,23.35,23.44,23.34,23.44,1800,23.44
2011-01-28,23.25,23.65,23.25,23.65,2800,23.65
2011-01-27,23.37,23.37,23.34,23.35,6400,23.35
2011-01-26,23.51,23.63,23.51,23.63,1700,23.63
2011-01-25,23.26,23.35,23.26,23.35,1800,23.35
2011-01-24,23.15,23.24,23.14,23.20,6200,23.20
2011-01-21,23.34,23.40,23.27,23.27,21100,23.27
2011-01-20,23.54,23.80,23.54,23.73,2700,23.73
2011-01-19,24.18,24.18,24.00,24.07,19800,24.07
2011-01-18,24.26,24.26,24.24,24.24,3800,24.24
2011-01-14,24.54,24.54,24.22,24.24,5700,24.24
2011-01-13,26.98,26.98,24.46,24.50,165100,24.50
2011-01-12,25.41,25.41,24.88,24.88,2700,24.88
2011-01-11,25.47,25.61,25.47,25.56,2800,25.56
2011-01-10,25.37,25.38,25.35,25.35,1700,25.35
2011-01-07,25.35,25.43,25.35,25.43,1000,25.43
2011-01-06,25.23,25.36,25.23,25.35,2300,25.35
2011-01-05,25.55,25.55,25.38,25.38,1700,25.38
2011-01-04,25.32,25.36,25.16,25.36,1900,25.36
2011-01-03,25.21,25.39,25.21,25.26,1400,25.26
2010-12-31,25.15,25.28,25.15,25.28,1100,25.28
2010-12-30,25.27,25.27,25.25,25.25,1500,25.25
2010-12-29,25.18,25.18,25.18,25.18,300,25.18
2010-12-28,25.00,25.15,25.00,25.15,2900,25.15
2010-12-27,25.13,25.13,25.07,25.13,4100,25.13
2010-12-23,25.08,25.08,25.06,25.08,6700,25.08
2010-12-22,25.21,25.21,24.98,25.10,3700,25.10
2010-12-21,25.13,25.24,25.13,25.20,18400,25.20
2010-12-20,25.46,25.46,25.12,25.28,1200,25.28
2010-12-17,25.00,25.49,25.00,25.49,2300,25.49
2010-12-16,25.32,25.32,25.15,25.21,600,25.21
2010-12-15,25.20,25.20,25.08,25.15,93100,25.15
2010-12-14,25.16,25.33,24.78,25.05,20000,25.05
2010-12-13,25.31,25.31,25.00,25.05,12900,25.05
2010-12-10,25.28,25.28,25.18,25.20,5800,25.20
2010-12-09,25.11,25.13,25.02,25.05,5500,25.05
2010-12-08,25.66,25.66,25.20,25.20,4200,25.20
2010-12-07,25.75,25.75,25.75,25.75,000,25.75
2010-12-06,24.99,25.91,24.99,25.75,3100,25.75
2010-12-03,25.59,25.72,25.49,25.61,5600,25.61
2010-12-02,25.92,25.94,25.81,25.83,13200,25.83
2010-12-01,26.71,26.71,26.02,26.02,800,26.02
2010-11-30,26.07,26.19,26.05,26.14,10000,26.14
2010-11-29,25.75,26.00,25.74,25.82,8900,25.82
2010-11-26,25.53,25.53,25.53,25.53,000,25.53
2010-11-24,25.13,25.53,25.10,25.53,49300,25.53
2010-11-23,24.97,25.14,24.97,25.14,25000,25.14
2010-11-22,24.88,25.02,24.65,24.85,30400,24.85
2010-11-19,24.61,24.64,24.58,24.64,13200,24.64
2010-11-18,24.60,24.84,24.60,24.73,24200,24.73
2010-11-17,24.56,24.56,24.56,24.56,600,24.56
2010-11-16,24.70,24.70,24.52,24.52,4000,24.52
2010-11-15,24.66,24.72,24.66,24.72,800,24.72
2010-11-12,24.80,24.86,24.77,24.78,2500,24.78
2010-11-11,25.08,25.08,24.96,24.96,2200,24.96
2010-11-10,25.01,25.01,24.85,24.95,500,24.95
2010-11-09,24.78,24.90,24.75,24.80,57300,24.80
2010-11-08,24.77,24.78,24.77,24.78,2300,24.78
2010-11-05,24.41,24.74,24.41,24.74,3000,24.74
2010-11-04,24.50,24.70,24.50,24.58,1900,24.58
2010-11-03,24.38,24.82,24.38,24.82,1300,24.82
2010-11-02,24.86,24.86,24.80,24.81,800,24.81
2010-11-01,24.80,24.97,24.79,24.97,4800,24.97
2010-10-29,24.62,24.62,24.62,24.62,100,24.62
2010-10-28,24.47,24.54,24.47,24.51,3600,24.51
2010-10-27,24.34,24.51,24.33,24.51,4100,24.51
2010-10-26,24.54,24.60,24.53,24.58,1800,24.58
2010-10-25,24.55,24.65,24.55,24.55,4400,24.55
2010-10-22,24.25,24.39,24.25,24.33,900,24.33
2010-10-21,24.35,24.43,24.17,24.39,4500,24.39
2010-10-20,24.47,24.47,24.40,24.41,4600,24.41
2010-10-19,24.57,24.57,24.12,24.43,6400,24.43
2010-10-18,24.96,24.97,24.57,24.57,4700,24.57
2010-10-15,24.87,24.93,24.71,24.93,1500,24.93
2010-10-14,24.92,24.92,24.92,24.92,000,24.92
2010-10-13,24.82,24.92,24.76,24.92,2200,24.92
2010-10-12,25.04,25.04,24.90,24.90,1000,24.90
2010-10-11,24.73,24.96,24.73,24.94,2500,24.94
2010-10-08,24.76,24.91,24.66,24.83,11600,24.83
2010-10-07,24.75,24.75,24.75,24.75,700,24.75
2010-10-06,24.90,24.99,24.89,24.99,20700,24.99
2010-10-05,25.00,25.00,24.86,24.90,12000,24.90
2010-10-04,25.40,25.48,25.37,25.48,600,25.48
2010-10-01,25.31,25.33,25.31,25.33,2300,25.33
2010-09-30,25.13,25.13,25.03,25.03,700,25.03
2010-09-29,24.93,24.95,24.93,24.95,400,24.95
2010-09-28,25.05,25.06,24.94,24.98,1900,24.98
2010-09-27,24.91,25.02,24.86,24.98,7600,24.98
2010-09-24,24.88,25.20,24.69,24.69,3000,24.69
2010-09-23,25.19,25.19,25.19,25.19,400,25.19
2010-09-22,24.96,25.00,24.96,25.00,200,25.00
2010-09-21,24.65,24.90,24.65,24.90,2500,24.90
2010-09-20,25.02,25.07,24.90,24.90,2800,24.90
2010-09-17,25.05,25.05,25.00,25.00,1000,25.00
2010-09-16,24.84,24.86,24.78,24.81,5400,24.81
2010-09-15,24.87,24.87,24.82,24.82,5100,24.82
2010-09-14,24.88,24.88,24.77,24.78,1600,24.78
2010-09-13,25.02,25.02,24.96,24.96,5900,24.96
2010-09-10,25.06,25.10,25.05,25.10,1700,25.10
2010-09-09,24.95,25.16,24.93,25.13,3900,25.13
2010-09-08,25.12,25.15,25.12,25.15,1600,25.15
2010-09-07,24.77,25.19,24.77,25.19,6900,25.19
2010-09-03,24.90,24.95,24.90,24.90,4600,24.90
2010-09-02,24.94,25.04,24.94,25.00,1000,25.00
2010-09-01,25.28,25.31,25.28,25.31,13900,25.31
2010-08-31,25.39,25.44,25.32,25.38,75800,25.38
2010-08-30,25.00,25.37,25.00,25.36,15600,25.36
2010-08-27,25.34,25.34,25.18,25.24,2500,25.24
2010-08-26,25.21,25.29,25.20,25.29,3700,25.29
2010-08-25,25.34,25.34,25.27,25.27,4100,25.27
2010-08-24,25.04,25.48,25.04,25.48,4300,25.48
2010-08-23,25.41,25.41,25.30,25.30,26800,25.30
2010-08-20,25.46,25.46,25.46,25.46,500,25.46
2010-08-19,25.32,25.36,25.28,25.29,90000,25.29
2010-08-18,25.09,25.12,25.05,25.08,10200,25.08
2010-08-17,25.07,25.12,25.07,25.12,7400,25.12
2010-08-16,25.18,25.18,25.01,25.10,6300,25.10
2010-08-13,24.90,24.98,24.90,24.95,700,24.95
2010-08-12,24.71,24.75,24.71,24.75,1200,24.75
2010-08-11,24.54,24.64,24.52,24.63,3000,24.63
2010-08-10,24.52,24.52,24.52,24.52,1000,24.52
2010-08-09,28.28,28.28,24.64,24.66,3000,24.66
2010-08-06,25.12,25.12,24.71,24.73,4500,24.73
2010-08-05,24.65,24.65,24.65,24.65,1500,24.65
2010-08-04,25.26,25.26,24.65,24.65,22400,24.65
2010-08-03,24.72,24.72,24.60,24.70,1500,24.70
2010-08-02,24.73,24.82,24.70,24.70,2900,24.70
2010-07-30,24.88,24.95,24.88,24.95,8600,24.95
2010-07-29,24.83,24.83,24.79,24.79,1500,24.79
2010-07-28,24.59,24.78,24.59,24.78,11900,24.78
2010-07-27,24.85,24.85,24.58,24.62,13800,24.62
2010-07-26,24.92,25.03,24.91,24.91,6900,24.91
2010-07-23,25.24,25.25,25.06,25.09,12000,25.09
2010-07-22,25.38,25.38,25.10,25.15,15200,25.15
2010-07-21,25.33,25.50,25.24,25.43,8500,25.43
2010-07-20,25.43,25.43,25.24,25.24,182900,25.24
2010-07-19,24.87,25.05,24.87,24.98,4200,24.98
2010-07-16,24.94,25.00,24.94,25.00,1400,25.00
2010-07-15,25.20,25.20,24.82,24.82,4200,24.82
2010-07-14,24.98,25.00,24.95,24.97,14000,24.97
2010-07-13,25.10,25.10,24.90,24.95,124400,24.95
2010-07-12,25.26,25.35,25.00,25.14,1185900,25.14
2010-07-09,25.35,25.49,25.17,25.17,1566700,25.17