2011-05-10,16.94,16.94,16.71,16.73,16700,16.73
2011-05-09,16.87,16.91,16.68,16.74,20700,16.74
2011-05-06,16.74,16.97,16.73,16.73,5000,16.73
2011-05-05,17.03,17.03,16.76,16.81,1400,16.81
2011-05-04,16.95,17.03,16.69,16.94,20000,16.94
2011-05-03,17.01,17.03,16.91,16.93,9300,16.93
2011-05-02,17.36,17.36,17.02,17.02,4500,17.02
2011-04-29,17.04,17.04,17.04,17.04,700,17.04
2011-04-28,17.00,17.36,17.00,17.19,54000,17.19
2011-04-27,17.01,17.25,17.00,17.25,9100,17.25
2011-04-26,16.98,17.01,16.98,17.00,5100,17.00
2011-04-25,16.80,16.92,16.80,16.92,3500,16.92
2011-04-21,16.77,16.83,16.73,16.83,4300,16.83
2011-04-20,16.75,16.75,16.70,16.72,33300,16.72
2011-04-19,16.72,16.72,16.69,16.69,1500,16.69
2011-04-18,16.57,16.57,16.34,16.56,3100,16.56
2011-04-15,16.85,16.86,16.79,16.83,800,16.83
2011-04-14,16.61,16.90,16.61,16.85,5500,16.85
2011-04-13,16.66,16.82,16.50,16.60,44100,16.60
2011-04-12,16.67,16.67,16.46,16.50,10900,16.50
2011-04-11,16.70,16.70,16.58,16.62,9700,16.62
2011-04-08,16.70,16.70,16.45,16.53,14800,16.53
2011-04-07,16.70,16.70,16.47,16.62,2200,16.62
2011-04-06,16.50,16.57,16.50,16.53,1100,16.53
2011-04-05,16.23,16.40,16.23,16.27,33400,16.27
2011-04-04,16.56,16.59,16.20,16.26,66100,16.26
2011-04-01,16.60,16.60,16.51,16.51,3600,16.51
2011-03-31,16.61,16.77,16.51,16.68,64400,16.68
2011-03-30,16.51,16.65,16.50,16.65,12500,16.65
2011-03-29,16.37,16.62,16.37,16.40,5600,16.40
2011-03-28,16.51,16.62,16.23,16.40,8800,16.40
2011-03-25,16.06,16.31,16.06,16.30,2200,16.30
2011-03-24,16.09,16.38,16.09,16.38,22900,16.38
2011-03-23,16.12,16.20,16.12,16.17,2100,16.17
2011-03-22,15.95,16.15,15.92,16.11,6400,16.11
2011-03-21,16.19,16.19,15.88,15.99,10000,15.99
2011-03-18,16.21,16.23,16.05,16.08,6900,16.02
2011-03-17,15.65,15.80,15.53,15.69,11100,15.63
2011-03-16,15.98,15.98,15.35,15.35,14700,15.29
2011-03-15,15.81,16.21,15.58,16.05,47800,15.99
2011-03-14,16.00,16.25,16.00,16.20,10200,16.14
2011-03-11,15.89,16.00,15.89,15.92,8100,15.86
2011-03-10,16.11,16.11,15.80,15.91,10900,15.85
2011-03-09,15.66,15.97,15.66,15.85,15800,15.79
2011-03-08,15.41,15.74,15.41,15.65,18700,15.59
2011-03-07,15.34,15.38,15.10,15.15,21900,15.10
2011-03-04,15.20,15.40,15.06,15.10,13500,15.05
2011-03-03,15.05,15.44,14.96,15.44,34600,15.38
2011-03-02,15.27,15.27,14.79,14.89,70200,14.84
2011-03-01,15.52,15.62,15.15,15.19,23400,15.14
2011-02-28,15.77,15.77,15.46,15.70,7900,15.64
2011-02-25,16.00,16.11,15.73,15.77,39900,15.71
2011-02-24,16.00,16.09,15.76,15.85,17700,15.79
2011-02-23,15.51,15.89,15.51,15.68,15200,15.62
2011-02-22,16.01,16.18,15.46,15.50,36800,15.44
2011-02-18,16.48,16.52,16.23,16.23,27600,16.17
2011-02-17,16.72,16.72,16.37,16.38,21400,16.32
2011-02-16,16.75,16.85,16.63,16.66,50100,16.60
2011-02-15,17.03,17.03,16.70,16.70,4900,16.64
2011-02-14,17.00,17.04,16.73,16.89,10500,16.83
2011-02-11,16.71,17.23,16.70,17.12,8300,17.06
2011-02-10,16.67,16.86,16.66,16.86,14000,16.80
2011-02-09,16.70,16.70,16.46,16.59,10900,16.53
2011-02-08,16.75,16.75,16.44,16.44,43300,16.38
2011-02-07,16.79,16.79,16.52,16.52,16500,16.46
2011-02-04,16.97,16.97,16.35,16.68,47700,16.62
2011-02-03,16.65,16.85,16.49,16.83,25800,16.77
2011-02-02,16.64,16.81,16.59,16.74,33700,16.68
2011-02-01,16.72,16.91,16.36,16.50,52200,16.44
2011-01-31,16.63,16.82,16.44,16.82,60300,16.76
2011-01-28,16.95,17.07,16.55,16.72,34000,16.66
2011-01-27,17.19,17.19,16.96,17.09,26900,17.03
2011-01-26,17.32,17.48,17.26,17.45,28200,17.39
2011-01-25,17.53,17.53,17.18,17.18,8900,17.12
2011-01-24,17.53,17.53,17.32,17.47,6700,17.41
2011-01-21,17.38,17.50,17.19,17.27,14400,17.21
2011-01-20,17.15,17.37,17.15,17.26,15400,17.20
2011-01-19,17.33,17.33,17.15,17.15,8600,17.09
2011-01-18,17.40,17.53,17.33,17.53,52800,17.47
2011-01-14,17.42,17.52,17.40,17.52,24400,17.46
2011-01-13,17.53,17.53,17.40,17.43,61400,17.37
2011-01-12,17.22,17.44,17.22,17.44,10200,17.38
2011-01-11,17.37,17.37,17.20,17.21,9800,17.15
2011-01-10,17.26,17.29,17.19,17.27,16200,17.21
2011-01-07,17.31,17.31,17.20,17.27,10500,17.21
2011-01-06,17.32,17.32,17.12,17.16,23600,17.10
2011-01-05,17.30,17.30,17.24,17.25,22700,17.19
2011-01-04,17.23,17.26,17.16,17.26,14800,17.20
2011-01-03,17.22,17.25,17.15,17.23,11000,17.17
2010-12-31,17.06,17.07,17.00,17.04,12100,16.98
2010-12-30,17.05,17.05,16.85,17.02,23300,16.96
2010-12-29,16.95,16.98,16.78,16.95,49900,16.89
2010-12-28,16.87,17.00,16.86,16.99,8800,16.93
2010-12-27,17.04,17.06,16.95,16.95,3100,16.89
2010-12-23,16.82,16.86,16.54,16.77,36600,16.71
2010-12-22,16.86,16.94,16.85,16.94,3400,16.88
2010-12-21,16.98,17.00,16.89,16.97,9200,16.89
2010-12-20,17.07,17.07,16.84,16.93,18400,16.85
2010-12-17,16.92,17.05,16.85,17.05,19700,16.97
2010-12-16,16.86,16.99,16.85,16.98,35700,16.90
2010-12-15,16.90,17.07,16.90,17.00,2300,16.92
2010-12-14,16.79,16.96,16.74,16.85,9800,16.77
2010-12-13,16.93,16.93,16.70,16.78,9800,16.70
2010-12-10,16.61,16.84,16.61,16.68,13200,16.60
2010-12-09,16.81,16.81,16.62,16.73,3200,16.65
2010-12-08,16.77,16.94,16.72,16.93,11000,16.85
2010-12-07,17.04,17.04,16.75,16.79,57000,16.71
2010-12-06,16.66,16.89,16.63,16.80,69000,16.72
2010-12-03,16.50,16.57,16.43,16.57,36400,16.49
2010-12-02,16.42,16.54,16.40,16.40,9600,16.32
2010-12-01,16.40,16.62,16.30,16.58,26800,16.50
2010-11-30,16.36,16.39,16.26,16.26,3500,16.18
2010-11-29,16.46,16.46,16.16,16.41,26800,16.33
2010-11-26,16.40,16.40,16.40,16.40,700,16.32
2010-11-24,16.60,16.66,16.60,16.65,2100,16.57
2010-11-23,16.50,16.54,16.36,16.36,5100,16.28
2010-11-22,16.69,16.76,16.69,16.76,600,16.68
2010-11-19,16.61,16.62,16.56,16.56,700,16.48
2010-11-18,16.67,16.67,16.67,16.67,100,16.59
2010-11-17,16.48,16.48,16.33,16.45,6500,16.37
2010-11-16,16.45,16.58,16.26,16.45,7400,16.37
2010-11-15,16.51,16.69,16.51,16.57,4200,16.49
2010-11-12,16.64,16.64,16.34,16.39,13600,16.31
2010-11-11,16.65,16.67,16.57,16.66,9800,16.58
2010-11-10,16.81,17.01,16.68,16.90,14300,16.82
2010-11-09,16.70,16.83,16.69,16.76,148800,16.68
2010-11-08,16.73,16.75,16.34,16.70,14500,16.62
2010-11-05,16.71,16.75,16.61,16.75,4900,16.67
2010-11-04,16.66,16.81,16.59,16.62,9600,16.54
2010-11-03,16.42,16.42,16.25,16.35,4200,16.27
2010-11-02,16.45,16.49,16.45,16.47,3200,16.39
2010-11-01,16.50,16.50,16.34,16.43,6100,16.35
2010-10-29,16.45,16.45,16.31,16.37,20300,16.29
2010-10-28,16.56,16.56,16.40,16.44,8700,16.36
2010-10-27,16.49,16.49,16.36,16.37,1500,16.29
2010-10-26,16.48,16.56,16.48,16.56,4600,16.48
2010-10-25,16.33,16.38,16.33,16.38,2700,16.30
2010-10-22,16.27,16.27,16.17,16.17,40600,16.09
2010-10-21,16.42,16.42,16.21,16.21,12500,16.13
2010-10-20,16.22,16.50,16.22,16.50,19100,16.42
2010-10-19,16.38,16.40,16.16,16.26,18600,16.18
2010-10-18,16.39,16.54,16.39,16.51,7400,16.43
2010-10-15,16.49,16.50,16.27,16.35,4400,16.27
2010-10-14,16.43,16.43,16.32,16.35,7800,16.27
2010-10-13,16.42,16.54,16.40,16.52,7600,16.44
2010-10-12,16.33,16.36,16.29,16.36,2600,16.28
2010-10-11,16.23,16.36,16.23,16.34,12800,16.26
2010-10-08,16.13,16.13,16.12,16.13,5200,16.05
2010-10-07,16.06,16.13,16.01,16.04,3900,15.96
2010-10-06,16.08,16.09,15.90,15.99,9500,15.91
2010-10-05,15.84,16.13,15.84,15.99,6200,15.91
2010-10-04,16.06,16.06,15.75,15.90,16200,15.82
2010-10-01,16.12,16.12,16.04,16.09,19500,16.01
2010-09-30,16.09,16.13,15.92,15.92,3000,15.84
2010-09-29,15.97,16.08,15.93,16.02,7300,15.94
2010-09-28,15.65,15.65,15.64,15.64,1000,15.56
2010-09-27,15.72,15.72,15.56,15.56,800,15.48
2010-09-24,15.85,15.85,15.73,15.85,4800,15.77
2010-09-23,15.59,15.82,15.59,15.71,900,15.63
2010-09-22,15.60,15.63,15.59,15.63,1000,15.55
2010-09-21,15.77,15.77,15.69,15.69,8000,15.61
2010-09-20,15.76,15.80,15.76,15.80,4800,15.72
2010-09-17,15.64,15.72,15.50,15.71,43900,15.61
2010-09-16,15.67,15.67,15.67,15.67,300,15.57
2010-09-15,15.63,15.66,15.51,15.64,900,15.54
2010-09-14,15.53,15.67,15.53,15.67,3600,15.57
2010-09-13,15.50,15.52,15.34,15.52,20500,15.42
2010-09-10,15.34,15.37,15.34,15.34,2400,15.24
2010-09-09,15.30,15.48,15.30,15.41,6600,15.31
2010-09-08,15.23,15.35,15.21,15.35,4900,15.25
2010-09-07,15.09,15.22,15.09,15.20,4500,15.11
2010-09-03,15.00,15.07,15.00,15.07,4600,14.98
2010-09-02,14.87,14.97,14.86,14.86,15000,14.77
2010-09-01,14.82,14.83,14.80,14.81,7600,14.72
2010-08-31,14.66,14.67,14.66,14.67,400,14.58
2010-08-30,14.67,14.67,14.54,14.60,2500,14.51
2010-08-27,14.60,14.61,14.60,14.60,600,14.51
2010-08-26,14.55,14.60,14.28,14.50,3200,14.41
2010-08-25,14.63,14.65,14.44,14.65,3900,14.56
2010-08-24,14.68,14.78,14.68,14.72,3700,14.63
2010-08-23,14.63,14.71,14.63,14.71,300,14.62
2010-08-20,14.47,14.51,14.36,14.49,4000,14.40
2010-08-19,14.64,14.64,14.43,14.44,3100,14.35
2010-08-18,14.42,14.60,14.42,14.60,900,14.51
2010-08-17,14.70,14.73,14.70,14.73,2400,14.64
2010-08-16,14.47,14.59,14.41,14.59,4700,14.50
2010-08-13,14.59,14.60,14.49,14.50,1500,14.41
2010-08-12,14.64,14.64,14.50,14.50,3700,14.41
2010-08-11,14.57,14.64,14.50,14.56,9200,14.47
2010-08-10,14.73,14.82,14.73,14.82,900,14.73
2010-08-09,14.80,14.81,14.75,14.75,2300,14.66
2010-08-06,14.72,14.72,14.66,14.69,1900,14.60
2010-08-05,14.79,14.80,14.76,14.80,8400,14.71
2010-08-04,14.71,14.71,14.71,14.71,200,14.62
2010-08-03,14.66,14.72,14.65,14.65,3500,14.56
2010-08-02,14.67,14.68,14.66,14.68,9900,14.59
2010-07-30,14.46,14.62,14.46,14.61,1000,14.52
2010-07-29,14.60,14.67,14.51,14.51,600,14.42
2010-07-28,14.53,14.64,14.44,14.56,4400,14.47
2010-07-27,14.56,14.56,14.32,14.49,8000,14.40
2010-07-26,14.50,14.56,14.38,14.56,6600,14.47
2010-07-23,14.48,14.65,14.48,14.60,5400,14.51
2010-07-22,14.41,14.54,14.41,14.46,16100,14.37
2010-07-21,14.45,14.45,14.23,14.34,3700,14.25
2010-07-20,14.33,14.46,14.30,14.46,1600,14.37
2010-07-19,14.32,14.37,14.32,14.32,800,14.23
2010-07-16,14.15,14.31,14.15,14.22,7700,14.13
2010-07-15,14.25,14.45,14.24,14.33,8100,14.24
2010-07-14,14.29,14.38,14.27,14.38,3200,14.29
2010-07-13,14.43,14.43,14.33,14.38,800,14.29
2010-07-12,14.34,14.46,14.34,14.44,2700,14.35
2010-07-09,14.24,14.29,14.24,14.29,1100,14.20
2010-07-08,14.28,14.29,14.19,14.19,500,14.10
2010-07-07,14.22,14.29,14.19,14.25,3700,14.16
2010-07-06,13.99,14.03,13.91,13.91,2100,13.82
2010-07-02,13.83,13.90,13.78,13.90,1800,13.81
2010-07-01,13.90,13.97,13.77,13.84,4200,13.75
2010-06-30,13.92,13.94,13.82,13.82,3200,13.73
2010-06-29,14.05,14.09,13.75,13.82,10300,13.73
2010-06-28,14.40,14.40,14.25,14.25,6000,14.16
2010-06-25,14.78,14.87,14.78,14.86,4800,14.37
2010-06-24,14.95,14.95,14.75,14.75,400,14.26
2010-06-23,14.90,14.94,14.84,14.94,3700,14.44
2010-06-22,14.89,14.89,14.74,14.77,11400,14.28
2010-06-21,14.68,14.87,14.66,14.75,2000,14.26
2010-06-18,14.55,14.55,14.50,14.50,500,14.02
2010-06-17,14.63,14.63,14.30,14.61,25900,14.12
2010-06-16,14.56,14.56,14.39,14.45,11800,13.97
2010-06-15,14.47,14.57,14.44,14.57,3200,14.09
2010-06-14,14.39,14.59,14.09,14.40,30200,13.92
2010-06-11,14.54,14.54,14.50,14.54,1300,14.06
2010-06-10,14.53,14.53,14.41,14.50,600,14.02
2010-06-09,14.58,14.58,14.33,14.33,900,13.85
2010-06-08,14.46,14.64,14.45,14.56,5800,14.08
2010-06-07,14.43,14.45,14.27,14.33,900,13.85
2010-06-04,14.49,14.61,14.49,14.50,4700,14.02
2010-06-03,14.67,14.67,14.62,14.62,300,14.13
2010-06-02,14.66,14.66,14.52,14.61,500,14.12
2010-06-01,14.46,14.72,14.46,14.59,7400,14.10
2010-05-28,14.71,14.71,14.50,14.61,5100,14.12
2010-05-27,14.46,14.65,14.46,14.65,4300,14.16
2010-05-26,14.41,14.42,14.32,14.32,5700,13.84
2010-05-25,14.32,14.41,14.00,14.41,14100,13.93
2010-05-24,14.66,14.75,14.63,14.63,1600,14.14
2010-05-21,14.75,15.00,14.65,15.00,4300,14.50
2010-05-20,14.86,14.90,14.57,14.90,32100,14.40
2010-05-19,14.95,15.11,14.84,15.11,3200,14.61
2010-05-18,15.26,15.32,14.90,15.16,13600,14.66
2010-05-17,15.26,15.35,15.18,15.19,4700,14.68
2010-05-14,15.59,15.59,15.10,15.23,7200,14.72
2010-05-13,15.43,15.72,15.39,15.65,4000,15.13
2010-05-12,15.50,15.75,15.50,15.74,7700,15.22
2010-05-11,15.21,15.66,15.21,15.65,15400,15.13
2010-05-10,15.71,15.71,15.30,15.51,9600,14.99
2010-05-07,15.71,15.71,15.20,15.44,39700,14.93
2010-05-06,15.41,16.46,15.30,16.05,26900,15.52
2010-05-05,15.78,15.78,15.33,15.60,12400,15.08
2010-05-04,16.20,16.20,15.71,16.00,12800,15.47
2010-05-03,16.31,16.31,15.90,16.20,11400,15.66
2010-04-30,16.59,16.59,16.25,16.25,5700,15.71
2010-04-29,16.43,16.46,16.26,16.29,1000,15.75
2010-04-28,16.49,16.52,16.31,16.51,10100,15.96
2010-04-27,16.40,16.57,16.25,16.28,5700,15.74
2010-04-26,16.50,16.50,16.40,16.43,5700,15.88
2010-04-23,16.41,16.51,16.41,16.51,2100,15.96
2010-04-22,16.23,16.45,16.23,16.39,3000,15.85
2010-04-21,16.33,16.33,16.30,16.30,600,15.76
2010-04-20,16.42,16.45,16.40,16.40,5200,15.85
2010-04-19,16.30,16.40,16.23,16.32,15200,15.78
2010-04-16,16.33,16.46,15.93,16.30,11200,15.76
2010-04-15,16.59,16.66,16.41,16.56,7200,16.01
2010-04-14,16.61,16.81,16.60,16.75,18500,16.19
2010-04-13,16.73,16.73,16.56,16.71,6200,16.15
2010-04-12,16.60,16.70,16.60,16.66,29000,16.11
2010-04-09,16.46,16.88,16.32,16.46,26200,15.91
2010-04-08,16.32,16.55,16.32,16.44,12300,15.89
2010-04-07,16.32,16.33,16.23,16.23,23100,15.69
2010-04-06,16.32,16.36,16.31,16.36,25600,15.82
2010-04-05,16.26,16.36,16.26,16.36,12700,15.82
2010-04-01,16.10,16.12,16.09,16.12,2500,15.58
2010-03-31,16.00,16.12,16.00,16.09,21200,15.56
2010-03-30,15.97,16.04,15.87,16.04,29000,15.51
2010-03-29,15.89,16.32,15.89,16.05,40500,15.52
2010-03-26,15.70,15.77,15.65,15.65,13200,15.09
2010-03-25,15.70,15.74,15.55,15.60,8900,15.04
2010-03-24,15.48,15.50,15.48,15.50,800,14.95
2010-03-23,15.47,15.50,15.41,15.41,3300,14.86
2010-03-22,15.32,15.33,15.27,15.33,1700,14.78
2010-03-19,15.17,15.17,15.03,15.17,1100,14.63
2010-03-18,15.32,15.39,15.20,15.32,4000,14.77
2010-03-17,15.15,15.42,15.15,15.38,9700,14.83
2010-03-16,15.07,15.22,15.07,15.19,1800,14.65
2010-03-15,15.06,15.06,14.78,14.84,2600,14.31
2010-03-12,15.11,15.11,15.03,15.05,2200,14.51
2010-03-11,15.02,15.02,14.95,14.95,300,14.42
2010-03-10,14.90,15.00,14.90,14.98,4000,14.44
2010-03-09,14.86,14.98,14.86,14.91,3700,14.38
2010-03-08,14.77,14.87,14.77,14.80,4700,14.27
2010-03-05,14.83,14.90,14.79,14.79,4300,14.26
2010-03-04,14.74,14.75,14.74,14.75,200,14.22
2010-03-03,14.66,14.75,14.54,14.75,2600,14.22
2010-03-02,14.79,14.84,14.79,14.83,1700,14.30
2010-03-01,14.70,14.70,14.60,14.62,1100,14.10
2010-02-26,14.70,14.75,14.70,14.71,1700,14.18
2010-02-25,14.48,14.63,14.48,14.63,3600,14.11
2010-02-24,14.56,14.74,14.56,14.68,3700,14.15
2010-02-23,14.66,14.66,14.48,14.50,1900,13.98
2010-02-22,14.92,14.92,14.74,14.81,2700,14.28
2010-02-19,14.93,14.94,14.93,14.94,400,14.41
2010-02-18,14.76,14.76,14.76,14.76,200,14.23
2010-02-17,14.86,14.86,14.63,14.67,3800,14.15
2010-02-16,14.89,14.98,14.87,14.95,4100,14.42
2010-02-12,14.67,14.90,14.55,14.82,35100,14.29
2010-02-11,14.67,14.76,14.60,14.76,14200,14.23
2010-02-10,14.50,14.72,14.50,14.57,8200,14.05
2010-02-09,14.45,14.69,14.20,14.60,3800,14.08
2010-02-08,14.41,14.43,14.27,14.40,1600,13.88
2010-02-05,14.16,14.16,13.80,14.01,8100,13.51
2010-02-04,14.36,14.36,14.16,14.16,2000,13.65
2010-02-03,14.43,14.43,14.40,14.40,500,13.88
2010-02-02,14.37,14.48,14.37,14.48,2000,13.96
2010-02-01,14.60,14.60,14.22,14.28,22100,13.77
2010-01-29,13.79,13.95,13.79,13.95,700,13.45
2010-01-28,14.07,14.07,13.87,13.98,73300,13.48
2010-01-27,13.87,14.03,13.85,14.01,13300,13.51
2010-01-26,14.11,14.11,13.98,14.09,3500,13.59
2010-01-25,14.29,14.29,14.18,14.19,900,13.68
2010-01-22,14.34,14.40,14.21,14.21,3200,13.70
2010-01-21,14.48,14.48,14.35,14.35,3500,13.84
2010-01-20,14.49,14.55,14.45,14.55,1500,14.03
2010-01-19,14.49,14.67,14.49,14.62,2300,14.10
2010-01-15,14.47,14.47,14.34,14.39,5200,13.88
2010-01-14,14.50,14.57,14.34,14.37,9200,13.86
2010-01-13,14.61,14.63,14.54,14.55,8500,14.03
2010-01-12,14.61,14.65,14.60,14.61,4100,14.09
2010-01-11,14.83,14.83,14.60,14.69,7100,14.16
2010-01-08,14.74,14.86,14.67,14.73,4500,14.20
2010-01-07,14.73,15.08,14.65,14.77,8400,14.24
2010-01-06,14.50,14.65,14.50,14.55,12700,14.03
2010-01-05,14.52,14.52,14.47,14.51,1300,13.99
2010-01-04,14.60,14.60,14.45,14.51,4200,13.99
2009-12-31,14.46,14.55,14.30,14.40,2600,13.88
2009-12-30,14.45,14.55,14.45,14.54,5200,14.02
2009-12-29,14.45,14.60,14.31,14.45,8200,13.93
2009-12-28,14.44,14.58,14.44,14.46,5400,13.94
2009-12-24,14.44,14.44,14.43,14.43,800,13.91
2009-12-23,14.45,14.47,14.36,14.44,16500,13.92
2009-12-22,14.69,14.69,14.56,14.56,2500,14.04
2009-12-21,14.68,14.68,14.60,14.63,6600,14.11
2009-12-18,14.80,14.83,14.72,14.76,8400,14.19
2009-12-17,14.67,14.71,14.64,14.71,5400,14.15
2009-12-16,14.84,14.97,14.83,14.93,700,14.36
2009-12-15,14.80,14.80,14.56,14.75,4900,14.18
2009-12-14,14.80,14.96,14.77,14.94,13000,14.37
2009-12-11,14.23,14.27,14.20,14.20,2600,13.65
2009-12-10,14.24,14.39,14.20,14.20,40000,13.65
2009-12-09,14.25,14.25,13.92,14.03,19100,13.49
2009-12-08,14.55,14.55,14.32,14.32,10400,13.77
2009-12-07,14.52,14.62,14.42,14.62,12300,14.06
2009-12-04,14.81,14.81,14.55,14.60,6800,14.04
2009-12-03,14.68,14.68,14.50,14.63,9600,14.07
2009-12-02,14.35,14.73,14.24,14.53,69000,13.97
2009-12-01,13.86,14.27,13.68,14.10,44400,13.56
2009-11-30,13.64,13.94,13.00,13.77,71800,13.24
2009-11-27,14.80,14.95,14.66,14.71,8200,14.15
2009-11-25,14.98,15.92,14.98,15.36,11900,14.77
2009-11-24,15.11,15.11,15.01,15.06,3600,14.48
2009-11-23,15.10,15.35,14.96,15.01,25900,14.43
2009-11-20,14.90,14.90,14.79,14.85,3800,14.28
2009-11-19,14.92,15.02,14.79,15.02,7300,14.44
2009-11-18,14.99,14.99,14.86,14.94,3800,14.37
2009-11-17,14.95,15.05,14.76,15.00,4900,14.42
2009-11-16,15.06,15.45,15.06,15.23,13200,14.65
2009-11-13,14.90,14.96,14.74,14.76,8200,14.19
2009-11-12,15.25,15.25,14.79,14.79,21300,14.22
2009-11-11,15.20,15.25,15.00,15.25,10000,14.66
2009-11-10,15.24,15.24,15.02,15.02,2300,14.44
2009-11-09,14.85,15.28,14.85,15.20,11900,14.62
2009-11-06,14.75,14.95,14.75,14.95,1300,14.38
2009-11-05,15.12,15.25,15.08,15.09,1300,14.51
2009-11-04,14.91,15.27,14.83,15.15,10700,14.57
2009-11-03,15.02,15.10,14.75,14.98,11800,14.40
2009-11-02,15.14,15.15,15.00,15.08,4300,14.50
2009-10-30,15.53,15.53,15.11,15.11,7700,14.53
2009-10-29,15.28,15.58,15.23,15.39,9300,14.80
2009-10-28,15.91,15.91,15.20,15.35,128000,14.76
2009-10-27,16.09,16.23,15.97,16.01,4600,15.40
2009-10-26,16.37,16.37,15.92,15.97,3400,15.36
2009-10-23,16.05,16.18,15.92,16.18,8100,15.56
2009-10-22,16.08,16.13,15.95,16.13,3000,15.51
2009-10-21,16.10,16.36,16.04,16.26,7000,15.64
2009-10-20,16.14,16.14,15.99,16.05,4000,15.43
2009-10-19,16.21,16.25,16.16,16.21,4500,15.59
2009-10-16,16.38,16.49,16.27,16.32,6700,15.69
2009-10-15,16.11,16.37,16.11,16.37,4200,15.74
2009-10-14,16.12,16.20,15.96,16.11,9200,15.49
2009-10-13,15.92,16.02,15.88,15.91,9100,15.30
2009-10-12,16.12,16.12,16.00,16.03,6300,15.41
2009-10-09,16.19,16.33,16.10,16.33,2400,15.70
2009-10-08,16.03,16.24,15.97,16.19,7700,15.57
2009-10-07,16.14,16.24,15.87,15.87,3800,15.26
2009-10-06,16.00,16.30,15.96,16.07,5200,15.45
2009-10-05,15.61,15.99,15.61,15.96,5900,15.35
2009-10-02,15.62,15.73,15.60,15.60,600,15.00
2009-10-01,15.79,15.96,15.73,15.77,2400,15.16
2009-09-30,15.78,16.00,15.44,15.93,7400,15.32
2009-09-29,15.74,15.77,15.63,15.66,4400,15.06
2009-09-28,15.75,15.84,15.25,15.82,2500,15.21
2009-09-25,15.57,15.75,15.50,15.55,12200,14.95
2009-09-24,15.88,15.91,15.50,15.53,20000,14.93
2009-09-23,15.98,16.15,15.85,15.86,8700,15.25
2009-09-22,15.83,15.96,15.81,15.86,2700,15.25
2009-09-21,15.78,15.95,15.73,15.81,3600,15.20
2009-09-18,15.87,15.87,15.66,15.76,3800,15.15
2009-09-17,15.90,15.90,15.83,15.87,4000,15.26
2009-09-16,15.66,15.90,15.42,15.90,21400,15.29
2009-09-15,15.39,15.64,15.27,15.64,8500,15.04
2009-09-14,15.16,15.50,15.16,15.39,5300,14.80
2009-09-11,15.51,15.51,15.16,15.16,3300,14.58
2009-09-10,15.26,15.49,15.25,15.47,6800,14.88
2009-09-09,15.50,15.51,15.35,15.43,9100,14.84
2009-09-08,15.62,15.67,15.56,15.67,3400,15.07
2009-09-04,15.20,15.33,15.20,15.26,2800,14.67
2009-09-03,15.12,15.28,15.07,15.09,1800,14.51
2009-09-02,15.08,15.32,14.95,15.32,3100,14.73
2009-09-01,15.35,15.50,15.08,15.28,2900,14.69
2009-08-31,15.53,15.53,15.20,15.23,2500,14.65
2009-08-28,15.39,15.43,15.37,15.43,4200,14.84
2009-08-27,15.26,15.53,15.26,15.52,4800,14.92
2009-08-26,15.15,15.45,15.15,15.26,3900,14.67
2009-08-25,15.27,15.27,15.02,15.05,5300,14.47
2009-08-24,15.32,15.32,15.24,15.24,5200,14.65
2009-08-21,14.88,14.96,14.71,14.92,23200,14.35
2009-08-20,14.78,14.82,14.65,14.79,2300,14.22
2009-08-19,15.67,15.67,14.73,14.98,7000,14.40
2009-08-18,14.74,15.15,14.74,15.01,4000,14.43
2009-08-17,14.73,14.73,14.67,14.68,15000,14.12
2009-08-14,15.02,15.02,14.00,14.62,19300,14.06
2009-08-13,15.10,15.10,15.03,15.03,500,14.45
2009-08-12,14.99,15.11,14.99,15.02,1500,14.44
2009-08-11,15.16,15.19,14.99,15.00,29900,14.42
2009-08-10,15.25,15.32,15.20,15.20,3000,14.62
2009-08-07,15.12,15.28,15.12,15.16,2400,14.58
2009-08-06,15.06,15.28,15.06,15.19,8600,14.61
2009-08-05,15.17,15.29,15.13,15.17,3500,14.59
2009-08-04,15.12,15.37,15.12,15.30,12300,14.71
2009-08-03,15.27,15.35,15.20,15.20,5800,14.62
2009-07-31,15.20,15.33,15.20,15.29,3200,14.70
2009-07-30,14.97,15.20,14.97,15.15,2800,14.57
2009-07-29,14.81,14.81,14.44,14.44,2200,13.89
2009-07-28,14.88,14.88,14.85,14.85,700,14.28
2009-07-27,14.82,14.89,14.82,14.85,2100,14.28
2009-07-24,14.82,14.91,14.75,14.82,700,14.25
2009-07-23,14.55,14.81,14.55,14.78,7200,14.21
2009-07-22,14.69,14.73,14.59,14.59,2100,14.03
2009-07-21,14.59,14.59,14.40,14.53,2600,13.97
2009-07-20,14.28,14.38,14.05,14.14,18800,13.60
2009-07-17,14.46,14.53,14.46,14.50,2400,13.94
2009-07-16,14.34,14.38,14.31,14.38,2300,13.83
2009-07-15,14.05,14.19,14.01,14.19,3000,13.65
2009-07-14,13.54,13.63,13.42,13.42,4700,12.90
2009-07-13,13.30,13.39,12.51,13.32,11100,12.81
2009-07-10,13.38,13.43,13.29,13.29,5900,12.78
2009-07-09,13.37,13.52,13.31,13.51,5700,12.99
2009-07-08,13.74,13.78,13.28,13.42,69600,12.90
2009-07-07,13.75,13.79,13.75,13.75,5600,13.22
2009-07-06,14.05,14.10,13.75,13.75,27500,13.22
2009-07-02,14.30,14.35,14.26,14.31,8100,13.76
2009-07-01,14.33,14.33,14.10,14.10,400,13.56
2009-06-30,14.18,14.18,14.07,14.08,7400,13.54
2009-06-29,14.22,14.27,14.17,14.21,3600,13.66
2009-06-26,14.47,14.47,14.43,14.47,1300,13.91
2009-06-25,14.20,14.54,14.19,14.54,1300,13.98
2009-06-24,14.40,14.40,14.18,14.22,2600,13.67
2009-06-23,14.38,14.50,14.20,14.36,1700,13.81
2009-06-22,14.63,14.63,14.36,14.51,2200,13.95
2009-06-19,15.63,15.63,15.35,15.43,6100,14.24
2009-06-18,15.15,15.35,15.15,15.35,16900,14.17
2009-06-17,15.63,15.71,15.63,15.71,1100,14.50
2009-06-16,15.81,15.84,15.61,15.61,2100,14.41
2009-06-15,15.90,15.90,15.70,15.78,6800,14.57
2009-06-12,15.65,15.65,15.43,15.58,57400,14.38
2009-06-11,15.65,15.81,15.00,15.63,9400,14.43
2009-06-10,15.49,15.63,14.30,15.59,11700,14.39
2009-06-09,15.45,15.45,15.33,15.43,6200,14.24
2009-06-08,15.46,15.50,15.38,15.50,2800,14.31
2009-06-05,15.86,15.86,15.75,15.75,600,14.54
2009-06-04,15.76,15.84,15.76,15.84,1100,14.62
2009-06-03,15.64,15.64,15.38,15.47,1600,14.28
2009-06-02,15.45,15.66,15.45,15.64,1700,14.44
2009-06-01,15.33,15.41,15.21,15.30,4600,14.12
2009-05-29,14.81,14.91,14.80,14.86,10300,13.72
2009-05-28,14.71,14.78,14.71,14.75,700,13.62
2009-05-27,14.65,14.65,14.58,14.58,800,13.46
2009-05-26,14.62,14.80,14.56,14.80,4900,13.66
2009-05-22,14.56,14.56,14.37,14.48,5200,13.37
2009-05-21,14.50,14.50,14.48,14.48,900,13.37
2009-05-20,14.47,14.63,13.70,14.63,1800,13.50
2009-05-19,14.23,14.23,14.23,14.23,600,13.14
2009-05-18,14.30,14.43,14.20,14.41,5100,13.30
2009-05-15,14.07,14.10,14.07,14.10,2500,13.02
2009-05-14,14.05,14.19,14.05,14.15,600,13.06
2009-05-13,14.22,14.22,13.90,13.98,3400,12.90
2009-05-12,14.18,14.21,14.09,14.21,17900,13.12
2009-05-11,14.20,14.20,14.08,14.16,600,13.07
2009-05-08,13.94,14.18,13.94,14.18,1700,13.09
2009-05-07,13.93,14.00,13.77,13.84,22000,12.78
2009-05-06,13.80,13.80,13.80,13.80,000,12.74
2009-05-05,13.70,13.80,13.67,13.80,1500,12.74
2009-05-04,13.67,13.70,13.67,13.70,1500,12.65
2009-05-01,13.46,13.70,13.46,13.65,4200,12.60
2009-04-30,13.47,13.47,13.42,13.42,400,12.39
2009-04-29,13.60,13.61,13.60,13.61,500,12.56
2009-04-28,13.41,13.45,13.38,13.42,1400,12.39
2009-04-27,13.29,13.50,13.25,13.50,4500,12.46
2009-04-24,13.80,13.80,13.75,13.78,1700,12.72
2009-04-23,13.43,13.61,13.43,13.61,22100,12.56
2009-04-22,13.39,13.59,13.39,13.54,124400,12.50
2009-04-21,13.30,13.50,13.30,13.50,1400,12.46
2009-04-20,13.34,13.40,13.34,13.40,400,12.37
2009-04-17,13.92,13.92,13.76,13.79,1300,12.73
2009-04-16,13.85,13.92,13.69,13.92,6700,12.85
2009-04-15,13.59,13.59,13.59,13.59,2100,12.54
2009-04-14,13.41,13.45,13.40,13.40,2100,12.37
2009-04-13,13.35,13.66,13.35,13.66,1100,12.61
2009-04-09,13.46,13.46,13.35,13.35,800,12.32
2009-04-08,13.76,13.78,13.58,13.58,2500,12.54
2009-04-07,13.13,13.13,13.13,13.13,000,12.12
2009-04-06,13.10,13.13,13.10,13.13,200,12.12
2009-04-03,12.83,12.84,12.83,12.84,300,11.85
2009-04-02,12.71,12.71,12.71,12.71,300,11.73
2009-04-01,12.44,12.44,12.40,12.40,1600,11.45
2009-03-31,12.32,12.32,12.32,12.32,300,11.37
2009-03-30,12.32,12.32,12.08,12.20,4000,11.26
2009-03-27,12.53,12.57,12.47,12.48,12500,11.52
2009-03-26,12.56,12.72,12.56,12.60,6200,11.63
2009-03-25,12.45,12.60,12.36,12.42,3000,11.46
2009-03-24,12.44,12.49,12.44,12.49,800,11.53
2009-03-23,12.42,12.57,12.42,12.57,1500,11.60
2009-03-20,12.48,12.48,12.28,12.28,3500,11.34
2009-03-19,12.52,12.53,12.52,12.53,500,11.57
2009-03-18,12.20,12.20,12.20,12.20,000,11.26
2009-03-17,12.10,12.20,12.04,12.20,1500,11.26
2009-03-16,12.10,12.38,12.10,12.38,11000,11.43
2009-03-13,12.18,12.25,11.92,11.92,17200,11.00
2009-03-12,11.74,12.22,11.74,12.22,6000,11.28
2009-03-11,11.81,11.81,11.49,11.51,5300,10.62
2009-03-10,11.85,12.00,11.77,11.84,2200,10.93
2009-03-09,11.99,12.01,11.90,11.90,7900,10.98
2009-03-06,11.77,11.77,11.77,11.77,100,10.86
2009-03-05,11.74,11.74,11.61,11.62,5100,10.73
2009-03-04,11.78,11.99,11.78,11.91,2400,10.99
2009-03-03,11.46,11.46,11.34,11.46,2100,10.58
2009-03-02,11.51,11.51,11.15,11.15,5900,10.29
2009-02-27,11.78,11.78,11.77,11.77,5400,10.86
2009-02-26,12.00,12.00,12.00,12.00,1000,11.08
2009-02-25,11.83,11.96,11.71,11.92,3000,11.00
2009-02-24,11.52,11.83,11.52,11.83,3700,10.92
2009-02-23,11.88,11.88,11.53,11.54,4400,10.65
2009-02-20,11.89,11.89,11.77,11.79,3900,10.88
2009-02-19,11.80,11.87,11.80,11.87,300,10.96
2009-02-18,11.62,11.74,11.62,11.70,3100,10.80
2009-02-17,11.62,11.63,11.38,11.45,5200,10.57
2009-02-13,12.04,12.32,11.96,12.32,1400,11.37
2009-02-12,11.91,11.92,11.80,11.80,5300,10.89
2009-02-11,11.94,11.99,11.67,11.82,4600,10.91
2009-02-10,11.87,11.87,11.43,11.49,9300,10.61
2009-02-09,11.82,11.85,11.01,11.35,31300,10.48
2009-02-06,11.73,11.81,11.73,11.81,500,10.90
2009-02-05,11.87,11.87,11.87,11.87,100,10.96
2009-02-04,12.10,12.10,11.86,11.86,1200,10.95
2009-02-03,11.89,11.97,11.85,11.97,1100,11.05
2009-02-02,11.90,12.01,11.77,11.81,3000,10.90
2009-01-30,12.03,12.11,11.93,11.93,12300,11.01
2009-01-29,12.05,12.13,12.05,12.08,4100,11.15
2009-01-28,12.06,12.34,12.06,12.34,8000,11.39
2009-01-27,11.98,11.98,11.47,11.60,36600,10.71
2009-01-26,11.92,12.00,11.71,11.79,7200,10.88
2009-01-23,11.20,11.66,11.18,11.66,12000,10.76
2009-01-22,11.18,11.25,10.45,11.25,48200,10.38
2009-01-21,11.52,11.63,11.40,11.52,52200,10.63
2009-01-20,12.17,12.41,11.66,11.70,36700,10.80
2009-01-16,12.99,13.00,12.71,12.92,1800,11.93
2009-01-15,12.92,12.92,12.52,12.81,14100,11.82
2009-01-14,13.22,13.22,12.99,13.09,6200,12.08
2009-01-13,13.45,13.73,13.38,13.52,27500,12.48
2009-01-12,13.41,13.41,13.16,13.17,10600,12.16
2009-01-09,13.29,13.38,13.24,13.32,7400,12.30
2009-01-08,13.54,14.52,13.49,13.50,103000,12.46
2009-01-07,13.67,13.67,13.21,13.21,6800,12.19
2009-01-06,13.81,13.93,13.69,13.76,4700,12.70
2009-01-05,13.70,13.87,13.70,13.80,9200,12.74
2009-01-02,14.73,15.21,14.73,14.98,15800,13.83
2008-12-31,13.81,14.65,13.81,14.56,50300,13.44
2008-12-30,13.85,14.17,13.85,14.08,2400,13.00
2008-12-29,13.80,14.11,13.68,14.05,19400,12.97
2008-12-26,14.09,14.12,14.05,14.12,5700,13.03
2008-12-24,14.20,14.20,14.20,14.20,300,13.11
2008-12-23,14.28,14.39,14.21,14.21,5200,13.12
2008-12-22,15.19,15.19,14.10,14.10,9700,13.02
2008-12-19,13.93,14.37,13.80,14.03,27400,12.95
2008-12-18,14.80,14.80,14.80,14.80,000,13.66
2008-12-17,14.74,15.19,14.74,14.80,2900,13.66
2008-12-16,15.20,15.23,14.92,15.01,5300,13.86
2008-12-15,15.30,15.30,14.57,14.61,8200,13.49
2008-12-12,14.97,15.08,14.75,15.08,1300,13.92
2008-12-11,15.16,15.54,15.16,15.38,1600,14.20
2008-12-10,14.45,14.45,14.45,14.45,000,13.34
2008-12-09,14.74,14.94,14.28,14.45,14900,13.34
2008-12-08,14.90,15.05,13.76,15.04,13400,13.88
2008-12-05,14.30,14.46,14.18,14.46,19500,13.35
2008-12-04,14.52,14.70,14.21,14.25,2900,13.15
2008-12-03,14.84,14.84,14.52,14.52,13700,13.40
2008-12-02,14.53,14.81,14.53,14.70,2100,13.57
2008-12-01,14.51,14.58,14.31,14.31,400,13.21
2008-11-28,14.56,14.56,14.56,14.56,000,13.44
2008-11-26,14.15,14.58,14.15,14.56,800,13.44
2008-11-25,15.49,15.84,13.88,13.92,3800,12.85
2008-11-24,14.51,14.51,14.28,14.28,1600,13.18
2008-11-21,13.94,13.94,13.58,13.75,3800,12.69
2008-11-20,14.01,14.11,13.91,14.11,9800,13.02
2008-11-19,14.13,14.13,13.82,13.87,8800,12.80
2008-11-18,14.09,14.11,13.80,13.80,1500,12.74
2008-11-17,13.92,14.13,12.99,13.99,36100,12.91
2008-11-14,14.29,14.37,14.29,14.37,4200,13.26
2008-11-13,14.26,14.80,14.26,14.80,18300,13.66
2008-11-12,14.39,14.42,14.31,14.31,3300,13.21
2008-11-11,15.28,15.29,14.55,15.16,14400,13.99
2008-11-10,15.99,15.99,15.43,15.43,400,14.24
2008-11-07,15.76,15.76,15.76,15.76,200,14.55
2008-11-06,15.91,15.93,15.53,15.53,2000,14.34
2008-11-05,16.51,16.73,16.22,16.22,11800,14.97
2008-11-04,16.50,17.04,16.50,16.95,2800,15.65
2008-11-03,16.20,16.20,15.75,15.82,9800,14.60
2008-10-31,15.75,16.18,15.71,16.18,13300,14.94
2008-10-30,16.13,16.13,15.66,15.97,16400,14.74
2008-10-29,16.18,16.51,15.00,16.12,23400,14.88
2008-10-28,15.63,16.37,15.37,16.07,24100,14.83
2008-10-27,17.38,17.38,15.32,15.32,24300,14.14
2008-10-24,16.44,16.69,16.33,16.48,2900,15.21
2008-10-23,16.90,17.22,16.68,17.09,10400,15.78
2008-10-22,17.19,17.19,16.73,16.73,6900,15.44
2008-10-21,17.80,17.86,17.44,17.44,5000,16.10
2008-10-20,17.82,17.95,17.66,17.95,2500,16.57
2008-10-17,18.13,18.31,18.12,18.12,2000,16.73
2008-10-16,18.04,18.10,17.59,18.00,11900,16.62
2008-10-15,18.49,18.49,17.92,17.95,6100,16.57
2008-10-14,18.64,19.00,18.64,18.88,35000,17.43
2008-10-13,17.66,18.30,17.64,18.30,4200,16.89
2008-10-10,16.10,16.50,15.73,15.85,38300,14.63
2008-10-09,17.28,17.31,16.67,16.67,4700,15.39
2008-10-08,16.72,17.07,16.04,16.63,63300,15.35
2008-10-07,17.43,18.00,16.85,17.00,94700,15.69
2008-10-06,18.70,18.70,16.82,17.87,146200,16.50
2008-10-03,19.36,19.68,19.08,19.10,14300,17.63
2008-10-02,19.93,19.93,19.37,19.52,4300,18.02
2008-10-01,19.96,20.25,19.82,20.16,9600,18.61
2008-09-30,19.90,20.32,19.66,20.32,7400,18.76
2008-09-29,20.33,20.33,19.00,19.37,13300,17.88
2008-09-26,20.04,20.22,20.02,20.22,1200,18.66
2008-09-25,20.28,20.38,20.21,20.22,17800,18.66
2008-09-24,20.30,20.34,20.00,20.02,35500,18.48
2008-09-23,20.91,23.94,20.05,20.56,28600,18.98
2008-09-22,21.13,22.18,21.01,21.82,11400,20.14
2008-09-19,20.82,21.85,20.82,21.85,69500,20.17
2008-09-18,28.62,28.62,19.79,20.23,14400,18.67
2008-09-17,20.22,20.60,19.99,20.27,20500,18.71
2008-09-16,19.44,19.72,17.58,19.66,21400,18.15
2008-09-15,19.64,19.99,19.42,19.49,37300,17.99
2008-09-12,21.29,21.29,21.17,21.20,4600,19.57
2008-09-11,21.16,21.32,21.01,21.23,6900,19.60
2008-09-10,21.49,21.53,21.18,21.42,5400,19.77
2008-09-09,21.88,21.88,21.18,21.24,22400,19.61
2008-09-08,21.88,21.98,21.59,21.67,18600,20.00
2008-09-05,21.95,22.10,21.75,22.10,34500,20.40
2008-09-04,24.48,24.48,22.03,22.03,10400,20.34
2008-09-03,22.64,22.70,22.60,22.67,8700,20.93
2008-09-02,22.92,22.92,22.43,22.64,28100,20.90
2008-08-29,22.91,22.99,22.60,22.60,59500,20.86
2008-08-28,23.23,23.23,22.53,22.86,67600,21.10
2008-08-27,22.98,23.11,22.93,23.04,18300,21.27
2008-08-26,23.05,23.14,22.94,23.07,11200,21.30
2008-08-25,23.24,23.31,22.75,22.92,94300,21.16
2008-08-22,23.58,23.64,23.20,23.26,20100,21.47
2008-08-21,23.47,23.76,23.39,23.75,11600,21.92
2008-08-20,23.57,23.61,23.14,23.37,28600,21.57
2008-08-19,23.66,23.75,23.51,23.69,18100,21.87
2008-08-18,23.63,23.77,23.34,23.46,93200,21.66
2008-08-15,23.49,23.49,23.11,23.31,33600,21.52
2008-08-14,23.78,23.78,23.53,23.58,17400,21.77
2008-08-13,23.27,23.51,23.20,23.49,24300,21.68
2008-08-12,23.65,23.65,23.14,23.24,33100,21.45
2008-08-11,24.13,24.13,23.56,23.70,17400,21.88
2008-08-08,24.25,24.45,24.18,24.29,25600,22.42
2008-08-07,24.49,24.50,24.29,24.37,5800,22.50
2008-08-06,24.50,24.57,24.40,24.55,30100,22.66
2008-08-05,24.72,24.86,24.46,24.81,32600,22.90
2008-08-04,24.74,24.77,24.40,24.40,56400,22.52
2008-08-01,24.84,26.70,24.57,24.74,143100,22.84
2008-07-31,25.25,25.25,24.75,24.75,40100,22.85
2008-07-30,25.15,25.30,24.94,25.29,29400,23.35
2008-07-29,24.90,24.90,24.70,24.81,32500,22.90
2008-07-28,25.29,25.29,25.07,25.07,21100,23.14
2008-07-25,25.18,25.28,25.11,25.19,11700,23.25
2008-07-24,25.61,25.61,25.20,25.20,43400,23.26
2008-07-23,25.71,25.71,25.30,25.30,58800,23.35
2008-07-22,25.31,25.45,25.10,25.45,40300,23.49