2011-05-10,53.68,54.26,53.63,54.21,99800,54.21
2011-05-09,53.58,54.02,53.42,53.96,50000,53.96
2011-05-06,54.17,54.42,53.15,53.33,129500,53.33
2011-05-05,53.94,54.19,52.88,53.08,200100,53.08
2011-05-04,55.40,55.82,54.42,54.81,74000,54.81
2011-05-03,56.11,56.29,55.53,55.79,90000,55.79
2011-05-02,57.77,57.83,57.08,57.10,229000,57.10
2011-04-29,57.13,57.79,56.96,57.77,148000,57.77
2011-04-28,56.80,57.36,56.80,57.36,85700,57.36
2011-04-27,56.61,57.30,56.37,57.27,61000,57.27
2011-04-26,56.83,57.20,56.39,56.92,161400,56.92
2011-04-25,57.26,57.34,56.54,57.05,127900,57.05
2011-04-21,56.99,57.28,56.57,57.28,70100,57.28
2011-04-20,56.30,56.78,56.03,56.38,145000,56.38
2011-04-19,54.72,55.44,54.65,55.40,60800,55.40
2011-04-18,54.54,54.54,53.44,54.01,193100,54.01
2011-04-15,56.35,56.58,55.98,56.48,68000,56.48
2011-04-14,55.62,56.20,55.46,56.00,299900,56.00
2011-04-13,56.95,56.97,56.31,56.37,73200,56.37
2011-04-12,56.74,57.00,56.00,56.00,123600,56.00
2011-04-11,57.75,57.90,57.14,57.15,92700,57.15
2011-04-08,58.30,58.35,57.85,57.85,97900,57.85
2011-04-07,57.65,57.92,57.19,57.37,114900,57.37
2011-04-06,57.88,57.93,57.45,57.45,123000,57.45
2011-04-05,56.65,57.33,56.63,56.80,205400,56.80
2011-04-04,56.89,57.41,56.79,57.12,222700,57.12
2011-04-01,55.73,56.56,55.69,56.46,127900,56.46
2011-03-31,55.36,55.37,54.70,54.98,223900,54.98
2011-03-30,55.01,55.34,54.82,55.13,109400,55.13
2011-03-29,54.50,54.78,54.14,54.74,39300,54.74
2011-03-28,54.98,55.08,54.75,54.86,686900,54.86
2011-03-25,54.80,55.09,54.58,54.64,102100,54.64
2011-03-24,54.44,54.95,54.12,54.82,160000,54.82
2011-03-23,53.61,54.50,53.32,54.28,137700,54.28
2011-03-22,53.51,53.82,53.33,53.70,91900,53.70
2011-03-21,53.70,54.00,53.62,53.78,195000,53.78
2011-03-18,53.22,53.42,52.70,52.90,205700,52.90
2011-03-17,52.51,52.95,52.23,52.87,115500,52.87
2011-03-16,52.03,52.57,50.83,51.01,94500,51.01
2011-03-15,50.67,52.26,50.20,52.03,68700,52.03
2011-03-14,52.41,52.88,52.33,52.85,36900,52.85
2011-03-11,51.39,52.29,51.39,52.10,36800,52.10
2011-03-10,52.17,52.24,51.65,51.71,59200,51.71
2011-03-09,53.34,53.45,53.00,53.21,23800,53.21
2011-03-08,53.10,53.60,53.10,53.45,26000,53.45
2011-03-07,53.67,54.00,53.04,53.30,39700,53.30
2011-03-04,53.17,53.22,52.90,53.08,33000,53.08
2011-03-03,53.20,53.40,52.99,53.37,103100,53.37
2011-03-02,51.81,52.55,51.80,52.37,86600,52.37
2011-03-01,52.35,52.35,51.15,51.43,27100,51.43
2011-02-28,52.25,52.52,52.10,52.51,179300,52.51
2011-02-25,51.46,51.86,51.38,51.82,42900,51.82
2011-02-24,50.68,51.11,50.55,50.89,13000,50.89
2011-02-23,50.32,50.76,49.92,50.46,60800,50.46
2011-02-22,50.21,50.62,49.82,50.05,54900,50.05
2011-02-18,50.90,51.08,50.79,50.94,18700,50.94
2011-02-17,50.76,51.05,50.57,50.93,61000,50.93
2011-02-16,50.59,51.19,50.59,51.05,52000,51.05
2011-02-15,50.69,50.76,50.45,50.60,46500,50.60
2011-02-14,51.06,51.06,50.67,50.81,67100,50.81
2011-02-11,50.22,51.42,50.22,51.22,89900,51.22
2011-02-10,50.32,51.01,50.16,50.51,108800,50.51
2011-02-09,51.71,51.86,51.14,51.36,118800,51.36
2011-02-08,52.10,52.27,51.85,52.08,27300,52.08
2011-02-07,52.28,52.55,52.11,52.39,20200,52.39
2011-02-04,52.24,52.37,52.00,52.32,47200,52.32
2011-02-03,51.98,52.09,51.50,51.85,31000,51.85
2011-02-02,52.05,52.60,51.92,52.32,85500,52.32
2011-02-01,51.69,52.41,51.46,52.35,52000,52.35
2011-01-31,50.22,50.40,49.91,50.29,34900,50.29
2011-01-28,51.05,51.20,49.52,49.60,80500,49.60
2011-01-27,51.66,51.89,51.41,51.41,44600,51.41
2011-01-26,51.55,51.68,51.28,51.58,85900,51.58
2011-01-25,50.88,51.19,50.41,50.90,62100,50.90
2011-01-24,50.49,51.03,50.31,51.03,49600,51.03
2011-01-21,51.20,51.48,50.87,50.87,25100,50.87
2011-01-20,51.15,51.15,50.36,50.95,40800,50.95
2011-01-19,52.40,52.40,51.50,51.77,59600,51.77
2011-01-18,51.86,52.17,51.86,52.17,54600,52.17
2011-01-14,51.11,51.67,51.11,51.67,26000,51.67
2011-01-13,51.98,51.98,51.35,51.50,44400,51.50
2011-01-12,50.97,51.69,50.92,51.47,56500,51.47
2011-01-11,49.72,49.97,49.41,49.78,58100,49.78
2011-01-10,49.27,49.38,48.74,49.33,63000,49.33
2011-01-07,50.10,50.14,49.34,49.66,14900,49.66
2011-01-06,51.24,51.24,50.36,50.57,24000,50.57
2011-01-05,50.41,50.98,50.36,50.79,22000,50.79
2011-01-04,50.65,50.96,50.39,50.90,102500,50.90
2011-01-03,49.77,50.30,49.77,50.08,64100,50.08
2010-12-31,49.36,49.60,49.28,49.55,4700,49.55
2010-12-30,49.40,49.60,49.18,49.45,53300,49.45
2010-12-29,49.02,49.20,49.00,49.17,33500,49.17
2010-12-28,49.13,49.13,48.88,49.03,15800,49.03
2010-12-27,48.74,49.15,48.72,49.12,45700,49.12
2010-12-23,48.95,49.13,48.94,49.12,12100,49.12
2010-12-22,48.80,49.01,48.75,49.00,18700,49.00
2010-12-21,48.59,48.85,48.47,48.76,41300,48.76
2010-12-20,48.20,48.25,47.77,47.88,51000,47.88
2010-12-17,48.52,48.52,48.12,48.12,34200,48.12
2010-12-16,48.55,48.70,48.32,48.59,30600,48.50
2010-12-15,48.92,49.15,48.44,48.50,27600,48.41
2010-12-14,49.00,49.40,48.91,49.30,25000,49.21
2010-12-13,48.90,49.15,48.77,48.78,74200,48.69
2010-12-10,48.21,48.43,48.08,48.39,19000,48.30
2010-12-09,48.81,48.81,48.18,48.39,25500,48.30
2010-12-08,48.89,48.96,48.38,48.79,522900,48.70
2010-12-07,49.81,49.81,48.90,48.90,65400,48.81
2010-12-06,48.68,49.22,48.68,49.17,15200,49.08
2010-12-03,48.38,49.06,48.38,49.02,145900,48.93
2010-12-02,47.44,48.46,47.44,48.39,21300,48.30
2010-12-01,47.08,47.43,46.89,47.29,52300,47.21
2010-11-30,45.10,45.91,45.10,45.62,114000,45.54
2010-11-29,45.67,45.86,45.15,45.78,64500,45.70
2010-11-26,46.26,46.44,45.87,46.23,25600,46.15
2010-11-24,46.80,47.15,46.72,47.10,22000,47.02
2010-11-23,46.50,46.59,46.01,46.16,31100,46.08
2010-11-22,47.76,47.90,47.21,47.54,59000,47.46
2010-11-19,47.94,48.46,47.64,48.42,38800,48.33
2010-11-18,47.99,48.26,47.76,48.22,111300,48.13
2010-11-17,46.75,47.20,46.74,46.93,63700,46.85
2010-11-16,47.56,47.60,46.44,46.69,105800,46.61
2010-11-15,48.54,48.66,48.27,48.30,42100,48.21
2010-11-12,48.75,48.77,47.99,48.33,75000,48.24
2010-11-11,49.22,49.22,48.81,49.08,11300,48.99
2010-11-10,49.99,49.99,49.26,49.88,26400,49.79
2010-11-09,50.44,50.71,49.68,49.78,32100,49.69
2010-11-08,49.85,49.86,49.42,49.84,40900,49.75
2010-11-05,50.46,50.52,50.18,50.52,33200,50.43
2010-11-04,49.98,50.81,49.98,50.81,77100,50.72
2010-11-03,48.78,49.08,48.45,48.90,34900,48.81
2010-11-02,48.63,48.79,48.41,48.74,62500,48.65
2010-11-01,48.25,48.42,47.81,48.16,53400,48.07
2010-10-29,47.62,47.88,47.60,47.78,29500,47.70
2010-10-28,47.72,47.84,47.43,47.62,50900,47.54
2010-10-27,47.75,47.84,47.15,47.60,54200,47.52
2010-10-26,48.35,48.66,48.05,48.42,123800,48.33
2010-10-25,49.10,49.18,48.67,48.82,46300,48.73
2010-10-22,48.46,48.62,48.17,48.34,57800,48.25
2010-10-21,47.86,48.41,47.53,48.02,50800,47.94
2010-10-20,47.14,47.62,46.90,47.24,131500,47.16
2010-10-19,47.39,47.39,46.59,46.81,36500,46.73
2010-10-18,47.82,48.38,47.81,48.28,24700,48.19
2010-10-15,48.29,48.41,47.87,48.03,33700,47.94
2010-10-14,48.35,48.35,47.94,48.25,38900,48.16
2010-10-13,48.42,48.72,48.17,48.50,48200,48.41
2010-10-12,47.72,48.10,47.50,47.97,48600,47.89
2010-10-11,47.93,48.13,47.86,48.00,24100,47.92
2010-10-08,47.19,47.80,47.11,47.68,24400,47.60
2010-10-07,47.86,47.86,47.01,47.19,176600,47.11
2010-10-06,47.63,47.82,47.49,47.82,48900,47.74
2010-10-05,46.71,47.64,46.71,47.64,45100,47.56
2010-10-04,46.40,46.40,45.97,46.22,52200,46.14
2010-10-01,46.03,46.37,45.91,46.17,55000,46.09
2010-09-30,45.52,45.66,45.12,45.45,67300,45.37
2010-09-29,45.09,45.33,44.94,45.28,34500,45.20
2010-09-28,44.72,45.12,44.51,45.09,33400,45.01
2010-09-27,44.74,44.85,44.58,44.61,36300,44.53
2010-09-24,44.54,44.87,44.41,44.82,28000,44.74
2010-09-23,43.87,44.37,43.86,44.03,31400,43.95
2010-09-22,44.53,44.66,44.19,44.33,104100,44.25
2010-09-21,44.56,44.56,43.96,44.29,45500,44.21
2010-09-20,43.70,44.41,43.70,44.26,29900,44.18
2010-09-17,43.82,44.04,43.54,43.65,57400,43.57
2010-09-16,43.73,43.95,43.58,43.89,176200,43.81
2010-09-15,43.76,44.20,43.74,44.17,66100,44.09
2010-09-14,44.00,44.34,43.81,44.08,46700,44.00
2010-09-13,44.14,44.30,43.95,44.21,49100,44.13
2010-09-10,43.29,43.50,43.25,43.47,160600,43.39
2010-09-09,43.65,43.84,43.21,43.32,80400,43.24
2010-09-08,42.73,43.23,42.73,42.90,71100,42.82
2010-09-07,42.73,42.73,42.26,42.37,42400,42.30
2010-09-03,43.34,43.39,42.93,43.11,135700,43.03
2010-09-02,42.74,42.99,42.66,42.98,27500,42.90
2010-09-01,41.94,42.75,41.91,42.75,35400,42.67
2010-08-31,41.03,41.67,40.99,41.44,64300,41.37
2010-08-30,41.48,41.69,40.98,40.98,58400,40.91
2010-08-27,41.35,41.83,41.06,41.78,43100,41.71
2010-08-26,41.21,41.41,40.64,40.64,44100,40.57
2010-08-25,40.46,40.96,40.17,40.91,49300,40.84
2010-08-24,40.85,41.08,40.20,40.87,241500,40.80
2010-08-23,41.76,41.97,41.24,41.32,74200,41.25
2010-08-20,41.70,41.92,41.51,41.91,75100,41.84
2010-08-19,43.00,43.00,41.98,42.20,70900,42.13
2010-08-18,42.86,43.24,42.74,43.01,54400,42.93
2010-08-17,42.99,43.36,42.74,43.12,54100,43.04
2010-08-16,42.04,42.56,41.96,42.52,47900,42.44
2010-08-13,42.01,42.22,41.77,41.89,60400,41.82
2010-08-12,41.63,42.20,41.60,42.06,92200,41.99
2010-08-11,42.49,42.63,42.04,42.14,51000,42.07
2010-08-10,43.67,44.19,43.36,43.79,81300,43.71
2010-08-09,44.58,44.85,44.48,44.69,233600,44.61
2010-08-06,44.26,44.61,43.96,44.61,41100,44.53
2010-08-05,44.57,44.66,44.30,44.66,115700,44.58
2010-08-04,44.88,45.05,44.45,44.79,141200,44.71
2010-08-03,44.60,44.82,44.33,44.75,232300,44.67
2010-08-02,44.51,45.05,44.26,44.96,43100,44.88
2010-07-30,42.96,43.49,42.66,43.38,39600,43.30
2010-07-29,43.70,44.03,43.20,43.62,52500,43.54
2010-07-28,43.02,43.43,42.86,43.17,58100,43.09
2010-07-27,43.84,43.84,43.19,43.47,225100,43.39
2010-07-26,42.59,43.31,42.57,43.29,39500,43.21
2010-07-23,42.26,42.78,42.09,42.62,34000,42.54
2010-07-22,41.82,42.70,41.82,42.63,45400,42.55
2010-07-21,41.63,41.63,40.79,41.12,34700,41.05
2010-07-20,40.02,41.37,40.02,41.23,17400,41.16
2010-07-19,40.59,40.90,40.36,40.82,12400,40.75
2010-07-16,41.14,41.18,40.12,40.30,45300,40.23
2010-07-15,41.05,41.74,40.86,41.54,32800,41.47
2010-07-14,41.25,41.41,40.85,41.41,53800,41.34
2010-07-13,41.30,41.49,41.10,41.31,21800,41.24
2010-07-12,40.33,40.57,40.10,40.44,27500,40.37
2010-07-09,39.89,40.41,39.57,40.39,30700,40.32
2010-07-08,40.30,40.30,39.64,40.20,36900,40.13
2010-07-07,39.16,40.44,39.16,40.44,96500,40.37
2010-07-06,39.16,39.66,38.73,39.18,29000,39.11
2010-07-02,38.18,38.57,37.95,38.41,50800,38.34
2010-07-01,37.75,37.96,37.08,37.66,186600,37.59
2010-06-30,38.06,38.43,37.58,37.69,48400,37.62
2010-06-29,38.45,38.77,37.87,38.28,53600,38.21
2010-06-28,39.77,40.02,39.61,39.90,22900,39.83
2010-06-25,39.65,40.31,39.16,40.31,52500,40.24
2010-06-24,40.04,40.07,39.48,39.72,34000,39.65
2010-06-23,40.27,40.47,39.84,40.37,62000,40.30
2010-06-22,40.75,41.14,40.25,40.27,98600,40.20
2010-06-21,41.31,41.80,40.83,41.23,31900,41.16
2010-06-18,40.52,40.87,40.07,40.51,56500,40.44
2010-06-17,41.05,41.28,40.51,40.87,22300,40.41
2010-06-16,40.71,41.13,40.46,41.07,74100,40.61
2010-06-15,40.34,41.35,40.30,41.34,35400,40.88
2010-06-14,40.09,40.36,39.51,39.64,42100,39.20
2010-06-11,39.00,39.70,38.83,39.70,47800,39.26
2010-06-10,38.90,39.70,38.90,39.70,151900,39.26
2010-06-09,38.75,39.01,38.03,38.15,104700,37.72
2010-06-08,38.14,38.58,37.60,38.58,444000,38.15
2010-06-07,38.36,38.74,37.61,37.80,216100,37.38
2010-06-04,39.60,39.60,38.17,38.53,70200,38.10
2010-06-03,41.04,41.06,40.00,40.60,39300,40.15
2010-06-02,39.61,41.05,39.57,41.05,36700,40.59
2010-06-01,40.22,40.22,38.79,39.06,178500,38.62
2010-05-28,40.01,40.14,39.30,39.80,76500,39.35
2010-05-27,39.19,40.49,38.90,40.49,71700,40.04
2010-05-26,37.69,38.36,37.20,37.42,61600,37.00
2010-05-25,36.36,37.18,35.79,37.06,77900,36.65
2010-05-24,38.36,38.64,37.98,38.08,106800,37.65
2010-05-21,37.50,38.91,36.95,38.91,138700,38.47
2010-05-20,38.35,38.38,37.22,37.74,84000,37.32
2010-05-19,39.59,39.97,38.93,39.85,71500,39.40
2010-05-18,41.94,41.94,40.11,40.37,46200,39.92
2010-05-17,40.87,41.28,40.13,41.08,89900,40.62
2010-05-14,41.84,41.84,40.42,40.97,87000,40.51
2010-05-13,42.66,43.02,42.20,42.29,104300,41.82
2010-05-12,42.41,43.31,42.26,43.28,261100,42.80
2010-05-11,41.03,42.17,41.03,41.46,122300,41.00
2010-05-10,42.12,42.91,41.99,42.33,307600,41.86
2010-05-07,39.01,39.42,37.34,38.40,520800,37.97
2010-05-06,40.97,41.45,35.91,38.88,287600,38.44
2010-05-05,42.10,42.19,39.45,41.52,704600,41.06
2010-05-04,44.55,44.55,42.94,43.10,214100,42.62
2010-05-03,45.46,45.99,45.35,45.80,48400,45.29
2010-04-30,46.30,46.30,45.43,45.43,45000,44.92
2010-04-29,45.82,46.50,45.82,46.42,372000,45.90
2010-04-28,45.57,45.73,44.73,45.37,126900,44.86
2010-04-27,46.48,46.65,45.03,45.24,103700,44.73
2010-04-26,47.40,47.54,47.14,47.28,118700,46.75
2010-04-23,46.16,47.09,46.15,47.04,25000,46.51
2010-04-22,45.83,46.51,45.52,46.51,42200,45.99
2010-04-21,46.81,46.81,46.24,46.62,37400,46.10
2010-04-20,46.81,47.19,46.71,47.08,125100,46.55
2010-04-19,46.04,46.58,45.82,46.41,115700,45.89
2010-04-16,48.14,48.14,46.61,47.38,127500,46.85
2010-04-15,48.47,48.83,48.40,48.60,80600,48.06
2010-04-14,48.49,49.05,48.37,49.00,115800,48.45
2010-04-13,47.72,47.77,47.12,47.76,79700,47.23
2010-04-12,47.71,47.86,47.51,47.54,95400,47.01
2010-04-09,46.96,47.52,46.96,47.52,66100,46.99
2010-04-08,46.19,47.01,45.98,46.81,200100,46.29
2010-04-07,47.28,47.28,46.64,46.90,151000,46.37
2010-04-06,47.31,55.21,46.98,47.42,550400,46.89
2010-04-05,47.44,47.53,47.05,47.46,209900,46.93
2010-04-01,46.46,46.96,46.46,46.95,125300,46.42
2010-03-31,45.56,45.76,45.39,45.59,64400,45.08
2010-03-30,45.40,45.42,44.88,45.15,121300,44.64
2010-03-29,45.09,45.09,44.76,45.01,134000,44.51
2010-03-26,44.40,44.45,43.95,44.35,54900,43.85
2010-03-25,44.41,44.51,43.83,43.83,118500,43.34
2010-03-24,43.77,44.02,43.56,43.72,66200,43.23
2010-03-23,43.93,44.45,43.93,44.40,30600,43.90
2010-03-22,43.31,44.32,43.26,44.18,37300,43.69
2010-03-19,44.52,44.77,44.16,44.41,347200,43.91
2010-03-18,45.50,45.50,44.63,44.82,173600,44.32
2010-03-17,45.50,45.62,45.24,45.42,57300,44.91
2010-03-16,44.32,45.12,44.32,45.09,59900,44.59
2010-03-15,44.11,44.53,43.78,44.13,56500,43.64
2010-03-12,44.60,44.83,44.47,44.64,104700,44.14
2010-03-11,44.15,44.25,43.77,44.22,47800,43.72
2010-03-10,44.12,44.34,43.92,44.15,259800,43.66
2010-03-09,43.77,44.49,43.54,44.18,322600,43.69
2010-03-08,44.25,44.50,44.22,44.29,82400,43.79
2010-03-05,43.46,44.25,43.46,44.24,103700,43.74
2010-03-04,42.95,43.23,42.85,42.96,86500,42.48
2010-03-03,42.54,43.26,42.54,42.88,131600,42.40
2010-03-02,42.21,42.75,42.21,42.48,121100,42.00
2010-03-01,41.30,42.14,41.30,41.95,191000,41.48
2010-02-26,40.67,41.22,40.38,41.14,56100,40.68
2010-02-25,40.10,40.59,39.34,40.59,129200,40.14
2010-02-24,41.08,41.41,40.94,41.20,183400,40.74
2010-02-23,41.91,42.21,40.99,41.07,209700,40.61
2010-02-22,42.87,42.87,42.17,42.55,56400,42.07
2010-02-19,42.06,42.69,41.93,42.46,89600,41.98
2010-02-18,41.70,42.49,41.70,42.47,93900,41.99
2010-02-17,42.72,42.72,42.19,42.48,181900,42.00
2010-02-16,41.54,42.55,41.46,42.50,118800,42.02
2010-02-12,40.61,40.91,39.96,40.69,115500,40.23
2010-02-11,40.84,41.65,40.52,41.61,141400,41.14
2010-02-10,41.30,41.30,40.17,40.68,66900,40.22
2010-02-09,40.43,41.40,40.14,41.03,660100,40.57
2010-02-08,40.48,40.48,39.38,39.43,245600,38.99
2010-02-05,41.19,41.32,39.13,40.62,1257700,40.17
2010-02-04,43.70,43.75,41.41,41.42,618000,40.96
2010-02-03,45.24,45.37,44.63,44.77,158900,44.27
2010-02-02,44.63,45.38,44.40,45.25,230700,44.74
2010-02-01,43.85,44.62,43.65,44.45,177500,43.95
2010-01-29,43.77,43.79,42.67,42.73,104100,42.25
2010-01-28,43.80,44.12,42.69,43.14,117800,42.66
2010-01-27,43.23,43.62,42.61,43.40,182700,42.91
2010-01-26,43.25,43.69,42.83,43.09,194000,42.61
2010-01-25,44.09,44.37,43.86,44.14,151800,43.65
2010-01-22,44.00,44.27,43.12,43.37,126100,42.88
2010-01-21,45.91,46.01,44.42,44.55,282200,44.05
2010-01-20,46.65,46.75,45.75,46.28,117200,45.76
2010-01-19,46.53,47.50,46.19,47.35,115100,46.82
2010-01-15,46.67,46.77,45.73,46.14,112300,45.62
2010-01-14,46.42,46.80,46.42,46.70,147300,46.18
2010-01-13,46.17,46.62,45.89,46.55,170600,46.03
2010-01-12,46.00,46.00,45.51,45.72,402900,45.21
2010-01-11,46.95,46.99,46.58,46.84,263800,46.32
2010-01-08,45.53,46.45,45.53,46.36,145900,45.84
2010-01-07,45.93,46.19,45.71,46.06,283500,45.54
2010-01-06,45.89,46.48,45.83,46.28,214100,45.76
2010-01-05,45.48,46.25,45.48,46.07,446400,45.55
2010-01-04,44.28,45.95,44.28,45.33,385600,44.82
2009-12-31,43.39,43.85,43.34,43.34,124200,42.85
2009-12-30,42.78,42.91,42.59,42.81,97200,42.33
2009-12-29,43.12,43.36,43.00,43.11,82200,42.63
2009-12-28,43.39,43.41,43.08,43.25,45200,42.77
2009-12-24,43.07,43.07,42.74,42.90,30300,42.42
2009-12-23,42.60,42.82,42.38,42.75,29700,42.27
2009-12-22,42.01,42.34,41.95,42.15,21000,41.68
2009-12-21,42.28,42.62,42.00,42.07,42700,41.60
2009-12-18,41.80,41.97,41.43,41.84,50700,41.37
2009-12-17,41.62,41.79,41.08,41.26,100500,40.80
2009-12-16,42.61,43.13,42.56,42.73,110700,42.25
2009-12-15,41.53,42.00,41.35,41.62,40200,41.15
2009-12-14,41.39,41.98,41.39,41.90,49400,41.43
2009-12-11,41.47,41.48,40.95,41.22,91000,40.76
2009-12-10,41.10,41.48,40.97,41.27,106200,40.81
2009-12-09,40.70,41.15,40.51,40.89,66700,40.43
2009-12-08,41.68,41.83,40.88,40.91,117600,40.45
2009-12-07,43.67,43.67,42.25,42.47,70900,41.99
2009-12-04,43.50,43.55,42.45,42.96,50300,42.48
2009-12-03,42.75,43.28,42.43,42.51,218400,42.03
2009-12-02,42.59,42.94,42.41,42.53,72200,42.05
2009-12-01,42.26,42.75,42.26,42.60,334200,42.12
2009-11-30,41.18,41.65,40.76,41.27,150500,40.81
2009-11-27,40.15,41.63,40.00,41.01,236500,40.55
2009-11-25,42.50,43.16,42.43,43.09,447900,42.61
2009-11-24,43.32,43.38,42.86,43.27,45800,42.79
2009-11-23,43.92,44.10,43.48,43.66,45700,43.17
2009-11-20,42.89,43.11,42.67,42.98,69800,42.50
2009-11-19,44.17,44.17,43.02,43.37,97700,42.88
2009-11-18,44.88,44.88,44.39,44.56,30300,44.06
2009-11-17,44.40,44.88,44.00,44.88,85300,44.38
2009-11-16,44.09,45.32,44.09,45.00,142700,44.50
2009-11-13,42.85,43.64,42.85,43.45,71300,42.96
2009-11-12,43.41,43.71,42.69,42.79,47400,42.31
2009-11-11,44.02,44.34,43.50,43.83,93700,43.34
2009-11-10,43.38,43.97,43.31,43.92,209400,43.43
2009-11-09,42.10,43.55,42.10,43.53,160600,43.04
2009-11-06,41.24,41.56,40.82,41.10,106000,40.64
2009-11-05,41.49,41.98,41.13,41.98,53400,41.51
2009-11-04,41.01,41.79,40.76,40.81,278400,40.35
2009-11-03,39.84,40.31,39.38,40.01,106200,39.56
2009-11-02,40.46,41.60,40.06,40.79,195500,40.33
2009-10-30,41.87,42.03,39.80,40.06,294600,39.61
2009-10-29,41.34,42.94,41.34,42.87,120400,42.39
2009-10-28,42.03,42.03,39.97,40.20,357000,39.75
2009-10-27,43.79,44.05,42.74,42.98,77300,42.50
2009-10-26,45.28,45.85,44.16,44.27,85700,43.77
2009-10-23,45.60,45.61,44.69,45.03,96200,44.53
2009-10-22,45.00,45.79,44.53,45.67,61400,45.16
2009-10-21,44.59,45.90,44.52,45.00,109900,44.50
2009-10-20,45.53,45.53,44.46,45.15,95400,44.64
2009-10-19,44.39,45.39,44.31,45.14,121600,44.63
2009-10-16,43.88,44.08,43.32,43.99,80900,43.50
2009-10-15,44.63,45.03,44.25,44.91,232200,44.41
2009-10-14,44.50,45.63,44.36,45.63,81600,45.12
2009-10-13,43.60,43.82,42.88,43.50,193800,43.01
2009-10-12,43.85,44.28,43.85,44.14,85100,43.65
2009-10-09,42.56,42.89,42.36,42.72,70500,42.24
2009-10-08,41.85,42.33,41.46,42.17,104500,41.70
2009-10-07,40.67,40.92,40.29,40.77,33300,40.31
2009-10-06,40.32,41.03,40.32,40.78,152700,40.32
2009-10-05,38.96,39.84,38.94,39.68,21700,39.24
2009-10-02,38.41,39.01,37.92,38.94,65000,38.50
2009-10-01,39.99,40.25,39.19,39.19,18700,38.75
2009-09-30,40.40,40.45,39.56,40.15,85700,39.70
2009-09-29,40.21,40.26,39.78,40.16,27900,39.71
2009-09-28,39.35,40.61,39.35,40.35,44000,39.90
2009-09-25,39.42,39.63,39.08,39.45,34700,39.01
2009-09-24,40.69,40.69,39.01,39.17,28100,38.73
2009-09-23,40.91,40.95,40.06,40.33,83600,39.88
2009-09-22,40.04,40.79,40.04,40.60,71400,40.15
2009-09-21,39.04,39.25,38.43,39.06,37700,38.62
2009-09-18,39.95,40.13,39.60,39.92,202600,39.47
2009-09-17,39.73,40.11,39.30,39.65,136200,39.21
2009-09-16,39.81,40.28,39.51,40.28,56100,39.83
2009-09-15,38.74,39.28,38.52,39.27,143900,38.83
2009-09-14,37.56,38.48,37.56,38.34,106000,37.91
2009-09-11,38.61,38.63,37.97,38.18,181200,37.75
2009-09-10,37.47,38.07,37.07,38.02,98900,37.59
2009-09-09,37.16,37.79,37.16,37.48,172900,37.06
2009-09-08,36.50,37.15,36.50,37.00,78300,36.59
2009-09-04,35.08,35.68,34.75,35.50,192800,35.10
2009-09-03,35.48,35.50,35.23,35.50,31400,35.10
2009-09-02,34.43,35.08,34.36,34.96,189000,34.57
2009-09-01,36.04,36.45,34.60,34.85,400700,34.46
2009-08-31,36.36,36.40,35.88,36.08,115600,35.68
2009-08-28,37.46,37.53,36.84,37.07,121700,36.65
2009-08-27,36.79,36.79,35.81,36.66,40300,36.25
2009-08-26,37.12,37.12,36.36,36.81,729800,36.40
2009-08-25,37.60,38.25,37.46,37.54,43400,37.12
2009-08-24,37.31,37.78,37.05,37.22,65600,36.80
2009-08-21,36.15,36.82,36.00,36.78,59600,36.37
2009-08-20,34.76,35.30,34.76,35.19,9900,34.80
2009-08-19,33.09,34.39,33.08,34.23,46300,33.85
2009-08-18,33.05,33.84,33.05,33.74,39100,33.36
2009-08-17,33.79,33.79,32.81,33.09,166500,32.72
2009-08-14,35.96,35.98,34.94,35.15,35400,34.76
2009-08-13,35.79,35.88,35.24,35.85,144400,35.45
2009-08-12,34.36,35.06,34.05,34.81,34800,34.42
2009-08-11,34.94,34.94,33.99,34.47,182100,34.08
2009-08-10,35.90,35.93,35.45,35.68,30100,35.28
2009-08-07,36.62,36.77,36.09,36.31,127600,35.90
2009-08-06,36.39,37.70,35.50,35.98,126900,35.58
2009-08-05,36.71,37.00,35.84,36.39,232200,35.98
2009-08-04,36.58,36.81,36.09,36.67,139500,36.26
2009-08-03,36.00,37.03,36.00,36.94,78000,36.53
2009-07-31,34.43,35.34,34.43,35.00,87900,34.61
2009-07-30,33.73,34.86,33.72,34.56,303000,34.17
2009-07-29,33.04,33.16,32.43,32.73,375300,32.36
2009-07-28,33.74,33.79,33.16,33.77,47200,33.39
2009-07-27,34.33,34.92,34.21,34.82,83800,34.43
2009-07-24,34.12,34.51,33.80,34.35,92100,33.97
2009-07-23,32.80,34.58,32.74,34.33,97300,33.95
2009-07-22,32.39,33.11,32.36,32.78,59000,32.41
2009-07-21,33.57,33.57,32.75,33.26,83700,32.89
2009-07-20,32.53,33.14,32.50,33.14,110600,32.77
2009-07-17,31.30,31.76,31.19,31.65,65200,31.30
2009-07-16,30.94,31.53,30.70,31.46,45600,31.11
2009-07-15,29.97,31.29,29.97,31.29,139900,30.94
2009-07-14,29.22,29.24,28.89,29.16,91700,28.83
2009-07-13,28.10,28.73,27.89,28.73,110500,28.41
2009-07-10,28.10,28.14,27.77,27.96,118800,27.65
2009-07-09,29.30,29.38,28.65,28.93,188500,28.61
2009-07-08,29.04,29.13,27.97,28.39,111600,28.07
2009-07-07,30.16,30.16,29.17,29.28,49400,28.95
2009-07-06,30.57,30.57,29.41,29.81,48800,29.48
2009-07-02,31.24,31.33,31.03,31.03,31100,30.68
2009-07-01,31.79,32.34,31.78,32.17,14500,31.81
2009-06-30,32.07,32.11,30.93,31.27,34500,30.92
2009-06-29,30.95,31.41,30.95,31.33,13100,30.98
2009-06-26,30.87,31.09,30.83,30.97,15100,30.62
2009-06-25,30.07,30.91,30.02,30.91,42500,30.56
2009-06-24,30.42,30.88,30.04,30.24,23700,29.90
2009-06-23,29.40,29.60,29.03,29.50,725500,29.17
2009-06-22,31.22,31.22,29.30,29.41,237400,29.08
2009-06-19,32.05,32.49,31.77,31.98,114900,31.62
2009-06-18,31.85,32.38,31.51,31.90,114100,31.35
2009-06-17,32.39,32.59,31.88,32.32,71800,31.76
2009-06-16,33.77,33.88,32.94,32.98,57100,32.41
2009-06-15,34.13,34.13,32.90,33.21,110300,32.63
2009-06-12,35.11,35.19,34.69,35.13,91000,34.52
2009-06-11,35.13,35.92,35.06,35.60,50800,34.98
2009-06-10,35.21,35.21,34.54,35.07,206300,34.46
2009-06-09,34.24,34.72,33.98,34.32,72600,33.72
2009-06-08,33.95,34.29,33.43,34.22,114700,33.63
2009-06-05,35.72,35.72,34.55,34.95,130900,34.34
2009-06-04,34.39,35.30,34.25,35.30,169200,34.69
2009-06-03,35.91,35.91,34.00,34.40,462900,33.80
2009-06-02,36.19,37.11,36.19,36.91,362300,36.27
2009-06-01,36.19,37.25,36.11,36.90,265300,36.26
2009-05-29,34.43,34.69,34.20,34.69,124800,34.09
2009-05-28,33.26,33.81,33.02,33.74,89000,33.15
2009-05-27,33.23,33.34,32.54,32.58,41100,32.01
2009-05-26,34.43,34.43,31.74,32.96,82500,32.39
2009-05-22,32.94,33.78,32.94,33.28,30600,32.70
2009-05-21,32.40,32.64,32.27,32.34,42400,31.78
2009-05-20,33.33,33.98,33.01,33.39,137800,32.81
2009-05-19,32.00,32.73,31.90,32.45,119900,31.89
2009-05-18,30.86,31.66,29.50,31.64,48400,31.09
2009-05-15,31.70,31.70,30.00,30.13,37000,29.61
2009-05-14,30.17,30.99,29.98,30.69,23800,30.16
2009-05-13,31.19,31.19,30.30,30.38,113100,29.85
2009-05-12,32.19,32.51,31.89,32.33,38700,31.77
2009-05-11,31.54,32.63,30.93,31.26,16700,30.72
2009-05-08,31.21,31.93,31.07,31.74,55000,31.19
2009-05-07,31.52,31.78,30.23,30.53,273000,30.00
2009-05-06,30.42,30.79,30.16,30.67,174300,30.14
2009-05-05,29.78,29.81,29.57,29.64,178400,29.13
2009-05-04,28.73,29.68,28.44,29.68,193400,29.16
2009-05-01,27.65,28.24,27.65,28.14,15600,27.65
2009-04-30,28.12,28.12,27.34,27.42,45000,26.94
2009-04-29,27.24,28.37,27.24,27.92,21800,27.44
2009-04-28,25.90,26.71,25.90,26.42,14800,25.96
2009-04-27,26.90,27.60,26.50,26.66,21800,26.20
2009-04-24,28.45,28.45,27.66,27.90,110700,27.42
2009-04-23,26.97,27.32,26.92,27.25,22800,26.78
2009-04-22,26.27,26.81,26.10,26.27,174900,25.81
2009-04-21,25.42,26.30,24.20,26.18,125400,25.73
2009-04-20,26.92,27.01,25.65,25.65,86200,25.20
2009-04-17,27.82,28.00,27.73,27.92,19200,27.44
2009-04-16,27.59,27.93,27.47,27.81,19300,27.33
2009-04-15,26.91,27.33,26.91,27.25,8600,26.78
2009-04-14,28.75,28.75,27.10,27.23,21300,26.76
2009-04-13,28.00,28.18,27.62,28.17,229100,27.68
2009-04-09,27.34,27.94,27.34,27.93,12100,27.44
2009-04-08,25.90,26.46,25.90,26.24,10100,25.78
2009-04-07,25.22,25.35,25.11,25.11,7300,24.67
2009-04-06,25.89,25.89,25.50,25.76,13900,25.31
2009-04-03,25.85,26.14,25.62,25.90,452300,25.45
2009-04-02,24.88,26.00,24.88,25.66,334300,25.21
2009-04-01,22.97,24.09,22.97,23.95,270800,23.53
2009-03-31,23.39,23.39,22.75,22.75,140300,22.35
2009-03-30,23.22,23.22,22.34,22.54,19600,22.15
2009-03-27,24.33,24.53,23.50,24.27,130300,23.85
2009-03-26,25.46,25.53,25.20,25.50,10400,25.06
2009-03-25,24.75,25.43,24.57,25.02,145300,24.59
2009-03-24,24.58,24.66,24.19,24.39,10700,23.97
2009-03-23,24.25,25.80,24.04,25.77,191000,25.32
2009-03-20,23.10,23.63,23.09,23.09,58500,22.69
2009-03-19,22.98,23.27,22.98,23.14,24100,22.74
2009-03-18,21.96,22.86,21.67,22.60,12600,22.21
2009-03-17,22.17,22.74,22.16,22.74,8900,22.35
2009-03-16,22.60,23.50,22.27,22.27,58300,21.88
2009-03-13,22.15,22.43,21.92,22.35,143700,21.96
2009-03-12,21.01,21.92,20.63,21.92,109700,21.54
2009-03-11,21.75,21.75,21.17,21.44,36800,21.07
2009-03-10,20.76,21.87,20.76,21.87,28600,21.49
2009-03-09,20.36,20.36,19.45,19.67,7000,19.33
2009-03-06,19.76,19.93,19.09,19.69,37100,19.35
2009-03-05,19.53,19.53,19.00,19.04,45900,18.71
2009-03-04,19.56,20.25,19.56,20.12,27600,19.77
2009-03-03,18.98,19.20,18.67,18.96,36900,18.63
2009-03-02,18.94,19.05,18.36,18.36,133000,18.04
2009-02-27,19.22,20.00,19.22,19.53,60700,19.19
2009-02-26,19.72,20.10,19.48,19.48,3600,19.14
2009-02-25,19.38,19.42,18.79,19.19,83000,18.86
2009-02-24,18.90,19.58,18.71,19.49,18500,19.15
2009-02-23,19.77,19.77,18.26,18.26,40500,17.94
2009-02-20,18.52,19.11,18.51,18.78,64300,18.45
2009-02-19,19.87,20.13,19.06,19.08,61600,18.75
2009-02-18,18.68,18.77,18.31,18.60,39900,18.28
2009-02-17,20.53,20.53,18.83,18.83,26300,18.50
2009-02-13,21.97,22.27,21.90,22.10,4700,21.72
2009-02-12,21.56,21.56,21.03,21.43,22900,21.06
2009-02-11,21.88,22.17,21.54,21.60,32400,21.22
2009-02-10,21.85,21.93,20.85,20.85,109900,20.49
2009-02-09,21.76,21.98,21.76,21.80,2500,21.42
2009-02-06,20.61,20.95,20.20,20.95,4900,20.59
2009-02-05,19.52,20.22,19.42,20.22,113100,19.87
2009-02-04,20.07,20.56,19.89,20.07,14200,19.72
2009-02-03,19.80,20.19,19.80,20.19,110000,19.84
2009-02-02,19.95,19.98,19.75,19.95,13700,19.60
2009-01-30,20.57,20.57,20.00,20.00,115000,19.65
2009-01-29,20.79,21.21,20.60,20.60,20200,20.24
2009-01-28,21.58,22.04,21.52,22.04,5000,21.66
2009-01-27,21.24,21.25,20.81,21.08,15000,20.71
2009-01-26,20.72,21.68,20.72,21.14,22900,20.77
2009-01-23,19.30,20.30,19.11,20.30,214200,19.95
2009-01-22,20.00,20.51,19.75,20.11,18100,19.76
2009-01-21,20.68,21.23,20.30,21.23,24400,20.86
2009-01-20,20.42,20.43,19.72,19.72,78300,19.38
2009-01-16,21.76,21.76,21.28,21.57,9700,21.20
2009-01-15,22.29,22.53,21.20,22.12,212300,21.74
2009-01-14,22.53,22.53,21.90,22.03,21200,21.65
2009-01-13,23.54,23.76,23.00,23.45,165100,23.04
2009-01-12,24.12,24.12,23.13,23.27,10800,22.87
2009-01-09,25.30,25.36,24.64,24.94,135700,24.51
2009-01-08,25.45,25.45,24.67,25.22,126700,24.78
2009-01-07,26.45,26.45,25.38,25.67,129600,25.22
2009-01-06,27.34,27.69,27.34,27.64,16200,27.16
2009-01-05,26.19,26.94,25.95,26.66,86900,26.20
2009-01-02,25.03,26.11,24.92,26.03,212500,25.58
2008-12-31,23.99,24.76,23.80,24.34,21900,23.92
2008-12-30,23.91,25.05,23.72,24.50,44500,24.07
2008-12-29,24.42,24.48,23.59,23.88,24400,23.47
2008-12-26,25.12,25.76,24.76,24.78,19700,24.35
2008-12-24,25.36,25.60,24.87,25.13,18000,24.69
2008-12-23,25.39,25.61,24.78,25.14,25000,24.70
2008-12-22,24.54,24.71,24.00,24.24,26300,23.82
2008-12-19,24.64,25.56,23.55,24.20,181800,23.78
2008-12-18,26.45,26.45,25.03,25.43,54400,24.99
2008-12-17,27.16,27.45,26.90,27.15,26600,26.68
2008-12-16,28.11,28.23,26.59,28.11,31000,27.62
2008-12-15,26.73,26.86,26.01,26.22,21100,25.76
2008-12-12,25.21,25.90,25.20,25.73,126600,25.28
2008-12-11,25.97,26.64,25.21,25.40,28400,24.96
2008-12-10,25.45,25.91,25.29,25.91,129800,25.46
2008-12-09,25.26,25.44,24.43,24.43,33000,24.01
2008-12-08,24.60,25.79,24.40,25.56,59300,25.12
2008-12-05,22.86,24.06,22.77,24.06,111900,23.64
2008-12-04,23.71,23.80,22.39,22.39,53400,22.00
2008-12-03,22.87,23.97,22.87,23.89,32900,23.48
2008-12-02,23.66,24.11,23.31,23.67,231900,23.26
2008-12-01,23.71,23.91,22.31,22.31,75800,21.92
2008-11-28,25.35,25.39,24.91,25.10,11600,24.66
2008-11-26,24.18,25.97,24.18,25.59,43600,25.15
2008-11-25,25.99,25.99,24.33,24.70,40000,24.27
2008-11-24,22.90,25.70,22.90,25.47,349400,25.03
2008-11-21,19.64,21.20,19.64,21.20,40200,20.83
2008-11-20,19.72,20.56,19.05,19.13,165200,18.80
2008-11-19,21.93,21.93,20.72,20.72,32000,20.36
2008-11-18,22.23,22.54,21.57,22.03,12500,21.65
2008-11-17,22.86,22.99,22.18,22.65,12800,22.26
2008-11-14,24.35,24.57,23.27,23.41,42700,23.00
2008-11-13,22.61,25.09,21.92,25.04,92200,24.61
2008-11-12,23.27,23.28,21.65,21.69,51200,21.31
2008-11-11,26.82,26.82,25.16,25.72,14400,25.27
2008-11-10,29.76,29.76,27.54,28.16,28600,27.67
2008-11-07,28.02,28.82,27.62,28.50,28200,28.01
2008-11-06,28.54,28.63,26.95,27.21,27200,26.74
2008-11-05,34.54,34.54,29.63,29.72,41000,29.20
2008-11-04,32.23,34.00,31.96,33.50,21700,32.92
2008-11-03,28.23,30.26,28.23,30.22,38600,29.70
2008-10-31,28.35,30.10,28.25,29.40,15800,28.89
2008-10-30,29.08,29.62,28.50,29.62,18900,29.11
2008-10-29,24.60,27.66,24.60,27.02,53200,26.55
2008-10-28,20.99,23.50,20.91,23.50,94400,23.09
2008-10-27,19.58,20.75,19.35,19.80,30600,19.46
2008-10-24,19.65,20.92,19.65,20.40,24400,20.05
2008-10-23,22.08,23.88,21.78,23.05,123800,22.65
2008-10-22,24.10,24.48,22.84,23.35,22100,22.94
2008-10-21,26.44,27.27,25.90,25.90,126600,25.45
2008-10-20,27.13,27.51,25.76,26.70,45700,26.24
2008-10-17,27.00,27.00,24.90,25.62,7900,25.18
2008-10-16,28.65,28.65,24.77,26.62,107800,26.16
2008-10-15,31.05,31.05,27.12,27.12,52900,26.65
2008-10-14,34.07,34.07,30.93,31.83,49000,31.28
2008-10-13,28.22,32.31,28.22,31.85,64500,31.30
2008-10-10,26.15,28.17,25.65,28.09,74900,27.60
2008-10-09,30.99,32.23,28.03,28.44,44000,27.95
2008-10-08,30.69,32.39,30.10,31.85,208000,31.30
2008-10-07,31.96,33.32,30.23,30.30,146200,29.77
2008-10-06,35.93,35.93,30.13,32.84,137100,32.27
2008-10-03,39.25,40.64,37.57,37.58,57100,36.93
2008-10-02,41.78,41.85,39.61,39.78,69400,39.09
2008-10-01,44.93,44.93,42.11,43.12,31000,42.37
2008-09-30,42.11,43.95,41.60,43.95,32100,43.19
2008-09-29,46.55,46.55,38.82,38.82,38500,38.15
2008-09-26,46.73,46.73,45.64,46.71,36500,45.90
2008-09-25,46.41,47.84,45.50,47.40,82000,46.58
2008-09-24,45.14,45.66,44.80,45.17,56300,44.39
2008-09-23,45.00,45.56,44.36,44.71,49800,43.93
2008-09-22,48.03,48.03,45.59,46.34,14900,45.54
2008-09-19,44.29,47.79,44.29,47.07,34300,46.25
2008-09-18,39.05,41.41,38.29,41.28,255500,40.56
2008-09-17,39.00,39.00,36.64,36.89,113000,36.25
2008-09-16,40.25,40.88,38.14,40.55,90300,39.85
2008-09-15,43.81,46.50,39.01,43.10,82500,42.35
2008-09-12,43.05,47.39,43.05,47.34,141200,46.52
2008-09-11,46.94,46.94,42.99,44.10,79300,43.33
2008-09-10,43.56,46.01,43.56,45.62,171600,44.83
2008-09-09,50.15,50.15,44.76,44.76,103300,43.98
2008-09-08,51.15,51.15,47.87,48.08,57500,47.25
2008-09-05,47.81,48.48,47.01,48.31,218200,47.47
2008-09-04,52.13,52.13,48.06,48.20,161000,47.36
2008-09-03,51.80,51.80,50.50,50.71,49200,49.83
2008-09-02,52.70,52.97,51.99,52.38,34200,51.47
2008-08-29,52.69,52.88,52.54,52.74,21600,51.82
2008-08-28,52.41,53.20,52.41,53.01,42400,52.09
2008-08-27,51.32,51.85,51.01,51.74,51900,50.84
2008-08-26,51.51,51.56,50.90,50.92,34900,50.04
2008-08-25,53.35,53.35,52.08,52.29,77200,51.38
2008-08-22,53.59,53.78,53.36,53.47,55500,52.54
2008-08-21,53.74,54.66,53.74,54.53,44700,53.58
2008-08-20,53.26,54.23,51.52,54.23,107200,53.29
2008-08-19,54.01,54.01,52.00,52.82,106000,51.90
2008-08-18,54.25,55.64,54.25,54.71,53800,53.76
2008-08-15,55.71,56.19,55.60,55.70,52600,54.73
2008-08-14,56.15,56.61,55.99,56.22,38900,55.24
2008-08-13,55.27,56.60,55.27,56.21,32800,55.23
2008-08-12,55.83,57.06,55.83,56.59,57700,55.61
2008-08-11,55.03,56.05,55.03,55.26,83500,54.30
2008-08-08,55.21,55.29,54.31,55.21,58000,54.25
2008-08-07,58.34,58.35,57.29,57.31,64300,56.31
2008-08-06,57.26,58.47,57.10,58.46,38100,57.44
2008-08-05,59.00,59.00,58.01,58.26,49300,57.25
2008-08-04,60.72,60.72,57.60,58.89,42100,57.87
2008-08-01,61.68,66.74,60.38,60.38,54800,59.33
2008-07-31,61.71,61.85,61.01,61.14,8300,60.08
2008-07-30,59.81,61.79,59.81,61.79,24800,60.72
2008-07-29,59.01,59.08,58.49,59.08,39000,58.05
2008-07-28,58.83,59.51,58.16,58.16,52000,57.15
2008-07-25,61.09,61.09,56.62,59.16,107100,58.13
2008-07-24,62.93,62.93,59.67,59.70,105200,58.66
2008-07-23,62.75,62.77,62.16,62.48,151200,61.39
2008-07-22,62.88,63.36,62.60,63.15,36300,62.05
2008-07-21,63.64,63.65,62.94,63.34,55700,62.24
2008-07-18,63.48,63.55,62.81,63.24,9100,62.14
2008-07-17,64.80,65.14,64.29,64.42,111700,63.30
2008-07-16,61.33,64.04,61.33,64.00,25500,62.89
2008-07-15,62.70,63.47,62.28,62.61,20300,61.52
2008-07-14,63.99,63.99,63.30,63.39,23700,62.29
2008-07-11,62.81,63.44,62.21,62.70,50300,61.61
2008-07-10,62.38,64.02,62.38,63.98,86400,62.87
2008-07-09,62.86,63.40,61.86,61.86,86700,60.79
2008-07-08,62.43,63.19,62.15,63.19,56300,62.09
2008-07-07,63.28,63.28,61.57,62.09,93200,61.01
2008-07-03,62.11,64.06,62.03,63.41,84100,62.31
2008-07-02,63.47,64.07,62.14,62.14,66100,61.06
2008-07-01,65.29,65.29,62.32,63.79,501300,62.68
2008-06-30,66.65,66.65,65.27,65.56,84900,64.42
2008-06-27,65.43,66.20,65.42,65.53,85900,64.39
2008-06-26,65.83,65.83,64.47,64.51,45500,63.39
2008-06-25,66.13,66.35,64.99,66.09,54000,64.94
2008-06-24,65.07,65.77,64.89,65.33,65800,64.20
2008-06-23,66.12,66.37,65.80,65.96,14200,64.81
2008-06-20,67.37,67.37,66.50,66.54,32100,65.38
2008-06-19,67.93,68.30,67.64,68.00,30800,66.82
2008-06-18,68.05,68.05,67.36,67.86,58200,66.68
2008-06-17,68.04,68.20,67.83,67.91,37300,66.73
2008-06-16,66.53,68.38,66.53,67.21,56400,66.04
2008-06-13,66.62,67.47,66.39,67.33,103700,66.16
2008-06-12,66.54,67.14,66.21,66.59,112900,65.43
2008-06-11,66.85,67.02,65.92,65.92,55500,64.78
2008-06-10,66.51,66.70,65.86,66.14,72800,64.99
2008-06-09,67.04,67.74,64.52,67.31,75900,66.14
2008-06-06,69.15,69.15,67.35,67.42,90500,66.25
2008-06-05,68.25,69.15,68.06,69.15,117500,67.95
2008-06-04,68.19,69.19,67.25,67.61,139000,66.44
2008-06-03,70.18,70.42,68.85,69.31,117700,68.11
2008-06-02,70.36,71.18,70.25,70.74,304300,69.51
2008-05-30,71.06,71.12,70.47,70.93,81700,69.70
2008-05-29,70.20,71.17,70.19,70.66,122300,69.43
2008-05-28,69.30,70.03,69.12,70.01,43200,68.79
2008-05-27,69.70,69.79,69.10,69.63,65700,68.42
2008-05-23,70.00,70.87,69.86,70.45,80300,69.23
2008-05-22,71.38,71.38,70.29,70.31,96400,69.09
2008-05-21,70.70,72.17,70.70,70.85,78600,69.62
2008-05-20,70.95,72.55,68.06,71.08,131500,69.85
2008-05-19,73.96,73.96,72.01,72.63,115000,71.37
2008-05-16,71.75,72.33,71.66,72.33,34800,71.07
2008-05-15,70.84,70.90,69.59,70.90,54500,69.67
2008-05-14,69.94,71.59,69.94,70.73,253100,69.50
2008-05-13,68.66,69.18,68.50,69.17,125400,67.97
2008-05-12,69.94,69.94,67.90,68.91,78700,67.71
2008-05-09,67.52,69.20,67.52,69.08,145500,67.88
2008-05-08,66.30,67.54,66.30,67.50,44600,66.33
2008-05-07,65.50,65.95,64.72,64.94,59900,63.81
2008-05-06,64.06,65.19,64.06,65.19,86800,64.06
2008-05-05,63.68,63.99,63.36,63.99,127400,62.88
2008-05-02,63.16,63.54,63.13,63.46,74000,62.36
2008-05-01,62.81,63.13,62.00,63.08,30900,61.98
2008-04-30,62.81,63.26,62.81,62.87,43000,61.78
2008-04-29,63.08,63.20,62.85,63.08,50800,61.98
2008-04-28,63.49,63.90,63.40,63.75,30300,62.64
2008-04-25,63.36,63.37,62.90,63.37,9200,62.27
2008-04-24,62.88,63.41,62.44,63.10,48600,62.00
2008-04-23,63.94,64.26,63.83,64.07,9000,62.96
2008-04-22,64.63,65.39,63.79,64.09,20500,62.98
2008-04-21,63.03,64.57,63.03,64.57,45200,63.45
2008-04-18,64.26,64.31,63.90,63.90,41400,62.79
2008-04-17,63.51,63.72,63.11,63.67,65900,62.56
2008-04-16,62.90,64.50,62.90,64.50,10300,63.38
2008-04-15,62.32,63.00,62.32,62.98,59000,61.89
2008-04-14,60.62,62.77,60.62,62.45,31700,61.37
2008-04-11,63.21,63.42,62.09,62.09,38800,61.01
2008-04-10,63.60,64.41,63.60,64.14,41800,63.03
2008-04-09,63.53,63.72,62.96,63.12,20500,62.02
2008-04-08,61.77,63.00,61.77,63.00,45700,61.91
2008-04-07,62.25,63.52,62.25,62.70,57100,61.61
2008-04-04,61.92,62.70,61.92,62.19,54500,61.11
2008-04-03,60.64,62.18,60.64,61.90,59100,60.83
2008-04-02,62.16,62.27,61.76,61.98,24100,60.90
2008-04-01,62.10,62.49,61.43,62.42,38300,61.34
2008-03-31,60.22,61.14,60.22,60.91,38300,59.85
2008-03-28,61.35,61.35,60.56,60.56,28400,59.51
2008-03-27,61.64,61.70,61.00,61.11,38500,60.05
2008-03-26,61.96,61.96,60.19,60.36,43400,59.31
2008-03-25,60.30,60.78,60.03,60.78,39400,59.72
2008-03-24,57.43,60.73,57.43,60.29,26200,59.24
2008-03-20,59.03,59.16,58.24,59.04,61900,58.01
2008-03-19,61.37,61.38,59.66,59.66,64900,58.62
2008-03-18,61.95,61.97,60.43,61.97,70700,60.89
2008-03-17,59.81,60.45,58.74,60.21,57000,59.16
2008-03-14,62.45,62.46,61.03,61.34,51300,60.27
2008-03-13,61.65,62.59,60.90,62.47,83200,61.39
2008-03-12,63.90,63.90,62.20,62.26,17200,61.18
2008-03-11,60.02,62.75,59.86,62.75,64800,61.66
2008-03-10,60.18,60.18,57.61,58.82,93200,57.80
2008-03-07,59.70,60.03,58.67,59.33,70300,58.30
2008-03-06,61.15,61.15,60.22,60.22,71500,59.17
2008-03-05,60.66,61.89,60.64,61.41,58700,60.34
2008-03-04,61.37,61.37,59.47,59.98,85000,58.94
2008-03-03,61.11,61.24,60.53,61.09,35000,60.03
2008-02-29,61.98,62.14,60.65,60.71,79900,59.66
2008-02-28,63.11,63.31,62.73,62.80,91200,61.71
2008-02-27,65.00,65.00,63.35,63.89,75900,62.78
2008-02-26,64.79,64.79,63.08,63.82,68100,62.71
2008-02-25,62.70,63.56,62.51,63.56,98900,62.46
2008-02-22,63.89,63.89,61.92,63.20,65000,62.10
2008-02-21,62.91,63.00,61.77,62.09,55600,61.01
2008-02-20,61.66,62.63,61.36,62.57,134600,61.48
2008-02-19,61.02,63.09,61.02,62.36,59100,61.28
2008-02-15,61.31,61.33,60.54,61.31,56500,60.25
2008-02-14,63.52,64.02,61.26,61.30,21200,60.24
2008-02-13,61.37,61.48,60.80,61.43,39400,60.36
2008-02-12,59.38,60.63,59.38,60.09,58700,59.05
2008-02-11,57.77,58.20,57.45,58.13,45600,57.12
2008-02-08,57.00,57.50,56.68,56.96,16900,55.97
2008-02-07,57.67,58.43,57.12,57.85,149700,56.85
2008-02-06,60.00,60.00,58.33,58.33,163000,57.32
2008-02-05,61.50,61.50,59.58,59.61,83200,58.57
2008-02-04,62.99,62.99,61.10,61.86,128900,60.79
2008-02-01,61.13,61.60,60.81,61.35,73900,60.28
2008-01-31,59.19,60.42,58.81,60.09,69200,59.05
2008-01-30,61.71,62.06,60.11,60.96,74300,59.90
2008-01-29,61.94,61.94,61.00,61.31,65400,60.25
2008-01-28,65.37,65.37,60.21,61.34,114400,60.27
2008-01-25,62.40,65.25,59.80,64.43,139800,63.31
2008-01-24,59.91,60.69,59.69,60.65,15000,59.60
2008-01-23,59.27,59.27,56.05,59.04,52500,58.01
2008-01-22,61.50,63.70,51.33,61.04,65500,59.98
2008-01-18,62.10,64.08,62.10,63.66,94700,62.55
2008-01-17,66.00,66.00,62.47,62.62,58100,61.53
2008-01-16,67.70,67.70,65.40,65.48,50200,64.34
2008-01-15,70.06,70.13,69.40,69.57,59600,68.36
2008-01-14,69.05,70.92,67.70,70.92,28700,69.69
2008-01-11,72.23,72.23,69.37,69.55,25400,68.34
2008-01-10,71.95,71.95,69.83,70.90,31700,69.67
2008-01-09,70.11,71.39,69.72,70.61,23800,69.38
2008-01-08,71.10,71.54,69.88,69.94,32500,68.73
2008-01-07,71.85,72.07,69.91,70.42,30100,69.20
2008-01-04,74.04,76.19,69.79,70.04,31500,68.82
2008-01-03,71.45,71.75,71.29,71.68,11100,70.44
2008-01-02,70.01,73.35,70.01,70.84,90400,69.61
2007-12-31,70.89,71.00,70.71,70.88,11800,69.65
2007-12-28,70.70,70.70,70.40,70.45,18800,69.23
2007-12-27,70.75,70.98,70.67,70.80,11900,69.57
2007-12-26,73.37,75.32,70.60,72.03,12000,70.78
2007-12-24,71.00,71.12,71.00,71.10,3900,69.87
2007-12-21,72.20,72.20,70.40,70.86,17700,69.63
2007-12-20,70.19,70.60,69.83,70.60,33100,68.98
2007-12-19,71.15,71.15,69.31,69.72,14500,68.12
2007-12-18,68.13,69.85,68.13,69.77,23200,68.17
2007-12-17,68.82,69.69,68.12,68.13,94100,66.57
2007-12-14,70.38,70.87,70.00,70.42,15900,68.81
2007-12-13,72.47,72.87,71.50,72.66,43500,71.00
2007-12-12,74.65,75.12,72.73,73.25,39900,71.57
2007-12-11,76.24,76.24,72.02,72.49,56100,70.83
2007-12-10,73.28,74.77,73.28,74.77,93000,73.06
2007-12-07,71.99,72.85,71.99,72.85,68600,71.18
2007-12-06,73.66,74.03,71.73,72.66,13000,71.00
2007-12-05,70.93,71.16,70.80,71.14,22000,69.51
2007-12-04,69.02,69.54,69.00,69.34,9000,67.75
2007-12-03,69.47,69.47,68.61,68.88,11200,67.30
2007-11-30,69.06,69.17,68.30,68.32,37500,66.76
2007-11-29,69.40,69.50,68.10,68.28,6800,66.72
2007-11-28,67.20,68.43,67.20,68.39,11300,66.82
2007-11-27,67.80,67.80,66.09,66.61,16300,65.08
2007-11-26,65.68,67.58,65.68,66.14,7800,64.63
2007-11-23,66.94,66.95,66.86,66.86,6100,65.33
2007-11-21,66.68,67.13,66.45,66.50,20700,64.98
2007-11-20,67.60,68.08,66.70,67.59,10800,66.04
2007-11-19,67.50,67.60,66.27,66.27,17300,64.75
2007-11-16,67.95,68.13,67.71,68.13,4100,66.57
2007-11-15,68.55,68.78,67.55,67.55,30400,66.00
2007-11-14,71.80,71.80,68.90,68.90,16000,67.32
2007-11-13,69.95,69.95,68.79,69.71,8500,68.11
2007-11-12,69.06,69.06,67.91,67.91,13100,66.35
2007-11-09,69.62,70.68,69.42,69.96,5000,68.36
2007-11-08,70.00,70.95,69.68,70.56,18200,68.94
2007-11-07,71.20,71.35,70.24,70.29,12700,68.68
2007-11-06,70.93,71.58,70.85,71.58,8600,69.94
2007-11-05,69.40,70.06,69.30,69.80,29100,68.20
2007-11-02,69.68,70.21,69.59,70.17,8000,68.56
2007-11-01,69.08,69.60,69.08,69.25,19800,67.66
2007-10-31,69.21,70.77,69.21,70.69,17800,69.07
2007-10-30,69.20,69.52,69.19,69.36,9800,67.77
2007-10-29,70.10,70.25,70.00,70.14,11800,68.53
2007-10-26,68.80,69.34,68.74,69.07,18400,67.49
2007-10-25,67.39,67.98,67.39,67.82,46700,66.27
2007-10-24,66.40,66.97,66.14,66.93,18000,65.40
2007-10-23,66.65,68.70,66.65,67.20,5500,65.66
2007-10-22,65.33,65.84,65.33,65.55,5300,64.05
2007-10-19,66.90,66.90,65.78,65.78,24500,64.27
2007-10-18,67.08,67.50,67.05,67.47,7800,65.92
2007-10-17,67.80,67.80,67.40,67.80,4100,66.25
2007-10-16,67.50,67.56,67.11,67.17,10000,65.63
2007-10-15,68.64,68.76,67.62,67.77,57400,66.22
2007-10-12,67.82,68.37,67.82,68.27,22500,66.71
2007-10-11,68.38,68.90,67.06,67.35,90300,65.81
2007-10-10,67.45,67.59,67.31,67.42,5700,65.88
2007-10-09,67.32,67.81,67.30,67.79,9500,66.24
2007-10-08,66.84,67.85,66.74,66.91,6000,65.38
2007-10-05,66.57,66.97,66.57,66.85,5000,65.32
2007-10-04,65.58,65.70,65.42,65.60,14000,64.10
2007-10-03,65.48,65.58,65.31,65.31,9600,63.81
2007-10-02,65.95,65.96,65.65,65.96,7700,64.45
2007-10-01,64.60,65.30,64.60,65.30,17500,63.80
2007-09-28,65.00,65.03,64.68,64.73,23500,63.25
2007-09-27,64.92,64.94,64.77,64.94,2700,63.45
2007-09-26,64.36,64.39,64.14,64.37,5300,62.90
2007-09-25,63.60,65.00,63.53,64.19,25300,62.72
2007-09-24,63.95,64.08,63.82,63.85,14900,62.39
2007-09-21,63.65,64.14,63.65,64.05,11600,62.58
2007-09-20,63.34,63.57,63.33,63.35,9100,61.90
2007-09-19,63.42,63.62,63.08,63.16,11400,61.71
2007-09-18,60.63,62.32,60.00,62.32,10800,60.89
2007-09-17,60.22,60.23,59.96,59.99,6900,58.62
2007-09-14,60.52,60.81,60.52,60.76,9100,59.37
2007-09-13,60.35,61.00,59.95,60.40,14700,59.02
2007-09-12,59.39,59.71,59.37,59.66,14300,58.29
2007-09-11,59.00,59.32,58.98,59.32,17800,57.96
2007-09-10,58.37,58.43,57.91,58.29,21200,56.95
2007-09-07,58.77,58.77,58.21,58.37,41000,57.03
2007-09-06,59.15,59.28,59.08,59.17,2300,57.81
2007-09-05,58.95,60.00,58.90,59.16,60000,57.80
2007-09-04,61.38,61.38,58.86,60.10,22300,58.72
2007-08-31,59.46,59.99,59.00,59.48,19600,58.12
2007-08-30,57.73,58.02,57.49,57.76,6000,56.44
2007-08-29,57.77,58.10,51.24,58.10,8300,56.77
2007-08-28,57.96,57.96,57.23,57.35,4000,56.04
2007-08-27,58.33,58.38,58.00,58.24,4400,56.91
2007-08-24,57.36,58.31,57.36,58.16,4200,56.83
2007-08-23,57.50,57.50,56.99,57.28,5100,55.97
2007-08-22,56.80,56.98,56.70,56.95,4100,55.65
2007-08-21,55.25,55.35,55.06,55.06,2400,53.80
2007-08-20,56.25,56.35,55.77,56.35,3800,55.06
2007-08-17,56.00,56.50,56.00,56.50,1400,55.21
2007-08-16,55.05,55.42,54.30,55.42,19800,54.15
2007-08-15,57.65,57.80,56.90,56.90,17000,55.60
2007-08-14,59.21,59.21,58.60,58.62,35400,57.28
2007-08-13,59.80,59.82,59.25,59.25,16400,57.89
2007-08-10,58.75,59.30,58.55,59.10,22900,57.75
2007-08-09,59.92,60.45,59.70,59.80,19700,58.43
2007-08-08,61.92,62.45,61.90,61.93,11000,60.51
2007-08-07,60.42,61.24,60.42,61.24,7500,59.84
2007-08-06,60.08,60.64,59.93,60.54,7700,59.15
2007-08-03,61.18,61.18,60.15,60.15,21900,58.77
2007-08-02,60.93,60.95,60.75,60.85,12700,59.46
2007-08-01,60.42,60.75,59.95,59.95,42500,58.58
2007-07-31,62.02,62.15,61.10,61.10,13800,59.70
2007-07-30,60.80,61.60,60.68,61.50,34900,60.09
2007-07-27,60.51,60.60,59.80,60.05,23800,58.67
2007-07-26,62.25,62.25,60.75,61.20,35200,59.80
2007-07-25,64.43,64.43,63.45,63.90,31600,62.44
2007-07-24,64.84,65.02,63.83,63.83,12700,62.37
2007-07-23,65.57,65.68,65.45,65.55,6300,64.05
2007-07-20,64.83,64.85,64.50,64.55,9400,63.07
2007-07-19,65.18,65.26,65.15,65.26,10400,63.77
2007-07-18,64.03,64.05,63.61,63.85,3800,62.39
2007-07-17,64.60,64.60,64.28,64.60,11700,63.12
2007-07-16,64.78,64.91,64.73,64.91,7400,63.42
2007-07-13,64.83,65.00,64.83,64.99,2500,63.50
2007-07-12,64.18,64.83,64.18,64.83,10000,63.35
2007-07-11,62.63,63.15,62.55,62.98,10100,61.54
2007-07-10,62.14,62.65,62.03,62.20,23100,60.78
2007-07-09,63.38,63.45,63.20,63.27,8200,61.82
2007-07-06,62.45,62.75,62.45,62.75,4100,61.31
2007-07-05,62.35,62.60,62.35,62.60,12800,61.17
2007-07-03,61.79,61.79,61.62,61.62,6900,60.21
2007-07-02,60.64,60.88,60.64,60.88,3900,59.49
2007-06-29,60.41,60.41,59.71,60.00,3400,58.63
2007-06-28,62.30,62.30,59.94,60.00,6100,58.63
2007-06-27,58.92,59.73,58.89,59.65,4500,58.28
2007-06-26,59.50,59.83,59.27,59.42,18200,58.06
2007-06-25,58.98,59.15,58.46,58.46,8500,57.12
2007-06-22,59.37,59.37,58.97,59.08,13200,57.73
2007-06-21,59.06,59.50,58.77,59.05,3500,57.70
2007-06-20,59.85,59.88,59.21,59.21,3300,57.85
2007-06-19,59.23,59.62,59.23,59.58,4900,58.22
2007-06-18,59.48,59.48,59.34,59.37,2600,58.01
2007-06-15,58.93,58.94,58.75,58.93,27800,57.58
2007-06-14,57.31,57.99,57.31,57.98,37200,56.65
2007-06-13,56.25,57.16,56.23,56.93,17300,55.63
2007-06-12,56.22,56.25,55.94,55.94,18200,54.66
2007-06-11,56.24,56.67,56.19,56.62,13700,55.32
2007-06-08,55.75,56.40,55.67,56.40,31100,55.11
2007-06-07,56.37,56.50,55.75,55.75,27800,54.47
2007-06-06,57.19,57.25,57.00,57.17,6700,55.86
2007-06-05,57.72,57.97,57.62,57.85,7100,56.52
2007-06-04,57.62,57.96,57.59,57.85,9600,56.52
2007-06-01,57.48,57.73,57.42,57.70,9700,56.38
2007-05-31,56.19,56.45,56.15,56.29,23000,55.00
2007-05-30,54.25,54.97,54.25,54.97,22900,53.71
2007-05-29,54.95,55.13,54.68,54.80,23000,53.54
2007-05-25,56.08,56.25,56.08,56.25,16700,54.96
2007-05-24,56.22,56.30,55.66,55.72,28700,54.44
2007-05-23,56.93,57.11,56.85,56.90,9300,55.60
2007-05-22,57.65,57.68,57.55,57.65,8200,56.33
2007-05-21,57.53,57.80,57.50,57.60,17400,56.28
2007-05-18,57.13,57.59,57.13,57.52,15300,56.20
2007-05-17,56.80,56.87,56.66,56.86,14000,55.56
2007-05-16,57.10,57.20,56.90,57.10,3400,55.79
2007-05-15,56.40,56.90,56.32,56.50,14300,55.21
2007-05-14,57.22,57.26,56.97,57.18,7000,55.87
2007-05-11,56.72,57.10,56.70,57.10,24900,55.79
2007-05-10,58.20,58.22,57.75,57.86,6600,56.53
2007-05-09,58.55,58.72,58.51,58.72,9500,57.37
2007-05-08,58.83,58.83,58.57,58.77,9800,57.42
2007-05-07,59.73,59.74,59.60,59.65,14100,58.28
2007-05-04,59.33,59.55,59.33,59.50,20600,58.14
2007-05-03,59.10,59.20,59.05,59.17,15900,57.81
2007-05-02,58.53,58.90,58.53,58.85,21200,57.50
2007-05-01,58.79,58.79,58.10,58.50,25700,57.16
2007-04-30,59.39,59.39,58.53,58.63,29100,57.29
2007-04-27,59.35,59.68,59.25,59.58,8600,58.22
2007-04-26,61.03,61.03,60.08,60.18,15300,58.80
2007-04-25,60.43,60.82,60.42,60.82,7100,59.43
2007-04-24,59.90,60.02,59.76,60.02,7200,58.65
2007-04-23,59.68,60.05,59.68,60.00,13500,58.63
2007-04-20,60.00,60.32,59.75,59.92,15200,58.55
2007-04-19,58.04,58.73,58.02,58.67,22500,57.33
2007-04-18,59.14,59.37,58.97,59.17,48200,57.81
2007-04-17,59.78,59.95,59.66,59.87,44900,58.50
2007-04-16,60.26,60.42,60.26,60.42,42800,59.04
2007-04-13,59.88,59.98,59.75,59.94,10000,58.57
2007-04-12,58.82,59.51,58.78,59.51,14200,58.15
2007-04-11,59.63,59.70,59.21,59.41,11700,58.05
2007-04-10,59.05,59.44,59.03,59.44,8100,58.08
2007-04-09,58.28,58.48,58.20,58.48,19100,57.14
2007-04-05,58.43,58.52,58.38,58.49,15600,57.15
2007-04-04,57.80,58.05,57.80,58.05,1100,56.72
2007-04-03,57.55,57.65,57.55,57.65,400,56.33
2007-04-02,57.64,57.65,57.60,57.60,10300,56.28
2007-03-30,57.90,58.00,57.85,57.87,12400,56.54
2007-03-29,57.77,57.85,57.70,57.85,3200,56.52
2007-03-28,57.07,57.08,56.85,56.85,15500,55.55
2007-03-27,56.88,57.15,56.78,57.15,4200,55.84
2007-03-26,57.33,57.33,56.90,57.05,3300,55.74
2007-03-23,56.68,56.71,56.68,56.71,4000,55.41