2011-05-10,108.82,108.85,108.61,108.61,34800,108.61
2011-05-09,108.92,108.93,108.76,108.81,17000,108.81
2011-05-06,108.64,108.85,108.51,108.81,8500,108.81
2011-05-05,108.65,108.76,108.51,108.76,11300,108.76
2011-05-04,108.44,108.64,108.38,108.44,22000,108.44
2011-05-03,108.31,108.43,108.30,108.36,11000,108.36
2011-05-02,108.59,108.59,108.20,108.25,57000,108.25
2011-04-29,108.47,108.64,108.36,108.64,17000,108.38
2011-04-28,108.38,108.47,108.25,108.40,52100,108.15
2011-04-27,108.26,108.31,108.03,108.30,14200,108.05
2011-04-26,108.17,108.36,108.07,108.35,27500,108.10
2011-04-25,108.17,108.17,107.94,108.17,15700,107.92
2011-04-21,107.98,108.11,107.86,108.11,22300,107.86
2011-04-20,108.13,108.20,107.88,107.89,23200,107.64
2011-04-19,108.00,108.18,108.00,108.06,23000,107.81
2011-04-18,108.41,108.41,107.79,107.99,29200,107.74
2011-04-15,107.92,107.92,107.76,107.84,17100,107.59
2011-04-14,107.83,107.83,107.49,107.52,14400,107.27
2011-04-13,107.56,107.74,107.37,107.68,22000,107.43
2011-04-12,107.33,107.67,107.33,107.60,12400,107.35
2011-04-11,107.27,107.39,107.11,107.33,13000,107.08
2011-04-08,107.23,107.33,107.04,107.24,16500,106.99
2011-04-07,107.28,107.41,107.15,107.36,12900,107.11
2011-04-06,107.35,107.47,107.13,107.13,31700,106.88
2011-04-05,107.58,107.58,107.28,107.34,35300,107.09
2011-04-04,107.61,107.71,107.53,107.55,18500,107.30
2011-04-01,107.23,107.47,107.01,107.39,29300,107.14
2011-03-31,107.87,107.87,107.60,107.69,31600,107.18
2011-03-30,107.46,107.79,107.46,107.68,20800,107.17
2011-03-29,107.69,107.69,107.48,107.57,14400,107.06
2011-03-28,107.68,107.80,107.63,107.65,9400,107.14
2011-03-25,108.08,108.11,107.69,107.82,13500,107.31
2011-03-24,108.07,108.20,107.92,107.92,91300,107.41
2011-03-23,108.15,108.52,108.04,108.04,7600,107.53
2011-03-22,108.09,108.19,108.02,108.19,16000,107.68
2011-03-21,108.35,108.35,108.10,108.24,24500,107.73
2011-03-18,108.37,108.57,108.30,108.57,15500,108.06
2011-03-17,108.52,108.65,108.32,108.60,16100,108.09
2011-03-16,108.51,108.92,108.44,108.70,17400,108.19
2011-03-15,108.59,108.59,108.08,108.36,12700,107.85
2011-03-14,108.51,108.51,108.07,108.28,27900,107.77
2011-03-11,108.35,108.35,107.83,108.00,12900,107.49
2011-03-10,108.13,108.13,107.68,107.99,17200,107.48
2011-03-09,107.72,107.79,107.42,107.60,14400,107.09
2011-03-08,107.46,107.57,107.28,107.52,13200,107.01
2011-03-07,107.62,107.75,107.34,107.34,37300,106.83
2011-03-04,107.35,107.70,107.24,107.65,18900,107.14
2011-03-03,107.34,107.44,107.16,107.20,14300,106.69
2011-03-02,107.79,108.00,107.53,107.53,17000,107.02
2011-03-01,107.50,107.92,107.48,107.92,15500,107.41
2011-02-28,107.77,108.06,107.77,108.02,31500,107.25
2011-02-25,107.85,107.93,107.75,107.92,23600,107.15
2011-02-24,107.82,107.91,107.62,107.74,15300,106.97
2011-02-23,107.76,107.90,107.57,107.59,48900,106.82
2011-02-22,107.56,107.75,107.36,107.75,35900,106.98
2011-02-18,107.15,107.33,106.94,107.33,25500,106.57
2011-02-17,107.28,107.28,107.06,107.11,11700,106.35
2011-02-16,107.06,107.06,106.77,106.88,113600,106.12
2011-02-15,106.91,107.00,106.74,106.99,23000,106.23
2011-02-14,106.86,106.94,106.68,106.84,12100,106.08
2011-02-11,107.06,107.06,106.74,106.77,9900,106.01
2011-02-10,107.07,107.07,106.50,106.50,17700,105.74
2011-02-09,107.00,107.00,106.61,106.83,23700,106.07
2011-02-08,106.93,106.96,106.55,106.55,23400,105.79
2011-02-07,106.82,106.99,106.58,106.96,52800,106.20
2011-02-04,107.05,107.17,106.79,106.88,18800,106.12
2011-02-03,107.33,107.44,107.14,107.17,27600,106.41
2011-02-02,107.61,107.82,107.37,107.42,20800,106.66
2011-02-01,107.80,107.83,107.55,107.69,16500,106.92
2011-01-31,108.36,108.36,108.05,108.20,20100,107.18
2011-01-28,108.02,108.33,107.92,108.21,25600,107.18
2011-01-27,107.88,108.10,107.83,108.10,36900,107.08
2011-01-26,108.14,108.14,107.12,107.85,13600,106.83
2011-01-25,108.25,108.27,107.92,108.05,27700,107.03
2011-01-24,108.13,108.13,107.80,107.98,16500,106.96
2011-01-21,107.84,107.97,107.54,107.90,13900,106.88
2011-01-20,107.95,107.98,107.56,107.78,13000,106.76
2011-01-19,108.17,108.17,107.94,108.09,101100,107.07
2011-01-18,108.11,108.15,107.79,108.00,25700,106.98
2011-01-14,108.29,108.37,107.93,107.98,21500,106.96
2011-01-13,107.92,108.17,107.80,108.17,20900,107.15
2011-01-12,107.97,108.03,107.59,107.89,14200,106.87
2011-01-11,108.25,108.25,107.78,107.84,16300,106.82
2011-01-10,108.14,108.16,107.94,107.99,10300,106.97
2011-01-07,107.95,108.09,107.61,107.83,22600,106.81
2011-01-06,107.83,107.83,107.27,107.45,32100,106.43
2011-01-05,107.60,107.60,107.15,107.25,20000,106.23
2011-01-04,107.97,108.03,107.70,107.72,40000,106.70
2011-01-03,107.73,107.87,107.42,107.82,25000,106.80
2010-12-31,107.65,107.88,107.40,107.88,4300,106.86
2010-12-30,107.40,107.63,107.31,107.63,7100,106.61
2010-12-29,106.99,107.65,106.95,107.52,31500,106.50
2010-12-28,107.13,107.48,106.89,106.90,22300,105.89
2010-12-27,107.35,107.71,107.35,107.64,18900,106.38
2010-12-23,107.74,107.76,107.46,107.72,19200,106.46
2010-12-22,107.93,107.98,107.66,107.81,19000,106.55
2010-12-21,107.77,108.05,107.67,107.81,28500,106.55
2010-12-20,108.00,108.08,107.69,107.91,29300,106.64
2010-12-17,107.38,107.85,107.36,107.75,36900,106.49
2010-12-16,107.17,107.33,106.91,107.30,42600,106.04
2010-12-15,107.65,107.65,107.08,107.31,86600,106.05
2010-12-14,107.55,107.65,107.12,107.43,239400,106.17
2010-12-13,107.48,107.90,107.47,107.85,23200,106.59
2010-12-10,107.94,108.06,107.54,107.54,109100,106.28
2010-12-09,107.95,108.18,107.86,108.03,17600,106.76
2010-12-08,107.95,108.24,107.70,107.88,30500,106.61
2010-12-07,108.88,109.00,108.36,108.55,19500,107.28
2010-12-06,109.21,109.25,108.97,109.25,21400,107.97
2010-12-03,109.14,109.14,108.65,108.90,12700,107.62
2010-12-02,108.58,108.86,108.50,108.66,15500,107.39
2010-12-01,109.06,109.07,108.59,108.80,11700,107.52
2010-11-30,109.58,109.70,109.50,109.55,11700,108.02
2010-11-29,109.72,109.72,109.34,109.53,11300,108.00
2010-11-26,109.22,109.54,109.22,109.34,8200,107.82
2010-11-24,109.79,109.79,109.33,109.45,15300,107.93
2010-11-23,110.10,110.10,109.82,109.97,10900,108.44
2010-11-22,109.73,109.84,109.55,109.69,11600,108.16
2010-11-19,109.47,109.66,109.47,109.53,9400,108.00
2010-11-18,109.47,109.55,109.32,109.52,10400,107.99
2010-11-17,109.70,109.76,109.43,109.60,37400,108.07
2010-11-16,109.34,109.63,109.14,109.63,16200,108.10
2010-11-15,109.63,109.72,109.19,109.19,56400,107.67
2010-11-12,110.00,110.40,109.87,109.97,23500,108.44
2010-11-11,110.44,110.45,110.17,110.22,4900,108.68
2010-11-10,110.17,110.59,110.09,110.41,74100,108.87
2010-11-09,110.97,110.97,110.39,110.47,48900,108.93
2010-11-08,110.96,111.03,110.68,110.71,10900,109.17
2010-11-05,111.14,111.14,110.72,110.94,8000,109.39
2010-11-04,110.85,111.17,110.85,110.99,48400,109.44
2010-11-03,110.63,111.10,110.63,110.75,202800,109.21
2010-11-02,110.38,110.79,110.38,110.61,9200,109.07
2010-11-01,110.63,110.63,110.30,110.35,9400,108.81
2010-10-29,110.76,110.89,110.45,110.58,11100,108.79
2010-10-28,110.39,110.79,110.04,110.66,11200,108.87
2010-10-27,110.40,110.49,110.18,110.38,20000,108.60
2010-10-26,110.60,110.64,110.27,110.43,14800,108.65
2010-10-25,111.00,111.01,110.53,110.66,12800,108.87
2010-10-22,110.75,110.75,110.60,110.69,13100,108.90
2010-10-21,110.63,110.84,110.60,110.60,17200,108.81
2010-10-20,110.90,110.96,110.61,110.88,51800,109.09
2010-10-19,110.75,110.87,110.60,110.77,14700,108.98
2010-10-18,110.42,110.94,110.42,110.61,30700,108.82
2010-10-15,110.40,110.72,110.40,110.47,22200,108.69
2010-10-14,110.97,111.01,110.49,110.54,11200,108.75
2010-10-13,110.92,110.99,110.64,110.99,16200,109.20
2010-10-12,111.15,111.24,110.77,110.89,22000,109.10
2010-10-11,111.13,111.25,110.90,111.25,4800,109.45
2010-10-08,111.18,111.25,110.97,111.10,8800,109.31
2010-10-07,111.06,111.08,110.77,110.95,14200,109.16
2010-10-06,110.76,111.07,110.76,110.85,15900,109.06
2010-10-05,110.36,110.70,110.36,110.49,9600,108.71
2010-10-04,110.12,110.62,110.12,110.36,9100,108.58
2010-10-01,110.23,110.41,110.16,110.18,18200,108.40
2010-09-30,110.50,110.61,110.17,110.61,22000,108.58
2010-09-29,110.44,110.68,110.44,110.61,8900,108.58
2010-09-28,110.55,110.70,110.40,110.45,39300,108.42
2010-09-27,110.38,110.54,110.21,110.54,22700,108.51
2010-09-24,109.89,110.26,109.89,110.06,24700,108.04
2010-09-23,110.33,110.50,110.23,110.39,8300,108.36
2010-09-22,110.43,110.51,110.19,110.33,22600,108.30
2010-09-21,110.00,110.36,109.86,110.32,13400,108.30
2010-09-20,109.88,109.90,109.55,109.90,13100,107.88
2010-09-17,109.81,109.82,109.49,109.75,5500,107.74
2010-09-16,109.73,109.73,109.43,109.60,8400,107.59
2010-09-15,109.81,109.88,109.64,109.76,8900,107.75
2010-09-14,109.67,109.86,109.58,109.78,20700,107.77
2010-09-13,109.05,109.64,109.05,109.43,11300,107.42
2010-09-10,109.21,109.40,109.10,109.37,18600,107.36
2010-09-09,109.40,109.56,109.30,109.41,17400,107.40
2010-09-08,109.81,109.81,109.51,109.52,12700,107.51
2010-09-07,109.46,109.82,109.46,109.73,25600,107.72
2010-09-03,109.33,109.57,109.27,109.40,9200,107.39
2010-09-02,109.71,109.84,109.62,109.74,7400,107.73
2010-09-01,109.90,110.10,109.63,109.89,23200,107.87
2010-08-31,110.44,110.44,110.14,110.15,11100,107.88
2010-08-30,109.80,110.27,109.80,110.21,14100,107.94
2010-08-27,109.92,110.19,109.74,109.79,12400,107.53
2010-08-26,110.25,110.33,110.07,110.33,14400,108.06
2010-08-25,110.48,110.50,110.01,110.19,16300,107.92
2010-08-24,109.96,110.41,109.96,110.27,20000,108.00
2010-08-23,110.02,110.14,109.92,110.12,39700,107.85
2010-08-20,110.07,110.16,109.88,110.01,20600,107.74
2010-08-19,110.06,110.22,109.99,110.00,9500,107.73
2010-08-18,110.10,110.12,109.79,109.79,11100,107.53
2010-08-17,110.09,110.09,109.77,109.95,12700,107.69
2010-08-16,110.05,110.16,109.92,110.10,11300,107.83
2010-08-13,109.47,109.81,109.47,109.81,11400,107.55
2010-08-12,109.75,109.84,109.61,109.65,4600,107.39
2010-08-11,109.89,109.90,109.78,109.81,12700,107.55
2010-08-10,109.30,109.72,109.30,109.72,10000,107.46
2010-08-09,109.39,109.66,109.39,109.61,18900,107.35
2010-08-06,109.58,109.66,109.41,109.46,10700,107.21
2010-08-05,109.07,109.37,109.07,109.21,17100,106.96
2010-08-04,109.27,109.36,109.05,109.07,5300,106.82
2010-08-03,109.36,109.38,109.03,109.29,18300,107.04
2010-08-02,108.85,109.20,108.85,109.12,6900,106.87
2010-07-30,109.13,109.52,109.13,109.50,21200,106.99
2010-07-29,109.00,109.27,108.87,109.27,14100,106.77
2010-07-28,108.66,108.97,108.66,108.92,16500,106.43
2010-07-27,108.70,108.83,108.58,108.72,9100,106.23
2010-07-26,108.85,108.93,108.68,108.68,22200,106.19
2010-07-23,108.93,109.07,108.90,108.92,12400,106.43
2010-07-22,109.00,109.11,108.90,109.11,7100,106.61
2010-07-21,108.79,109.23,108.79,109.23,11100,106.73
2010-07-20,108.93,108.99,108.76,108.88,11600,106.39
2010-07-19,108.83,109.00,108.60,108.84,13800,106.35
2010-07-16,108.48,108.93,108.48,108.84,9000,106.35
2010-07-15,108.49,108.69,108.43,108.54,14600,106.06
2010-07-14,108.06,108.53,108.06,108.26,14100,105.78
2010-07-13,108.19,108.19,108.01,108.14,10100,105.67
2010-07-12,108.23,108.31,108.06,108.22,10700,105.74
2010-07-09,108.05,108.25,108.03,108.19,19600,105.71
2010-07-08,108.01,108.33,108.01,108.23,14500,105.75
2010-07-07,108.20,108.48,108.20,108.35,8100,105.87
2010-07-06,108.18,108.41,107.99,108.41,16700,105.93
2010-07-02,108.21,108.27,107.96,108.10,12200,105.63
2010-07-01,108.45,108.45,108.13,108.25,32400,105.77
2010-06-30,108.62,108.64,108.23,108.59,52500,105.85
2010-06-29,108.37,108.50,108.27,108.49,14000,105.76
2010-06-28,108.04,108.36,108.02,108.24,8300,105.51
2010-06-25,107.87,108.12,107.82,108.04,18300,105.32
2010-06-24,107.84,108.08,107.69,107.80,9600,105.08
2010-06-23,107.84,108.01,107.68,108.01,20700,105.29
2010-06-22,107.54,107.66,107.33,107.63,21300,104.92
2010-06-21,107.34,107.51,107.31,107.51,22700,104.80
2010-06-18,107.33,107.47,107.31,107.46,14000,104.75
2010-06-17,107.23,107.52,107.23,107.44,42700,104.73
2010-06-16,107.23,107.28,107.15,107.28,9700,104.58
2010-06-15,107.25,107.25,106.96,106.97,59000,104.27
2010-06-14,106.83,107.12,106.76,107.12,37200,104.42
2010-06-11,106.76,107.27,106.76,107.25,12200,104.55
2010-06-10,107.02,107.21,106.87,106.87,22400,104.18
2010-06-09,107.32,107.40,107.15,107.39,11400,104.68
2010-06-08,107.43,107.50,107.27,107.30,27300,104.60
2010-06-07,107.04,107.54,107.04,107.47,10700,104.76
2010-06-04,107.27,107.37,107.15,107.33,11000,104.63
2010-06-03,106.62,107.02,106.62,106.95,28600,104.26
2010-06-02,107.16,107.30,106.95,107.07,14600,104.37
2010-06-01,106.98,107.24,106.98,107.23,10100,104.53
2010-05-28,107.39,107.44,107.19,107.44,23400,104.48
2010-05-27,107.25,107.25,106.88,107.11,37200,104.15
2010-05-26,107.53,107.60,107.31,107.52,15100,104.55
2010-05-25,107.82,107.85,107.62,107.62,83300,104.65
2010-05-24,107.83,107.83,107.43,107.72,33400,104.75
2010-05-21,107.85,107.99,107.31,107.61,21600,104.64
2010-05-20,107.52,107.58,107.24,107.49,19900,104.52
2010-05-19,107.11,107.42,107.08,107.28,24700,104.32
2010-05-18,107.01,107.28,106.74,107.14,10000,104.18
2010-05-17,106.89,107.19,106.84,106.95,8100,104.00
2010-05-14,107.00,107.10,106.96,106.99,12100,104.04
2010-05-13,106.91,106.91,106.67,106.86,13400,103.91
2010-05-12,106.55,106.77,106.45,106.66,14700,103.72
2010-05-11,106.97,106.97,106.45,106.65,18900,103.71
2010-05-10,106.93,107.27,106.18,106.61,19100,103.67
2010-05-07,107.06,107.16,106.46,106.75,15800,103.80
2010-05-06,106.73,106.99,102.18,105.78,55100,102.86
2010-05-05,106.84,106.90,106.45,106.79,26000,103.84
2010-05-04,106.68,106.68,106.46,106.67,9200,103.73
2010-05-03,106.46,106.46,106.21,106.36,18900,103.43
2010-04-30,106.71,106.86,106.45,106.79,70100,103.58
2010-04-29,106.61,106.71,106.31,106.60,31300,103.40
2010-04-28,106.55,106.59,106.32,106.35,21700,103.16
2010-04-27,106.39,106.70,106.27,106.50,28600,103.30
2010-04-26,106.35,106.39,106.09,106.15,10100,102.96
2010-04-23,106.12,106.29,106.06,106.09,15800,102.90
2010-04-22,106.48,106.67,106.29,106.30,14400,103.11
2010-04-21,106.30,106.48,106.15,106.47,36500,103.27
2010-04-20,106.45,106.45,106.18,106.23,14300,103.04
2010-04-19,106.50,106.50,106.21,106.33,9000,103.14
2010-04-16,106.18,106.54,106.15,106.35,12700,103.16
2010-04-15,106.00,106.24,106.00,106.08,19000,102.89
2010-04-14,106.27,106.29,106.00,106.00,18900,102.82
2010-04-13,106.18,106.29,105.91,106.00,9800,102.82
2010-04-12,106.00,106.06,105.79,105.99,17200,102.81
2010-04-09,105.85,105.96,105.58,105.68,22400,102.51
2010-04-08,106.06,106.06,105.70,105.75,8000,102.57
2010-04-07,105.70,105.94,105.52,105.74,7300,102.56
2010-04-06,105.41,105.63,105.30,105.40,35400,102.23
2010-04-05,105.40,105.51,105.16,105.41,43800,102.24
2010-04-01,105.80,105.99,105.74,105.74,9900,102.56
2010-03-31,106.29,106.32,106.08,106.13,16200,102.68
2010-03-30,106.13,106.17,105.93,106.17,14800,102.72
2010-03-29,106.19,106.19,105.84,106.07,6800,102.62
2010-03-26,105.97,106.14,105.73,106.14,34200,102.69
2010-03-25,106.00,106.08,105.78,105.81,13500,102.37
2010-03-24,106.35,106.38,105.86,105.95,26900,102.51
2010-03-23,106.67,106.69,106.45,106.56,12900,103.10
2010-03-22,106.70,106.70,106.33,106.41,31200,102.95
2010-03-19,106.52,106.59,106.35,106.37,31600,102.91
2010-03-18,106.74,106.74,106.42,106.63,11100,103.16
2010-03-17,106.40,106.99,106.40,106.76,95300,103.29
2010-03-16,106.49,106.76,106.32,106.66,34700,103.19
2010-03-15,106.44,106.46,106.16,106.46,11700,103.00
2010-03-12,106.38,106.44,106.21,106.39,25600,102.93
2010-03-11,106.39,106.46,106.15,106.43,17700,102.97
2010-03-10,106.55,106.55,105.98,106.50,26400,103.04
2010-03-09,106.41,106.60,106.38,106.41,7700,102.95
2010-03-08,106.40,106.50,106.25,106.34,11100,102.88
2010-03-05,106.53,106.53,106.23,106.40,13600,102.94
2010-03-04,106.58,106.70,106.43,106.68,20700,103.21
2010-03-03,106.62,106.69,106.55,106.66,14600,103.19
2010-03-02,106.34,106.70,106.34,106.68,16100,103.21
2010-03-01,106.59,106.69,106.36,106.64,13600,103.17
2010-02-26,106.73,106.94,106.60,106.84,16600,103.11
2010-02-25,106.58,106.73,106.45,106.47,137100,102.76
2010-02-24,106.31,106.58,106.29,106.52,7500,102.80
2010-02-23,106.02,106.43,106.02,106.27,23100,102.56
2010-02-22,105.94,106.16,105.91,106.15,23000,102.45
2010-02-19,106.08,106.13,105.86,105.94,13900,102.24
2010-02-18,106.30,106.30,105.88,106.14,25900,102.44
2010-02-17,106.33,106.40,106.04,106.18,12500,102.48
2010-02-16,106.23,106.40,106.04,106.27,8300,102.56
2010-02-12,106.23,106.41,106.19,106.35,7300,102.64
2010-02-11,106.21,106.21,105.94,106.14,11100,102.44
2010-02-10,106.42,106.42,105.98,106.15,7200,102.45
2010-02-09,106.54,106.54,106.29,106.46,14400,102.75
2010-02-08,106.60,106.74,106.44,106.57,15000,102.85
2010-02-05,106.36,106.77,106.26,106.62,29400,102.90
2010-02-04,106.48,106.62,106.03,106.39,26900,102.68
2010-02-03,106.33,106.36,106.02,106.19,60800,102.49
2010-02-02,106.55,106.55,106.17,106.20,17900,102.50
2010-02-01,106.43,106.58,106.11,106.35,11100,102.64
2010-01-29,106.50,106.79,106.32,106.77,12900,102.78
2010-01-28,106.44,106.57,106.08,106.32,12000,102.35
2010-01-27,106.62,107.00,106.43,106.43,8400,102.45
2010-01-26,106.58,106.92,106.43,106.64,11900,102.66
2010-01-25,106.88,106.88,106.40,106.65,14000,102.67
2010-01-22,106.39,106.79,106.39,106.52,14900,102.54
2010-01-21,106.32,106.73,106.32,106.49,50000,102.51
2010-01-20,106.48,106.58,106.28,106.50,13000,102.52
2010-01-19,106.37,106.37,106.14,106.18,7800,102.21
2010-01-15,106.20,106.50,106.20,106.43,18800,102.45
2010-01-14,106.41,106.41,105.84,106.29,32400,102.32
2010-01-13,106.04,106.34,105.90,106.11,31400,102.15
2010-01-12,106.08,106.30,105.97,106.30,14100,102.33
2010-01-11,106.15,106.15,105.85,106.05,20100,102.09
2010-01-08,105.90,106.01,105.81,105.99,14500,102.03
2010-01-07,105.87,105.90,105.71,105.75,13300,101.80
2010-01-06,105.56,105.97,105.56,105.68,18200,101.73
2010-01-05,105.76,105.81,105.52,105.76,11600,101.81
2010-01-04,105.47,105.56,105.19,105.56,68500,101.62
2009-12-31,105.17,105.36,105.02,105.26,18200,101.33
2009-12-30,105.31,105.53,105.20,105.50,12400,101.56
2009-12-29,105.55,105.55,105.10,105.26,16000,101.33
2009-12-28,105.72,105.72,105.54,105.55,7300,101.36
2009-12-24,105.91,105.91,105.67,105.67,9100,101.47
2009-12-23,105.79,106.16,105.69,105.94,27500,101.73
2009-12-22,106.13,106.13,105.82,105.83,26000,101.63
2009-12-21,106.43,106.43,106.16,106.20,26900,101.98
2009-12-18,106.70,106.90,106.53,106.61,31400,102.37
2009-12-17,106.39,106.77,106.17,106.77,51800,102.53
2009-12-16,106.20,106.53,106.07,106.23,18000,102.01
2009-12-15,106.26,106.35,105.89,105.94,36000,101.73
2009-12-14,106.57,106.57,106.25,106.39,8000,102.16
2009-12-11,106.49,106.55,106.30,106.52,23800,102.29
2009-12-10,106.78,106.78,106.29,106.48,23500,102.25
2009-12-09,106.74,107.05,106.42,106.42,61500,102.19
2009-12-08,106.68,106.93,106.66,106.77,11500,102.53
2009-12-07,106.46,106.60,106.30,106.39,27100,102.16
2009-12-04,106.40,106.41,104.97,106.35,45000,102.13
2009-12-03,106.61,106.75,106.43,106.55,37800,102.32
2009-12-02,106.82,106.97,106.58,106.72,21300,102.48
2009-12-01,107.20,107.20,106.86,106.95,75900,102.70
2009-11-30,107.12,107.47,107.11,107.33,18000,102.81
2009-11-27,106.74,107.52,106.74,107.14,7700,102.63
2009-11-25,106.85,107.14,106.76,106.93,11900,102.43
2009-11-24,107.15,107.26,106.71,106.73,38500,102.24
2009-11-23,106.88,106.94,106.73,106.92,15600,102.42
2009-11-20,106.89,107.05,106.71,106.85,19900,102.35
2009-11-19,106.99,107.09,106.72,106.74,11300,102.25
2009-11-18,106.70,106.90,106.65,106.87,11200,102.37
2009-11-17,106.84,106.99,106.51,106.98,27900,102.48
2009-11-16,106.61,106.79,106.34,106.77,14000,102.28
2009-11-13,106.52,106.55,106.24,106.29,15600,101.82
2009-11-12,106.39,106.86,106.15,106.24,14700,101.77
2009-11-11,106.06,106.66,105.84,106.50,19300,102.02
2009-11-10,106.49,106.49,106.15,106.36,11000,101.89
2009-11-09,106.13,106.33,105.88,106.32,16900,101.85
2009-11-06,106.08,106.20,105.96,106.14,14500,101.67
2009-11-05,105.59,106.10,105.59,105.97,12400,101.51
2009-11-04,105.98,106.18,105.78,105.86,11900,101.41
2009-11-03,105.90,106.16,105.85,105.85,13300,101.40
2009-11-02,106.24,106.24,105.89,106.04,26800,101.58
2009-10-30,106.26,106.51,106.05,106.43,12100,101.70
2009-10-29,106.14,106.20,105.91,106.03,9900,101.31
2009-10-28,106.14,106.36,106.01,106.25,7300,101.52
2009-10-27,105.78,106.18,105.78,106.18,26500,101.46
2009-10-26,105.88,106.03,105.57,105.65,14400,100.95
2009-10-23,105.96,106.04,105.78,105.97,10800,101.26
2009-10-22,106.05,106.14,105.83,106.09,14100,101.37
2009-10-21,106.19,106.19,105.85,105.97,12800,101.26
2009-10-20,106.36,106.37,106.16,106.37,9100,101.64
2009-10-19,105.73,106.16,105.73,106.16,30100,101.44
2009-10-16,105.78,106.03,105.72,106.03,26300,101.31
2009-10-15,105.63,105.99,105.50,105.85,34300,101.14
2009-10-14,106.11,106.19,105.81,105.95,28600,101.24
2009-10-13,105.91,106.32,105.91,106.19,7400,101.47
2009-10-12,106.12,106.18,105.46,105.96,27900,101.25
2009-10-09,106.24,106.38,105.73,106.12,11000,101.40
2009-10-08,106.50,106.74,106.42,106.50,7000,101.76
2009-10-07,106.58,106.62,106.35,106.52,11000,101.78
2009-10-06,106.47,106.47,106.16,106.37,18300,101.64
2009-10-05,106.60,106.60,106.19,106.42,37400,101.69
2009-10-02,106.61,112.00,106.00,106.34,12100,101.61
2009-10-01,106.40,106.52,106.29,106.49,14200,101.75
2009-09-30,106.20,106.54,106.06,106.42,38400,101.43
2009-09-29,106.17,106.31,106.00,106.00,17900,101.03
2009-09-28,106.31,106.36,106.12,106.33,16800,101.35
2009-09-25,106.19,106.32,106.00,106.20,73600,101.22
2009-09-24,106.16,106.25,105.98,106.04,78300,101.07
2009-09-23,105.77,106.13,105.61,106.13,77500,101.16
2009-09-22,105.77,105.92,105.70,105.89,45300,100.93
2009-09-21,105.88,105.91,105.54,105.90,18500,100.94
2009-09-18,105.97,106.09,105.60,105.72,69700,100.76
2009-09-17,105.87,106.02,105.51,105.88,25900,100.92
2009-09-16,105.67,106.04,105.57,105.60,56300,100.65
2009-09-15,105.91,105.99,105.72,105.89,17600,100.93
2009-09-14,106.16,106.18,105.68,106.08,51200,101.11
2009-09-11,105.87,106.43,105.87,106.16,19000,101.18
2009-09-10,105.95,106.21,105.55,105.84,91800,100.88
2009-09-09,105.11,105.71,105.08,105.67,16500,100.72
2009-09-08,105.66,105.73,105.14,105.30,24500,100.36
2009-09-04,105.58,105.78,105.56,105.56,117700,100.61
2009-09-03,105.80,105.99,105.46,105.46,22200,100.52
2009-09-02,105.77,105.98,105.40,105.94,18200,100.97
2009-09-01,105.48,105.66,105.20,105.54,13900,100.59
2009-08-31,105.63,105.94,105.40,105.78,19600,100.82
2009-08-28,105.34,105.62,105.15,105.62,14300,100.67
2009-08-27,105.27,105.51,105.27,105.30,15300,100.36
2009-08-26,105.26,105.50,105.15,105.47,35800,100.53
2009-08-25,105.38,105.38,105.06,105.24,23800,100.31
2009-08-24,104.70,105.23,104.70,105.23,40000,100.30
2009-08-21,105.29,105.29,104.80,104.81,5600,99.90
2009-08-20,105.41,105.48,105.12,105.48,17900,100.54
2009-08-19,105.57,105.57,105.13,105.44,18300,100.50
2009-08-18,105.17,105.35,104.94,105.15,21100,100.22
2009-08-17,105.13,105.44,105.02,105.44,8300,100.50
2009-08-14,105.09,105.27,104.82,105.00,7900,100.08
2009-08-13,104.55,105.00,104.44,105.00,11800,100.08
2009-08-12,104.50,104.61,104.08,104.58,5300,99.68
2009-08-11,104.57,104.73,104.33,104.70,12300,99.79
2009-08-10,103.92,104.40,103.82,104.40,12500,99.51
2009-08-07,103.97,104.46,103.73,104.30,24600,99.41
2009-08-06,104.00,104.46,103.70,104.20,41000,99.32
2009-08-05,104.43,104.54,104.16,104.29,20400,99.40
2009-08-04,104.73,104.74,103.97,104.55,14300,99.65
2009-08-03,104.68,104.72,104.10,104.44,32600,99.54
2009-07-31,104.54,105.28,104.54,105.20,11900,100.27
2009-07-30,104.16,104.77,104.16,104.62,28100,99.72
2009-07-29,104.66,104.66,104.24,104.56,20100,99.66
2009-07-28,104.33,104.58,104.10,104.40,24700,99.51
2009-07-27,104.28,104.36,103.90,104.06,13500,99.18
2009-07-24,104.27,104.42,104.07,104.30,14600,99.41
2009-07-23,104.75,104.75,104.09,104.10,8100,99.22
2009-07-22,104.93,104.93,104.42,104.74,40300,99.83
2009-07-21,104.48,105.06,104.47,105.06,16900,100.14
2009-07-20,104.29,104.49,103.99,104.36,5500,99.47
2009-07-17,104.30,104.40,104.05,104.25,36500,99.36
2009-07-16,104.06,104.28,103.86,104.12,8200,99.24
2009-07-15,104.15,104.36,103.76,103.76,8100,98.90
2009-07-14,104.46,104.56,103.93,103.93,11000,99.06
2009-07-13,104.73,104.87,104.14,104.68,27800,99.77
2009-07-10,104.26,104.86,104.26,104.86,16100,99.95
2009-07-09,104.49,104.70,104.19,104.55,37000,99.65
2009-07-08,104.25,104.53,104.07,104.33,13500,99.44
2009-07-07,104.02,104.34,103.62,104.20,20000,99.32
2009-07-06,104.03,104.22,103.47,104.11,23500,99.23
2009-07-02,103.90,103.90,103.54,103.88,30000,99.01
2009-07-01,103.63,103.80,102.68,103.60,23200,98.74
2009-06-30,103.95,104.10,103.26,104.10,20800,98.95
2009-06-29,104.07,104.18,103.67,104.06,30100,98.91
2009-06-26,104.10,104.12,103.52,103.95,25200,98.81
2009-06-25,103.47,104.00,103.05,104.00,16200,98.86
2009-06-24,103.49,103.84,103.15,103.27,19100,98.16
2009-06-23,103.42,103.45,103.15,103.30,11800,98.19
2009-06-22,103.17,103.48,103.04,103.42,17600,98.31
2009-06-19,103.29,103.52,102.71,102.73,100700,97.65
2009-06-18,103.38,103.44,102.64,102.80,24700,97.72
2009-06-17,103.50,103.59,103.36,103.47,22300,98.35
2009-06-16,103.19,103.40,103.06,103.19,41400,98.09
2009-06-15,103.15,103.18,102.93,103.12,14400,98.02
2009-06-12,102.55,103.00,102.55,103.00,23500,97.91
2009-06-11,102.32,102.85,102.15,102.37,34500,97.31
2009-06-10,102.55,102.57,101.93,102.04,10900,96.99
2009-06-09,102.33,102.95,102.06,102.44,19300,97.37
2009-06-08,102.26,102.70,101.99,101.99,23200,96.95
2009-06-05,102.76,102.79,102.06,102.16,17300,97.11
2009-06-04,103.53,103.93,103.01,103.01,47600,97.92
2009-06-03,103.32,104.00,103.32,103.63,17000,98.51
2009-06-02,103.90,103.90,103.18,103.32,49200,98.21
2009-06-01,103.07,103.83,102.46,103.65,25300,98.53
2009-05-29,103.37,104.24,103.37,103.97,21900,98.55
2009-05-28,103.43,104.00,103.06,103.61,19600,98.21
2009-05-27,103.99,103.99,103.24,103.49,31400,98.10
2009-05-26,103.74,104.17,103.62,103.66,42500,98.26
2009-05-22,104.10,104.37,103.63,103.93,63000,98.51
2009-05-21,104.41,104.78,103.82,104.06,29300,98.64
2009-05-20,103.71,104.66,103.69,104.41,35500,98.97
2009-05-19,104.57,104.57,103.74,103.88,33000,98.47
2009-05-18,104.47,104.47,103.84,104.09,13400,98.67
2009-05-15,104.03,104.55,103.85,104.03,15000,98.61
2009-05-14,104.62,104.62,103.94,104.38,10300,98.94
2009-05-13,104.06,104.97,104.06,104.33,18200,98.89
2009-05-12,104.20,104.32,103.73,104.20,16500,98.77
2009-05-11,103.63,104.22,103.63,104.15,11300,98.72
2009-05-08,103.49,103.84,103.38,103.76,21900,98.35
2009-05-07,103.21,103.85,103.11,103.58,18700,98.18
2009-05-06,103.32,106.45,103.07,103.35,54600,97.96
2009-05-05,103.60,103.66,103.24,103.63,14000,98.23
2009-05-04,103.11,103.61,103.08,103.61,58700,98.21
2009-05-01,102.72,103.57,102.72,103.29,20900,97.91
2009-04-30,103.53,103.56,103.00,103.27,79700,97.60
2009-04-29,103.85,104.02,103.20,103.44,61400,97.77
2009-04-28,104.08,104.30,103.33,103.60,19300,97.92
2009-04-27,103.92,103.93,103.65,103.92,12000,98.22
2009-04-24,103.83,103.92,103.26,103.53,11600,97.85
2009-04-23,103.83,103.93,103.53,103.93,17700,98.23
2009-04-22,103.90,103.90,103.42,103.88,10200,98.18
2009-04-21,104.18,104.32,103.50,103.54,14500,97.86
2009-04-20,103.94,104.11,103.74,104.05,12800,98.34
2009-04-17,103.94,103.94,103.16,103.35,23300,97.68
2009-04-16,104.09,104.20,103.52,104.04,19500,98.33
2009-04-15,104.08,104.26,103.75,103.97,28800,98.27
2009-04-14,104.06,104.13,103.66,104.12,9700,98.41
2009-04-13,103.76,103.96,103.51,103.88,22900,98.18
2009-04-09,103.27,103.49,102.97,103.49,17400,97.81
2009-04-08,103.17,103.56,103.17,103.55,15600,97.87
2009-04-07,103.11,103.22,102.97,103.18,6700,97.52
2009-04-06,103.23,103.23,102.93,103.14,22500,97.48
2009-04-03,103.44,103.45,102.73,102.78,147900,97.14
2009-04-02,103.63,103.69,103.25,103.61,87800,97.93
2009-04-01,103.64,103.71,103.20,103.60,27800,97.92
2009-03-31,103.74,104.04,103.52,103.90,27100,97.89
2009-03-30,103.44,103.72,103.41,103.62,23700,97.62
2009-03-27,103.61,103.64,103.28,103.47,45200,97.48
2009-03-26,103.33,103.58,102.65,103.52,69800,97.53
2009-03-25,103.67,103.67,103.05,103.05,18300,97.09
2009-03-24,103.45,103.86,103.20,103.56,15000,97.57
2009-03-23,103.94,104.03,103.37,103.91,25800,97.90
2009-03-20,103.81,103.84,103.28,103.76,22900,97.75
2009-03-19,104.47,104.47,103.34,103.58,84800,97.58
2009-03-18,102.77,104.48,102.54,103.34,60900,97.36
2009-03-17,102.92,103.00,102.37,102.57,19500,96.63
2009-03-16,102.80,103.03,102.23,102.62,52900,96.68
2009-03-13,103.12,103.24,102.80,103.17,20100,97.20
2009-03-12,103.10,103.18,102.85,103.17,19100,97.20
2009-03-11,102.99,103.06,102.56,103.05,26300,97.09
2009-03-10,102.78,103.42,102.78,103.15,17100,97.18
2009-03-09,103.36,103.42,102.96,103.42,26900,97.43
2009-03-06,103.29,103.70,103.13,103.60,24400,97.60
2009-03-05,103.46,103.83,103.33,103.83,29200,97.82
2009-03-04,103.39,103.53,103.00,103.53,14000,97.54
2009-03-03,103.84,103.84,103.02,103.55,20100,97.56
2009-03-02,103.34,104.10,103.15,103.92,47400,97.91
2009-02-27,103.43,103.73,103.15,103.63,60900,97.33
2009-02-26,103.70,103.90,103.10,103.50,16500,97.20
2009-02-25,104.44,104.52,103.72,104.01,16900,97.68
2009-02-24,104.80,104.90,103.74,103.74,38300,97.43
2009-02-23,104.62,106.18,102.61,104.69,28600,98.32
2009-02-20,105.00,105.38,104.52,105.08,27200,98.69
2009-02-19,104.36,104.96,104.07,104.81,12000,98.43
2009-02-18,105.11,105.40,104.62,105.40,20700,98.99
2009-02-17,104.66,105.47,104.63,104.74,17400,98.37
2009-02-13,104.42,105.48,104.36,104.60,13600,98.24
2009-02-12,105.42,105.48,104.41,104.80,28300,98.42
2009-02-11,104.82,105.31,104.65,105.16,11500,98.76
2009-02-10,104.81,104.85,104.20,104.20,9900,97.86
2009-02-09,104.50,104.51,103.75,103.92,15600,97.60
2009-02-06,104.59,105.01,104.18,104.96,49300,98.57
2009-02-05,104.87,105.13,103.94,104.91,23800,98.53
2009-02-04,104.69,104.90,104.59,104.90,9600,98.52
2009-02-03,105.06,105.76,104.35,104.72,13500,98.35
2009-02-02,104.96,105.20,104.33,104.99,10700,98.60
2009-01-30,105.39,105.54,104.95,105.26,13900,98.55
2009-01-29,105.55,106.34,105.25,105.42,23700,98.70
2009-01-28,106.02,106.20,105.58,105.58,11900,98.85
2009-01-27,105.55,106.19,105.55,106.15,24300,99.38
2009-01-26,105.54,106.25,105.12,105.89,64000,99.14
2009-01-23,105.42,105.74,104.98,105.71,13200,98.97
2009-01-22,105.67,105.67,104.76,105.47,4900,98.75
2009-01-21,105.66,105.73,105.07,105.62,12800,98.89
2009-01-20,105.72,106.36,105.25,106.03,9500,99.27
2009-01-16,104.96,106.68,104.96,106.15,26900,99.38
2009-01-15,106.83,107.85,105.89,105.96,73700,99.20
2009-01-14,106.48,107.30,106.48,106.99,19300,100.17
2009-01-13,106.31,106.47,105.78,106.27,7500,99.50
2009-01-12,106.67,106.95,106.00,106.34,11700,99.56
2009-01-09,106.03,106.75,105.68,106.75,12300,99.94
2009-01-08,105.94,106.29,105.38,106.22,15500,99.45
2009-01-07,105.00,106.34,104.78,105.57,142000,98.84
2009-01-06,104.88,105.29,104.54,104.98,15100,98.29
2009-01-05,105.38,106.28,104.95,105.05,12000,98.35
2009-01-02,106.16,106.50,105.56,105.88,3900,99.13
2008-12-31,106.30,106.85,106.11,106.74,32400,99.94
2008-12-30,106.13,106.79,105.76,106.79,13000,99.98
2008-12-29,106.19,106.61,106.04,106.04,7800,99.28
2008-12-26,106.74,106.91,106.30,106.88,7000,99.72
2008-12-24,106.02,106.60,106.02,106.24,8300,99.12
2008-12-23,105.99,106.85,105.99,106.65,17600,99.51
2008-12-22,106.14,106.99,106.14,106.92,14300,99.76
2008-12-19,105.95,106.97,105.95,106.57,8500,99.43
2008-12-18,106.20,106.90,106.20,106.88,22800,99.72
2008-12-17,106.10,106.68,105.80,106.34,40300,99.22
2008-12-16,104.44,106.18,103.85,106.18,20400,99.07
2008-12-15,103.84,105.00,103.18,104.42,16800,97.43
2008-12-12,103.27,104.50,102.97,104.50,13500,97.50
2008-12-11,103.60,104.59,103.08,103.74,7200,96.79
2008-12-10,102.85,103.60,102.70,103.57,8900,96.63
2008-12-09,103.52,104.18,103.14,104.18,11200,97.20
2008-12-08,103.33,103.55,102.36,103.49,50700,96.56
2008-12-05,103.31,103.94,102.77,103.54,11600,96.61
2008-12-04,103.13,104.08,103.00,103.43,18000,96.50
2008-12-03,103.39,104.15,103.00,104.08,17300,97.11
2008-12-02,102.91,104.16,102.89,104.11,21500,97.14
2008-12-01,102.65,103.83,102.37,103.73,32100,96.78
2008-11-28,101.48,102.29,101.48,102.00,18700,94.82
2008-11-26,102.13,102.82,101.71,101.71,16400,94.55
2008-11-25,101.31,102.81,101.31,102.45,13500,95.24
2008-11-24,100.35,101.15,100.15,100.63,5300,93.54
2008-11-21,100.97,101.86,100.45,101.61,55100,94.46
2008-11-20,101.00,101.33,100.62,101.33,8700,94.19
2008-11-19,100.86,101.20,100.57,100.57,14200,93.49
2008-11-18,100.30,100.89,100.30,100.88,2200,93.78
2008-11-17,100.84,101.02,100.23,100.82,4800,93.72
2008-11-14,100.05,101.00,100.05,100.88,13500,93.78
2008-11-13,101.00,101.00,100.46,100.70,5700,93.61
2008-11-12,100.23,100.38,99.42,100.19,19300,93.14
2008-11-11,100.44,101.10,100.28,100.38,25400,93.31
2008-11-10,100.27,100.64,99.88,100.64,5100,93.55
2008-11-07,99.98,100.79,99.37,100.22,8200,93.16
2008-11-06,99.87,100.84,99.45,100.84,15700,93.74
2008-11-05,99.85,99.90,98.89,99.85,13700,92.82
2008-11-04,99.01,99.50,98.79,99.50,10500,92.49
2008-11-03,98.56,98.79,98.49,98.79,25800,91.83
2008-10-31,97.52,98.52,97.52,97.95,3700,90.70
2008-10-30,98.95,98.95,97.33,97.79,23000,90.55
2008-10-29,97.68,98.65,97.68,97.97,17300,90.72
2008-10-28,99.11,99.73,97.99,98.00,16000,90.75
2008-10-27,98.03,99.78,97.96,98.67,12600,91.37
2008-10-24,98.96,99.48,98.31,98.91,4900,91.59
2008-10-23,99.42,100.35,99.21,100.13,74500,92.72
2008-10-22,100.08,100.42,98.90,99.98,21300,92.58
2008-10-21,99.39,100.07,98.71,100.07,19100,92.66
2008-10-20,98.52,99.32,98.09,98.66,22900,91.36
2008-10-17,98.25,98.64,97.59,98.52,38600,91.23
2008-10-16,97.46,98.74,96.42,98.21,22700,90.94
2008-10-15,95.27,98.55,95.27,97.13,18500,89.94
2008-10-14,97.63,97.63,95.89,96.40,9100,89.26
2008-10-13,95.38,96.52,94.81,96.52,13200,89.38
2008-10-10,96.29,96.29,91.63,95.31,10100,88.26
2008-10-09,97.59,98.27,96.97,97.19,18200,90.00
2008-10-08,100.81,100.81,97.52,97.95,20200,90.70
2008-10-07,99.40,100.25,98.95,100.03,12700,92.63
2008-10-06,100.47,100.89,95.38,99.21,108700,91.87
2008-10-03,99.53,100.11,99.53,100.11,4300,92.70
2008-10-02,99.22,100.43,99.22,99.98,6000,92.58
2008-10-01,100.36,100.36,99.44,99.52,6600,92.15
2008-09-30,100.44,100.44,99.70,99.95,6200,92.21
2008-09-29,100.16,101.01,100.16,100.49,8600,92.71
2008-09-26,99.69,100.78,99.69,100.78,15300,92.97
2008-09-25,100.90,101.06,100.03,100.21,20900,92.45
2008-09-24,101.02,101.75,100.96,101.75,24000,93.87
2008-09-23,100.91,101.70,100.75,101.12,6700,93.29
2008-09-22,102.33,102.55,100.40,101.19,4200,93.35
2008-09-19,101.50,102.74,100.22,102.60,14300,94.65
2008-09-18,102.44,102.52,101.55,101.86,12100,93.97
2008-09-17,102.35,102.85,101.94,102.51,47700,94.57
2008-09-16,103.41,103.61,102.36,102.70,29100,94.75
2008-09-15,103.39,103.75,103.15,103.34,10300,95.34
2008-09-12,103.19,103.19,102.85,102.89,6900,94.92
2008-09-11,103.51,103.51,103.20,103.26,21800,95.26
2008-09-10,103.30,103.51,103.12,103.44,11500,95.43
2008-09-09,102.81,103.48,102.81,103.46,10700,95.45
2008-09-08,103.03,103.27,102.83,103.06,16500,95.08
2008-09-05,103.52,103.59,103.21,103.21,9500,95.22
2008-09-04,103.28,103.41,103.23,103.37,15400,95.36
2008-09-03,103.15,103.27,103.01,103.24,70500,95.24
2008-09-02,102.60,103.03,102.33,103.03,3400,95.05
2008-08-29,103.27,103.27,102.77,103.02,14900,95.04
2008-08-28,103.13,103.20,103.00,103.14,3000,95.15
2008-08-27,102.91,103.32,102.91,103.32,7500,95.32
2008-08-26,103.16,103.17,102.89,103.17,5200,95.18
2008-08-25,103.26,103.26,103.16,103.20,2100,95.21
2008-08-22,103.07,103.07,102.62,102.87,11800,94.90
2008-08-21,103.25,103.25,102.90,103.04,6600,95.06
2008-08-20,103.16,103.30,103.12,103.25,9000,95.25
2008-08-19,103.21,103.21,102.81,103.00,12400,95.02
2008-08-18,102.88,103.08,102.83,103.06,14300,95.08
2008-08-15,102.90,102.95,102.77,102.90,9900,94.93
2008-08-14,102.46,102.85,102.46,102.81,4300,94.85
2008-08-13,103.05,103.05,102.39,102.45,33800,94.52
2008-08-12,102.77,102.85,102.71,102.85,5500,94.88
2008-08-11,102.58,102.58,102.30,102.44,5100,94.51
2008-08-08,102.85,102.90,102.52,102.67,13700,94.72
2008-08-07,102.33,102.88,102.33,102.83,9000,94.87
2008-08-06,102.29,102.38,101.98,102.38,5000,94.45
2008-08-05,102.48,102.49,102.38,102.38,10700,94.45
2008-08-04,102.49,102.61,102.35,102.54,14000,94.60
2008-08-01,102.86,102.86,102.29,102.35,6400,94.42
2008-07-31,102.94,103.07,102.77,102.96,4700,94.63
2008-07-30,102.00,102.63,102.00,102.22,4900,93.95
2008-07-29,102.47,102.47,101.95,101.95,6500,93.70
2008-07-28,102.50,102.67,102.35,102.62,6300,94.32
2008-07-25,102.43,102.46,102.16,102.21,26200,93.94
2008-07-24,101.65,102.29,101.65,101.99,10500,93.74
2008-07-23,101.72,101.79,101.40,101.46,2600,93.25
2008-07-22,101.98,101.98,101.53,101.53,4500,93.31
2008-07-21,101.65,102.13,101.65,102.10,5700,93.84
2008-07-18,102.25,102.34,101.66,101.66,5400,93.43
2008-07-17,102.04,102.46,102.04,102.18,5400,93.91
2008-07-16,102.32,102.64,102.32,102.50,4100,94.21
2008-07-15,102.91,102.95,102.71,102.95,2800,94.62
2008-07-14,103.03,103.03,102.55,102.77,4300,94.45
2008-07-11,102.76,102.92,102.40,102.43,2900,94.14
2008-07-10,102.92,103.11,102.89,103.08,15400,94.74
2008-07-09,102.52,103.11,102.52,102.90,10400,94.57
2008-07-08,102.69,102.78,102.37,102.72,4200,94.41
2008-07-07,102.39,102.51,102.33,102.51,1600,94.22
2008-07-03,102.42,102.45,102.42,102.45,500,94.16
2008-07-02,102.40,102.54,102.25,102.49,5800,94.20
2008-07-01,103.09,103.09,102.30,102.38,9100,94.10
2008-06-30,102.80,102.85,102.57,102.78,5600,94.15
2008-06-27,102.51,102.75,102.50,102.57,4500,93.96
2008-06-26,102.75,102.75,102.30,102.63,65700,94.02
2008-06-25,102.25,102.39,101.87,102.39,3400,93.80
2008-06-24,102.13,102.34,101.97,102.28,5300,93.69
2008-06-23,102.12,102.22,101.96,102.03,2500,93.47
2008-06-20,102.31,102.31,101.94,102.12,5900,93.55
2008-06-19,102.00,102.11,101.97,101.97,12900,93.41
2008-06-18,101.93,102.36,101.93,102.11,7800,93.54
2008-06-17,101.97,102.05,101.86,102.05,3900,93.48
2008-06-16,101.84,101.85,101.51,101.69,11300,93.15
2008-06-13,101.77,102.11,101.51,101.80,12600,93.26
2008-06-12,102.00,102.25,101.56,101.67,10500,93.14
2008-06-11,102.27,102.67,102.25,102.25,1700,93.67
2008-06-10,102.48,102.49,102.06,102.20,27300,93.62
2008-06-09,102.85,102.85,102.53,102.53,1200,93.92
2008-06-06,103.70,103.70,103.08,103.18,2200,94.52
2008-06-05,102.88,102.89,102.71,102.75,2500,94.13
2008-06-04,103.36,103.36,103.02,103.04,26700,94.39
2008-06-03,102.96,103.43,102.65,103.41,9300,94.73
2008-06-02,102.99,103.10,102.74,103.10,19500,94.45
2008-05-30,103.11,103.11,102.85,102.85,8200,94.22
2008-05-29,102.70,102.91,102.55,102.87,2500,94.24
2008-05-28,103.43,103.46,103.00,103.10,14600,94.45
2008-05-27,103.57,103.62,103.34,103.48,15100,94.79
2008-05-23,103.67,103.80,103.67,103.80,9600,95.09
2008-05-22,103.87,103.87,103.18,103.31,12100,94.64
2008-05-21,103.83,104.14,103.83,104.06,14000,95.33
2008-05-20,103.89,104.18,103.86,104.00,3300,95.27
2008-05-19,103.95,104.04,103.73,103.96,13200,95.23
2008-05-16,103.51,104.10,103.51,103.69,2300,94.99
2008-05-15,103.60,103.90,103.42,103.90,4700,95.18
2008-05-14,103.75,103.75,103.48,103.53,5100,94.84
2008-05-13,103.80,103.81,103.50,103.57,11300,94.88
2008-05-12,104.16,104.28,104.00,104.03,2200,95.30
2008-05-09,104.37,104.38,104.15,104.25,3600,95.50
2008-05-08,104.01,104.25,104.00,104.25,1500,95.50
2008-05-07,103.57,103.88,103.37,103.67,17500,94.97
2008-05-06,103.87,103.87,103.58,103.58,3000,94.89
2008-05-05,103.66,103.82,103.65,103.74,3600,95.03
2008-05-02,103.76,103.85,103.56,103.67,5000,94.97
2008-05-01,104.34,104.34,103.69,104.00,14100,95.27
2008-04-30,104.03,104.39,104.03,104.35,4200,95.29
2008-04-29,104.08,104.10,103.81,104.03,40700,95.00
2008-04-28,103.68,103.89,103.65,103.88,9700,94.86
2008-04-25,103.54,103.70,103.23,103.56,10200,94.57
2008-04-24,103.79,103.87,103.46,103.76,7000,94.75
2008-04-23,104.09,104.15,104.06,104.12,8300,95.08
2008-04-22,104.07,104.29,103.80,104.12,22000,95.08
2008-04-21,104.07,104.24,103.80,103.82,30400,94.81
2008-04-18,103.90,104.14,103.51,104.00,19500,94.97
2008-04-17,104.34,104.46,103.82,103.85,20300,94.83
2008-04-16,104.69,104.69,104.30,104.35,48900,95.29
2008-04-15,104.67,104.77,104.53,104.77,10300,95.68
2008-04-14,104.91,105.11,104.64,104.64,6800,95.56
2008-04-11,105.02,105.19,105.02,105.02,5300,95.90
2008-04-10,104.90,104.94,104.67,104.94,11600,95.83
2008-04-09,104.76,105.00,104.75,104.96,3100,95.85
2008-04-08,104.70,104.71,104.35,104.71,6200,95.62
2008-04-07,104.24,104.54,104.02,104.23,4500,95.18
2008-04-04,104.67,104.77,104.52,104.75,6200,95.66
2008-04-03,104.27,104.36,104.01,104.01,5400,94.98
2008-04-02,104.52,104.52,104.05,104.34,7800,95.28
2008-04-01,104.84,104.84,104.23,104.23,14800,95.18
2008-03-31,105.47,105.47,105.07,105.13,3900,96.00
2008-03-28,105.23,105.24,104.73,105.24,10500,96.10
2008-03-27,105.07,105.14,104.77,105.07,2400,95.95
2008-03-26,105.14,105.31,104.89,105.00,2700,95.89
2008-03-25,105.05,105.19,104.97,105.00,6000,95.89
2008-03-24,105.02,105.02,103.84,104.55,8200,95.47
2008-03-20,105.41,105.47,105.20,105.24,7000,96.10
2008-03-19,105.28,105.57,105.28,105.32,2800,96.18
2008-03-18,105.07,105.99,104.95,105.28,5000,96.14
2008-03-17,105.29,105.74,105.14,105.30,5100,96.16
2008-03-14,104.83,105.25,104.69,104.69,17900,95.60
2008-03-13,105.23,105.23,104.47,104.70,20200,95.61
2008-03-12,104.27,104.97,104.27,104.97,26300,95.86
2008-03-11,104.46,104.52,104.17,104.49,49000,95.42
2008-03-10,104.70,105.17,104.70,105.12,6500,95.99
2008-03-07,105.00,105.05,104.63,104.94,33000,95.83
2008-03-06,104.97,105.00,104.72,104.72,6200,95.63
2008-03-05,105.00,105.00,104.55,104.73,19200,95.64
2008-03-04,105.31,105.47,105.01,105.03,20700,95.91
2008-03-03,105.29,105.30,105.03,105.28,22900,96.14
2008-02-29,105.31,105.50,105.20,105.41,9900,96.26
2008-02-28,104.77,104.86,104.61,104.84,7200,95.74
2008-02-27,104.57,104.58,104.26,104.31,110000,95.25
2008-02-26,104.28,104.46,104.17,104.38,9200,95.32
2008-02-25,104.30,104.32,103.98,104.01,12800,94.98
2008-02-22,104.54,104.74,104.47,104.47,3300,95.40
2008-02-21,104.15,104.69,104.15,104.69,9900,95.60
2008-02-20,104.05,104.07,103.90,104.05,8500,95.02
2008-02-19,104.38,104.47,103.86,103.86,11500,94.84
2008-02-15,104.45,104.72,104.45,104.60,7400,95.52
2008-02-14,104.41,104.62,104.31,104.51,8100,95.44
2008-02-13,104.83,105.01,104.72,104.87,29300,95.77
2008-02-12,104.65,105.00,104.40,104.96,23500,95.85
2008-02-11,104.94,105.22,104.90,104.90,4900,95.79
2008-02-08,104.74,104.99,104.57,104.99,18800,95.88
2008-02-07,105.02,105.02,104.35,104.35,16800,95.29
2008-02-06,104.90,105.08,104.80,105.07,22300,95.95
2008-02-05,105.02,105.15,104.83,104.91,12700,95.80
2008-02-04,104.71,104.78,104.58,104.72,5600,95.63
2008-02-01,104.99,104.99,104.72,104.72,12100,95.63
2008-01-31,105.24,105.24,104.87,104.96,7800,95.85
2008-01-30,104.55,104.78,104.32,104.78,18500,95.68
2008-01-29,104.64,104.68,104.43,104.63,4000,95.55
2008-01-28,104.85,104.94,104.62,104.87,4700,95.77
2008-01-25,104.15,104.98,103.96,104.81,7700,95.71
2008-01-24,104.78,104.85,104.39,104.46,20800,95.39
2008-01-23,105.69,106.05,104.84,105.22,12100,96.09
2008-01-22,105.18,105.27,104.54,105.12,10200,95.99
2008-01-18,104.38,104.65,104.32,104.65,8700,95.57
2008-01-17,104.12,104.60,104.10,104.60,7600,95.52
2008-01-16,104.25,104.35,104.04,104.18,4200,95.14
2008-01-15,103.94,104.27,103.93,103.99,7000,94.96
2008-01-14,104.00,104.17,103.64,103.98,8000,94.95
2008-01-11,103.49,104.04,103.49,104.04,6000,95.01
2008-01-10,103.75,103.78,103.31,103.59,7900,94.60
2008-01-09,103.56,103.94,103.56,103.74,1900,94.73
2008-01-08,103.48,103.86,103.38,103.86,8400,94.84
2008-01-07,103.56,103.68,103.45,103.68,3800,94.68
2008-01-04,103.52,103.61,103.49,103.60,5800,94.61
2008-01-03,103.12,103.35,102.99,103.35,15300,94.38
2008-01-02,102.83,103.21,102.82,103.17,4600,94.21
2007-12-31,102.71,102.86,102.65,102.86,6300,93.93
2007-12-28,102.33,102.55,102.33,102.54,9100,93.64
2007-12-27,101.96,102.08,101.94,102.07,3900,93.21
2007-12-26,102.21,102.35,102.00,102.00,8700,93.15
2007-12-24,102.27,102.27,102.27,102.27,1000,93.39
2007-12-21,102.73,102.75,102.36,102.40,90200,93.51
2007-12-20,102.79,102.99,102.60,102.60,3800,93.69
2007-12-19,102.48,102.72,102.33,102.69,5100,93.78
2007-12-18,102.35,102.49,102.33,102.41,5200,93.52
2007-12-17,102.16,102.32,102.04,102.29,3000,93.41
2007-12-14,102.09,102.11,101.92,101.97,4800,93.12
2007-12-13,102.20,102.35,102.18,102.24,3000,93.36
2007-12-12,102.24,102.67,102.19,102.58,3700,93.68
2007-12-11,102.03,103.07,102.03,103.07,20300,94.12
2007-12-10,102.14,102.15,101.93,102.11,5500,93.25
2007-12-07,102.53,102.54,102.17,102.28,26000,93.40
2007-12-06,102.93,102.93,102.64,102.66,10600,93.75
2007-12-05,102.90,103.10,102.85,103.01,7200,94.07
2007-12-04,103.25,103.25,103.04,103.24,6300,94.28
2007-12-03,102.97,103.07,102.83,103.07,3500,94.12
2007-11-30,102.72,103.06,102.72,103.06,2300,93.79
2007-11-29,102.91,103.12,102.91,102.95,1100,93.69
2007-11-28,102.89,102.89,102.61,102.61,6000,93.38
2007-11-27,103.05,103.05,102.63,103.01,38200,93.74
2007-11-26,102.69,103.39,102.69,103.39,4800,94.09
2007-11-23,102.76,102.77,102.43,102.43,12500,93.21
2007-11-21,102.83,102.88,102.75,102.87,5000,93.61
2007-11-20,102.44,102.64,102.43,102.46,104500,93.24
2007-11-19,102.23,102.58,102.23,102.50,20500,93.28
2007-11-16,102.10,102.34,102.10,102.21,6700,93.01
2007-11-15,101.97,102.18,101.83,102.18,3100,92.98
2007-11-14,101.59,101.70,101.54,101.68,11300,92.53
2007-11-13,101.85,101.94,101.74,101.74,9000,92.58
2007-11-12,102.00,102.09,101.81,101.86,1100,92.69
2007-11-09,101.96,102.10,101.90,102.01,3700,92.83
2007-11-08,101.65,101.91,101.65,101.68,8900,92.53
2007-11-07,101.43,101.62,101.35,101.62,3000,92.48
2007-11-06,101.30,101.41,101.29,101.35,1800,92.23
2007-11-05,101.70,101.70,101.38,101.38,2800,92.26
2007-11-02,101.35,101.67,101.35,101.57,3400,92.43
2007-11-01,101.23,101.42,101.22,101.42,2500,92.29
2007-10-31,101.54,101.61,101.36,101.42,2300,92.29
2007-10-30,101.54,101.67,101.54,101.67,7600,92.52
2007-10-29,101.58,101.69,101.57,101.69,7200,92.54
2007-10-26,101.53,101.72,101.53,101.60,9400,92.46
2007-10-25,101.83,101.87,101.75,101.76,5200,92.60
2007-10-24,101.70,101.95,101.70,101.75,2900,92.59
2007-10-23,101.40,101.56,101.40,101.53,4500,92.39
2007-10-22,101.51,101.54,101.41,101.47,1800,92.34
2007-10-19,101.33,101.65,101.33,101.65,8500,92.50
2007-10-18,101.13,101.18,101.11,101.17,3600,92.07
2007-10-17,100.65,101.00,100.65,100.99,4200,91.90
2007-10-16,100.41,100.56,100.41,100.52,7200,91.47
2007-10-15,100.22,100.41,100.22,100.41,31500,91.37
2007-10-12,100.37,100.40,100.29,100.35,10400,91.32
2007-10-11,100.28,100.49,100.28,100.49,83600,91.45
2007-10-10,100.34,100.48,100.33,100.45,4900,91.41
2007-10-09,100.50,100.51,100.33,100.33,1400,91.30
2007-10-08,100.45,100.65,100.45,100.63,1500,91.57
2007-10-05,100.60,100.61,100.35,100.35,5800,91.32
2007-10-04,100.69,100.93,100.69,100.91,17600,91.83
2007-10-03,100.91,100.93,100.59,100.68,4200,91.62
2007-10-02,100.48,100.76,100.48,100.75,6400,91.68
2007-10-01,100.64,101.01,100.57,100.57,2700,91.52
2007-09-28,101.12,101.14,100.91,100.97,3200,91.53
2007-09-27,100.77,101.03,100.77,101.03,3500,91.59
2007-09-26,100.68,100.87,100.65,100.81,16100,91.39
2007-09-25,100.94,100.94,100.73,100.76,2000,91.34
2007-09-24,100.50,100.68,100.50,100.68,2800,91.27
2007-09-21,100.54,100.63,100.48,100.62,2300,91.21
2007-09-20,100.60,100.73,100.48,100.48,3300,91.09
2007-09-19,100.83,100.83,100.71,100.72,5000,91.30
2007-09-18,100.58,100.71,100.50,100.71,1500,91.30
2007-09-17,100.51,100.65,100.51,100.63,1500,91.22
2007-09-14,100.85,100.86,100.60,100.66,13300,91.25
2007-09-13,100.75,100.75,100.60,100.63,9300,91.22
2007-09-12,100.83,100.90,100.83,100.83,7900,91.40
2007-09-11,101.08,101.17,101.02,101.02,7600,91.58
2007-09-10,101.32,101.32,101.17,101.25,73000,91.79
2007-09-07,100.90,101.17,100.90,101.13,17500,91.68
2007-09-06,100.64,100.69,100.51,100.51,2700,91.11
2007-09-05,100.61,100.72,100.61,100.71,4200,91.30
2007-09-04,100.41,100.41,100.28,100.33,3100,90.95
2007-08-31,100.63,100.80,100.60,100.80,2900,91.38
2007-08-30,100.85,101.07,100.80,100.89,14600,91.46
2007-08-29,100.80,100.87,100.62,100.68,7000,91.27
2007-08-28,100.48,100.82,100.48,100.82,2800,91.40
2007-08-27,100.25,100.41,100.25,100.41,9000,91.02
2007-08-24,100.26,100.29,99.91,100.18,4700,90.82
2007-08-23,100.30,100.44,100.30,100.31,4400,90.93
2007-08-22,100.29,100.49,100.29,100.49,4500,91.10
2007-08-21,100.64,100.64,100.55,100.55,2400,91.15
2007-08-20,100.26,100.48,100.26,100.40,7800,91.01
2007-08-17,100.14,100.38,100.14,100.35,45500,90.97
2007-08-16,100.01,100.50,100.01,100.24,1800,90.87
2007-08-15,99.95,99.98,99.89,99.90,1200,90.56
2007-08-14,100.05,100.05,99.83,99.83,400,90.50
2007-08-13,99.49,99.67,99.49,99.61,5300,90.30
2007-08-10,99.71,99.77,99.21,99.46,1700,90.16
2007-08-09,99.62,99.65,99.50,99.50,8400,90.20
2007-08-08,99.42,99.42,99.19,99.39,5000,90.10
2007-08-07,99.56,99.68,99.41,99.57,2500,90.26
2007-08-06,99.87,99.87,99.66,99.67,4900,90.35
2007-08-03,99.67,99.84,99.66,99.84,103100,90.51
2007-08-02,99.46,99.48,99.41,99.48,3400,90.18
2007-08-01,99.50,99.50,99.41,99.41,800,90.12
2007-07-31,99.73,99.95,99.73,99.93,3400,90.21
2007-07-30,99.96,100.01,99.84,99.85,4300,90.14
2007-07-27,99.90,100.09,99.82,99.95,6600,90.23
2007-07-26,99.78,100.00,99.78,99.99,7900,90.27
2007-07-25,99.51,99.58,99.50,99.55,5800,89.87
2007-07-24,99.50,99.55,99.44,99.55,4900,89.87
2007-07-23,99.33,99.44,99.32,99.40,12100,89.74
2007-07-20,99.29,99.50,99.29,99.42,14500,89.75
2007-07-19,99.11,99.15,99.11,99.14,7500,89.50
2007-07-18,99.07,99.28,99.01,99.14,8300,89.50
2007-07-17,98.98,98.98,98.83,98.96,42700,89.34
2007-07-16,98.88,99.10,98.88,99.10,6500,89.46
2007-07-13,98.91,98.92,98.86,98.86,5800,89.25
2007-07-12,98.83,98.87,98.74,98.74,9200,89.14
2007-07-11,99.09,99.10,98.91,98.91,4500,89.29
2007-07-10,98.91,99.08,98.91,99.08,2000,89.45
2007-07-09,98.66,98.69,98.65,98.69,138500,89.09
2007-07-06,98.58,98.58,98.49,98.55,47200,88.97
2007-07-05,98.81,98.82,98.66,98.66,9700,89.07
2007-07-03,99.06,99.06,98.98,99.05,10600,89.42
2007-07-02,98.95,98.99,98.88,98.99,4100,89.36
2007-06-29,99.17,99.28,99.11,99.27,8200,89.26
2007-06-28,99.12,99.19,99.08,99.08,3100,89.09
2007-06-27,99.32,99.36,99.22,99.22,11300,89.22
2007-06-26,99.10,99.12,99.09,99.12,2200,89.13
2007-06-25,99.21,99.21,99.09,99.18,9400,89.18
2007-06-22,98.77,98.99,98.77,98.99,2600,89.01
2007-06-21,98.92,98.92,98.89,98.89,400,88.92
2007-06-20,98.95,98.95,98.84,98.89,800,88.92
2007-06-19,98.94,99.11,98.93,99.11,16300,89.12
2007-06-18,98.65,98.80,98.65,98.74,3400,88.79
2007-06-15,98.58,98.75,98.58,98.75,7100,88.80
2007-06-14,98.47,98.49,98.47,98.47,1800,88.54
2007-06-13,98.36,98.50,98.36,98.50,2700,88.57
2007-06-12,98.49,98.55,98.35,98.35,7700,88.44
2007-06-11,98.69,98.76,98.69,98.76,51700,88.81
2007-06-08,98.63,98.74,98.61,98.73,5800,88.78
2007-06-07,98.93,98.94,98.68,98.71,5700,88.76
2007-06-06,99.07,99.20,99.07,99.14,4700,89.15
2007-06-05,99.16,99.16,98.99,99.05,8000,89.07
2007-06-04,98.42,99.21,98.42,99.20,8800,89.20
2007-06-01,99.21,99.24,99.09,99.10,17000,89.11
2007-05-31,99.82,99.82,99.66,99.69,1400,89.27
2007-05-30,99.87,99.90,99.77,99.79,4300,89.36
2007-05-29,99.76,99.81,99.76,99.76,5600,89.34
2007-05-25,99.86,99.90,99.76,99.76,9400,89.34
2007-05-24,99.89,99.89,99.78,99.85,1400,89.42
2007-05-23,99.92,99.96,99.86,99.86,2200,89.43
2007-05-22,100.03,100.03,99.89,99.89,7100,89.45
2007-05-21,99.93,100.02,99.93,100.02,700,89.57
2007-05-18,100.06,100.08,99.93,99.95,1800,89.51
2007-05-17,100.17,100.20,100.10,100.11,1500,89.65
2007-05-16,100.27,100.32,100.27,100.31,15700,89.83
2007-05-15,100.32,100.32,100.24,100.24,2300,89.77
2007-05-14,100.32,100.32,100.26,100.26,2200,89.79
2007-05-11,100.52,100.54,100.30,100.30,2400,89.82
2007-05-10,100.35,100.41,100.32,100.41,3400,89.92
2007-05-09,100.42,100.43,100.29,100.29,4700,89.81
2007-05-08,100.47,100.47,100.38,100.44,107700,89.95
2007-05-07,100.39,100.39,100.37,100.37,900,89.88
2007-05-04,100.37,100.38,100.36,100.36,2200,89.87
2007-05-03,100.22,100.24,100.19,100.24,400,89.77
2007-05-02,100.34,100.36,100.33,100.36,1100,89.87
2007-05-01,100.47,100.47,100.21,100.36,5400,89.87
2007-04-30,100.68,100.78,100.68,100.78,900,90.25
2007-04-27,100.58,100.58,100.52,100.52,2800,90.02
2007-04-26,100.65,100.65,100.54,100.55,6400,90.04
2007-04-25,100.63,100.74,100.63,100.67,2000,90.15
2007-04-24,100.62,100.77,100.62,100.71,1300,90.19
2007-04-23,100.61,100.70,100.58,100.59,20600,90.08
2007-04-20,100.50,100.51,100.43,100.51,600,90.01
2007-04-19,100.62,100.62,100.51,100.53,4300,90.03
2007-04-18,100.52,100.56,100.52,100.55,2300,90.04
2007-04-17,100.25,100.38,100.25,100.36,6900,89.87
2007-04-16,100.11,100.18,100.11,100.18,400,89.71
2007-04-13,100.18,100.19,100.07,100.08,3700,89.62
2007-04-12,100.22,100.22,100.15,100.16,8600,89.70
2007-04-11,100.24,100.29,100.21,100.21,11900,89.74
2007-04-10,100.16,100.19,100.16,100.19,117400,89.72
2007-04-09,100.04,100.04,99.96,100.02,8200,89.57
2007-04-05,100.44,100.46,100.27,100.27,10600,89.79
2007-04-04,100.43,100.50,100.43,100.43,5100,89.94
2007-04-03,100.39,100.40,100.36,100.40,7400,89.91
2007-04-02,100.32,100.51,100.29,100.51,72700,90.01
2007-03-30,100.67,100.80,100.67,100.68,6800,90.16
2007-03-29,100.76,100.80,100.74,100.76,10600,90.23
2007-03-28,100.93,100.98,100.80,100.80,2700,90.27
2007-03-27,100.78,100.81,100.72,100.75,8200,90.22
2007-03-26,100.68,100.92,100.68,100.84,6800,90.30
2007-03-23,100.76,100.77,100.74,100.76,8000,90.23
2007-03-22,100.89,100.89,100.77,100.79,6600,90.26
2007-03-21,100.75,100.98,100.71,100.98,2200,90.43
2007-03-20,100.83,100.83,100.80,100.83,7600,90.30
2007-03-19,100.68,100.70,100.68,100.70,1100,90.18
2007-03-16,100.73,100.88,100.73,100.82,11100,90.29
2007-03-15,100.84,100.85,100.78,100.84,6800,90.30
2007-03-14,100.90,101.05,100.88,100.88,1800,90.34
2007-03-13,100.83,100.96,100.80,100.96,400,90.41
2007-03-12,100.63,100.68,100.63,100.68,1100,90.16
2007-03-09,100.51,100.53,100.48,100.53,1300,90.03
2007-03-08,100.79,100.79,100.79,100.79,100,90.26
2007-03-07,100.73,100.85,100.73,100.85,4200,90.31
2007-03-06,100.65,100.72,100.65,100.67,2100,90.15
2007-03-05,100.87,100.88,100.76,100.76,1600,90.23
2007-03-02,100.22,100.74,100.22,100.70,5700,90.18
2007-03-01,100.68,100.68,100.54,100.62,2000,90.11
2007-02-28,100.96,101.00,100.96,101.00,1200,90.10
2007-02-27,100.84,101.41,100.75,101.31,9000,90.38
2007-02-26,100.64,100.69,100.64,100.69,1700,89.83
2007-02-23,100.41,100.52,100.41,100.48,107900,89.64
2007-02-22,100.35,100.38,100.27,100.31,14900,89.49
2007-02-21,100.34,100.50,100.25,100.50,18200,89.66
2007-02-20,100.34,100.45,100.32,100.45,6900,89.61
2007-02-16,100.38,100.41,100.37,100.39,6500,89.56
2007-02-15,100.30,100.34,100.29,100.29,11500,89.47
2007-02-14,100.12,100.22,100.12,100.19,6600,89.38
2007-02-13,99.87,99.87,99.83,99.83,600,89.06
2007-02-12,99.87,99.93,99.82,99.82,4100,89.05
2007-02-09,99.91,99.93,99.88,99.93,7500,89.15
2007-02-08,100.05,100.07,100.05,100.07,700,89.28
2007-02-07,99.99,100.05,99.95,100.03,2000,89.24
2007-02-06,99.70,99.94,99.70,99.93,38000,89.15
2007-02-05,99.69,99.73,99.67,99.72,101900,88.96
2007-02-02,99.65,99.67,99.64,99.67,8200,88.92
2007-02-01,99.72,99.72,99.57,99.62,34800,88.87
2007-01-31,99.75,99.89,99.74,99.89,27100,88.87
2007-01-30,99.67,99.67,99.65,99.65,3700,88.65
2007-01-29,99.61,99.61,99.57,99.57,4200,88.58
2007-01-26,99.61,99.63,99.61,99.63,7100,88.64
2007-01-25,99.87,99.87,99.68,99.69,11500,88.69
2007-01-24,99.82,99.85,99.82,99.85,8700,88.83
2007-01-23,99.91,99.91,99.80,99.80,3300,88.79
2007-01-22,99.91,99.91,99.91,99.91,000,88.89
2007-01-19,99.90,99.91,99.90,99.91,200,88.89
2007-01-18,99.85,99.85,99.85,99.85,4000,88.83
2007-01-17,99.94,99.94,99.82,99.82,800,88.81
2007-01-16,99.86,99.93,99.86,99.93,2200,88.90
2007-01-12,99.84,99.91,99.84,99.91,2100,88.89
2007-01-11,100.00,100.00,100.00,100.00,8900,88.97