2011-05-10,80.51,80.92,80.42,80.75,55700,80.75
2011-05-09,79.87,80.36,79.61,80.05,34000,80.05
2011-05-06,79.79,80.74,79.23,79.63,46200,79.63
2011-05-05,78.82,79.61,78.49,78.70,39800,78.70
2011-05-04,79.94,79.94,78.57,79.20,64000,79.20
2011-05-03,81.56,81.56,80.15,80.62,100000,80.62
2011-05-02,82.42,82.90,82.07,82.21,95000,82.21
2011-04-29,82.07,82.68,81.76,82.17,101000,82.17
2011-04-28,82.23,82.23,81.54,82.19,75800,82.19
2011-04-27,83.37,83.37,81.87,82.98,96300,82.98
2011-04-26,83.56,84.05,83.34,83.67,86700,83.67
2011-04-25,83.92,83.99,83.22,83.50,64800,83.50
2011-04-21,84.13,84.15,83.63,84.11,57700,84.11
2011-04-20,84.10,84.10,83.20,83.73,219200,83.73
2011-04-19,81.83,82.36,81.70,82.25,336700,82.25
2011-04-18,81.71,81.88,80.85,81.76,93300,81.76
2011-04-15,82.87,83.12,82.64,83.10,96300,83.10
2011-04-14,82.10,82.72,82.02,82.72,103400,82.72
2011-04-13,82.53,82.60,81.75,82.10,47000,82.10
2011-04-12,81.62,81.89,80.82,81.10,47900,81.10
2011-04-11,83.18,83.36,81.89,82.08,71000,82.08
2011-04-08,83.08,83.45,82.56,83.06,37900,83.06
2011-04-07,82.81,83.11,82.27,82.71,51100,82.71
2011-04-06,83.23,83.31,82.56,82.78,45700,82.78
2011-04-05,82.60,82.93,82.32,82.68,349300,82.68
2011-04-04,82.29,82.80,81.92,82.80,68100,82.80
2011-04-01,81.08,81.39,80.84,81.06,83200,81.06
2011-03-31,79.49,80.46,79.42,80.35,126200,80.35
2011-03-30,79.22,79.67,79.08,79.42,52700,79.42
2011-03-29,77.82,78.27,77.41,78.08,63900,78.08
2011-03-28,77.51,77.83,77.43,77.52,72800,77.52
2011-03-25,78.15,78.62,78.08,78.29,52600,78.29
2011-03-24,77.99,78.45,77.21,78.19,118400,78.19
2011-03-23,76.67,77.58,76.35,77.34,64300,77.34
2011-03-22,76.70,76.73,76.29,76.51,46600,76.51
2011-03-21,75.96,76.44,75.67,76.23,87400,76.23
2011-03-18,74.98,74.98,74.17,74.24,73800,74.24
2011-03-17,74.83,74.83,73.94,74.32,63600,74.32
2011-03-16,75.49,76.20,73.87,74.51,112300,74.51
2011-03-15,74.28,76.67,74.24,76.26,267600,76.26
2011-03-14,77.16,77.59,76.85,77.49,65000,77.49
2011-03-11,76.48,77.60,76.43,77.30,109800,77.30
2011-03-10,77.78,77.78,77.00,77.34,172200,77.34
2011-03-09,78.41,78.67,78.11,78.48,60700,78.48
2011-03-08,77.55,78.53,77.09,78.30,121700,78.30
2011-03-07,77.67,77.91,76.48,76.79,64700,76.79
2011-03-04,77.59,77.64,76.79,77.45,59300,77.45
2011-03-03,76.59,77.36,76.59,77.34,33300,77.34
2011-03-02,75.32,76.21,75.32,75.92,51500,75.92
2011-03-01,76.02,76.02,74.82,74.92,73200,74.92
2011-02-28,75.39,75.66,75.10,75.53,42800,75.53
2011-02-25,74.13,74.61,74.13,74.49,58300,74.49
2011-02-24,73.21,73.73,72.83,73.47,68400,73.47
2011-02-23,73.83,74.13,72.91,73.60,91600,73.60
2011-02-22,74.96,74.96,73.64,73.88,163500,73.88
2011-02-18,77.11,77.11,76.49,76.75,43400,76.75
2011-02-17,76.34,76.82,76.17,76.67,101900,76.67
2011-02-16,76.04,76.74,76.01,76.42,137900,76.42
2011-02-15,75.59,75.85,75.37,75.76,32900,75.76
2011-02-14,76.15,76.21,75.72,75.75,51200,75.75
2011-02-11,74.37,75.60,74.27,75.23,76600,75.23
2011-02-10,73.78,74.74,73.47,74.52,110100,74.52
2011-02-09,75.42,75.42,74.39,74.95,149300,74.95
2011-02-08,76.56,76.78,76.14,76.60,69300,76.60
2011-02-07,76.75,77.27,76.75,76.96,35900,76.96
2011-02-04,77.44,77.47,76.74,77.24,115200,77.24
2011-02-03,77.46,77.51,76.92,77.22,46000,77.22
2011-02-02,77.57,77.74,77.21,77.25,33900,77.25
2011-02-01,76.57,77.40,76.57,77.06,71600,77.06
2011-01-31,76.10,76.72,75.95,76.16,61100,76.16
2011-01-28,76.84,76.84,75.03,75.27,65000,75.27
2011-01-27,77.38,77.50,77.01,77.18,99400,77.18
2011-01-26,77.10,77.35,76.85,77.08,101300,77.08
2011-01-25,76.44,76.68,75.91,76.43,178100,76.43
2011-01-24,76.40,76.83,76.36,76.78,59800,76.78
2011-01-21,77.81,77.91,76.90,76.92,79900,76.92
2011-01-20,78.16,78.16,76.88,77.62,73700,77.62
2011-01-19,79.49,79.49,78.43,78.71,92700,78.71
2011-01-18,78.86,79.00,78.49,78.98,63400,78.98
2011-01-14,79.28,79.55,79.01,79.50,36900,79.50
2011-01-13,79.65,79.65,79.08,79.32,64500,79.32
2011-01-12,79.75,79.75,79.16,79.50,65800,79.50
2011-01-11,78.42,78.56,78.10,78.25,67600,78.25
2011-01-10,77.58,77.80,77.28,77.70,68500,77.70
2011-01-07,78.52,78.76,77.56,78.21,46600,78.21
2011-01-06,78.60,78.74,78.28,78.56,181300,78.56
2011-01-05,78.43,79.20,78.34,79.05,129400,79.05
2011-01-04,78.57,78.65,77.91,78.65,90000,78.65
2011-01-03,77.61,77.79,77.35,77.43,92600,77.43
2010-12-31,76.19,76.33,76.08,76.24,43900,76.24
2010-12-30,76.06,76.27,75.68,75.72,56400,75.72
2010-12-29,75.75,76.05,75.65,75.90,124200,75.90
2010-12-28,75.21,75.21,74.57,74.90,218400,74.90
2010-12-27,75.20,75.94,75.06,75.78,281200,75.78
2010-12-23,76.09,76.16,75.83,76.05,313600,76.05
2010-12-22,76.86,76.88,76.49,76.63,822200,76.63
2010-12-21,76.28,77.02,76.25,76.86,85600,76.86
2010-12-20,75.51,75.60,75.00,75.29,186600,75.29
2010-12-17,75.54,75.91,75.50,75.76,99600,75.76
2010-12-16,76.12,76.21,75.75,76.05,156400,75.76
2010-12-15,77.29,77.50,76.53,76.68,71900,76.38
2010-12-14,78.73,78.74,77.93,78.22,102600,77.92
2010-12-13,78.76,79.10,78.49,78.49,68500,78.19
2010-12-10,77.81,78.18,77.81,78.02,42000,77.72
2010-12-09,77.91,77.91,77.43,77.77,56100,77.47
2010-12-08,78.39,78.51,77.48,77.79,82000,77.49
2010-12-07,79.70,79.89,78.68,78.69,729500,78.39
2010-12-06,78.75,79.03,78.57,78.92,57000,78.61
2010-12-03,78.55,79.71,78.55,79.53,64200,79.22
2010-12-02,79.14,80.38,79.13,80.15,145200,79.84
2010-12-01,78.67,79.32,78.65,79.03,49000,78.72
2010-11-30,77.03,77.71,76.95,77.20,73000,76.90
2010-11-29,77.55,78.10,76.99,77.96,57100,77.66
2010-11-26,77.30,77.42,76.88,76.95,36700,76.65
2010-11-24,77.76,78.49,77.76,78.41,50100,78.11
2010-11-23,77.21,77.50,76.79,77.20,143000,76.90
2010-11-22,78.98,79.48,78.11,79.10,122900,78.79
2010-11-19,78.95,79.28,78.17,79.21,74800,78.90
2010-11-18,79.53,80.04,79.52,79.63,98100,79.32
2010-11-17,77.36,78.34,77.24,77.92,83100,77.62
2010-11-16,79.78,79.78,77.99,78.20,113100,77.90
2010-11-15,81.10,81.53,80.52,80.63,105900,80.32
2010-11-12,82.35,82.52,80.99,81.50,86100,81.18
2010-11-11,83.78,83.92,83.06,83.92,58900,83.60
2010-11-10,83.04,83.81,82.39,83.80,123800,83.48
2010-11-09,84.58,84.73,83.00,83.42,255400,83.10
2010-11-08,84.85,84.85,84.30,84.81,53100,84.48
2010-11-05,84.25,84.59,84.14,84.59,95300,84.26
2010-11-04,84.33,84.88,84.16,84.74,220900,84.41
2010-11-03,82.76,83.37,81.96,83.37,91500,83.05
2010-11-02,81.77,81.92,81.49,81.85,39600,81.53
2010-11-01,81.17,81.43,80.47,80.65,64700,80.34
2010-10-29,79.49,79.95,79.45,79.93,52600,79.62
2010-10-28,79.97,80.22,79.38,79.69,105000,79.38
2010-10-27,79.59,79.67,78.54,79.57,105300,79.26
2010-10-26,81.13,81.44,80.54,81.39,472800,81.08
2010-10-25,81.40,81.85,81.25,81.60,75400,81.28
2010-10-22,80.50,80.66,80.19,80.25,42000,79.94
2010-10-21,81.03,81.24,79.83,80.72,72500,80.41
2010-10-20,80.13,81.08,80.00,80.51,99100,80.20
2010-10-19,80.55,80.55,79.32,79.54,519900,79.23
2010-10-18,80.68,82.10,80.53,82.10,128600,81.78
2010-10-15,81.37,81.44,80.06,81.13,133900,80.82
2010-10-14,81.33,81.33,80.21,80.73,60400,80.42
2010-10-13,80.05,81.03,80.05,80.74,89800,80.43
2010-10-12,78.86,79.10,78.36,78.90,105100,78.59
2010-10-11,78.75,79.15,78.75,79.11,60200,78.80
2010-10-08,78.13,78.85,77.87,78.72,44500,78.42
2010-10-07,78.50,78.60,77.51,77.86,37400,77.56
2010-10-06,78.47,78.56,78.26,78.50,74200,78.20
2010-10-05,77.69,78.85,77.69,78.63,75600,78.33
2010-10-04,77.51,77.60,76.66,77.04,164600,76.74
2010-10-01,76.87,77.17,76.58,76.89,97600,76.59
2010-09-30,76.71,76.80,75.84,76.24,47100,75.95
2010-09-29,76.29,76.50,76.17,76.44,103800,76.14
2010-09-28,75.81,76.25,75.32,76.03,35900,75.74
2010-09-27,75.98,76.45,75.98,76.11,73000,75.82
2010-09-24,75.57,76.43,75.57,76.25,41300,75.96
2010-09-23,74.45,75.15,74.45,74.76,102500,74.47
2010-09-22,75.08,75.42,74.89,75.02,43300,74.73
2010-09-21,75.01,75.50,74.75,75.18,339900,74.89
2010-09-20,74.54,75.30,74.34,75.26,93000,74.97
2010-09-17,74.48,74.52,73.92,74.16,71200,73.87
2010-09-16,73.64,74.04,73.48,73.84,104100,73.55
2010-09-15,73.93,74.28,73.53,74.27,91500,73.98
2010-09-14,74.16,74.94,74.00,74.64,119500,74.35
2010-09-13,74.06,74.27,73.70,74.26,194300,73.97
2010-09-10,72.48,72.55,72.14,72.45,33700,72.17
2010-09-09,72.95,72.95,72.25,72.51,25300,72.23
2010-09-08,71.81,72.48,71.80,72.27,32200,71.99
2010-09-07,72.67,72.94,71.61,71.70,64700,71.42
2010-09-03,72.60,72.60,71.97,72.20,24900,71.92
2010-09-02,71.28,71.77,71.20,71.77,41400,71.49
2010-09-01,70.57,71.42,70.52,71.39,68600,71.11
2010-08-31,69.29,69.93,69.18,69.55,67200,69.28
2010-08-30,69.98,70.07,69.45,69.50,54800,69.23
2010-08-27,69.56,70.35,68.92,70.17,29900,69.90
2010-08-26,69.60,69.76,68.88,69.00,74600,68.73
2010-08-25,69.00,69.59,68.50,69.49,115900,69.22
2010-08-24,69.83,70.07,69.15,69.73,150900,69.46
2010-08-23,70.96,71.01,70.38,70.48,108300,70.21
2010-08-20,71.07,71.37,70.59,71.32,22300,71.04
2010-08-19,71.57,71.66,70.64,71.11,78000,70.84
2010-08-18,71.39,71.92,71.09,71.47,97300,71.19
2010-08-17,71.80,72.24,71.61,71.75,256800,71.47
2010-08-16,70.80,71.47,70.72,71.11,284500,70.84
2010-08-13,70.30,70.70,70.26,70.57,102000,70.30
2010-08-12,69.98,70.42,69.34,70.05,106700,69.78
2010-08-11,70.84,70.84,70.13,70.35,110900,70.08
2010-08-10,72.46,72.57,71.75,72.38,125000,72.10
2010-08-09,73.55,73.71,73.28,73.69,146100,73.41
2010-08-06,72.67,73.20,72.28,73.20,119800,72.92
2010-08-05,72.99,73.38,72.75,73.38,309200,73.10
2010-08-04,73.30,73.69,72.92,73.47,400800,73.19
2010-08-03,72.78,73.49,72.45,73.38,309100,73.10
2010-08-02,72.89,73.73,72.82,73.49,51700,73.21
2010-07-30,70.68,71.87,70.50,71.68,42400,71.40
2010-07-29,71.64,71.85,70.64,71.32,55900,71.04
2010-07-28,71.37,71.58,70.91,71.34,28600,71.06
2010-07-27,71.83,71.86,70.83,71.25,300900,70.97
2010-07-26,71.19,71.79,70.94,71.65,187200,71.37
2010-07-23,71.03,71.67,70.42,71.63,48900,71.35
2010-07-22,70.79,71.33,70.35,71.08,102700,70.81
2010-07-21,70.19,70.19,68.88,69.13,26000,68.86
2010-07-20,68.22,69.59,68.00,69.59,274800,69.32
2010-07-19,67.82,67.85,67.11,67.72,43400,67.46
2010-07-16,67.92,68.03,66.97,67.11,38500,66.85
2010-07-15,68.55,68.91,67.76,68.91,37900,68.64
2010-07-14,69.51,69.78,69.10,69.71,55200,69.44
2010-07-13,69.73,70.31,69.68,70.15,18700,69.88
2010-07-12,69.95,69.97,69.21,69.50,39800,69.23
2010-07-09,68.85,69.76,68.82,69.72,60100,69.45
2010-07-08,68.49,68.69,68.03,68.63,39800,68.36
2010-07-07,66.89,68.63,66.83,68.56,43900,68.29
2010-07-06,67.82,68.52,66.99,67.51,36500,67.25
2010-07-02,66.85,67.29,66.23,66.70,27800,66.44
2010-07-01,66.73,67.13,65.74,67.11,50600,66.85
2010-06-30,67.28,67.85,66.67,66.76,59000,66.50
2010-06-29,67.72,67.96,66.55,66.80,115200,66.54
2010-06-28,70.27,70.27,69.51,69.84,100300,69.57
2010-06-25,69.85,70.40,69.32,70.21,40900,69.94
2010-06-24,70.11,70.14,69.34,69.56,29900,69.29
2010-06-23,70.87,70.87,69.93,70.54,105900,70.27
2010-06-22,70.80,71.18,69.80,69.97,62000,69.70
2010-06-21,71.21,71.82,70.46,71.05,95500,70.78
2010-06-18,68.95,69.30,68.81,69.05,66700,68.78
2010-06-17,69.70,69.83,68.77,69.33,229900,68.40
2010-06-16,69.45,70.25,69.32,70.02,67300,69.08
2010-06-15,68.88,69.98,68.57,69.96,157400,69.03
2010-06-14,68.94,69.30,67.92,68.13,60800,67.22
2010-06-11,67.05,68.44,66.83,68.39,56900,67.48
2010-06-10,67.19,67.91,66.84,67.81,69700,66.90
2010-06-09,66.80,67.52,65.86,66.25,111700,65.36
2010-06-08,65.45,66.26,64.72,66.15,41200,65.27
2010-06-07,65.90,66.23,64.86,65.05,49700,64.18
2010-06-04,66.77,66.99,65.38,65.75,55800,64.87
2010-06-03,67.99,67.99,66.70,67.54,45600,66.64
2010-06-02,66.65,67.90,66.07,67.78,155200,66.87
2010-06-01,66.67,67.67,65.85,65.92,91700,65.04
2010-05-28,68.16,68.19,66.59,67.35,171900,66.45
2010-05-27,65.84,68.31,65.84,68.28,121600,67.37
2010-05-26,65.32,66.38,64.58,64.84,70700,63.97
2010-05-25,62.88,64.98,62.55,64.98,369400,64.11
2010-05-24,65.90,66.49,65.40,65.64,73200,64.76
2010-05-21,61.85,65.17,61.70,65.13,288600,64.26
2010-05-20,63.74,64.63,62.69,62.82,233200,61.98
2010-05-19,65.45,66.08,64.60,65.63,145600,64.75
2010-05-18,67.87,67.92,65.81,66.20,143300,65.32
2010-05-17,67.00,67.25,65.51,66.96,211100,66.07
2010-05-14,68.11,68.11,66.57,67.46,91700,66.56
2010-05-13,68.94,69.34,68.45,68.51,88100,67.59
2010-05-12,68.25,69.19,68.25,68.98,61300,68.06
2010-05-11,68.30,69.31,66.98,68.43,145000,67.52
2010-05-10,66.59,69.31,66.59,69.30,147500,68.37
2010-05-07,66.05,66.94,60.00,65.60,433900,64.72
2010-05-06,67.51,67.81,44.00,65.14,219300,64.27
2010-05-05,68.15,69.07,67.46,68.07,125500,67.16
2010-05-04,70.25,70.25,68.53,68.99,163900,68.07
2010-05-03,71.23,71.85,70.82,71.69,65700,70.73
2010-04-30,72.13,72.17,70.99,71.23,44200,70.28
2010-04-29,71.00,71.93,71.00,71.73,70800,70.77
2010-04-28,71.07,71.25,70.25,71.06,74000,70.11
2010-04-27,71.75,72.04,70.10,70.37,128000,69.43
2010-04-26,72.94,73.31,72.87,72.89,47700,71.92
2010-04-23,72.19,72.91,72.03,72.77,34200,71.80
2010-04-22,71.80,72.75,71.48,72.62,92500,71.65
2010-04-21,72.78,72.78,71.78,72.27,46800,71.30
2010-04-20,73.15,73.25,72.63,73.22,55300,72.24
2010-04-19,71.69,72.20,71.17,72.00,119400,71.04
2010-04-16,73.81,73.81,72.11,72.61,107800,71.64
2010-04-15,74.90,75.41,74.90,75.15,113500,74.15
2010-04-14,75.11,75.71,74.96,75.66,48400,74.65
2010-04-13,74.59,74.86,74.07,74.86,49700,73.86
2010-04-12,75.08,75.39,75.02,75.20,89400,74.20
2010-04-09,75.60,76.14,75.55,76.14,69700,75.12
2010-04-08,74.63,75.44,74.05,75.14,52500,74.14
2010-04-07,75.03,75.06,74.10,74.69,151500,73.69
2010-04-06,74.48,74.97,74.32,74.97,191600,73.97
2010-04-05,74.42,75.05,74.08,74.82,180400,73.82
2010-04-01,73.20,73.94,73.20,73.94,86100,72.95
2010-03-31,72.21,72.55,71.89,72.03,38600,71.07
2010-03-30,72.49,72.96,72.33,72.67,72100,71.70
2010-03-29,71.40,72.13,71.40,71.98,99200,71.02
2010-03-26,70.80,71.50,70.43,71.06,34900,70.11
2010-03-25,70.69,70.95,69.63,69.80,66800,68.87
2010-03-24,70.99,70.99,70.31,70.69,65300,69.75
2010-03-23,71.29,71.61,70.99,71.44,57800,70.49
2010-03-22,70.66,71.66,70.52,71.60,61800,70.64
2010-03-19,72.36,72.36,71.36,71.53,34100,70.57
2010-03-18,72.32,72.32,71.79,72.23,45600,71.26
2010-03-17,72.28,72.81,72.19,72.39,53700,71.42
2010-03-16,71.25,71.68,70.92,71.61,53400,70.65
2010-03-15,71.28,71.57,70.99,71.32,135600,70.37
2010-03-12,72.38,72.38,71.64,71.97,88400,71.01
2010-03-11,71.95,72.47,71.50,72.44,81300,71.47
2010-03-10,71.88,72.73,71.88,72.41,45800,71.44
2010-03-09,71.49,72.43,71.49,71.99,65200,71.03
2010-03-08,71.39,71.85,71.39,71.63,81300,70.67
2010-03-05,70.53,71.13,70.19,71.13,91500,70.18
2010-03-04,69.73,69.80,69.12,69.38,122100,68.45
2010-03-03,70.43,70.99,70.21,70.26,36900,69.32
2010-03-02,70.70,70.91,70.20,70.38,50500,69.44
2010-03-01,69.57,70.21,69.55,69.94,53300,69.01
2010-02-26,68.06,68.76,67.77,68.57,72400,67.65
2010-02-25,66.67,67.81,66.50,67.62,131900,66.72
2010-02-24,67.72,68.35,67.65,68.22,37300,67.31
2010-02-23,67.91,68.08,66.70,67.00,67300,66.10
2010-02-22,67.83,68.00,67.45,67.63,44400,66.73
2010-02-19,67.21,67.67,66.91,67.38,109100,66.48
2010-02-18,67.83,68.65,67.69,68.53,62500,67.61
2010-02-17,68.65,68.66,67.90,68.15,42300,67.24
2010-02-16,67.49,68.20,67.07,68.08,73900,67.17
2010-02-12,66.61,66.98,66.04,66.89,72200,66.00
2010-02-11,66.63,67.70,66.30,67.62,85200,66.72
2010-02-10,66.05,66.50,65.22,66.11,98800,65.23
2010-02-09,65.04,66.19,64.63,65.42,125300,64.55
2010-02-08,64.28,64.85,63.77,63.77,126800,62.92
2010-02-05,64.81,64.90,63.15,64.72,417900,63.86
2010-02-04,67.35,67.35,65.36,65.36,164900,64.49
2010-02-03,68.82,69.00,68.24,68.57,66600,67.65
2010-02-02,67.26,68.50,67.15,68.28,86800,67.37
2010-02-01,66.50,67.55,66.40,67.45,103400,66.55
2010-01-29,66.69,67.00,65.51,65.59,109800,64.71
2010-01-28,66.86,66.93,65.50,65.97,118800,65.09
2010-01-27,66.00,66.28,65.05,66.14,198400,65.26
2010-01-26,67.52,67.52,66.24,66.65,251500,65.76
2010-01-25,68.72,68.90,68.08,68.52,149800,67.60
2010-01-22,69.01,69.15,67.47,67.63,240300,66.73
2010-01-21,70.62,70.62,68.73,68.91,261900,67.99
2010-01-20,71.66,71.91,71.00,71.65,200900,70.69
2010-01-19,73.00,73.85,72.74,73.85,60600,72.86
2010-01-15,72.59,73.24,71.99,72.25,84700,71.28
2010-01-14,73.26,73.36,72.85,73.15,77600,72.17
2010-01-13,73.14,73.77,72.83,73.77,68000,72.78
2010-01-12,74.39,74.39,73.28,73.88,73500,72.89
2010-01-11,75.50,75.65,75.00,75.38,96600,74.37
2010-01-08,74.74,75.18,74.35,75.18,67600,74.18
2010-01-07,74.83,75.15,74.47,75.05,219400,74.05
2010-01-06,75.57,75.79,75.33,75.69,72900,74.68
2010-01-05,74.85,75.35,74.71,75.30,92400,74.29
2010-01-04,72.51,73.85,72.51,73.85,130700,72.86
2009-12-31,72.33,72.50,71.85,71.85,85000,70.89
2009-12-30,71.21,71.56,71.00,71.46,219500,70.51
2009-12-29,71.65,71.65,71.03,71.34,47700,70.39
2009-12-28,71.80,71.85,71.14,71.41,93500,70.46
2009-12-24,71.14,71.69,71.14,71.64,72200,70.68
2009-12-23,70.54,70.78,70.15,70.53,109500,69.59
2009-12-22,70.15,70.35,69.60,69.86,693800,68.93
2009-12-21,69.88,70.96,69.66,70.21,91200,69.27
2009-12-18,70.34,70.52,69.34,70.11,131700,69.17
2009-12-17,71.43,71.53,70.69,71.14,134200,70.03
2009-12-16,72.92,73.05,72.50,72.67,100800,71.53
2009-12-15,73.27,73.54,72.92,73.15,68400,72.01
2009-12-14,73.94,74.06,73.52,73.66,109400,72.51
2009-12-11,73.50,73.77,73.06,73.56,37900,72.41
2009-12-10,73.47,73.55,72.92,73.23,83600,72.08
2009-12-09,73.63,73.63,72.84,73.53,79200,72.38
2009-12-08,74.30,74.30,73.23,73.48,75800,72.33
2009-12-07,74.98,75.24,74.53,74.63,48600,73.46
2009-12-04,76.00,76.40,74.67,75.37,145600,74.19
2009-12-03,75.28,75.66,74.40,74.40,70200,73.24
2009-12-02,75.04,75.44,74.68,75.00,63600,73.83
2009-12-01,73.46,74.92,73.46,74.40,77300,73.24
2009-11-30,72.26,72.86,71.99,72.15,122300,71.02
2009-11-27,72.02,73.20,70.41,72.04,143400,70.91
2009-11-25,74.41,74.77,74.20,74.72,68400,73.55
2009-11-24,74.25,74.25,73.42,74.16,67500,73.00
2009-11-23,75.32,75.63,74.61,74.61,69300,73.44
2009-11-20,73.18,73.62,73.00,73.55,143200,72.40
2009-11-19,74.08,74.14,73.00,73.60,148400,72.45
2009-11-18,75.55,75.55,74.42,74.85,134900,73.68
2009-11-17,75.52,76.06,75.10,75.97,89800,74.78
2009-11-16,75.58,76.30,75.41,75.87,152700,74.68
2009-11-13,74.25,74.80,73.86,74.57,114400,73.40
2009-11-12,74.29,74.56,73.25,73.53,55100,72.38
2009-11-11,75.28,75.28,74.30,74.56,106800,73.39
2009-11-10,73.72,74.25,73.54,74.17,217000,73.01
2009-11-09,73.71,74.64,73.67,74.61,131400,73.44
2009-11-06,71.90,72.70,71.56,72.19,80900,71.06
2009-11-05,71.63,72.51,71.36,72.51,79000,71.38
2009-11-04,71.53,72.07,70.81,70.99,91100,69.88
2009-11-03,68.99,70.11,68.57,69.93,282000,68.84
2009-11-02,69.83,70.64,69.00,69.99,121200,68.89
2009-10-30,70.44,70.49,67.94,68.23,138800,67.16
2009-10-29,69.55,70.99,69.55,70.64,163400,69.53
2009-10-28,70.56,70.65,68.73,69.10,158700,68.02
2009-10-27,72.19,72.40,71.43,71.50,123100,70.38
2009-10-26,73.50,73.96,71.93,72.08,175000,70.95
2009-10-23,73.97,74.26,72.50,72.85,162200,71.71
2009-10-22,72.25,72.92,71.55,72.87,147100,71.73
2009-10-21,72.11,73.40,71.88,71.88,128700,70.75
2009-10-20,72.92,73.18,71.89,72.15,131100,71.02
2009-10-19,72.24,73.03,71.97,72.92,124600,71.78
2009-10-16,71.15,71.71,70.45,70.74,74600,69.63
2009-10-15,71.61,72.16,71.50,72.15,170500,71.02
2009-10-14,70.76,72.27,70.76,72.25,148500,71.12
2009-10-13,69.97,70.04,69.04,69.76,82300,68.67
2009-10-12,69.75,69.99,69.19,69.40,268900,68.31
2009-10-09,69.60,69.95,69.55,69.76,178500,68.67
2009-10-08,69.45,69.98,69.21,69.47,146100,68.38
2009-10-07,68.40,68.72,68.06,68.51,57700,67.44
2009-10-06,67.38,68.45,66.86,67.85,109400,66.79
2009-10-05,65.06,66.34,65.06,65.87,77700,64.84
2009-10-02,64.02,64.81,63.67,64.35,118100,63.34
2009-10-01,66.35,66.62,64.46,64.47,132800,63.46
2009-09-30,66.86,67.28,65.50,66.69,261600,65.65
2009-09-29,67.20,67.46,66.68,67.14,85900,66.09
2009-09-28,66.42,67.50,66.18,67.08,103500,66.03
2009-09-25,66.86,67.47,66.51,66.85,60000,65.80
2009-09-24,67.96,68.10,66.20,66.71,161700,65.67
2009-09-23,69.29,69.63,68.52,68.52,118000,67.45
2009-09-22,69.47,69.70,69.24,69.48,88100,68.39
2009-09-21,69.04,69.15,68.50,69.06,122200,67.98
2009-09-18,69.87,70.08,69.47,69.82,52300,68.73
2009-09-17,70.11,70.75,69.51,69.71,56000,68.62
2009-09-16,69.49,70.31,69.09,70.27,75000,69.17
2009-09-15,69.02,69.02,67.76,68.25,78000,67.18
2009-09-14,67.91,68.81,67.50,68.70,85100,67.62
2009-09-11,69.08,69.24,68.33,68.51,137200,67.44
2009-09-10,68.52,68.85,67.92,68.74,69200,67.66
2009-09-09,67.90,68.49,67.74,68.25,91300,67.18
2009-09-08,68.33,68.47,67.70,68.21,107900,67.14
2009-09-04,65.41,66.39,65.24,66.35,117800,65.31
2009-09-03,63.79,64.41,63.23,64.41,127600,63.40
2009-09-02,62.13,62.93,62.05,62.30,163500,61.32
2009-09-01,63.03,63.75,61.66,61.80,306200,60.83
2009-08-31,62.97,63.35,62.66,63.16,200100,62.17
2009-08-28,65.16,65.58,64.11,64.25,181300,63.24
2009-08-27,65.17,65.50,64.25,65.30,65100,64.28
2009-08-26,65.46,66.00,65.25,65.52,55800,64.49
2009-08-25,66.38,66.75,65.59,65.60,268300,64.57
2009-08-24,66.52,66.63,65.59,65.83,175900,64.80
2009-08-21,65.56,66.15,65.03,66.05,187100,65.02
2009-08-20,65.03,65.75,64.90,65.57,100400,64.54
2009-08-19,63.51,64.95,63.32,64.70,298600,63.69
2009-08-18,64.20,64.86,63.99,64.60,240100,63.59
2009-08-17,64.67,64.67,60.00,63.29,493300,62.30
2009-08-14,67.82,68.11,66.15,66.89,69000,65.84
2009-08-13,68.45,68.64,67.47,68.01,95700,66.95
2009-08-12,67.14,68.43,67.10,68.25,80000,67.18
2009-08-11,68.83,68.83,67.00,67.52,71300,66.46
2009-08-10,68.44,68.87,67.75,68.17,56900,67.10
2009-08-07,68.18,68.67,67.42,68.20,120800,67.13
2009-08-06,69.25,69.25,67.72,68.30,154600,67.23
2009-08-05,68.91,68.92,67.42,68.25,182300,67.18
2009-08-04,69.06,70.34,69.06,69.90,59900,68.81
2009-08-03,70.44,71.07,68.63,70.91,115800,69.80
2009-07-31,67.81,68.16,67.36,67.63,88900,66.57
2009-07-30,67.52,68.42,67.52,67.53,98000,66.47
2009-07-29,66.90,67.48,65.86,66.57,176200,65.53
2009-07-28,68.74,68.96,67.68,68.94,152700,67.86
2009-07-27,68.18,68.62,67.48,68.34,133700,67.27
2009-07-24,67.03,67.69,66.51,67.63,116500,66.57
2009-07-23,65.76,67.99,65.54,67.47,526900,66.41
2009-07-22,64.28,65.39,64.00,64.94,123200,63.92
2009-07-21,65.59,65.68,64.24,65.30,215900,64.28
2009-07-20,65.28,65.60,64.79,65.49,157500,64.46
2009-07-17,62.60,63.35,62.60,63.18,58300,62.19
2009-07-16,61.85,62.68,61.51,62.35,123600,61.37
2009-07-15,61.00,62.50,60.88,62.33,118900,61.35
2009-07-14,59.77,59.99,59.29,59.99,93000,59.05
2009-07-13,57.89,58.87,57.14,58.77,63600,57.85
2009-07-10,58.64,58.98,57.89,58.75,39900,57.83
2009-07-09,59.01,59.61,58.70,59.15,50300,58.22
2009-07-08,58.48,59.07,56.94,57.96,208900,57.05
2009-07-07,59.68,60.03,58.46,58.46,271400,57.55
2009-07-06,59.93,60.60,59.30,60.52,69000,59.57
2009-07-02,60.70,60.70,59.52,59.60,93000,58.67
2009-07-01,61.54,62.38,61.54,61.70,46400,60.73
2009-06-30,61.43,61.46,60.36,60.75,144400,59.80
2009-06-29,61.73,62.56,61.50,62.21,81000,61.24
2009-06-26,61.53,61.73,61.20,61.47,70700,60.51
2009-06-25,59.78,61.18,59.53,61.09,72700,60.13
2009-06-24,59.24,60.46,59.24,59.63,68300,58.70
2009-06-23,57.57,58.51,56.64,57.67,553200,56.77
2009-06-22,59.32,59.32,57.68,57.90,147900,56.99
2009-06-19,59.43,59.99,59.28,59.32,67700,58.39
2009-06-18,59.22,60.17,58.74,59.53,63900,58.07
2009-06-17,59.43,60.22,58.86,59.75,169600,58.28
2009-06-16,60.68,61.09,59.33,59.52,101900,58.06
2009-06-15,62.33,62.33,60.45,61.00,86200,59.50
2009-06-12,63.32,63.45,62.88,63.33,64300,61.78
2009-06-11,63.50,65.20,63.50,64.20,98700,62.63
2009-06-10,62.16,63.34,61.79,62.57,81200,61.04
2009-06-09,61.39,61.64,60.86,61.16,53800,59.66
2009-06-08,61.82,62.31,60.99,62.04,79400,60.52
2009-06-05,63.27,63.68,62.04,62.73,147200,61.19
2009-06-04,61.85,62.76,61.39,62.27,170100,60.74
2009-06-03,62.00,62.00,60.53,61.17,56600,59.67
2009-06-02,62.43,62.99,61.47,62.08,198800,60.56
2009-06-01,61.59,63.86,61.59,63.43,185900,61.87
2009-05-29,59.82,60.59,59.59,60.59,128900,59.10
2009-05-28,58.21,58.87,57.55,58.69,118300,57.25
2009-05-27,58.46,58.82,57.40,57.52,153000,56.11
2009-05-26,55.61,57.47,55.37,57.09,112900,55.69
2009-05-22,56.19,56.74,55.85,55.87,78700,54.50
2009-05-21,56.07,56.30,55.38,55.95,121400,54.58
2009-05-20,57.63,58.40,56.97,56.98,93500,55.58
2009-05-19,57.60,58.44,57.22,57.54,92300,56.13
2009-05-18,56.14,57.65,56.14,57.64,116700,56.23
2009-05-15,54.91,55.22,54.16,54.64,99200,53.30
2009-05-14,53.63,55.16,53.63,54.73,68100,53.39
2009-05-13,54.60,55.66,53.72,53.94,117100,52.62
2009-05-12,55.16,55.79,54.44,55.15,62500,53.80
2009-05-11,55.49,55.49,54.73,54.80,75800,53.46
2009-05-08,56.79,57.59,55.85,57.49,121100,56.08
2009-05-07,57.15,57.97,54.69,54.85,147000,53.50
2009-05-06,55.68,58.36,55.60,58.36,173400,56.93
2009-05-05,55.08,55.78,54.21,54.68,144500,53.34
2009-05-04,53.99,56.04,52.56,56.04,169100,54.67
2009-05-01,50.79,51.34,50.53,51.04,47300,49.79
2009-04-30,51.22,52.28,50.20,50.74,89800,49.50
2009-04-29,49.71,50.92,49.41,50.45,114800,49.21
2009-04-28,48.45,48.76,47.56,48.05,61700,46.87
2009-04-27,49.18,49.62,48.72,49.00,84800,47.80
2009-04-24,50.86,51.59,50.75,51.19,114300,49.93
2009-04-23,50.19,50.37,49.46,50.29,82600,49.06
2009-04-22,48.73,50.28,48.67,49.36,73100,48.15
2009-04-21,49.34,51.06,49.23,50.72,106700,49.48
2009-04-20,51.57,51.57,49.61,49.71,116200,48.49
2009-04-17,52.00,53.22,51.11,51.65,132600,50.38
2009-04-16,52.24,52.54,51.42,52.15,93400,50.87
2009-04-15,51.15,52.11,50.45,52.10,94800,50.82
2009-04-14,50.92,51.05,50.00,50.29,88200,49.06
2009-04-13,51.33,51.33,49.30,50.43,111200,49.19
2009-04-09,49.57,49.83,49.31,49.80,85400,48.58
2009-04-08,47.74,48.08,47.34,47.83,43100,46.66
2009-04-07,48.22,48.22,47.37,47.38,42800,46.22
2009-04-06,48.97,48.97,47.92,48.60,68100,47.41
2009-04-03,50.00,50.00,47.93,48.82,59900,47.62
2009-04-02,47.00,49.70,47.00,48.79,110300,47.59
2009-04-01,44.84,46.45,44.82,46.26,36600,45.13
2009-03-31,45.54,45.77,44.87,45.28,40800,44.17
2009-03-30,46.90,46.90,43.58,44.03,85800,42.95
2009-03-27,46.86,47.00,46.15,46.75,54800,45.60
2009-03-26,47.20,47.51,46.75,47.31,104700,46.15
2009-03-25,45.52,46.17,44.30,45.48,85600,44.36
2009-03-24,45.48,46.20,44.78,45.11,60900,44.00
2009-03-23,44.91,46.54,44.33,46.32,149500,45.18
2009-03-20,43.13,43.13,41.96,42.03,43000,41.00
2009-03-19,44.01,44.27,43.11,43.20,70500,42.14
2009-03-18,42.80,44.96,42.32,43.83,67200,42.75
2009-03-17,42.60,43.57,42.02,43.50,63500,42.43
2009-03-16,43.45,44.00,42.72,42.95,83800,41.90
2009-03-13,42.20,42.26,41.30,41.97,53200,40.94
2009-03-12,40.23,41.70,39.83,41.42,64600,40.40
2009-03-11,41.01,43.38,39.80,40.30,78600,39.31
2009-03-10,39.57,40.99,39.57,40.86,64900,39.86
2009-03-09,37.87,39.00,37.66,37.86,52600,36.93
2009-03-06,38.59,38.83,37.39,37.81,46400,36.88
2009-03-05,39.11,39.65,38.11,38.28,87500,37.34
2009-03-04,38.51,41.20,38.51,40.42,158400,39.43
2009-03-03,37.31,37.81,36.40,37.15,81000,36.24
2009-03-02,38.16,38.16,36.06,36.21,86500,35.32
2009-02-27,38.86,39.29,38.28,38.58,71900,37.63
2009-02-26,40.19,40.62,39.15,39.18,64200,38.22
2009-02-25,41.07,41.40,39.92,40.62,57100,39.62
2009-02-24,39.62,41.67,39.60,41.40,61000,40.38
2009-02-23,41.38,41.61,39.13,39.25,112400,38.29
2009-02-20,40.76,40.81,39.21,39.91,79300,38.93
2009-02-19,42.44,43.95,40.60,40.76,44100,39.76
2009-02-18,40.92,40.92,40.16,40.58,40600,39.58
2009-02-17,40.41,40.41,39.49,39.61,56200,38.64
2009-02-13,42.65,43.01,42.23,42.42,86000,41.38
2009-02-12,41.50,42.18,40.68,41.87,80300,40.84
2009-02-11,42.53,43.44,42.00,42.64,45200,41.59
2009-02-10,44.25,44.59,42.13,42.23,78000,41.19
2009-02-09,46.04,46.04,43.92,44.24,72200,43.15
2009-02-06,43.66,45.09,43.47,44.82,103900,43.72
2009-02-05,41.97,43.32,41.56,42.79,161200,41.74
2009-02-04,41.24,42.31,41.16,41.49,64500,40.47
2009-02-03,39.82,40.70,39.41,40.24,62900,39.25
2009-02-02,39.46,40.10,39.11,39.60,74700,38.63
2009-01-30,40.64,40.85,39.55,39.85,29300,38.87
2009-01-29,40.34,40.34,39.30,39.30,32200,38.34
2009-01-28,40.96,41.61,40.64,41.47,67600,40.45
2009-01-27,39.22,40.19,39.22,39.97,27700,38.99
2009-01-26,38.48,40.00,38.48,39.52,26900,38.55
2009-01-23,37.73,39.29,37.19,38.92,26700,37.97
2009-01-22,38.40,39.66,37.30,38.32,28400,37.38
2009-01-21,38.47,39.74,37.89,39.74,59900,38.77
2009-01-20,40.37,40.37,37.77,37.77,58900,36.84
2009-01-16,40.83,41.11,39.78,40.85,27100,39.85
2009-01-15,39.78,40.66,38.50,40.34,81400,39.35
2009-01-14,40.60,40.60,39.18,39.72,25300,38.75
2009-01-13,40.53,40.93,40.08,40.58,29000,39.58
2009-01-12,42.05,42.05,40.45,41.04,63500,40.03
2009-01-09,44.01,44.01,42.79,43.12,90500,42.06
2009-01-08,44.08,44.70,43.51,44.70,35800,43.60
2009-01-07,46.30,46.58,45.12,45.33,99600,44.22
2009-01-06,49.05,49.25,48.24,48.74,69600,47.54
2009-01-05,48.73,49.10,48.22,48.57,119400,47.38
2009-01-02,46.79,48.30,46.38,48.19,41900,47.01
2008-12-31,44.85,45.45,44.44,45.26,34500,44.15
2008-12-30,43.95,44.75,43.95,44.74,28700,43.64
2008-12-29,43.35,44.69,43.35,44.02,91500,42.94
2008-12-26,44.72,44.72,43.20,43.44,18100,42.37
2008-12-24,43.31,43.71,42.84,43.71,19500,42.64
2008-12-23,43.27,43.73,42.79,42.79,92600,41.74
2008-12-22,45.43,45.49,44.16,44.89,43700,43.79
2008-12-19,47.10,47.25,46.40,47.03,33200,45.88
2008-12-18,48.69,48.69,46.57,46.87,42400,45.72
2008-12-17,47.76,48.50,47.57,47.85,39500,46.68
2008-12-16,47.94,48.00,45.52,47.94,36600,46.76
2008-12-15,45.86,45.86,44.36,44.68,40300,43.58
2008-12-12,44.27,45.98,44.06,45.65,60100,44.53
2008-12-11,47.12,47.78,45.56,45.81,40800,44.69
2008-12-10,47.70,47.75,46.57,47.43,87500,46.27
2008-12-09,45.18,46.30,44.37,44.53,47900,43.44
2008-12-08,45.90,46.87,45.00,46.41,130400,45.27
2008-12-05,40.73,42.98,40.10,42.98,53900,41.93
2008-12-04,41.04,41.54,39.27,40.28,63500,39.29
2008-12-03,39.33,42.24,39.33,41.98,34600,40.95
2008-12-02,39.58,40.65,39.02,40.65,61200,39.65
2008-12-01,40.55,40.55,37.69,37.76,27100,36.83
2008-11-28,40.37,40.98,40.14,40.80,24000,39.80
2008-11-26,39.01,41.50,38.85,41.42,72000,40.40
2008-11-25,39.01,39.01,37.29,37.77,74800,36.84
2008-11-24,39.39,39.76,37.29,38.86,41500,37.91
2008-11-21,37.20,37.91,34.60,37.80,50400,36.87
2008-11-20,34.68,35.95,32.53,33.16,83400,32.35
2008-11-19,36.67,37.88,34.56,34.88,52200,34.02
2008-11-18,38.40,38.50,36.54,37.72,126200,36.79
2008-11-17,39.58,40.46,38.74,38.90,68000,37.95
2008-11-14,40.72,41.97,39.00,39.00,49500,38.04
2008-11-13,38.75,42.50,36.84,42.50,78700,41.46
2008-11-12,39.00,39.40,37.50,37.52,33500,36.60
2008-11-11,40.26,41.45,39.00,39.36,34300,38.39
2008-11-10,44.39,44.40,40.74,41.70,70500,40.68
2008-11-07,40.19,41.00,38.52,41.00,43400,39.99
2008-11-06,39.30,39.50,36.20,36.30,51500,35.41
2008-11-05,41.58,42.81,39.25,39.34,50500,38.37
2008-11-04,41.98,43.67,41.58,43.25,33400,42.19
2008-11-03,40.32,40.90,40.00,40.35,21900,39.36
2008-10-31,38.22,40.61,38.22,39.76,41400,38.78
2008-10-30,39.74,39.93,38.37,39.90,57700,38.92
2008-10-29,37.74,37.74,34.50,35.63,53500,34.76
2008-10-28,33.87,36.69,32.32,36.69,49800,35.79
2008-10-27,32.48,33.98,31.00,31.30,39700,30.53
2008-10-24,33.01,35.22,32.91,34.55,78600,33.70
2008-10-23,38.75,38.75,35.55,37.50,73100,36.58
2008-10-22,41.00,41.00,36.95,37.26,109500,36.35
2008-10-21,44.64,44.64,41.50,41.51,55400,40.49
2008-10-20,44.92,45.33,42.67,44.64,70700,43.54
2008-10-17,42.87,44.60,40.61,42.16,60000,41.13
2008-10-16,40.96,44.06,39.53,43.70,111700,42.63
2008-10-15,46.20,46.20,40.19,40.19,101700,39.20
2008-10-14,52.84,53.50,45.85,47.50,118700,46.33
2008-10-13,45.00,50.09,44.79,50.09,86200,48.86
2008-10-10,39.90,43.00,38.26,42.00,57600,40.97
2008-10-09,46.25,46.25,40.25,40.25,75000,39.26
2008-10-08,42.00,45.89,41.90,43.65,77400,42.58
2008-10-07,46.59,48.02,43.52,43.52,65900,42.45
2008-10-06,46.01,46.78,43.38,45.77,88600,44.65
2008-10-03,49.62,52.30,49.33,49.51,52700,48.30
2008-10-02,51.13,51.98,49.60,49.61,36800,48.39
2008-10-01,51.51,52.38,50.35,51.70,34700,50.43
2008-09-30,49.40,52.02,47.50,52.02,67500,50.74
2008-09-29,54.01,54.01,46.88,47.14,101200,45.98
2008-09-26,55.25,55.25,53.54,54.60,32000,53.26
2008-09-25,55.80,56.75,54.61,55.71,45100,54.34
2008-09-24,53.29,54.96,53.29,54.43,32200,53.09
2008-09-23,56.30,56.30,53.41,53.64,79000,52.32
2008-09-22,59.88,59.88,53.05,55.72,40500,54.35
2008-09-19,58.44,59.95,56.69,59.27,106800,57.82
2008-09-18,48.76,53.49,48.21,53.49,85800,52.18
2008-09-17,49.14,51.42,47.81,47.81,98200,46.64
2008-09-16,51.00,53.80,50.29,53.26,173500,51.95
2008-09-15,53.26,55.12,52.75,52.75,123700,51.46
2008-09-12,55.47,56.45,54.65,56.32,27200,54.94
2008-09-11,55.13,56.41,54.34,56.11,54100,54.73
2008-09-10,57.54,57.95,56.51,57.33,24400,55.92
2008-09-09,59.74,59.74,57.00,57.00,34900,55.60
2008-09-08,61.51,61.58,59.09,60.15,48600,58.67
2008-09-05,57.80,59.80,57.57,59.80,52300,58.33
2008-09-04,61.20,61.20,58.53,58.67,82800,57.23
2008-09-03,62.00,62.34,61.12,61.20,37700,59.70
2008-09-02,64.96,64.96,62.97,63.18,187700,61.63
2008-08-29,65.08,65.10,64.47,64.76,9000,63.17
2008-08-28,65.00,65.40,64.69,65.00,37600,63.41
2008-08-27,64.84,65.85,64.84,65.66,31100,64.05
2008-08-26,63.82,63.82,63.30,63.43,36900,61.87
2008-08-25,64.63,64.63,62.51,62.51,70000,60.98
2008-08-22,62.80,63.35,62.66,63.22,30100,61.67
2008-08-21,63.00,63.00,61.34,62.34,57600,60.81
2008-08-20,61.76,63.19,61.76,63.15,46500,61.60
2008-08-19,59.19,60.20,59.19,60.05,35900,58.58
2008-08-18,61.67,62.06,60.71,60.83,17200,59.34
2008-08-15,62.38,62.67,62.05,62.26,25600,60.73
2008-08-14,62.65,63.57,61.68,63.26,41800,61.71
2008-08-13,62.40,62.40,61.03,61.71,42600,60.20
2008-08-12,64.01,64.01,62.03,62.40,51400,60.87
2008-08-11,65.40,65.40,63.42,64.32,27900,62.74
2008-08-08,65.47,66.10,63.73,66.02,41600,64.40
2008-08-07,68.50,68.50,64.57,64.92,49700,63.33
2008-08-06,66.52,68.65,66.52,68.48,6900,66.80
2008-08-05,66.18,68.08,66.18,67.94,32900,66.27
2008-08-04,69.62,69.62,66.51,66.51,16100,64.88
2008-08-01,67.76,69.79,67.76,68.96,9900,67.27
2008-07-31,68.68,69.95,68.01,68.23,36600,66.56
2008-07-30,71.70,71.70,69.59,70.80,38400,69.06
2008-07-29,67.35,69.61,67.35,69.61,32000,67.90
2008-07-28,69.99,69.99,67.65,67.65,33000,65.99
2008-07-25,69.35,69.89,68.58,69.40,62500,67.70
2008-07-24,72.74,72.74,68.10,68.70,58800,67.01
2008-07-23,72.75,72.75,71.29,71.77,40900,70.01
2008-07-22,69.01,70.87,68.74,70.86,36600,69.12
2008-07-21,70.90,70.90,69.62,69.73,24600,68.02
2008-07-18,68.90,69.70,68.60,69.18,30300,67.48
2008-07-17,69.58,69.58,68.17,68.50,30500,66.82
2008-07-16,64.63,68.60,64.63,68.60,20100,66.92
2008-07-15,65.96,66.40,64.00,65.33,31600,63.73
2008-07-14,67.58,69.50,67.13,67.31,25900,65.66
2008-07-11,68.23,69.00,67.07,68.17,32500,66.50
2008-07-10,66.26,68.26,66.26,68.26,25900,66.59
2008-07-09,69.20,69.20,66.16,66.16,40300,64.54
2008-07-08,65.58,67.57,65.34,67.57,84600,65.91
2008-07-07,64.92,67.64,64.92,66.99,157200,65.35
2008-07-03,66.38,66.38,63.66,64.79,68200,63.20
2008-07-02,67.01,67.01,64.42,64.53,113500,62.95
2008-07-01,67.84,67.84,65.55,67.00,32900,65.36
2008-06-30,67.99,68.10,67.20,67.66,60100,66.00
2008-06-27,67.67,67.67,66.30,66.76,30100,65.12
2008-06-26,69.98,69.98,66.73,66.73,43200,65.09
2008-06-25,69.40,70.34,69.15,69.66,54100,67.95
2008-06-24,67.68,69.40,67.51,68.25,33300,66.58
2008-06-23,69.11,69.26,68.46,68.93,27300,67.24
2008-06-20,70.93,70.93,67.40,68.08,43100,66.41
2008-06-19,71.35,72.23,70.59,71.68,39100,69.92
2008-06-18,71.92,72.07,70.91,71.73,70900,69.97
2008-06-17,71.89,72.24,70.62,70.81,44000,69.07
2008-06-16,69.81,71.47,69.81,71.33,35200,69.58
2008-06-13,70.38,70.67,69.46,70.67,19800,68.94
2008-06-12,70.42,71.72,70.40,70.89,22500,69.15
2008-06-11,70.55,71.03,69.20,69.20,56900,67.50
2008-06-10,70.92,72.03,70.92,71.48,75900,69.73
2008-06-09,74.75,74.75,72.31,73.13,42500,71.34
2008-06-06,76.47,76.47,73.02,73.02,68100,71.23
2008-06-05,77.12,77.12,75.48,77.12,25500,75.23
2008-06-04,77.30,77.30,74.86,75.11,33500,73.27
2008-06-03,78.00,78.00,75.53,75.94,38800,74.08
2008-06-02,78.77,78.86,77.15,77.75,59400,75.84
2008-05-30,77.70,77.93,77.36,77.52,42600,75.62
2008-05-29,75.99,77.92,75.93,77.52,33800,75.62
2008-05-28,76.99,77.00,75.45,76.35,40700,74.48
2008-05-27,76.50,76.89,74.87,76.80,63100,74.92
2008-05-23,77.54,77.66,76.37,76.75,82800,74.87
2008-05-22,79.84,79.84,78.59,79.16,20200,77.22
2008-05-21,81.00,81.02,78.50,78.50,25700,76.57
2008-05-20,81.04,81.04,78.20,78.80,88200,76.87
2008-05-19,82.95,83.29,81.98,82.24,45100,80.22
2008-05-16,82.36,82.36,81.40,81.84,32200,79.83
2008-05-15,81.56,81.89,80.60,81.65,21300,79.65
2008-05-14,80.99,81.65,80.42,80.63,30800,78.65
2008-05-13,80.72,80.72,79.20,80.12,22700,78.15
2008-05-12,78.65,78.93,77.55,78.74,42200,76.81
2008-05-09,78.95,78.95,78.00,78.60,78400,76.67
2008-05-08,80.42,80.44,79.24,79.71,80900,77.75
2008-05-07,83.31,83.31,79.00,79.01,97800,77.07
2008-05-06,81.54,84.25,81.54,84.09,34300,82.03
2008-05-05,84.65,84.65,82.46,82.46,53500,80.44
2008-05-02,84.52,84.52,83.00,83.75,101300,81.70
2008-05-01,82.69,83.00,80.84,82.84,76300,80.81
2008-04-30,82.13,82.20,80.93,81.40,76500,79.40
2008-04-29,81.74,81.74,80.00,80.30,34100,78.33
2008-04-28,80.95,81.48,80.40,80.47,50700,78.50
2008-04-25,81.79,81.79,79.93,80.88,42700,78.90
2008-04-24,82.29,82.83,79.71,82.00,118400,79.99
2008-04-23,78.26,81.78,78.26,81.78,151900,79.77
2008-04-22,77.22,77.22,75.15,76.00,70100,74.14
2008-04-21,75.86,76.22,74.45,75.94,53100,74.08
2008-04-18,74.36,75.16,74.28,74.91,54200,73.07
2008-04-17,74.00,74.09,73.35,73.56,35000,71.76
2008-04-16,73.19,74.90,72.86,74.75,61500,72.92
2008-04-15,72.02,72.60,71.87,72.58,30500,70.80
2008-04-14,72.19,72.19,71.34,71.64,35900,69.88
2008-04-11,73.90,74.31,72.38,72.69,84300,70.91
2008-04-10,72.55,74.40,72.55,74.25,79900,72.43
2008-04-09,74.26,74.26,71.88,72.04,71000,70.27
2008-04-08,74.64,75.30,74.27,74.40,46300,72.57
2008-04-07,77.16,77.17,75.61,75.80,86200,73.94
2008-04-04,75.96,76.09,73.99,74.88,84400,73.04
2008-04-03,72.56,75.30,72.56,74.95,59900,73.11
2008-04-02,73.52,73.52,72.00,72.06,88600,70.29
2008-04-01,70.97,73.33,70.63,73.33,93100,71.53
2008-03-31,68.34,69.50,68.34,69.00,44800,67.31
2008-03-28,68.91,70.13,68.91,69.32,28600,67.62
2008-03-27,67.77,68.65,67.05,67.07,55200,65.42
2008-03-26,67.55,67.55,66.25,66.41,78000,64.78
2008-03-25,66.27,67.78,65.92,67.62,46800,65.96
2008-03-24,65.14,66.20,64.45,64.80,152100,63.21
2008-03-20,64.23,64.23,60.26,63.59,80200,62.03
2008-03-19,67.44,67.44,62.37,62.82,81400,61.28
2008-03-18,64.32,66.86,64.32,66.80,142700,65.16
2008-03-17,63.31,65.00,62.80,64.30,125100,62.72
2008-03-14,69.13,69.46,65.84,66.02,63900,64.40
2008-03-13,70.01,71.05,67.18,70.13,143000,68.41
2008-03-12,73.01,74.04,71.40,71.75,72300,69.99
2008-03-11,72.16,74.69,71.50,74.58,84000,72.75
2008-03-10,71.44,71.44,68.50,68.50,76600,66.82
2008-03-07,70.30,72.26,69.60,70.26,74000,68.54
2008-03-06,73.93,73.93,70.79,70.92,49200,69.18
2008-03-05,73.67,74.77,73.10,74.13,71800,72.31
2008-03-04,74.40,74.40,72.20,73.34,115000,71.54
2008-03-03,75.38,76.81,75.15,76.34,83400,74.47
2008-02-29,78.48,78.48,75.56,76.01,50500,74.15
2008-02-28,79.78,79.78,78.12,78.26,88800,76.34
2008-02-27,78.00,80.07,77.97,79.63,140700,77.68
2008-02-26,76.11,77.81,75.62,77.67,47400,75.76
2008-02-25,75.51,77.53,74.93,77.50,88500,75.60
2008-02-22,75.52,77.34,74.88,77.25,85800,75.35
2008-02-21,77.48,77.64,74.93,75.40,118200,73.55
2008-02-20,77.81,78.65,75.74,77.83,105500,75.92
2008-02-19,79.33,79.48,77.70,78.00,97800,76.09
2008-02-15,76.59,78.00,76.28,77.80,123900,75.89
2008-02-14,77.45,77.45,74.94,75.15,58100,73.31
2008-02-13,75.63,76.56,74.38,76.06,87500,74.19
2008-02-12,73.76,75.85,73.76,74.88,119400,73.04
2008-02-11,72.04,73.33,71.00,73.25,87800,71.45
2008-02-08,73.48,74.09,72.16,73.20,74600,71.40
2008-02-07,71.87,74.66,70.70,74.10,140500,72.28
2008-02-06,74.93,75.91,72.15,72.15,100300,70.38
2008-02-05,78.58,78.58,74.59,74.63,139500,72.80
2008-02-04,78.50,79.85,78.40,79.40,105600,77.45
2008-02-01,75.96,77.35,75.02,77.35,153800,75.45
2008-01-31,70.89,75.00,70.30,74.20,194400,72.38
2008-01-30,72.72,76.30,72.42,73.05,240300,71.26
2008-01-29,75.99,76.40,75.25,76.15,46300,74.28
2008-01-28,75.01,76.85,74.00,76.85,95900,74.96
2008-01-25,78.01,80.64,75.44,75.92,195100,74.06
2008-01-24,76.66,76.85,74.70,76.28,174200,74.41
2008-01-23,74.39,77.60,69.77,77.60,319200,75.70
2008-01-22,70.00,77.50,69.28,75.40,454800,73.55
2008-01-18,78.22,80.25,77.15,79.29,213000,77.34
2008-01-17,79.25,80.83,76.35,76.80,273600,74.92
2008-01-16,79.95,80.60,76.45,78.78,348300,76.85
2008-01-15,86.48,86.48,81.62,81.81,185600,79.80
2008-01-14,88.50,88.67,87.37,88.39,110200,86.22
2008-01-11,89.62,90.20,88.17,88.50,120800,86.33
2008-01-10,89.96,93.00,89.20,92.10,189400,89.84
2008-01-09,90.49,91.44,88.18,91.20,204500,88.96
2008-01-08,89.13,90.12,86.63,86.63,120000,84.50
2008-01-07,88.61,88.80,86.76,88.36,255700,86.19
2008-01-04,88.69,88.69,86.52,87.00,179100,84.87
2008-01-03,88.00,89.70,88.00,88.56,76300,86.39
2008-01-02,90.58,91.00,88.24,88.90,126700,86.72
2007-12-31,90.60,90.90,89.48,89.85,101600,87.65
2007-12-28,91.00,91.33,89.75,90.15,57900,87.94
2007-12-27,92.50,92.50,90.44,90.75,141600,88.52
2007-12-26,93.26,93.87,92.98,93.63,71700,91.33
2007-12-24,93.15,93.60,92.85,93.25,43500,90.96
2007-12-21,92.05,92.05,90.50,91.56,164700,89.31
2007-12-20,90.35,90.35,87.97,89.58,146300,86.77
2007-12-19,88.60,90.43,88.15,88.60,194400,85.82
2007-12-18,86.98,88.25,85.41,88.10,256900,85.34
2007-12-17,87.24,87.71,84.04,84.04,159300,81.41
2007-12-14,89.25,90.86,89.25,89.81,93800,86.99
2007-12-13,93.04,93.04,90.51,92.17,162100,89.28
2007-12-12,97.66,97.66,93.27,95.14,130500,92.16
2007-12-11,98.40,98.40,93.41,93.80,180700,90.86
2007-12-10,98.00,98.50,97.28,97.95,106300,94.88
2007-12-07,100.15,100.15,98.42,98.50,194800,95.41
2007-12-06,100.54,102.30,99.44,101.85,164600,98.66
2007-12-05,98.20,100.95,98.20,100.95,198300,97.79
2007-12-04,95.75,96.70,94.93,96.24,154000,93.22
2007-12-03,97.50,97.50,95.56,96.06,88900,93.05
2007-11-30,97.94,99.80,96.41,97.43,122600,94.38
2007-11-29,96.48,97.49,95.28,96.36,257300,93.34
2007-11-28,92.60,96.93,92.27,96.00,349000,92.99
2007-11-27,88.60,91.22,87.60,90.91,351500,88.06
2007-11-26,90.50,91.88,87.00,87.00,231800,84.27
2007-11-23,86.82,89.22,86.82,88.60,75600,85.82
2007-11-21,88.11,89.03,85.50,86.95,374600,84.22
2007-11-20,92.79,93.25,85.50,91.90,304600,89.02
2007-11-19,91.94,91.94,87.80,88.47,216400,85.70
2007-11-16,96.46,96.46,90.96,93.45,209500,90.52
2007-11-15,96.00,96.32,93.25,94.33,185800,91.37
2007-11-14,97.96,101.00,96.25,96.75,332000,93.72
2007-11-13,91.45,95.97,91.45,95.24,331700,92.25
2007-11-12,93.33,93.33,87.69,88.00,369800,85.24
2007-11-09,96.47,97.75,93.43,94.91,389300,91.93
2007-11-08,98.30,99.56,92.34,97.11,427400,94.07
2007-11-07,101.63,102.20,98.68,99.20,317800,96.09
2007-11-06,102.50,103.60,100.24,103.05,224700,99.82
2007-11-05,101.37,101.73,97.31,99.20,373100,96.09
2007-11-02,109.30,109.33,105.25,108.02,315300,104.63
2007-11-01,109.61,110.27,107.04,107.92,288000,104.54
2007-10-31,111.12,113.55,109.90,113.20,380800,109.65
2007-10-30,111.16,111.32,108.66,109.16,178500,105.74
2007-10-29,111.08,111.32,110.09,111.18,176900,107.69
2007-10-26,108.91,108.91,107.47,108.36,242300,104.96
2007-10-25,106.25,107.10,104.85,107.10,241900,103.74
2007-10-24,106.23,107.50,103.94,106.85,268600,103.50
2007-10-23,107.35,108.70,105.68,108.30,279500,104.91
2007-10-22,101.57,104.50,91.01,104.33,590600,101.06
2007-10-19,107.95,108.00,102.50,103.10,380600,99.87
2007-10-18,106.60,110.40,106.24,109.90,356500,106.45
2007-10-17,107.81,113.00,107.81,113.00,371200,109.46
2007-10-16,103.67,104.09,101.51,102.60,178800,99.38
2007-10-15,106.49,106.58,102.00,104.15,208100,100.89
2007-10-12,101.75,104.00,101.75,104.00,237800,100.74
2007-10-11,103.49,104.56,97.28,99.65,396200,96.53
2007-10-10,99.62,99.93,98.18,99.80,126000,96.67
2007-10-09,98.30,99.31,97.34,99.05,160800,95.95
2007-10-08,97.10,97.17,95.98,96.80,146000,93.77
2007-10-05,97.88,98.87,96.88,98.67,261700,95.58
2007-10-04,92.89,94.44,91.21,94.15,307600,91.20
2007-10-03,95.00,95.74,92.62,92.94,264600,90.03
2007-10-02,99.85,100.00,97.82,98.61,235400,95.52
2007-10-01,94.74,97.43,94.74,96.41,150700,93.39
2007-09-28,95.40,95.92,93.36,93.86,267100,90.92
2007-09-27,93.77,95.22,93.36,95.12,188200,92.14
2007-09-26,91.70,92.66,91.20,92.29,159300,89.40
2007-09-25,90.00,91.40,89.55,91.20,96900,88.34
2007-09-24,90.70,91.68,90.00,90.90,115100,88.05
2007-09-21,87.50,88.55,87.34,88.55,80800,85.77
2007-09-20,86.45,87.01,85.45,85.92,101700,83.23
2007-09-19,86.81,88.17,85.93,86.31,176500,83.60
2007-09-18,82.59,86.24,82.24,86.00,116100,83.30
2007-09-17,81.96,82.18,81.08,81.70,48200,79.14
2007-09-14,81.09,82.70,81.00,82.27,49900,79.69
2007-09-13,80.56,81.61,80.39,81.00,51500,78.46
2007-09-12,79.25,80.46,79.00,80.13,59500,77.62
2007-09-11,79.22,79.99,78.85,79.98,85800,77.47
2007-09-10,79.31,79.31,77.13,78.60,109100,76.14
2007-09-07,77.47,78.31,76.85,77.39,172000,74.96
2007-09-06,79.70,79.96,78.65,79.45,102900,76.96
2007-09-05,79.10,79.37,78.07,78.54,92600,76.08
2007-09-04,79.20,81.00,79.20,80.72,79300,78.19
2007-08-31,79.80,80.72,79.08,79.25,129600,76.77
2007-08-30,76.59,77.90,76.17,76.91,60700,74.50
2007-08-29,75.75,78.00,75.56,77.69,134800,75.25
2007-08-28,76.70,76.79,73.80,74.19,146600,71.86
2007-08-27,76.78,81.02,76.72,80.50,141500,77.98
2007-08-24,72.80,75.00,72.68,74.88,129900,72.53
2007-08-23,72.33,72.60,70.83,72.30,82800,70.03
2007-08-22,70.01,72.20,69.83,72.20,92000,69.94
2007-08-21,67.17,67.69,66.73,66.87,60500,64.77
2007-08-20,66.23,66.61,65.10,66.29,75800,64.21
2007-08-17,68.63,68.63,62.80,64.95,68500,62.91
2007-08-16,61.50,62.40,58.00,62.40,236500,60.44
2007-08-15,65.76,66.89,63.86,64.05,102700,62.04
2007-08-14,68.78,68.85,66.70,66.79,36300,64.70
2007-08-13,69.27,69.50,68.48,68.48,37800,66.33
2007-08-10,67.59,68.86,66.75,68.74,171000,66.59
2007-08-09,69.85,70.70,68.71,68.84,81800,66.68
2007-08-08,70.38,71.98,70.33,71.20,74600,68.97
2007-08-07,67.99,69.11,67.50,68.48,40600,66.33
2007-08-06,68.80,69.40,66.76,69.30,96600,67.13
2007-08-03,71.60,71.60,68.23,68.31,101600,66.17
2007-08-02,71.47,71.86,71.00,71.62,36900,69.37
2007-08-01,73.69,73.69,70.23,71.90,109900,69.65
2007-07-31,75.20,75.31,73.34,73.76,116200,71.45
2007-07-30,72.40,73.60,72.01,73.43,61400,71.13
2007-07-27,71.10,72.36,70.20,71.09,74400,68.86
2007-07-26,72.90,73.56,69.70,71.45,150800,69.21
2007-07-25,75.10,75.49,73.86,74.80,46800,72.46
2007-07-24,74.65,75.19,73.59,73.61,53600,71.30
2007-07-23,74.54,75.23,74.46,75.02,66300,72.67
2007-07-20,73.59,73.59,72.41,72.79,50500,70.51
2007-07-19,72.50,72.96,72.44,72.90,63200,70.61
2007-07-18,71.75,72.25,70.85,71.70,72200,69.45
2007-07-17,72.93,73.75,72.17,72.86,76100,70.58
2007-07-16,73.00,73.49,72.63,72.77,52200,70.49
2007-07-13,73.58,73.97,73.45,73.82,27200,71.51
2007-07-12,72.50,73.36,72.50,73.33,40600,71.03
2007-07-11,71.68,72.08,71.31,71.98,58500,69.72
2007-07-10,71.82,72.50,71.54,71.68,66300,69.43
2007-07-09,72.21,72.85,72.21,72.65,87200,70.37
2007-07-06,70.65,71.66,70.30,71.42,54400,69.18
2007-07-05,69.82,70.38,69.70,70.10,42000,67.90
2007-07-03,69.50,70.20,69.30,70.08,27200,67.88
2007-07-02,67.83,68.88,67.74,68.72,30700,66.57
2007-06-29,67.11,67.98,66.93,67.30,25500,65.19
2007-06-28,67.25,67.80,67.25,67.60,19000,65.48
2007-06-27,66.00,66.93,65.87,66.93,13200,64.83
2007-06-26,66.87,66.87,65.86,65.95,19300,63.88
2007-06-25,67.01,67.45,66.39,66.47,30400,64.39
2007-06-22,67.90,68.24,67.05,67.30,27100,65.19
2007-06-21,67.30,68.26,67.01,68.00,37800,65.87
2007-06-20,66.84,67.19,65.90,65.90,44100,63.83
2007-06-19,65.69,66.54,65.50,66.25,28300,64.17
2007-06-18,65.48,65.94,65.15,65.75,36500,63.69
2007-06-15,64.00,64.50,64.00,64.40,44400,62.38
2007-06-14,62.35,63.06,62.35,62.88,34200,60.91
2007-06-13,61.30,61.79,61.14,61.79,12400,59.85
2007-06-12,60.19,61.44,60.19,60.48,12600,58.58
2007-06-11,61.15,62.00,60.95,61.82,32300,59.88
2007-06-08,60.30,61.20,60.12,61.20,40200,59.28
2007-06-07,60.88,61.76,59.43,59.43,20400,57.57
2007-06-06,60.80,60.80,60.07,60.25,8400,58.36
2007-06-05,61.50,61.50,60.58,61.08,25600,59.17
2007-06-04,60.26,60.70,60.18,60.70,17000,58.80
2007-06-01,60.78,60.95,60.56,60.81,24700,58.90
2007-05-31,60.30,60.35,59.59,59.92,25900,58.04
2007-05-30,58.10,59.36,57.90,59.36,36400,57.50
2007-05-29,59.50,60.00,58.52,59.15,35100,57.30
2007-05-25,59.27,59.58,59.14,59.52,12000,57.65
2007-05-24,59.79,60.30,58.00,58.07,31500,56.25
2007-05-23,60.83,61.10,59.95,59.95,15400,58.07
2007-05-22,60.70,60.70,60.36,60.44,84300,58.55
2007-05-21,60.70,66.40,60.55,60.75,22000,58.85
2007-05-18,60.45,60.55,60.29,60.37,5800,58.48
2007-05-17,60.75,60.82,60.47,60.70,6500,58.80
2007-05-16,60.42,60.90,60.28,60.90,6500,58.99
2007-05-15,60.11,60.68,59.90,59.90,5600,58.02
2007-05-14,60.70,60.75,59.90,60.11,17500,58.23
2007-05-11,59.06,60.75,58.74,60.20,77300,58.31
2007-05-10,58.40,58.40,57.13,57.13,49100,55.34
2007-05-09,57.98,58.63,57.98,58.56,27300,56.72
2007-05-08,57.59,57.65,57.17,57.45,10400,55.65
2007-05-07,58.30,58.30,57.75,58.10,14400,56.28
2007-05-04,57.95,58.08,57.70,57.70,16000,55.89
2007-05-03,56.90,57.45,56.90,57.32,27500,55.52
2007-05-02,55.90,56.48,55.90,56.36,13500,54.59
2007-05-01,55.40,55.49,54.95,55.49,5600,53.75
2007-04-30,56.05,56.20,54.80,55.09,27500,53.36
2007-04-27,56.40,56.60,56.07,56.24,4700,54.48
2007-04-26,57.06,57.06,56.68,56.90,6000,55.12
2007-04-25,56.75,57.10,56.57,57.10,8400,55.31
2007-04-24,56.75,56.75,56.30,56.72,8300,54.94
2007-04-23,57.00,57.00,56.13,56.72,5300,54.94
2007-04-20,57.07,57.40,57.06,57.31,20200,55.51
2007-04-19,55.45,56.65,55.45,56.36,24200,54.59
2007-04-18,57.44,57.68,57.27,57.31,40400,55.51
2007-04-17,57.89,58.00,57.41,57.58,28200,55.77
2007-04-16,57.25,57.98,57.25,57.90,22200,56.08
2007-04-13,56.60,56.80,56.35,56.80,5100,55.02
2007-04-12,56.14,57.01,55.99,57.00,40000,55.21
2007-04-11,56.49,56.50,55.65,55.83,27000,54.08
2007-04-10,56.18,56.41,56.13,56.25,7800,54.49
2007-04-09,55.84,56.10,55.84,55.98,8300,54.23
2007-04-05,55.50,55.62,55.47,55.62,4700,53.88
2007-04-04,55.38,55.50,55.30,55.36,900,53.62
2007-04-03,54.65,55.20,54.65,55.10,21700,53.37
2007-04-02,54.15,54.64,54.00,54.59,16800,52.88
2007-03-30,54.25,54.25,53.60,53.60,11900,51.92
2007-03-29,54.00,54.05,53.50,54.05,7000,52.36
2007-03-28,53.09,53.15,52.60,52.85,14900,51.19
2007-03-27,53.80,53.81,53.30,53.58,11600,51.90
2007-03-26,54.10,54.10,53.80,54.00,2500,52.31
2007-03-23,53.45,53.62,53.45,53.55,10600,51.87