2011-05-10,48.49,48.70,48.49,48.70,900,48.70
2011-05-09,48.29,48.29,48.29,48.29,400,48.29
2011-05-06,48.50,48.50,47.94,47.94,800,47.94
2011-05-05,48.22,48.22,48.17,48.17,500,48.17
2011-05-04,48.59,48.59,48.00,48.27,1200,48.27
2011-05-03,48.91,48.91,48.91,48.91,000,48.91
2011-05-02,49.10,49.13,48.53,48.91,2200,48.91
2011-04-29,48.99,48.99,48.99,48.99,200,48.99
2011-04-28,48.49,48.49,48.49,48.49,000,48.49
2011-04-27,48.55,48.55,48.49,48.49,500,48.49
2011-04-26,48.51,48.51,48.11,48.13,1200,48.13
2011-04-25,48.13,48.13,48.13,48.13,300,48.13
2011-04-21,48.14,48.14,47.83,47.83,900,47.83
2011-04-20,47.68,48.13,47.68,48.08,1600,48.08
2011-04-19,47.28,47.38,47.28,47.38,500,47.38
2011-04-18,47.21,47.25,45.99,47.25,1300,47.25
2011-04-15,47.94,47.94,47.94,47.94,300,47.94
2011-04-14,47.74,47.80,47.74,47.80,1200,47.80
2011-04-13,48.21,48.21,47.73,48.07,1400,48.07
2011-04-12,47.60,47.61,47.50,47.50,500,47.50
2011-04-11,48.49,48.49,48.04,48.25,800,48.25
2011-04-08,48.17,48.17,48.17,48.17,300,48.17
2011-04-07,48.50,48.50,48.01,48.09,9600,48.09
2011-04-06,48.19,48.57,48.19,48.57,2000,48.57
2011-04-05,48.38,48.38,48.38,48.38,600,48.38
2011-04-04,48.07,48.80,47.99,48.80,5400,48.80
2011-04-01,48.31,48.33,48.31,48.33,200,48.33
2011-03-31,47.81,47.95,47.75,47.92,1500,47.92
2011-03-30,48.16,48.16,48.15,48.15,800,48.15
2011-03-29,47.32,47.36,47.32,47.36,200,47.36
2011-03-28,47.46,47.46,47.13,47.13,2400,47.13
2011-03-25,47.44,47.44,47.44,47.44,800,47.44
2011-03-24,47.40,47.40,47.40,47.40,200,47.40
2011-03-23,46.86,46.86,46.86,46.86,700,46.86
2011-03-22,46.54,46.66,46.54,46.66,3200,46.66
2011-03-21,46.40,46.54,46.40,46.54,300,46.54
2011-03-18,45.96,45.96,45.71,45.85,2200,45.85
2011-03-17,45.45,45.45,45.36,45.36,1300,45.36
2011-03-16,45.22,45.22,44.40,44.53,7500,44.53
2011-03-15,44.45,45.94,44.45,45.90,900,45.90
2011-03-14,46.21,46.66,46.16,46.66,1500,46.66
2011-03-11,47.35,47.45,47.35,47.45,1200,47.45
2011-03-10,47.55,47.63,47.18,47.60,1800,47.60
2011-03-09,48.27,48.27,48.27,48.27,300,48.27
2011-03-08,48.21,48.43,48.20,48.20,400,48.20
2011-03-07,47.89,47.89,47.89,47.89,500,47.89
2011-03-04,48.26,48.26,47.99,47.99,1300,47.99
2011-03-03,48.66,48.70,48.66,48.70,500,48.70
2011-03-02,48.19,48.19,48.19,48.19,1200,48.19
2011-03-01,48.25,48.34,48.15,48.15,3700,48.15
2011-02-28,48.67,48.67,48.67,48.67,500,48.67
2011-02-25,48.02,48.51,48.01,48.51,11700,48.51
2011-02-24,48.01,48.01,47.73,47.87,1400,47.87
2011-02-23,47.70,48.15,47.70,48.01,1200,48.01
2011-02-22,48.30,48.57,47.64,47.64,3200,47.64
2011-02-18,49.20,49.26,49.17,49.17,3000,49.17
2011-02-17,49.06,49.22,49.06,49.22,1500,49.22
2011-02-16,48.75,49.15,48.75,49.15,3100,49.15
2011-02-15,48.80,48.80,48.71,48.80,700,48.80
2011-02-14,48.84,48.88,48.52,48.88,1700,48.88
2011-02-11,48.71,49.65,48.18,48.45,600,48.45
2011-02-10,48.75,48.80,48.72,48.80,2700,48.80
2011-02-09,48.61,48.85,48.49,48.85,2500,48.85
2011-02-08,48.53,48.89,48.53,48.56,1700,48.56
2011-02-07,48.87,49.34,48.52,48.84,2700,48.84
2011-02-04,48.09,48.68,48.09,48.68,1800,48.68
2011-02-03,48.32,48.39,47.98,47.98,2000,47.98
2011-02-02,48.36,48.36,48.36,48.36,500,48.36
2011-02-01,48.25,48.58,48.06,48.19,3400,48.19
2011-01-31,47.91,47.99,47.41,47.93,2600,47.93
2011-01-28,47.76,48.28,47.60,47.60,1300,47.60
2011-01-27,48.47,48.51,48.47,48.49,2200,48.49
2011-01-26,47.80,48.33,47.80,48.31,400,48.31
2011-01-25,48.01,48.01,48.01,48.01,200,48.01
2011-01-24,48.29,48.35,48.27,48.27,600,48.27
2011-01-21,47.96,48.05,47.96,48.05,2000,48.05
2011-01-20,47.70,47.70,47.70,47.70,600,47.70
2011-01-19,47.89,47.89,47.87,47.89,1400,47.89
2011-01-18,48.26,48.26,47.48,48.20,20100,48.20
2011-01-14,47.84,48.23,47.84,48.19,2600,48.19
2011-01-13,47.50,47.89,47.46,47.71,6900,47.71
2011-01-12,47.34,47.93,47.34,47.88,2400,47.88
2011-01-11,47.15,47.18,47.13,47.18,1300,47.18
2011-01-10,46.46,46.93,46.46,46.89,2900,46.89
2011-01-07,46.98,47.16,46.84,47.16,800,47.16
2011-01-06,46.88,47.33,46.88,47.20,5800,47.20
2011-01-05,47.07,47.44,47.07,47.38,1700,47.38
2011-01-04,47.17,47.38,47.12,47.29,3900,47.29
2011-01-03,46.94,47.41,46.94,47.41,3500,47.41
2010-12-31,46.85,46.85,46.85,46.85,700,46.85
2010-12-30,46.89,46.94,46.89,46.94,1600,46.94
2010-12-29,47.20,47.28,47.20,47.28,5000,47.28
2010-12-28,47.05,47.05,47.05,47.05,900,47.05
2010-12-27,46.61,47.01,46.61,47.01,2100,47.01
2010-12-23,50.20,50.20,47.22,47.22,700,47.22
2010-12-22,47.09,47.38,47.09,47.38,800,47.38
2010-12-21,47.17,47.47,47.17,47.47,1000,47.35
2010-12-20,47.21,47.21,46.91,46.92,4300,46.81
2010-12-17,46.93,46.93,46.65,46.65,1400,46.54
2010-12-16,47.05,47.05,46.73,47.05,1600,46.94
2010-12-15,46.65,46.97,46.65,46.95,600,46.84
2010-12-14,47.08,47.13,46.98,47.00,5200,46.89
2010-12-13,46.69,47.06,46.69,46.72,600,46.61
2010-12-10,46.50,46.86,46.44,46.44,1400,46.33
2010-12-09,46.62,46.72,46.62,46.71,700,46.60
2010-12-08,46.23,46.59,46.23,46.59,800,46.48
2010-12-07,46.55,46.56,46.22,46.25,1700,46.14
2010-12-06,45.72,46.15,45.72,46.15,2800,46.04
2010-12-03,46.02,46.12,45.79,46.12,1800,46.01
2010-12-02,46.18,46.28,46.00,46.28,2200,46.17
2010-12-01,45.34,45.70,45.22,45.70,28800,45.59
2010-11-30,44.85,45.05,44.85,45.05,3000,44.94
2010-11-29,45.60,45.60,44.80,45.15,53700,45.04
2010-11-26,45.85,45.90,45.83,45.90,2600,45.79
2010-11-24,46.12,46.12,46.12,46.12,600,46.01
2010-11-23,45.35,45.67,45.19,45.67,29200,45.56
2010-11-22,46.53,46.56,46.10,46.56,2500,46.45
2010-11-19,46.77,46.87,46.39,46.53,1800,46.42
2010-11-18,46.82,46.97,46.82,46.97,300,46.86
2010-11-17,46.18,46.30,46.00,46.30,600,46.19
2010-11-16,46.43,46.43,45.79,46.05,11300,45.94
2010-11-15,46.50,46.95,46.50,46.77,2300,46.66
2010-11-12,47.12,47.12,46.50,46.50,600,46.39
2010-11-11,46.62,46.85,46.62,46.77,2100,46.66
2010-11-10,46.98,47.14,46.78,47.12,3300,47.00
2010-11-09,46.99,47.25,46.60,46.60,54600,46.49
2010-11-08,46.89,47.25,46.89,47.01,2300,46.90
2010-11-05,47.21,47.49,47.11,47.48,6300,47.36
2010-11-04,46.92,47.33,46.92,47.24,4000,47.12
2010-11-03,46.34,46.52,46.23,46.32,4000,46.21
2010-11-02,46.61,46.75,46.57,46.71,4600,46.60
2010-11-01,46.35,46.51,46.35,46.43,1200,46.32
2010-10-29,46.38,46.50,46.25,46.25,7500,46.14
2010-10-28,46.54,46.55,46.38,46.38,2700,46.27
2010-10-27,46.21,46.56,46.00,46.40,18300,46.29
2010-10-26,46.04,46.39,46.04,46.20,10700,46.09
2010-10-25,46.79,46.80,46.28,46.28,34200,46.17
2010-10-22,46.56,46.56,46.46,46.54,6600,46.43
2010-10-21,46.48,46.48,45.92,45.92,3000,45.81
2010-10-20,46.31,46.51,46.27,46.27,1300,46.16
2010-10-19,46.09,46.31,45.74,45.98,11300,45.87
2010-10-18,46.40,46.71,46.28,46.71,2200,46.60
2010-10-15,46.01,46.37,45.98,46.17,1800,46.06
2010-10-14,46.58,46.69,46.36,46.51,2700,46.40
2010-10-13,46.45,46.86,46.45,46.86,2700,46.75
2010-10-12,46.01,46.01,45.68,45.68,2400,45.57
2010-10-11,46.25,46.42,46.00,46.01,4300,45.90
2010-10-08,46.03,46.09,45.86,45.86,1600,45.75
2010-10-07,46.11,46.11,45.85,46.04,3000,45.93
2010-10-06,46.15,46.15,45.94,45.94,2000,45.83
2010-10-05,45.29,46.11,45.29,46.01,3200,45.90
2010-10-04,45.36,45.36,45.01,45.01,1100,44.90
2010-10-01,45.57,45.57,45.18,45.33,900,45.22
2010-09-30,45.34,45.41,44.83,44.83,2000,44.72
2010-09-29,45.70,45.70,45.29,45.29,2500,45.18
2010-09-28,45.40,45.70,45.40,45.69,800,45.58
2010-09-27,46.10,46.10,45.48,45.70,4700,45.59
2010-09-24,45.41,45.67,45.41,45.67,2100,45.56
2010-09-23,44.95,45.31,44.67,44.95,2800,44.84
2010-09-22,45.59,45.74,45.50,45.50,1500,45.39
2010-09-21,45.80,45.92,45.48,45.53,3200,45.42
2010-09-20,45.68,46.19,45.61,46.19,2400,46.08
2010-09-17,45.75,45.75,45.34,45.59,1100,45.27
2010-09-16,45.71,45.92,45.71,45.92,2700,45.59
2010-09-15,45.72,46.09,45.72,46.09,900,45.76
2010-09-14,45.98,45.98,45.77,45.77,700,45.44
2010-09-13,45.95,45.97,45.72,45.85,3800,45.52
2010-09-10,45.59,45.76,44.92,45.70,2600,45.37
2010-09-09,45.34,45.60,45.32,45.40,3100,45.08
2010-09-08,45.24,45.34,45.19,45.20,6100,44.88
2010-09-07,45.02,45.02,44.92,45.01,700,44.69
2010-09-03,45.13,45.17,45.13,45.17,1300,44.85
2010-09-02,44.77,44.85,44.77,44.85,800,44.53
2010-09-01,44.39,44.84,44.39,44.81,1100,44.49
2010-08-31,43.38,43.63,43.21,43.21,1900,42.90
2010-08-30,43.69,43.74,43.48,43.52,11400,43.21
2010-08-27,43.67,43.90,43.16,43.90,2400,43.59
2010-08-26,43.50,43.50,42.99,42.99,2600,42.68
2010-08-25,42.85,43.19,42.58,43.15,800,42.84
2010-08-24,43.20,43.20,42.95,43.10,1500,42.79
2010-08-23,43.85,43.85,43.79,43.79,500,43.48
2010-08-20,43.46,43.54,43.39,43.48,8200,43.17
2010-08-19,44.81,44.81,43.72,43.97,7900,43.66
2010-08-18,44.78,44.89,44.54,44.80,5800,44.48
2010-08-17,44.72,44.89,44.57,44.67,2000,44.35
2010-08-16,44.21,44.26,44.17,44.19,3400,43.88
2010-08-13,44.19,44.25,44.19,44.25,400,43.93
2010-08-12,44.03,44.12,43.99,43.99,1400,43.68
2010-08-11,44.49,44.50,43.92,43.99,5200,43.68
2010-08-10,44.80,45.21,44.80,45.21,1800,44.89
2010-08-09,45.81,45.81,45.62,45.73,4900,45.40
2010-08-06,45.04,45.39,44.70,45.39,10800,45.07
2010-08-05,45.26,45.44,45.19,45.44,19500,45.12
2010-08-04,45.20,45.50,45.20,45.50,700,45.18
2010-08-03,45.26,45.26,45.19,45.26,800,44.94
2010-08-02,45.30,45.42,45.24,45.42,1100,45.10
2010-07-30,44.39,44.69,44.02,44.26,4100,43.94
2010-07-29,45.24,45.24,44.26,44.59,2300,44.27
2010-07-28,44.76,44.76,44.50,44.50,1100,44.18
2010-07-27,44.77,44.80,44.71,44.80,1500,44.48
2010-07-26,44.13,44.61,44.13,44.61,5200,44.29
2010-07-23,44.01,44.45,44.01,44.41,600,44.09
2010-07-22,44.04,44.15,43.97,43.97,3600,43.66
2010-07-21,43.54,43.54,42.85,42.85,1500,42.54
2010-07-20,42.87,43.04,42.85,42.98,4200,42.67
2010-07-19,42.89,43.12,42.89,43.12,900,42.81
2010-07-16,43.53,43.53,42.85,42.85,6700,42.54
2010-07-15,44.12,44.12,43.66,44.11,4100,43.80
2010-07-14,43.95,44.11,43.95,44.11,2600,43.80
2010-07-13,43.99,44.27,43.99,44.23,8100,43.91
2010-07-12,43.52,43.77,43.44,43.72,4000,43.41
2010-07-09,43.57,43.78,43.44,43.78,2900,43.47
2010-07-08,43.30,43.56,42.52,43.56,2400,43.25
2010-07-07,42.90,43.26,42.72,43.26,7400,42.95
2010-07-06,42.41,42.59,42.00,42.04,21300,41.74
2010-07-02,41.72,41.72,41.72,41.72,000,41.42
2010-07-01,41.74,41.95,41.14,41.72,33800,41.42
2010-06-30,41.94,42.52,41.65,41.65,6900,41.35
2010-06-29,42.54,42.54,41.82,41.82,16400,41.52
2010-06-28,43.35,43.42,43.22,43.22,2600,42.91
2010-06-25,44.54,44.71,44.33,44.71,2600,43.20
2010-06-24,45.05,45.05,44.58,44.68,2000,43.18
2010-06-23,45.26,45.55,45.23,45.40,4300,43.87
2010-06-22,45.82,46.14,45.36,45.36,2100,43.83
2010-06-21,46.35,46.35,45.92,45.92,1200,44.37
2010-06-18,45.77,45.78,45.77,45.78,1000,44.24
2010-06-17,45.79,45.80,45.41,45.75,11500,44.21
2010-06-16,45.55,46.00,45.47,45.90,2900,44.35
2010-06-15,45.47,46.05,45.35,46.05,16100,44.50
2010-06-14,45.12,45.23,44.81,44.81,6200,43.30
2010-06-11,44.48,44.84,44.47,44.61,10400,43.11
2010-06-10,44.48,45.29,44.17,44.68,47200,43.18
2010-06-09,43.67,46.10,43.43,43.43,1300,41.97
2010-06-08,43.41,43.45,43.01,43.25,43600,41.79
2010-06-07,43.52,43.73,43.19,43.19,2100,41.74
2010-06-04,44.00,44.00,43.07,43.07,2800,41.62
2010-06-03,45.05,45.05,44.48,44.78,1500,43.27
2010-06-02,44.07,44.62,44.07,44.62,11700,43.12
2010-06-01,43.92,44.13,43.81,43.89,9200,42.41
2010-05-28,44.50,44.61,43.98,44.52,5900,43.02
2010-05-27,44.45,44.46,44.16,44.46,13600,42.96
2010-05-26,42.99,43.05,42.96,43.01,3500,41.56
2010-05-25,42.23,43.33,42.20,43.33,35200,41.87
2010-05-24,42.94,43.75,42.90,42.97,21700,41.52
2010-05-21,42.04,42.84,41.50,42.84,1300,41.40
2010-05-20,43.58,43.70,42.95,42.99,146700,41.54
2010-05-19,44.55,44.55,44.25,44.25,500,42.76
2010-05-18,45.49,45.67,44.61,44.75,4600,43.24
2010-05-17,45.25,45.29,44.89,45.22,900,43.70
2010-05-14,44.94,45.04,44.89,45.04,2500,43.52
2010-05-13,46.28,46.43,46.03,46.03,8500,44.48
2010-05-12,45.13,46.48,45.13,46.48,7600,44.92
2010-05-11,45.65,46.09,45.63,46.09,16800,44.54
2010-05-10,44.47,46.29,44.47,46.02,2000,44.47
2010-05-07,42.39,44.36,42.39,43.47,23700,42.01
2010-05-06,44.96,45.16,39.11,43.27,62100,41.81
2010-05-05,45.69,45.69,45.38,45.56,5200,44.03
2010-05-04,46.09,46.13,45.95,46.13,16400,44.58
2010-05-03,47.19,47.56,47.10,47.45,7200,45.85
2010-04-30,47.40,47.40,46.68,46.68,101800,45.11
2010-04-29,47.45,47.58,47.35,47.50,12400,45.90
2010-04-28,47.14,47.20,46.81,46.98,3700,45.40
2010-04-27,47.37,47.37,47.14,47.14,400,45.55
2010-04-26,48.68,48.68,48.40,48.45,1500,46.82
2010-04-23,48.56,48.66,48.56,48.66,700,47.02
2010-04-22,48.02,48.23,47.76,48.20,7200,46.58
2010-04-21,48.72,48.72,48.45,48.60,8000,46.96
2010-04-20,48.89,48.95,48.84,48.93,15800,47.28
2010-04-19,48.57,48.57,48.57,48.57,000,46.93
2010-04-16,49.10,49.10,48.48,48.57,3500,46.93
2010-04-15,49.23,49.45,49.16,49.40,5300,47.74
2010-04-14,49.22,49.40,49.22,49.40,2500,47.74
2010-04-13,49.03,49.05,49.03,49.03,2100,47.38
2010-04-12,49.01,49.01,49.00,49.00,1100,47.35
2010-04-09,49.05,49.05,48.73,48.93,5700,47.28
2010-04-08,48.65,48.70,48.63,48.68,3700,47.04
2010-04-07,48.72,48.72,48.59,48.59,200,46.95
2010-04-06,48.75,48.88,48.75,48.88,3500,47.23
2010-04-05,48.89,48.92,48.83,48.87,3300,47.22
2010-04-01,48.48,48.53,48.40,48.53,13000,46.90
2010-03-31,47.96,48.03,47.95,47.99,1600,46.37
2010-03-30,48.07,48.21,48.07,48.21,6400,46.59
2010-03-29,47.90,48.17,47.90,48.17,1600,46.55
2010-03-26,48.05,48.05,47.93,48.03,1300,46.29
2010-03-25,48.03,48.30,47.82,47.88,2300,46.14
2010-03-24,47.68,47.74,47.51,47.74,3400,46.01
2010-03-23,47.57,48.06,47.55,48.06,1500,46.32
2010-03-22,47.05,47.65,47.05,47.65,1300,45.92
2010-03-19,47.96,47.96,47.60,47.63,500,45.90
2010-03-18,47.85,47.89,47.85,47.89,300,46.15
2010-03-17,47.87,47.92,47.75,47.83,9400,46.10
2010-03-16,47.61,47.64,47.52,47.64,1700,45.91
2010-03-15,47.41,47.41,47.17,47.25,1000,45.54
2010-03-12,47.46,47.47,47.42,47.47,1700,45.75
2010-03-11,47.46,47.46,47.34,47.41,5300,45.69
2010-03-10,47.39,47.59,47.39,47.48,3500,45.76
2010-03-09,47.09,47.44,47.09,47.26,4200,45.55
2010-03-08,47.30,47.34,47.25,47.30,9400,45.58
2010-03-05,47.19,47.34,47.19,47.34,5400,45.62
2010-03-04,46.36,46.49,46.33,46.49,17900,44.80
2010-03-03,46.55,46.55,46.55,46.55,300,44.86
2010-03-02,46.14,46.15,46.14,46.15,3200,44.48
2010-03-01,45.91,45.91,45.91,45.91,100,44.25
2010-02-26,44.92,44.92,44.92,44.92,000,43.29
2010-02-25,45.08,45.08,44.92,44.92,3200,43.29
2010-02-24,45.52,45.52,45.52,45.52,200,43.87
2010-02-23,45.75,45.75,45.12,45.12,10700,43.48
2010-02-22,45.77,45.81,45.77,45.80,4200,44.14
2010-02-19,45.61,45.86,45.61,45.86,6000,44.20
2010-02-18,45.60,45.95,45.55,45.83,93000,44.17
2010-02-17,45.23,45.23,45.23,45.23,000,43.59
2010-02-16,44.58,45.26,44.58,45.23,8500,43.59
2010-02-12,44.38,44.38,44.38,44.38,100,42.77
2010-02-11,44.40,44.98,44.40,44.86,16900,43.23
2010-02-10,44.50,44.50,44.49,44.49,500,42.88
2010-02-09,44.44,44.78,44.38,44.78,700,43.16
2010-02-08,43.96,43.96,43.65,43.65,9000,42.07
2010-02-05,44.04,44.04,41.80,43.33,3900,41.76
2010-02-04,44.76,44.76,44.21,44.21,2700,42.61
2010-02-03,46.40,46.40,45.88,45.88,300,44.22
2010-02-02,46.69,46.78,46.69,46.78,1100,45.08
2010-02-01,45.40,45.42,45.40,45.42,800,43.77
2010-01-29,44.88,44.88,44.88,44.88,500,43.25
2010-01-28,45.25,45.25,44.98,44.98,400,43.35
2010-01-27,45.63,45.95,45.40,45.95,1500,44.28
2010-01-26,45.87,46.17,45.79,45.79,1200,44.13
2010-01-25,45.32,45.32,45.32,45.32,000,43.68
2010-01-22,46.15,46.15,45.32,45.32,1100,43.68
2010-01-21,47.35,47.35,46.29,46.43,1700,44.75
2010-01-20,47.59,47.59,47.00,47.35,4600,45.63
2010-01-19,47.67,48.26,47.67,48.22,10700,46.47
2010-01-15,47.92,47.92,47.38,47.48,2500,45.76