2011-05-10,20.10,20.23,20.09,20.16,6100,20.16
2011-05-09,19.86,20.01,19.77,19.95,3600,19.95
2011-05-06,20.01,20.11,19.82,19.87,6700,19.87
2011-05-05,19.88,19.94,19.67,19.76,12100,19.76
2011-05-04,20.33,20.33,20.08,20.08,3400,20.08
2011-05-03,20.26,20.32,20.20,20.21,9700,20.21
2011-05-02,20.48,20.51,20.34,20.35,7100,20.35
2011-04-29,20.46,20.51,20.37,20.43,13000,20.43
2011-04-28,20.34,20.40,20.25,20.39,13600,20.39
2011-04-27,20.18,20.33,20.01,20.33,9100,20.33
2011-04-26,20.07,20.19,20.03,20.12,13700,20.12
2011-04-25,20.03,20.11,19.99,19.99,6700,19.99
2011-04-21,20.15,20.15,20.06,20.07,4800,20.07
2011-04-20,20.00,20.00,19.95,19.98,6100,19.98
2011-04-19,19.59,19.69,19.54,19.67,112800,19.67
2011-04-18,19.59,19.59,19.27,19.49,9800,19.49
2011-04-15,19.86,19.86,19.79,19.83,6400,19.83
2011-04-14,19.71,19.87,19.64,19.86,13300,19.86
2011-04-13,19.88,19.92,19.74,19.78,8500,19.78
2011-04-12,19.69,19.75,19.62,19.75,5900,19.75
2011-04-11,20.04,20.04,19.78,19.83,10000,19.83
2011-04-08,20.00,20.03,19.90,19.99,9500,19.99
2011-04-07,19.92,19.92,19.85,19.89,11300,19.89
2011-04-06,19.94,19.97,19.86,19.94,9900,19.94
2011-04-05,19.73,19.87,19.70,19.83,8600,19.83
2011-04-04,19.82,19.82,19.70,19.81,8700,19.81
2011-04-01,19.62,19.73,19.55,19.68,9300,19.68
2011-03-31,19.46,19.55,19.40,19.55,33600,19.55
2011-03-30,19.38,19.49,19.38,19.48,9900,19.48
2011-03-29,19.14,19.29,19.11,19.29,6900,19.29
2011-03-28,19.22,19.28,19.13,19.14,78500,19.14
2011-03-25,19.33,19.34,19.26,19.26,13400,19.26
2011-03-24,19.46,19.56,19.45,19.54,13700,19.30
2011-03-23,19.33,19.44,19.30,19.41,17800,19.18
2011-03-22,19.42,19.47,19.30,19.47,21800,19.23
2011-03-21,19.39,19.45,19.36,19.43,6400,19.20
2011-03-18,19.16,19.16,18.98,19.03,9500,18.80
2011-03-17,18.91,18.96,18.83,18.87,17600,18.64
2011-03-16,18.72,18.90,18.42,18.42,23800,18.20
2011-03-15,18.55,18.91,18.40,18.91,17400,18.68
2011-03-14,19.21,19.26,19.11,19.26,13500,19.03
2011-03-11,19.30,19.38,19.19,19.37,10000,19.14
2011-03-10,19.42,20.20,19.34,19.37,25300,19.14
2011-03-09,19.72,19.72,19.62,19.70,11700,19.46
2011-03-08,19.67,19.73,19.62,19.72,8400,19.48
2011-03-07,19.82,19.82,19.60,19.64,20800,19.40
2011-03-04,19.89,19.89,19.65,19.78,32500,19.54
2011-03-03,19.84,19.88,19.81,19.85,16500,19.61
2011-03-02,19.66,19.69,19.59,19.68,123000,19.44
2011-03-01,19.95,19.95,19.57,19.64,39400,19.40
2011-02-28,19.82,19.84,19.70,19.79,15400,19.55
2011-02-25,19.55,19.63,19.51,19.60,15500,19.36
2011-02-24,19.36,19.49,19.34,19.37,21800,19.14
2011-02-23,19.47,19.57,19.28,19.46,129600,19.22
2011-02-22,19.50,19.65,19.37,19.38,18500,19.15
2011-02-18,19.82,19.86,19.78,19.78,8500,19.54
2011-02-17,19.70,19.83,19.70,19.81,7400,19.57
2011-02-16,19.57,19.74,19.57,19.74,16600,19.50
2011-02-15,19.63,19.63,19.46,19.51,16300,19.27
2011-02-14,19.56,19.62,19.49,19.60,13500,19.36
2011-02-11,19.40,20.00,19.36,19.60,18300,19.36
2011-02-10,19.50,19.59,19.45,19.50,19700,19.26
2011-02-09,19.71,19.73,19.61,19.68,28200,19.44
2011-02-08,19.72,19.79,19.70,19.77,13200,19.53
2011-02-07,19.85,19.85,19.71,19.75,18700,19.51
2011-02-04,19.76,19.76,19.63,19.75,15000,19.51
2011-02-03,19.72,19.77,19.62,19.76,16700,19.52
2011-02-02,19.77,19.83,19.75,19.78,12300,19.54
2011-02-01,19.62,19.83,19.62,19.78,12100,19.54
2011-01-31,19.36,19.56,19.36,19.46,40100,19.22
2011-01-28,19.65,19.65,19.32,19.33,21900,19.10
2011-01-27,19.74,19.82,19.63,19.70,9700,19.46
2011-01-26,19.64,19.69,19.62,19.69,7500,19.45
2011-01-25,19.56,19.56,19.42,19.56,20800,19.32
2011-01-24,19.60,19.69,19.58,19.67,8500,19.43
2011-01-21,19.64,19.67,19.50,19.56,14900,19.32
2011-01-20,19.47,19.47,19.29,19.46,22300,19.22
2011-01-19,19.74,19.74,19.50,19.57,48200,19.33
2011-01-18,19.67,19.71,19.62,19.68,17400,19.44
2011-01-14,19.50,19.60,19.45,19.60,18400,19.36
2011-01-13,19.54,19.56,19.43,19.47,21600,19.23
2011-01-12,19.32,19.45,19.25,19.44,9100,19.21
2011-01-11,19.08,19.11,18.97,19.11,38600,18.88
2011-01-10,18.95,19.00,18.87,19.00,24000,18.77
2011-01-07,19.23,19.23,18.95,19.05,26200,18.82
2011-01-06,19.34,19.34,19.10,19.19,43500,18.96
2011-01-05,19.16,19.28,19.12,19.23,49900,19.00
2011-01-04,19.41,19.42,19.16,19.32,45700,19.09
2011-01-03,19.39,19.40,19.36,19.40,13900,19.17
2010-12-31,19.17,19.26,19.16,19.24,8700,19.01
2010-12-30,19.15,19.23,19.10,19.16,26300,18.93
2010-12-29,19.14,19.21,19.12,19.19,71800,18.96
2010-12-28,19.08,19.08,18.94,19.01,3900,18.78
2010-12-27,18.96,19.02,18.91,19.02,7400,18.79
2010-12-23,19.23,19.25,19.15,19.22,14200,18.80
2010-12-22,19.22,19.23,19.21,19.23,10000,18.81
2010-12-21,19.23,19.23,19.15,19.20,13300,18.78
2010-12-20,19.00,19.08,18.97,18.99,24500,18.58
2010-12-17,19.05,19.05,18.97,19.03,18300,18.62
2010-12-16,19.04,19.08,18.91,19.08,8200,18.67
2010-12-15,19.07,19.13,18.94,18.94,12900,18.53
2010-12-14,19.20,19.26,19.13,19.19,15700,18.77
2010-12-13,19.09,19.25,19.08,19.21,6800,18.79
2010-12-10,19.02,19.08,18.97,19.06,33200,18.65
2010-12-09,19.12,19.12,18.90,19.02,8900,18.61
2010-12-08,19.06,19.11,18.94,19.03,22400,18.62
2010-12-07,19.17,19.28,19.01,19.02,11500,18.61
2010-12-06,19.00,19.03,18.90,19.00,15500,18.59
2010-12-03,18.99,19.12,18.95,19.12,13300,18.71
2010-12-02,18.70,18.99,18.70,18.98,7900,18.57
2010-12-01,18.73,18.73,18.56,18.59,222700,18.19
2010-11-30,18.15,18.43,18.15,18.33,31800,17.93
2010-11-29,18.48,18.57,18.35,18.57,32500,18.17
2010-11-26,18.62,18.75,18.58,18.69,36900,18.29
2010-11-24,18.86,18.92,18.82,18.90,11600,18.49
2010-11-23,18.82,18.86,18.64,18.71,31700,18.31
2010-11-22,19.12,19.20,18.94,19.18,29400,18.76
2010-11-19,19.08,19.28,19.01,19.28,43800,18.86
2010-11-18,19.17,19.23,19.13,19.21,7700,18.79
2010-11-17,18.77,18.87,18.73,18.85,38000,18.44
2010-11-16,19.03,19.03,18.58,18.73,29200,18.32
2010-11-15,19.31,19.31,19.14,19.14,12600,18.73
2010-11-12,19.30,19.41,19.13,19.20,26700,18.78
2010-11-11,19.42,19.42,19.34,19.37,4600,18.95
2010-11-10,19.45,19.60,19.33,19.59,21300,19.17
2010-11-09,19.74,19.76,19.46,19.46,15300,19.04
2010-11-08,19.65,19.68,19.59,19.67,11700,19.24
2010-11-05,19.78,19.78,19.70,19.78,22200,19.35
2010-11-04,19.78,19.86,19.75,19.86,22700,19.43
2010-11-03,19.42,19.50,19.28,19.50,10900,19.08
2010-11-02,19.43,19.44,19.35,19.42,5000,19.00
2010-11-01,19.28,19.28,19.06,19.18,32400,18.76
2010-10-29,19.08,19.18,19.08,19.18,20900,18.76
2010-10-28,19.08,19.15,19.03,19.11,10500,18.70
2010-10-27,19.00,19.01,18.82,18.95,37300,18.54
2010-10-26,19.04,19.13,19.02,19.13,26500,18.72
2010-10-25,19.26,19.29,19.15,19.17,20100,18.76
2010-10-22,19.19,19.21,19.04,19.04,49500,18.63
2010-10-21,19.16,19.29,19.00,19.10,30900,18.69
2010-10-20,19.04,19.16,19.01,19.15,7100,18.74
2010-10-19,18.90,19.03,18.75,18.79,49700,18.38
2010-10-18,19.09,19.25,19.09,19.20,58600,18.78
2010-10-15,19.29,19.29,19.10,19.18,24400,18.76
2010-10-14,19.26,19.28,19.17,19.24,14700,18.82
2010-10-13,19.00,19.66,19.00,19.16,38000,18.75
2010-10-12,18.80,18.84,18.70,18.84,4800,18.43
2010-10-11,18.92,18.93,18.84,18.85,8500,18.44
2010-10-08,18.79,18.94,18.75,18.93,24600,18.52
2010-10-07,18.96,18.96,18.68,18.76,6200,18.35
2010-10-06,18.78,18.83,18.74,18.81,75600,18.40
2010-10-05,18.54,18.78,18.50,18.73,28700,18.32
2010-10-04,18.41,18.43,18.22,18.32,34600,17.92
2010-10-01,18.43,18.47,18.32,18.46,12300,18.06
2010-09-30,18.24,18.41,18.14,18.28,29100,17.88
2010-09-29,18.24,18.35,18.17,18.28,28000,17.88
2010-09-28,18.16,18.29,18.02,18.27,62500,17.87
2010-09-27,18.19,18.22,18.05,18.16,16600,17.77
2010-09-24,18.05,18.31,18.01,18.23,36800,17.84
2010-09-23,17.94,18.08,17.90,17.93,26100,17.37
2010-09-22,18.16,18.17,18.05,18.13,43700,17.56
2010-09-21,18.15,18.15,18.01,18.11,7600,17.54
2010-09-20,18.03,18.13,17.96,18.13,6000,17.56
2010-09-17,17.89,17.91,17.84,17.88,16100,17.32
2010-09-16,17.88,17.97,17.88,17.97,46100,17.41
2010-09-15,17.75,17.94,17.75,17.94,3900,17.38
2010-09-14,17.87,18.03,17.87,17.94,7100,17.38
2010-09-13,17.86,17.87,17.79,17.87,8200,17.31
2010-09-10,17.53,17.62,17.53,17.62,1600,17.07
2010-09-09,17.58,17.58,17.41,17.53,9100,16.98
2010-09-08,17.30,17.51,17.30,17.42,6700,16.88
2010-09-07,17.44,17.44,17.28,17.31,1611700,16.77
2010-09-03,17.58,17.58,17.48,17.48,3300,16.93
2010-09-02,17.34,17.34,17.30,17.30,1300,16.76
2010-09-01,17.27,17.31,17.19,17.20,6500,16.66
2010-08-31,16.85,16.90,16.83,16.83,1900,16.30
2010-08-30,16.91,16.91,16.75,16.75,11500,16.23
2010-08-27,16.74,16.86,16.73,16.84,1300,16.31
2010-08-26,16.83,16.83,16.57,16.68,8000,16.16
2010-08-25,16.46,16.65,16.46,16.65,1000,16.13
2010-08-24,16.47,18.06,16.13,16.57,24100,16.05
2010-08-23,16.99,17.01,16.87,16.87,1500,16.34
2010-08-20,16.91,16.98,16.91,16.98,5900,16.45
2010-08-19,17.25,17.25,17.00,17.00,2700,16.47
2010-08-18,17.17,17.37,17.16,17.33,27400,16.79
2010-08-17,17.20,17.33,17.19,17.31,9300,16.77
2010-08-16,17.08,17.12,16.91,17.10,4900,16.57
2010-08-13,17.03,17.08,16.95,17.00,11300,16.47
2010-08-12,17.01,17.01,16.92,16.98,9000,16.45
2010-08-11,17.22,17.22,16.96,17.08,12100,16.55
2010-08-10,17.59,17.59,17.39,17.48,1000,16.93
2010-08-09,17.71,17.81,17.71,17.80,2700,17.24
2010-08-06,17.48,17.67,17.48,17.59,1200,17.04
2010-08-05,17.70,17.73,17.62,17.72,7800,17.17
2010-08-04,17.59,17.72,17.59,17.72,2100,17.17
2010-08-03,17.68,17.68,17.55,17.64,9500,17.09
2010-08-02,17.60,17.65,17.59,17.65,1300,17.10
2010-07-30,17.17,17.23,17.17,17.23,1400,16.69
2010-07-29,17.41,17.41,17.14,17.24,6600,16.70
2010-07-28,17.24,17.24,17.11,17.16,9500,16.62
2010-07-27,17.24,17.24,17.24,17.24,600,16.70
2010-07-26,17.19,17.35,17.10,17.35,50500,16.81
2010-07-23,17.08,17.23,17.06,17.23,22700,16.69
2010-07-22,16.98,17.05,16.95,16.95,2800,16.42
2010-07-21,16.77,16.79,16.62,16.63,8800,16.11
2010-07-20,16.57,16.58,16.57,16.58,1900,16.06
2010-07-19,16.63,16.65,16.60,16.63,4300,16.11
2010-07-16,16.93,16.93,16.50,16.59,9300,16.07
2010-07-15,16.79,16.98,16.79,16.98,1600,16.45
2010-07-14,16.75,16.92,16.75,16.92,3100,16.39
2010-07-13,16.73,16.90,16.70,16.80,34100,16.28
2010-07-12,16.58,16.58,16.47,16.53,1400,16.01
2010-07-09,16.59,16.69,16.50,16.67,3700,16.15
2010-07-08,16.39,16.39,16.39,16.39,000,15.88
2010-07-07,16.27,16.39,16.22,16.39,8300,15.88
2010-07-06,16.08,16.20,15.95,15.95,20400,15.45
2010-07-02,15.84,15.88,15.73,15.88,5000,15.38
2010-07-01,15.89,15.89,15.51,15.63,3200,15.14
2010-06-30,15.84,16.00,15.74,15.75,11600,15.26
2010-06-29,16.10,16.25,15.78,15.86,5900,15.36
2010-06-28,16.24,16.38,16.24,16.38,600,15.87
2010-06-25,16.27,16.42,16.27,16.34,1100,15.83
2010-06-24,16.77,16.80,16.23,16.36,21600,15.85
2010-06-23,16.61,16.75,16.61,16.74,2000,16.02
2010-06-22,16.98,16.98,16.71,16.77,5400,16.05
2010-06-21,17.16,17.17,16.98,17.11,3400,16.38
2010-06-18,16.82,16.82,16.81,16.81,4200,16.09
2010-06-17,16.95,16.95,16.80,16.80,1200,16.08
2010-06-16,17.26,17.26,16.76,16.80,6300,16.08
2010-06-15,16.65,16.80,16.65,16.80,4800,16.08
2010-06-14,16.44,16.74,16.44,16.45,7200,15.74
2010-06-11,16.10,16.31,16.10,16.28,18600,15.58
2010-06-10,16.13,16.25,15.82,16.25,6300,15.55
2010-06-09,15.77,15.94,15.74,15.74,11300,15.07
2010-06-08,15.19,15.73,15.19,15.57,8800,14.90
2010-06-07,15.70,15.70,15.53,15.53,3600,14.86
2010-06-04,15.99,15.99,15.70,15.70,6400,15.03
2010-06-03,16.39,16.42,16.21,16.34,20700,15.64
2010-06-02,16.01,16.21,16.00,16.01,4600,15.32
2010-06-01,16.20,16.20,15.76,15.78,5500,15.10
2010-05-28,16.17,16.46,15.84,16.09,17100,15.40
2010-05-27,16.15,16.28,16.15,16.21,5200,15.52
2010-05-26,15.59,15.80,15.43,15.49,157000,14.83
2010-05-25,15.23,15.56,15.23,15.56,25100,14.89
2010-05-24,15.76,15.86,15.71,15.74,1800,15.07
2010-05-21,15.36,15.89,15.36,15.75,18700,15.07
2010-05-20,15.83,15.83,15.49,15.71,5900,15.04
2010-05-19,16.06,16.19,15.92,16.17,14700,15.48
2010-05-18,16.56,16.56,16.07,16.11,30500,15.42
2010-05-17,16.50,16.50,16.25,16.29,2800,15.59
2010-05-14,16.80,16.80,16.47,16.47,11200,15.76
2010-05-13,17.12,17.12,16.92,16.97,9600,16.24
2010-05-12,17.18,17.19,16.99,17.15,15400,16.41
2010-05-11,16.69,16.99,16.69,16.79,18300,16.07
2010-05-10,16.99,17.00,16.25,16.82,105500,16.10
2010-05-07,16.19,16.46,15.07,16.00,31500,15.31
2010-05-06,16.82,17.39,14.64,15.86,29500,15.18
2010-05-05,17.02,17.06,16.62,16.90,17800,16.18
2010-05-04,17.69,17.69,17.15,17.32,19600,16.58
2010-05-03,17.97,18.02,17.93,17.96,5900,17.19
2010-04-30,18.12,18.14,17.95,17.95,13900,17.18
2010-04-29,17.93,18.00,17.93,17.95,4400,17.18
2010-04-28,17.81,17.91,17.50,17.80,4400,17.04
2010-04-27,18.20,18.20,17.79,17.79,12300,17.03
2010-04-26,18.36,18.46,18.35,18.39,6600,17.60
2010-04-23,18.14,18.28,18.14,18.28,5300,17.50
2010-04-22,18.02,18.26,18.01,18.26,3800,17.48
2010-04-21,18.18,18.25,18.18,18.25,4000,17.47
2010-04-20,18.22,18.26,18.22,18.26,5400,17.48
2010-04-19,18.05,18.15,17.97,18.15,30900,17.37
2010-04-16,18.38,18.39,18.14,18.24,9700,17.46
2010-04-15,18.49,18.53,18.43,18.53,7400,17.74
2010-04-14,18.50,18.55,18.47,18.51,16800,17.72
2010-04-13,18.31,18.39,18.27,18.38,13600,17.59
2010-04-12,18.41,18.41,18.35,18.37,13400,17.58
2010-04-09,18.27,18.34,18.25,18.30,18700,17.52
2010-04-08,17.99,18.16,17.88,18.16,37800,17.38
2010-04-07,18.21,18.25,18.14,18.14,117000,17.36
2010-04-06,18.18,18.31,18.03,18.31,16400,17.52
2010-04-05,18.13,18.32,18.13,18.30,5300,17.52
2010-04-01,18.03,18.17,18.00,18.07,8600,17.30
2010-03-31,17.83,17.94,17.83,17.91,5600,17.14
2010-03-30,17.88,17.89,17.82,17.89,11100,17.12
2010-03-29,17.77,17.85,17.76,17.85,4300,17.08
2010-03-26,17.74,17.76,17.67,17.71,21100,16.95
2010-03-25,17.89,17.94,17.60,17.64,119100,16.88
2010-03-24,17.83,17.88,17.79,17.83,8800,16.89
2010-03-23,17.98,18.08,17.98,18.08,11200,17.13
2010-03-22,17.93,17.98,17.93,17.98,500,17.03
2010-03-19,17.97,18.05,17.86,17.95,27700,17.00
2010-03-18,18.10,18.22,18.05,18.05,14200,17.10
2010-03-17,18.21,18.21,18.02,18.04,13600,17.09
2010-03-16,17.97,18.13,17.97,18.13,9100,17.17
2010-03-15,17.92,18.00,17.84,17.95,22300,17.00
2010-03-12,18.07,18.12,18.00,18.08,17300,17.13
2010-03-11,17.85,18.01,17.85,18.01,4900,17.06
2010-03-10,17.87,17.95,17.84,17.91,25900,16.96
2010-03-09,17.71,17.86,17.67,17.81,8100,16.87
2010-03-08,17.88,17.88,17.77,17.82,16100,16.88
2010-03-05,17.69,17.84,17.69,17.84,39600,16.90
2010-03-04,17.52,17.57,17.41,17.57,1625300,16.64
2010-03-03,17.61,17.67,17.60,17.60,7600,16.67
2010-03-02,17.44,17.49,17.44,17.48,15000,16.56
2010-03-01,17.41,17.41,17.30,17.37,16400,16.45
2010-02-26,17.03,17.23,16.98,17.15,13500,16.24
2010-02-25,16.83,17.10,16.83,17.10,24300,16.20
2010-02-24,17.13,17.16,17.06,17.15,12400,16.24
2010-02-23,17.20,17.20,17.00,17.09,13100,16.19
2010-02-22,17.20,17.39,17.14,17.18,42200,16.27
2010-02-19,17.17,17.28,17.17,17.27,10800,16.36
2010-02-18,17.10,17.25,17.10,17.25,6300,16.34
2010-02-17,17.29,17.29,17.15,17.20,9400,16.29
2010-02-16,16.87,17.17,16.87,17.17,6200,16.26
2010-02-12,16.55,16.90,16.55,16.90,19300,16.01
2010-02-11,16.71,16.80,16.71,16.80,1700,15.91
2010-02-10,16.81,16.83,16.57,16.77,12100,15.88
2010-02-09,16.52,16.95,16.52,16.90,13500,16.01
2010-02-08,16.35,16.67,16.35,16.40,48300,15.53
2010-02-05,16.65,16.80,16.08,16.40,102900,15.53
2010-02-04,17.17,17.17,16.74,16.80,20200,15.91
2010-02-03,17.45,17.45,17.15,17.22,73800,16.31
2010-02-02,17.36,17.48,17.24,17.45,124000,16.53
2010-02-01,17.08,17.35,17.00,17.28,30000,16.37
2010-01-29,17.27,17.31,16.80,16.95,29200,16.05
2010-01-28,17.67,17.67,17.07,17.24,11900,16.33
2010-01-27,17.28,17.47,17.16,17.37,67800,16.45
2010-01-26,17.52,17.60,17.40,17.40,139200,16.48
2010-01-25,17.74,17.74,17.51,17.54,36000,16.61
2010-01-22,17.73,17.79,17.39,17.49,252000,16.57
2010-01-21,18.07,18.07,17.64,17.69,22800,16.76
2010-01-20,18.15,18.50,17.95,18.06,230200,17.11
2010-01-19,18.28,18.50,18.22,18.50,18200,17.52
2010-01-15,18.42,18.42,18.14,18.22,16600,17.26
2010-01-14,18.42,18.49,18.38,18.42,33900,17.45
2010-01-13,18.43,18.44,18.26,18.37,10700,17.40
2010-01-12,18.30,18.50,18.07,18.14,10200,17.18
2010-01-11,18.41,18.62,18.35,18.53,20200,17.55
2010-01-08,18.35,18.41,18.29,18.40,132500,17.43
2010-01-07,18.35,18.35,18.10,18.24,27400,17.28
2010-01-06,18.40,18.49,18.31,18.40,255200,17.43
2010-01-05,18.37,18.49,18.26,18.43,119000,17.46
2010-01-04,18.04,18.41,18.04,18.35,22200,17.38
2009-12-31,17.89,18.09,17.79,17.90,11200,16.95
2009-12-30,17.89,17.96,17.78,17.96,9400,17.01
2009-12-29,18.11,18.11,17.92,18.02,6800,17.07
2009-12-28,17.88,17.92,17.75,17.91,9700,16.96
2009-12-24,17.98,17.98,16.69,17.66,56800,16.73
2009-12-23,18.34,18.36,17.92,18.12,118300,17.01
2009-12-22,17.83,18.12,17.83,18.02,10800,16.91
2009-12-21,17.80,17.95,17.77,17.91,16800,16.81
2009-12-18,17.75,18.27,17.64,17.74,20200,16.65
2009-12-17,17.79,17.92,17.54,17.68,31800,16.59
2009-12-16,17.76,18.27,17.76,18.04,216300,16.93
2009-12-15,17.78,18.01,17.78,17.93,132300,16.83
2009-12-14,17.93,18.09,17.85,18.03,11100,16.92
2009-12-11,17.76,17.92,17.73,17.88,20200,16.78
2009-12-10,18.33,18.33,17.66,17.77,46900,16.68
2009-12-09,17.66,17.80,17.53,17.60,55600,16.52
2009-12-08,17.98,18.41,17.36,17.56,10900,16.48
2009-12-07,18.01,18.07,17.86,17.96,3600,16.86
2009-12-04,18.12,18.24,17.95,17.95,13500,16.85
2009-12-03,18.19,18.30,17.91,18.00,18200,16.89
2009-12-02,18.14,18.16,18.00,18.08,10400,16.97
2009-12-01,17.81,18.16,17.80,18.09,132700,16.98
2009-11-30,18.75,18.97,17.56,17.72,19900,16.63
2009-11-27,17.41,17.76,17.40,17.72,15900,16.63
2009-11-25,17.97,18.16,17.80,18.05,8600,16.94
2009-11-24,17.83,18.70,17.72,18.00,16600,16.89
2009-11-23,17.89,17.96,17.81,17.93,12900,16.83
2009-11-20,17.44,17.72,17.42,17.72,19000,16.63
2009-11-19,17.74,17.76,17.44,17.72,15900,16.63
2009-11-18,17.96,18.02,17.81,17.96,17500,16.86
2009-11-17,17.81,18.02,17.77,18.02,105600,16.91
2009-11-16,17.78,18.00,17.78,17.93,12400,16.83
2009-11-13,17.60,17.70,17.46,17.63,7300,16.55
2009-11-12,17.76,17.76,17.48,17.48,6800,16.41
2009-11-11,17.85,18.01,17.70,17.70,15100,16.61
2009-11-10,17.67,17.95,17.44,17.80,16200,16.71
2009-11-09,17.67,17.78,17.50,17.75,5100,16.66
2009-11-06,17.30,17.43,17.20,17.43,13200,16.36
2009-11-05,17.29,17.34,17.27,17.34,4100,16.27
2009-11-04,18.42,18.42,16.95,17.05,15500,16.00
2009-11-03,16.69,16.95,16.69,16.94,55800,15.90
2009-11-02,16.68,16.91,16.50,16.60,5600,15.58
2009-10-30,17.26,17.27,16.60,16.83,12900,15.80
2009-10-29,17.10,17.45,17.00,17.38,5600,16.31
2009-10-28,17.28,17.88,16.81,16.84,12800,15.80
2009-10-27,17.32,17.44,17.05,17.33,10500,16.26
2009-10-26,17.72,17.95,17.38,17.39,23000,16.32
2009-10-23,17.93,17.93,17.68,17.72,15600,16.63
2009-10-22,17.60,18.14,17.48,17.99,16800,16.88
2009-10-21,17.94,17.94,17.55,17.69,98700,16.60
2009-10-20,18.00,18.00,17.50,17.68,21700,16.59
2009-10-19,18.10,18.10,17.62,18.01,22600,16.90
2009-10-16,17.58,17.97,17.58,17.80,18900,16.71
2009-10-15,17.66,17.96,17.50,17.70,27400,16.61
2009-10-14,17.78,17.87,17.65,17.65,5300,16.56
2009-10-13,17.45,17.57,17.19,17.57,2900,16.49
2009-10-12,17.53,17.56,17.46,17.46,2900,16.39
2009-10-09,17.47,17.91,17.05,17.25,14000,16.19
2009-10-08,17.40,17.45,17.24,17.45,3700,16.38
2009-10-07,16.90,17.11,16.84,16.84,3300,15.80
2009-10-06,16.69,17.13,16.69,16.84,8600,15.80
2009-10-05,16.60,17.05,16.60,16.77,5500,15.74
2009-10-02,16.50,16.59,16.26,16.43,8300,15.42
2009-10-01,17.14,17.16,16.50,16.50,5700,15.49
2009-09-30,17.05,17.24,16.76,16.99,8500,15.95
2009-09-29,17.28,17.28,16.65,17.05,12500,16.00
2009-09-28,17.03,17.30,16.87,16.87,3800,15.83
2009-09-25,17.04,17.12,16.65,16.66,4600,15.64
2009-09-24,17.50,17.90,16.75,16.88,7000,15.84
2009-09-23,17.55,17.67,17.20,17.21,5100,16.02
2009-09-22,17.53,17.57,17.23,17.26,9800,16.07
2009-09-21,16.89,17.40,16.75,17.30,10300,16.11
2009-09-18,17.15,17.21,17.15,17.21,1300,16.02
2009-09-17,17.39,17.50,17.07,17.37,7100,16.17
2009-09-16,17.32,17.58,17.17,17.53,5400,16.32
2009-09-15,16.99,16.99,16.83,16.89,1600,15.72
2009-09-14,16.99,16.99,16.90,16.92,6500,15.75
2009-09-11,17.02,17.02,16.80,17.01,3500,15.84
2009-09-10,16.83,17.00,16.79,17.00,5200,15.83
2009-09-09,16.46,16.46,16.46,16.46,600,15.32
2009-09-08,16.66,16.66,16.46,16.58,3800,15.44
2009-09-04,15.77,16.23,15.77,16.07,2200,14.96
2009-09-03,15.93,15.93,15.65,15.88,2400,14.78
2009-09-02,15.84,15.84,15.50,15.77,2100,14.68
2009-09-01,16.22,16.31,15.68,15.94,74100,14.84
2009-08-31,16.08,16.25,16.00,16.12,2400,15.01
2009-08-28,16.58,16.58,16.20,16.46,5500,15.32
2009-08-27,16.39,16.47,16.06,16.45,6900,15.31
2009-08-26,16.38,16.39,16.09,16.39,3300,15.26
2009-08-25,16.13,16.62,16.13,16.50,4600,15.36
2009-08-24,16.28,16.49,15.98,15.98,1700,14.88
2009-08-21,15.71,16.31,15.71,16.07,4000,14.96
2009-08-20,15.44,15.83,15.44,15.56,9400,14.49
2009-08-19,15.18,15.52,15.18,15.50,3600,14.43
2009-08-18,15.48,15.58,15.43,15.58,5800,14.50
2009-08-17,15.39,15.62,15.01,15.54,20700,14.47
2009-08-14,16.00,16.00,15.64,15.84,71700,14.75
2009-08-13,15.99,15.99,15.83,15.99,4300,14.89
2009-08-12,15.76,15.85,15.27,15.75,10200,14.66
2009-08-11,15.84,15.84,15.43,15.62,8900,14.54
2009-08-10,15.92,15.92,15.67,15.83,5600,14.74
2009-08-07,15.90,15.93,15.77,15.91,7100,14.81
2009-08-06,15.99,15.99,15.55,15.78,3400,14.69
2009-08-05,15.87,15.89,15.56,15.82,6400,14.73
2009-08-04,15.89,15.89,15.84,15.84,700,14.75
2009-08-03,15.95,15.97,15.56,15.68,2700,14.60
2009-07-31,15.25,15.56,15.16,15.26,3400,14.21
2009-07-30,15.28,15.40,15.00,15.00,14000,13.96
2009-07-29,14.96,14.96,14.53,14.82,2800,13.80
2009-07-28,15.08,15.10,14.90,15.08,4500,14.04
2009-07-27,15.27,15.27,14.77,15.15,10200,14.10
2009-07-24,14.92,15.12,14.69,14.84,11000,13.82
2009-07-23,14.97,15.11,14.60,15.11,10100,14.07
2009-07-22,14.28,14.70,14.12,14.45,13300,13.45
2009-07-21,14.70,14.92,14.31,14.46,21900,13.46
2009-07-20,14.40,14.84,14.38,14.72,14800,13.70
2009-07-17,13.92,14.40,13.92,14.33,12000,13.34
2009-07-16,14.18,14.40,13.87,14.34,11700,13.35
2009-07-15,13.80,14.24,13.75,14.24,11100,13.26
2009-07-14,13.83,13.91,13.47,13.47,5100,12.54
2009-07-13,13.24,13.52,13.16,13.33,3300,12.41
2009-07-10,13.46,13.46,13.02,13.35,6100,12.43
2009-07-09,13.26,13.64,13.25,13.61,205000,12.67
2009-07-08,13.28,13.33,13.06,13.33,1100,12.41
2009-07-07,14.65,14.65,13.61,13.62,45800,12.68
2009-07-06,13.56,13.77,13.06,13.77,2300,12.82
2009-07-02,13.83,13.98,13.60,13.92,563400,12.96
2009-07-01,14.36,14.36,14.34,14.34,900,13.35
2009-06-30,13.92,14.10,13.78,14.09,7000,13.12
2009-06-29,14.22,14.33,14.00,14.00,2200,13.03
2009-06-26,14.14,14.19,14.12,14.19,2400,13.21
2009-06-25,13.62,14.10,13.62,14.10,1800,13.13
2009-06-24,13.73,14.08,13.64,13.80,5300,12.85
2009-06-23,13.64,13.77,13.57,13.75,1900,12.67
2009-06-22,13.90,13.91,13.46,13.50,7700,12.44
2009-06-19,14.20,14.31,14.18,14.21,3000,13.10
2009-06-18,14.04,14.24,14.04,14.14,3300,13.03
2009-06-17,14.03,14.13,13.90,14.13,4000,13.02
2009-06-16,14.40,14.44,14.22,14.25,5100,13.13
2009-06-15,14.70,14.70,14.32,14.43,7800,13.30
2009-06-12,14.83,14.92,14.74,14.89,14500,13.72
2009-06-11,15.18,15.18,15.17,15.17,2000,13.98
2009-06-10,14.84,14.84,14.76,14.82,5000,13.66
2009-06-09,14.59,14.72,14.55,14.62,68300,13.48
2009-06-08,14.50,14.58,14.25,14.58,4200,13.44
2009-06-05,14.81,14.81,14.57,14.62,2300,13.48
2009-06-04,14.35,14.78,14.35,14.78,5900,13.62
2009-06-03,14.73,14.73,14.31,14.31,4900,13.19
2009-06-02,14.97,15.06,14.84,14.98,8000,13.81
2009-06-01,14.74,15.21,14.74,15.05,7400,13.87
2009-05-29,14.41,14.44,14.27,14.44,7300,13.31
2009-05-28,14.08,14.29,14.07,14.15,5500,13.04
2009-05-27,14.11,14.28,14.01,14.03,8500,12.93
2009-05-26,13.92,14.26,13.75,14.21,5600,13.10
2009-05-22,14.04,14.13,14.04,14.12,3500,13.01
2009-05-21,13.84,13.99,13.72,13.89,63400,12.80
2009-05-20,14.07,14.15,13.88,13.92,5100,12.83
2009-05-19,13.71,13.90,13.68,13.89,58800,12.80
2009-05-18,13.10,13.32,13.10,13.32,1200,12.28
2009-05-15,13.27,13.31,13.10,13.12,2900,12.09
2009-05-14,12.89,13.27,12.29,13.27,8700,12.23
2009-05-13,13.39,13.39,12.95,13.05,8000,12.03
2009-05-12,13.51,13.66,13.50,13.66,6500,12.59
2009-05-11,13.79,13.79,13.57,13.74,2100,12.66
2009-05-08,13.66,13.87,13.66,13.87,1700,12.78
2009-05-07,13.76,13.82,13.38,13.38,3800,12.33
2009-05-06,13.22,13.54,13.22,13.47,5000,12.42
2009-05-05,13.14,13.14,13.08,13.14,2600,12.11
2009-05-04,12.69,13.09,12.69,13.09,4100,12.07
2009-05-01,12.42,12.47,12.42,12.47,800,11.49
2009-04-30,12.42,12.51,12.19,12.34,3900,11.37
2009-04-29,12.06,12.15,12.06,12.08,1400,11.13
2009-04-28,11.80,11.91,11.71,11.86,5100,10.93
2009-04-27,12.01,12.10,11.91,11.92,2800,10.99
2009-04-24,12.11,12.26,12.11,12.22,2300,11.26
2009-04-23,11.60,11.96,11.60,11.95,4500,11.01
2009-04-22,11.72,11.78,11.60,11.60,4400,10.69
2009-04-21,11.29,11.63,11.29,11.61,19400,10.70
2009-04-20,11.72,11.72,11.38,11.47,48300,10.57
2009-04-17,11.96,12.08,11.96,12.08,900,11.13
2009-04-16,11.98,11.98,11.81,11.88,7300,10.95
2009-04-15,11.74,11.89,11.62,11.81,3700,10.89
2009-04-14,11.88,11.97,11.64,11.64,6400,10.73
2009-04-13,11.74,11.96,11.62,11.93,9200,11.00
2009-04-09,11.60,11.69,11.49,11.53,4700,10.63
2009-04-08,11.26,11.37,11.15,11.15,2900,10.28
2009-04-07,11.26,11.26,11.15,11.15,500,10.28
2009-04-06,11.45,11.45,11.30,11.30,1900,10.42
2009-04-03,11.52,11.52,11.27,11.45,2800,10.55
2009-04-02,11.00,11.50,11.00,11.48,11200,10.58
2009-04-01,10.49,10.87,10.34,10.84,9900,9.99
2009-03-31,10.45,10.56,10.45,10.56,2100,9.73
2009-03-30,10.40,10.40,9.97,10.16,8700,9.36
2009-03-27,10.86,10.86,10.66,10.72,42900,9.88
2009-03-26,10.82,11.04,10.82,10.98,1800,10.12
2009-03-25,10.88,11.06,10.51,10.99,10100,10.13
2009-03-24,11.29,11.29,10.94,11.06,9700,10.02
2009-03-23,10.90,11.32,10.90,11.32,4600,10.25
2009-03-20,10.78,10.78,10.35,10.35,3400,9.37
2009-03-19,10.94,10.94,10.56,10.56,6900,9.56
2009-03-18,10.34,10.64,10.12,10.64,4200,9.64
2009-03-17,10.15,10.36,10.09,10.36,2000,9.38
2009-03-16,10.10,10.41,9.98,9.98,5900,9.04
2009-03-13,10.08,10.14,10.01,10.08,8200,9.13
2009-03-12,9.55,9.55,9.50,9.52,1000,8.62
2009-03-11,9.74,9.77,9.45,9.66,10400,8.75
2009-03-10,9.47,9.70,9.26,9.54,14300,8.64
2009-03-09,9.00,9.21,8.93,9.07,5600,8.21
2009-03-06,9.19,9.22,8.87,9.00,6500,8.15
2009-03-05,9.56,9.56,9.13,9.31,5700,8.43
2009-03-04,9.45,9.76,9.36,9.76,11000,8.84
2009-03-03,10.06,10.06,9.04,9.33,8100,8.45
2009-03-02,9.99,9.99,9.15,9.37,18900,8.49
2009-02-27,10.10,10.17,9.80,10.04,6000,9.09
2009-02-26,10.38,10.38,10.13,10.13,10400,9.17
2009-02-25,10.25,10.25,9.82,10.23,61600,9.26
2009-02-24,9.93,10.19,9.75,10.19,6900,9.23
2009-02-23,10.35,10.37,9.85,10.02,10300,9.07
2009-02-20,10.32,10.36,10.09,10.27,11300,9.30
2009-02-19,10.68,10.77,10.39,10.47,12300,9.48
2009-02-18,10.67,10.67,10.40,10.48,4900,9.49
2009-02-17,11.01,11.01,10.49,10.74,67500,9.73
2009-02-13,11.46,11.46,11.30,11.44,5200,10.36
2009-02-12,11.19,11.51,11.10,11.37,21900,10.30
2009-02-11,11.44,11.44,11.20,11.35,2900,10.28
2009-02-10,11.66,11.82,11.38,11.38,6800,10.31
2009-02-09,11.72,11.88,11.72,11.79,9200,10.68
2009-02-06,11.53,12.56,11.38,11.62,5200,10.52
2009-02-05,11.13,11.46,11.13,11.46,1800,10.38
2009-02-04,11.28,11.41,11.20,11.24,2500,10.18
2009-02-03,11.10,11.10,11.00,11.00,500,9.96
2009-02-02,10.75,10.97,10.66,10.89,4200,9.86
2009-01-30,11.35,11.43,10.92,11.15,8900,10.10
2009-01-29,11.52,11.52,11.25,11.35,44400,10.28
2009-01-28,11.30,11.95,11.30,11.72,6400,10.61
2009-01-27,11.10,11.30,11.10,11.25,2900,10.19
2009-01-26,11.38,11.47,11.00,11.35,19100,10.28
2009-01-23,10.65,11.13,10.65,11.13,2500,10.08
2009-01-22,11.10,11.22,11.00,11.19,5000,10.13
2009-01-21,11.13,11.22,11.03,11.22,2800,10.16
2009-01-20,11.21,11.23,10.93,10.93,9100,9.90
2009-01-16,11.82,11.92,11.54,11.64,5300,10.54
2009-01-15,11.48,11.54,11.29,11.54,3100,10.45
2009-01-14,11.82,11.82,11.34,11.34,5700,10.27
2009-01-13,12.07,12.08,11.84,12.06,2800,10.92
2009-01-12,12.29,12.29,11.90,11.90,2600,10.78
2009-01-09,12.84,12.84,12.37,12.59,50000,11.40
2009-01-08,12.47,12.82,12.47,12.82,3000,11.61
2009-01-07,12.94,12.94,12.68,12.68,3800,11.48
2009-01-06,12.81,13.12,12.81,13.11,6200,11.87
2009-01-05,12.71,12.83,12.55,12.79,4600,11.58
2009-01-02,12.42,12.85,12.42,12.85,11600,11.64
2008-12-31,12.22,12.49,12.14,12.48,2000,11.30
2008-12-30,12.03,12.25,12.00,12.25,6900,11.09
2008-12-29,12.00,12.38,11.82,11.96,23500,10.83
2008-12-26,12.02,12.02,12.02,12.02,100,10.89
2008-12-24,12.30,12.30,12.05,12.15,8000,11.00
2008-12-23,12.27,12.36,12.16,12.24,2400,10.84
2008-12-22,12.48,12.48,12.01,12.22,56200,10.82
2008-12-19,12.37,12.62,12.18,12.18,4200,10.79
2008-12-18,12.79,12.88,12.47,12.47,11400,11.04
2008-12-17,12.52,12.76,12.37,12.57,5000,11.13
2008-12-16,12.89,12.89,12.19,12.89,15000,11.41
2008-12-15,11.95,12.23,11.95,12.13,9000,10.74
2008-12-12,11.90,12.20,11.80,12.20,11600,10.80
2008-12-11,12.25,12.40,12.09,12.09,4000,10.71
2008-12-10,12.29,12.29,12.01,12.19,6100,10.79
2008-12-09,12.20,12.20,11.80,11.97,6600,10.60
2008-12-08,12.06,12.18,11.90,12.12,4000,10.73
2008-12-05,11.01,11.50,11.01,11.50,3700,10.18
2008-12-04,12.50,12.50,11.25,11.25,8100,9.96
2008-12-03,11.45,11.72,11.25,11.72,4500,10.38
2008-12-02,11.43,11.67,11.31,11.31,11200,10.02
2008-12-01,11.71,12.50,10.90,11.07,7500,9.80
2008-11-28,12.03,12.09,11.69,11.73,8700,10.39
2008-11-26,11.46,12.10,11.43,12.10,3200,10.71
2008-11-25,11.83,11.83,11.31,11.58,4200,10.25
2008-11-24,11.04,11.63,11.04,11.63,9100,10.30
2008-11-21,10.73,10.87,10.21,10.50,21300,9.30
2008-11-20,11.05,11.07,10.53,10.53,14700,9.32
2008-11-19,11.76,11.82,11.11,11.12,22700,9.85
2008-11-18,11.80,11.99,11.33,11.52,51400,10.20
2008-11-17,11.92,11.92,11.65,11.79,1500,10.44
2008-11-14,12.05,12.29,11.89,12.12,7400,10.73
2008-11-13,11.79,12.08,11.41,11.89,5100,10.53
2008-11-12,12.22,12.25,11.77,11.81,7600,10.46
2008-11-11,12.50,12.50,12.30,12.45,6100,11.02
2008-11-10,13.11,13.24,12.75,12.75,15600,11.29
2008-11-07,12.77,13.02,12.72,12.93,7500,11.45
2008-11-06,13.19,13.19,12.22,12.46,19600,11.03
2008-11-05,13.45,13.86,13.06,13.06,3700,11.56
2008-11-04,13.20,14.05,13.16,14.05,23600,12.44
2008-11-03,12.77,12.77,12.41,12.67,26200,11.22
2008-10-31,12.56,12.73,12.31,12.66,41500,11.21
2008-10-30,12.96,13.05,12.75,12.91,2300,11.43
2008-10-29,12.40,12.73,12.15,12.70,7400,11.25
2008-10-28,11.55,11.91,11.15,11.91,3000,10.55
2008-10-27,11.57,11.57,11.11,11.36,6900,10.06
2008-10-24,12.00,12.30,11.57,11.81,9000,10.46
2008-10-23,12.22,12.80,11.90,12.29,8800,10.88
2008-10-22,12.81,13.00,12.25,12.65,5900,11.20
2008-10-21,13.73,13.73,13.35,13.63,4200,12.07
2008-10-20,14.00,14.40,13.66,14.20,12700,12.57
2008-10-17,12.16,13.40,12.16,12.87,3900,11.40
2008-10-16,13.12,13.25,12.40,13.25,2800,11.73
2008-10-15,13.93,13.98,12.58,13.00,7600,11.51
2008-10-14,15.00,15.00,13.95,13.95,5300,12.35
2008-10-13,12.86,14.05,11.85,13.12,13600,11.62
2008-10-10,13.00,13.39,11.85,12.02,7000,10.64
2008-10-09,12.80,14.00,12.80,13.12,2600,11.62
2008-10-08,14.40,14.40,13.05,13.46,3400,11.92
2008-10-07,14.55,15.49,14.50,14.58,3500,12.91
2008-10-06,15.63,15.63,14.51,15.00,9400,13.28
2008-10-03,16.63,16.77,16.30,16.60,1500,14.70
2008-10-02,17.61,17.61,15.85,16.25,56200,14.39
2008-10-01,16.60,18.01,15.96,16.28,5400,14.42
2008-09-30,15.51,17.76,15.51,17.10,9000,15.14
2008-09-29,17.00,18.20,15.95,15.95,9600,14.12
2008-09-26,17.01,18.55,17.01,18.34,31000,16.24
2008-09-25,18.10,18.28,17.94,17.94,1400,15.89
2008-09-24,18.10,18.66,18.10,18.50,2400,16.38
2008-09-23,18.60,19.10,18.18,18.70,3000,16.35
2008-09-22,18.73,18.95,18.51,18.95,5200,16.56
2008-09-19,19.30,19.50,18.99,19.50,7000,17.05
2008-09-18,18.45,18.45,16.70,17.10,9100,14.95
2008-09-17,18.00,18.20,17.10,17.10,5200,14.95
2008-09-16,17.23,18.19,17.23,18.19,4300,15.90
2008-09-15,17.29,17.98,17.20,17.74,10800,15.51
2008-09-12,18.00,18.70,18.00,18.45,1200,16.13
2008-09-11,19.44,19.44,17.74,18.10,4900,15.82
2008-09-10,18.63,18.70,17.65,18.69,8000,16.34
2008-09-09,19.75,19.75,17.60,17.60,14100,15.38
2008-09-08,19.96,19.96,18.70,18.85,3600,16.48
2008-09-05,18.65,19.28,18.30,18.50,10200,16.17
2008-09-04,19.00,19.11,18.70,19.10,7200,16.70
2008-09-03,19.23,19.52,19.23,19.33,2800,16.90
2008-09-02,19.80,19.80,19.35,19.40,4500,16.96
2008-08-29,19.69,20.09,19.59,19.59,5000,17.12
2008-08-28,19.75,20.40,19.65,19.65,5200,17.18
2008-08-27,19.47,19.55,19.45,19.45,2800,17.00
2008-08-26,18.75,20.50,18.75,19.35,14100,16.91
2008-08-25,19.25,19.40,19.25,19.32,11300,16.89
2008-08-22,20.33,20.33,19.64,19.81,3000,17.32
2008-08-21,19.28,19.69,19.28,19.48,2200,17.03
2008-08-20,19.10,19.25,19.08,19.25,1800,16.83
2008-08-19,19.08,19.28,19.08,19.28,2100,16.85
2008-08-18,19.47,19.72,19.47,19.72,1300,17.24
2008-08-15,19.34,19.34,19.25,19.25,400,16.83
2008-08-14,18.78,18.90,17.80,18.46,2200,16.14
2008-08-13,19.44,19.44,18.68,18.68,1800,16.33
2008-08-12,19.93,19.95,19.63,19.63,2900,17.16
2008-08-11,19.25,21.43,19.25,20.81,9900,18.19
2008-08-08,19.75,20.43,19.58,20.10,3700,17.57
2008-08-07,19.50,20.50,19.50,20.20,3700,17.66
2008-08-06,20.10,20.10,19.25,19.98,1800,17.47
2008-08-05,19.68,21.16,19.68,20.18,4000,17.64
2008-08-04,19.63,20.20,19.63,19.80,3500,17.31
2008-08-01,20.51,20.51,19.80,20.27,3100,17.72
2008-07-31,19.81,21.68,19.80,21.35,5000,18.66
2008-07-30,19.82,20.15,19.82,20.15,300,17.61
2008-07-29,19.80,20.02,19.80,20.02,500,17.50
2008-07-28,21.84,21.84,19.90,19.90,5900,17.40
2008-07-25,20.10,20.76,20.10,20.76,1600,18.15
2008-07-24,21.33,21.33,20.40,20.42,2300,17.85
2008-07-23,20.36,21.50,20.36,21.17,2700,18.51
2008-07-22,19.98,20.45,19.98,20.45,600,17.88
2008-07-21,19.78,20.56,19.78,20.56,24400,17.97
2008-07-18,19.72,19.85,19.72,19.80,400,17.31
2008-07-17,19.80,19.89,19.80,19.87,1200,17.37
2008-07-16,19.54,19.80,19.33,19.40,1600,16.96
2008-07-15,19.55,19.63,19.23,19.30,4100,16.87
2008-07-14,19.88,19.88,19.63,19.64,3100,17.17
2008-07-11,19.65,19.79,19.64,19.75,7700,17.26
2008-07-10,19.86,19.90,19.29,19.72,2400,17.24
2008-07-09,20.10,20.10,19.70,19.80,800,17.31
2008-07-08,19.71,19.75,19.27,19.64,8900,17.17
2008-07-07,20.65,20.65,19.19,19.72,7300,17.24
2008-07-03,20.10,20.10,19.78,19.78,2900,17.29
2008-07-02,20.20,20.20,19.98,20.01,1300,17.49
2008-07-01,20.73,20.73,19.35,20.14,74000,17.61
2008-06-30,20.73,20.82,20.73,20.73,600,18.12
2008-06-27,20.89,20.89,20.75,20.75,2000,18.14
2008-06-26,21.10,21.10,20.65,20.81,1400,18.19
2008-06-25,21.15,21.15,20.70,21.15,1500,18.49
2008-06-24,21.99,21.99,21.00,21.00,1000,18.36
2008-06-23,21.26,21.44,20.71,21.40,5400,18.50
2008-06-20,21.67,21.67,21.44,21.50,1700,18.58
2008-06-19,21.96,21.96,21.84,21.84,4000,18.88
2008-06-18,22.10,22.10,21.95,21.98,6000,19.00
2008-06-17,22.20,22.20,22.17,22.20,1600,19.19
2008-06-16,21.99,21.99,21.98,21.98,900,19.00
2008-06-13,21.96,21.96,21.86,21.86,2500,18.89
2008-06-12,22.09,22.09,21.91,21.96,3000,18.98
2008-06-11,22.22,22.29,21.05,21.60,10800,18.67
2008-06-10,22.11,22.30,22.11,22.30,1900,19.27
2008-06-09,23.04,23.04,22.51,22.51,23000,19.46
2008-06-06,23.23,23.54,22.79,22.92,14800,19.81
2008-06-05,23.47,23.51,22.76,23.26,6300,20.10
2008-06-04,22.78,22.80,22.69,22.69,3200,19.61
2008-06-03,24.36,24.36,22.31,22.85,7700,19.75
2008-06-02,24.85,24.85,23.48,23.60,66600,20.40
2008-05-30,25.05,25.05,23.35,24.00,8100,20.74
2008-05-29,24.29,25.41,24.22,25.03,12200,21.63
2008-05-28,24.08,24.26,24.00,24.26,3800,20.97
2008-05-27,23.95,24.10,23.70,23.80,8500,20.57
2008-05-23,23.85,23.85,23.85,23.85,1100,20.61
2008-05-22,23.75,23.87,23.55,23.87,900,20.63
2008-05-21,23.90,23.90,23.57,23.65,5800,20.44
2008-05-20,24.15,24.15,23.69,23.79,140000,20.56
2008-05-19,24.33,24.33,24.23,24.23,1000,20.94
2008-05-16,24.34,24.34,23.56,23.66,5700,20.45
2008-05-15,23.47,23.47,23.47,23.47,3600,20.29
2008-05-14,23.44,23.47,23.38,23.38,5600,20.21
2008-05-13,23.28,23.28,23.13,23.20,4000,20.05
2008-05-12,23.28,23.28,23.19,23.21,1300,20.06
2008-05-09,23.00,23.03,22.97,23.03,4400,19.91
2008-05-08,23.21,23.21,23.18,23.18,1900,20.04
2008-05-07,23.35,23.35,23.20,23.20,1200,20.05
2008-05-06,23.16,23.42,23.16,23.42,13400,20.24
2008-05-05,23.98,24.07,23.10,23.20,2300,20.05
2008-05-02,23.17,23.17,23.04,23.10,800,19.97
2008-05-01,22.78,22.78,22.78,22.78,500,19.69
2008-04-30,22.70,22.76,22.66,22.76,2100,19.67
2008-04-29,22.83,22.83,22.61,22.61,1200,19.54
2008-04-28,22.95,22.95,22.77,22.83,1800,19.73
2008-04-25,22.75,22.95,22.75,22.90,15100,19.79
2008-04-24,22.63,22.71,22.24,22.65,7600,19.58
2008-04-23,22.78,22.96,22.78,22.94,5500,19.83
2008-04-22,22.87,22.97,22.87,22.97,6800,19.85
2008-04-21,23.02,23.06,23.02,23.06,1000,19.93
2008-04-18,22.55,22.82,22.55,22.82,1900,19.72
2008-04-17,22.33,22.76,22.19,22.76,1700,19.67
2008-04-16,22.65,22.69,22.65,22.69,2200,19.61
2008-04-15,22.33,22.33,22.17,22.33,1700,19.30
2008-04-14,22.22,22.37,22.22,22.37,600,19.34
2008-04-11,22.34,22.39,22.34,22.37,1300,19.34
2008-04-10,22.20,22.74,22.20,22.74,1400,19.66
2008-04-09,22.67,22.67,21.85,22.10,1700,19.10
2008-04-08,21.90,23.00,21.87,23.00,5900,19.88
2008-04-07,22.70,22.70,22.00,22.10,5900,19.10
2008-04-04,22.51,22.67,22.17,22.67,3700,19.59
2008-04-03,22.37,22.37,22.33,22.33,300,19.30
2008-04-02,22.50,22.51,21.88,21.88,4200,18.91
2008-04-01,22.39,22.39,22.39,22.39,500,19.35
2008-03-31,21.90,22.20,21.78,21.96,2900,18.98
2008-03-28,22.00,22.01,22.00,22.01,1600,19.02
2008-03-27,22.13,22.13,22.13,22.13,200,19.13
2008-03-26,22.02,22.02,22.02,22.02,100,19.03
2008-03-25,21.93,21.95,21.93,21.95,1500,18.97
2008-03-24,21.38,21.98,21.38,21.80,4000,18.63
2008-03-20,21.25,21.25,20.50,21.17,3100,18.09
2008-03-19,21.95,21.95,21.35,21.35,600,18.25
2008-03-18,21.21,21.95,21.21,21.95,400,18.76
2008-03-17,20.80,20.95,20.33,20.33,3400,17.37
2008-03-14,22.00,22.00,21.30,21.35,1900,18.25
2008-03-13,21.39,21.60,21.39,21.60,500,18.46
2008-03-12,21.70,22.00,21.65,22.00,2100,18.80
2008-03-11,21.75,21.75,21.20,21.40,3400,18.29
2008-03-10,21.35,21.40,20.10,20.95,5000,17.90
2008-03-07,21.06,21.33,20.75,21.33,1700,18.23
2008-03-06,21.80,21.85,21.55,21.55,2500,18.42
2008-03-05,21.75,22.10,21.75,22.10,3400,18.89
2008-03-04,22.00,22.00,21.79,21.82,3200,18.65
2008-03-03,22.05,22.10,21.75,21.90,33600,18.72
2008-02-29,22.25,22.25,21.77,21.77,7700,18.61
2008-02-28,22.69,22.70,22.42,22.55,3100,19.27
2008-02-27,22.54,22.71,22.54,22.70,900,19.40
2008-02-26,22.25,23.44,22.00,23.00,4200,19.66
2008-02-25,22.35,22.40,22.29,22.35,2100,19.10
2008-02-22,21.85,21.85,21.56,21.62,1700,18.48
2008-02-21,22.30,22.30,21.85,21.85,1600,18.67
2008-02-20,21.50,21.90,21.45,21.76,2100,18.60
2008-02-19,21.60,22.05,21.60,22.05,600,18.84
2008-02-15,21.65,21.90,21.60,21.90,1600,18.72
2008-02-14,22.00,22.00,21.70,21.70,1200,18.55
2008-02-13,21.39,21.95,21.39,21.95,1100,18.76
2008-02-12,22.00,22.00,21.85,21.85,600,18.67
2008-02-11,21.15,21.15,21.15,21.15,100,18.08
2008-02-08,21.50,21.55,21.25,21.35,4000,18.25
2008-02-07,21.15,21.50,20.51,21.50,5100,18.37
2008-02-06,21.50,21.50,21.00,21.15,1300,18.08
2008-02-05,21.96,21.96,21.40,21.40,9100,18.29
2008-02-04,21.95,22.29,21.90,22.20,15000,18.97
2008-02-01,22.30,22.60,22.30,22.60,4100,19.31
2008-01-31,22.20,22.55,21.70,22.55,7000,19.27
2008-01-30,21.95,23.00,21.71,21.71,3800,18.55
2008-01-29,22.05,22.40,22.05,22.40,6300,19.14
2008-01-28,22.57,22.57,21.30,22.30,3000,19.06
2008-01-25,23.64,23.64,21.50,21.50,27800,18.37
2008-01-24,21.80,22.00,21.20,21.70,25600,18.55
2008-01-23,22.06,22.06,20.55,21.50,7700,18.37
2008-01-22,22.20,23.08,22.20,23.08,700,19.72
2008-01-18,23.25,23.40,22.26,22.35,2900,19.10
2008-01-17,22.37,22.37,21.00,21.60,22900,18.46
2008-01-16,22.35,22.35,22.15,22.15,800,18.93
2008-01-15,22.50,22.85,21.05,22.10,148500,18.89
2008-01-14,22.80,23.00,22.80,23.00,4700,19.66
2008-01-11,23.00,23.00,22.95,23.00,400,19.66
2008-01-10,23.05,23.05,22.40,23.00,2600,19.66
2008-01-09,24.22,24.22,21.67,23.10,12400,19.74
2008-01-08,23.30,23.50,23.30,23.35,1500,19.96
2008-01-07,23.05,23.60,22.75,23.17,5600,19.80
2008-01-04,23.10,23.10,22.72,22.72,700,19.42
2008-01-03,22.55,23.22,22.55,22.95,14900,19.61
2008-01-02,22.75,22.75,22.60,22.60,700,19.31
2007-12-31,22.60,22.60,21.30,22.22,2600,18.99
2007-12-28,22.60,22.60,21.01,22.15,3700,18.93
2007-12-27,22.60,22.60,22.40,22.40,300,19.14
2007-12-26,22.55,22.55,22.55,22.55,100,19.27
2007-12-24,22.80,22.80,22.80,22.80,100,19.16
2007-12-21,22.50,22.50,22.50,22.50,000,18.91
2007-12-20,22.41,22.50,22.41,22.50,300,18.91
2007-12-19,22.40,22.40,21.86,21.86,4600,18.37
2007-12-18,22.00,22.35,22.00,22.35,1900,18.79
2007-12-17,22.06,22.38,21.00,21.75,6000,18.28
2007-12-14,22.85,22.85,22.85,22.85,000,19.21
2007-12-13,23.00,23.00,22.85,22.85,1300,19.21
2007-12-12,23.60,23.60,23.00,23.45,2600,19.71
2007-12-11,23.60,23.60,23.40,23.40,1700,19.67
2007-12-10,23.68,23.80,23.68,23.80,900,20.01
2007-12-07,23.57,23.66,23.31,23.64,2300,19.87
2007-12-06,23.34,23.50,23.05,23.50,2800,19.75
2007-12-05,23.33,23.33,23.33,23.33,2400,19.61
2007-12-04,23.51,23.51,23.11,23.28,5300,19.57
2007-12-03,23.40,23.40,23.33,23.33,200,19.61
2007-11-30,23.79,23.85,23.20,23.70,3900,19.92
2007-11-29,23.59,24.75,23.30,24.13,13000,20.28
2007-11-28,23.30,23.59,23.30,23.59,4000,19.83
2007-11-27,22.91,22.91,22.65,22.65,300,19.04
2007-11-26,23.25,23.25,23.08,23.08,300,19.40
2007-11-23,23.05,23.25,23.05,23.25,400,19.54
2007-11-21,23.01,23.02,22.62,22.62,3100,19.01
2007-11-20,22.96,23.18,22.95,23.10,1300,19.42
2007-11-19,23.24,23.24,21.55,21.75,4100,18.28
2007-11-16,23.46,23.46,23.35,23.45,1300,19.71
2007-11-15,23.82,23.82,23.48,23.48,900,19.74
2007-11-14,24.14,24.15,23.96,23.96,800,20.14
2007-11-13,23.75,23.75,23.75,23.75,100,19.96
2007-11-12,23.60,23.60,23.57,23.57,1200,19.81
2007-11-09,23.92,23.92,23.83,23.83,200,20.03
2007-11-08,24.30,24.30,24.30,24.30,100,20.43
2007-11-07,24.60,24.60,24.35,24.35,1300,20.47
2007-11-06,24.67,24.82,24.67,24.82,300,20.86
2007-11-05,24.60,24.60,24.55,24.55,400,20.64
2007-11-02,24.80,24.80,24.80,24.80,000,20.85
2007-11-01,24.70,24.83,24.70,24.80,500,20.85
2007-10-31,25.00,25.17,25.00,25.01,1500,21.02
2007-10-30,24.90,24.90,24.75,24.75,1600,20.80
2007-10-29,25.01,25.01,24.81,24.81,500,20.85
2007-10-26,24.73,24.80,24.73,24.80,700,20.85
2007-10-25,24.30,24.30,24.30,24.30,000,20.43
2007-10-24,24.45,24.45,24.30,24.30,300,20.43
2007-10-23,24.40,24.43,24.40,24.40,700,20.51
2007-10-22,23.90,24.22,23.90,24.22,2800,20.36
2007-10-19,24.38,24.38,24.35,24.35,300,20.47
2007-10-18,24.60,24.60,23.82,24.15,2600,20.30
2007-10-17,24.70,24.70,24.65,24.65,5400,20.72
2007-10-16,24.58,24.58,21.75,24.36,5000,20.48
2007-10-15,24.60,24.65,24.60,24.65,200,20.72
2007-10-12,24.75,24.75,24.72,24.72,300,20.78
2007-10-11,25.15,25.15,24.75,24.75,600,20.80
2007-10-10,24.65,24.68,24.65,24.68,300,20.75
2007-10-09,24.55,24.80,24.52,24.80,5100,20.85
2007-10-08,24.57,24.57,24.35,24.40,2700,20.51
2007-10-05,24.00,24.70,23.95,24.57,5600,20.65
2007-10-04,23.90,23.91,23.90,23.91,6400,20.10
2007-10-03,24.20,24.20,24.15,24.15,500,20.30
2007-10-02,24.20,24.20,24.10,24.10,1200,20.26
2007-10-01,23.93,23.93,23.93,23.93,200,20.11
2007-09-28,24.20,24.20,24.20,24.20,200,20.34
2007-09-27,24.21,25.53,24.21,24.50,16700,20.59
2007-09-26,24.18,24.22,24.18,24.18,600,20.32
2007-09-25,24.00,24.00,23.98,23.98,500,20.16
2007-09-24,24.15,24.18,24.14,24.14,1300,20.29
2007-09-21,24.09,24.09,24.09,24.09,200,20.25
2007-09-20,23.96,24.05,23.96,24.05,1400,20.22
2007-09-19,24.09,24.09,21.67,23.90,3300,20.09
2007-09-18,23.40,23.40,23.34,23.35,6100,19.63
2007-09-17,23.00,23.34,23.00,23.34,600,19.62
2007-09-14,23.45,23.45,23.45,23.45,2300,19.71
2007-09-13,23.58,23.85,23.58,23.85,2200,20.05
2007-09-12,23.40,23.40,23.40,23.40,200,19.67
2007-09-11,23.50,23.50,23.50,23.50,100,19.75
2007-09-10,23.05,23.05,22.89,22.89,700,19.24
2007-09-07,23.22,23.22,23.22,23.22,200,19.52
2007-09-06,23.55,23.62,23.55,23.62,500,19.85
2007-09-05,23.75,23.75,23.75,23.75,000,19.96
2007-09-04,23.60,23.75,23.60,23.75,1300,19.96
2007-08-31,23.80,23.80,23.80,23.80,400,20.01
2007-08-30,22.70,22.70,22.70,22.70,400,19.08
2007-08-29,23.10,23.10,23.10,23.10,100,19.42
2007-08-28,22.93,22.93,22.68,22.68,300,19.06
2007-08-27,23.50,23.50,23.50,23.50,4700,19.75
2007-08-24,22.82,22.82,22.82,22.82,000,19.18
2007-08-23,23.00,23.05,22.82,22.82,1200,19.18
2007-08-22,22.85,22.85,22.70,22.75,900,19.12
2007-08-21,22.50,22.50,22.45,22.45,300,18.87
2007-08-20,22.45,22.45,22.45,22.45,2000,18.87
2007-08-17,22.00,22.49,21.50,22.49,900,18.90
2007-08-16,23.25,23.25,23.25,23.25,000,19.54
2007-08-15,23.25,23.25,23.25,23.25,000,19.54
2007-08-14,23.25,23.25,23.25,23.25,100,19.54
2007-08-13,23.50,23.50,23.50,23.50,700,19.75
2007-08-10,23.00,23.00,23.00,23.00,200,19.33
2007-08-09,23.44,23.44,23.44,23.44,1000,19.70
2007-08-08,23.75,23.75,23.35,23.45,2700,19.71
2007-08-07,23.25,23.26,22.75,23.26,1600,19.55
2007-08-06,23.30,23.30,23.30,23.30,900,19.59
2007-08-03,23.60,23.70,23.60,23.65,1900,19.88
2007-08-02,23.70,23.70,23.70,23.70,000,19.92
2007-08-01,23.60,23.70,23.60,23.70,300,19.92
2007-07-31,24.10,24.10,24.00,24.00,3000,20.17
2007-07-30,23.90,23.92,23.90,23.92,3000,20.11
2007-07-27,23.95,23.95,23.51,23.76,1400,19.97
2007-07-26,24.00,24.05,22.90,23.75,3100,19.96
2007-07-25,25.00,25.00,24.70,24.70,1900,20.76
2007-07-24,25.49,25.55,25.35,25.35,4700,21.31
2007-07-23,25.55,25.57,25.55,25.57,200,21.49
2007-07-20,25.60,25.62,25.50,25.55,4000,21.48
2007-07-19,25.70,25.70,25.70,25.70,6000,21.60
2007-07-18,25.34,25.35,25.27,25.33,4400,21.29
2007-07-17,25.44,25.45,25.44,25.45,1900,21.39
2007-07-16,25.50,25.50,25.45,25.48,6700,21.42
2007-07-13,25.45,25.50,25.43,25.50,5100,21.43
2007-07-12,25.00,25.35,25.00,25.35,9100,21.31
2007-07-11,24.75,25.00,24.74,25.00,1400,21.01