2011-05-10,23.95,24.23,23.93,24.22,30400,24.22
2011-05-09,23.92,23.98,23.80,23.91,25000,23.91
2011-05-06,24.10,24.14,23.90,23.96,38600,23.96
2011-05-05,24.18,24.18,23.87,23.95,51900,23.95
2011-05-04,24.50,24.50,24.20,24.28,41000,24.28
2011-05-03,24.21,24.48,24.21,24.47,33000,24.47
2011-05-02,24.42,24.42,24.24,24.29,18000,24.29
2011-04-29,24.33,24.36,24.18,24.34,31000,24.34
2011-04-28,24.12,24.35,24.12,24.33,16700,24.33
2011-04-27,24.01,24.27,24.01,24.24,49400,24.24
2011-04-26,23.85,24.01,23.85,24.01,17800,24.01
2011-04-25,23.73,23.86,23.72,23.75,130200,23.75
2011-04-21,23.76,23.76,23.48,23.75,47400,23.75
2011-04-20,23.99,24.04,23.62,23.71,65500,23.71
2011-04-19,24.03,24.05,23.70,23.75,101600,23.75
2011-04-18,23.94,24.06,23.87,23.89,17900,23.89
2011-04-15,24.17,24.25,24.10,24.18,12800,24.18
2011-04-14,24.12,24.14,23.93,24.11,34600,24.11
2011-04-13,24.52,24.52,24.20,24.24,72400,24.24
2011-04-12,24.41,24.63,24.39,24.48,30600,24.48
2011-04-11,24.62,24.63,24.48,24.52,27900,24.52
2011-04-08,24.87,24.87,24.47,24.55,39500,24.55
2011-04-07,24.94,24.98,24.74,24.77,44500,24.77
2011-04-06,24.61,24.95,24.59,24.91,32400,24.91
2011-04-05,24.61,24.68,24.55,24.55,17800,24.55
2011-04-04,24.79,24.79,24.59,24.64,12500,24.64
2011-04-01,24.54,24.74,24.54,24.65,27000,24.65
2011-03-31,24.43,24.46,24.30,24.44,30300,24.44
2011-03-30,24.38,24.53,24.31,24.48,23500,24.48
2011-03-29,24.23,24.33,24.16,24.31,17700,24.31
2011-03-28,24.37,24.41,24.21,24.21,11000,24.21
2011-03-25,24.15,24.43,24.15,24.25,43700,24.25
2011-03-24,24.22,24.22,23.93,24.15,17300,24.09
2011-03-23,24.10,24.13,23.88,24.08,24900,24.02
2011-03-22,24.37,24.48,24.23,24.25,15800,24.19
2011-03-21,24.55,24.60,24.33,24.41,23500,24.35
2011-03-18,24.45,24.62,24.33,24.34,232300,24.28
2011-03-17,24.20,24.20,23.86,24.12,159100,24.06
2011-03-16,24.19,24.31,23.78,23.88,68200,23.82
2011-03-15,23.84,24.35,23.75,24.24,64400,24.18
2011-03-14,24.46,24.52,24.21,24.42,164500,24.36
2011-03-11,24.38,24.70,24.38,24.67,22800,24.61
2011-03-10,24.61,24.66,24.47,24.51,62900,24.45
2011-03-09,24.98,25.15,24.81,25.01,35000,24.95
2011-03-08,24.39,25.06,24.39,25.01,29800,24.95
2011-03-07,24.57,24.69,24.25,24.34,49300,24.28
2011-03-04,24.81,24.81,24.33,24.55,42200,24.49
2011-03-03,24.70,24.90,24.70,24.86,20700,24.80
2011-03-02,24.53,24.63,24.32,24.43,48300,24.37
2011-03-01,25.12,25.12,24.55,24.57,130800,24.51
2011-02-28,25.26,25.26,24.97,25.08,20500,25.02
2011-02-25,24.95,25.18,24.95,25.11,45700,25.05
2011-02-24,24.85,24.96,24.62,24.79,19200,24.73
2011-02-23,25.05,25.16,24.64,24.96,115900,24.90
2011-02-22,25.44,25.52,25.01,25.06,31200,25.00
2011-02-18,25.72,25.84,25.67,25.80,22800,25.73
2011-02-17,25.85,25.85,25.73,25.74,28200,25.67
2011-02-16,26.02,26.09,25.91,25.95,35700,25.88
2011-02-15,25.88,26.07,25.88,25.91,27000,25.84
2011-02-14,25.97,25.98,25.79,25.98,38000,25.91
2011-02-11,25.34,26.01,25.20,25.90,68100,25.83
2011-02-10,25.44,25.53,25.31,25.43,55700,25.37
2011-02-09,25.66,25.86,25.42,25.57,35100,25.51
2011-02-08,25.55,25.77,25.49,25.75,73900,25.68
2011-02-07,25.33,25.66,25.33,25.54,78500,25.48
2011-02-04,25.17,25.30,25.01,25.28,37800,25.22
2011-02-03,25.06,25.19,24.94,25.19,17400,25.13
2011-02-02,25.04,25.25,25.04,25.10,28200,25.04
2011-02-01,24.75,25.24,24.75,25.20,29900,25.14
2011-01-31,24.54,24.74,24.48,24.62,20500,24.56
2011-01-28,24.99,25.02,24.49,24.50,46100,24.44
2011-01-27,24.58,24.88,24.51,24.85,49900,24.79
2011-01-26,24.80,24.80,24.58,24.58,60600,24.52
2011-01-25,24.54,24.72,24.47,24.71,62600,24.65
2011-01-24,24.84,24.84,24.60,24.64,56800,24.58
2011-01-21,24.85,24.97,24.76,24.84,17800,24.78
2011-01-20,24.60,24.70,24.36,24.58,84400,24.52
2011-01-19,25.26,25.26,24.68,24.76,74500,24.70
2011-01-18,25.46,25.46,25.17,25.36,46600,25.30
2011-01-14,24.74,25.44,24.74,25.43,90200,25.37
2011-01-13,24.90,25.03,24.70,24.76,24700,24.70
2011-01-12,24.90,24.98,24.87,24.92,77000,24.86
2011-01-11,24.77,24.77,24.52,24.65,48300,24.59
2011-01-10,24.54,24.64,24.25,24.60,73000,24.54
2011-01-07,24.95,24.95,24.30,24.54,72400,24.48
2011-01-06,25.20,25.20,24.79,24.80,122600,24.74
2011-01-05,24.84,25.14,24.80,25.14,112200,25.08
2011-01-04,25.22,25.26,24.63,24.82,60900,24.76
2011-01-03,25.00,25.21,25.00,25.07,88900,25.01
2010-12-31,24.73,24.87,24.70,24.74,47300,24.68
2010-12-30,24.83,24.86,24.74,24.82,36100,24.76
2010-12-29,24.97,24.97,24.80,24.87,39200,24.81
2010-12-28,24.78,24.96,24.74,24.91,78000,24.85
2010-12-27,24.43,24.75,24.40,24.75,36800,24.69
2010-12-23,24.73,24.73,24.51,24.57,41200,24.51
2010-12-22,24.23,24.87,24.23,24.73,129400,24.67
2010-12-21,23.94,24.32,23.89,24.28,116200,24.14
2010-12-20,23.89,23.95,23.84,23.85,32900,23.71
2010-12-17,23.80,23.88,23.71,23.81,104000,23.67
2010-12-16,23.64,23.88,23.52,23.63,152700,23.49
2010-12-15,23.69,23.94,23.51,23.54,62900,23.40
2010-12-14,23.96,24.10,23.73,23.79,21800,23.65
2010-12-13,24.15,24.15,23.73,23.92,80200,23.78
2010-12-10,23.90,24.09,23.76,24.08,47600,23.94
2010-12-09,23.40,23.88,23.40,23.83,145900,23.69
2010-12-08,22.65,23.30,22.65,23.28,59500,23.14
2010-12-07,22.95,23.00,22.61,22.64,56500,22.51
2010-12-06,22.71,22.78,22.57,22.72,76000,22.59
2010-12-03,22.46,22.79,22.37,22.74,18100,22.61
2010-12-02,21.97,22.60,21.92,22.59,25300,22.46
2010-12-01,21.69,21.88,21.62,21.88,19900,21.75
2010-11-30,21.43,21.50,21.35,21.39,31400,21.26
2010-11-29,21.29,21.63,21.27,21.59,28200,21.46
2010-11-26,21.63,21.67,21.43,21.44,20100,21.31
2010-11-24,21.63,21.65,21.53,21.63,7100,21.50
2010-11-23,21.54,21.64,21.44,21.47,13000,21.34
2010-11-22,21.85,21.85,21.63,21.77,30100,21.64
2010-11-19,21.90,21.99,21.79,21.98,24800,21.85
2010-11-18,22.12,22.20,21.95,21.97,24100,21.84
2010-11-17,22.14,22.14,21.83,21.87,55600,21.74
2010-11-16,22.33,22.33,21.89,22.12,30600,21.99
2010-11-15,22.40,22.68,22.40,22.48,11800,22.35
2010-11-12,22.70,22.70,22.25,22.29,44600,22.16
2010-11-11,22.63,22.82,22.57,22.73,52500,22.60
2010-11-10,22.47,22.83,22.44,22.83,51600,22.70
2010-11-09,22.78,22.95,22.42,22.51,32000,22.38
2010-11-08,22.99,23.00,22.60,22.83,81500,22.70
2010-11-05,22.68,23.45,22.68,23.04,68500,22.91
2010-11-04,22.04,22.66,22.04,22.63,86300,22.50
2010-11-03,21.62,21.87,21.55,21.87,15500,21.74
2010-11-02,21.61,21.67,21.44,21.51,16800,21.38
2010-11-01,21.74,21.77,21.21,21.47,26500,21.34
2010-10-29,21.63,21.77,21.63,21.72,19800,21.59
2010-10-28,21.84,21.95,21.55,21.74,63100,21.61
2010-10-27,21.61,21.93,21.61,21.79,58100,21.66
2010-10-26,21.52,21.78,21.52,21.74,38100,21.61
2010-10-25,22.01,22.02,21.63,21.65,65400,21.52
2010-10-22,21.85,21.92,21.69,21.90,57100,21.77
2010-10-21,21.76,22.05,21.60,21.77,51800,21.64
2010-10-20,21.65,21.77,21.47,21.72,60600,21.59
2010-10-19,21.76,22.17,21.69,21.84,59300,21.71
2010-10-18,21.51,21.99,21.51,21.97,110500,21.84
2010-10-15,21.75,21.91,21.31,21.48,41400,21.35
2010-10-14,22.02,22.14,21.50,21.76,74700,21.63
2010-10-13,22.31,22.43,22.01,22.08,85100,21.95
2010-10-12,21.79,22.18,21.72,22.14,24500,22.01
2010-10-11,21.93,22.00,21.82,21.87,19800,21.74
2010-10-08,21.98,22.13,21.83,21.95,16500,21.82
2010-10-07,22.20,22.26,21.81,21.96,67600,21.83
2010-10-06,22.11,22.23,22.04,22.11,72500,21.98
2010-10-05,21.74,22.20,21.74,22.13,79400,22.00
2010-10-04,21.60,21.77,21.40,21.53,69700,21.40
2010-10-01,21.76,21.92,21.50,21.67,55000,21.54
2010-09-30,21.68,21.95,21.57,21.58,52000,21.45
2010-09-29,21.44,21.65,21.39,21.52,32100,21.39
2010-09-28,21.47,21.60,21.24,21.58,62400,21.45
2010-09-27,21.85,21.85,21.37,21.41,80300,21.28
2010-09-24,21.37,21.79,21.37,21.79,61800,21.66
2010-09-23,21.30,21.65,21.11,21.15,37800,21.03
2010-09-22,21.80,21.93,21.47,21.51,73500,21.31
2010-09-21,22.26,22.39,21.91,21.92,85100,21.71
2010-09-20,21.88,22.31,21.83,22.25,69100,22.04
2010-09-17,22.03,22.03,21.74,21.81,48400,21.61
2010-09-16,21.87,21.90,21.73,21.88,26900,21.68
2010-09-15,22.00,22.05,21.75,21.98,23800,21.77
2010-09-14,22.26,22.27,21.95,22.12,40500,21.91
2010-09-13,22.03,22.45,22.03,22.37,46800,22.16
2010-09-10,21.77,21.85,21.68,21.74,20500,21.54
2010-09-09,21.73,21.98,21.56,21.74,88500,21.54
2010-09-08,21.18,21.57,21.18,21.43,98300,21.23
2010-09-07,21.57,21.57,21.13,21.14,62500,20.94
2010-09-03,21.65,21.75,21.50,21.74,68000,21.54
2010-09-02,21.15,21.35,21.10,21.34,44200,21.14
2010-09-01,20.61,21.17,20.60,21.15,66100,20.95
2010-08-31,20.06,20.46,20.06,20.33,298000,20.14
2010-08-30,20.78,20.78,20.13,20.13,101800,19.94
2010-08-27,20.38,20.83,20.22,20.82,564100,20.62
2010-08-26,20.54,20.80,20.25,20.28,842900,20.09
2010-08-25,20.39,20.51,20.13,20.45,70700,20.26
2010-08-24,20.77,20.77,20.50,20.52,238900,20.33
2010-08-23,21.25,21.35,20.93,20.93,46100,20.73
2010-08-20,21.08,21.20,20.85,21.11,116100,20.91
2010-08-19,21.67,21.79,21.20,21.23,71300,21.03
2010-08-18,21.70,21.95,21.58,21.81,45500,21.61
2010-08-17,21.75,21.88,21.58,21.71,83200,21.51
2010-08-16,21.43,21.59,21.36,21.56,39500,21.36
2010-08-13,21.65,21.80,21.51,21.52,50300,21.32
2010-08-12,21.52,21.85,21.52,21.70,69500,21.50
2010-08-11,22.43,22.43,21.86,21.86,68900,21.66
2010-08-10,22.73,23.00,22.61,22.81,326100,22.60
2010-08-09,22.79,22.95,22.55,22.89,169700,22.68
2010-08-06,22.79,22.79,22.36,22.70,90200,22.49
2010-08-05,23.08,23.08,22.88,23.07,50200,22.85
2010-08-04,23.29,23.34,23.11,23.20,22300,22.98
2010-08-03,23.42,23.54,23.21,23.26,36200,23.04
2010-08-02,23.22,23.50,23.13,23.49,147200,23.27
2010-07-30,22.70,23.01,22.69,22.88,28900,22.67
2010-07-29,23.14,23.21,22.74,22.96,212900,22.74
2010-07-28,23.28,23.30,22.92,22.99,23400,22.77
2010-07-27,23.51,23.64,23.31,23.34,32500,23.12
2010-07-26,22.68,23.22,22.59,23.22,44500,23.00
2010-07-23,22.14,22.74,22.14,22.67,47200,22.46
2010-07-22,22.01,22.53,22.01,22.45,40100,22.24
2010-07-21,22.67,22.75,21.75,21.78,62000,21.58
2010-07-20,21.84,22.34,21.74,22.34,67900,22.13
2010-07-19,22.32,22.34,21.90,22.24,69100,22.03
2010-07-16,23.14,23.14,22.21,22.27,182000,22.06
2010-07-15,23.45,23.51,22.97,23.45,60200,23.23
2010-07-14,23.67,23.69,23.27,23.51,183600,23.29
2010-07-13,23.74,24.00,23.64,23.92,78000,23.70
2010-07-12,23.32,23.44,23.05,23.29,247600,23.07
2010-07-09,22.80,23.39,22.67,23.35,232900,23.13
2010-07-08,23.01,23.01,22.51,22.87,491600,22.66
2010-07-07,21.64,22.71,21.61,22.66,35200,22.45
2010-07-06,21.66,21.89,21.35,21.56,45300,21.36
2010-07-02,21.84,21.86,21.26,21.40,54100,21.20
2010-07-01,21.81,22.15,21.22,21.74,105600,21.54
2010-06-30,22.25,22.60,21.88,21.89,41100,21.68
2010-06-29,22.81,22.81,22.21,22.30,57900,22.09
2010-06-28,23.30,23.30,23.02,23.08,22200,22.86
2010-06-25,22.83,23.32,22.76,23.22,54100,23.00
2010-06-24,22.93,23.06,22.60,22.66,50900,22.45
2010-06-23,23.31,23.32,23.05,23.20,78200,22.92
2010-06-22,23.72,23.87,23.36,23.39,81100,23.11
2010-06-21,24.13,24.13,23.60,23.72,64200,23.43
2010-06-18,23.62,23.81,23.52,23.81,43800,23.52
2010-06-17,23.75,23.79,23.43,23.64,108700,23.35
2010-06-16,23.47,23.88,23.47,23.74,38600,23.45
2010-06-15,23.29,23.73,23.21,23.70,105400,23.41
2010-06-14,23.73,23.73,23.15,23.16,44700,22.88
2010-06-11,23.16,23.39,22.94,23.39,76200,23.11
2010-06-10,22.78,23.36,22.78,23.34,86700,23.06
2010-06-09,22.72,22.95,22.42,22.50,92700,22.23
2010-06-08,22.39,22.71,22.04,22.71,93400,22.43
2010-06-07,22.70,22.99,22.35,22.40,144600,22.13
2010-06-04,23.19,23.30,22.61,22.67,192600,22.39
2010-06-03,23.97,24.12,23.57,23.76,73200,23.47
2010-06-02,23.28,23.97,23.28,23.96,94500,23.67
2010-06-01,23.54,23.89,23.17,23.21,199600,22.93
2010-05-28,24.36,24.36,23.70,23.87,60100,23.58
2010-05-27,23.88,24.33,23.72,24.33,123700,24.03
2010-05-26,23.81,23.90,23.32,23.46,143700,23.17
2010-05-25,22.60,23.53,22.59,23.50,244900,23.21
2010-05-24,23.79,23.96,23.22,23.23,113800,22.95
2010-05-21,22.77,23.96,22.68,23.96,225700,23.67
2010-05-20,23.92,24.00,23.23,23.23,258900,22.95
2010-05-19,24.27,24.99,24.08,24.42,415900,24.12
2010-05-18,25.78,25.78,24.45,24.68,250400,24.38
2010-05-17,25.61,25.70,25.00,25.61,154000,25.30
2010-05-14,26.01,26.06,25.23,25.51,212000,25.20
2010-05-13,26.49,26.76,26.30,26.32,138600,26.00
2010-05-12,26.41,26.69,26.28,26.63,263100,26.31
2010-05-11,25.48,26.61,25.44,26.24,222200,25.92
2010-05-10,25.51,26.45,25.45,25.92,498400,25.60
2010-05-07,24.75,25.24,24.25,24.54,296000,24.24
2010-05-06,25.85,26.07,14.77,24.81,430700,24.51
2010-05-05,25.50,26.29,25.42,25.94,133700,25.62
2010-05-04,26.26,26.31,25.74,25.92,125300,25.60
2010-05-03,26.49,26.67,26.37,26.67,247200,26.35
2010-04-30,26.54,26.78,26.32,26.32,105400,26.00
2010-04-29,26.25,26.76,26.15,26.57,251900,26.25
2010-04-28,26.05,26.35,25.89,26.05,196400,25.73
2010-04-27,26.25,26.60,25.78,25.85,267100,25.54
2010-04-26,27.19,27.19,26.35,26.37,154900,26.05
2010-04-23,27.15,27.19,26.85,27.15,98800,26.82
2010-04-22,26.73,27.15,26.55,27.12,220100,26.79
2010-04-21,26.64,27.38,26.59,26.90,199500,26.57
2010-04-20,26.10,26.64,25.91,26.64,92800,26.32
2010-04-19,25.64,26.14,25.50,26.04,265900,25.72
2010-04-16,26.55,26.55,25.28,25.92,597600,25.60
2010-04-15,26.82,26.84,26.55,26.62,222900,26.30
2010-04-14,26.27,26.79,26.26,26.79,129600,26.46
2010-04-13,26.23,26.28,25.86,26.02,197300,25.70
2010-04-12,26.05,26.37,26.05,26.31,114600,25.99
2010-04-09,26.13,26.13,25.83,26.04,176700,25.72
2010-04-08,25.59,26.01,25.45,25.94,142400,25.62
2010-04-07,25.88,26.02,25.47,25.62,183200,25.31
2010-04-06,25.11,25.87,25.11,25.79,227000,25.48
2010-04-05,24.94,25.20,24.81,25.19,116500,24.88
2010-04-01,24.80,24.85,24.58,24.76,136800,24.46
2010-03-31,24.35,24.77,24.34,24.61,173900,24.31
2010-03-30,24.59,24.66,24.36,24.47,99400,24.17
2010-03-29,24.71,24.73,24.40,24.58,160900,24.28
2010-03-26,24.84,25.02,24.44,24.59,155800,24.29
2010-03-25,25.08,25.34,24.74,24.76,562800,24.46
2010-03-24,24.73,25.03,24.73,24.86,131600,24.51
2010-03-23,24.80,24.86,24.50,24.83,126700,24.48
2010-03-22,24.45,24.83,24.19,24.81,153500,24.46
2010-03-19,24.66,24.81,24.38,24.63,103000,24.28
2010-03-18,24.93,24.93,24.50,24.63,164600,24.28
2010-03-17,24.63,24.98,24.55,24.90,237700,24.55
2010-03-16,24.25,24.50,24.09,24.49,91100,24.14
2010-03-15,24.05,24.21,23.83,24.13,190200,23.79
2010-03-12,24.35,24.37,23.99,24.05,354900,23.71
2010-03-11,23.65,24.12,23.61,24.09,223500,23.75
2010-03-10,23.36,23.86,23.36,23.70,288600,23.36
2010-03-09,23.19,23.45,23.04,23.29,125300,22.96
2010-03-08,23.34,23.44,23.28,23.31,84000,22.98
2010-03-05,22.89,23.34,22.88,23.30,142800,22.97
2010-03-04,22.73,22.83,22.69,22.78,49500,22.46
2010-03-03,22.87,22.93,22.67,22.72,104300,22.40
2010-03-02,22.72,23.00,22.72,22.81,124300,22.49
2010-03-01,22.83,22.87,22.58,22.66,562200,22.34
2010-02-26,22.66,22.86,22.58,22.79,57600,22.47
2010-02-25,22.60,22.69,22.39,22.67,114200,22.35
2010-02-24,22.51,22.96,22.51,22.91,51200,22.58
2010-02-23,22.77,22.81,22.38,22.46,100300,22.14
2010-02-22,22.54,22.92,22.54,22.79,263000,22.47
2010-02-19,22.12,22.43,22.12,22.41,180400,22.09
2010-02-18,22.06,22.22,22.02,22.16,123700,21.85
2010-02-17,22.33,22.33,21.95,22.12,150600,21.81
2010-02-16,21.98,22.24,21.88,22.15,94100,21.84
2010-02-12,21.61,21.81,21.51,21.75,57100,21.44
2010-02-11,21.82,21.94,21.66,21.87,93400,21.56
2010-02-10,21.61,22.03,21.55,21.86,137500,21.55
2010-02-09,21.77,21.86,21.50,21.65,77900,21.34
2010-02-08,21.75,21.96,21.45,21.53,92600,21.22
2010-02-05,21.53,21.88,21.15,21.78,281400,21.47
2010-02-04,22.01,22.07,21.44,21.44,137700,21.14
2010-02-03,22.70,22.73,22.16,22.20,248200,21.88
2010-02-02,22.89,22.91,22.55,22.71,209800,22.39
2010-02-01,22.80,22.88,22.64,22.82,533500,22.50
2010-01-29,22.91,23.10,22.64,22.66,110600,22.34
2010-01-28,23.15,23.16,22.63,22.78,132600,22.46
2010-01-27,22.19,22.96,22.19,22.89,141700,22.56
2010-01-26,22.57,22.82,22.21,22.25,238900,21.93
2010-01-25,22.99,23.03,22.34,22.66,140900,22.34
2010-01-22,23.16,23.22,22.60,22.72,202200,22.40
2010-01-21,23.01,23.56,22.98,23.19,273100,22.86
2010-01-20,22.59,23.07,22.59,22.99,77000,22.66
2010-01-19,22.46,22.70,22.30,22.70,62400,22.38
2010-01-15,22.88,22.89,22.42,22.51,60600,22.19
2010-01-14,22.44,23.01,22.40,22.94,111200,22.61
2010-01-13,22.18,22.53,21.98,22.48,81700,22.16
2010-01-12,22.14,22.38,21.98,22.15,49400,21.84
2010-01-11,22.48,22.51,22.21,22.31,77300,21.99
2010-01-08,22.17,22.40,22.14,22.39,213100,22.07
2010-01-07,21.46,22.42,21.45,22.27,158000,21.95
2010-01-06,21.23,21.56,21.23,21.47,57500,21.16
2010-01-05,20.99,21.31,20.88,21.29,75100,20.99
2010-01-04,21.04,21.14,20.84,21.05,70900,20.75
2009-12-31,20.83,20.95,20.79,20.82,46200,20.52
2009-12-30,20.78,20.88,20.74,20.87,47100,20.57
2009-12-29,20.93,21.01,20.89,20.91,44700,20.61
2009-12-28,21.10,21.10,20.84,20.92,36000,20.62
2009-12-24,20.98,21.08,20.93,21.08,20400,20.78
2009-12-23,20.99,21.04,20.85,20.87,23400,20.57
2009-12-22,21.14,21.14,20.99,21.12,26600,20.74
2009-12-21,20.90,21.08,20.79,21.08,41500,20.70
2009-12-18,20.41,20.78,20.38,20.75,55200,20.37
2009-12-17,20.23,20.61,20.23,20.35,198400,19.98
2009-12-16,20.58,20.66,20.31,20.43,63300,20.06
2009-12-15,20.84,20.84,20.46,20.50,57000,20.13
2009-12-14,20.84,20.97,20.65,20.97,27100,20.59
2009-12-11,20.67,20.84,20.62,20.77,317300,20.39
2009-12-10,20.74,20.96,20.57,20.63,132800,20.25
2009-12-09,20.71,20.87,20.65,20.76,321000,20.38
2009-12-08,20.71,20.89,20.44,20.76,262400,20.38
2009-12-07,21.01,21.01,20.65,20.75,24300,20.37
2009-12-04,20.88,21.06,20.64,21.01,55900,20.63
2009-12-03,21.44,21.48,20.54,20.58,542100,20.20
2009-12-02,21.11,21.37,21.11,21.28,570000,20.89
2009-12-01,21.26,21.50,20.89,21.07,957400,20.69
2009-11-30,20.51,21.09,20.49,21.09,40500,20.71
2009-11-27,20.41,20.71,20.38,20.38,25900,20.01
2009-11-25,20.97,21.04,20.83,20.86,40500,20.48
2009-11-24,20.86,20.97,20.62,20.93,70700,20.55
2009-11-23,20.78,21.01,20.78,20.92,84700,20.54
2009-11-20,20.29,20.52,20.29,20.48,22500,20.11
2009-11-19,20.66,20.66,20.36,20.47,20100,20.10
2009-11-18,20.59,20.89,20.59,20.82,43800,20.44
2009-11-17,20.30,20.70,20.28,20.65,46900,20.27
2009-11-16,20.30,20.71,20.29,20.39,64300,20.02
2009-11-13,20.36,20.36,20.04,20.14,35100,19.77
2009-11-12,20.52,20.71,20.22,20.25,35600,19.88
2009-11-11,20.53,20.85,20.45,20.59,77800,20.21
2009-11-10,20.50,20.58,20.13,20.31,43100,19.94
2009-11-09,20.20,20.60,20.13,20.58,64200,20.20
2009-11-06,19.74,20.08,19.65,20.00,28900,19.64
2009-11-05,19.71,20.05,19.53,20.02,87200,19.66
2009-11-04,20.05,20.14,19.49,19.50,67500,19.14
2009-11-03,19.87,19.96,19.40,19.85,60800,19.49
2009-11-02,19.88,20.32,19.45,19.93,70300,19.57
2009-10-30,20.40,20.40,19.57,19.70,122700,19.34
2009-10-29,20.23,20.57,20.06,20.51,576100,20.14
2009-10-28,20.34,20.47,19.91,19.97,206100,19.61
2009-10-27,20.53,20.69,20.31,20.44,1055700,20.07
2009-10-26,21.00,21.02,20.36,20.54,758800,20.17
2009-10-23,21.42,21.45,21.02,21.11,279900,20.73
2009-10-22,20.58,21.58,20.58,21.47,867600,21.08
2009-10-21,20.83,21.33,20.55,20.55,64200,20.18
2009-10-20,20.93,21.01,20.71,20.91,48000,20.53
2009-10-19,21.01,21.09,20.75,21.03,282300,20.65
2009-10-16,21.13,21.23,20.96,21.06,90800,20.68
2009-10-15,21.47,21.54,21.27,21.54,36700,21.15
2009-10-14,21.32,21.62,21.13,21.58,67900,21.19
2009-10-13,20.96,21.09,20.79,20.98,26800,20.60
2009-10-12,21.11,21.15,20.98,21.07,66900,20.69
2009-10-09,20.74,21.07,20.74,21.07,44400,20.69
2009-10-08,20.84,20.91,20.69,20.78,88200,20.40
2009-10-07,20.45,20.73,20.45,20.70,111900,20.32
2009-10-06,20.69,20.90,20.34,20.59,52500,20.21
2009-10-05,20.25,20.51,20.20,20.47,38400,20.10
2009-10-02,19.85,20.30,19.78,20.09,66300,19.72
2009-10-01,20.84,20.86,20.15,20.15,71500,19.78
2009-09-30,21.03,21.20,20.74,20.96,61900,20.58
2009-09-29,21.12,21.27,20.96,21.01,53400,20.63
2009-09-28,20.75,21.04,20.59,21.02,51400,20.64
2009-09-25,20.52,20.71,20.37,20.61,78900,20.23
2009-09-24,21.23,21.29,20.51,20.69,107200,20.31
2009-09-23,21.44,21.58,21.17,21.17,80400,20.78
2009-09-22,21.48,21.48,21.20,21.47,68400,21.08
2009-09-21,21.20,21.39,21.15,21.30,38500,20.84
2009-09-18,21.62,21.62,21.21,21.46,56200,20.99
2009-09-17,21.90,21.98,21.28,21.38,111000,20.91
2009-09-16,21.09,21.92,21.01,21.92,114600,21.44
2009-09-15,20.30,21.13,20.29,20.95,114200,20.49
2009-09-14,19.95,20.36,19.93,20.32,52700,19.88
2009-09-11,20.14,20.36,20.13,20.22,366500,19.78
2009-09-10,20.19,20.20,19.95,20.16,257000,19.72
2009-09-09,19.90,20.24,19.75,20.19,30800,19.75
2009-09-08,20.04,20.08,19.68,19.84,72300,19.41
2009-09-04,19.59,19.81,19.48,19.81,41300,19.38
2009-09-03,19.35,19.61,19.27,19.57,57400,19.14
2009-09-02,19.58,19.81,19.20,19.20,98000,18.78
2009-09-01,20.52,20.82,19.66,19.77,317000,19.34
2009-08-31,20.55,20.76,20.45,20.72,48600,20.27
2009-08-28,20.77,20.90,20.58,20.82,37300,20.37
2009-08-27,20.68,20.73,20.33,20.66,192200,20.21
2009-08-26,20.42,20.84,20.30,20.63,60900,20.18
2009-08-25,20.51,20.70,20.39,20.52,1250800,20.07
2009-08-24,21.02,21.23,20.28,20.40,522600,19.95
2009-08-21,20.70,21.06,20.67,20.90,51500,20.44
2009-08-20,20.12,20.59,20.12,20.49,261700,20.04
2009-08-19,19.83,20.31,19.74,20.15,61000,19.71
2009-08-18,20.06,20.26,19.97,20.09,51000,19.65
2009-08-17,20.20,20.20,19.84,19.87,84200,19.44
2009-08-14,20.82,20.82,20.30,20.77,63500,20.32
2009-08-13,20.60,20.77,20.24,20.76,52100,20.31
2009-08-12,20.13,20.54,20.11,20.41,165600,19.96
2009-08-11,20.99,20.99,20.02,20.22,71600,19.78
2009-08-10,21.14,21.33,20.83,21.05,96900,20.59
2009-08-07,20.54,21.48,20.40,21.08,188400,20.62
2009-08-06,20.81,20.81,19.98,20.24,259400,19.80
2009-08-05,20.00,20.55,19.86,20.44,96900,19.99
2009-08-04,19.28,20.02,19.18,20.02,230000,19.58
2009-08-03,19.22,19.47,19.10,19.45,75600,19.03
2009-07-31,18.85,19.12,18.69,19.02,66300,18.60
2009-07-30,18.50,18.98,18.50,18.78,327200,18.37
2009-07-29,18.35,18.48,18.14,18.28,149200,17.88
2009-07-28,18.16,18.50,18.16,18.40,124200,18.00
2009-07-27,17.85,18.43,17.68,18.43,209000,18.03
2009-07-24,17.55,17.83,17.48,17.75,103500,17.36
2009-07-23,17.22,17.84,17.21,17.73,169800,17.34
2009-07-22,16.80,17.47,16.80,17.26,173500,16.88
2009-07-21,17.48,17.50,16.81,17.08,195200,16.71
2009-07-20,17.43,17.58,17.34,17.49,80700,17.11
2009-07-17,17.80,17.96,17.24,17.35,765900,16.97
2009-07-16,17.80,18.00,17.56,17.84,123100,17.45
2009-07-15,17.49,18.03,17.45,17.83,151400,17.44
2009-07-14,17.42,17.50,17.12,17.24,138900,16.86
2009-07-13,16.70,17.44,16.70,17.43,198300,17.05
2009-07-10,16.53,16.64,16.41,16.53,129900,16.17
2009-07-09,16.67,16.93,16.60,16.69,168700,16.33
2009-07-08,16.88,16.99,16.14,16.52,258100,16.16
2009-07-07,16.90,17.14,16.75,16.75,145800,16.38
2009-07-06,16.76,17.08,16.66,16.87,106000,16.50
2009-07-02,17.05,17.19,16.81,16.84,60000,16.47
2009-07-01,17.46,17.53,17.30,17.44,91900,17.06
2009-06-30,17.76,17.76,17.25,17.41,189000,17.03
2009-06-29,17.63,17.68,17.24,17.59,157900,17.21
2009-06-26,17.33,17.55,17.19,17.49,57400,17.11
2009-06-25,16.96,17.41,16.96,17.41,62000,17.03
2009-06-24,17.14,17.31,16.98,17.10,135300,16.73
2009-06-23,17.03,17.36,16.81,17.12,209700,16.63
2009-06-22,17.55,17.84,16.99,16.99,263100,16.51
2009-06-19,17.77,17.92,17.52,17.88,114500,17.37
2009-06-18,17.25,17.69,17.25,17.62,247400,17.12
2009-06-17,17.72,17.72,16.97,17.28,596300,16.79
2009-06-16,18.04,18.15,17.72,17.76,151400,17.25
2009-06-15,18.35,18.49,17.91,18.07,168400,17.55
2009-06-12,18.40,18.67,18.33,18.54,97800,18.01
2009-06-11,18.15,18.76,18.10,18.46,255000,17.93
2009-06-10,18.60,18.60,17.92,17.93,206500,17.42
2009-06-09,18.31,18.41,18.11,18.33,188500,17.81
2009-06-08,17.82,18.40,17.81,18.22,314400,17.70
2009-06-05,18.81,18.87,17.87,18.02,702200,17.51
2009-06-04,17.90,18.56,17.82,18.53,865800,18.00
2009-06-03,18.00,18.16,17.69,17.85,155000,17.34
2009-06-02,18.26,18.40,17.87,18.02,305800,17.51
2009-06-01,18.71,18.72,18.11,18.39,283700,17.87
2009-05-29,18.05,18.47,17.85,18.47,202300,17.94
2009-05-28,17.73,18.04,17.31,18.04,241200,17.53
2009-05-27,18.38,18.38,17.45,17.47,230200,16.97
2009-05-26,17.55,18.25,17.25,18.25,234000,17.73
2009-05-22,17.73,17.78,17.34,17.37,136900,16.87
2009-05-21,17.55,17.72,17.27,17.49,183100,16.99
2009-05-20,18.94,19.11,17.88,18.05,264400,17.54
2009-05-19,19.35,19.50,18.60,18.62,237900,18.09
2009-05-18,18.39,19.37,18.39,19.26,377300,18.71
2009-05-15,18.42,18.65,17.91,18.05,349800,17.54
2009-05-14,18.00,18.66,17.85,18.50,335000,17.97
2009-05-13,18.53,18.53,18.00,18.08,264100,17.56
2009-05-12,20.14,20.14,18.54,19.10,702700,18.56
2009-05-11,20.75,20.75,19.81,19.85,784600,19.28
2009-05-08,20.17,21.14,19.60,21.12,613400,20.52
2009-05-07,21.54,21.55,19.11,19.36,718700,18.81
2009-05-06,19.59,20.82,19.54,20.56,912800,19.97
2009-05-05,19.28,19.40,18.76,19.11,586100,18.57
2009-05-04,17.66,19.58,17.66,19.57,442300,19.01
2009-05-01,17.86,18.13,17.31,17.47,373300,16.97
2009-04-30,18.76,18.78,17.84,17.87,412500,17.36
2009-04-29,17.82,18.48,17.82,18.39,347100,17.87
2009-04-28,17.28,18.00,17.28,17.57,482500,17.07
2009-04-27,18.19,18.41,17.69,17.87,373400,17.36
2009-04-24,18.00,18.89,17.88,18.51,682400,17.98
2009-04-23,17.98,18.10,17.16,17.95,801500,17.44
2009-04-22,18.08,18.97,17.53,17.56,1071500,17.06
2009-04-21,16.56,18.50,16.02,18.50,1392100,17.97
2009-04-20,18.84,18.89,17.10,17.12,553000,16.63
2009-04-17,18.79,19.83,18.23,19.51,700700,18.95
2009-04-16,18.55,19.02,17.73,18.66,1097300,18.13
2009-04-15,17.27,18.36,16.94,18.34,487200,17.82
2009-04-14,18.76,18.93,17.33,17.35,670300,16.86
2009-04-13,17.73,19.15,17.48,18.97,605900,18.43
2009-04-09,17.10,18.16,16.65,18.11,807100,17.59
2009-04-08,16.00,16.00,15.20,15.59,307400,15.15
2009-04-07,15.79,16.17,15.75,15.75,380700,15.30
2009-04-06,16.59,16.59,16.10,16.38,514400,15.91
2009-04-03,16.26,16.97,16.12,16.97,410900,16.49
2009-04-02,16.86,17.00,16.16,16.50,547700,16.03
2009-04-01,15.35,16.27,15.18,16.10,385100,15.64
2009-03-31,15.19,15.86,15.00,15.66,573200,15.21
2009-03-30,15.41,15.67,14.77,14.82,371100,14.40
2009-03-27,16.33,16.77,16.09,16.12,643300,15.66
2009-03-26,16.81,16.81,16.11,16.80,1401800,16.32
2009-03-25,16.14,16.89,15.52,16.64,985900,16.17
2009-03-24,17.19,17.19,16.00,16.05,780600,15.45
2009-03-23,16.49,17.15,15.54,17.15,727100,16.51
2009-03-20,15.50,15.50,14.85,14.94,398800,14.39
2009-03-19,17.32,17.32,15.39,15.45,446300,14.88
2009-03-18,15.27,16.73,15.00,16.63,459400,16.01
2009-03-17,14.60,15.37,14.48,15.37,159300,14.80
2009-03-16,15.16,15.59,14.55,14.56,345200,14.02
2009-03-13,15.26,15.26,14.26,14.87,982800,14.32
2009-03-12,13.69,15.11,13.35,14.98,230600,14.42
2009-03-11,13.84,14.46,13.40,13.63,698400,13.12
2009-03-10,12.35,13.39,12.35,13.36,446400,12.86
2009-03-09,11.30,12.13,11.13,11.83,161100,11.39
2009-03-06,11.73,12.06,10.86,11.34,512400,10.92
2009-03-05,12.69,12.78,11.37,11.53,160500,11.10
2009-03-04,13.88,13.97,12.67,13.03,78700,12.55
2009-03-03,14.24,14.28,13.35,13.56,102800,13.06
2009-03-02,14.17,14.50,13.92,13.92,156000,13.40
2009-02-27,15.27,15.30,14.50,14.73,200900,14.18
2009-02-26,15.07,16.10,15.07,15.38,257000,14.81
2009-02-25,14.19,15.15,13.46,14.58,236300,14.04
2009-02-24,13.09,14.36,12.79,14.36,214100,13.83
2009-02-23,13.14,13.79,12.90,13.04,214000,12.56
2009-02-20,12.35,13.24,12.06,13.06,254600,12.58
2009-02-19,13.67,13.84,12.86,12.87,337700,12.39
2009-02-18,13.84,13.89,13.19,13.61,150100,13.11
2009-02-17,13.90,14.04,13.59,13.59,439300,13.09
2009-02-13,15.29,15.38,14.69,14.69,436800,14.14
2009-02-12,15.74,15.74,14.67,15.58,252800,15.00
2009-02-11,15.76,16.29,15.60,16.11,299800,15.51
2009-02-10,17.44,17.44,15.41,15.48,354000,14.91
2009-02-09,17.36,17.87,17.10,17.53,133100,16.88
2009-02-06,16.03,17.25,16.03,17.17,757600,16.53
2009-02-05,15.27,16.20,14.71,15.81,231200,15.22
2009-02-04,15.58,16.06,15.34,15.41,142400,14.84
2009-02-03,16.35,16.39,15.18,15.46,84700,14.89
2009-02-02,16.02,16.28,15.78,16.26,37300,15.66
2009-01-30,17.08,17.28,16.13,16.26,80500,15.66
2009-01-29,17.62,17.66,16.83,16.83,51900,16.21
2009-01-28,17.49,18.04,17.35,18.01,198700,17.34
2009-01-27,15.99,16.35,15.80,16.30,76000,15.70
2009-01-26,16.51,16.99,15.60,15.86,246000,15.27
2009-01-23,15.26,16.56,15.17,16.51,287300,15.90
2009-01-22,16.66,16.86,15.55,15.91,247700,15.32
2009-01-21,16.49,17.16,15.27,17.13,951700,16.49
2009-01-20,17.65,17.76,15.70,15.70,478200,15.12
2009-01-16,19.18,19.43,17.75,18.54,284000,17.85
2009-01-15,19.68,19.88,18.27,18.83,1045500,18.13
2009-01-14,20.39,20.39,19.80,19.91,103000,19.17
2009-01-13,20.38,21.09,20.22,20.88,66000,20.11
2009-01-12,21.40,21.40,20.37,20.56,95300,19.80
2009-01-09,22.30,22.30,21.25,21.29,82800,20.50
2009-01-08,22.21,22.44,21.93,22.18,42500,21.36
2009-01-07,22.66,22.79,22.11,22.19,70200,21.37
2009-01-06,23.27,23.38,22.84,23.20,81100,22.34
2009-01-05,23.82,23.82,23.01,23.07,238100,22.21
2009-01-02,23.95,24.02,23.27,23.95,62800,23.06
2008-12-31,23.15,23.93,23.08,23.93,613000,23.04
2008-12-30,22.16,23.00,22.16,23.00,62500,22.15
2008-12-29,22.43,22.43,21.93,22.25,30400,21.42
2008-12-26,22.60,22.86,22.21,22.51,53200,21.67
2008-12-24,22.00,22.38,22.00,22.30,32800,21.47
2008-12-23,22.52,22.52,21.92,21.95,246200,21.14
2008-12-22,23.24,23.51,22.56,22.74,93400,21.53
2008-12-19,23.51,23.97,23.21,23.32,120100,22.08
2008-12-18,23.89,24.25,23.26,23.44,73900,22.20
2008-12-17,24.28,24.40,23.80,23.96,49800,22.69
2008-12-16,22.80,24.46,22.80,24.41,158600,23.11
2008-12-15,23.38,23.55,22.08,22.50,51200,21.31
2008-12-12,22.11,23.42,21.98,23.32,174000,22.08
2008-12-11,23.99,24.24,22.59,22.68,61100,21.48
2008-12-10,24.89,24.93,23.97,24.55,186400,23.25
2008-12-09,25.71,25.76,24.52,24.56,101100,23.26
2008-12-08,27.93,27.93,25.25,25.91,137100,24.54
2008-12-05,23.49,25.48,23.21,25.48,130900,24.13
2008-12-04,23.76,25.25,23.49,23.99,89500,22.72
2008-12-03,22.51,24.35,22.32,24.23,99900,22.94
2008-12-02,22.18,23.10,21.53,23.10,120200,21.87
2008-12-01,24.63,24.63,21.53,21.53,161100,20.39
2008-11-28,24.88,25.45,24.70,25.45,81300,24.10
2008-11-26,23.82,25.00,23.64,25.00,165900,23.67
2008-11-25,24.51,24.51,23.11,24.26,105800,22.97
2008-11-24,22.11,23.91,21.66,23.56,147300,22.31
2008-11-21,20.96,21.32,19.22,21.23,288000,20.10
2008-11-20,22.09,22.58,20.57,20.70,324900,19.60
2008-11-19,24.08,24.08,22.24,22.24,154000,21.06
2008-11-18,24.20,24.90,23.33,24.30,43200,23.01
2008-11-17,24.81,25.38,24.47,24.48,42300,23.18
2008-11-14,26.62,26.91,25.12,25.20,36900,23.86
2008-11-13,24.87,26.79,23.74,26.79,99300,25.37
2008-11-12,26.00,26.23,24.75,24.79,37400,23.47
2008-11-11,26.40,26.87,25.99,26.29,39200,24.89
2008-11-10,27.37,27.83,26.58,26.93,44000,25.50
2008-11-07,27.66,27.66,26.63,27.29,22200,25.84
2008-11-06,28.52,29.25,27.18,27.19,45800,25.75
2008-11-05,30.22,30.58,28.39,28.53,146400,27.02
2008-11-04,30.19,30.93,29.71,30.86,208000,29.22
2008-11-03,29.27,29.55,28.76,29.48,123400,27.92
2008-10-31,28.00,29.20,28.00,29.00,50400,27.46
2008-10-30,29.00,29.00,27.62,28.14,65000,26.65
2008-10-29,28.36,29.12,27.80,28.19,211300,26.69
2008-10-28,27.09,28.54,25.36,28.54,127200,27.03
2008-10-27,25.84,27.01,25.48,25.76,62400,24.39
2008-10-24,23.17,26.56,23.17,25.84,341600,24.47
2008-10-23,26.90,27.13,24.95,26.13,140800,24.74
2008-10-22,27.60,28.29,26.39,26.97,204000,25.54
2008-10-21,28.78,29.42,28.08,28.57,198800,27.05
2008-10-20,29.13,29.13,27.91,28.85,138100,27.32
2008-10-17,28.44,29.95,28.44,28.62,898200,27.10
2008-10-16,28.40,29.51,27.00,29.41,383200,27.85
2008-10-15,28.88,30.03,28.35,28.77,273000,27.24
2008-10-14,30.35,31.00,28.61,29.94,794900,28.35
2008-10-13,30.74,30.91,26.60,28.14,311500,26.65
2008-10-10,22.27,28.43,22.27,26.68,1138900,25.26
2008-10-09,28.60,28.72,24.58,24.81,487600,23.49
2008-10-08,27.85,30.04,27.61,28.30,136000,26.80
2008-10-07,35.25,35.25,29.32,29.33,147300,27.77
2008-10-06,32.18,32.23,30.10,32.15,219200,30.44
2008-10-03,34.95,35.23,32.84,32.86,153600,31.12
2008-10-02,34.50,34.50,33.19,33.28,165200,31.51
2008-10-01,33.38,33.94,31.80,33.89,814500,32.09
2008-09-30,31.73,33.00,30.51,31.95,212300,30.25
2008-09-29,35.73,35.73,29.36,30.75,315000,29.12
2008-09-26,33.00,34.79,32.00,34.73,220100,32.89
2008-09-25,36.17,36.17,34.00,34.15,111000,32.34
2008-09-24,37.00,37.50,33.80,34.16,57500,32.35
2008-09-23,35.45,36.85,34.31,34.65,287600,32.58
2008-09-22,40.39,42.00,35.00,35.47,482600,33.35
2008-09-19,37.90,37.90,35.61,37.90,1265800,35.63
2008-09-18,33.05,36.71,30.35,36.33,500400,34.16
2008-09-17,33.20,34.22,31.40,32.10,1168600,30.18
2008-09-16,31.80,33.88,31.11,33.88,438500,31.85
2008-09-15,32.00,33.69,31.46,32.22,419300,30.29
2008-09-12,32.31,33.53,32.12,33.38,397800,31.38
2008-09-11,30.16,32.68,30.16,32.63,223300,30.68
2008-09-10,32.32,32.45,30.82,31.76,359700,29.86
2008-09-09,33.65,34.01,32.32,32.33,249100,30.40
2008-09-08,35.24,35.36,32.60,33.87,546500,31.84
2008-09-05,30.73,32.27,30.45,32.22,305100,30.29
2008-09-04,32.06,32.12,30.93,30.94,117700,29.09
2008-09-03,31.59,32.25,31.19,32.25,186700,30.32
2008-09-02,31.67,31.98,31.17,31.64,137700,29.75
2008-08-29,30.72,31.14,30.33,30.88,59500,29.03
2008-08-28,29.83,30.71,29.75,30.71,176300,28.87
2008-08-27,29.04,29.82,29.01,29.60,147100,27.83
2008-08-26,29.01,29.37,28.56,29.18,48800,27.43
2008-08-25,29.67,29.82,28.99,28.99,290800,27.26
2008-08-22,29.35,30.12,29.18,30.12,131000,28.32
2008-08-21,29.00,29.28,28.80,29.13,71600,27.39
2008-08-20,29.11,29.46,28.37,29.46,446700,27.70
2008-08-19,29.75,29.82,28.84,29.22,547900,27.47
2008-08-18,31.41,31.41,29.97,30.19,328600,28.38
2008-08-15,30.52,31.67,30.52,31.15,248400,29.29
2008-08-14,29.48,30.62,29.48,30.55,217000,28.72
2008-08-13,30.65,30.65,29.25,29.82,275700,28.04
2008-08-12,32.12,32.12,30.55,30.80,274000,28.96
2008-08-11,31.33,32.61,30.98,32.19,246900,30.26
2008-08-08,30.22,31.37,30.00,31.12,348500,29.26
2008-08-07,31.17,31.58,29.75,30.17,505300,28.36
2008-08-06,31.22,31.56,30.50,31.47,224800,29.59
2008-08-05,30.47,31.39,30.13,31.30,211100,29.43
2008-08-04,30.20,30.35,29.22,29.91,252600,28.12
2008-08-01,29.60,30.27,29.10,30.14,233800,28.34
2008-07-31,29.50,30.28,29.34,29.68,252800,27.90
2008-07-30,30.43,30.53,29.16,29.90,589500,28.11
2008-07-29,27.72,29.49,27.43,29.43,466000,27.67
2008-07-28,28.35,28.91,27.20,27.39,450500,25.75
2008-07-25,28.94,29.08,27.77,28.32,244500,26.63
2008-07-24,30.18,30.32,28.24,28.44,379200,26.74
2008-07-23,30.88,31.56,29.62,30.33,947900,28.52
2008-07-22,27.38,30.23,26.37,30.23,545000,28.42
2008-07-21,28.82,29.07,27.72,27.73,396200,26.07
2008-07-18,28.34,28.57,27.27,28.27,454500,26.58
2008-07-17,26.94,28.41,26.00,27.97,545900,26.30
2008-07-16,22.93,25.83,22.81,25.60,969900,24.07
2008-07-15,22.04,23.69,21.43,22.36,775200,21.02
2008-07-14,26.36,26.36,22.90,22.94,493500,21.57
2008-07-11,25.00,25.81,24.55,25.35,172200,23.83
2008-07-10,25.56,26.04,25.11,25.58,105400,24.05
2008-07-09,27.16,27.22,25.47,25.61,311500,24.08
2008-07-08,24.94,26.98,24.91,26.93,295600,25.32
2008-07-07,26.09,26.40,24.62,25.03,154200,23.53
2008-07-03,26.86,27.10,25.96,25.97,472400,24.42
2008-07-02,27.44,28.03,26.70,26.74,157300,25.14
2008-07-01,26.11,27.21,26.08,27.21,277000,25.58
2008-06-30,27.14,27.29,26.50,26.58,637700,24.99
2008-06-27,27.41,27.80,26.95,27.19,149000,25.56
2008-06-26,27.55,28.01,27.49,27.53,224400,25.88
2008-06-25,28.25,29.33,27.96,28.13,547400,26.45
2008-06-24,27.75,28.75,27.40,28.38,211300,26.33
2008-06-23,28.75,28.99,27.79,27.81,370000,25.80
2008-06-20,28.02,29.23,27.76,28.71,202100,26.63
2008-06-19,28.51,28.67,27.64,28.51,114900,26.45
2008-06-18,29.11,29.11,28.17,28.52,255500,26.46
2008-06-17,31.01,31.02,29.53,29.53,113000,27.39
2008-06-16,29.72,30.83,29.72,30.62,121400,28.41
2008-06-13,30.43,30.69,29.35,30.02,271500,27.85
2008-06-12,30.37,30.99,30.01,30.32,35600,28.13
2008-06-11,31.32,31.36,30.11,30.14,52600,27.96
2008-06-10,30.68,31.91,30.68,31.32,115300,29.05
2008-06-09,32.00,32.23,30.74,31.08,256500,28.83
2008-06-06,33.20,33.20,31.98,32.04,100500,29.72
2008-06-05,33.34,33.64,33.16,33.56,316800,31.13
2008-06-04,33.28,33.76,32.97,33.13,103500,30.73
2008-06-03,33.92,34.13,33.07,33.47,113500,31.05
2008-06-02,34.08,34.19,33.55,33.88,93000,31.43
2008-05-30,34.70,34.70,34.16,34.31,183200,31.83
2008-05-29,34.14,34.89,34.14,34.72,67300,32.21
2008-05-28,34.95,34.95,33.70,34.09,167300,31.62
2008-05-27,34.60,34.95,34.39,34.80,53700,32.28
2008-05-23,34.78,34.86,34.51,34.57,111500,32.07
2008-05-22,34.76,35.38,34.66,35.10,162400,32.56
2008-05-21,35.14,35.42,34.50,34.64,156900,32.13
2008-05-20,35.49,35.49,35.07,35.14,141500,32.60
2008-05-19,35.97,36.30,35.63,35.67,227100,33.09
2008-05-16,36.61,36.61,35.55,35.82,71700,33.23
2008-05-15,36.21,36.68,36.00,36.65,50800,34.00
2008-05-14,36.46,36.49,36.21,36.26,22400,33.64
2008-05-13,36.54,36.64,36.06,36.19,106000,33.57
2008-05-12,35.68,36.52,35.68,36.49,50800,33.85
2008-05-09,35.49,36.26,35.43,35.68,40200,33.10
2008-05-08,36.28,36.28,35.64,35.81,74800,33.22
2008-05-07,37.45,37.45,36.15,36.22,53200,33.60
2008-05-06,36.92,37.49,36.37,37.35,48800,34.65
2008-05-05,37.49,37.61,37.03,37.23,58900,34.54
2008-05-02,38.14,38.65,37.39,37.60,82200,34.88
2008-05-01,36.37,38.04,36.37,37.91,170000,35.17
2008-04-30,36.77,37.07,36.23,36.31,94600,33.68
2008-04-29,36.94,37.11,36.61,36.71,32800,34.05
2008-04-28,36.82,37.31,36.59,36.99,115300,34.31
2008-04-25,36.48,36.91,35.83,36.88,32400,34.21
2008-04-24,35.27,36.37,35.26,36.28,108800,33.66
2008-04-23,35.23,35.36,34.66,34.86,128500,32.34
2008-04-22,34.99,35.41,34.69,35.26,190200,32.71
2008-04-21,36.00,36.20,35.12,35.13,74900,32.59
2008-04-18,36.75,37.24,36.17,36.30,254200,33.67
2008-04-17,35.28,36.07,34.73,35.94,240400,33.34
2008-04-16,34.57,35.37,34.57,35.37,64900,32.81
2008-04-15,33.76,34.45,33.56,34.18,281600,31.71
2008-04-14,34.70,34.76,33.32,33.37,128700,30.96
2008-04-11,34.89,35.54,34.77,34.83,58900,32.31
2008-04-10,35.23,35.67,34.82,35.33,76900,32.77
2008-04-09,36.07,36.19,35.24,35.27,31800,32.72
2008-04-08,36.43,36.55,35.82,36.02,202400,33.41
2008-04-07,36.66,37.26,36.40,36.73,75200,34.07
2008-04-04,37.26,37.26,36.17,36.19,89000,33.57
2008-04-03,37.14,37.32,36.74,37.12,90800,34.44
2008-04-02,37.51,38.07,37.07,37.24,116300,34.55
2008-04-01,35.82,37.29,35.82,37.29,111800,34.59
2008-03-31,35.35,35.96,35.00,35.29,106300,32.74
2008-03-28,36.33,36.33,35.14,35.15,123700,32.61
2008-03-27,37.00,37.01,35.90,36.08,207300,33.47
2008-03-26,37.88,37.88,36.55,36.75,226500,34.09
2008-03-25,38.04,38.23,37.28,37.96,234200,35.21
2008-03-24,38.35,39.33,38.08,38.18,238000,35.42
2008-03-20,35.67,37.95,35.67,37.90,155400,35.16
2008-03-19,37.04,37.10,35.71,35.74,367900,33.15
2008-03-18,35.24,36.27,34.90,36.23,429900,33.61
2008-03-17,35.00,35.01,33.47,34.72,329200,32.21
2008-03-14,36.58,36.63,34.76,35.23,630700,32.68
2008-03-13,35.20,36.60,34.62,36.38,564200,33.75
2008-03-12,36.94,37.86,35.91,35.92,325800,33.32
2008-03-11,35.20,36.71,34.68,36.63,289300,33.98
2008-03-10,34.19,34.85,33.71,33.96,155600,31.50
2008-03-07,34.00,35.08,33.58,34.35,252300,31.87
2008-03-06,34.79,35.14,34.10,34.11,244700,31.64
2008-03-05,35.53,36.21,34.99,35.20,167400,32.65
2008-03-04,35.01,35.69,34.37,35.53,214300,32.96
2008-03-03,35.89,35.96,35.28,35.65,137500,33.07
2008-02-29,36.98,36.98,35.97,36.08,187400,33.47
2008-02-28,38.25,38.25,37.33,37.44,137300,34.73
2008-02-27,38.19,39.15,38.07,38.54,72500,35.75
2008-02-26,38.12,39.02,38.07,38.56,406700,35.77
2008-02-25,38.25,38.47,37.29,38.37,278700,35.59
2008-02-22,37.70,38.11,36.77,38.11,308300,35.35
2008-02-21,38.90,38.90,37.36,37.43,300700,34.72
2008-02-20,37.10,38.34,37.02,38.20,163400,35.44
2008-02-19,38.82,38.82,37.35,37.51,136400,34.80
2008-02-15,37.25,38.22,36.82,38.22,127300,35.46
2008-02-14,38.95,38.95,37.92,38.05,130300,35.30
2008-02-13,39.39,39.39,37.93,38.70,182800,35.90
2008-02-12,38.71,39.07,38.12,38.61,313200,35.82
2008-02-11,38.56,38.56,37.72,38.09,122800,35.33
2008-02-08,39.22,39.29,37.95,38.60,114400,35.81
2008-02-07,38.22,39.50,38.22,39.36,196900,36.51
2008-02-06,38.87,39.43,38.18,38.54,149900,35.75
2008-02-05,39.23,39.55,38.71,38.71,115500,35.91
2008-02-04,41.35,41.35,39.84,39.90,827700,37.01
2008-02-01,40.77,41.50,40.68,41.46,313200,38.46
2008-01-31,38.55,40.97,38.22,40.64,741800,37.70
2008-01-30,39.57,40.54,39.05,39.19,109900,36.36
2008-01-29,39.20,39.51,38.31,39.51,196400,36.65
2008-01-28,37.34,38.81,36.99,38.81,202500,36.00
2008-01-25,39.01,39.01,37.15,37.49,265800,34.78
2008-01-24,37.92,38.40,37.30,38.16,100700,35.40
2008-01-23,34.77,37.98,33.74,37.58,257400,34.86
2008-01-22,34.93,35.77,32.27,34.99,422000,32.46
2008-01-18,34.20,34.53,33.13,33.79,49700,31.35
2008-01-17,35.50,35.50,33.92,33.95,273300,31.49
2008-01-16,34.63,35.95,34.58,35.37,47500,32.81
2008-01-15,34.87,34.93,34.19,34.52,96600,32.02
2008-01-14,35.69,35.75,34.90,35.34,62500,32.78
2008-01-11,35.21,36.21,34.78,35.51,74500,32.94
2008-01-10,34.18,35.96,33.61,35.34,57500,32.78
2008-01-09,33.79,34.45,33.00,34.44,161500,31.95
2008-01-08,35.64,35.67,33.92,34.00,411100,31.54
2008-01-07,35.28,35.89,34.74,35.36,39400,32.80
2008-01-04,35.95,35.95,34.90,35.00,71400,32.47
2008-01-03,36.98,36.98,36.31,36.31,61100,33.68
2008-01-02,37.63,37.63,36.66,36.67,60300,34.02
2007-12-31,37.41,38.01,37.05,37.60,113100,34.88
2007-12-28,37.97,38.03,37.35,37.49,69900,34.78
2007-12-27,38.11,38.25,37.63,37.75,57400,35.02
2007-12-26,38.71,38.83,38.46,38.83,76300,36.02
2007-12-24,38.63,39.12,38.61,38.86,27300,36.05
2007-12-21,38.02,38.66,37.45,38.52,114300,35.73
2007-12-20,37.89,37.92,37.00,37.61,27100,34.89
2007-12-19,37.94,38.18,37.40,37.64,35900,34.92
2007-12-18,38.06,38.06,37.12,37.88,61200,35.14
2007-12-17,37.97,38.32,37.67,37.69,47000,34.96
2007-12-14,38.85,39.05,38.15,38.16,123400,35.40
2007-12-13,39.27,39.27,38.25,39.11,67200,36.28
2007-12-12,41.44,41.46,38.78,39.42,152900,36.57
2007-12-11,42.30,42.38,40.02,40.05,90500,37.15
2007-12-10,41.59,42.55,41.45,42.42,28700,39.35
2007-12-07,41.94,42.07,41.23,41.27,28600,38.28
2007-12-06,41.01,41.83,40.74,41.80,41100,38.78
2007-12-05,41.18,41.18,40.38,40.96,37100,38.00
2007-12-04,41.30,41.30,40.27,40.27,51900,37.36
2007-12-03,41.81,41.81,40.88,41.25,59900,38.27
2007-11-30,42.13,42.21,41.18,41.54,165800,38.54
2007-11-29,40.61,40.72,39.91,40.46,49700,37.53
2007-11-28,39.40,40.95,39.40,40.82,448500,37.87
2007-11-27,38.50,38.93,38.00,38.74,69200,35.94
2007-11-26,39.40,39.40,37.75,37.75,25500,35.02
2007-11-23,39.00,39.63,39.00,39.40,4600,36.55
2007-11-21,38.55,39.07,38.00,38.35,137400,35.58
2007-11-20,38.78,39.60,37.70,38.67,49800,35.87
2007-11-19,39.35,39.51,38.46,39.02,50900,36.20
2007-11-16,40.50,40.50,39.54,39.91,30500,37.02
2007-11-15,41.56,41.56,40.03,40.38,72500,37.46
2007-11-14,42.80,43.05,41.61,41.62,51100,38.61
2007-11-13,41.06,42.39,41.06,42.35,37300,39.29
2007-11-12,41.21,41.75,40.55,40.74,36500,37.79
2007-11-09,38.96,40.99,38.96,40.29,245900,37.38
2007-11-08,39.72,39.84,38.58,39.84,83700,36.96
2007-11-07,40.72,40.72,39.04,39.04,67900,36.22
2007-11-06,40.85,41.34,40.34,41.34,186800,38.35
2007-11-05,40.18,40.86,40.05,40.60,51500,37.66
2007-11-02,41.80,41.80,40.47,40.78,103600,37.83
2007-11-01,42.88,42.88,41.62,41.65,127600,38.64
2007-10-31,43.60,44.05,43.05,43.61,29300,40.46
2007-10-30,43.52,43.61,43.20,43.45,11300,40.31
2007-10-29,43.70,43.85,43.26,43.49,27300,40.34
2007-10-26,43.44,43.65,42.56,43.60,38800,40.45
2007-10-25,42.42,43.05,42.00,42.45,18500,39.38
2007-10-24,42.38,42.55,41.62,42.50,67200,39.43
2007-10-23,42.98,42.98,42.50,42.77,36900,39.68
2007-10-22,42.25,42.95,42.25,42.71,29400,39.62
2007-10-19,43.40,43.49,42.50,42.50,26300,39.43
2007-10-18,43.27,43.80,43.11,43.52,160300,40.37
2007-10-17,44.70,44.70,43.52,44.09,15400,40.90
2007-10-16,45.03,45.05,44.29,44.29,46300,41.09
2007-10-15,46.00,46.08,45.10,45.34,20300,42.06
2007-10-12,46.49,46.63,46.04,46.06,11300,42.73
2007-10-11,46.96,47.16,46.52,46.52,14300,43.16
2007-10-10,47.35,47.35,46.78,46.85,14300,43.46
2007-10-09,47.28,47.38,46.93,47.38,85100,43.95
2007-10-08,47.33,47.47,47.19,47.19,16000,43.78
2007-10-05,47.48,47.76,47.26,47.59,12400,44.15
2007-10-04,47.37,47.37,47.00,47.02,9800,43.62
2007-10-03,46.98,47.34,46.83,46.99,25700,43.59
2007-10-02,46.87,47.04,46.65,46.95,14100,43.55
2007-10-01,45.65,46.63,45.61,46.49,11700,43.13
2007-09-28,46.10,46.10,45.56,45.69,6900,42.39
2007-09-27,45.85,46.20,45.85,46.20,14100,42.86
2007-09-26,45.88,46.13,45.66,45.80,16800,42.49
2007-09-25,45.70,45.99,45.67,45.78,9600,42.47
2007-09-24,47.04,47.04,46.27,46.35,8900,42.68
2007-09-21,47.50,47.58,46.99,47.03,3300,43.31
2007-09-20,48.35,48.35,47.27,47.48,13000,43.73
2007-09-19,48.50,48.94,48.37,48.37,12500,44.55
2007-09-18,46.50,48.12,45.98,48.12,52700,44.31
2007-09-17,45.85,46.15,45.85,46.14,3700,42.49
2007-09-14,45.40,46.15,45.40,46.14,5300,42.49
2007-09-13,45.85,45.92,45.63,45.85,1700,42.22
2007-09-12,45.28,45.59,45.28,45.47,7500,41.87
2007-09-11,45.47,45.96,45.37,45.65,5700,42.04
2007-09-10,45.20,45.57,44.73,45.14,7300,41.57
2007-09-07,45.39,45.42,45.32,45.42,1500,41.83
2007-09-06,45.99,46.10,45.45,46.07,13100,42.43
2007-09-05,46.20,46.20,45.60,45.77,76700,42.15
2007-09-04,46.30,46.86,46.30,46.65,74500,42.96
2007-08-31,46.65,46.68,46.22,46.56,16000,42.88
2007-08-30,46.00,46.46,45.84,45.95,4300,42.32
2007-08-29,45.98,46.58,45.50,46.56,8900,42.88
2007-08-28,46.43,46.43,45.64,45.64,6300,42.03
2007-08-27,47.40,47.40,47.01,47.02,21100,43.30
2007-08-24,47.30,47.60,46.81,47.59,17100,43.83
2007-08-23,48.20,48.20,47.13,47.29,23800,43.55
2007-08-22,48.30,48.33,47.23,47.84,93800,44.06
2007-08-21,47.20,48.09,47.20,47.77,20400,43.99
2007-08-20,48.00,48.00,46.64,47.13,24200,43.40
2007-08-17,48.43,48.75,47.04,47.77,101400,43.99
2007-08-16,44.06,46.27,43.71,46.27,51700,42.61
2007-08-15,43.75,44.86,43.75,43.90,12000,40.43
2007-08-14,44.80,44.93,44.07,44.07,7900,40.59
2007-08-13,46.00,46.00,44.80,44.80,65000,41.26
2007-08-10,44.60,45.86,44.60,45.58,34900,41.98
2007-08-09,45.85,46.38,45.23,45.41,6000,41.82
2007-08-08,46.55,47.73,46.00,47.09,119400,43.37
2007-08-07,45.40,46.69,45.40,46.21,46900,42.56
2007-08-06,43.76,45.77,43.28,45.63,42900,42.02
2007-08-03,45.30,45.30,43.34,43.34,18800,39.91
2007-08-02,45.65,46.03,45.26,45.52,12300,41.92
2007-08-01,45.00,45.09,44.46,44.55,13200,41.03
2007-07-31,46.46,46.60,45.14,45.15,31600,41.58
2007-07-30,45.21,45.98,44.85,45.98,8400,42.34
2007-07-27,45.60,45.88,45.37,45.37,15700,41.78
2007-07-26,46.40,46.40,45.16,45.68,149100,42.07
2007-07-25,46.75,47.04,46.28,46.74,42300,43.04
2007-07-24,47.30,47.30,46.30,46.32,30000,42.66
2007-07-23,48.30,48.30,47.80,47.80,5100,44.02
2007-07-20,48.65,48.65,47.90,47.94,53700,44.15
2007-07-19,49.21,49.21,48.55,48.77,17800,44.91
2007-07-18,49.34,49.34,48.58,48.92,69600,45.05
2007-07-17,49.89,49.89,49.78,49.78,2100,45.84
2007-07-16,49.79,50.03,49.75,49.75,100100,45.82
2007-07-13,49.70,49.97,49.63,49.85,63100,45.91
2007-07-12,49.10,49.79,49.10,49.79,53500,45.85
2007-07-11,48.63,48.78,48.48,48.48,25700,44.65
2007-07-10,49.20,49.20,48.64,48.64,19100,44.79
2007-07-09,49.77,49.77,49.48,49.55,34900,45.63
2007-07-06,49.80,49.95,49.80,49.95,10400,46.00
2007-07-05,50.00,50.00,49.72,49.82,4100,45.88
2007-07-03,50.10,50.12,50.03,50.03,6500,46.07
2007-07-02,49.75,49.81,49.61,49.74,6200,45.81
2007-06-29,49.72,49.82,49.17,49.19,215800,45.30
2007-06-28,49.40,49.95,49.40,49.69,3000,45.76
2007-06-27,49.55,49.93,49.55,49.93,1600,45.98
2007-06-26,49.80,49.97,49.59,49.65,22800,45.72
2007-06-25,50.05,50.05,49.55,49.55,800,45.63
2007-06-22,50.09,50.09,49.73,49.73,5000,45.80
2007-06-21,50.24,50.49,50.19,50.39,6100,46.41
2007-06-20,51.19,51.19,50.51,50.51,2100,46.52
2007-06-19,51.04,51.20,50.99,51.20,3300,47.15
2007-06-18,51.07,51.18,50.97,51.09,40600,47.05
2007-06-15,51.03,51.24,50.93,51.04,101100,47.00
2007-06-14,50.74,50.76,50.67,50.72,28500,46.71
2007-06-13,50.37,50.60,50.34,50.60,1700,46.60
2007-06-12,50.50,50.59,50.03,50.03,14100,46.07
2007-06-11,50.50,50.77,50.39,50.73,7500,46.72
2007-06-08,50.09,50.46,50.02,50.46,3300,46.47
2007-06-07,50.43,50.46,50.00,50.00,15600,46.05
2007-06-06,50.64,50.68,50.61,50.67,3400,46.66
2007-06-05,51.29,51.29,51.01,51.10,1600,47.06
2007-06-04,51.50,51.52,51.46,51.50,13100,47.43
2007-06-01,51.34,51.60,51.34,51.56,800,47.48
2007-05-31,51.22,51.28,51.21,51.28,1100,47.23
2007-05-30,50.92,51.31,50.92,51.28,900,47.23
2007-05-29,51.12,51.16,50.92,51.07,1100,47.03
2007-05-25,50.89,51.03,50.89,51.03,2100,46.99
2007-05-24,51.07,51.50,50.97,50.97,3600,46.94
2007-05-23,51.52,51.56,51.33,51.33,1100,47.27
2007-05-22,51.10,51.52,51.10,51.52,6500,47.45
2007-05-21,51.32,51.32,51.30,51.30,1200,47.24
2007-05-18,51.45,51.45,51.22,51.32,1700,47.26
2007-05-17,51.25,51.26,51.00,51.22,1700,47.17
2007-05-16,51.03,51.17,50.98,51.17,500,47.12
2007-05-15,51.10,51.33,50.85,50.85,1800,46.83
2007-05-14,51.35,51.35,50.93,50.93,3300,46.90
2007-05-11,51.13,51.25,51.11,51.25,2700,47.20
2007-05-10,51.35,51.35,50.91,50.91,20700,46.88
2007-05-09,51.29,51.65,51.29,51.55,4300,47.47
2007-05-08,51.15,51.33,51.15,51.31,3000,47.25
2007-05-07,51.40,51.40,51.38,51.40,1300,47.34
2007-05-04,51.25,51.31,51.20,51.20,2500,47.15
2007-05-03,50.93,51.14,50.89,51.14,5900,47.10
2007-05-02,50.83,50.86,50.75,50.76,7400,46.75
2007-05-01,50.58,50.62,50.20,50.62,7300,46.62
2007-04-30,50.73,50.88,50.42,50.42,37400,46.43
2007-04-27,50.71,51.00,50.71,51.00,800,46.97
2007-04-26,50.87,51.08,50.85,51.08,1400,47.04
2007-04-25,50.58,50.85,50.56,50.85,900,46.83
2007-04-24,50.54,50.55,50.21,50.44,13200,46.45
2007-04-23,51.22,51.22,50.74,50.75,900,46.74
2007-04-20,51.12,51.12,50.99,51.05,3600,47.01
2007-04-19,50.65,50.99,50.62,50.89,2400,46.87
2007-04-18,50.60,50.95,50.60,50.90,1900,46.88
2007-04-17,50.43,50.58,50.39,50.39,7600,46.41
2007-04-16,49.89,50.59,49.89,50.50,27100,46.51
2007-04-13,49.15,49.60,49.15,49.60,22500,45.68
2007-04-12,49.30,49.30,48.92,49.20,17900,45.31
2007-04-11,49.75,49.75,49.29,49.29,9500,45.39
2007-04-10,49.87,49.87,49.72,49.74,3100,45.81
2007-04-09,49.83,49.83,49.69,49.70,2200,45.77
2007-04-05,49.85,50.05,49.84,50.05,20600,46.09
2007-04-04,50.20,50.20,49.97,50.03,8400,46.07
2007-04-03,50.12,50.39,50.01,50.32,7300,46.34
2007-04-02,50.01,50.01,49.45,49.61,12200,45.69
2007-03-30,50.50,50.50,50.19,50.31,700,46.33
2007-03-29,50.43,50.71,50.43,50.48,3200,46.49
2007-03-28,50.65,50.65,50.18,50.18,2200,46.21
2007-03-27,50.85,50.87,50.72,50.75,2000,46.74
2007-03-26,51.15,51.16,50.73,51.04,7100,47.00
2007-03-23,51.33,51.36,51.28,51.32,2500,47.26
2007-03-22,51.98,51.98,51.48,51.48,16900,47.16
2007-03-21,50.85,51.99,50.67,51.89,8300,47.54
2007-03-20,50.48,50.85,50.48,50.78,39700,46.52
2007-03-19,50.37,50.46,50.31,50.34,3100,46.12
2007-03-16,50.32,50.32,49.86,49.92,7700,45.74
2007-03-15,49.60,50.01,49.60,49.97,2900,45.78
2007-03-14,49.36,49.54,48.78,49.52,14300,45.37
2007-03-13,50.50,50.50,49.29,49.29,11400,45.16
2007-03-12,50.63,50.93,50.63,50.93,600,46.66
2007-03-09,51.14,51.14,50.83,50.90,2900,46.63
2007-03-08,50.94,51.14,50.88,50.88,11000,46.61
2007-03-07,50.90,50.90,50.62,50.62,4100,46.38
2007-03-06,50.60,51.05,50.44,51.00,50300,46.72
2007-03-05,50.60,50.82,50.12,50.12,6100,45.92
2007-03-02,51.20,51.47,51.10,51.10,7000,46.82
2007-03-01,50.80,51.52,50.80,51.41,4800,47.10
2007-02-28,51.14,51.68,51.14,51.58,34200,47.26
2007-02-27,52.05,52.26,51.20,51.30,38500,47.00
2007-02-26,53.05,53.06,52.51,52.62,1400,48.21
2007-02-23,52.98,52.98,52.77,52.86,6500,48.43
2007-02-22,53.25,53.25,53.08,53.12,4300,48.67
2007-02-21,53.17,53.28,53.15,53.20,18100,48.74
2007-02-20,53.30,53.49,53.02,53.49,5600,49.01
2007-02-16,53.08,53.17,53.07,53.17,5000,48.71
2007-02-15,52.90,52.94,52.83,52.93,21300,48.49
2007-02-14,52.65,52.98,52.65,52.88,5800,48.45
2007-02-13,52.38,52.55,52.38,52.55,1100,48.14
2007-02-12,51.99,52.25,51.99,52.22,5400,47.84
2007-02-09,52.36,52.41,51.93,52.01,34600,47.65
2007-02-08,52.23,52.30,52.17,52.30,8600,47.92
2007-02-07,52.45,52.56,52.38,52.54,3600,48.14
2007-02-06,52.12,52.42,52.10,52.33,61800,47.94
2007-02-05,52.15,52.16,51.96,52.05,3700,47.69
2007-02-02,51.87,52.16,51.87,52.09,4900,47.72
2007-02-01,51.64,51.74,51.63,51.74,12500,47.40
2007-01-31,51.15,51.58,51.09,51.57,3700,47.25
2007-01-30,51.05,51.22,51.05,51.22,2900,46.93
2007-01-29,51.08,51.14,51.04,51.04,3600,46.76
2007-01-26,50.93,51.15,50.84,51.08,43500,46.80
2007-01-25,51.45,51.45,50.93,50.95,9200,46.68
2007-01-24,51.13,51.36,51.08,51.36,68700,47.05
2007-01-23,51.06,51.07,50.85,51.03,9200,46.75
2007-01-22,51.02,51.06,50.92,51.05,3500,46.77
2007-01-19,51.13,51.20,51.00,51.12,3300,46.83
2007-01-18,51.18,51.37,51.15,51.30,37100,47.00
2007-01-17,51.15,51.29,51.07,51.14,5600,46.85
2007-01-16,51.58,51.58,51.38,51.48,25300,47.16
2007-01-12,51.50,51.64,51.50,51.62,4400,47.29
2007-01-11,51.63,51.66,51.50,51.60,22800,47.27
2007-01-10,51.20,51.53,51.20,51.48,2100,47.16
2007-01-09,51.60,51.67,51.09,51.31,1700,47.01
2007-01-08,51.30,51.44,51.08,51.43,14600,47.12
2007-01-05,51.95,51.95,51.38,51.40,18100,47.09
2007-01-04,52.01,52.18,51.89,52.14,23500,47.77
2007-01-03,52.00,52.44,51.98,52.07,37600,47.70
2006-12-29,52.25,52.26,51.90,51.90,2800,47.55
2006-12-28,52.40,52.58,52.29,52.37,2000,47.98
2006-12-27,52.40,52.52,52.40,52.52,3100,48.12
2006-12-26,51.89,52.08,51.89,52.08,400,47.71
2006-12-22,51.80,51.80,51.66,51.70,3500,47.37
2006-12-21,51.81,51.90,51.73,51.78,1900,47.44
2006-12-20,51.70,51.85,51.68,51.85,800,47.50
2006-12-19,52.06,52.06,51.91,52.05,1500,47.69
2006-12-18,52.10,52.13,51.97,52.01,6700,47.65
2006-12-15,52.09,52.10,52.02,52.05,2500,47.69
2006-12-14,51.49,51.91,51.49,51.90,3000,47.55
2006-12-13,51.36,51.56,51.36,51.52,6100,47.20
2006-12-12,50.90,51.29,50.90,51.29,2200,46.99
2006-12-11,51.00,51.00,51.00,51.00,300,46.72
2006-12-08,50.60,50.86,50.60,50.74,1300,46.49
2006-12-07,51.20,51.26,50.89,50.89,9600,46.62
2006-12-06,50.97,51.06,50.97,51.02,2300,46.74
2006-12-05,51.02,51.19,50.89,51.19,3700,46.90
2006-12-04,50.79,51.08,50.79,50.98,34100,46.71
2006-12-01,50.34,50.34,49.95,50.18,1500,45.97
2006-11-30,50.25,50.32,49.99,50.31,9800,46.09
2006-11-29,50.05,50.22,50.05,50.20,900,45.99
2006-11-28,49.70,49.87,49.70,49.80,1300,45.63
2006-11-27,49.92,49.92,49.80,49.80,3000,45.63
2006-11-24,50.35,50.41,50.35,50.41,300,46.18
2006-11-22,50.40,50.62,50.40,50.49,3300,46.26
2006-11-21,50.56,50.56,50.43,50.43,700,46.20
2006-11-20,50.64,50.75,50.59,50.66,4500,46.41
2006-11-17,50.57,50.64,50.52,50.60,2700,46.36
2006-11-16,50.61,50.77,50.61,50.76,1300,46.50
2006-11-15,50.40,50.45,50.35,50.43,13000,46.20
2006-11-14,49.99,50.28,49.92,50.28,4300,46.06
2006-11-13,50.10,50.25,50.10,50.19,2600,45.98
2006-11-10,50.03,50.06,49.94,49.95,1500,45.76
2006-11-09,49.94,50.08,49.94,49.97,8000,45.78
2006-11-08,49.95,50.17,49.90,50.09,6200,45.89
2006-11-07,49.90,50.09,49.90,49.94,5800,45.75
2006-11-06,49.60,49.85,49.60,49.85,2700,45.67
2006-11-03,49.80,49.80,49.37,49.47,4600,45.32
2006-11-02,49.50,49.55,49.45,49.46,2700,45.31
2006-11-01,50.05,50.05,49.73,49.73,3500,45.56
2006-10-31,50.15,50.17,50.01,50.06,32200,45.86
2006-10-30,49.93,50.08,49.92,50.08,2400,45.88
2006-10-27,49.98,50.04,49.87,49.89,1200,45.71
2006-10-26,49.90,50.20,49.75,50.20,3000,45.99
2006-10-25,49.72,49.95,49.71,49.95,42200,45.76
2006-10-24,49.74,49.84,49.61,49.84,3200,45.66
2006-10-23,49.61,49.82,49.49,49.74,5600,45.57
2006-10-20,49.80,49.80,49.50,49.55,6200,45.40
2006-10-19,50.00,50.00,49.56,49.73,5000,45.56
2006-10-18,50.22,50.22,49.96,50.13,2800,45.93
2006-10-17,50.00,50.26,50.00,50.19,6200,45.98
2006-10-16,50.60,50.60,50.31,50.31,2400,46.09
2006-10-13,50.60,50.66,50.51,50.51,4300,46.28
2006-10-12,50.51,50.51,50.45,50.50,1300,46.27
2006-10-11,50.24,50.41,50.21,50.30,2200,46.08
2006-10-10,50.35,50.44,50.16,50.22,2400,46.01
2006-10-09,50.05,50.27,49.92,50.27,6700,46.06
2006-10-06,50.15,50.15,49.86,50.01,12400,45.82
2006-10-05,50.00,50.09,50.00,50.09,3000,45.89
2006-10-04,49.58,49.97,49.58,49.97,4600,45.78
2006-10-03,49.58,49.71,49.56,49.62,4600,45.46
2006-10-02,49.56,49.62,49.27,49.41,4900,45.27
2006-09-29,50.00,50.00,49.71,49.71,700,45.54
2006-09-28,49.98,50.02,49.92,50.02,2400,45.83
2006-09-27,50.02,50.05,49.85,49.96,20100,45.77
2006-09-26,49.65,49.92,49.65,49.88,5700,45.70
2006-09-25,50.15,50.44,50.02,50.44,2600,46.21
2006-09-22,49.88,49.90,49.88,49.90,1300,45.72
2006-09-21,50.40,50.40,49.96,50.04,1600,45.84
2006-09-20,50.00,50.40,50.00,50.33,2100,46.11
2006-09-19,50.05,50.05,49.64,49.81,5100,45.63
2006-09-18,50.15,50.15,49.91,49.98,11900,45.79
2006-09-15,50.12,50.21,50.08,50.21,2800,46.00
2006-09-14,49.79,49.89,49.79,49.82,3600,45.64
2006-09-13,49.53,49.79,49.53,49.77,3600,45.60
2006-09-12,49.00,49.66,49.00,49.59,8900,45.43
2006-09-11,48.95,49.12,48.95,49.04,31800,44.93
2006-09-08,48.86,49.05,48.82,49.05,6200,44.94
2006-09-07,49.17,49.17,48.82,48.82,11500,44.73
2006-09-06,49.28,49.41,49.28,49.31,1900,45.18
2006-09-05,49.29,49.48,49.29,49.48,800,45.33
2006-09-01,49.17,49.34,49.13,49.27,1100,45.14
2006-08-31,49.26,49.26,49.10,49.19,1200,45.07
2006-08-30,49.15,49.38,49.15,49.26,32700,45.13
2006-08-29,49.07,49.09,48.96,49.09,5200,44.97
2006-08-28,49.30,49.43,49.30,49.36,15200,45.22
2006-08-25,49.05,49.05,49.05,49.05,100,44.94
2006-08-24,49.42,49.54,49.42,49.54,2500,45.39
2006-08-23,49.72,49.72,49.34,49.39,64700,45.25
2006-08-22,49.69,49.83,49.68,49.71,3200,45.54
2006-08-21,49.84,49.84,49.63,49.65,1400,45.49
2006-08-18,49.83,49.89,49.83,49.89,30200,45.71
2006-08-17,49.87,49.96,49.83,49.95,94000,45.76
2006-08-16,49.93,49.99,49.70,49.97,155600,45.78
2006-08-15,49.51,49.83,49.51,49.83,45600,45.65
2006-08-14,49.21,49.40,49.02,49.02,32100,44.91
2006-08-11,49.23,49.23,48.98,49.16,4000,45.04
2006-08-10,49.44,49.44,49.25,49.38,800,45.24
2006-08-09,50.10,50.10,49.20,49.20,1800,45.08
2006-08-08,50.35,50.35,49.88,49.88,4500,45.70
2006-08-07,50.24,50.26,50.06,50.09,2500,45.89
2006-08-04,50.20,50.56,50.06,50.15,2900,45.95
2006-08-03,49.50,49.96,49.50,49.96,1200,45.77
2006-08-02,49.50,49.64,49.37,49.47,6800,45.32
2006-08-01,49.27,49.27,49.27,49.27,600,45.14
2006-07-31,49.60,49.60,49.40,49.53,3600,45.38
2006-07-28,49.41,49.87,49.41,49.86,29200,45.68
2006-07-27,49.58,49.58,48.92,48.92,5900,44.82
2006-07-26,49.33,49.42,49.28,49.41,700,45.27
2006-07-25,49.23,49.48,49.22,49.39,4100,45.25
2006-07-24,49.12,49.33,49.12,49.33,1700,45.19
2006-07-21,49.15,49.15,48.92,48.92,1000,44.82
2006-07-20,49.40,49.44,49.17,49.17,1100,45.05
2006-07-19,48.50,49.44,48.50,49.41,2700,45.27
2006-07-18,48.34,48.34,48.00,48.34,37700,44.29
2006-07-17,47.93,48.12,47.93,48.12,400,44.09
2006-07-14,47.66,47.90,47.66,47.90,1600,43.88
2006-07-13,47.99,47.99,47.64,47.64,300,43.65
2006-07-12,48.38,48.38,48.04,48.04,1800,44.01
2006-07-11,48.13,48.53,48.09,48.52,15300,44.45
2006-07-10,48.41,48.41,48.41,48.41,200,44.35
2006-07-07,48.64,48.64,48.31,48.31,1400,44.26
2006-07-06,48.39,48.54,48.30,48.30,1900,44.25
2006-07-05,48.63,48.63,48.27,48.28,1800,44.23
2006-07-03,48.55,48.79,48.55,48.79,500,44.70
2006-06-30,48.70,48.70,48.53,48.57,700,44.50
2006-06-29,48.18,48.63,48.15,48.63,800,44.55
2006-06-28,47.77,47.88,47.77,47.88,200,43.87
2006-06-27,47.90,47.90,47.75,47.75,30700,43.75
2006-06-26,47.62,48.01,47.62,48.01,3800,43.99
2006-06-23,47.59,47.59,47.58,47.58,500,43.59
2006-06-22,48.22,48.22,48.02,48.06,900,44.03
2006-06-21,48.22,48.51,48.22,48.41,1200,44.25
2006-06-20,48.38,48.39,48.23,48.23,1200,44.08
2006-06-19,48.57,48.57,48.23,48.23,3700,44.08
2006-06-16,48.75,48.79,48.50,48.50,3400,44.33
2006-06-15,48.14,48.81,48.14,48.80,2900,44.60
2006-06-14,48.50,48.50,47.60,47.98,3800,43.86
2006-06-13,49.03,49.09,48.51,48.57,3500,44.39
2006-06-12,49.16,49.25,49.00,49.00,2200,44.79
2006-06-09,49.50,49.56,49.32,49.38,11700,45.13
2006-06-08,49.02,49.54,49.02,49.45,63200,45.20
2006-06-07,49.21,49.50,49.19,49.19,3700,44.96
2006-06-06,49.00,49.00,48.50,48.83,900,44.63
2006-06-05,49.42,49.55,49.00,49.00,1600,44.79
2006-06-02,49.90,49.90,49.52,49.74,4100,45.46
2006-06-01,48.90,49.39,48.90,49.39,44000,45.14
2006-05-31,48.76,48.81,48.76,48.81,2500,44.61
2006-05-30,49.00,49.00,48.65,48.65,4400,44.47
2006-05-26,49.11,49.11,49.11,49.11,300,44.89
2006-05-25,48.95,49.08,48.85,48.97,9700,44.76
2006-05-24,48.54,48.96,48.52,48.89,6800,44.69
2006-05-23,49.05,49.05,48.74,48.74,1700,44.55
2006-05-22,48.94,49.20,48.71,49.19,1800,44.96
2006-05-19,48.85,49.08,48.67,49.08,31000,44.86
2006-05-18,49.00,49.00,48.55,48.55,2100,44.38
2006-05-17,49.31,49.38,48.86,49.05,3800,44.83
2006-05-16,49.83,49.83,49.63,49.65,63400,45.38
2006-05-15,49.48,49.83,49.48,49.79,9700,45.51
2006-05-12,49.75,49.82,49.40,49.40,33400,45.15
2006-05-11,50.19,50.19,49.64,49.75,4100,45.47
2006-05-10,50.22,50.35,50.10,50.32,32300,45.99
2006-05-09,50.33,50.38,50.22,50.31,5100,45.98
2006-05-08,50.53,50.53,50.33,50.36,900,46.03
2006-05-05,49.84,50.12,49.84,50.12,600,45.81