2011-05-10,41.35,41.56,41.30,41.56,9800,41.56
2011-05-09,41.03,41.13,40.98,41.13,3600,41.13
2011-05-06,40.88,40.88,40.45,40.58,4400,40.58
2011-05-05,40.75,40.89,40.18,40.18,2200,40.18
2011-05-04,41.33,41.52,40.93,40.98,1500,40.98
2011-05-03,41.80,41.81,41.47,41.47,5200,41.47
2011-05-02,42.41,42.41,41.86,42.06,87000,42.06
2011-04-29,41.96,41.96,41.73,41.92,3200,41.92
2011-04-28,41.79,41.88,41.64,41.88,10800,41.88
2011-04-27,41.55,41.55,41.25,41.29,4000,41.29
2011-04-26,40.95,41.35,40.95,41.33,15400,41.33
2011-04-25,41.39,41.39,40.83,40.83,3000,40.83
2011-04-21,40.95,41.00,40.95,41.00,3300,41.00
2011-04-20,40.57,40.63,40.39,40.63,1200,40.63
2011-04-19,39.47,39.73,39.46,39.67,3500,39.67
2011-04-18,39.21,39.35,39.21,39.35,700,39.35
2011-04-15,39.99,40.18,39.99,39.99,3200,39.99
2011-04-14,40.05,40.19,39.95,40.16,3800,40.16
2011-04-13,40.11,40.15,39.90,39.95,4800,39.95
2011-04-12,40.01,40.01,39.67,39.67,3100,39.67
2011-04-11,40.34,40.43,40.15,40.20,56000,40.20
2011-04-08,40.36,40.44,40.36,40.44,600,40.44
2011-04-07,40.12,40.12,39.58,39.63,5100,39.63
2011-04-06,40.19,40.19,40.09,40.16,1200,40.16
2011-04-05,39.81,40.03,39.81,39.83,1500,39.83
2011-04-04,39.86,40.16,39.86,40.10,5300,40.10
2011-04-01,39.75,39.97,39.75,39.95,81100,39.95
2011-03-31,39.70,39.87,39.58,39.58,10000,39.58
2011-03-30,39.47,39.72,39.47,39.72,500,39.72
2011-03-29,39.26,39.30,39.06,39.24,3300,39.24
2011-03-28,39.22,39.22,39.06,39.06,1300,39.06
2011-03-25,39.23,39.23,38.90,39.09,2900,39.09
2011-03-24,39.17,39.47,39.13,39.47,3700,39.47
2011-03-23,38.64,38.95,38.51,38.94,4800,38.94
2011-03-22,38.93,38.93,38.68,38.87,9000,38.87
2011-03-21,38.83,38.88,38.56,38.86,47800,38.86
2011-03-18,38.19,38.24,37.90,37.93,900,37.93
2011-03-17,37.15,37.56,37.02,37.15,4400,37.15
2011-03-16,36.72,36.72,35.82,35.89,8200,35.89
2011-03-15,35.82,36.68,35.60,36.68,5900,36.68
2011-03-14,38.02,38.02,37.42,37.74,4100,37.74
2011-03-11,38.41,38.68,38.40,38.67,6100,38.67
2011-03-10,38.78,38.82,38.50,38.50,7300,38.50
2011-03-09,39.73,39.75,39.72,39.75,600,39.75
2011-03-08,39.58,39.76,39.52,39.52,13700,39.52
2011-03-07,40.00,40.13,39.52,39.80,6900,39.80
2011-03-04,39.95,40.00,39.72,39.79,4400,39.79
2011-03-03,39.81,40.02,39.81,39.99,6900,39.99
2011-03-02,39.60,39.62,39.54,39.62,500,39.62
2011-03-01,39.49,39.55,39.23,39.37,1800,39.37
2011-02-28,39.25,39.90,39.06,39.72,115300,39.72
2011-02-25,38.78,39.19,38.78,39.06,6000,39.06
2011-02-24,39.16,39.16,38.37,38.37,2900,38.37
2011-02-23,38.87,39.16,38.80,38.92,3400,38.92
2011-02-22,39.63,39.63,38.69,38.69,60400,38.69
2011-02-18,40.21,40.39,40.13,40.34,3100,40.34
2011-02-17,40.21,40.21,40.00,40.17,600,40.17
2011-02-16,39.86,40.08,39.82,39.97,1300,39.97
2011-02-15,39.75,39.86,39.73,39.75,6900,39.75
2011-02-14,40.06,40.09,39.79,39.93,3500,39.93
2011-02-11,39.79,39.79,39.79,39.79,000,39.79
2011-02-10,39.87,40.68,39.56,39.79,5000,39.79
2011-02-09,40.46,40.46,40.21,40.30,3300,40.30
2011-02-08,40.46,40.57,40.22,40.29,2100,40.29
2011-02-07,40.02,40.46,40.02,40.34,9400,40.34
2011-02-04,40.03,40.03,39.66,39.90,2900,39.90
2011-02-03,39.85,39.89,39.79,39.86,9100,39.86
2011-02-02,40.17,40.17,39.87,39.90,4500,39.90
2011-02-01,39.99,40.38,39.99,40.38,7300,40.38
2011-01-31,39.27,39.47,39.09,39.31,8300,39.31
2011-01-28,39.49,39.49,38.94,38.94,16200,38.94
2011-01-27,39.83,39.84,39.47,39.83,59600,39.83
2011-01-26,39.28,39.57,39.28,39.57,8200,39.57
2011-01-25,38.97,39.24,38.93,39.24,8800,39.24
2011-01-24,38.86,39.43,38.86,39.28,62800,39.28
2011-01-21,39.48,39.48,38.87,39.08,5000,39.08
2011-01-20,38.96,38.99,38.55,38.79,19300,38.79
2011-01-19,39.52,39.68,39.16,39.40,15800,39.40
2011-01-18,39.62,39.70,39.62,39.63,2000,39.63
2011-01-14,39.49,39.55,39.34,39.54,3600,39.54
2011-01-13,39.43,39.60,39.28,39.28,6000,39.28
2011-01-12,39.02,39.30,39.01,39.25,7500,39.25
2011-01-11,38.51,38.65,38.41,38.50,3400,38.50
2011-01-10,38.02,38.23,37.90,38.06,4000,38.06
2011-01-07,38.57,38.57,38.06,38.06,2600,38.06
2011-01-06,38.73,38.73,38.38,38.50,32600,38.50
2011-01-05,38.62,38.82,38.47,38.82,100800,38.82
2011-01-04,39.40,39.40,38.69,38.90,6300,38.90
2011-01-03,39.08,39.11,38.93,39.00,87500,39.00
2010-12-31,38.72,38.81,38.69,38.69,2600,38.69
2010-12-30,38.48,38.48,38.24,38.32,1900,38.32
2010-12-29,38.26,38.36,38.26,38.36,700,38.36
2010-12-28,37.64,37.78,37.57,37.78,6500,37.78
2010-12-27,36.98,37.62,36.98,37.59,5500,37.59
2010-12-23,37.74,37.80,37.59,37.80,1900,37.80
2010-12-22,37.69,37.81,37.69,37.81,3200,37.81
2010-12-21,37.72,37.72,37.53,37.64,1200,37.64
2010-12-20,37.81,37.81,37.49,37.49,1500,37.49
2010-12-17,38.45,38.45,38.06,38.08,3400,38.08
2010-12-16,38.15,38.15,38.15,38.15,400,38.15
2010-12-15,38.30,38.30,38.18,38.18,400,38.18
2010-12-14,38.56,38.56,38.35,38.40,900,38.40
2010-12-13,38.32,38.44,38.14,38.30,3600,38.30
2010-12-10,37.77,37.85,37.71,37.85,2900,37.85
2010-12-09,38.08,38.08,37.64,37.83,1600,37.83
2010-12-08,37.76,37.78,37.66,37.74,2300,37.74
2010-12-07,38.47,38.47,38.01,38.03,1600,38.03
2010-12-06,37.67,37.67,37.40,37.61,4400,37.61
2010-12-03,37.40,37.62,37.37,37.62,1600,37.62
2010-12-02,36.86,37.06,36.77,37.06,800,37.06
2010-12-01,36.00,36.28,35.90,36.27,1700,36.27
2010-11-30,35.47,35.47,35.28,35.32,107300,35.32
2010-11-29,35.43,35.59,35.40,35.44,3600,35.44
2010-11-26,36.31,36.31,35.97,35.97,1100,35.97
2010-11-24,36.29,36.29,36.29,36.29,100,36.29
2010-11-23,36.28,36.28,35.80,35.80,2300,35.80
2010-11-22,36.87,37.02,36.57,37.00,4100,37.00
2010-11-19,36.96,37.20,36.88,37.20,2300,37.20
2010-11-18,37.06,37.06,37.01,37.03,1700,37.03
2010-11-17,36.26,36.35,36.10,36.27,2000,36.27
2010-11-16,36.76,36.76,35.98,35.98,3400,35.98
2010-11-15,37.28,37.28,37.23,37.23,300,37.23
2010-11-12,37.10,37.10,36.84,37.01,900,37.01
2010-11-11,37.26,37.26,37.25,37.25,600,37.25
2010-11-10,37.67,37.83,37.67,37.74,500,37.74
2010-11-09,38.30,38.30,37.77,37.77,2500,37.77
2010-11-08,38.00,38.07,37.90,38.02,2000,38.02
2010-11-05,38.20,38.27,38.05,38.08,3300,38.08
2010-11-04,38.20,38.25,38.20,38.25,4400,38.25
2010-11-03,37.45,37.60,37.09,37.60,5600,37.60
2010-11-02,37.34,37.48,37.34,37.44,2200,37.44
2010-11-01,36.85,36.85,36.85,36.85,100,36.85
2010-10-29,36.99,36.99,36.99,36.99,200,36.99
2010-10-28,36.78,36.85,36.78,36.85,1100,36.85
2010-10-27,36.95,36.95,36.47,36.62,1400,36.62
2010-10-26,37.02,37.02,36.99,37.01,1500,37.01
2010-10-25,37.34,37.34,37.34,37.34,300,37.34
2010-10-22,37.19,37.19,36.95,36.98,800,36.98
2010-10-21,36.65,36.79,36.62,36.79,4000,36.79
2010-10-20,36.65,37.05,36.65,37.05,1500,37.05
2010-10-19,36.54,36.72,36.25,36.29,8900,36.29
2010-10-18,36.94,37.15,36.94,37.15,1500,37.15
2010-10-15,37.10,37.12,37.08,37.08,1000,37.08
2010-10-14,37.39,37.39,37.23,37.23,22300,37.23
2010-10-13,36.91,37.16,36.91,37.15,2300,37.15
2010-10-12,36.57,36.57,36.23,36.52,1600,36.52
2010-10-11,36.86,36.86,36.65,36.74,2400,36.74
2010-10-08,36.39,36.68,36.39,36.68,3400,36.68
2010-10-07,36.47,36.47,36.24,36.41,20000,36.41
2010-10-06,36.33,36.36,36.32,36.32,700,36.32
2010-10-05,35.51,36.31,35.51,36.18,26100,36.18
2010-10-04,35.43,35.43,35.07,35.19,2400,35.19
2010-10-01,35.56,35.64,35.36,35.64,96100,35.64
2010-09-30,35.61,35.61,35.15,35.41,1900,35.41
2010-09-29,35.41,35.41,35.41,35.41,200,35.41
2010-09-28,34.96,35.36,34.95,35.36,4500,35.36
2010-09-27,35.08,35.21,35.08,35.15,2400,35.15
2010-09-24,34.95,35.03,34.91,35.03,21400,35.03
2010-09-23,34.22,34.48,34.21,34.21,4000,34.21
2010-09-22,34.62,34.85,34.54,34.62,6200,34.62
2010-09-21,34.58,34.81,34.43,34.57,7000,34.57
2010-09-20,34.50,34.56,34.49,34.56,2300,34.56
2010-09-17,34.08,34.08,34.06,34.06,500,34.06
2010-09-16,34.00,34.09,34.00,34.09,300,34.09
2010-09-15,34.06,34.06,34.06,34.06,1100,34.06
2010-09-14,33.93,34.18,33.93,34.17,500,34.17
2010-09-13,33.75,33.89,33.75,33.89,300,33.89
2010-09-10,33.46,33.46,33.24,33.28,2300,33.28
2010-09-09,33.26,33.27,33.26,33.27,1500,33.27
2010-09-08,32.89,32.94,32.84,32.94,700,32.94
2010-09-07,33.32,33.32,32.63,32.63,5200,32.63
2010-09-03,32.83,33.10,32.83,33.10,5900,33.10
2010-09-02,32.82,32.82,32.53,32.65,2000,32.65
2010-09-01,32.55,32.55,32.55,32.55,300,32.55
2010-08-31,31.61,31.61,31.61,31.61,900,31.61
2010-08-30,31.66,31.66,31.44,31.45,10600,31.45
2010-08-27,31.57,31.67,31.51,31.67,3300,31.67
2010-08-26,31.06,31.17,31.05,31.17,400,31.17
2010-08-25,30.90,31.05,30.72,31.05,1800,31.05
2010-08-24,31.35,31.35,29.41,31.18,120400,31.18
2010-08-23,31.75,31.80,31.75,31.80,1500,31.80
2010-08-20,31.79,31.79,31.64,31.65,1500,31.65
2010-08-19,32.61,32.61,32.05,32.21,3600,32.21
2010-08-18,32.37,32.65,32.37,32.65,8100,32.65
2010-08-17,32.31,32.56,32.31,32.43,6200,32.43
2010-08-16,31.93,32.10,31.93,32.10,1700,32.10
2010-08-13,31.78,31.91,31.78,31.91,52400,31.91
2010-08-12,31.65,31.81,31.63,31.68,2600,31.68
2010-08-11,32.53,32.53,32.07,32.10,2000,32.10
2010-08-10,33.39,33.47,32.96,33.27,38500,33.27
2010-08-09,33.93,33.96,33.84,33.84,1800,33.84
2010-08-06,33.67,33.75,33.67,33.75,1600,33.75
2010-08-05,33.52,33.77,33.52,33.72,42700,33.72
2010-08-04,33.70,33.70,33.43,33.58,1500,33.58
2010-08-03,33.74,33.78,33.67,33.67,2000,33.67
2010-08-02,33.56,33.89,33.56,33.65,89400,33.65
2010-07-30,32.65,32.83,32.52,32.83,1900,32.83
2010-07-29,32.80,33.01,32.66,32.87,4200,32.87
2010-07-28,32.78,32.83,32.65,32.67,2300,32.67
2010-07-27,32.78,32.92,32.78,32.92,1300,32.92
2010-07-26,32.75,32.78,32.52,32.76,1100,32.76
2010-07-23,32.32,32.43,32.21,32.43,6500,32.43
2010-07-22,32.06,32.20,32.05,32.05,4200,32.05
2010-07-21,31.20,31.20,31.20,31.20,100,31.20
2010-07-20,31.13,31.52,31.13,31.52,1800,31.52
2010-07-19,31.64,31.64,31.20,31.32,10400,31.32
2010-07-16,31.92,31.92,31.34,31.37,2300,31.37
2010-07-15,32.36,32.36,31.86,32.11,4800,32.11
2010-07-14,31.85,32.04,31.85,31.96,5400,31.96
2010-07-13,31.57,31.84,31.57,31.84,400,31.84
2010-07-12,31.27,31.30,31.27,31.30,300,31.30
2010-07-09,31.37,31.50,31.25,31.45,8700,31.45
2010-07-08,31.37,31.41,31.24,31.41,8400,31.41
2010-07-07,30.82,31.24,30.78,31.19,6300,31.19
2010-07-06,30.76,30.88,30.25,30.45,5300,30.45
2010-07-02,30.32,30.32,29.72,29.85,3900,29.85
2010-07-01,29.79,29.79,29.79,29.79,100,29.79
2010-06-30,30.04,30.04,29.58,29.58,1400,29.58
2010-06-29,30.25,30.25,29.79,29.79,4900,29.79
2010-06-28,30.82,31.14,30.80,30.80,700,30.80
2010-06-25,30.89,30.92,30.64,30.92,6100,30.92
2010-06-24,31.36,31.36,30.95,30.95,4700,30.95
2010-06-23,31.18,31.19,31.17,31.17,4300,31.17
2010-06-22,31.37,31.51,31.13,31.13,5800,31.13
2010-06-21,32.12,32.12,31.42,31.42,7300,31.42
2010-06-18,31.54,31.80,31.54,31.78,6500,31.46
2010-06-17,31.76,31.76,31.44,31.67,7600,31.35
2010-06-16,31.50,31.68,31.50,31.57,12000,31.25
2010-06-15,31.37,31.69,31.35,31.69,8700,31.37
2010-06-14,31.20,31.20,30.90,30.90,12200,30.59
2010-06-11,30.41,30.46,30.40,30.46,1000,30.16
2010-06-10,30.31,30.63,30.18,30.53,5000,30.22
2010-06-09,29.71,29.82,29.64,29.65,4500,29.35
2010-06-08,29.00,29.37,28.97,29.37,7100,29.08
2010-06-07,29.72,29.72,29.13,29.13,4800,28.84
2010-06-04,30.05,30.05,29.45,29.45,5100,29.16
2010-06-03,30.55,30.65,30.47,30.65,4600,30.34
2010-06-02,30.20,30.55,30.17,30.51,4600,30.20
2010-06-01,29.92,30.60,29.89,29.89,3100,29.59
2010-05-28,30.63,30.65,30.02,30.02,12200,29.72
2010-05-27,29.86,30.67,29.86,30.45,8500,30.15
2010-05-26,29.23,29.33,28.96,28.96,1200,28.67
2010-05-25,28.89,28.99,28.56,28.93,3100,28.64
2010-05-24,31.36,31.36,29.70,29.75,3800,29.45
2010-05-21,29.49,30.11,29.49,30.11,1200,29.81
2010-05-20,29.77,29.93,29.38,29.71,4300,29.41
2010-05-19,30.50,30.62,30.25,30.62,2100,30.31
2010-05-18,31.73,31.73,30.80,30.80,2400,30.49
2010-05-17,31.85,31.85,31.12,31.54,2400,31.22
2010-05-14,32.25,32.25,31.76,32.07,2200,31.75
2010-05-13,32.63,32.92,32.62,32.70,1300,32.37
2010-05-12,33.05,33.07,32.89,32.89,2100,32.56
2010-05-11,32.31,32.92,32.31,32.56,4500,32.23
2010-05-10,32.84,32.91,32.67,32.67,2200,32.34
2010-05-07,31.30,32.02,28.53,30.87,20200,30.56
2010-05-06,32.45,32.45,30.20,30.99,24500,30.68
2010-05-05,32.59,32.81,32.26,32.45,14600,32.13
2010-05-04,34.01,34.01,33.27,33.27,17900,32.94
2010-05-03,34.61,34.92,34.61,34.78,12100,34.43
2010-04-30,35.05,35.05,34.48,34.48,12800,34.13
2010-04-29,34.67,34.85,34.67,34.81,1800,34.46
2010-04-28,34.68,34.68,33.98,34.10,8800,33.76
2010-04-27,35.57,35.57,34.44,34.44,6500,34.10
2010-04-26,36.10,36.10,35.79,35.81,5500,35.45
2010-04-23,35.57,35.79,35.56,35.79,3400,35.43
2010-04-22,35.32,35.36,34.98,35.29,5900,34.94
2010-04-21,35.64,35.64,35.30,35.40,1100,35.05
2010-04-20,35.49,35.49,35.29,35.31,5000,34.96
2010-04-19,35.00,35.14,34.94,35.14,1600,34.79
2010-04-16,35.63,35.65,35.26,35.26,22700,34.91
2010-04-15,35.82,36.06,35.82,35.91,1000,35.55
2010-04-14,35.90,36.05,35.90,36.05,1300,35.69
2010-04-13,35.61,35.63,35.35,35.63,2800,35.27
2010-04-12,35.46,35.79,35.46,35.63,3300,35.27
2010-04-09,35.13,35.52,35.13,35.46,2100,35.11
2010-04-08,34.93,35.12,34.93,35.12,800,34.77
2010-04-07,35.02,35.13,34.97,34.97,8700,34.62
2010-04-06,35.07,35.18,35.07,35.18,1000,34.83
2010-04-05,35.09,35.09,34.86,34.86,3300,34.51
2010-04-01,34.66,34.93,34.66,34.78,30800,34.43
2010-03-31,34.33,34.50,34.21,34.23,11800,33.89
2010-03-30,34.43,34.44,34.19,34.30,1300,33.96
2010-03-29,34.26,34.31,34.09,34.31,3600,33.97
2010-03-26,34.13,34.13,33.83,33.87,2900,33.53
2010-03-25,33.99,34.01,33.61,33.67,3800,33.33
2010-03-24,33.77,33.78,33.57,33.74,5900,33.40
2010-03-23,34.09,34.09,33.84,34.03,1000,33.69
2010-03-22,33.89,33.99,33.89,33.99,800,33.65
2010-03-19,33.77,33.92,33.66,33.88,12400,33.54
2010-03-18,34.35,34.35,34.15,34.15,600,33.81
2010-03-17,34.36,34.40,34.23,34.37,8600,34.03
2010-03-16,34.03,34.03,33.64,33.99,2300,33.65
2010-03-15,33.74,33.74,33.47,33.55,3700,33.21
2010-03-12,33.64,33.64,33.64,33.64,000,33.30
2010-03-11,33.54,33.64,33.54,33.64,4000,33.30
2010-03-10,33.57,33.57,33.33,33.33,1000,33.00
2010-03-09,33.07,33.26,33.04,33.06,6800,32.73
2010-03-08,33.56,33.56,33.37,33.39,204600,33.06
2010-03-05,33.13,33.41,33.04,33.37,1600,33.04
2010-03-04,32.68,32.98,32.67,32.77,2200,32.44
2010-03-03,32.72,32.95,32.72,32.84,1200,32.51
2010-03-02,32.27,32.54,32.27,32.43,2200,32.11
2010-03-01,31.85,32.24,31.85,32.10,7800,31.78
2010-02-26,31.53,31.81,31.49,31.74,3400,31.42
2010-02-25,31.63,31.72,31.28,31.68,32500,31.36
2010-02-24,31.65,31.82,31.65,31.82,1300,31.50
2010-02-23,32.07,32.07,31.70,31.84,4800,31.52
2010-02-22,32.21,32.21,32.08,32.08,600,31.76
2010-02-19,31.76,31.94,31.76,31.94,1500,31.62
2010-02-18,32.17,32.17,32.08,32.08,300,31.76
2010-02-17,31.85,32.07,31.85,32.00,2200,31.68
2010-02-16,31.53,31.82,31.33,31.82,1600,31.50
2010-02-12,31.22,31.38,31.22,31.24,7400,30.93
2010-02-11,31.73,31.82,31.73,31.80,1200,31.48
2010-02-10,31.40,31.40,31.18,31.24,2700,30.93
2010-02-09,31.09,31.56,30.96,31.55,6400,31.23
2010-02-08,30.77,31.01,30.69,30.73,3100,30.42
2010-02-05,31.51,31.51,30.60,31.10,18900,30.79
2010-02-04,32.61,32.61,31.69,31.69,12500,31.37
2010-02-03,33.28,33.28,33.01,33.01,700,32.68
2010-02-02,33.11,33.40,33.09,33.38,4200,33.05
2010-02-01,32.79,32.79,32.41,32.71,5100,32.38
2010-01-29,32.64,32.64,32.25,32.25,11200,31.93
2010-01-28,33.08,33.09,32.53,32.72,1900,32.39
2010-01-27,32.98,33.85,32.55,32.75,2700,32.42
2010-01-26,32.68,33.18,32.47,32.89,4500,32.56
2010-01-25,33.18,33.36,33.11,33.11,4200,32.78
2010-01-22,33.14,33.14,32.65,32.79,3900,32.46
2010-01-21,33.55,33.67,33.45,33.55,6900,33.21
2010-01-20,34.13,34.20,33.53,34.14,8400,33.80
2010-01-19,34.42,34.78,34.42,34.78,10400,34.43
2010-01-15,34.51,34.56,34.26,34.56,3400,34.21
2010-01-14,34.63,35.03,34.63,34.94,1900,34.59
2010-01-13,34.49,34.77,34.49,34.55,1200,34.20
2010-01-12,34.25,34.42,34.06,34.42,1400,34.08
2010-01-11,34.58,34.91,34.58,34.91,5200,34.56
2010-01-08,34.47,34.56,34.35,34.35,3500,34.01
2010-01-07,33.89,34.28,33.86,34.00,3200,33.66
2010-01-06,34.00,34.00,33.97,34.00,4100,33.66
2010-01-05,33.88,34.21,33.76,34.21,2300,33.87
2010-01-04,33.60,34.07,33.37,34.07,43200,33.73
2009-12-31,33.05,33.05,32.89,32.89,1200,32.56
2009-12-30,32.44,32.88,32.44,32.78,2900,32.45
2009-12-29,32.72,32.77,32.60,32.68,2700,32.35
2009-12-28,32.26,32.64,32.26,32.55,4000,32.22
2009-12-24,32.82,32.82,32.30,32.30,1900,31.98
2009-12-23,32.24,32.47,32.19,32.43,11900,32.11
2009-12-22,32.08,32.25,32.04,32.25,5600,31.93
2009-12-21,32.04,32.30,32.04,32.16,3500,31.84
2009-12-18,32.60,32.79,32.17,32.31,3700,31.60
2009-12-17,32.61,33.75,32.27,32.54,4100,31.83
2009-12-16,33.16,33.19,32.93,33.00,4200,32.28
2009-12-15,32.64,32.75,32.57,32.75,2400,32.03
2009-12-14,33.06,33.11,33.05,33.08,2600,32.35
2009-12-11,32.78,32.88,32.43,32.83,3800,32.11
2009-12-10,33.00,33.00,32.74,32.75,16700,32.03
2009-12-09,32.92,33.03,32.92,32.99,1200,32.27
2009-12-08,33.34,34.83,32.90,32.90,5300,32.18
2009-12-07,33.47,33.88,33.47,33.64,1900,32.90
2009-12-04,33.90,33.90,32.92,33.80,18100,33.06
2009-12-03,34.14,34.20,33.88,33.93,5500,33.19
2009-12-02,33.96,34.02,33.75,33.97,2700,33.23
2009-12-01,33.52,33.98,33.42,33.74,8400,33.00
2009-11-30,32.84,33.64,32.49,33.00,4900,32.28
2009-11-27,32.76,32.76,32.76,32.76,200,32.04
2009-11-25,33.51,33.55,33.51,33.55,3400,32.81
2009-11-24,33.30,33.30,33.22,33.24,7500,32.51
2009-11-23,33.62,33.62,33.61,33.62,1000,32.88
2009-11-20,33.22,33.31,33.20,33.28,1500,32.55
2009-11-19,33.20,33.20,32.99,33.19,1800,32.46
2009-11-18,34.23,34.23,33.81,34.11,1000,33.36
2009-11-17,34.40,34.62,33.84,34.15,3300,33.40
2009-11-16,34.40,34.56,34.24,34.54,1500,33.78
2009-11-13,33.86,33.98,33.81,33.94,1700,33.20
2009-11-12,33.57,33.57,33.29,33.36,800,32.63
2009-11-11,33.63,34.06,33.54,34.06,17300,33.31
2009-11-10,33.48,33.79,33.34,33.79,1900,33.05
2009-11-09,33.54,33.98,33.54,33.59,1400,32.85
2009-11-06,33.30,33.30,33.24,33.26,1800,32.53
2009-11-05,32.96,33.32,32.96,33.32,2300,32.59
2009-11-04,32.88,32.97,32.48,32.48,2600,31.77
2009-11-03,31.75,31.99,31.75,31.93,2400,31.23
2009-11-02,32.34,32.68,31.95,32.32,7400,31.61
2009-10-30,32.45,33.96,31.91,32.23,29800,31.52
2009-10-29,32.30,32.79,32.11,32.67,5000,31.95
2009-10-28,31.85,32.33,31.53,31.72,38000,31.02
2009-10-27,33.21,33.33,32.99,32.99,2800,32.27
2009-10-26,33.29,34.09,33.29,33.48,7000,32.75
2009-10-23,34.19,34.22,33.98,34.04,4700,33.29
2009-10-22,34.23,34.54,34.22,34.52,1300,33.76
2009-10-21,34.59,34.62,34.59,34.62,1000,33.86
2009-10-20,34.50,34.50,33.98,33.98,2100,33.23
2009-10-19,34.24,34.62,34.24,34.61,2100,33.85
2009-10-16,34.17,34.27,34.04,34.27,4300,33.52
2009-10-15,34.31,34.51,34.14,34.51,1300,33.75
2009-10-14,33.95,34.29,33.95,34.29,700,33.54
2009-10-13,33.45,33.80,33.45,33.52,2600,32.79
2009-10-12,33.58,33.84,33.58,33.59,1100,32.85
2009-10-09,33.53,33.53,33.53,33.53,200,32.79
2009-10-08,33.52,33.90,33.52,33.55,18800,32.81
2009-10-07,32.63,33.03,32.63,33.03,2900,32.31
2009-10-06,32.83,32.83,32.45,32.76,22300,32.04
2009-10-05,30.81,31.99,30.77,31.99,3300,31.29
2009-10-02,31.52,33.20,31.52,31.56,14800,30.87
2009-10-01,32.93,32.93,31.92,31.92,15600,31.22
2009-09-30,32.77,34.03,32.77,33.14,5500,32.41
2009-09-29,32.97,33.00,32.97,32.97,1700,32.25
2009-09-28,32.93,33.24,32.93,32.93,2300,32.21
2009-09-25,32.78,33.03,32.78,32.89,1300,32.17
2009-09-24,33.30,33.30,32.82,32.89,3400,32.17
2009-09-23,33.79,34.01,33.49,33.86,6200,33.12
2009-09-22,33.80,33.80,33.80,33.80,100,33.06
2009-09-21,33.30,34.86,33.08,33.40,5500,32.67
2009-09-18,34.01,34.05,33.58,33.64,4200,32.90
2009-09-17,33.75,34.07,33.69,33.69,3700,32.95
2009-09-16,33.60,33.87,33.60,33.78,3700,33.04
2009-09-15,32.93,33.33,32.81,33.10,4100,32.37
2009-09-14,32.64,33.09,32.64,32.91,3800,32.19
2009-09-11,33.01,33.36,33.00,33.23,1000,32.50
2009-09-10,33.07,33.35,32.99,33.35,4200,32.62
2009-09-09,32.90,33.18,32.53,32.99,6800,32.27
2009-09-08,32.40,32.49,32.24,32.47,2900,31.76
2009-09-04,31.13,31.55,31.13,31.52,2400,30.83
2009-09-03,30.98,31.17,30.90,30.97,4000,30.29
2009-09-02,30.35,30.62,30.35,30.59,2100,29.92
2009-09-01,30.97,31.15,30.68,30.93,22400,30.25
2009-08-31,31.34,31.61,31.01,31.15,4400,30.47
2009-08-28,31.73,31.73,31.68,31.68,1000,30.99
2009-08-27,31.46,31.77,31.00,31.77,6400,31.07
2009-08-26,31.49,31.63,31.35,31.63,2200,30.94
2009-08-25,31.63,31.81,31.46,31.46,13500,30.77
2009-08-24,31.27,33.92,30.99,31.20,28100,30.52
2009-08-21,30.60,30.96,30.60,30.66,3200,29.99
2009-08-20,30.26,30.49,30.16,30.49,3500,29.82
2009-08-19,30.02,30.21,29.41,29.95,900,29.29
2009-08-18,29.93,29.93,29.71,29.82,7100,29.17
2009-08-17,30.17,30.17,29.29,29.33,1800,28.69
2009-08-14,31.14,31.14,30.26,30.36,900,29.69
2009-08-13,30.43,30.50,30.42,30.49,1500,29.82
2009-08-12,29.87,30.00,29.80,30.00,4200,29.34
2009-08-11,29.65,29.79,29.50,29.50,900,28.85
2009-08-10,29.83,29.83,29.61,29.61,400,28.96
2009-08-07,29.99,29.99,29.72,29.72,2700,29.07
2009-08-06,29.76,33.00,29.76,30.03,11000,29.37
2009-08-05,30.06,30.92,29.84,30.20,2100,29.54
2009-08-04,30.03,30.12,29.81,30.05,2800,29.39
2009-08-03,29.89,30.32,29.80,30.07,8600,29.41
2009-07-31,29.30,29.30,28.78,29.21,6500,28.57
2009-07-30,28.84,28.98,28.57,28.57,8800,27.94
2009-07-29,28.39,28.40,28.04,28.12,4700,27.50
2009-07-28,28.13,28.13,28.13,28.13,100,27.51
2009-07-27,28.30,28.87,27.68,28.71,4500,28.08
2009-07-24,28.58,28.66,28.57,28.65,1200,28.02
2009-07-23,28.53,28.61,28.46,28.61,700,27.98
2009-07-22,28.10,28.10,27.98,27.98,2600,27.37
2009-07-21,28.20,28.20,27.90,28.07,7600,27.45
2009-07-20,27.36,27.88,27.36,27.86,3600,27.25
2009-07-17,27.15,27.15,27.15,27.15,000,26.55
2009-07-16,26.91,27.42,26.91,27.15,1400,26.55
2009-07-15,26.67,27.31,26.66,27.31,8100,26.71
2009-07-14,26.23,26.41,26.03,26.15,3200,25.58
2009-07-13,25.73,25.73,25.61,25.61,300,25.05
2009-07-10,26.00,26.00,26.00,26.00,100,25.43
2009-07-09,26.15,26.22,25.89,26.19,2000,25.62
2009-07-08,26.08,26.31,25.02,26.31,13100,25.73
2009-07-07,26.33,26.37,25.41,25.41,11300,24.85
2009-07-06,26.50,26.70,26.41,26.70,1700,26.11
2009-07-02,26.61,26.92,26.61,26.92,2500,26.33
2009-07-01,27.42,27.42,27.42,27.42,200,26.82
2009-06-30,27.07,27.23,27.07,27.23,3900,26.63
2009-06-29,26.83,27.25,26.83,27.03,3300,26.44
2009-06-26,26.99,27.10,26.90,27.10,5900,26.51
2009-06-25,26.31,26.41,26.31,26.35,900,25.77
2009-06-24,26.21,26.21,26.13,26.13,400,25.56
2009-06-23,24.88,26.08,24.88,26.02,400,25.45
2009-06-22,25.67,25.82,25.59,25.59,700,25.03
2009-06-19,26.78,26.90,25.08,26.59,40600,25.64
2009-06-18,26.73,26.89,26.51,26.78,29300,25.82
2009-06-17,27.18,27.18,26.51,27.00,33200,26.03
2009-06-16,27.07,27.19,25.10,26.87,14100,25.91
2009-06-15,27.77,27.77,26.96,27.16,14600,26.19
2009-06-12,27.76,27.77,27.76,27.77,1200,26.78
2009-06-11,27.84,28.32,27.84,28.16,24000,27.15
2009-06-10,27.57,27.60,27.46,27.59,20400,26.60
2009-06-09,27.38,27.80,27.38,27.80,5600,26.81
2009-06-08,27.20,27.35,27.00,27.28,4400,26.30
2009-06-05,28.28,28.28,27.28,27.40,13900,26.42
2009-06-04,27.85,27.92,27.66,27.75,28300,26.76
2009-06-03,27.84,28.24,27.84,27.92,2300,26.92
2009-06-02,28.50,28.53,28.24,28.31,1900,27.30
2009-06-01,28.40,28.40,27.60,27.85,13200,26.85
2009-05-29,27.55,27.55,27.10,27.26,700,26.29
2009-05-28,26.67,26.67,26.54,26.54,400,25.59
2009-05-27,27.18,27.18,26.63,26.67,1900,25.72
2009-05-26,26.19,27.11,26.19,27.04,3100,26.07
2009-05-22,26.61,26.61,26.61,26.61,000,25.66
2009-05-21,26.19,26.61,26.19,26.61,1600,25.66
2009-05-20,26.71,26.71,26.66,26.66,300,25.71
2009-05-19,26.30,26.45,26.15,26.42,4700,25.48
2009-05-18,25.82,25.94,25.50,25.89,3700,24.96
2009-05-15,25.50,25.55,25.26,25.26,1500,24.36
2009-05-14,25.19,25.43,25.19,25.43,400,24.52
2009-05-13,25.34,25.34,24.43,24.99,7800,24.10
2009-05-12,25.87,25.97,25.48,25.97,1800,25.04
2009-05-11,25.86,25.86,25.45,25.69,4500,24.77
2009-05-08,25.91,26.06,25.91,26.06,400,25.13
2009-05-07,25.99,25.99,25.30,25.30,800,24.40
2009-05-06,25.26,25.59,24.54,25.53,4100,24.62
2009-05-05,25.00,25.14,25.00,25.00,1600,24.11
2009-05-04,24.29,25.00,24.29,25.00,6900,24.11
2009-05-01,23.92,24.04,23.75,23.97,2800,23.11
2009-04-30,23.88,23.88,23.77,23.77,300,22.92
2009-04-29,23.57,23.73,23.36,23.72,7100,22.87
2009-04-28,23.03,23.13,23.03,23.13,300,22.30
2009-04-27,23.55,23.55,23.06,23.07,4600,22.25
2009-04-24,23.10,23.61,23.10,23.61,1300,22.77
2009-04-23,23.01,23.01,23.01,23.01,2200,22.19
2009-04-22,23.03,23.03,23.03,23.03,100,22.21
2009-04-21,22.65,22.72,22.64,22.72,2100,21.91
2009-04-20,23.16,23.16,22.18,22.44,6600,21.64
2009-04-17,22.98,23.04,22.98,23.04,700,22.22
2009-04-16,22.76,23.08,22.76,23.07,1300,22.25
2009-04-15,22.40,22.89,22.40,22.79,1700,21.98
2009-04-14,22.51,22.89,22.51,22.82,2800,22.00
2009-04-13,22.18,22.59,21.26,22.59,2700,21.78
2009-04-09,22.06,22.06,22.06,22.06,700,21.27
2009-04-08,21.75,21.75,21.75,21.75,200,20.97
2009-04-07,21.89,21.89,21.70,21.80,2300,21.02
2009-04-06,22.17,22.19,21.81,21.86,1000,21.08
2009-04-03,22.16,22.38,22.16,22.38,4300,21.58
2009-04-02,21.95,22.10,21.95,22.10,500,21.31
2009-04-01,20.75,21.26,20.75,20.98,2300,20.23
2009-03-31,20.68,20.70,20.48,20.48,1800,19.75
2009-03-30,20.25,20.25,19.87,19.91,3200,19.20
2009-03-27,20.71,20.93,20.71,20.91,700,20.16
2009-03-26,21.14,21.40,21.14,21.40,1300,20.63
2009-03-25,21.18,21.20,20.80,20.80,1400,20.06
2009-03-24,21.00,21.05,20.84,20.84,800,20.09
2009-03-23,20.90,20.97,20.77,20.97,2200,20.22
2009-03-20,20.30,20.30,19.94,19.94,5400,19.23
2009-03-19,20.51,20.73,20.51,20.56,2500,19.82
2009-03-18,19.46,20.37,19.46,20.21,2200,19.49
2009-03-17,19.67,19.72,19.61,19.61,1900,18.91
2009-03-16,19.41,19.86,19.38,19.45,3400,18.75
2009-03-13,19.29,19.47,19.18,19.38,7400,18.69
2009-03-12,18.50,19.14,18.35,19.14,5100,18.46
2009-03-11,18.63,18.63,17.32,18.49,16200,17.83
2009-03-10,18.13,18.63,18.13,18.23,4700,17.58
2009-03-09,17.60,17.81,17.60,17.81,1700,17.17
2009-03-06,18.41,18.41,17.89,17.96,2200,17.32
2009-03-05,18.32,18.63,18.08,18.19,26600,17.54
2009-03-04,18.65,19.24,18.65,19.24,3800,18.55
2009-03-03,17.68,18.36,17.32,18.11,15700,17.46
2009-03-02,18.91,18.91,18.14,18.14,9900,17.49
2009-02-27,19.31,19.50,19.01,19.05,900,18.37
2009-02-26,19.64,19.64,19.13,19.22,2900,18.53
2009-02-25,19.46,19.46,19.09,19.12,4600,18.44
2009-02-24,19.00,21.46,19.00,19.86,6100,19.15
2009-02-23,19.65,19.65,19.27,19.27,3900,18.58
2009-02-20,19.55,20.00,19.31,19.72,3300,19.01
2009-02-19,20.48,20.48,19.91,20.13,2500,19.41
2009-02-18,20.07,20.32,19.90,19.90,1200,19.19
2009-02-17,20.50,20.50,20.30,20.43,1600,19.70
2009-02-13,21.72,21.72,21.10,21.19,900,20.43
2009-02-12,21.10,21.10,21.00,21.00,3000,20.25
2009-02-11,21.55,21.55,21.01,21.03,2700,20.28
2009-02-10,21.17,21.35,21.16,21.35,800,20.59
2009-02-09,22.19,22.19,22.19,22.19,100,21.40
2009-02-06,21.70,21.94,21.70,21.76,1400,20.98
2009-02-05,21.22,21.37,21.22,21.37,900,20.61
2009-02-04,20.56,20.56,20.56,20.56,1200,19.82
2009-02-03,20.75,21.07,20.04,21.07,2600,20.32
2009-02-02,20.56,20.94,20.56,20.74,1600,20.00
2009-01-30,21.21,21.36,21.04,21.33,2500,20.57
2009-01-29,22.01,22.01,21.26,21.26,700,20.50
2009-01-28,21.55,21.85,21.55,21.85,600,21.07
2009-01-27,21.13,21.51,21.13,21.51,500,20.74
2009-01-26,20.74,20.94,20.74,20.78,4900,20.04
2009-01-23,20.18,20.57,20.18,20.57,1000,19.83
2009-01-22,20.85,21.60,20.77,20.94,5100,20.19
2009-01-21,20.96,21.57,20.94,20.95,2300,20.20
2009-01-20,21.12,21.12,20.28,20.31,5900,19.58
2009-01-16,21.97,22.50,21.97,22.07,2400,21.28
2009-01-15,21.67,22.02,21.49,21.94,2900,21.16
2009-01-14,21.68,21.79,21.60,21.60,2200,20.83
2009-01-13,22.37,22.44,22.28,22.44,1000,21.64
2009-01-12,22.95,22.96,22.69,22.69,2000,21.88
2009-01-09,23.47,23.60,23.24,23.40,2200,22.56
2009-01-08,23.46,23.46,23.46,23.46,000,22.62
2009-01-07,23.80,23.80,23.36,23.46,3800,22.62
2009-01-06,23.93,23.93,23.51,23.89,15100,23.04
2009-01-05,23.74,23.83,23.57,23.57,1900,22.73
2009-01-02,23.71,24.02,23.71,23.97,1200,23.11
2008-12-31,23.44,23.61,23.28,23.61,7900,22.77
2008-12-30,23.29,23.45,23.05,23.19,11500,22.36
2008-12-29,22.82,23.03,22.79,22.79,5100,21.98
2008-12-26,22.90,22.94,22.61,22.94,6200,22.12
2008-12-24,22.39,23.46,22.37,22.67,4700,21.86
2008-12-23,22.47,23.14,22.13,22.16,14800,21.37
2008-12-22,22.32,23.21,22.15,22.38,9300,21.58
2008-12-19,23.01,23.01,22.94,22.95,2200,21.85
2008-12-18,23.60,23.65,23.10,23.10,4500,22.00
2008-12-17,23.66,23.99,23.66,23.89,7700,22.75
2008-12-16,22.75,23.55,22.27,23.52,7200,22.40
2008-12-15,22.94,23.01,22.68,22.82,2800,21.73
2008-12-12,22.29,22.61,22.21,22.56,1300,21.48
2008-12-11,22.40,23.54,22.30,22.40,29000,21.33
2008-12-10,22.08,22.40,22.08,22.25,2300,21.19
2008-12-09,21.72,22.23,21.71,21.89,9200,20.84
2008-12-08,21.78,22.14,21.78,22.12,1600,21.06
2008-12-05,20.88,21.39,20.71,21.19,14700,20.18
2008-12-04,21.20,22.03,20.88,20.89,18100,19.89
2008-12-03,21.13,21.96,21.05,21.96,7200,20.91
2008-12-02,21.03,21.46,20.75,21.19,5200,20.18
2008-12-01,21.21,21.47,20.43,20.74,7400,19.75
2008-11-28,21.93,22.10,21.91,22.07,700,21.02
2008-11-26,21.09,21.68,21.09,21.68,6400,20.64
2008-11-25,22.02,22.02,21.18,21.54,18800,20.51
2008-11-24,21.00,21.58,21.00,21.34,1200,20.32
2008-11-21,20.27,20.56,19.62,20.49,10900,19.51
2008-11-20,20.29,20.35,18.90,20.09,14300,19.13
2008-11-19,21.53,21.53,20.39,20.43,4600,19.45
2008-11-18,21.60,21.72,21.23,21.67,3900,20.63
2008-11-17,22.01,22.16,21.87,21.87,4000,20.83
2008-11-14,22.39,22.78,21.30,22.03,13700,20.98
2008-11-13,22.10,23.33,22.06,23.33,6600,22.22
2008-11-12,22.87,22.87,22.18,22.39,2400,21.32
2008-11-11,23.49,23.60,23.03,23.25,3900,22.14
2008-11-10,24.40,24.53,23.63,23.63,2700,22.50
2008-11-07,24.00,24.20,23.87,23.91,5000,22.77
2008-11-06,24.21,24.21,23.30,23.39,3400,22.27
2008-11-05,25.37,25.53,24.86,24.86,3200,23.67
2008-11-04,25.10,26.00,25.10,25.52,15100,24.30
2008-11-03,23.99,24.00,23.81,23.81,2700,22.67
2008-10-31,23.33,23.87,23.07,23.44,5400,22.32
2008-10-30,22.66,24.00,22.66,23.37,7700,22.25
2008-10-29,22.66,23.09,22.63,23.09,800,21.99
2008-10-28,21.04,21.94,20.77,21.94,22600,20.89
2008-10-27,20.65,21.29,20.26,20.59,18100,19.61
2008-10-24,21.24,23.27,21.15,21.74,20800,20.70
2008-10-23,22.69,22.75,21.94,22.03,2000,20.98
2008-10-22,23.28,23.28,21.98,22.39,32100,21.32
2008-10-21,24.31,24.46,23.85,24.07,3500,22.92
2008-10-20,24.29,24.81,24.29,24.81,900,23.62
2008-10-17,23.88,24.44,23.88,24.44,800,23.27
2008-10-16,24.20,24.69,23.27,24.54,4000,23.37
2008-10-15,24.64,24.74,24.23,24.62,5000,23.44
2008-10-14,28.82,28.82,25.91,26.11,17900,24.86
2008-10-13,24.82,26.15,24.82,26.15,4800,24.90
2008-10-10,23.26,23.83,22.96,22.96,3300,21.86
2008-10-09,26.04,27.86,24.60,24.60,13400,23.42
2008-10-08,25.17,25.79,24.02,25.46,5800,24.24
2008-10-07,27.68,27.68,25.58,25.58,33000,24.36
2008-10-06,28.14,28.18,26.76,27.33,12900,26.02
2008-10-03,29.95,30.46,29.58,29.67,6700,28.25
2008-10-02,30.30,30.55,30.12,30.12,3200,28.68
2008-10-01,31.06,31.33,30.89,31.13,4600,29.64
2008-09-30,31.14,31.72,31.11,31.54,15300,30.03
2008-09-29,32.00,32.86,29.31,30.71,16100,29.24
2008-09-26,33.42,33.42,33.27,33.27,3000,31.68
2008-09-25,34.11,34.62,34.07,34.24,40700,32.60
2008-09-24,34.16,34.53,33.80,33.96,45300,32.34
2008-09-23,34.30,34.56,33.71,33.84,31000,32.22
2008-09-22,35.14,35.15,34.51,34.68,14600,33.02
2008-09-19,35.29,35.62,34.94,35.61,11000,33.91
2008-09-18,33.40,34.38,32.64,34.28,9600,32.64
2008-09-17,33.00,33.37,32.42,32.90,19400,31.33
2008-09-16,33.11,33.71,32.93,33.69,10700,32.08
2008-09-15,33.92,35.10,33.33,33.72,45700,32.11
2008-09-12,34.49,35.11,34.49,34.97,13300,33.30
2008-09-11,33.85,34.35,33.80,34.31,6600,32.67
2008-09-10,34.56,34.93,34.56,34.92,10100,33.25
2008-09-09,35.42,35.42,34.63,34.63,19400,32.98
2008-09-08,36.13,36.15,35.51,35.92,8800,34.20
2008-09-05,35.53,35.53,35.12,35.26,500,33.58
2008-09-04,36.43,36.43,35.41,35.41,4900,33.72
2008-09-03,37.07,37.08,36.85,36.98,1600,35.21
2008-09-02,37.35,37.53,37.01,37.06,5500,35.29
2008-08-29,37.82,37.93,37.70,37.90,9400,36.09
2008-08-28,37.46,37.67,37.46,37.67,2300,35.87
2008-08-27,37.00,37.33,37.00,37.20,19700,35.42
2008-08-26,36.98,37.06,36.82,36.85,2200,35.09
2008-08-25,36.93,37.09,36.63,36.63,2900,34.88
2008-08-22,37.03,37.36,36.91,37.24,16900,35.46
2008-08-21,36.94,38.40,36.85,37.20,36900,35.42
2008-08-20,36.73,36.81,36.59,36.66,5100,34.91
2008-08-19,36.56,36.84,36.36,36.62,13000,34.87
2008-08-18,37.45,37.45,36.88,37.07,10000,35.30
2008-08-15,37.16,37.18,37.05,37.16,3500,35.38
2008-08-14,37.17,37.40,37.02,37.20,4200,35.42
2008-08-13,37.19,37.52,37.07,37.28,5800,35.50
2008-08-12,38.42,38.42,37.71,37.81,35200,36.00
2008-08-11,38.77,38.93,38.62,38.63,5700,36.78
2008-08-08,38.16,38.72,38.10,38.72,1900,36.87
2008-08-07,38.90,38.90,38.54,38.56,2800,36.72
2008-08-06,39.04,39.33,39.04,39.29,21100,37.41
2008-08-05,38.63,38.91,38.55,38.91,6500,37.05
2008-08-04,38.46,38.46,38.32,38.40,1700,36.57
2008-08-01,39.00,39.00,38.51,38.71,5500,36.86
2008-07-31,38.88,39.31,38.88,38.97,4700,37.11
2008-07-30,39.06,39.24,39.02,39.23,3200,37.36
2008-07-29,38.60,38.81,38.60,38.74,1100,36.89
2008-07-28,39.00,39.00,38.59,38.59,1300,36.75
2008-07-25,39.18,39.28,39.12,39.12,500,37.25
2008-07-24,39.88,39.88,39.38,39.38,5900,37.50
2008-07-23,40.10,40.29,40.10,40.14,3100,38.22
2008-07-22,39.76,39.76,39.57,39.70,2900,37.80
2008-07-21,39.89,39.89,39.83,39.86,1400,37.96
2008-07-18,39.42,39.42,39.42,39.42,100,37.54
2008-07-17,39.29,39.29,39.15,39.15,1500,37.28
2008-07-16,37.78,38.62,37.78,38.62,6200,36.78
2008-07-15,38.14,38.14,38.14,38.14,300,36.32
2008-07-14,38.68,38.80,38.36,38.51,10500,36.67
2008-07-11,38.51,38.61,38.28,38.61,2800,36.77
2008-07-10,38.84,38.88,38.63,38.63,17800,36.78
2008-07-09,38.97,39.21,38.71,38.71,4000,36.86
2008-07-08,38.79,39.04,38.61,39.04,11500,37.17
2008-07-07,41.78,41.78,38.71,39.14,2800,37.27
2008-07-03,39.38,39.38,39.23,39.23,700,37.36
2008-07-02,40.09,40.09,39.49,39.49,25800,37.60
2008-07-01,40.05,40.15,39.54,40.15,14700,38.23
2008-06-30,40.81,40.91,40.81,40.89,7000,38.94
2008-06-27,41.11,41.11,40.71,40.82,3800,38.87
2008-06-26,41.16,41.16,40.53,40.74,6700,38.79
2008-06-25,41.50,41.83,41.50,41.51,3900,39.53
2008-06-24,40.76,42.90,40.76,41.16,55500,39.19
2008-06-23,41.30,41.34,41.20,41.30,2500,39.33
2008-06-20,42.45,42.45,42.05,42.32,3500,39.63
2008-06-19,42.59,42.98,42.59,42.96,600,40.23
2008-06-18,43.52,43.52,42.78,42.94,6100,40.21
2008-06-17,46.99,46.99,43.59,43.60,4600,40.83
2008-06-16,42.89,43.45,42.75,43.45,4200,40.69
2008-06-13,43.22,43.22,42.86,42.90,2300,40.18
2008-06-12,42.74,43.00,42.74,42.75,1600,40.04
2008-06-11,43.34,43.34,42.91,42.91,2300,40.19
2008-06-10,43.67,43.77,43.49,43.54,2700,40.78
2008-06-09,44.90,44.90,44.21,44.46,12200,41.64
2008-06-06,45.29,45.29,45.01,45.02,4700,42.16
2008-06-05,45.49,45.86,45.28,45.85,7400,42.94
2008-06-04,45.05,45.29,44.89,44.97,5000,42.12
2008-06-03,45.34,45.50,45.01,45.01,9800,42.15
2008-06-02,45.46,45.46,45.02,45.15,6500,42.28
2008-05-30,45.67,45.88,45.57,45.78,7700,42.87
2008-05-29,45.37,45.57,45.22,45.57,1500,42.68
2008-05-28,45.52,45.52,45.32,45.52,3700,42.63
2008-05-27,45.58,45.60,45.34,45.60,5400,42.71
2008-05-23,46.31,46.31,45.74,45.94,11100,43.02
2008-05-22,46.35,46.35,46.20,46.29,1500,43.35
2008-05-21,46.35,46.36,45.79,45.79,3800,42.88
2008-05-20,46.40,46.40,46.07,46.14,6000,43.21
2008-05-19,46.77,46.84,46.51,46.51,3800,43.56
2008-05-16,46.50,46.64,46.49,46.64,4100,43.68
2008-05-15,45.92,46.19,45.86,46.19,1500,43.26
2008-05-14,45.79,45.79,45.71,45.71,200,42.81
2008-05-13,45.55,45.63,45.37,45.60,5300,42.71
2008-05-12,45.98,45.98,45.98,45.98,500,43.06
2008-05-09,45.47,45.51,45.47,45.50,1800,42.61
2008-05-08,45.79,45.83,45.75,45.76,2000,42.86
2008-05-07,45.75,45.75,45.14,45.14,1700,42.27
2008-05-06,45.29,45.90,45.29,45.90,37400,42.99
2008-05-05,45.16,45.28,45.13,45.24,4500,42.37
2008-05-02,45.12,45.12,44.88,44.88,1900,42.03
2008-05-01,44.58,44.93,44.58,44.93,900,42.08
2008-04-30,44.65,44.82,44.65,44.71,2300,41.87
2008-04-29,44.22,44.27,44.13,44.26,4800,41.45
2008-04-28,44.49,44.57,44.49,44.57,1100,41.74
2008-04-25,44.22,44.22,44.10,44.10,300,41.30
2008-04-24,43.50,43.89,43.50,43.85,1800,41.07
2008-04-23,44.09,44.28,44.09,44.23,5000,41.42
2008-04-22,44.29,44.40,44.19,44.19,1000,41.38
2008-04-21,44.24,44.44,44.06,44.44,3600,41.62
2008-04-18,44.21,44.37,44.12,44.35,3900,41.53
2008-04-17,43.91,44.15,43.91,44.15,3200,41.35
2008-04-16,44.98,44.98,43.82,44.31,3900,41.50
2008-04-15,43.02,43.12,43.02,43.12,600,40.38
2008-04-14,43.00,43.00,42.91,42.92,900,40.20
2008-04-11,42.97,42.97,42.97,42.97,200,40.24
2008-04-10,43.34,43.48,43.34,43.39,1400,40.64
2008-04-09,43.77,43.77,43.58,43.58,1200,40.81
2008-04-08,43.76,43.84,41.70,43.84,5900,41.06
2008-04-07,44.57,44.57,44.38,44.41,8500,41.59
2008-04-04,44.22,44.27,44.12,44.27,4600,41.46
2008-04-03,43.69,44.19,43.69,44.19,4900,41.38
2008-04-02,43.98,44.54,43.98,44.49,2600,41.67
2008-04-01,44.09,44.41,44.09,44.41,900,41.59
2008-03-31,43.52,43.74,43.50,43.60,1100,40.83
2008-03-28,43.43,43.43,43.36,43.36,1400,40.61
2008-03-27,42.56,42.56,42.56,42.56,000,39.86
2008-03-26,42.56,42.56,42.56,42.56,200,39.86
2008-03-25,42.00,42.13,42.00,42.13,300,39.46
2008-03-24,41.67,42.08,41.67,41.96,1300,39.30
2008-03-20,40.84,41.02,40.84,41.02,1900,38.42
2008-03-19,41.47,41.47,40.53,40.55,800,37.98
2008-03-18,40.94,40.94,40.94,40.94,000,38.34
2008-03-17,40.71,40.94,40.71,40.94,700,38.34
2008-03-14,42.84,42.84,41.48,41.92,3300,39.26
2008-03-13,42.15,42.76,42.14,42.76,500,40.05
2008-03-12,42.73,42.92,42.61,42.61,2800,39.91
2008-03-11,41.97,42.09,41.92,42.09,400,39.42
2008-03-10,42.39,42.39,41.31,41.32,2000,38.70
2008-03-07,42.21,42.46,41.95,41.96,5400,39.30
2008-03-06,42.78,42.78,42.78,42.78,000,40.06
2008-03-05,42.82,43.21,42.59,42.78,4100,40.06
2008-03-04,41.51,42.57,41.51,42.56,7600,39.86
2008-03-03,42.68,42.91,42.63,42.90,5100,40.18
2008-02-29,43.43,43.45,42.97,42.97,13600,40.24
2008-02-28,44.15,44.15,43.70,43.88,4800,41.09
2008-02-27,43.51,44.07,42.72,44.06,1900,41.26
2008-02-26,43.15,43.94,43.15,43.74,1800,40.96
2008-02-25,42.77,43.54,42.77,43.54,3600,40.78
2008-02-22,42.60,42.60,42.36,42.40,2100,39.71
2008-02-21,42.70,42.70,42.56,42.56,1200,39.86
2008-02-20,41.63,42.15,41.63,42.01,3900,39.34
2008-02-19,42.48,42.66,42.26,42.26,3200,39.58
2008-02-15,41.91,41.95,41.80,41.95,2900,39.29
2008-02-14,41.69,41.74,41.60,41.60,1000,38.96
2008-02-13,41.00,41.49,41.00,41.49,1200,38.86
2008-02-12,40.73,40.82,40.48,40.48,19100,37.91
2008-02-11,40.44,40.59,40.44,40.58,2100,38.00
2008-02-08,40.00,40.26,39.98,40.26,6000,37.70
2008-02-07,40.22,40.22,40.12,40.12,2300,37.57
2008-02-06,41.30,41.34,40.67,40.67,3800,38.09
2008-02-05,41.65,41.72,41.21,41.22,3400,38.60
2008-02-04,42.90,42.97,42.87,42.92,2200,40.20
2008-02-01,42.46,42.86,42.46,42.70,16500,39.99
2008-01-31,40.97,42.10,40.97,42.10,6100,39.43
2008-01-30,41.90,42.57,41.64,42.43,15700,39.74
2008-01-29,42.00,42.04,41.91,41.92,1300,39.26
2008-01-28,41.51,42.90,40.70,41.54,16200,38.90
2008-01-25,41.84,41.84,40.97,41.00,4100,38.40
2008-01-24,40.50,40.83,40.50,40.74,2700,38.15
2008-01-23,38.82,38.82,38.15,38.20,4200,35.78
2008-01-22,38.50,40.04,38.10,40.04,57400,37.50
2008-01-18,41.20,41.20,41.08,41.09,4400,38.48
2008-01-17,41.43,41.55,41.25,41.55,6500,38.91
2008-01-16,41.49,41.49,39.76,40.50,23700,37.93
2008-01-15,42.66,42.75,42.49,42.63,4200,39.92
2008-01-14,43.73,43.73,43.58,43.71,1000,40.94
2008-01-11,42.96,43.22,42.68,42.98,6900,40.25
2008-01-10,52.91,52.91,43.09,43.57,6200,40.80
2008-01-09,43.73,45.60,43.73,43.95,7000,41.16
2008-01-08,44.97,44.97,44.46,44.46,5900,41.64
2008-01-07,44.86,44.86,44.66,44.66,9400,41.83
2008-01-04,45.81,45.81,45.36,45.36,3500,42.48
2008-01-03,46.31,46.41,46.24,46.24,3700,43.30
2008-01-02,46.87,46.87,46.54,46.54,2300,43.59
2007-12-31,46.87,46.87,46.44,46.67,7800,43.71
2007-12-28,46.49,46.60,46.49,46.58,3300,43.62
2007-12-27,46.43,46.43,46.17,46.21,10600,43.28