2011-05-10,31.77,31.83,31.62,31.79,5300,31.79
2011-05-09,31.23,31.54,31.18,31.53,13000,31.53
2011-05-06,31.39,31.66,30.88,31.04,133000,31.04
2011-05-05,31.34,31.52,30.91,31.01,12000,31.01
2011-05-04,32.09,32.09,31.67,31.67,5100,31.67
2011-05-03,32.54,32.56,32.12,32.26,6800,32.26
2011-05-02,32.98,33.23,32.92,33.02,54000,33.02
2011-04-29,32.82,33.00,32.67,32.98,8500,32.98
2011-04-28,32.63,32.85,32.62,32.84,150500,32.84
2011-04-27,32.61,32.70,32.61,32.70,900,32.70
2011-04-26,32.33,32.51,32.32,32.46,3600,32.46
2011-04-25,32.74,32.74,32.34,32.40,5100,32.40
2011-04-21,32.57,32.59,32.50,32.51,2600,32.51
2011-04-20,32.05,32.22,32.05,32.20,8300,32.20
2011-04-19,30.97,31.33,30.97,31.30,13300,31.30
2011-04-18,30.94,31.01,30.58,30.87,84300,30.87
2011-04-15,31.57,31.70,31.57,31.59,600,31.59
2011-04-14,31.50,31.79,31.50,31.79,5400,31.79
2011-04-13,31.73,31.91,31.46,31.59,6800,31.59
2011-04-12,31.77,31.81,31.41,31.53,7500,31.53
2011-04-11,32.66,32.66,32.31,32.31,8400,32.31
2011-04-08,32.41,32.47,32.34,32.38,7300,32.38
2011-04-07,32.00,32.07,31.73,31.82,14200,31.82
2011-04-06,32.22,32.22,32.04,32.13,4200,32.13
2011-04-05,31.85,32.02,31.85,31.97,5800,31.97
2011-04-04,31.94,31.94,31.75,31.87,5500,31.87
2011-04-01,31.52,31.55,31.38,31.55,11300,31.55
2011-03-31,31.40,31.40,31.26,31.32,5500,31.32
2011-03-30,31.09,31.23,30.99,31.13,46200,31.13
2011-03-29,30.34,30.69,30.34,30.67,3500,30.67
2011-03-28,30.51,30.63,30.48,30.48,2500,30.48
2011-03-25,30.67,30.76,30.50,30.50,30100,30.50
2011-03-24,30.57,30.89,30.48,30.81,142300,30.81
2011-03-23,29.91,30.40,29.87,30.34,16400,30.34
2011-03-22,30.20,30.20,29.90,30.02,11800,30.02
2011-03-21,30.18,30.18,29.92,30.12,39200,30.12
2011-03-18,29.55,29.70,29.37,29.52,29400,29.52
2011-03-17,28.85,29.02,28.71,28.84,76900,28.82
2011-03-16,28.63,28.89,27.83,28.05,32300,28.03
2011-03-15,27.75,28.71,27.51,28.61,108900,28.59
2011-03-14,29.28,29.32,29.08,29.30,3800,29.27
2011-03-11,29.32,29.87,29.32,29.86,8700,29.83
2011-03-10,29.99,29.99,29.59,29.66,15400,29.63
2011-03-09,30.95,30.95,30.62,30.65,6800,30.62
2011-03-08,31.02,31.09,30.75,30.96,7900,30.93
2011-03-07,31.74,31.74,31.09,31.19,1500,31.16
2011-03-04,31.84,31.84,31.50,31.59,9000,31.56
2011-03-03,31.77,31.88,31.68,31.88,3200,31.85
2011-03-02,31.23,31.49,31.23,31.35,6100,31.32
2011-03-01,31.62,31.62,31.17,31.27,3900,31.24
2011-02-28,31.34,31.56,31.31,31.36,7000,31.33
2011-02-25,30.93,31.04,30.93,30.96,38600,30.93
2011-02-24,30.58,30.70,30.38,30.44,4100,30.41
2011-02-23,30.78,30.78,30.24,30.49,74000,30.46
2011-02-22,30.88,31.32,30.64,30.69,26700,30.66
2011-02-18,31.64,31.71,31.57,31.58,4000,31.55
2011-02-17,31.50,31.76,31.48,31.72,95200,31.69
2011-02-16,31.33,31.63,31.33,31.58,6600,31.55
2011-02-15,31.59,31.59,31.35,31.36,10000,31.33
2011-02-14,31.45,31.62,31.45,31.61,50900,31.58
2011-02-11,31.10,31.40,31.10,31.39,5600,31.36
2011-02-10,31.05,31.27,30.86,31.27,7400,31.24
2011-02-09,31.69,31.70,31.29,31.48,50700,31.45
2011-02-08,31.50,31.77,31.50,31.64,7100,31.61
2011-02-07,31.40,31.65,31.34,31.54,9200,31.51
2011-02-04,31.38,31.39,31.07,31.30,49000,31.27
2011-02-03,31.05,31.22,30.70,31.12,23900,31.09
2011-02-02,30.97,31.08,30.96,31.00,8600,30.97
2011-02-01,30.49,30.85,30.48,30.84,127700,30.81
2011-01-31,29.93,30.08,29.93,30.02,3400,29.99
2011-01-28,30.55,30.55,29.68,29.68,31900,29.65
2011-01-27,30.60,30.60,30.22,30.41,5100,30.38
2011-01-26,30.09,30.51,30.09,30.48,7100,30.45
2011-01-25,29.91,29.99,29.74,29.99,3900,29.96
2011-01-24,29.85,30.21,29.84,29.99,3900,29.96
2011-01-21,29.97,29.99,29.77,29.79,14800,29.76
2011-01-20,29.95,29.95,29.46,29.80,14500,29.77
2011-01-19,31.06,31.06,30.30,30.35,10500,30.32
2011-01-18,30.86,30.86,30.60,30.61,78900,30.58
2011-01-14,30.55,30.65,30.41,30.65,10700,30.62
2011-01-13,30.82,31.01,30.71,30.74,13600,30.71
2011-01-12,30.56,30.93,30.55,30.85,19200,30.82
2011-01-11,30.04,30.29,30.04,30.14,58700,30.11
2011-01-10,29.50,29.86,29.40,29.83,21400,29.80
2011-01-07,30.10,30.10,29.59,29.88,17800,29.85
2011-01-06,30.51,30.56,29.93,29.93,86400,29.90
2011-01-05,30.11,30.39,29.98,30.21,13600,30.18
2011-01-04,30.97,31.01,30.27,30.59,10500,30.56
2011-01-03,31.10,31.23,30.92,30.98,57400,30.95
2010-12-31,30.80,30.94,30.49,30.94,6200,30.91
2010-12-30,30.82,30.82,30.52,30.68,6400,30.65
2010-12-29,30.55,30.79,30.55,30.70,2500,30.67
2010-12-28,30.63,30.63,30.23,30.33,1600,30.30
2010-12-27,30.27,30.27,30.07,30.21,3500,30.18
2010-12-23,30.02,30.30,30.02,30.30,5400,30.27
2010-12-22,30.34,30.34,30.10,30.18,3400,30.15
2010-12-21,30.02,30.10,29.99,30.10,10200,30.07
2010-12-20,29.63,29.66,29.50,29.66,4100,29.63
2010-12-17,29.51,29.64,29.42,29.64,9700,29.61
2010-12-16,29.54,29.82,29.46,29.82,7500,29.74
2010-12-15,30.01,30.01,29.61,29.68,11100,29.60
2010-12-14,30.08,30.33,29.94,30.07,79900,29.99
2010-12-13,29.97,30.25,29.97,30.08,4900,30.00
2010-12-10,29.52,29.75,29.50,29.75,4300,29.67
2010-12-09,29.52,29.52,29.32,29.40,3000,29.32
2010-12-08,29.72,29.72,29.31,29.50,2800,29.42
2010-12-07,30.44,30.44,29.85,29.85,2900,29.77
2010-12-06,29.60,29.81,29.59,29.70,2400,29.62
2010-12-03,29.10,29.58,29.10,29.58,2900,29.50
2010-12-02,28.85,29.22,28.85,29.20,39700,29.12
2010-12-01,28.16,28.51,28.16,28.49,5900,28.41
2010-11-30,27.41,27.64,27.38,27.57,4700,27.50
2010-11-29,27.77,27.77,27.42,27.64,74500,27.57
2010-11-26,28.05,28.22,28.02,28.02,5300,27.95
2010-11-24,28.38,28.43,28.28,28.43,5900,28.35
2010-11-23,28.03,28.08,27.81,27.95,9600,27.88
2010-11-22,28.44,28.75,28.29,28.63,21400,28.55
2010-11-19,28.39,28.81,28.39,28.78,5800,28.70
2010-11-18,28.74,28.87,28.71,28.87,1000,28.79
2010-11-17,27.95,28.09,27.94,28.03,3100,27.96
2010-11-16,28.53,28.54,27.66,27.93,8600,27.86
2010-11-15,28.95,29.10,28.85,28.92,3600,28.84
2010-11-12,29.27,29.43,28.77,28.90,116800,28.82
2010-11-11,29.54,29.58,29.30,29.54,97800,29.46
2010-11-10,29.61,29.61,29.02,29.40,17900,29.32
2010-11-09,30.03,30.31,29.33,29.33,84300,29.25
2010-11-08,29.67,29.86,29.58,29.70,4200,29.62
2010-11-05,29.91,30.03,29.69,29.93,22500,29.85
2010-11-04,29.46,29.76,29.16,29.74,22500,29.66
2010-11-03,28.30,28.49,28.27,28.44,2100,28.36
2010-11-02,28.50,28.50,28.25,28.46,6500,28.38
2010-11-01,28.36,28.36,27.85,27.89,22500,27.82
2010-10-29,27.79,27.96,27.79,27.96,4400,27.89
2010-10-28,27.93,27.98,27.84,27.93,11900,27.86
2010-10-27,27.70,27.70,27.24,27.60,7900,27.53
2010-10-26,27.81,28.17,27.81,28.07,3500,28.00
2010-10-25,28.47,28.55,28.26,28.38,4400,28.31
2010-10-22,27.62,27.92,27.62,27.91,3600,27.84
2010-10-21,27.79,28.11,27.79,27.82,5300,27.75
2010-10-20,27.64,28.07,27.61,28.07,3500,28.00
2010-10-19,27.62,27.62,27.06,27.28,8800,27.21
2010-10-18,28.23,28.31,28.06,28.31,3400,28.24
2010-10-15,28.50,28.51,28.10,28.41,5000,28.33
2010-10-14,28.62,28.70,28.34,28.65,2900,28.57
2010-10-13,28.33,28.35,28.20,28.20,500,28.13
2010-10-12,27.75,27.75,27.35,27.75,5700,27.68
2010-10-11,27.98,28.07,27.74,27.95,36300,27.88
2010-10-08,27.78,27.98,27.66,27.98,6700,27.91
2010-10-07,27.59,27.74,27.30,27.43,10200,27.36
2010-10-06,27.30,27.66,27.30,27.60,2300,27.53
2010-10-05,26.88,27.13,26.88,27.09,5900,27.02
2010-10-04,26.63,26.68,26.23,26.37,3200,26.30
2010-10-01,26.64,26.77,25.45,26.70,132300,26.63
2010-09-30,26.62,26.65,26.24,26.47,2700,26.40
2010-09-29,26.71,26.72,26.53,26.58,3000,26.51
2010-09-28,26.65,26.65,26.60,26.60,700,26.53
2010-09-27,26.65,26.65,26.24,26.40,2000,26.33
2010-09-24,26.20,26.30,26.20,26.29,4500,26.22
2010-09-23,26.16,26.16,25.69,25.72,7000,25.65
2010-09-22,26.17,26.17,26.08,26.17,2100,26.10
2010-09-21,26.13,26.13,25.57,25.96,17400,25.89
2010-09-20,25.92,26.09,25.86,26.08,6200,26.01
2010-09-17,25.45,25.68,25.45,25.68,3900,25.61
2010-09-16,25.73,25.73,25.55,25.70,8300,25.56
2010-09-15,25.79,25.79,25.65,25.71,3600,25.57
2010-09-14,25.50,25.86,25.50,25.86,6900,25.72
2010-09-13,25.41,25.53,25.39,25.50,5300,25.36
2010-09-10,25.12,25.12,24.99,24.99,3700,24.86
2010-09-09,24.93,25.20,24.72,24.91,3400,24.78
2010-09-08,24.95,24.95,24.75,24.75,4500,24.62
2010-09-07,24.49,24.70,24.49,24.67,15500,24.54
2010-09-03,24.65,24.87,24.64,24.87,5300,24.74
2010-09-02,24.24,24.47,24.24,24.42,2300,24.29
2010-09-01,23.90,24.46,23.90,24.39,24400,24.26
2010-08-31,23.28,23.66,23.28,23.56,6600,23.43
2010-08-30,23.57,23.57,23.32,23.32,1200,23.20
2010-08-27,23.54,23.57,23.45,23.51,1400,23.38
2010-08-26,23.34,23.43,23.10,23.10,3300,22.98
2010-08-25,22.91,22.97,22.62,22.95,2200,22.83
2010-08-24,23.00,23.22,22.98,22.99,12400,22.87
2010-08-23,23.77,23.77,23.77,23.77,200,23.64
2010-08-20,23.60,23.73,23.47,23.73,4500,23.60
2010-08-19,24.44,24.44,23.92,24.00,1300,23.87
2010-08-18,24.25,24.43,24.25,24.41,1200,24.28
2010-08-17,24.18,24.46,24.18,24.46,3600,24.33
2010-08-16,23.70,23.84,23.70,23.84,1800,23.71
2010-08-13,23.78,23.78,23.68,23.70,4100,23.57
2010-08-12,23.17,23.66,23.17,23.65,4500,23.52
2010-08-11,24.03,24.03,23.52,23.57,9700,23.44
2010-08-10,24.50,24.88,24.41,24.80,13500,24.67
2010-08-09,25.35,25.35,24.99,25.20,4800,25.07
2010-08-06,25.08,25.27,24.98,25.16,10700,25.03
2010-08-05,25.12,25.12,24.83,25.07,158200,24.94
2010-08-04,24.95,25.03,24.79,25.03,45400,24.90
2010-08-03,24.86,24.93,24.73,24.86,132200,24.73
2010-08-02,24.44,24.99,24.31,24.87,52500,24.74
2010-07-30,23.90,23.90,23.79,23.79,500,23.66
2010-07-29,23.95,24.15,23.72,23.83,2500,23.70
2010-07-28,23.83,23.83,23.61,23.69,8400,23.56
2010-07-27,24.40,24.40,23.69,23.72,1100,23.59
2010-07-26,23.90,24.07,23.89,23.93,2200,23.80
2010-07-23,23.47,23.47,23.47,23.47,000,23.35
2010-07-22,23.30,23.51,23.30,23.47,7700,23.35
2010-07-21,23.30,23.30,22.66,22.80,2200,22.68
2010-07-20,22.50,22.84,22.50,22.84,1000,22.72
2010-07-19,22.43,22.50,22.43,22.50,500,22.38
2010-07-16,23.13,23.13,22.43,22.64,2500,22.52
2010-07-15,22.69,23.06,22.69,23.06,300,22.94
2010-07-14,22.85,23.07,22.85,23.04,1400,22.92
2010-07-13,22.84,23.09,22.84,23.08,1700,22.96
2010-07-12,22.66,22.66,22.66,22.66,300,22.54
2010-07-09,22.83,22.85,22.71,22.85,600,22.73
2010-07-08,22.80,22.80,22.48,22.70,500,22.58
2010-07-07,22.12,22.43,22.12,22.42,2100,22.30
2010-07-06,22.09,22.29,22.09,22.29,1000,22.17
2010-07-02,21.70,21.72,21.48,21.55,2800,21.44
2010-07-01,21.56,21.83,21.27,21.67,5000,21.55
2010-06-30,21.71,21.94,21.71,21.73,1500,21.61
2010-06-29,22.61,22.61,21.91,22.15,2500,22.03
2010-06-28,23.12,23.12,22.88,22.89,4800,22.77
2010-06-25,23.25,23.25,23.10,23.12,1000,23.00
2010-06-24,23.25,23.36,23.25,23.36,700,23.24
2010-06-23,23.40,23.58,23.37,23.53,2900,23.40
2010-06-22,24.06,24.06,23.43,23.43,2400,23.31
2010-06-21,24.00,24.15,23.84,23.84,1900,23.71
2010-06-18,23.70,23.70,23.57,23.62,800,23.49
2010-06-17,23.62,23.69,23.54,23.54,900,23.28
2010-06-16,23.60,23.63,23.33,23.55,6900,23.29
2010-06-15,23.40,23.54,23.40,23.54,1600,23.28
2010-06-14,23.09,23.09,23.05,23.05,400,22.79
2010-06-11,22.49,22.72,22.49,22.71,5500,22.46
2010-06-10,22.33,22.70,22.33,22.63,2700,22.38
2010-06-09,21.93,21.93,21.78,21.78,900,21.54
2010-06-08,21.37,21.73,21.37,21.73,10800,21.49
2010-06-07,21.55,21.67,21.37,21.37,1800,21.13
2010-06-04,21.84,22.09,21.47,21.47,6800,21.23
2010-06-03,23.20,23.20,22.48,22.55,8600,22.30
2010-06-02,22.30,22.69,22.07,22.69,157800,22.44
2010-06-01,22.07,22.89,22.07,22.28,52800,22.03
2010-05-28,22.90,22.90,22.56,22.62,1000,22.37
2010-05-27,22.46,23.02,22.46,22.94,7700,22.68
2010-05-26,22.01,22.17,21.93,21.94,2300,21.70
2010-05-25,20.68,21.47,20.67,21.47,3800,21.23
2010-05-24,22.00,22.14,21.94,22.00,2600,21.75
2010-05-21,21.11,22.03,20.33,21.86,11500,21.62
2010-05-20,21.62,21.62,21.20,21.45,7700,21.21
2010-05-19,22.48,22.54,21.96,22.49,7700,22.24
2010-05-18,23.43,23.43,22.90,22.90,13600,22.64
2010-05-17,23.57,23.57,22.81,23.12,17300,22.86
2010-05-14,23.94,23.95,23.44,23.60,3800,23.34
2010-05-13,24.55,24.61,24.34,24.34,2000,24.07
2010-05-12,24.55,24.55,24.27,24.29,8300,24.02
2010-05-11,24.01,24.15,23.93,23.98,2400,23.71
2010-05-10,25.60,25.60,23.80,24.47,26800,24.20
2010-05-07,23.11,23.46,21.38,22.80,87500,22.55
2010-05-06,23.38,26.50,16.95,22.31,15000,22.06
2010-05-05,23.94,24.11,23.50,23.89,19300,23.62
2010-05-04,24.87,24.88,24.10,24.28,22300,24.01
2010-05-03,25.94,25.94,25.36,25.59,7100,25.30
2010-04-30,26.01,26.03,25.70,25.77,13800,25.48
2010-04-29,26.03,26.18,26.03,26.18,1800,25.89
2010-04-28,25.53,25.69,25.45,25.69,7900,25.40
2010-04-27,26.41,26.41,25.58,25.58,6700,25.29
2010-04-26,26.85,26.86,26.56,26.59,7000,26.29
2010-04-23,26.25,26.56,26.22,26.24,9900,25.95
2010-04-22,26.17,26.24,25.78,26.24,6500,25.95
2010-04-21,26.51,26.51,26.23,26.47,6500,26.17
2010-04-20,26.65,26.81,26.39,26.49,15900,26.19
2010-04-19,26.20,26.20,25.81,26.16,20000,25.87
2010-04-16,27.61,27.61,26.21,26.46,2600,26.16
2010-04-15,26.90,27.25,26.90,27.21,13000,26.91
2010-04-14,27.22,27.34,27.11,27.11,17400,26.81
2010-04-13,27.30,27.30,26.66,26.88,5100,26.58
2010-04-12,27.19,27.41,27.14,27.31,9300,27.01
2010-04-09,27.18,27.31,27.01,27.07,7500,26.77
2010-04-08,26.90,26.97,26.40,26.86,6900,26.56
2010-04-07,27.03,27.07,26.85,26.97,6300,26.67
2010-04-06,26.97,27.14,26.95,27.14,6900,26.84
2010-04-05,27.07,27.86,26.96,27.25,46500,26.95
2010-04-01,26.69,26.91,26.60,26.73,25800,26.43
2010-03-31,26.12,26.34,26.08,26.21,15800,25.92
2010-03-30,26.30,26.42,26.15,26.15,5400,25.86
2010-03-29,25.90,26.26,25.90,26.08,41000,25.79
2010-03-26,25.52,25.89,25.52,25.69,4700,25.40
2010-03-25,25.85,26.11,25.78,25.99,2300,25.70
2010-03-24,25.90,25.90,25.57,25.79,3100,25.50
2010-03-23,26.00,26.15,25.90,26.15,1700,25.86
2010-03-22,25.68,25.98,25.27,25.98,2400,25.69
2010-03-19,26.01,26.01,25.60,25.71,7700,25.42
2010-03-18,25.88,26.41,25.88,26.27,5300,25.98
2010-03-17,26.25,26.58,26.25,26.45,11800,26.16
2010-03-16,25.98,26.10,25.81,25.85,2000,25.56
2010-03-15,25.80,25.80,25.56,25.60,700,25.31
2010-03-12,26.17,26.17,25.86,26.04,7000,25.75
2010-03-11,25.54,25.69,25.54,25.69,101000,25.40
2010-03-10,25.68,25.77,25.68,25.75,500,25.46
2010-03-09,25.24,25.68,25.24,25.63,4800,25.34
2010-03-08,26.02,26.02,25.70,25.70,7600,25.41
2010-03-05,25.42,25.75,25.42,25.73,14700,25.44
2010-03-04,24.89,24.89,24.89,24.89,200,24.61
2010-03-03,24.90,25.20,24.90,25.02,2000,24.74
2010-03-02,24.34,24.76,24.34,24.53,3700,24.26
2010-03-01,23.48,24.32,23.48,24.24,5300,23.97
2010-02-26,23.65,24.06,23.65,24.06,2600,23.79
2010-02-25,23.39,23.66,23.31,23.59,1100,23.33
2010-02-24,23.85,23.92,23.67,23.92,2300,23.65
2010-02-23,23.93,24.17,23.85,23.85,9100,23.58
2010-02-22,24.59,24.59,24.32,24.44,3800,24.17
2010-02-19,24.32,24.45,24.12,24.30,2200,24.03
2010-02-18,24.38,24.43,24.38,24.43,1200,24.16
2010-02-17,24.54,24.54,24.42,24.44,1600,24.17
2010-02-16,23.93,24.22,23.91,24.22,5100,23.95
2010-02-12,23.70,23.71,23.38,23.56,4300,23.30
2010-02-11,23.43,24.01,23.36,24.01,9900,23.74
2010-02-10,23.57,23.63,23.01,23.33,5400,23.07
2010-02-09,23.08,23.72,23.08,23.59,15900,23.33
2010-02-08,22.80,23.06,22.60,22.60,47700,22.35
2010-02-05,23.28,23.28,22.50,22.89,49300,22.63
2010-02-04,24.13,24.13,23.09,23.15,42000,22.89
2010-02-03,24.78,24.79,24.37,24.43,26200,24.16
2010-02-02,24.36,24.63,24.36,24.54,10400,24.27
2010-02-01,23.65,24.26,23.47,24.11,53000,23.84
2010-01-29,24.08,24.14,22.97,23.23,117000,22.97
2010-01-28,24.58,24.58,23.43,23.83,31600,23.56
2010-01-27,24.60,24.60,23.83,24.18,18400,23.91
2010-01-26,24.75,24.77,24.13,24.61,24100,24.34
2010-01-25,24.81,25.16,24.68,24.75,84000,24.47
2010-01-22,24.96,25.27,24.41,24.42,14300,24.15
2010-01-21,26.06,26.06,24.96,24.96,43800,24.68
2010-01-20,26.50,26.58,25.60,26.04,15000,25.75
2010-01-19,26.68,27.06,26.68,26.95,9900,26.65
2010-01-15,27.17,27.17,26.58,26.68,3700,26.38
2010-01-14,27.25,27.40,27.17,27.26,37500,26.96
2010-01-13,26.75,27.23,26.52,27.11,38800,26.81
2010-01-12,27.25,27.25,26.70,26.82,6900,26.52
2010-01-11,27.76,27.82,27.34,27.45,15400,27.14
2010-01-08,27.11,27.33,27.09,27.33,6400,27.03
2010-01-07,27.32,27.32,26.89,27.12,10100,26.82
2010-01-06,27.18,27.21,26.97,27.20,20500,26.90
2010-01-05,26.87,26.91,26.66,26.79,45600,26.49
2010-01-04,26.39,26.74,26.39,26.61,10600,26.31
2009-12-31,25.95,25.95,25.69,25.69,3900,25.40
2009-12-30,25.99,25.99,25.67,25.67,3600,25.38
2009-12-29,26.14,26.14,25.71,25.99,7500,25.70
2009-12-28,25.92,25.99,25.89,25.94,5500,25.65
2009-12-24,25.72,25.92,25.72,25.92,1800,25.63
2009-12-23,25.37,25.72,25.37,25.72,600,25.43
2009-12-22,25.25,25.38,25.08,25.25,4800,24.97
2009-12-21,25.19,25.25,25.09,25.18,3900,24.90
2009-12-18,25.00,25.12,24.94,24.95,6800,24.67
2009-12-17,25.07,26.52,25.00,25.03,1100,24.74
2009-12-16,25.49,25.64,25.44,25.61,2700,25.32
2009-12-15,25.50,25.52,25.39,25.39,5400,25.10
2009-12-14,25.86,25.86,25.42,25.70,2700,25.41
2009-12-11,25.48,25.59,25.43,25.49,8500,25.20
2009-12-10,25.34,25.47,25.22,25.38,7500,25.09
2009-12-09,25.38,25.38,24.75,25.11,6700,24.82
2009-12-08,25.18,25.18,24.99,24.99,2000,24.70
2009-12-07,25.58,25.77,25.55,25.58,3600,25.29
2009-12-04,26.35,26.35,25.42,25.67,7700,25.38
2009-12-03,26.52,26.71,26.10,26.20,21600,25.90
2009-12-02,26.44,26.55,26.31,26.37,11600,26.07
2009-12-01,25.94,26.26,25.76,26.07,11200,25.77
2009-11-30,25.04,25.30,25.04,25.16,4000,24.87
2009-11-27,24.96,25.08,24.75,25.08,10000,24.79
2009-11-25,25.69,25.99,25.69,25.97,4800,25.67
2009-11-24,25.23,25.49,25.18,25.34,7300,25.05
2009-11-23,25.59,25.82,25.48,25.57,4700,25.28
2009-11-20,25.00,25.00,24.69,24.80,3900,24.52
2009-11-19,25.25,25.25,24.10,25.12,5800,24.83
2009-11-18,25.48,25.93,25.34,25.37,10900,25.08
2009-11-17,25.37,25.55,25.23,25.48,6500,25.19
2009-11-16,25.53,25.73,25.33,25.73,7600,25.44
2009-11-13,24.91,24.91,24.49,24.58,7200,24.30
2009-11-12,25.10,25.10,24.55,24.55,7300,24.27
2009-11-11,25.17,25.26,24.83,24.83,3400,24.55
2009-11-10,24.76,24.80,24.60,24.77,11300,24.49
2009-11-09,24.83,25.00,24.66,24.87,6600,24.59
2009-11-06,23.81,24.13,23.81,23.92,9100,23.65
2009-11-05,23.94,23.94,23.58,23.78,7300,23.51
2009-11-04,23.81,23.81,23.46,23.54,2800,23.27
2009-11-03,22.80,22.93,22.80,22.93,700,22.67
2009-11-02,22.49,23.35,22.49,23.07,9200,22.81
2009-10-30,23.52,23.52,22.32,22.49,10900,22.23
2009-10-29,22.84,23.50,22.81,23.50,7500,23.23
2009-10-28,23.13,23.13,22.68,22.68,8500,22.42
2009-10-27,23.90,23.98,23.55,23.89,8100,23.62
2009-10-26,24.80,24.86,24.08,24.18,12700,23.90
2009-10-23,24.78,25.06,24.67,24.71,7000,24.43
2009-10-22,24.92,25.16,24.27,24.89,40000,24.61
2009-10-21,24.97,25.31,24.83,24.86,10500,24.58
2009-10-20,25.63,26.27,24.77,24.97,12400,24.68
2009-10-19,25.18,25.30,24.98,25.28,6000,24.99
2009-10-16,24.56,24.77,24.54,24.77,9100,24.49
2009-10-15,24.64,25.10,24.64,24.97,5000,24.68
2009-10-14,24.87,25.07,24.80,25.04,20300,24.75
2009-10-13,24.35,24.37,24.07,24.28,7900,24.00
2009-10-12,24.20,24.34,24.17,24.17,5700,23.89
2009-10-09,24.10,24.10,23.79,24.08,6800,23.80
2009-10-08,24.13,24.13,23.87,24.08,7500,23.80
2009-10-07,23.71,23.71,23.20,23.48,19000,23.21
2009-10-06,22.95,23.23,22.95,23.00,2900,22.74
2009-10-05,21.87,22.17,21.78,22.17,26000,21.92
2009-10-02,21.16,22.08,21.16,21.90,15600,21.65
2009-10-01,22.69,22.69,22.18,22.18,6900,21.93
2009-09-30,22.88,23.20,22.75,23.20,31800,22.93
2009-09-29,23.36,23.36,22.85,22.85,6700,22.59
2009-09-28,22.97,23.23,22.09,23.10,2600,22.84
2009-09-25,22.92,23.08,22.64,23.02,9100,22.76
2009-09-24,24.14,24.14,23.13,23.23,2000,22.96
2009-09-23,24.27,24.27,23.68,23.68,8500,23.41
2009-09-22,23.45,24.00,23.45,23.89,1400,23.62
2009-09-21,23.70,23.71,23.05,23.59,4100,23.32
2009-09-18,23.95,24.06,23.88,23.90,1300,23.63
2009-09-17,24.37,24.46,24.11,24.21,9500,23.89
2009-09-16,24.02,24.37,23.92,24.30,10200,23.98
2009-09-15,23.00,23.50,23.00,23.50,2000,23.19
2009-09-14,23.30,23.40,23.13,23.30,12700,22.99
2009-09-11,23.75,23.75,23.42,23.55,5800,23.24
2009-09-10,23.25,23.45,23.00,23.44,7000,23.13
2009-09-09,23.35,23.35,23.10,23.10,10100,22.79
2009-09-08,22.87,23.15,22.87,23.02,7200,22.72
2009-09-04,22.32,22.32,21.95,21.97,3000,21.68
2009-09-03,21.94,21.95,21.90,21.95,1000,21.66
2009-09-02,20.82,21.56,20.80,21.51,4200,21.23
2009-09-01,21.90,21.99,21.35,21.35,2500,21.07
2009-08-31,22.00,22.01,21.89,21.96,2600,21.67
2009-08-28,22.10,22.50,22.10,22.35,4500,22.05
2009-08-27,22.00,22.10,21.72,22.10,7900,21.81
2009-08-26,22.14,22.28,22.02,22.12,5700,21.83
2009-08-25,22.58,22.59,22.51,22.52,1600,22.22
2009-08-24,22.81,22.81,22.38,22.46,7100,22.16
2009-08-21,22.15,22.24,22.06,22.14,6500,21.85
2009-08-20,21.65,21.69,21.61,21.65,7400,21.36
2009-08-19,20.73,21.54,20.73,21.51,1300,21.23
2009-08-18,21.22,21.28,21.22,21.28,300,21.00
2009-08-17,21.51,21.51,20.84,21.08,5700,20.80
2009-08-14,22.65,22.65,21.79,21.79,8900,21.50
2009-08-13,22.43,22.43,22.07,22.17,4700,21.88
2009-08-12,21.42,21.69,21.27,21.69,2500,21.40
2009-08-11,21.38,21.43,21.25,21.31,7300,21.03
2009-08-10,21.97,21.97,21.55,21.63,5900,21.34
2009-08-07,22.50,22.50,21.92,21.94,7800,21.65
2009-08-06,22.27,22.27,22.04,22.05,2800,21.76
2009-08-05,22.27,22.53,21.84,22.32,13900,22.02
2009-08-04,22.24,22.36,22.24,22.35,4200,22.05
2009-08-03,22.30,22.61,22.24,22.40,4500,22.10
2009-07-31,21.53,21.69,21.41,21.69,10200,21.40
2009-07-30,21.52,22.02,21.01,21.32,4100,21.04
2009-07-29,20.89,20.89,20.15,20.76,9200,20.49
2009-07-28,21.06,21.87,20.89,21.05,30600,20.77
2009-07-27,21.67,21.88,21.30,21.37,6900,21.09
2009-07-24,21.26,22.19,21.26,21.33,1600,21.05
2009-07-23,20.91,21.53,20.91,21.33,11600,21.05
2009-07-22,20.76,20.91,20.59,20.86,1800,20.58
2009-07-21,21.06,21.76,20.54,20.54,6500,20.27
2009-07-20,20.64,20.64,20.24,20.48,37500,20.21
2009-07-17,19.36,20.47,19.36,19.52,700,19.26
2009-07-16,19.92,19.92,19.20,19.71,5200,19.45
2009-07-15,19.26,20.11,19.17,20.11,5900,19.84
2009-07-14,17.92,17.92,17.92,17.92,000,17.68
2009-07-13,16.54,18.09,16.54,17.92,2100,17.68
2009-07-10,17.70,17.91,16.53,17.59,7900,17.36
2009-07-09,18.11,18.98,17.93,17.93,22700,17.69
2009-07-08,18.18,18.21,17.00,17.93,71400,17.69
2009-07-07,18.38,18.38,18.15,18.30,14900,18.06
2009-07-06,18.50,19.55,18.00,18.26,14600,18.02
2009-07-02,19.03,19.16,19.03,19.16,1700,18.91
2009-07-01,19.72,19.75,19.57,19.72,1400,19.46
2009-06-30,19.61,19.61,19.12,19.34,4800,19.08
2009-06-29,19.72,19.85,19.37,19.63,2000,19.37
2009-06-26,19.27,19.51,19.27,19.51,2900,19.25
2009-06-25,18.87,19.22,18.43,19.22,4200,18.97
2009-06-24,18.63,19.89,18.51,18.64,16200,18.39
2009-06-23,18.73,18.73,18.12,18.37,116500,18.13
2009-06-22,19.15,19.15,17.85,18.35,13300,18.11
2009-06-19,20.09,20.09,18.40,19.41,29400,19.15
2009-06-18,19.12,19.96,18.85,19.34,12800,18.93
2009-06-17,19.95,19.95,19.01,19.26,10400,18.85
2009-06-16,20.96,20.96,19.71,19.96,16000,19.54
2009-06-15,21.64,21.64,19.31,19.89,22900,19.47
2009-06-12,21.06,21.22,18.50,20.78,152500,20.34
2009-06-11,21.14,21.99,21.14,21.61,6800,21.15
2009-06-10,21.45,21.81,20.36,20.77,116600,20.33
2009-06-09,21.19,21.19,20.62,20.79,2600,20.35
2009-06-08,21.40,21.40,20.50,20.59,1800,20.15
2009-06-05,21.69,22.16,20.77,20.85,15700,20.41
2009-06-04,21.19,21.19,19.53,20.86,13000,20.42
2009-06-03,21.92,22.86,20.05,20.53,36000,20.10
2009-06-02,21.36,21.80,21.26,21.73,61700,21.27
2009-06-01,21.40,21.56,21.14,21.35,27500,20.90
2009-05-29,20.79,20.79,20.40,20.48,12800,20.05
2009-05-28,19.87,20.00,19.53,20.00,3600,19.58
2009-05-27,19.72,20.49,19.72,19.80,4700,19.38
2009-05-26,20.76,20.76,19.12,19.93,5600,19.51
2009-05-22,19.37,19.60,19.35,19.56,4000,19.15
2009-05-21,20.50,21.46,18.45,19.32,11200,18.91
2009-05-20,19.50,20.46,19.50,19.78,8800,19.36
2009-05-19,19.06,19.12,18.80,19.08,12000,18.68
2009-05-18,17.45,18.90,17.45,18.75,13200,18.35
2009-05-15,16.83,18.90,16.83,18.28,4800,17.89
2009-05-14,17.70,18.72,17.70,18.33,22300,17.94
2009-05-13,18.55,18.55,18.00,18.14,9900,17.76
2009-05-12,18.99,18.99,18.71,18.92,18800,18.52
2009-05-11,20.91,20.91,18.80,18.85,39800,18.45
2009-05-08,19.00,19.50,18.73,19.42,225300,19.01
2009-05-07,19.00,19.09,18.55,18.55,80000,18.16
2009-05-06,19.19,19.81,18.55,18.61,1500,18.22
2009-05-05,18.53,19.19,18.23,18.23,2900,17.84
2009-05-04,17.89,18.56,17.89,18.23,5300,17.84
2009-05-01,17.38,17.52,17.38,17.52,2100,17.15
2009-04-30,17.29,17.62,17.23,17.38,36900,17.01
2009-04-29,16.79,17.02,16.79,17.02,3000,16.66
2009-04-28,16.48,16.61,16.30,16.61,2800,16.26
2009-04-27,16.69,17.06,16.68,17.06,2500,16.70
2009-04-24,17.22,17.32,17.22,17.32,1200,16.95
2009-04-23,15.95,16.49,15.95,16.49,2500,16.14
2009-04-22,16.99,16.99,16.07,16.57,1200,16.22
2009-04-21,16.00,16.40,16.00,16.09,24300,15.75
2009-04-20,17.49,18.30,15.44,16.27,9200,15.93
2009-04-17,16.78,16.89,16.77,16.88,3700,16.52
2009-04-16,16.67,16.83,16.65,16.83,3900,16.47
2009-04-15,16.62,16.70,16.62,16.70,4100,16.35
2009-04-14,16.65,16.81,16.65,16.72,2100,16.37
2009-04-13,15.47,16.19,15.47,16.13,5400,15.79
2009-04-09,16.01,16.23,16.00,16.23,5100,15.89
2009-04-08,15.63,15.63,15.54,15.62,3500,15.29
2009-04-07,15.51,15.79,15.51,15.64,7400,15.31
2009-04-06,16.25,16.25,16.05,16.05,800,15.71
2009-04-03,18.99,18.99,16.25,16.25,2700,15.91
2009-04-02,29.10,29.26,16.10,16.62,10200,16.27
2009-04-01,14.84,15.51,14.84,15.35,3700,15.03
2009-03-31,15.19,15.19,14.93,14.94,3300,14.62
2009-03-30,16.40,16.40,14.87,14.87,3000,14.56
2009-03-27,15.84,15.90,15.65,15.65,6200,15.32
2009-03-26,15.96,16.00,15.93,15.93,1100,15.59
2009-03-25,15.90,15.95,15.81,15.81,2600,15.48
2009-03-24,15.82,16.01,15.82,16.01,1300,15.67
2009-03-23,15.99,16.11,15.99,16.11,3900,15.77
2009-03-20,15.99,15.99,15.27,15.27,500,14.95
2009-03-19,16.70,16.70,15.30,15.35,4200,14.96
2009-03-18,13.98,15.35,13.98,15.35,300,14.96
2009-03-17,14.19,14.19,14.19,14.19,1400,13.83
2009-03-16,13.55,14.21,13.55,14.15,400,13.79
2009-03-13,14.06,14.06,14.06,14.06,100,13.70
2009-03-12,13.84,13.84,13.74,13.74,200,13.39
2009-03-11,13.82,13.82,13.00,13.70,2900,13.35
2009-03-10,13.39,13.79,12.74,13.34,5000,13.00
2009-03-09,12.92,13.11,12.33,12.34,1800,12.03
2009-03-06,13.12,13.12,13.06,13.07,500,12.74
2009-03-05,13.13,13.13,12.30,12.80,1800,12.48
2009-03-04,14.00,14.00,12.80,12.81,3100,12.49
2009-03-03,13.88,13.88,12.95,12.95,600,12.62
2009-03-02,12.25,12.25,12.25,12.25,100,11.94
2009-02-27,13.60,13.65,13.01,13.01,1200,12.68
2009-02-26,13.73,13.73,13.73,13.73,000,13.38
2009-02-25,13.73,13.74,13.73,13.73,1600,13.38
2009-02-24,13.83,13.83,12.77,13.66,2200,13.31
2009-02-23,13.95,13.95,13.26,13.82,2000,13.47
2009-02-20,14.17,14.17,14.17,14.17,100,13.81
2009-02-19,14.74,14.74,14.64,14.64,200,14.27
2009-02-18,15.69,15.69,14.60,14.61,1900,14.24
2009-02-17,15.54,17.60,14.70,14.70,4500,14.33
2009-02-13,15.54,15.63,15.54,15.63,1000,15.23
2009-02-12,15.31,15.38,15.19,15.19,1800,14.81
2009-02-11,16.25,16.25,15.57,15.57,1200,15.18
2009-02-10,15.88,15.88,15.71,15.71,200,15.31
2009-02-09,17.09,17.09,16.27,16.27,800,15.86
2009-02-06,15.99,16.23,15.99,16.23,2100,15.82
2009-02-05,15.28,15.56,15.28,15.56,300,15.17
2009-02-04,14.87,14.87,14.35,14.35,600,13.99
2009-02-03,14.10,14.37,14.10,14.35,6800,13.99
2009-02-02,14.35,14.35,13.15,14.00,9200,13.65
2009-01-30,14.62,14.62,14.22,14.22,800,13.86
2009-01-29,15.01,15.01,14.78,14.83,4300,14.46
2009-01-28,15.35,15.35,15.00,15.00,17400,14.62
2009-01-27,15.06,15.06,15.02,15.05,500,14.67
2009-01-26,13.37,15.50,13.37,14.49,6500,14.12
2009-01-23,13.71,14.37,13.20,13.90,3000,13.55
2009-01-22,13.20,14.50,13.20,14.48,700,14.11
2009-01-21,14.58,14.58,14.58,14.58,100,14.21
2009-01-20,14.04,14.74,13.80,14.25,3900,13.89
2009-01-16,15.41,15.41,15.36,15.36,400,14.97
2009-01-15,14.61,14.61,14.50,14.50,3300,14.13
2009-01-14,15.20,15.20,13.90,14.50,1500,14.13
2009-01-13,15.58,15.58,15.51,15.54,500,15.15
2009-01-12,17.00,17.00,15.77,15.77,4000,15.37
2009-01-09,16.89,17.60,16.74,16.76,15100,16.34
2009-01-08,18.43,18.43,16.90,17.06,4900,16.63
2009-01-07,17.61,17.61,17.22,17.22,7700,16.78
2009-01-06,17.19,17.63,17.10,17.60,33000,17.16
2009-01-05,17.66,17.66,16.67,17.13,8100,16.70
2009-01-02,16.75,16.75,16.72,16.72,800,16.30
2008-12-31,16.98,16.98,16.16,16.18,3200,15.77
2008-12-30,16.15,16.36,16.15,16.19,3300,15.78
2008-12-29,16.29,16.29,16.06,16.19,9200,15.78
2008-12-26,15.39,15.47,14.60,15.46,1500,15.07
2008-12-24,14.78,15.23,14.78,15.13,1400,14.75
2008-12-23,16.69,16.69,15.46,15.46,3000,15.07
2008-12-22,15.57,15.57,15.52,15.52,2100,15.13
2008-12-19,15.70,15.93,15.70,15.93,1700,15.53
2008-12-18,19.00,19.00,16.27,16.27,1100,15.86
2008-12-17,16.61,16.72,16.61,16.69,2600,16.27
2008-12-16,17.82,17.82,15.64,16.02,7000,15.62
2008-12-15,15.67,15.83,15.67,15.83,2000,15.43
2008-12-12,15.03,15.03,15.03,15.03,100,14.65
2008-12-11,15.35,16.74,15.35,15.58,3800,15.19
2008-12-10,15.00,15.19,15.00,15.16,3100,14.78
2008-12-09,14.32,14.89,13.87,14.00,5300,13.65
2008-12-08,13.78,14.10,13.78,14.10,5900,13.74
2008-12-05,12.73,13.14,12.73,13.14,3300,12.81
2008-12-04,13.36,13.37,13.36,13.37,400,13.03
2008-12-03,13.28,13.42,12.70,13.34,2900,13.00
2008-12-02,13.63,13.63,13.63,13.63,000,13.29
2008-12-01,13.13,14.77,11.01,13.63,10300,13.29
2008-11-28,15.00,16.00,14.69,14.74,2400,14.37
2008-11-26,14.08,18.29,11.31,14.32,17000,13.96
2008-11-25,12.51,12.51,12.51,12.51,000,12.19
2008-11-24,12.51,12.51,12.51,12.51,000,12.19
2008-11-21,12.51,12.51,12.51,12.51,100,12.19
2008-11-20,11.96,12.02,11.85,11.85,600,11.55
2008-11-19,12.76,12.76,12.76,12.76,100,12.44
2008-11-18,13.55,13.76,13.55,13.76,2900,13.41
2008-11-17,14.50,14.50,14.50,14.50,000,14.13
2008-11-14,14.66,15.20,14.28,14.50,3100,14.13
2008-11-13,13.91,13.91,13.88,13.89,4900,13.54
2008-11-12,15.21,40.29,14.41,14.41,8900,14.05
2008-11-11,15.16,15.16,15.15,15.15,500,14.77
2008-11-10,13.60,15.70,13.60,15.70,600,15.30
2008-11-07,15.37,15.37,15.37,15.37,000,14.98
2008-11-06,16.17,16.17,15.37,15.37,700,14.98
2008-11-05,16.50,17.33,16.50,17.33,800,16.89
2008-11-04,17.88,17.88,16.83,17.07,3800,16.64
2008-11-03,16.17,16.50,16.17,16.50,5900,16.08
2008-10-31,15.00,15.70,15.00,15.61,1200,15.22
2008-10-30,16.20,16.30,15.77,15.79,3700,15.39
2008-10-29,14.52,15.00,14.52,15.00,2300,14.62
2008-10-28,13.63,13.70,13.53,13.53,900,13.19
2008-10-27,13.00,13.00,12.90,12.90,200,12.57
2008-10-24,13.00,13.20,13.00,13.20,1400,12.87
2008-10-23,14.40,14.40,14.20,14.20,300,13.84
2008-10-22,14.90,14.90,14.52,14.52,400,14.15
2008-10-21,16.40,16.40,16.20,16.20,1600,15.79
2008-10-20,15.87,15.95,15.87,15.95,700,15.55
2008-10-17,15.00,15.60,15.00,15.60,200,15.21
2008-10-16,14.99,14.99,14.99,14.99,2100,14.61
2008-10-15,17.49,17.49,16.60,16.60,2500,16.18
2008-10-14,19.29,19.29,18.75,18.75,400,18.28
2008-10-13,17.20,17.63,17.20,17.63,4500,17.18
2008-10-10,16.10,16.15,16.05,16.05,900,15.64
2008-10-09,17.92,17.93,17.70,17.70,600,17.25
2008-10-08,17.65,17.65,17.14,17.14,500,16.71
2008-10-07,18.64,18.64,18.15,18.15,2400,17.69
2008-10-06,18.72,18.72,17.36,17.75,5200,17.30
2008-10-03,20.55,20.55,20.55,20.55,000,20.03
2008-10-02,21.23,21.24,20.45,20.55,1500,20.03
2008-10-01,21.89,21.97,21.89,21.97,700,21.41
2008-09-30,24.15,24.15,24.15,24.15,000,23.54
2008-09-29,24.15,24.15,24.15,24.15,000,23.54
2008-09-26,24.15,24.15,24.15,24.15,100,23.54
2008-09-25,25.05,25.10,25.05,25.10,300,24.47
2008-09-24,25.15,25.15,25.15,25.15,200,24.51
2008-09-23,25.85,25.85,25.85,25.85,700,25.20
2008-09-22,24.36,26.36,24.36,25.95,600,25.29
2008-09-19,25.10,25.10,25.10,25.10,600,24.47
2008-09-18,23.01,23.98,22.90,23.98,1400,23.30
2008-09-17,23.55,23.58,21.75,22.10,4400,21.48
2008-09-16,23.48,23.48,23.48,23.48,200,22.82
2008-09-15,24.90,24.90,24.90,24.90,600,24.20
2008-09-12,24.15,24.15,24.15,24.15,000,23.47
2008-09-11,23.91,24.15,23.91,24.15,200,23.47
2008-09-10,24.53,24.53,24.08,24.08,200,23.40
2008-09-09,25.65,25.65,25.65,25.65,000,24.93
2008-09-08,27.37,27.37,25.65,25.65,500,24.93
2008-09-05,26.57,26.57,25.57,25.59,2600,24.87
2008-09-04,28.07,28.07,28.07,28.07,000,27.28
2008-09-03,28.07,28.07,28.07,28.07,000,27.28
2008-09-02,28.10,28.10,28.07,28.07,900,27.28
2008-08-29,29.15,29.15,29.15,29.15,200,28.33
2008-08-28,29.15,29.15,29.15,29.15,200,28.33
2008-08-27,28.08,28.65,28.08,28.65,400,27.84
2008-08-26,28.88,28.88,28.88,28.88,000,28.07
2008-08-25,28.88,28.88,28.88,28.88,100,28.07
2008-08-22,28.83,28.83,28.83,28.83,2000,28.02