2011-05-10,26.86,26.92,26.79,26.92,2500,26.92
2011-05-09,26.72,26.93,26.69,26.93,1500,26.93
2011-05-06,26.80,26.95,26.50,26.50,1800,26.50
2011-05-05,27.00,27.00,26.75,26.77,3800,26.77
2011-05-04,27.40,27.47,27.28,27.32,5100,27.32
2011-05-03,27.38,27.49,27.38,27.40,2100,27.40
2011-05-02,27.68,27.70,27.53,27.53,3600,27.53
2011-04-29,27.59,27.77,27.56,27.68,7800,27.68
2011-04-28,27.38,27.55,27.38,27.55,4500,27.55
2011-04-27,27.12,27.44,27.05,27.44,4700,27.44
2011-04-26,26.98,27.03,26.96,27.03,4300,27.03
2011-04-25,26.95,26.95,26.56,26.75,6400,26.75
2011-04-21,26.72,26.72,26.72,26.72,100,26.72
2011-04-20,27.01,27.04,26.96,27.02,2300,27.02
2011-04-19,26.39,26.46,26.34,26.46,3400,26.46
2011-04-18,26.21,26.32,26.10,26.32,1900,26.32
2011-04-15,26.69,26.88,26.69,26.86,2000,26.86
2011-04-14,26.67,26.75,26.67,26.75,800,26.75
2011-04-13,26.69,26.69,26.69,26.69,000,26.69
2011-04-12,26.63,26.69,26.54,26.69,1900,26.69
2011-04-11,26.81,26.90,26.81,26.85,2700,26.85
2011-04-08,26.85,26.85,26.84,26.84,700,26.84
2011-04-07,26.86,26.86,26.57,26.59,1300,26.59
2011-04-06,26.56,26.56,26.56,26.56,000,26.56
2011-04-05,26.49,26.60,26.49,26.56,700,26.56
2011-04-04,26.60,26.70,26.53,26.53,1300,26.53
2011-04-01,26.38,26.59,26.30,26.50,1800,26.50
2011-03-31,26.30,26.30,26.30,26.30,000,26.30
2011-03-30,26.31,26.31,26.30,26.30,1200,26.30
2011-03-29,26.17,26.18,26.09,26.09,25700,26.09
2011-03-28,26.03,26.03,26.03,26.03,200,26.03
2011-03-25,26.23,26.23,26.23,26.23,200,26.23
2011-03-24,26.10,26.18,26.10,26.18,600,26.18
2011-03-23,26.08,26.08,25.98,25.98,800,25.98
2011-03-22,26.07,26.07,25.99,26.04,1200,26.04
2011-03-21,26.05,26.28,26.05,26.28,500,26.28
2011-03-18,25.42,25.42,25.42,25.42,300,25.42
2011-03-17,25.18,25.18,25.06,25.06,600,25.04
2011-03-16,24.81,24.81,24.64,24.64,400,24.62
2011-03-15,24.58,25.34,24.55,25.25,2200,25.23
2011-03-14,25.46,25.46,25.46,25.46,300,25.44
2011-03-11,25.98,26.01,25.95,25.95,1000,25.93
2011-03-10,26.06,26.07,26.01,26.07,1100,26.05
2011-03-09,26.54,26.58,26.54,26.56,1300,26.54
2011-03-08,26.42,26.58,26.39,26.53,4100,26.51
2011-03-07,26.50,26.50,26.14,26.19,7400,26.17
2011-03-04,26.57,26.57,26.17,26.27,4900,26.25
2011-03-03,26.41,26.58,26.41,26.58,14900,26.56
2011-03-02,26.27,26.27,26.09,26.17,9500,26.15
2011-03-01,26.54,26.54,26.02,26.02,9200,26.00
2011-02-28,26.32,26.35,26.15,26.23,3400,26.21
2011-02-25,25.91,25.98,25.87,25.98,5400,25.96
2011-02-24,25.79,25.79,25.72,25.79,4800,25.77
2011-02-23,25.82,25.82,25.51,25.75,9400,25.73
2011-02-22,25.82,26.10,25.69,25.69,4100,25.67
2011-02-18,26.35,26.35,26.30,26.32,1200,26.30
2011-02-17,26.12,26.19,26.06,26.17,6500,26.15
2011-02-16,25.98,26.00,25.95,26.00,3200,25.98
2011-02-15,25.66,25.83,25.66,25.78,1200,25.76
2011-02-14,25.73,25.82,25.63,25.77,1900,25.75
2011-02-11,25.75,25.93,25.71,25.78,2500,25.76
2011-02-10,25.85,26.07,25.82,25.89,3200,25.87
2011-02-09,26.04,26.19,26.04,26.19,9300,26.17
2011-02-08,26.01,26.05,26.01,26.05,300,26.03
2011-02-07,26.10,26.10,25.90,25.91,4500,25.89
2011-02-04,26.03,26.03,25.88,25.97,9900,25.95
2011-02-03,25.93,25.93,25.82,25.93,1300,25.91
2011-02-02,25.97,26.04,25.93,25.93,4300,25.91
2011-02-01,25.76,25.95,25.69,25.92,2400,25.90
2011-01-31,25.58,25.58,25.49,25.53,700,25.51
2011-01-28,25.64,25.64,25.12,25.12,6700,25.10
2011-01-27,25.80,25.80,25.64,25.74,2500,25.72
2011-01-26,25.80,25.80,25.63,25.71,13000,25.69
2011-01-25,25.48,25.60,25.40,25.60,5600,25.58
2011-01-24,25.40,25.65,25.40,25.54,17000,25.52
2011-01-21,25.36,25.36,25.15,25.22,2400,25.20
2011-01-20,24.79,25.00,24.71,25.00,4200,24.98
2011-01-19,25.25,25.25,24.99,25.17,1800,25.15
2011-01-18,25.26,25.26,25.09,25.15,3900,25.13
2011-01-14,24.78,24.93,24.76,24.93,10700,24.91
2011-01-13,24.83,24.85,24.72,24.76,17800,24.74
2011-01-12,24.49,24.71,24.36,24.64,6600,24.62
2011-01-11,24.40,24.40,24.18,24.24,14100,24.22
2011-01-10,24.19,24.33,24.03,24.25,8700,24.23
2011-01-07,24.25,24.40,24.15,24.31,3000,24.29
2011-01-06,24.53,24.63,24.34,24.48,72900,24.46
2011-01-05,24.38,24.64,24.25,24.49,130900,24.47
2011-01-04,24.67,24.68,24.40,24.55,86600,24.53
2011-01-03,24.42,24.65,24.42,24.65,1000,24.63
2010-12-31,24.44,24.47,24.41,24.45,3600,24.43
2010-12-30,24.20,24.35,24.20,24.33,2900,24.31
2010-12-29,24.45,24.51,24.39,24.48,1400,24.46
2010-12-28,24.24,24.28,24.19,24.24,6100,24.22
2010-12-27,24.38,24.38,24.15,24.36,1400,24.34
2010-12-23,24.33,24.42,24.33,24.38,31600,24.36
2010-12-22,24.22,24.37,24.22,24.37,1300,24.35
2010-12-21,24.47,24.47,24.29,24.31,7300,24.29
2010-12-20,24.31,24.35,24.17,24.19,141700,24.17
2010-12-17,24.34,24.34,24.09,24.29,3300,24.27
2010-12-16,24.64,24.70,24.60,24.62,17400,24.32
2010-12-15,24.69,24.79,24.52,24.60,17300,24.30
2010-12-14,24.89,25.04,24.89,24.92,10600,24.61
2010-12-13,24.91,25.05,24.91,24.93,11700,24.62
2010-12-10,24.77,24.77,24.67,24.72,2600,24.42
2010-12-09,24.70,24.76,24.56,24.70,700,24.40
2010-12-08,24.65,24.65,24.58,24.61,2500,24.31
2010-12-07,25.06,25.06,24.59,24.59,4800,24.29
2010-12-06,24.68,24.76,24.46,24.76,8200,24.45
2010-12-03,24.72,24.72,24.65,24.68,13800,24.38
2010-12-02,24.60,24.71,24.46,24.56,40300,24.26
2010-12-01,24.40,24.52,24.14,24.47,261900,24.17
2010-11-30,23.62,23.97,23.62,23.80,1800,23.51
2010-11-29,24.10,24.21,23.87,24.21,1700,23.91
2010-11-26,24.63,24.63,24.45,24.45,1600,24.15
2010-11-24,24.90,24.90,24.68,24.88,1500,24.57
2010-11-23,24.94,24.94,24.50,24.61,4000,24.31
2010-11-22,25.19,25.33,25.15,25.27,1700,24.96
2010-11-19,25.59,25.63,25.53,25.61,2200,25.29
2010-11-18,25.34,25.60,25.34,25.41,17500,25.10
2010-11-17,25.20,25.20,24.96,25.00,800,24.69
2010-11-16,25.44,25.44,24.90,24.95,2200,24.64
2010-11-15,25.73,25.80,25.73,25.75,700,25.43
2010-11-12,25.64,25.99,25.62,25.72,9600,25.40
2010-11-11,25.73,25.73,25.72,25.72,200,25.40
2010-11-10,26.08,26.12,25.73,26.03,8100,25.71
2010-11-09,26.18,26.30,26.04,26.04,3200,25.72
2010-11-08,26.05,26.17,25.94,26.09,11300,25.77
2010-11-05,26.33,26.35,26.15,26.25,5800,25.93
2010-11-04,26.63,26.76,26.48,26.62,24700,26.29
2010-11-03,26.15,26.34,26.03,26.34,8300,26.02
2010-11-02,26.26,26.31,26.17,26.17,5900,25.85
2010-11-01,25.96,26.00,25.72,25.88,5600,25.56
2010-10-29,25.95,26.00,25.81,25.96,59600,25.64
2010-10-28,25.69,25.96,25.69,25.93,12500,25.61
2010-10-27,25.28,25.41,25.22,25.30,4000,24.99
2010-10-26,25.59,25.59,25.59,25.59,200,25.27
2010-10-25,25.49,25.69,25.49,25.69,197600,25.37
2010-10-22,25.46,25.46,25.30,25.30,1200,24.99
2010-10-21,25.38,25.62,25.17,25.24,3400,24.93
2010-10-20,25.11,25.55,25.11,25.45,2500,25.14
2010-10-19,25.09,25.27,24.94,24.94,5600,24.63
2010-10-18,25.57,25.75,25.57,25.75,2300,25.43
2010-10-15,25.65,25.65,25.43,25.55,3100,25.24
2010-10-14,25.65,25.66,25.46,25.58,5900,25.26
2010-10-13,25.17,25.32,25.14,25.18,600,24.87
2010-10-12,25.00,25.00,24.86,24.99,5300,24.68
2010-10-11,25.13,25.16,25.13,25.16,2600,24.85
2010-10-08,25.07,25.14,25.07,25.14,2700,24.83
2010-10-07,25.15,25.15,24.87,25.07,6500,24.76
2010-10-06,24.90,25.02,24.90,25.01,5400,24.70
2010-10-05,24.81,25.02,24.81,25.01,3500,24.70
2010-10-04,24.58,24.58,24.20,24.25,4000,23.95
2010-10-01,24.49,24.67,24.49,24.64,5700,24.34
2010-09-30,24.56,24.56,24.16,24.36,3400,24.06
2010-09-29,24.49,24.53,24.45,24.46,2700,24.16
2010-09-28,24.32,24.44,24.32,24.41,3400,24.11
2010-09-27,24.38,24.49,24.30,24.41,2900,24.11
2010-09-24,24.39,24.51,24.39,24.48,800,24.18
2010-09-23,24.00,24.05,23.94,23.94,1200,23.64
2010-09-22,24.26,24.26,24.02,24.02,1800,23.72
2010-09-21,24.26,24.26,23.96,24.20,1900,23.90
2010-09-20,24.00,24.17,23.96,24.17,4700,23.87
2010-09-17,23.99,23.99,23.66,23.70,13100,23.41
2010-09-16,23.95,24.00,23.85,23.90,4800,23.49
2010-09-15,23.84,24.08,23.84,24.07,5500,23.66
2010-09-14,23.69,24.00,23.69,23.91,2900,23.50
2010-09-13,23.67,23.70,23.58,23.67,3200,23.26
2010-09-10,23.40,23.40,23.40,23.40,000,23.00
2010-09-09,23.38,23.40,23.31,23.40,2600,23.00
2010-09-08,23.38,23.55,23.34,23.34,5800,22.94
2010-09-07,23.36,23.36,23.11,23.12,8900,22.72
2010-09-03,23.48,23.48,23.45,23.45,1400,23.05
2010-09-02,23.13,23.28,23.13,23.17,2200,22.77
2010-09-01,23.30,23.41,23.26,23.26,118800,22.86
2010-08-31,22.90,22.91,22.84,22.86,4500,22.47
2010-08-30,22.72,22.89,22.64,22.65,2800,22.26
2010-08-27,22.82,23.03,22.82,23.03,1500,22.63
2010-08-26,22.57,22.57,22.46,22.46,600,22.07
2010-08-25,22.12,22.33,22.12,22.32,3400,21.94
2010-08-24,22.20,22.34,22.20,22.33,3100,21.95
2010-08-23,22.73,22.73,22.50,22.50,600,22.11
2010-08-20,22.33,22.53,22.30,22.53,17700,22.14
2010-08-19,22.76,22.76,22.65,22.65,7800,22.26
2010-08-18,23.10,23.31,23.07,23.07,2600,22.67
2010-08-17,23.04,23.12,23.04,23.12,5200,22.72
2010-08-16,22.77,22.77,22.77,22.77,200,22.38
2010-08-13,22.84,22.88,22.72,22.85,1500,22.46
2010-08-12,22.75,22.77,22.65,22.65,2400,22.26
2010-08-11,22.98,22.98,22.69,22.69,2700,22.30
2010-08-10,23.39,23.51,23.38,23.51,1800,23.11
2010-08-09,23.60,23.67,23.59,23.67,2100,23.26
2010-08-06,23.32,23.32,23.32,23.32,000,22.92
2010-08-05,23.34,23.34,23.25,23.32,1500,22.92
2010-08-04,23.26,23.38,23.21,23.36,900,22.96
2010-08-03,23.20,23.30,23.18,23.27,9800,22.87
2010-08-02,23.34,23.51,23.24,23.47,23100,23.07
2010-07-30,22.85,22.85,22.70,22.81,1200,22.42
2010-07-29,22.84,22.88,22.79,22.87,1800,22.48
2010-07-28,22.61,22.61,22.44,22.48,2000,22.09
2010-07-27,22.82,22.82,22.43,22.49,25500,22.10
2010-07-26,22.47,22.47,22.47,22.47,000,22.08
2010-07-23,22.22,22.47,22.22,22.47,2500,22.08
2010-07-22,22.10,22.21,22.10,22.21,8100,21.83
2010-07-21,21.88,21.88,21.47,21.54,1500,21.17
2010-07-20,21.44,21.69,21.44,21.69,900,21.32
2010-07-19,21.75,21.93,21.70,21.93,1500,21.55
2010-07-16,22.06,22.06,21.57,21.57,3400,21.20
2010-07-15,22.07,22.11,21.99,22.11,800,21.73
2010-07-14,21.81,22.00,21.77,21.99,1100,21.61
2010-07-13,21.85,22.00,21.85,21.96,1000,21.58
2010-07-12,21.39,21.41,21.36,21.41,600,21.04
2010-07-09,21.63,21.63,21.57,21.57,300,21.20
2010-07-08,21.50,21.55,21.48,21.55,800,21.18
2010-07-07,21.20,21.51,21.19,21.51,1500,21.14
2010-07-06,21.10,21.15,20.77,20.77,3800,20.41
2010-07-02,20.54,20.67,20.54,20.67,400,20.32
2010-07-01,20.21,20.62,20.21,20.62,2700,20.27
2010-06-30,20.40,20.40,20.36,20.36,1500,20.01
2010-06-29,20.75,20.75,20.11,20.38,4900,20.03
2010-06-28,21.00,21.00,21.00,21.00,1900,20.64
2010-06-25,20.85,21.14,20.80,21.10,14400,20.74
2010-06-24,20.99,20.99,20.82,20.82,700,20.46
2010-06-23,20.71,20.89,20.71,20.89,600,20.53
2010-06-22,21.14,21.14,21.04,21.04,500,20.68
2010-06-21,21.10,21.10,21.10,21.10,200,20.74
2010-06-18,21.06,21.24,20.98,21.11,9000,20.75
2010-06-17,21.81,21.81,21.51,21.51,900,20.47
2010-06-16,21.46,21.46,21.46,21.46,200,20.42
2010-06-15,21.49,21.49,21.49,21.49,900,20.45
2010-06-14,21.02,21.02,21.02,21.02,000,20.01
2010-06-11,20.92,21.02,20.84,21.02,800,20.01
2010-06-10,20.98,20.98,20.97,20.97,400,19.96
2010-06-09,20.42,20.61,20.20,20.20,1600,19.22
2010-06-08,19.95,20.12,19.85,20.12,11200,19.15
2010-06-07,20.19,20.40,20.09,20.09,18400,19.12
2010-06-04,20.58,20.65,20.51,20.65,4400,19.65
2010-06-03,21.00,21.00,20.97,20.97,400,19.96
2010-06-02,20.61,20.96,20.61,20.96,60000,19.95
2010-06-01,20.58,20.58,20.58,20.58,600,19.59
2010-05-28,20.59,20.65,20.58,20.65,2200,19.65
2010-05-27,20.35,20.51,20.35,20.51,300,19.52
2010-05-26,20.20,20.20,20.16,20.16,1600,19.19
2010-05-25,19.34,19.79,19.30,19.79,29200,18.83
2010-05-24,20.01,20.04,19.99,20.04,500,19.07
2010-05-21,19.93,20.40,19.93,20.09,2900,19.12
2010-05-20,20.16,20.20,19.73,20.20,800,19.22
2010-05-19,20.11,20.42,20.11,20.41,2000,19.42
2010-05-18,20.85,20.85,19.90,20.22,7600,19.24
2010-05-17,20.68,20.85,20.33,20.69,8000,19.69
2010-05-14,20.65,20.65,20.35,20.60,6100,19.61
2010-05-13,21.09,21.36,21.09,21.36,1000,20.33
2010-05-12,21.30,21.32,21.19,21.28,20600,20.25
2010-05-11,20.82,21.40,20.82,21.40,600,20.37
2010-05-10,21.68,21.68,21.16,21.40,7000,20.37
2010-05-07,20.83,20.83,19.92,20.01,3000,19.04
2010-05-06,21.16,21.18,18.80,20.42,5800,19.43
2010-05-05,21.01,21.34,21.01,21.17,49700,20.15
2010-05-04,22.08,22.08,21.43,21.45,97600,20.41
2010-05-03,22.45,22.53,22.45,22.53,2500,21.44
2010-04-30,22.36,22.43,22.36,22.40,2000,21.32
2010-04-29,22.29,22.43,22.29,22.33,3600,21.25
2010-04-28,22.01,22.04,21.87,22.04,1900,20.98
2010-04-27,22.74,22.74,22.14,22.21,8300,21.14
2010-04-26,23.15,23.15,23.15,23.15,300,22.03
2010-04-23,23.00,23.11,23.00,23.11,500,21.99
2010-04-22,22.80,22.90,22.80,22.90,14200,21.79
2010-04-21,23.14,23.24,23.10,23.21,2200,22.09
2010-04-20,23.18,23.35,23.18,23.33,1800,22.20
2010-04-19,23.12,23.29,23.12,23.29,500,22.17
2010-04-16,23.68,23.68,23.68,23.68,200,22.54
2010-04-15,23.64,23.70,23.48,23.68,16400,22.54
2010-04-14,23.45,23.78,23.45,23.77,18800,22.62
2010-04-13,23.55,23.56,23.39,23.39,1500,22.26
2010-04-12,23.28,23.28,23.28,23.28,1300,22.16
2010-04-09,22.98,23.39,22.98,23.31,1900,22.18
2010-04-08,23.01,23.05,22.89,23.05,1000,21.94
2010-04-07,23.03,23.10,22.90,22.90,14300,21.79
2010-04-06,23.08,23.20,22.95,23.14,3000,22.02
2010-04-05,23.59,23.59,23.45,23.45,600,22.32
2010-04-01,23.27,23.42,23.17,23.38,6000,22.25
2010-03-31,22.99,23.12,22.98,23.10,20400,21.98
2010-03-30,23.14,23.25,23.02,23.14,2100,22.02
2010-03-29,23.04,23.14,22.96,23.09,5200,21.98
2010-03-26,22.59,22.70,22.57,22.70,1600,21.60
2010-03-25,22.77,22.79,22.64,22.64,1100,21.55
2010-03-24,22.49,22.61,22.49,22.61,3400,21.52
2010-03-23,23.18,23.18,23.18,23.18,500,22.06
2010-03-22,22.99,23.03,22.50,23.03,8300,21.92
2010-03-19,23.07,23.09,23.04,23.07,1300,21.96
2010-03-18,23.36,23.36,23.28,23.28,1800,22.16
2010-03-17,23.22,23.46,23.22,23.46,1400,22.33
2010-03-16,23.23,23.43,23.19,23.40,1600,22.27
2010-03-15,23.26,23.26,22.94,23.20,13400,22.08
2010-03-12,23.42,23.42,23.26,23.39,2800,22.26
2010-03-11,23.09,23.10,23.09,23.10,3200,21.98
2010-03-10,23.07,23.19,22.95,23.04,5000,21.93
2010-03-09,22.83,23.12,22.82,23.08,7400,21.97
2010-03-08,23.11,23.17,22.95,23.12,5600,22.00
2010-03-05,23.00,23.07,22.98,23.07,1700,21.96
2010-03-04,22.91,22.91,22.62,22.75,6200,21.65
2010-03-03,23.04,23.04,22.89,22.89,1500,21.78
2010-03-02,22.62,22.62,22.46,22.46,900,21.38
2010-03-01,22.79,22.79,22.49,22.49,1100,21.40
2010-02-26,22.41,22.41,22.41,22.41,1100,21.33
2010-02-25,22.05,22.31,21.75,22.29,2500,21.21
2010-02-24,22.26,22.26,22.26,22.26,200,21.19
2010-02-23,22.46,22.46,22.10,22.20,2500,21.13
2010-02-22,22.55,22.55,22.55,22.55,700,21.46
2010-02-19,22.46,22.46,22.46,22.46,200,21.38
2010-02-18,22.28,22.51,22.28,22.51,5300,21.42
2010-02-17,22.61,22.61,22.26,22.28,1600,21.20
2010-02-16,22.30,22.57,22.19,22.57,4500,21.48
2010-02-12,21.91,22.24,21.91,22.14,6300,21.07
2010-02-11,22.05,22.05,22.05,22.05,400,20.99
2010-02-10,22.26,22.26,22.26,22.26,200,21.19
2010-02-09,22.53,22.56,22.19,22.52,8600,21.43
2010-02-08,22.13,22.13,22.00,22.00,1700,20.94
2010-02-05,22.17,22.17,21.68,22.08,4400,21.01
2010-02-04,22.45,22.66,22.00,22.10,13800,21.03
2010-02-03,22.86,22.86,22.53,22.75,3200,21.65
2010-02-02,22.85,23.23,22.68,23.19,21300,22.07
2010-02-01,22.60,22.96,22.54,22.64,37000,21.55
2010-01-29,22.87,22.88,22.20,22.33,118200,21.25
2010-01-28,22.87,23.16,22.53,22.74,4300,21.64
2010-01-27,23.07,23.17,22.96,23.17,1000,22.05
2010-01-26,22.98,23.63,22.75,22.82,12700,21.72
2010-01-25,23.41,23.41,23.04,23.30,5700,22.18
2010-01-22,23.33,23.39,22.89,22.95,3100,21.84
2010-01-21,23.69,23.69,22.92,23.34,15700,22.21
2010-01-20,23.85,23.85,23.42,23.42,7200,22.29
2010-01-19,24.09,24.09,23.89,24.00,9700,22.84
2010-01-15,23.79,23.80,23.52,23.79,5400,22.64
2010-01-14,24.17,24.29,23.82,23.84,19000,22.69
2010-01-13,23.93,24.13,23.76,24.13,4600,22.97
2010-01-12,23.97,24.70,23.53,23.80,18500,22.65
2010-01-11,23.55,24.03,23.55,23.95,37600,22.79
2010-01-08,23.82,23.82,23.50,23.59,45200,22.45
2010-01-07,23.93,24.01,23.51,23.87,12800,22.72
2010-01-06,24.28,24.32,24.04,24.12,5300,22.96
2010-01-05,24.34,24.43,24.05,24.23,65300,23.06
2010-01-04,24.34,24.40,24.13,24.37,6400,23.19
2009-12-31,24.01,24.16,23.57,23.57,7100,22.43
2009-12-30,24.14,24.14,23.79,24.01,19600,22.85
2009-12-29,24.86,24.86,23.85,23.89,22900,22.74
2009-12-28,24.08,24.08,23.83,24.01,600,22.85
2009-12-24,24.08,24.08,24.08,24.08,1000,22.92
2009-12-23,24.83,24.83,23.58,23.97,21100,22.81
2009-12-22,23.89,23.92,23.74,23.74,5700,22.59
2009-12-21,23.91,23.91,23.41,23.41,14000,22.28
2009-12-18,23.81,23.81,23.08,23.71,4100,22.57
2009-12-17,24.09,24.12,23.79,23.81,15800,22.44
2009-12-16,25.16,25.16,24.26,24.42,5200,23.01
2009-12-15,24.33,24.48,24.02,24.07,10600,22.68
2009-12-14,24.57,24.69,24.37,24.50,10200,23.09
2009-12-11,24.60,24.61,24.12,24.48,7400,23.07
2009-12-10,24.75,24.75,24.46,24.51,45500,23.10
2009-12-09,24.61,25.37,24.14,24.49,15800,23.08
2009-12-08,24.85,25.45,24.04,24.40,27100,23.00
2009-12-07,24.91,25.16,24.91,25.16,1400,23.71
2009-12-04,25.13,25.34,24.84,25.03,35800,23.59
2009-12-03,25.48,25.48,25.09,25.09,2200,23.65
2009-12-02,25.30,25.49,25.17,25.34,13900,23.88
2009-12-01,24.84,25.24,24.84,25.18,7200,23.73
2009-11-30,25.49,25.49,24.22,24.22,1900,22.83
2009-11-27,24.46,24.57,23.68,24.57,4200,23.16
2009-11-25,25.31,25.31,24.58,24.98,5100,23.54
2009-11-24,24.46,24.74,24.28,24.54,8500,23.13
2009-11-23,24.51,24.51,24.38,24.38,500,22.98
2009-11-20,24.12,24.32,23.95,24.07,4600,22.68
2009-11-19,24.35,24.61,24.29,24.60,3900,23.18
2009-11-18,24.50,24.82,24.50,24.63,5100,23.21
2009-11-17,24.63,25.52,24.50,24.58,24000,23.17
2009-11-16,24.76,24.85,24.76,24.76,3000,23.34
2009-11-13,24.35,24.45,24.35,24.45,2500,23.04
2009-11-12,24.57,24.57,24.18,24.18,3000,22.79
2009-11-11,23.67,24.36,23.67,24.23,8300,22.84
2009-11-10,24.28,24.57,24.00,24.07,20300,22.68
2009-11-09,24.54,24.68,24.27,24.47,8100,23.06
2009-11-06,23.91,23.95,23.65,23.95,3900,22.57
2009-11-05,24.18,24.18,24.04,24.04,2100,22.66
2009-11-04,23.83,23.83,23.60,23.65,7300,22.29
2009-11-03,23.47,23.47,23.47,23.47,000,22.12
2009-11-02,23.96,23.96,23.47,23.47,3600,22.12
2009-10-30,23.67,24.57,23.53,23.53,1000,22.18
2009-10-29,24.18,24.18,23.77,24.00,2100,22.62
2009-10-28,24.02,24.64,22.95,23.74,15000,22.37
2009-10-27,23.89,23.89,23.72,23.76,9800,22.39
2009-10-26,24.21,24.21,23.28,23.64,3500,22.28
2009-10-23,24.13,24.13,23.94,23.94,3300,22.56
2009-10-22,24.15,24.48,24.15,24.44,7600,23.03
2009-10-21,24.06,24.19,24.00,24.00,500,22.62
2009-10-20,23.81,24.04,23.69,23.97,7800,22.59
2009-10-19,23.82,23.95,23.82,23.93,2100,22.55
2009-10-16,23.63,23.76,23.63,23.76,900,22.39
2009-10-15,23.97,23.97,23.85,23.89,3200,22.52
2009-10-14,23.43,23.43,23.43,23.43,000,22.08
2009-10-13,23.57,23.57,23.41,23.43,4000,22.08
2009-10-12,23.42,23.81,23.42,23.66,2000,22.30
2009-10-09,23.53,23.53,23.51,23.52,1300,22.17
2009-10-08,23.40,23.79,23.40,23.76,9800,22.39
2009-10-07,23.56,23.58,23.33,23.33,6300,21.99
2009-10-06,23.87,24.05,23.60,23.60,1800,22.24
2009-10-05,23.50,23.77,23.50,23.74,9300,22.37
2009-10-02,23.22,23.22,23.12,23.13,1200,21.80
2009-10-01,23.48,23.48,23.28,23.35,1000,22.01
2009-09-30,23.68,23.68,23.37,23.61,2900,22.25
2009-09-29,23.68,23.68,23.68,23.68,500,22.32
2009-09-28,23.60,24.45,23.60,23.97,5800,22.59
2009-09-25,24.33,24.50,23.51,23.51,3900,22.16
2009-09-24,24.74,24.89,23.52,23.72,17900,22.35
2009-09-23,24.75,24.75,23.93,23.93,20200,22.55
2009-09-22,24.61,24.61,23.98,23.98,1700,22.60
2009-09-21,24.00,24.52,22.61,23.72,3600,22.35
2009-09-18,25.28,25.28,22.55,23.96,5500,22.58
2009-09-17,25.45,25.45,23.99,24.10,3100,22.63
2009-09-16,24.40,25.30,23.75,24.52,11200,23.03
2009-09-15,24.23,24.37,24.00,24.37,4000,22.88
2009-09-14,24.20,24.99,23.95,23.95,1900,22.49
2009-09-11,24.00,24.05,23.90,24.05,9300,22.58
2009-09-10,23.50,23.99,23.50,23.85,5800,22.40
2009-09-09,23.64,23.73,23.59,23.59,3700,22.15
2009-09-08,23.82,23.82,23.17,23.38,3600,21.95
2009-09-04,22.51,22.92,22.51,22.88,12000,21.49
2009-09-03,22.15,22.45,22.15,22.45,7800,21.08
2009-09-02,22.12,22.22,22.12,22.14,5900,20.79
2009-09-01,22.75,22.75,22.42,22.42,2400,21.05
2009-08-31,22.53,22.60,21.84,22.56,3700,21.18
2009-08-28,22.94,22.94,22.63,22.65,3300,21.27
2009-08-27,22.68,22.94,22.59,22.89,13800,21.49
2009-08-26,22.69,22.69,22.52,22.67,1500,21.29
2009-08-25,22.77,22.88,22.62,22.76,6700,21.37
2009-08-24,22.44,22.46,22.26,22.34,2600,20.98
2009-08-21,22.37,22.38,22.32,22.32,1400,20.96
2009-08-20,22.00,22.09,21.97,22.09,3100,20.74
2009-08-19,21.56,21.88,21.44,21.86,5000,20.53
2009-08-18,21.45,21.78,21.45,21.78,2800,20.45
2009-08-17,21.41,21.46,21.20,21.38,2700,20.08
2009-08-14,22.28,22.28,22.00,22.16,6500,20.81
2009-08-13,22.43,22.51,22.40,22.50,4600,21.13
2009-08-12,21.86,22.24,21.86,22.24,7600,20.88
2009-08-11,22.10,22.17,22.00,22.10,5000,20.75
2009-08-10,21.57,22.17,21.57,22.11,2100,20.76
2009-08-07,22.68,22.72,22.53,22.53,6400,21.16
2009-08-06,22.47,22.49,22.35,22.35,2700,20.99
2009-08-05,22.70,22.70,22.56,22.70,4100,21.32
2009-08-04,22.76,22.76,22.76,22.76,600,21.37
2009-08-03,22.49,23.86,22.37,22.87,9600,21.48
2009-07-31,22.00,22.45,22.00,22.44,10500,21.07
2009-07-30,22.08,22.10,22.06,22.10,1300,20.75
2009-07-29,21.57,21.57,21.56,21.56,1400,20.25
2009-07-28,21.40,21.60,21.35,21.58,1100,20.26
2009-07-27,21.68,21.73,21.41,21.41,3300,20.11
2009-07-24,21.59,21.95,21.29,21.81,6700,20.48
2009-07-23,21.49,21.65,21.40,21.56,9400,20.25
2009-07-22,20.93,21.08,20.90,20.99,6400,19.71
2009-07-21,21.98,21.99,20.89,20.92,6400,19.64
2009-07-20,20.98,21.03,20.98,21.01,3300,19.73
2009-07-17,20.60,20.90,20.57,20.69,19200,19.43
2009-07-16,20.62,20.68,20.20,20.64,9800,19.38
2009-07-15,21.98,21.98,20.44,20.63,9900,19.37
2009-07-14,20.12,20.17,20.06,20.17,800,18.94
2009-07-13,20.07,20.12,20.06,20.12,900,18.89
2009-07-10,20.02,20.02,19.82,19.82,1100,18.61
2009-07-09,20.34,20.34,20.08,20.22,3300,18.99
2009-07-08,19.57,19.92,19.57,19.60,1900,18.41
2009-07-07,19.95,19.95,19.95,19.95,200,18.73
2009-07-06,20.10,20.28,20.10,20.28,300,19.04
2009-07-02,20.17,20.37,20.06,20.23,88000,19.00
2009-07-01,20.50,20.55,20.50,20.55,700,19.30
2009-06-30,19.83,19.83,19.83,19.83,000,18.62
2009-06-29,19.83,19.83,19.83,19.83,000,18.62
2009-06-26,19.83,19.83,19.83,19.83,000,18.62
2009-06-25,19.77,19.83,19.77,19.83,200,18.62
2009-06-24,19.22,19.22,19.22,19.22,000,18.05
2009-06-23,19.22,19.22,19.22,19.22,000,18.05
2009-06-22,19.22,19.22,19.22,19.22,300,18.05
2009-06-19,19.86,19.87,19.83,19.87,17900,18.66
2009-06-18,20.57,20.57,20.39,20.39,1900,18.59
2009-06-17,19.44,19.44,19.44,19.44,000,17.73
2009-06-16,19.74,19.74,19.44,19.44,2900,17.73
2009-06-15,19.55,19.79,19.55,19.79,2200,18.05
2009-06-12,20.07,20.15,20.06,20.15,2400,18.37
2009-06-11,19.78,19.78,19.78,19.78,000,18.04
2009-06-10,19.80,19.80,19.78,19.78,3100,18.04
2009-06-09,20.16,20.16,20.15,20.15,1300,18.37
2009-06-08,19.62,19.62,19.62,19.62,2700,17.89
2009-06-05,19.90,19.90,19.89,19.90,900,18.15
2009-06-04,20.36,20.36,20.15,20.15,1300,18.37
2009-06-03,20.66,20.66,20.66,20.66,000,18.84
2009-06-02,20.66,20.66,20.66,20.66,700,18.84
2009-06-01,20.49,20.49,20.49,20.49,1300,18.68
2009-05-29,20.04,20.04,20.04,20.04,000,18.27
2009-05-28,20.04,20.04,20.04,20.04,400,18.27
2009-05-27,20.06,20.06,20.06,20.06,000,18.29
2009-05-26,19.80,20.06,19.80,20.06,300,18.29
2009-05-22,19.69,19.69,19.69,19.69,100,17.95
2009-05-21,19.61,19.61,19.61,19.61,000,17.88
2009-05-20,19.72,19.72,19.61,19.61,300,17.88
2009-05-19,19.69,19.74,19.60,19.60,3100,17.87
2009-05-18,19.80,19.80,19.80,19.80,1500,18.06
2009-05-15,19.43,19.43,18.93,18.93,1200,17.26
2009-05-14,19.32,19.38,19.32,19.38,800,17.67
2009-05-13,18.88,18.88,18.88,18.88,000,17.22
2009-05-12,18.88,18.88,18.88,18.88,000,17.22
2009-05-11,18.88,18.88,18.88,18.88,100,17.22
2009-05-08,18.71,18.71,18.71,18.71,000,17.06
2009-05-07,18.75,18.76,18.68,18.71,2600,17.06
2009-05-06,19.04,19.04,19.04,19.04,100,17.36
2009-05-05,18.80,18.80,18.69,18.69,1100,17.04
2009-05-04,18.64,18.89,18.64,18.89,21000,17.23
2009-05-01,18.37,18.42,18.37,18.42,800,16.80
2009-04-30,18.18,18.18,18.18,18.18,300,16.58
2009-04-29,18.43,18.59,18.43,18.58,1000,16.94
2009-04-28,18.00,18.00,18.00,18.00,900,16.41
2009-04-27,18.16,18.16,18.12,18.12,700,16.52
2009-04-24,18.16,18.16,18.16,18.16,000,16.56
2009-04-23,18.16,18.16,18.16,18.16,100,16.56
2009-04-22,18.09,18.09,18.09,18.09,400,16.50
2009-04-21,17.77,18.23,17.77,18.22,5300,16.61
2009-04-20,18.76,18.76,18.76,18.76,000,17.11
2009-04-17,20.00,20.00,18.75,18.76,700,17.11
2009-04-16,18.60,18.70,18.60,18.70,400,17.05
2009-04-15,18.70,18.70,18.43,18.43,3200,16.81
2009-04-14,18.40,18.40,18.39,18.39,800,16.77
2009-04-13,18.64,18.69,18.64,18.69,700,17.04
2009-04-09,18.37,18.39,18.37,18.39,300,16.77
2009-04-08,18.36,18.36,18.36,18.36,100,16.74
2009-04-07,18.30,18.50,18.30,18.50,7200,16.87
2009-04-06,18.55,18.55,18.55,18.55,000,16.92
2009-04-03,18.74,18.74,18.55,18.55,1200,16.92
2009-04-02,19.07,19.15,19.07,19.15,900,17.46
2009-04-01,17.95,17.95,17.95,17.95,000,16.37
2009-03-31,17.95,17.95,17.95,17.95,000,16.37
2009-03-30,19.00,19.00,17.93,17.95,1200,16.37
2009-03-27,18.18,18.18,18.18,18.18,500,16.58
2009-03-26,18.35,18.35,18.35,18.35,000,16.73
2009-03-25,18.35,18.35,18.35,18.35,000,16.73
2009-03-24,18.35,18.35,18.35,18.35,200,16.73
2009-03-23,18.31,18.31,18.31,18.31,000,16.70
2009-03-20,18.31,18.31,18.31,18.31,000,16.70
2009-03-19,18.41,18.45,18.25,18.31,700,16.70
2009-03-18,17.79,17.79,17.61,17.66,1100,16.10
2009-03-17,17.71,17.87,17.71,17.71,1100,16.15
2009-03-16,17.68,17.68,17.47,17.47,400,15.93
2009-03-13,17.33,17.33,17.32,17.32,600,15.79
2009-03-12,17.08,17.08,17.08,17.08,1300,15.57
2009-03-11,16.27,16.27,16.27,16.27,000,14.84
2009-03-10,16.27,16.27,16.27,16.27,000,14.84
2009-03-09,16.18,16.27,16.18,16.27,300,14.84
2009-03-06,17.06,17.06,16.58,16.66,900,15.19
2009-03-05,16.86,16.86,16.65,16.82,1900,15.34
2009-03-04,17.33,17.39,17.33,17.39,300,15.86
2009-03-03,16.97,16.97,16.97,16.97,900,15.47
2009-03-02,17.27,17.27,16.96,16.97,1000,15.47
2009-02-27,17.50,17.50,17.50,17.50,000,15.96
2009-02-26,17.94,17.94,17.50,17.50,1100,15.96
2009-02-25,17.23,17.60,17.23,17.55,12100,16.00
2009-02-24,17.61,17.80,17.61,17.80,600,16.23
2009-02-23,17.74,17.74,17.58,17.58,800,16.03
2009-02-20,17.85,17.88,17.74,17.88,1800,16.30
2009-02-19,18.29,18.30,18.20,18.28,8500,16.67
2009-02-18,19.16,19.16,19.16,19.16,000,17.47
2009-02-17,19.16,19.16,19.16,19.16,000,17.47
2009-02-13,18.98,19.16,18.98,19.16,600,17.47
2009-02-12,18.69,18.69,18.69,18.69,1300,17.04
2009-02-11,19.11,19.18,18.95,18.95,600,17.28
2009-02-10,18.96,18.96,18.64,18.64,2500,17.00
2009-02-09,19.75,19.75,19.75,19.75,300,18.01
2009-02-06,19.46,19.46,19.46,19.46,000,17.75
2009-02-05,19.46,19.46,19.46,19.46,300,17.75
2009-02-04,19.15,19.15,19.15,19.15,500,17.46
2009-02-03,19.17,19.37,19.17,19.37,400,17.66
2009-02-02,18.87,18.87,18.58,18.58,17800,16.94
2009-01-30,19.59,19.59,19.59,19.59,000,17.86
2009-01-29,19.59,19.59,19.59,19.59,000,17.86
2009-01-28,19.59,19.59,19.59,19.59,000,17.86
2009-01-27,19.59,19.62,19.59,19.59,1500,17.86
2009-01-26,19.71,19.71,19.60,19.60,800,17.87
2009-01-23,18.91,19.07,18.91,19.07,2300,17.39
2009-01-22,18.96,19.14,18.96,19.14,300,17.45
2009-01-21,19.35,19.35,19.35,19.35,300,17.64
2009-01-20,19.62,19.62,19.08,19.08,12500,17.40
2009-01-16,20.00,20.00,20.00,20.00,600,18.24
2009-01-15,19.75,19.97,19.05,19.81,5000,18.06
2009-01-14,19.90,19.90,19.84,19.84,1400,18.09
2009-01-13,20.51,20.51,20.51,20.51,800,18.70
2009-01-12,21.00,21.00,20.65,20.65,12300,18.83
2009-01-09,21.49,21.49,21.16,21.16,1000,19.30
2009-01-08,21.35,21.35,21.35,21.35,000,19.47
2009-01-07,21.86,21.86,21.35,21.35,800,19.47
2009-01-06,22.04,22.20,22.04,22.16,1100,20.21
2009-01-05,22.05,22.18,22.02,22.18,2800,20.23
2009-01-02,22.10,22.10,22.10,22.10,000,20.15
2008-12-31,22.10,22.10,22.10,22.10,900,20.15
2008-12-30,21.65,21.65,21.65,21.65,500,19.74
2008-12-29,21.41,21.41,21.14,21.15,3800,19.29
2008-12-26,21.42,21.42,21.18,21.18,600,19.31
2008-12-24,21.19,21.19,21.16,21.16,300,19.30
2008-12-23,21.36,21.36,21.10,21.11,5100,19.25
2008-12-22,21.40,21.40,21.24,21.24,1000,19.37
2008-12-19,21.17,21.30,21.17,21.30,2600,19.42
2008-12-18,22.38,22.38,22.38,22.38,000,20.41
2008-12-17,22.40,22.40,22.38,22.38,1300,20.41
2008-12-16,21.00,21.00,21.00,21.00,000,19.15
2008-12-15,20.98,21.00,20.96,21.00,12200,19.15
2008-12-12,20.83,20.83,20.83,20.83,200,18.99
2008-12-11,21.25,21.25,21.25,21.25,500,19.38
2008-12-10,21.07,21.07,21.02,21.02,1200,19.17
2008-12-09,20.97,21.00,20.95,20.95,2200,19.10
2008-12-08,21.04,21.11,20.96,21.01,22300,19.16
2008-12-05,20.21,20.72,20.21,20.72,6500,18.89
2008-12-04,20.58,20.58,20.58,20.58,000,18.77
2008-12-03,20.25,20.58,20.10,20.58,32700,18.77
2008-12-02,20.05,20.05,19.94,19.94,1100,18.18
2008-12-01,19.43,19.50,19.25,19.28,30500,17.58
2008-11-28,20.21,20.21,20.21,20.21,000,18.43
2008-11-26,20.21,20.21,20.21,20.21,000,18.43
2008-11-25,20.06,20.21,20.06,20.21,1400,18.43
2008-11-24,19.21,19.21,19.21,19.21,000,17.52
2008-11-21,19.21,19.21,19.21,19.21,000,17.52
2008-11-20,19.21,19.21,19.21,19.21,000,17.52
2008-11-19,19.21,19.21,19.21,19.21,000,17.52
2008-11-18,19.21,19.21,19.21,19.21,000,17.52
2008-11-17,19.21,19.21,19.21,19.21,000,17.52
2008-11-14,19.21,19.21,19.21,19.21,000,17.52
2008-11-13,19.19,19.21,19.19,19.21,10100,17.52
2008-11-12,18.98,18.98,18.98,18.98,7100,17.31
2008-11-11,20.04,20.04,20.04,20.04,000,18.27
2008-11-10,20.04,20.04,20.04,20.04,000,18.27
2008-11-07,20.04,20.04,20.04,20.04,000,18.27
2008-11-06,20.04,20.04,20.04,20.04,000,18.27
2008-11-05,20.04,20.04,20.04,20.04,100,18.27
2008-11-04,19.50,19.50,19.50,19.50,000,17.78
2008-11-03,19.26,19.50,19.26,19.50,4700,17.78
2008-10-31,19.61,19.61,19.61,19.61,000,17.88
2008-10-30,19.61,19.61,19.61,19.61,100,17.88
2008-10-29,19.63,19.63,19.63,19.63,400,17.90
2008-10-28,17.90,17.90,17.90,17.90,000,16.32
2008-10-27,17.90,17.90,17.90,17.90,000,16.32
2008-10-24,17.90,17.90,17.90,17.90,300,16.32
2008-10-23,18.83,18.83,18.83,18.83,900,17.17
2008-10-22,20.42,20.42,20.42,20.42,000,18.62
2008-10-21,20.42,20.42,20.42,20.42,000,18.62
2008-10-20,20.42,20.42,20.42,20.42,000,18.62
2008-10-17,20.42,20.42,20.42,20.42,100,18.62
2008-10-16,20.32,20.32,20.32,20.32,000,18.53
2008-10-15,20.32,20.32,20.32,20.32,000,18.53
2008-10-14,20.32,20.32,20.32,20.32,000,18.53
2008-10-13,20.32,20.32,20.32,20.32,100,18.53
2008-10-10,18.55,18.61,17.83,17.83,300,16.26
2008-10-09,21.18,21.18,21.18,21.18,000,19.31
2008-10-08,21.18,21.18,21.18,21.18,000,19.31
2008-10-07,21.18,21.18,21.18,21.18,800,19.31
2008-10-06,23.07,23.07,23.07,23.07,000,21.04
2008-10-03,23.07,23.07,23.07,23.07,000,21.04
2008-10-02,23.07,23.07,23.07,23.07,000,21.04
2008-10-01,22.80,23.07,21.78,23.07,4400,21.04
2008-09-30,23.06,23.12,23.05,23.11,2000,21.07
2008-09-29,22.97,22.99,21.94,21.94,3500,20.01
2008-09-26,24.01,24.14,24.01,24.14,900,22.01
2008-09-25,23.52,23.52,23.52,23.52,000,21.45
2008-09-24,23.52,23.52,23.52,23.52,1400,21.45
2008-09-23,24.56,24.56,24.56,24.56,000,22.40
2008-09-22,24.40,24.56,24.40,24.56,400,22.40
2008-09-19,23.55,23.55,23.55,23.55,000,21.47
2008-09-18,23.55,23.55,23.55,23.55,200,21.35
2008-09-17,23.08,23.08,23.08,23.08,100,20.92
2008-09-16,23.96,23.96,23.96,23.96,000,21.72
2008-09-15,23.96,23.96,23.96,23.96,000,21.72
2008-09-12,23.96,23.96,23.96,23.96,000,21.72
2008-09-11,23.96,23.96,23.96,23.96,100,21.72
2008-09-10,24.18,24.18,24.18,24.18,000,21.92
2008-09-09,24.18,24.18,24.18,24.18,000,21.92
2008-09-08,24.18,24.18,24.18,24.18,200,21.92
2008-09-05,25.22,25.22,25.22,25.22,000,22.86
2008-09-04,25.22,25.22,25.22,25.22,000,22.86
2008-09-03,25.28,25.28,25.22,25.22,3500,22.86
2008-09-02,25.50,25.50,25.50,25.50,000,23.12
2008-08-29,25.50,25.50,25.50,25.50,400,23.12
2008-08-28,25.11,25.11,25.11,25.11,000,22.76
2008-08-27,25.11,25.11,25.11,25.11,000,22.76
2008-08-26,25.11,25.11,25.11,25.11,000,22.76
2008-08-25,25.11,25.11,25.11,25.11,000,22.76
2008-08-22,25.11,25.11,25.11,25.11,000,22.76