2011-05-10,64.57,65.02,64.57,65.02,400,65.02
2011-05-09,63.78,63.87,63.72,63.87,600,63.87
2011-05-06,64.47,64.47,63.69,63.88,2300,63.88
2011-05-05,63.51,64.14,63.51,63.67,500,63.67
2011-05-04,63.93,63.93,63.93,63.93,300,63.93
2011-05-03,64.35,64.35,64.35,64.35,400,64.35
2011-05-02,65.44,65.44,65.06,65.06,1100,65.06
2011-04-29,65.36,65.36,65.34,65.34,600,65.34
2011-04-28,65.32,65.32,65.32,65.32,500,65.32
2011-04-27,64.91,65.09,64.91,65.09,800,65.09
2011-04-26,64.79,64.87,64.78,64.83,1800,64.83
2011-04-25,64.10,64.10,63.78,63.78,1900,63.78
2011-04-21,64.00,64.05,64.00,64.03,400,64.03
2011-04-20,63.72,63.89,63.63,63.63,400,63.63
2011-04-19,62.85,62.85,62.74,62.81,1800,62.81
2011-04-18,63.07,63.07,62.10,62.55,6500,62.55
2011-04-15,63.63,63.65,63.59,63.65,1400,63.65
2011-04-14,62.87,63.09,62.71,63.09,3000,63.09
2011-04-13,63.41,63.41,63.38,63.38,200,63.38
2011-04-12,63.47,63.47,62.92,63.01,1000,63.01
2011-04-11,64.10,64.10,63.78,63.78,400,63.78
2011-04-08,65.24,65.24,64.26,64.26,3200,64.26
2011-04-07,65.01,65.01,65.01,65.01,000,65.01
2011-04-06,64.97,65.01,64.86,65.01,500,65.01
2011-04-05,65.15,65.15,65.15,65.15,100,65.15
2011-04-04,64.97,64.97,64.71,64.76,2800,64.76
2011-04-01,64.24,64.24,64.24,64.24,000,64.24
2011-03-31,64.20,64.24,64.20,64.24,1400,64.24
2011-03-30,63.72,63.92,63.66,63.92,2000,63.92
2011-03-29,63.22,63.30,63.22,63.30,400,63.30
2011-03-28,63.31,63.32,63.31,63.32,300,63.32
2011-03-25,63.45,63.45,63.25,63.25,2500,63.25
2011-03-24,61.89,61.89,61.89,61.89,200,61.89
2011-03-23,61.70,61.71,61.70,61.71,300,61.71
2011-03-22,62.41,62.41,62.38,62.38,300,62.38
2011-03-21,61.35,61.35,61.35,61.35,000,61.35
2011-03-18,61.55,61.55,61.35,61.35,900,61.35
2011-03-17,61.34,61.34,61.34,61.34,200,61.34
2011-03-16,61.07,61.07,60.64,60.74,8200,60.74
2011-03-15,60.40,61.33,59.81,61.33,1200,61.33
2011-03-14,62.04,62.04,62.04,62.04,000,62.04
2011-03-11,61.35,62.04,61.35,62.04,1700,62.04
2011-03-10,62.24,62.24,61.68,61.78,1300,61.78
2011-03-09,62.99,62.99,62.99,62.99,200,62.99
2011-03-08,62.23,63.27,62.23,63.22,2500,63.22
2011-03-07,62.03,62.03,62.03,62.03,200,62.03
2011-03-04,63.09,63.09,62.63,62.63,2200,62.63
2011-03-03,62.88,63.19,62.88,63.11,3900,63.11
2011-03-02,61.97,62.47,61.97,62.29,5000,62.29
2011-03-01,62.85,62.93,61.80,61.84,5000,61.84
2011-02-28,63.06,63.06,63.00,63.00,200,63.00
2011-02-25,62.11,62.70,62.11,62.70,2300,62.70
2011-02-24,61.23,61.23,61.20,61.22,3400,61.22
2011-02-23,62.66,62.82,62.48,62.48,1700,62.48
2011-02-22,63.37,63.45,62.64,62.64,3200,62.64
2011-02-18,63.99,64.02,63.84,64.02,3600,64.02
2011-02-17,63.53,64.04,63.53,64.04,6200,64.04
2011-02-16,63.40,63.53,63.40,63.53,900,63.53
2011-02-15,63.17,63.17,63.17,63.17,000,63.17
2011-02-14,63.13,63.17,63.11,63.17,600,63.17
2011-02-11,62.16,62.29,62.16,62.29,800,62.29
2011-02-10,62.40,62.41,62.29,62.41,1200,62.41
2011-02-09,62.31,62.31,62.10,62.10,1700,62.10
2011-02-08,62.27,62.35,62.27,62.29,2900,62.29
2011-02-07,61.95,62.26,61.95,62.24,3300,62.24
2011-02-04,61.49,61.49,61.33,61.33,2200,61.33
2011-02-03,61.16,61.33,61.16,61.33,700,61.33
2011-02-02,61.37,61.37,61.30,61.34,800,61.34
2011-02-01,61.02,61.48,61.02,61.48,1600,61.48
2011-01-31,61.35,61.35,61.35,61.35,000,61.35
2011-01-28,61.35,61.35,61.35,61.35,100,61.35
2011-01-27,61.29,61.31,61.29,61.31,2700,61.31
2011-01-26,60.72,60.72,60.72,60.72,500,60.72
2011-01-25,60.30,60.30,60.30,60.30,2400,60.30
2011-01-24,59.98,59.99,59.98,59.99,500,59.99
2011-01-21,60.28,60.50,59.89,59.89,3500,59.89
2011-01-20,59.80,59.81,59.80,59.81,500,59.81
2011-01-19,60.13,60.13,60.13,60.13,000,60.13
2011-01-18,60.13,60.13,60.13,60.13,000,60.13
2011-01-14,60.13,60.13,60.13,60.13,000,60.13
2011-01-13,60.15,60.15,60.13,60.13,500,60.13
2011-01-12,60.29,60.29,60.16,60.16,1000,60.16
2011-01-11,59.74,59.75,59.74,59.75,200,59.75
2011-01-10,59.36,59.37,59.35,59.35,400,59.35
2011-01-07,59.18,59.19,59.18,59.19,200,59.19
2011-01-06,59.67,59.67,59.44,59.44,400,59.44
2011-01-05,59.48,59.48,59.46,59.46,300,59.46
2011-01-04,59.69,59.69,59.69,59.69,000,59.69
2011-01-03,59.51,59.69,59.51,59.69,400,59.69
2010-12-31,59.31,59.31,59.31,59.31,000,59.31
2010-12-30,59.31,59.31,59.31,59.31,000,59.31
2010-12-29,59.37,59.37,59.31,59.31,400,59.31
2010-12-28,58.90,58.90,58.90,58.90,000,58.90
2010-12-27,58.87,58.90,58.87,58.90,1500,58.90
2010-12-23,59.38,59.38,59.37,59.37,500,59.11
2010-12-22,59.31,59.38,59.31,59.38,500,59.12
2010-12-21,58.54,58.54,58.54,58.54,000,58.29
2010-12-20,58.54,58.54,58.54,58.54,100,58.29
2010-12-17,58.36,58.36,58.36,58.36,200,58.11
2010-12-16,57.82,58.32,57.82,58.32,3200,58.07
2010-12-15,58.24,58.24,58.24,58.24,000,57.99
2010-12-14,58.24,58.24,58.24,58.24,300,57.99
2010-12-13,58.46,58.46,58.37,58.37,500,58.12
2010-12-10,57.72,58.19,57.72,58.19,4900,57.94
2010-12-09,57.45,57.45,57.45,57.45,200,57.20
2010-12-08,57.25,57.28,57.25,57.28,600,57.03
2010-12-07,57.81,57.81,57.81,57.81,300,57.56
2010-12-06,57.34,57.34,57.34,57.34,200,57.09
2010-12-03,56.91,56.91,56.91,56.91,300,56.66
2010-12-02,56.13,56.13,56.13,56.13,000,55.89
2010-12-01,56.13,56.13,56.13,56.13,300,55.89
2010-11-30,54.96,54.96,54.96,54.96,000,54.72
2010-11-29,54.96,54.96,54.96,54.96,100,54.72
2010-11-26,55.75,55.75,55.75,55.75,000,55.51
2010-11-24,55.76,55.79,55.75,55.75,2100,55.51
2010-11-23,54.84,54.84,54.84,54.84,100,54.60
2010-11-22,55.47,55.47,55.45,55.45,3000,55.21
2010-11-19,55.39,55.39,55.39,55.39,000,55.15
2010-11-18,55.35,55.39,55.35,55.39,1000,55.15
2010-11-17,54.32,54.52,54.32,54.52,700,54.28
2010-11-16,54.05,54.05,54.05,54.05,600,53.82
2010-11-15,55.45,55.73,55.45,55.73,400,55.49
2010-11-12,55.17,55.17,55.17,55.17,500,54.93
2010-11-11,56.03,56.03,56.03,56.03,000,55.79
2010-11-10,56.00,56.03,55.99,56.03,700,55.79
2010-11-09,56.30,56.30,56.28,56.28,1800,56.04
2010-11-08,56.31,56.37,56.30,56.34,28600,56.10
2010-11-05,56.39,56.51,56.38,56.51,1100,56.27
2010-11-04,55.84,55.84,55.84,55.84,400,55.60
2010-11-03,54.71,54.71,54.71,54.71,400,54.47
2010-11-02,54.42,54.42,54.42,54.42,000,54.19
2010-11-01,54.42,54.42,54.42,54.42,000,54.19
2010-10-29,54.42,54.42,54.42,54.42,000,54.19
2010-10-28,54.42,54.42,54.42,54.42,000,54.19
2010-10-27,54.42,54.42,54.42,54.42,000,54.19
2010-10-26,54.42,54.42,54.42,54.42,1500,54.19
2010-10-25,54.28,54.28,54.28,54.28,000,54.05
2010-10-22,54.21,54.28,54.19,54.28,1600,54.05
2010-10-21,54.17,54.26,53.74,53.78,2100,53.55
2010-10-20,54.21,54.21,54.21,54.21,000,53.98
2010-10-19,54.08,54.21,54.08,54.21,600,53.98
2010-10-18,54.33,54.33,54.33,54.33,000,54.10
2010-10-15,54.33,54.33,54.33,54.33,000,54.10
2010-10-14,54.33,54.33,54.33,54.33,000,54.10
2010-10-13,54.03,54.47,54.03,54.33,3300,54.10
2010-10-12,53.24,53.74,52.96,53.74,8400,53.51
2010-10-11,53.58,53.58,53.57,53.57,2000,53.34
2010-10-08,53.39,53.52,53.39,53.52,4000,53.29
2010-10-07,53.08,53.08,52.85,53.00,700,52.77
2010-10-06,53.24,53.24,53.16,53.16,400,52.93
2010-10-05,52.85,53.45,52.85,53.45,2100,53.22
2010-10-04,52.70,52.77,52.41,52.41,2100,52.18
2010-10-01,52.86,52.92,52.86,52.92,1100,52.69
2010-09-30,53.04,53.04,53.04,53.04,1000,52.81
2010-09-29,52.63,52.64,52.63,52.64,1200,52.41
2010-09-28,51.75,52.40,51.53,52.40,6800,52.17
2010-09-27,52.07,52.07,52.02,52.02,2900,51.80
2010-09-24,51.75,52.10,51.75,52.10,3600,51.88
2010-09-23,51.50,51.50,51.50,51.50,200,51.28
2010-09-22,51.35,51.49,51.35,51.49,1000,51.27
2010-09-21,52.04,52.04,51.86,51.86,700,51.64
2010-09-20,51.48,51.76,51.48,51.76,1300,51.54
2010-09-17,51.40,51.40,51.23,51.29,7400,51.07
2010-09-16,51.24,51.27,51.09,51.27,11800,51.05
2010-09-15,50.96,51.53,50.96,51.53,2200,51.31
2010-09-14,51.35,51.47,51.31,51.38,3500,51.16
2010-09-13,51.36,51.39,51.23,51.26,7900,51.04
2010-09-10,50.55,50.59,50.31,50.59,69100,50.37
2010-09-09,50.62,50.62,50.62,50.62,1200,50.40