2011-05-10,64.68,65.21,64.68,65.07,15400,65.07
2011-05-09,64.44,64.67,64.29,64.62,8700,64.62
2011-05-06,64.88,64.88,64.37,64.47,4600,64.47
2011-05-05,64.73,64.73,63.92,64.07,13700,64.07
2011-05-04,65.22,65.22,64.35,64.98,8100,64.98
2011-05-03,65.31,65.31,64.94,65.10,11000,65.10
2011-05-02,65.97,65.97,65.35,65.37,4500,65.37
2011-04-29,65.35,65.68,65.27,65.68,4700,65.68
2011-04-28,65.25,65.47,65.12,65.47,5200,65.47
2011-04-27,64.74,65.23,64.61,65.18,27800,65.18
2011-04-26,64.30,64.78,64.22,64.68,13500,64.68
2011-04-25,63.93,64.11,63.91,64.03,28000,64.03
2011-04-21,64.02,64.11,63.95,64.04,3100,64.04
2011-04-20,63.81,63.91,63.73,63.74,12700,63.74
2011-04-19,62.75,62.91,62.67,62.91,4500,62.91
2011-04-18,62.68,62.76,62.31,62.66,8800,62.66
2011-04-15,63.28,63.58,63.21,63.43,8800,63.43
2011-04-14,62.70,63.08,62.65,63.08,4800,63.08
2011-04-13,63.47,63.47,62.96,63.12,4200,63.12
2011-04-12,63.40,63.40,63.06,63.15,6600,63.15
2011-04-11,64.33,64.42,63.82,63.82,23000,63.82
2011-04-08,64.49,64.49,63.95,64.22,426600,64.22
2011-04-07,64.26,64.33,63.99,64.29,7300,64.29
2011-04-06,64.37,64.40,64.17,64.33,7200,64.33
2011-04-05,63.97,64.24,63.97,64.05,4700,64.05
2011-04-04,63.89,63.98,63.79,63.86,9200,63.86
2011-04-01,64.00,64.02,63.70,63.74,5700,63.74
2011-03-31,63.86,63.86,63.64,63.79,15900,63.79
2011-03-30,63.51,64.01,63.51,63.87,9800,63.87
2011-03-29,62.96,63.26,62.77,63.20,7700,63.20
2011-03-28,63.21,63.27,63.05,63.05,8900,63.05
2011-03-25,62.94,63.24,62.87,63.04,26900,63.04
2011-03-24,63.11,63.24,62.75,63.15,5000,62.81
2011-03-23,62.50,62.83,62.19,62.66,8000,62.32
2011-03-22,62.60,62.74,62.54,62.68,55600,62.34
2011-03-21,62.82,62.95,62.50,62.64,27100,62.30
2011-03-18,62.38,62.38,61.86,61.86,1700,61.53
2011-03-17,61.43,61.51,61.00,61.51,8400,61.18
2011-03-16,61.42,61.64,60.05,60.51,17600,60.19
2011-03-15,60.67,61.85,60.36,61.69,21200,61.36
2011-03-14,62.14,62.43,61.88,62.33,7500,62.00
2011-03-11,62.11,62.84,62.11,62.69,6500,62.35
2011-03-10,62.88,62.88,62.21,62.28,15300,61.95
2011-03-09,63.26,63.55,63.26,63.55,12900,63.21
2011-03-08,62.95,63.62,62.79,63.48,13100,63.14
2011-03-07,63.59,63.59,62.76,62.85,19200,62.51
2011-03-04,63.80,63.91,62.79,63.26,39200,62.92
2011-03-03,63.57,63.78,63.54,63.76,39200,63.42
2011-03-02,62.78,63.12,62.63,62.91,23100,62.57
2011-03-01,63.91,64.00,62.85,62.91,12500,62.57
2011-02-28,63.61,63.78,63.40,63.67,12700,63.33
2011-02-25,62.98,63.24,62.89,63.13,5700,62.79
2011-02-24,62.89,62.97,61.70,62.79,10300,62.45
2011-02-23,63.11,63.42,62.95,63.14,29100,62.80
2011-02-22,63.60,64.00,63.07,63.11,17200,62.77
2011-02-18,63.73,64.04,63.73,63.95,11400,63.61
2011-02-17,63.50,63.86,63.38,63.78,12400,63.44
2011-02-16,63.37,63.61,63.37,63.61,8000,63.27
2011-02-15,63.17,63.18,62.93,63.04,7200,62.70
2011-02-14,63.14,63.47,62.98,63.44,11900,63.10
2011-02-11,62.59,63.25,62.59,63.18,4500,62.84
2011-02-10,62.46,62.93,62.46,62.93,6000,62.59
2011-02-09,62.85,62.96,62.48,62.77,7000,62.43
2011-02-08,63.01,63.10,62.76,63.10,8000,62.76
2011-02-07,62.80,63.02,62.71,62.85,5900,62.51
2011-02-04,62.56,62.62,62.24,62.43,12100,62.09
2011-02-03,62.26,62.64,61.91,62.62,4600,62.28
2011-02-02,62.48,62.61,62.33,62.40,18200,62.07
2011-02-01,61.82,62.61,61.82,62.61,5900,62.27
2011-01-31,60.99,61.33,60.97,61.32,9800,60.99
2011-01-28,61.66,61.66,60.84,60.86,12100,60.53
2011-01-27,61.77,61.88,61.67,61.88,9400,61.55
2011-01-26,61.70,61.91,61.68,61.91,11900,61.58
2011-01-25,61.43,61.58,61.13,61.50,16000,61.17
2011-01-24,61.35,61.50,61.35,61.36,6200,61.03
2011-01-21,61.18,61.43,61.13,61.32,12300,60.99
2011-01-20,60.87,61.00,60.44,60.84,30600,60.51
2011-01-19,61.32,61.32,60.79,60.85,11300,60.52
2011-01-18,61.49,61.49,61.27,61.36,13800,61.03
2011-01-14,60.98,61.42,60.82,61.41,9600,61.08
2011-01-13,60.91,61.10,60.85,60.85,5300,60.52
2011-01-12,61.07,61.24,60.97,61.21,11900,60.88
2011-01-11,60.60,60.73,60.43,60.58,7500,60.25
2011-01-10,60.16,60.49,60.16,60.49,5600,60.17
2011-01-07,60.79,60.79,60.25,60.69,15100,60.36
2011-01-06,60.83,60.94,60.61,60.83,3800,60.50
2011-01-05,60.38,60.90,60.38,60.83,6800,60.50
2011-01-04,60.38,60.53,60.17,60.53,7600,60.21
2011-01-03,60.10,60.41,59.94,60.29,4000,59.97
2010-12-31,59.32,59.61,59.32,59.53,12800,59.21
2010-12-30,59.64,59.64,59.41,59.53,8300,59.21
2010-12-29,59.62,59.71,59.56,59.68,3500,59.36
2010-12-28,59.47,59.63,59.42,59.58,4900,59.26
2010-12-27,59.01,59.42,59.01,59.37,7800,59.05
2010-12-23,59.28,59.37,59.21,59.30,8000,58.98
2010-12-22,59.53,59.78,59.53,59.78,13600,59.03
2010-12-21,59.21,59.49,59.21,59.47,37800,58.72
2010-12-20,59.11,59.24,58.95,59.09,8700,58.34
2010-12-17,58.90,58.92,58.60,58.89,5700,58.15
2010-12-16,58.76,58.99,58.61,58.90,8600,58.16
2010-12-15,58.83,59.01,58.58,58.70,11900,57.96
2010-12-14,59.01,59.22,58.90,58.95,5100,58.21
2010-12-13,58.96,59.16,58.95,58.96,12100,58.22
2010-12-10,58.39,58.83,58.39,58.78,13800,58.04
2010-12-09,58.28,58.33,58.05,58.25,12400,57.51
2010-12-08,57.77,58.03,57.70,58.03,18100,57.30
2010-12-07,57.93,58.10,57.73,57.84,8200,57.11
2010-12-06,57.63,57.72,57.48,57.68,8700,56.95
2010-12-03,57.27,57.63,57.23,57.63,3800,56.90
2010-12-02,56.85,57.52,56.85,57.50,9400,56.77
2010-12-01,56.45,56.80,56.44,56.80,9200,56.08
2010-11-30,55.37,55.86,55.37,55.65,14000,54.95
2010-11-29,55.52,55.88,55.17,55.87,10100,55.16
2010-11-26,55.87,56.00,55.85,55.86,2700,55.15
2010-11-24,56.08,56.25,56.02,56.23,6500,55.52
2010-11-23,55.89,55.89,55.64,55.69,3900,54.99
2010-11-22,56.56,56.64,56.05,56.57,8600,55.86
2010-11-19,56.64,56.80,56.58,56.80,8400,56.08
2010-11-18,56.54,56.92,56.54,56.75,5300,56.03
2010-11-17,56.05,56.19,55.99,56.02,9400,55.31
2010-11-16,56.60,56.60,55.92,56.03,11400,55.32
2010-11-15,57.30,57.49,57.09,57.10,2900,56.38
2010-11-12,57.25,57.30,56.83,56.98,4300,56.26
2010-11-11,57.43,57.76,57.38,57.67,6000,56.94
2010-11-10,57.55,57.83,57.18,57.83,9900,57.10
2010-11-09,58.16,58.16,57.39,57.39,11700,56.67
2010-11-08,57.96,58.07,57.74,58.04,7900,57.31
2010-11-05,57.85,58.22,57.85,57.99,6500,57.26
2010-11-04,57.33,57.84,57.17,57.84,6800,57.11
2010-11-03,56.46,56.70,56.11,56.70,12100,55.98
2010-11-02,56.38,56.46,56.27,56.36,3800,55.65
2010-11-01,56.45,56.66,55.82,56.01,6100,55.30
2010-10-29,56.11,56.19,56.00,56.17,1400,55.46
2010-10-28,56.56,56.56,56.08,56.31,3300,55.60
2010-10-27,56.08,56.11,55.63,56.11,6000,55.40
2010-10-26,56.37,56.50,56.35,56.40,3000,55.69
2010-10-25,56.68,56.88,56.46,56.46,12300,55.75
2010-10-22,56.47,56.49,56.23,56.30,5900,55.59
2010-10-21,56.58,56.84,56.16,56.39,9900,55.68
2010-10-20,56.26,56.58,56.26,56.52,2700,55.81
2010-10-19,56.12,56.29,55.54,55.64,7900,54.94
2010-10-18,56.16,56.71,56.16,56.71,2700,55.99
2010-10-15,56.77,56.77,55.91,56.06,11300,55.35
2010-10-14,56.55,56.68,56.10,56.40,7700,55.69
2010-10-13,56.71,56.90,56.53,56.63,13100,55.92
2010-10-12,56.05,56.49,55.84,56.49,4700,55.78
2010-10-11,56.19,56.31,56.03,56.13,7600,55.42
2010-10-08,56.05,56.23,55.96,56.23,6000,55.52
2010-10-07,56.23,56.23,55.72,55.99,9600,55.28
2010-10-06,55.80,56.09,55.80,55.99,14100,55.28
2010-10-05,55.24,55.91,55.24,55.91,11100,55.20
2010-10-04,55.00,55.27,54.61,54.72,3900,54.03
2010-10-01,55.18,55.18,54.84,55.06,12000,54.37
2010-09-30,55.18,55.22,54.61,54.73,5200,54.04
2010-09-29,54.83,55.07,54.72,54.85,13000,54.16
2010-09-28,54.82,55.18,54.65,55.18,8500,54.48
2010-09-27,55.09,55.14,54.84,54.84,6400,54.15
2010-09-24,54.64,55.12,54.59,55.12,10000,54.42
2010-09-23,54.66,54.97,54.36,54.45,5400,53.38
2010-09-22,55.23,55.54,55.03,55.08,6900,54.00
2010-09-21,55.45,55.51,55.19,55.35,7200,54.26
2010-09-20,54.76,55.56,54.76,55.45,9300,54.36
2010-09-17,55.05,55.05,54.59,54.59,31400,53.52
2010-09-16,54.53,54.75,54.53,54.75,2500,53.68
2010-09-15,54.37,54.78,54.37,54.69,20200,53.62
2010-09-14,54.54,54.84,54.52,54.66,13300,53.59
2010-09-13,54.70,54.85,54.51,54.69,11900,53.62
2010-09-10,54.11,54.27,54.10,54.18,4300,53.12
2010-09-09,54.18,54.21,53.94,54.00,7000,52.94
2010-09-08,53.28,53.71,53.28,53.57,4700,52.52
2010-09-07,53.57,53.57,53.16,53.28,6300,52.23
2010-09-03,53.70,53.74,53.39,53.74,25300,52.69
2010-09-02,52.87,53.18,52.85,53.17,4400,52.13
2010-09-01,52.11,52.89,52.11,52.89,5700,51.85
2010-08-31,51.15,51.64,50.95,51.54,4400,50.53
2010-08-30,51.88,51.96,51.46,51.46,5700,50.45
2010-08-27,51.30,52.09,50.94,52.09,14400,51.07
2010-08-26,51.62,51.74,51.01,51.12,13800,50.12
2010-08-25,51.04,51.41,50.50,51.28,30600,50.27
2010-08-24,51.30,51.56,51.12,51.30,9200,50.29
2010-08-23,52.24,52.41,51.90,51.91,11000,50.89
2010-08-20,52.11,52.11,51.64,51.89,16100,50.87
2010-08-19,52.64,52.64,52.00,52.23,21400,51.21
2010-08-18,52.93,53.26,52.82,53.12,14600,52.08
2010-08-17,52.91,53.45,52.85,53.14,6600,52.10
2010-08-16,52.24,52.67,52.23,52.55,10600,51.52
2010-08-13,52.63,52.88,52.63,52.65,3100,51.62
2010-08-12,52.18,52.93,52.18,52.80,4200,51.76
2010-08-11,53.58,53.58,52.90,53.00,13600,51.96
2010-08-10,53.99,54.54,53.85,54.37,10500,53.30
2010-08-09,54.48,54.55,54.34,54.51,5200,53.44
2010-08-06,53.88,54.24,53.65,54.11,15300,53.05
2010-08-05,54.15,54.47,54.14,54.42,5000,53.35
2010-08-04,54.36,54.51,54.19,54.48,15300,53.41
2010-08-03,54.24,54.48,54.13,54.13,6100,53.07
2010-08-02,53.69,54.26,53.62,54.19,9300,53.13
2010-07-30,52.54,53.10,52.52,53.04,18000,52.00
2010-07-29,53.58,53.58,52.84,52.99,9800,51.95
2010-07-28,53.29,53.38,52.99,53.14,9300,52.10
2010-07-27,53.44,53.55,53.30,53.43,9200,52.38
2010-07-26,52.56,53.10,52.56,53.10,9600,52.06
2010-07-23,51.91,52.46,51.91,52.46,9900,51.43
2010-07-22,51.59,52.25,51.59,52.07,6900,51.05
2010-07-21,51.65,51.65,50.87,50.95,2500,49.95
2010-07-20,50.40,51.52,50.40,51.52,5900,50.51
2010-07-19,50.93,51.23,50.75,51.04,11300,50.04
2010-07-16,51.80,51.80,50.70,50.75,15800,49.75
2010-07-15,52.17,52.25,51.58,52.25,8000,51.22
2010-07-14,52.08,52.14,51.79,52.07,13400,51.05
2010-07-13,52.14,52.39,52.09,52.22,5900,51.20
2010-07-12,51.32,51.50,51.14,51.50,6900,50.49
2010-07-09,51.07,51.49,51.07,51.49,3600,50.48
2010-07-08,50.91,51.02,50.59,51.02,19200,50.02
2010-07-07,49.10,50.38,49.10,50.38,6400,49.39
2010-07-06,49.28,49.50,48.85,48.98,6500,48.02
2010-07-02,49.11,49.11,48.56,48.83,14300,47.87
2010-07-01,49.14,49.18,48.20,48.82,64600,47.86
2010-06-30,49.51,49.87,49.17,49.17,8600,48.21
2010-06-29,50.37,50.37,49.40,49.59,11100,48.62
2010-06-28,51.12,51.33,51.01,51.14,2300,50.14
2010-06-25,51.07,51.34,50.75,51.09,20600,50.09
2010-06-24,51.47,51.53,50.87,50.90,9900,49.90
2010-06-23,52.22,52.22,51.72,51.93,9800,50.91
2010-06-22,53.36,53.36,52.54,52.55,9300,51.52
2010-06-21,54.13,54.15,53.21,53.35,7000,52.30
2010-06-18,53.23,53.47,53.22,53.46,7500,52.41
2010-06-17,53.26,53.29,52.80,53.24,51900,52.20
2010-06-16,52.82,53.28,52.82,53.19,24400,52.15
2010-06-15,52.45,53.14,52.41,53.14,6700,52.10
2010-06-14,52.57,52.81,52.07,52.08,14600,51.06
2010-06-11,51.69,52.38,51.69,52.38,18500,51.35
2010-06-10,51.70,52.25,51.60,52.21,20300,51.19
2010-06-09,51.48,51.62,50.61,50.79,12600,49.79
2010-06-08,50.31,51.05,50.17,51.05,21500,50.05
2010-06-07,50.89,51.01,50.20,50.20,21900,49.21
2010-06-04,51.48,51.71,50.62,50.63,29900,49.64
2010-06-03,52.56,52.77,52.11,52.54,18300,51.51
2010-06-02,51.64,52.15,51.45,52.11,9200,51.09
2010-06-01,51.77,52.26,51.13,51.15,55400,50.15
2010-05-28,52.76,52.76,51.98,52.15,20100,51.13
2010-05-27,52.17,52.59,51.77,52.58,21000,51.55
2010-05-26,51.61,51.98,50.97,51.18,34900,50.18
2010-05-25,49.98,51.22,49.67,51.22,32700,50.21
2010-05-24,52.01,52.07,51.44,51.46,29300,50.45
2010-05-21,50.33,52.08,50.29,52.08,60300,51.06
2010-05-20,52.19,52.47,51.31,51.31,96200,50.30
2010-05-19,53.01,53.62,52.70,53.55,70500,52.50
2010-05-18,54.71,54.78,53.23,53.47,90500,52.42
2010-05-17,54.47,54.47,53.23,54.29,48600,53.22
2010-05-14,54.85,54.97,53.78,54.23,14200,53.17
2010-05-13,55.71,55.85,55.23,55.23,19100,54.15
2010-05-12,55.53,55.95,55.33,55.87,33000,54.77
2010-05-11,54.99,55.95,54.95,55.52,23700,54.43
2010-05-10,55.81,55.86,55.02,55.52,35400,54.43
2010-05-07,53.70,54.51,52.67,53.45,102200,52.40
2010-05-06,55.67,55.73,36.32,53.80,97600,52.74
2010-05-05,55.60,56.21,55.39,55.87,30100,54.77
2010-05-04,56.88,56.88,55.97,56.24,49800,55.14
2010-05-03,56.94,57.48,56.91,57.36,9800,56.23
2010-04-30,57.60,57.60,56.69,56.69,16600,55.58
2010-04-29,57.17,57.69,57.17,57.51,14300,56.38
2010-04-28,56.47,56.93,56.39,56.74,17200,55.63
2010-04-27,57.32,57.63,56.16,56.16,36000,55.06
2010-04-26,58.05,58.05,57.58,57.68,8600,56.55
2010-04-23,57.50,58.01,57.35,58.01,16400,56.87
2010-04-22,57.40,57.54,56.97,57.54,16100,56.41
2010-04-21,58.09,58.17,57.57,57.69,21000,56.56
2010-04-20,58.01,58.11,57.83,58.06,17700,56.92
2010-04-19,56.89,57.50,56.89,57.50,16500,56.37
2010-04-16,58.12,58.12,56.93,57.14,61200,56.02
2010-04-15,58.28,58.41,58.14,58.23,16300,57.09
2010-04-14,57.83,58.27,57.71,58.26,23500,57.12
2010-04-13,57.49,57.63,57.36,57.60,9600,56.47
2010-04-12,57.55,57.79,57.55,57.63,5400,56.50
2010-04-09,57.29,57.41,57.21,57.41,4400,56.28
2010-04-08,56.68,57.20,56.49,57.17,7100,56.05
2010-04-07,57.14,57.16,56.63,56.81,14700,55.70
2010-04-06,56.82,57.23,56.82,57.15,15400,56.03
2010-04-05,56.83,57.00,56.70,56.98,13800,55.86
2010-04-01,56.45,56.79,56.40,56.58,4700,55.47
2010-03-31,56.00,56.29,56.00,56.11,12500,55.01
2010-03-30,56.43,56.46,56.15,56.29,12800,55.19
2010-03-29,56.44,56.45,56.25,56.42,25700,55.31
2010-03-26,56.13,56.51,55.90,56.13,24100,55.03
2010-03-25,56.61,56.75,56.07,56.07,12600,54.97
2010-03-24,56.36,56.72,56.36,56.53,14100,55.10
2010-03-23,56.26,56.65,56.25,56.65,6600,55.22
2010-03-22,55.62,56.27,55.62,56.23,48500,54.81
2010-03-19,56.42,56.42,55.81,56.01,13000,54.60
2010-03-18,56.23,56.30,56.08,56.22,42900,54.80
2010-03-17,56.06,56.43,56.06,56.21,9500,54.79
2010-03-16,55.50,55.90,55.38,55.90,10300,54.49
2010-03-15,55.04,55.27,54.95,55.26,15800,53.87
2010-03-12,55.50,55.55,55.12,55.19,9900,53.80
2010-03-11,54.91,55.26,54.91,55.26,8000,53.87
2010-03-10,54.88,55.24,54.85,55.04,13800,53.65
2010-03-09,54.45,54.96,54.45,54.71,6500,53.33
2010-03-08,54.58,54.70,54.55,54.67,18000,53.29
2010-03-05,54.11,54.60,54.10,54.57,11100,53.19
2010-03-04,53.82,53.82,53.63,53.82,14400,52.46
2010-03-03,53.91,54.02,53.61,53.77,8000,52.41
2010-03-02,53.97,53.99,53.71,53.71,18100,52.36
2010-03-01,53.58,53.69,53.57,53.68,15000,52.33
2010-02-26,53.27,53.46,53.07,53.38,7400,52.03
2010-02-25,52.57,53.16,52.47,53.16,8700,51.82
2010-02-24,52.84,53.25,52.81,53.24,11800,51.90
2010-02-23,53.28,53.43,52.68,52.73,5100,51.40
2010-02-22,53.55,53.58,53.23,53.58,35400,52.23
2010-02-19,53.09,53.48,53.05,53.28,8200,51.94
2010-02-18,52.79,53.31,52.79,53.24,12400,51.90
2010-02-17,53.02,53.02,52.78,52.88,9000,51.55
2010-02-16,52.15,52.80,52.15,52.80,9700,51.47
2010-02-12,51.42,51.85,51.28,51.85,9500,50.54
2010-02-11,51.66,52.05,51.43,51.99,8200,50.68
2010-02-10,51.60,51.93,51.34,51.71,33500,50.41
2010-02-09,51.86,52.17,51.41,51.85,19500,50.54
2010-02-08,51.73,51.89,51.37,51.37,6900,50.07
2010-02-05,51.74,51.92,50.57,51.65,75400,50.35
2010-02-04,52.99,52.99,51.77,51.78,36200,50.47
2010-02-03,53.64,53.87,53.37,53.52,44100,52.17
2010-02-02,53.29,53.97,53.14,53.97,17200,52.61
2010-02-01,52.88,53.12,52.76,53.12,18600,51.78
2010-01-29,53.01,53.33,52.40,52.43,16200,51.11
2010-01-28,53.59,53.59,52.57,52.80,8800,51.47
2010-01-27,52.91,53.34,52.17,53.34,15900,51.99
2010-01-26,52.99,53.44,52.92,52.94,34500,51.60
2010-01-25,53.63,53.63,53.15,53.15,71000,51.81
2010-01-22,53.86,54.17,52.97,52.97,30200,51.63
2010-01-21,55.26,55.35,54.00,54.16,27100,52.79
2010-01-20,55.58,55.58,55.09,55.45,26800,54.05
2010-01-19,55.00,55.85,54.00,55.85,38900,54.44
2010-01-15,55.65,55.65,54.92,55.20,30800,53.81
2010-01-14,55.62,55.87,55.55,55.82,20600,54.41
2010-01-13,55.51,55.81,55.23,55.74,11500,54.33
2010-01-12,55.38,55.50,55.12,55.31,48000,53.91
2010-01-11,55.82,55.85,55.63,55.81,53700,54.40
2010-01-08,55.32,55.41,55.20,55.41,53000,54.01
2010-01-07,55.00,55.63,54.94,55.54,31700,54.14
2010-01-06,54.77,55.18,54.77,55.11,14500,53.72
2010-01-05,54.59,54.88,54.59,54.88,9900,53.50
2010-01-04,54.00,54.50,54.00,54.50,7700,53.13
2009-12-31,54.00,54.00,53.41,53.41,41100,52.06
2009-12-30,53.72,53.92,53.72,53.86,14400,52.50
2009-12-29,54.12,54.12,53.95,53.95,20300,52.59
2009-12-28,54.10,54.10,53.91,54.00,19100,52.64
2009-12-24,53.77,53.98,53.77,53.98,9900,52.62
2009-12-23,54.48,54.48,54.08,54.14,7300,52.37
2009-12-22,54.30,54.42,54.20,54.26,9400,52.49
2009-12-21,54.02,54.37,54.02,54.14,10400,52.37
2009-12-18,53.75,53.75,53.35,53.64,12800,51.89
2009-12-17,53.83,53.84,53.45,53.45,20400,51.71
2009-12-16,54.36,54.44,54.08,54.17,11900,52.40
2009-12-15,54.30,54.41,54.00,54.13,19800,52.36
2009-12-14,54.90,54.90,54.46,54.59,21800,52.81
2009-12-11,54.42,54.67,54.31,54.63,14400,52.85
2009-12-10,54.48,54.59,54.19,54.30,25100,52.53
2009-12-09,54.02,54.17,53.71,54.06,13100,52.30
2009-12-08,54.00,54.26,53.84,53.98,18200,52.22
2009-12-07,54.77,55.01,54.53,54.60,21400,52.82
2009-12-04,55.42,55.45,54.43,54.77,31000,52.98
2009-12-03,55.13,55.54,54.56,54.60,25300,52.82
2009-12-02,54.98,55.19,54.79,55.01,7200,53.22
2009-12-01,54.79,55.15,54.72,55.03,17300,53.23
2009-11-30,54.16,54.46,53.96,54.44,14400,52.66
2009-11-27,54.04,54.45,53.25,54.12,11100,52.35
2009-11-25,54.87,55.09,54.75,55.04,31800,53.24
2009-11-24,54.85,54.95,54.40,54.79,33900,53.00
2009-11-23,54.93,55.10,54.68,54.79,12400,53.00
2009-11-20,53.84,54.13,53.76,54.00,10900,52.24
2009-11-19,54.44,54.44,53.79,54.01,18600,52.25
2009-11-18,54.59,54.77,54.36,54.72,11500,52.93
2009-11-17,54.26,54.50,54.17,54.50,23100,52.72
2009-11-16,54.03,54.65,54.03,54.37,14200,52.60
2009-11-13,53.64,53.87,53.29,53.59,24100,51.84
2009-11-12,54.22,54.24,53.32,53.41,24600,51.67
2009-11-11,54.32,54.46,53.91,54.08,58000,52.32
2009-11-10,53.75,53.93,53.66,53.84,13200,52.08
2009-11-09,53.08,53.78,53.08,53.78,10700,52.03
2009-11-06,52.08,52.60,52.03,52.52,13800,50.81
2009-11-05,51.97,52.43,51.97,52.43,50300,50.72
2009-11-04,51.94,52.31,51.44,51.46,27200,49.78
2009-11-03,50.99,51.50,50.99,51.44,19200,49.76
2009-11-02,51.57,52.03,50.73,51.50,49900,49.82
2009-10-30,52.70,52.72,51.04,51.30,41200,49.63
2009-10-29,52.03,52.98,51.85,52.91,13800,51.18
2009-10-28,52.32,52.43,51.73,51.80,40800,50.11
2009-10-27,52.63,52.90,52.13,52.58,47400,50.86
2009-10-26,53.30,53.71,52.29,52.39,34500,50.68
2009-10-23,54.08,54.08,53.14,53.28,35200,51.54
2009-10-22,53.39,54.06,53.24,53.91,14900,52.15
2009-10-21,53.84,54.36,53.38,53.39,34400,51.65
2009-10-20,54.46,54.46,53.71,53.83,19400,52.07
2009-10-19,53.97,54.45,53.80,54.30,16200,52.53
2009-10-16,53.71,54.03,53.57,53.83,14900,52.07
2009-10-15,53.93,54.30,53.84,54.30,5500,52.53
2009-10-14,53.96,54.26,53.63,54.23,21400,52.46
2009-10-13,53.21,53.25,52.76,53.14,12000,51.41
2009-10-12,53.20,53.42,53.16,53.28,16200,51.54
2009-10-09,52.69,52.91,52.69,52.89,11600,51.16
2009-10-08,52.92,52.99,52.60,52.67,17500,50.95
2009-10-07,52.27,52.46,52.13,52.46,10900,50.75
2009-10-06,52.06,52.61,52.04,52.37,23800,50.66
2009-10-05,50.99,51.68,50.90,51.59,13600,49.91
2009-10-02,50.42,50.90,50.21,50.65,85700,49.00
2009-10-01,52.08,52.08,50.96,50.96,24000,49.30
2009-09-30,52.86,52.86,51.95,52.19,8800,50.49
2009-09-29,52.99,53.15,52.68,52.71,17500,50.99
2009-09-28,52.00,52.79,51.99,52.74,61100,51.02
2009-09-25,51.92,52.21,51.64,51.78,16100,50.09
2009-09-24,52.90,52.91,51.87,52.09,11400,50.39
2009-09-23,53.43,53.72,52.65,52.65,22100,50.93
2009-09-22,53.60,53.67,53.43,53.56,56100,51.45
2009-09-21,52.91,53.26,52.74,53.13,239400,51.03
2009-09-18,53.64,53.64,53.31,53.38,90000,51.27
2009-09-17,53.47,53.71,53.06,53.28,26700,51.18
2009-09-16,52.82,53.37,52.56,53.37,39000,51.26
2009-09-15,52.42,52.64,52.21,52.48,26100,50.41
2009-09-14,51.48,52.47,51.47,52.47,20500,50.40
2009-09-11,52.20,52.34,51.87,52.04,18700,49.99
2009-09-10,51.79,52.15,51.56,52.11,34000,50.05
2009-09-09,51.50,51.85,51.46,51.69,20700,49.65
2009-09-08,51.59,51.69,51.31,51.44,18400,49.41
2009-09-04,50.43,51.03,50.43,51.03,10400,49.02
2009-09-03,50.12,50.29,49.95,50.15,14300,48.17
2009-09-02,50.15,50.28,49.85,49.98,25400,48.01
2009-09-01,51.43,51.87,50.20,50.30,39100,48.31
2009-08-31,51.57,51.76,51.44,51.63,15600,49.59
2009-08-28,52.64,52.64,51.97,52.17,60500,50.11
2009-08-27,52.22,52.44,51.61,52.27,57200,50.21
2009-08-26,51.82,52.32,51.82,52.21,101500,50.15
2009-08-25,52.57,52.57,52.15,52.15,38900,50.09
2009-08-24,52.17,52.56,51.93,52.02,46400,49.97
2009-08-21,51.26,51.92,51.26,51.89,28200,49.84
2009-08-20,50.40,50.85,50.33,50.79,13800,48.79
2009-08-19,49.35,50.45,49.35,50.26,16500,48.28
2009-08-18,49.53,49.95,49.46,49.83,11100,47.86
2009-08-17,49.61,49.62,49.33,49.44,15700,47.49
2009-08-14,50.76,50.77,50.06,50.61,19400,48.61
2009-08-13,50.76,50.91,50.32,50.90,21500,48.89
2009-08-12,49.87,50.79,49.87,50.53,59100,48.54
2009-08-11,50.59,50.59,49.83,49.93,80700,47.96
2009-08-10,50.56,50.92,50.50,50.72,20300,48.72
2009-08-07,50.89,51.41,50.65,50.82,22700,48.81
2009-08-06,50.79,50.79,49.99,50.31,18600,48.32
2009-08-05,50.37,50.57,49.90,50.41,85000,48.42
2009-08-04,49.71,50.25,49.71,50.25,14200,48.27
2009-08-03,49.88,50.06,49.59,49.87,39900,47.90
2009-07-31,49.00,49.38,48.76,49.19,11100,47.25
2009-07-30,48.99,49.37,48.93,48.93,11400,47.00
2009-07-29,48.20,48.34,47.90,48.28,43000,46.37
2009-07-28,48.49,48.75,48.30,48.54,19200,46.62
2009-07-27,48.37,48.76,48.36,48.76,23800,46.84
2009-07-24,47.88,48.47,47.87,48.47,31200,46.56
2009-07-23,46.95,48.25,46.95,47.98,14900,46.09
2009-07-22,46.52,47.15,46.52,46.79,24100,44.94
2009-07-21,46.82,46.82,46.33,46.68,28300,44.84
2009-07-20,46.27,46.37,45.96,46.31,27500,44.48
2009-07-17,46.12,46.25,45.84,45.99,8300,44.17
2009-07-16,45.79,46.36,45.71,46.22,27300,44.40
2009-07-15,45.45,46.18,45.38,46.17,72300,44.35
2009-07-14,44.74,44.80,44.44,44.79,39700,43.02
2009-07-13,43.62,44.54,43.52,44.54,6700,42.78
2009-07-10,43.28,43.49,43.08,43.34,23100,41.63
2009-07-09,43.97,43.97,43.62,43.67,10000,41.95
2009-07-08,44.17,44.17,43.06,43.64,72000,41.92
2009-07-07,44.44,44.50,43.88,43.94,27400,42.21
2009-07-06,44.20,44.67,44.08,44.67,35800,42.91
2009-07-02,45.29,45.29,44.70,44.79,32000,43.02
2009-07-01,46.20,46.51,46.06,46.06,10100,44.24
2009-06-30,46.41,46.44,45.61,45.94,39100,44.13
2009-06-29,45.98,46.41,45.79,46.41,18700,44.58
2009-06-26,45.79,45.93,45.50,45.83,18300,44.02
2009-06-25,44.74,45.86,44.74,45.81,15700,44.00
2009-06-24,45.32,45.54,44.78,44.93,19400,43.16
2009-06-23,44.72,45.02,44.51,44.86,54000,43.09
2009-06-22,45.78,45.78,45.04,45.04,26500,42.89
2009-06-19,46.93,46.93,46.23,46.43,28600,44.22
2009-06-18,46.29,46.58,46.29,46.43,20200,44.22
2009-06-17,46.03,46.22,45.59,45.85,21500,43.66
2009-06-16,47.04,47.04,46.10,46.10,29800,43.90
2009-06-15,47.32,47.32,46.52,46.83,17100,44.60
2009-06-12,47.48,47.97,47.48,47.90,16500,45.62
2009-06-11,47.23,48.29,47.23,47.63,31800,45.36
2009-06-10,47.59,47.59,46.60,47.10,24000,44.85
2009-06-09,47.35,47.35,46.92,47.10,36100,44.85
2009-06-08,46.74,47.37,46.61,47.15,39500,44.90
2009-06-05,47.82,47.82,46.81,47.06,29600,44.82
2009-06-04,46.92,47.30,46.75,47.27,31200,45.02
2009-06-03,46.97,47.10,46.39,46.70,17800,44.47
2009-06-02,47.23,47.63,47.13,47.46,24100,45.20
2009-06-01,47.22,47.63,46.94,47.30,20800,45.04
2009-05-29,46.31,46.59,45.88,46.59,39000,44.37
2009-05-28,45.56,45.98,45.04,45.93,7300,43.74
2009-05-27,46.10,46.14,45.16,45.16,13300,43.01
2009-05-26,44.66,46.03,44.66,45.85,14000,43.66
2009-05-22,45.31,45.47,45.04,45.08,37400,42.93
2009-05-21,45.03,45.34,44.73,45.00,38000,42.85
2009-05-20,46.66,46.88,45.65,45.65,45400,43.47
2009-05-19,46.43,46.65,46.09,46.09,20200,43.89
2009-05-18,45.71,46.43,45.71,46.41,15500,44.20
2009-05-15,45.68,45.77,44.92,45.12,25200,42.97
2009-05-14,45.53,46.00,45.47,45.82,42400,43.64
2009-05-13,45.90,46.30,45.44,45.53,27400,43.36
2009-05-12,46.76,46.85,46.11,46.53,64000,44.31
2009-05-11,46.91,46.97,46.27,46.27,29400,44.06
2009-05-08,47.09,47.77,47.05,47.71,33800,45.44
2009-05-07,47.26,47.41,46.07,46.26,122600,44.05
2009-05-06,46.00,46.65,45.77,46.49,286900,44.27
2009-05-05,45.34,45.64,45.20,45.31,89000,43.15
2009-05-04,44.62,45.47,44.29,45.47,32600,43.30
2009-05-01,43.63,44.05,43.45,44.05,42700,41.95
2009-04-30,44.79,44.79,43.50,43.66,23100,41.58
2009-04-29,43.54,44.15,43.53,43.97,31700,41.87
2009-04-28,42.61,43.67,42.61,43.09,134000,41.04
2009-04-27,42.99,43.56,42.87,43.02,30200,40.97
2009-04-24,43.41,43.83,43.18,43.21,44400,41.15
2009-04-23,42.82,43.12,42.28,43.05,64900,41.00
2009-04-22,45.12,45.12,42.40,42.53,75700,40.50
2009-04-21,41.79,43.21,41.78,43.21,66000,41.15
2009-04-20,43.51,43.91,42.30,42.30,45700,40.28
2009-04-17,44.43,44.86,44.14,44.52,72500,42.40
2009-04-16,44.55,44.59,43.62,44.26,22300,42.15
2009-04-15,43.14,44.16,43.14,44.12,34400,42.02
2009-04-14,43.95,44.14,43.31,43.36,52300,41.29
2009-04-13,43.68,44.73,43.66,44.48,144800,42.36
2009-04-09,43.61,44.17,43.42,44.17,41500,42.06
2009-04-08,42.25,42.58,41.94,42.36,42500,40.34
2009-04-07,42.42,42.58,42.13,42.22,36400,40.21
2009-04-06,43.14,43.25,42.66,43.10,32200,41.05
2009-04-03,43.16,43.56,42.86,43.45,44700,41.38
2009-04-02,43.54,43.79,43.04,43.04,81800,40.99
2009-04-01,40.69,42.36,40.69,42.35,29000,40.33
2009-03-31,41.47,43.97,41.07,41.36,30400,39.39
2009-03-30,41.54,41.54,40.49,40.87,37800,38.92
2009-03-27,42.78,43.07,42.45,42.45,40400,40.43
2009-03-26,43.44,43.52,42.69,43.40,63400,41.33
2009-03-25,42.78,43.33,41.66,42.89,18500,40.85
2009-03-24,42.87,43.70,42.64,42.64,48200,40.15
2009-03-23,41.78,43.77,41.72,43.77,43800,41.22
2009-03-20,41.97,41.97,40.52,40.52,56500,38.16
2009-03-19,42.91,42.95,41.46,41.48,92700,39.06
2009-03-18,41.18,42.68,40.74,42.30,60700,39.83
2009-03-17,39.76,41.31,39.66,41.31,61700,38.90
2009-03-16,40.61,41.15,39.93,39.98,68300,37.65
2009-03-13,39.98,40.14,39.33,39.86,26600,37.54
2009-03-12,37.93,39.62,37.78,39.39,21500,37.09
2009-03-11,38.18,38.54,37.40,37.81,43400,35.61
2009-03-10,36.59,37.82,36.53,37.77,31400,35.57
2009-03-09,35.09,36.41,35.02,35.54,45400,33.47
2009-03-06,35.95,36.52,34.79,35.83,183900,33.74
2009-03-05,36.18,36.57,35.16,35.47,84900,33.40
2009-03-04,37.17,37.77,36.74,37.19,37200,35.02
2009-03-03,37.43,37.43,36.25,36.54,44700,34.41
2009-03-02,37.76,38.03,36.75,36.92,67600,34.77
2009-02-27,38.98,39.59,38.53,38.73,60000,36.47
2009-02-26,40.96,41.35,40.13,40.14,41100,37.80
2009-02-25,40.49,41.23,39.61,40.37,56700,38.02
2009-02-24,39.05,40.68,39.02,40.68,51700,38.31
2009-02-23,40.60,40.69,38.78,38.82,161800,36.56
2009-02-20,39.62,40.61,39.13,40.00,58300,37.67
2009-02-19,41.25,41.52,40.68,40.68,38100,38.31
2009-02-18,41.45,41.45,40.76,41.12,32200,38.72
2009-02-17,41.88,41.93,41.21,41.22,26500,38.82
2009-02-13,43.85,44.14,43.45,43.45,25400,40.92
2009-02-12,43.25,44.07,42.59,44.07,53000,41.50
2009-02-11,44.06,44.29,43.42,44.02,74700,41.45
2009-02-10,45.62,46.15,43.50,43.70,60300,41.15
2009-02-09,46.26,46.58,45.89,46.11,65200,43.42
2009-02-06,45.00,46.42,45.00,46.29,78400,43.59
2009-02-05,43.94,45.22,43.64,45.04,39700,42.41
2009-02-04,44.78,45.32,44.04,44.16,119300,41.59
2009-02-03,44.49,44.95,44.19,44.67,47500,42.07
2009-02-02,43.66,44.51,43.66,44.26,25800,41.68
2009-01-30,45.35,45.35,44.07,44.27,27000,41.69
2009-01-29,45.63,45.90,44.94,45.00,57400,42.38
2009-01-28,46.55,46.77,45.98,46.72,56200,44.00
2009-01-27,45.17,45.71,44.85,45.48,151200,42.83
2009-01-26,45.36,46.17,44.79,45.18,224600,42.55
2009-01-23,43.44,45.39,43.44,45.39,52300,42.74
2009-01-22,44.71,45.21,43.80,44.74,36800,42.13
2009-01-21,43.97,45.62,43.53,45.57,51600,42.91
2009-01-20,44.91,45.00,43.22,43.25,27500,40.73
2009-01-16,46.48,46.48,44.75,45.64,18200,42.98
2009-01-15,45.67,45.92,44.16,45.49,21000,42.84
2009-01-14,46.20,46.45,45.40,45.76,79600,43.09
2009-01-13,46.68,47.40,46.68,47.29,121300,44.53
2009-01-12,47.80,47.95,46.58,46.96,67300,44.22
2009-01-09,49.41,49.44,48.07,48.07,79200,45.27
2009-01-08,48.87,49.24,48.79,49.22,16900,46.35
2009-01-07,49.83,49.99,48.77,49.07,44400,46.21
2009-01-06,51.14,51.35,50.30,50.49,21400,47.55
2009-01-05,50.81,51.11,50.38,50.53,133500,47.58
2009-01-02,50.03,51.27,49.52,51.11,52300,48.13
2008-12-31,49.15,50.14,48.75,49.80,63000,46.90
2008-12-30,48.49,49.13,48.02,49.13,78900,46.27
2008-12-29,47.95,48.14,47.28,48.09,62600,45.29
2008-12-26,48.09,48.09,47.61,47.93,30600,45.14
2008-12-24,47.08,47.64,47.08,47.56,23300,44.79
2008-12-23,48.69,48.74,47.44,47.66,78000,44.43
2008-12-22,48.84,49.03,47.36,48.11,111200,44.85
2008-12-19,49.44,50.19,48.70,48.70,135200,45.40
2008-12-18,50.94,50.94,48.72,48.94,138700,45.63
2008-12-17,50.33,51.46,50.27,50.50,132600,47.08
2008-12-16,49.01,51.31,48.95,51.31,59000,47.84
2008-12-15,49.63,49.63,47.87,48.50,72300,45.22
2008-12-12,47.16,49.72,47.16,49.35,63200,46.01
2008-12-11,49.94,50.59,48.94,49.17,58900,45.84
2008-12-10,50.78,50.83,49.70,50.48,108500,47.06
2008-12-09,50.73,51.60,49.84,50.14,70300,46.74
2008-12-08,51.01,51.95,50.60,51.33,76100,47.85
2008-12-05,46.84,49.56,46.05,49.45,77200,46.10
2008-12-04,47.91,49.13,46.85,47.49,63400,44.27
2008-12-03,46.67,48.96,46.44,48.96,103500,45.64
2008-12-02,46.24,47.47,45.51,47.39,111800,44.18
2008-12-01,48.80,48.80,45.12,45.30,39400,42.23
2008-11-28,49.43,50.28,49.19,50.28,8100,46.88
2008-11-26,46.47,49.64,46.47,49.23,32200,45.90
2008-11-25,48.06,48.48,46.55,47.92,62300,44.68
2008-11-24,45.17,47.98,44.53,46.61,210500,43.45
2008-11-21,42.53,43.02,40.27,43.02,109200,40.11
2008-11-20,43.99,45.31,40.70,41.11,61700,38.33
2008-11-19,47.87,47.87,44.65,44.65,22800,41.63
2008-11-18,46.83,48.12,46.13,47.76,26400,44.53
2008-11-17,47.83,48.36,47.09,47.12,35500,43.93
2008-11-14,48.95,50.65,48.25,49.00,38100,45.68
2008-11-13,46.94,49.78,45.54,49.69,78700,46.33
2008-11-12,48.44,48.88,46.55,47.00,49800,43.82
2008-11-11,49.31,50.36,48.73,49.59,55800,46.23
2008-11-10,51.68,52.28,49.64,49.64,61300,46.28
2008-11-07,49.80,51.03,49.60,51.03,47500,47.57
2008-11-06,51.34,51.94,49.11,49.17,51700,45.84
2008-11-05,54.91,55.05,52.00,52.00,32300,48.48
2008-11-04,54.74,55.63,54.18,55.63,45300,51.86
2008-11-03,53.00,53.48,52.75,53.05,61200,49.46
2008-10-31,51.96,53.72,51.73,53.00,39400,49.41
2008-10-30,52.13,52.44,50.80,51.38,17400,47.90
2008-10-29,51.56,53.50,50.61,50.61,56700,47.18
2008-10-28,48.56,50.66,47.05,50.66,70200,47.23
2008-10-27,46.46,49.17,46.46,47.97,36600,44.72
2008-10-24,44.69,49.21,44.69,48.16,102900,44.90
2008-10-23,48.37,49.76,46.94,49.33,50600,45.99
2008-10-22,49.65,50.06,47.00,48.08,53400,44.82
2008-10-21,51.47,53.01,51.47,51.66,30400,48.16
2008-10-20,51.14,53.15,50.69,53.15,42500,49.55
2008-10-17,48.29,52.55,48.29,50.44,50300,47.02
2008-10-16,48.70,50.48,45.98,50.48,36300,47.06
2008-10-15,53.04,53.04,48.63,48.63,23900,45.34
2008-10-14,56.13,57.21,52.05,53.81,73500,50.17
2008-10-13,50.47,52.39,48.38,52.39,85300,48.84
2008-10-10,43.44,48.44,42.65,46.93,78900,43.75
2008-10-09,52.73,53.30,47.83,48.17,23600,44.91
2008-10-08,51.97,54.87,51.85,52.26,35400,48.72
2008-10-07,58.12,58.43,53.76,53.78,30300,50.14
2008-10-06,57.64,58.23,55.05,58.05,84200,54.12
2008-10-03,61.77,63.12,59.72,59.74,18100,55.69
2008-10-02,62.01,62.34,60.60,60.61,17100,56.51
2008-10-01,59.67,62.51,59.49,62.30,46300,58.08
2008-09-30,60.00,61.65,58.75,61.53,27200,57.36
2008-09-29,62.86,62.86,58.07,59.67,64000,55.63
2008-09-26,61.81,64.19,61.81,64.19,17900,59.84
2008-09-25,62.45,64.45,62.45,63.33,22200,59.04
2008-09-24,62.14,63.22,62.14,62.60,16200,58.36
2008-09-23,63.00,64.42,62.55,62.63,22500,58.39
2008-09-22,66.02,66.02,63.75,63.84,11900,59.52
2008-09-19,66.34,66.34,62.19,66.34,34000,61.85
2008-09-18,59.07,64.12,57.94,61.87,42400,57.68
2008-09-17,61.82,61.82,58.77,58.77,25200,54.79
2008-09-16,59.81,61.90,57.50,61.90,104700,57.71
2008-09-15,61.70,63.04,60.12,60.70,48000,56.59
2008-09-12,63.72,64.83,63.72,64.54,15300,60.17
2008-09-11,62.18,64.32,62.02,64.25,17300,59.90
2008-09-10,63.40,64.11,62.58,63.33,24400,59.04
2008-09-09,64.66,66.01,63.32,63.32,31700,59.03
2008-09-08,68.23,68.23,64.83,66.20,69900,61.72
2008-09-05,63.02,64.44,62.72,64.44,17400,60.08
2008-09-04,65.60,65.69,63.92,64.08,19500,59.74
2008-09-03,65.57,66.07,65.46,66.07,19400,61.60
2008-09-02,67.50,67.50,65.13,65.46,15600,61.03
2008-08-29,66.08,66.19,65.70,65.70,17200,61.25
2008-08-28,65.45,66.18,65.30,66.18,15000,61.70
2008-08-27,64.25,64.98,64.25,64.80,9500,60.41
2008-08-26,63.84,64.30,63.62,64.12,15900,59.78
2008-08-25,65.06,65.06,63.69,63.84,8600,59.52
2008-08-22,65.23,65.40,64.79,65.11,34300,60.70
2008-08-21,63.75,64.60,63.72,64.46,9400,60.10
2008-08-20,63.86,63.93,62.98,63.93,20100,59.60
2008-08-19,63.51,63.53,63.05,63.37,24300,59.08
2008-08-18,65.59,65.59,63.89,63.89,52500,59.56
2008-08-15,65.20,65.38,64.83,65.28,28100,60.86
2008-08-14,63.85,65.31,63.85,65.06,30600,60.65
2008-08-13,64.94,64.94,64.06,64.48,49900,60.11
2008-08-12,66.20,66.34,65.04,65.07,108100,60.66
2008-08-11,65.71,67.13,65.71,66.65,62800,62.14
2008-08-08,64.25,66.27,64.25,66.02,35000,61.55
2008-08-07,65.28,65.73,64.38,64.57,19700,60.20
2008-08-06,65.65,66.30,65.65,66.28,22600,61.79
2008-08-05,65.24,66.45,65.24,66.45,32400,61.95
2008-08-04,65.29,65.29,64.42,64.56,31200,60.19
2008-08-01,65.42,65.63,65.00,65.51,87200,61.07
2008-07-31,66.02,66.44,65.40,65.40,80300,60.97
2008-07-30,65.78,66.68,65.31,66.68,33700,62.16
2008-07-29,63.08,65.07,63.08,65.07,27200,60.66
2008-07-28,64.62,64.62,63.08,63.08,27900,58.81
2008-07-25,64.68,65.12,64.12,64.46,57000,60.10
2008-07-24,68.11,68.11,64.64,64.74,179500,60.36
2008-07-23,66.98,67.70,66.72,66.86,57700,62.33
2008-07-22,64.00,66.34,64.00,66.34,20100,61.85
2008-07-21,66.32,66.32,64.70,64.83,50400,60.44
2008-07-18,64.54,64.72,63.87,64.66,40200,60.28
2008-07-17,63.58,64.30,62.84,63.81,121700,59.49
2008-07-16,60.59,62.47,60.53,62.47,101300,58.24
2008-07-15,60.96,61.81,60.22,60.38,44900,56.29
2008-07-14,64.04,64.04,61.97,61.99,38400,57.79
2008-07-11,63.15,64.18,62.37,63.17,66500,58.89
2008-07-10,64.39,64.55,63.33,64.30,66000,59.95
2008-07-09,65.66,66.10,64.08,64.08,50300,59.74
2008-07-08,64.06,65.68,63.77,65.68,63200,61.23
2008-07-07,65.49,65.81,63.81,64.31,58100,59.96
2008-07-03,65.79,65.85,65.32,65.33,8200,60.91
2008-07-02,66.46,66.96,65.21,65.21,19800,60.79
2008-07-01,65.22,66.23,64.90,66.20,17400,61.72
2008-06-30,65.90,66.41,65.90,66.10,15400,61.62
2008-06-27,66.40,66.79,65.73,65.97,30700,61.50
2008-06-26,67.35,67.37,66.34,66.35,13100,61.86
2008-06-25,68.23,69.14,68.23,68.36,32500,63.73
2008-06-24,67.74,68.59,67.24,67.98,36200,63.38
2008-06-23,68.47,68.78,68.18,68.38,117600,63.20
2008-06-20,68.89,69.34,68.27,68.48,43500,63.30
2008-06-19,69.81,69.91,69.19,69.68,59400,64.40
2008-06-18,70.10,70.40,69.74,69.96,82300,64.66
2008-06-17,71.91,71.91,70.76,70.76,68400,65.40
2008-06-16,70.74,71.75,70.74,71.38,48800,65.98
2008-06-13,70.82,71.14,70.34,71.13,27600,65.75
2008-06-12,70.68,71.19,70.05,70.56,40400,65.22
2008-06-11,71.38,71.42,70.27,70.28,31600,64.96
2008-06-10,71.27,71.78,70.89,71.37,80900,65.97
2008-06-09,72.06,72.41,71.09,71.47,50400,66.06
2008-06-06,73.30,73.65,71.63,71.63,39500,66.21
2008-06-05,72.70,74.13,72.70,74.13,42800,68.52
2008-06-04,72.86,73.27,72.24,72.43,49500,66.95
2008-06-03,73.93,73.97,72.67,73.15,239500,67.61
2008-06-02,74.31,74.31,73.38,73.82,106500,68.23
2008-05-30,75.17,75.17,74.46,74.46,34300,68.82
2008-05-29,74.14,75.27,74.14,74.85,20400,69.18
2008-05-28,74.37,74.48,73.65,74.47,26900,68.83
2008-05-27,74.22,74.43,73.74,74.30,35700,68.68
2008-05-23,75.10,75.18,74.29,74.32,28900,68.69
2008-05-22,75.37,75.93,75.37,75.58,100100,69.86
2008-05-21,76.54,76.65,75.36,75.52,46800,69.80
2008-05-20,77.11,77.11,76.36,76.50,40500,70.71
2008-05-19,77.33,78.05,77.26,77.41,32500,71.55
2008-05-16,77.16,77.21,76.72,77.14,22300,71.30
2008-05-15,76.50,77.03,76.17,77.02,25700,71.19
2008-05-14,76.35,76.77,76.28,76.32,26100,70.54
2008-05-13,76.17,76.17,75.75,75.89,25400,70.14
2008-05-12,75.46,76.14,75.34,76.14,26000,70.38
2008-05-09,75.67,75.92,75.30,75.49,20300,69.78
2008-05-08,76.17,76.37,75.76,76.07,14800,70.31
2008-05-07,77.42,77.53,75.97,76.05,21600,70.29
2008-05-06,76.64,78.07,76.64,77.91,21900,72.01
2008-05-05,77.94,77.94,77.31,77.42,24500,71.56
2008-05-02,78.68,78.74,77.58,78.01,27000,72.10
2008-05-01,76.33,77.73,76.26,77.72,31800,71.84
2008-04-30,76.73,77.61,76.34,76.34,34800,70.56
2008-04-29,76.83,77.02,76.50,76.54,26500,70.75
2008-04-28,77.06,77.16,76.72,76.79,22900,70.98
2008-04-25,76.51,76.91,75.68,76.91,41900,71.09
2008-04-24,75.32,76.60,75.16,76.18,13800,70.41
2008-04-23,75.54,75.72,75.07,75.36,15400,69.65
2008-04-22,75.70,75.79,75.32,75.43,9600,69.72
2008-04-21,75.75,75.93,75.32,75.77,20300,70.03
2008-04-18,76.59,76.83,76.09,76.40,30000,70.62
2008-04-17,74.73,75.49,74.58,75.36,37900,69.65
2008-04-16,73.97,75.00,73.90,75.00,25600,69.32
2008-04-15,72.99,73.07,72.68,73.06,46500,67.53
2008-04-14,72.94,72.94,72.27,72.52,13100,67.03
2008-04-11,73.56,74.07,73.10,73.10,13100,67.57
2008-04-10,74.09,74.53,73.91,74.05,11400,68.44
2008-04-09,74.96,74.96,74.13,74.32,12200,68.69
2008-04-08,75.06,75.24,74.56,74.97,10400,69.29
2008-04-07,75.48,76.27,75.31,75.46,12000,69.75
2008-04-04,75.24,75.61,74.97,75.11,9900,69.42
2008-04-03,74.91,75.78,74.75,75.41,19700,69.70
2008-04-02,75.59,75.94,75.15,75.32,19100,69.62
2008-04-01,73.25,75.37,73.25,75.37,77300,69.66
2008-03-31,71.91,72.72,71.81,72.09,378100,66.63
2008-03-28,72.74,72.79,71.64,71.67,33100,66.24
2008-03-27,73.35,73.61,72.53,72.63,58200,67.13
2008-03-26,73.37,73.61,72.96,73.18,46500,67.64
2008-03-25,74.14,74.14,73.31,73.89,18100,68.30
2008-03-24,74.35,75.66,74.35,74.73,56300,69.07
2008-03-20,71.75,74.10,71.41,74.10,24600,68.49
2008-03-19,73.76,74.04,71.65,71.70,36100,66.27
2008-03-18,71.64,73.20,71.33,73.14,79600,67.60
2008-03-17,67.69,70.65,67.44,70.12,30300,64.81
2008-03-14,72.80,72.80,69.75,70.40,128800,65.07
2008-03-13,70.80,72.52,70.55,72.18,33900,66.72
2008-03-12,73.84,73.84,72.00,72.00,27500,66.55
2008-03-11,70.92,73.09,70.92,73.09,39100,67.56
2008-03-10,70.58,70.91,69.81,69.88,39300,64.59
2008-03-07,70.81,71.73,70.39,70.98,36200,65.61
2008-03-06,72.67,72.67,71.32,71.44,28900,66.03
2008-03-05,73.65,74.12,72.85,73.35,41000,67.80
2008-03-04,73.20,73.33,72.03,73.27,48700,67.72
2008-03-03,73.71,74.00,73.17,73.77,32600,68.19
2008-02-29,75.25,75.25,73.54,73.98,37500,68.38
2008-02-28,76.30,76.84,76.12,76.16,32900,70.39
2008-02-27,76.65,77.54,76.46,76.98,29000,71.15
2008-02-26,76.26,77.25,76.19,77.05,31300,71.22
2008-02-25,75.47,76.78,75.02,76.54,159600,70.75
2008-02-22,75.03,75.59,73.90,75.57,96500,69.85
2008-02-21,75.85,75.85,74.68,74.68,41900,69.03
2008-02-20,74.52,76.01,74.38,75.55,31900,69.83
2008-02-19,76.55,76.55,75.16,75.31,50600,69.61
2008-02-15,75.78,75.78,73.55,75.25,34200,69.55
2008-02-14,75.83,75.99,74.98,74.98,23600,69.30
2008-02-13,75.28,76.05,74.97,75.90,25500,70.15
2008-02-12,74.76,75.67,74.49,75.02,24800,69.34
2008-02-11,74.11,74.28,73.14,73.98,31600,68.38
2008-02-08,74.73,75.01,73.79,74.25,72900,68.63
2008-02-07,74.24,75.28,74.24,75.14,13600,69.45
2008-02-06,75.06,75.76,74.20,74.22,21100,68.60
2008-02-05,76.42,76.54,74.95,74.95,44300,69.28
2008-02-04,78.55,78.55,77.78,77.91,34300,72.01
2008-02-01,78.29,79.42,78.23,78.89,40000,72.92
2008-01-31,75.74,78.61,75.52,77.72,53700,71.84
2008-01-30,76.82,78.76,76.71,76.80,58700,70.99
2008-01-29,76.68,77.39,76.28,77.35,53000,71.49
2008-01-28,74.46,76.02,73.68,75.94,57300,70.19
2008-01-25,76.31,76.48,74.09,74.24,39300,68.62
2008-01-24,75.40,75.74,74.50,75.57,88800,69.85
2008-01-23,69.35,74.99,69.35,74.80,56300,69.14
2008-01-22,68.75,73.00,68.75,72.28,74900,66.81
2008-01-18,74.14,74.45,71.79,72.61,57000,67.11
2008-01-17,76.47,76.47,73.52,73.62,37800,68.05
2008-01-16,76.40,77.36,76.16,76.36,97400,70.58
2008-01-15,77.32,77.58,76.46,76.46,52700,70.67
2008-01-14,78.26,78.63,77.94,78.54,30500,72.59
2008-01-11,77.89,78.88,77.62,77.80,63600,71.91
2008-01-10,76.90,79.14,76.90,78.61,73500,72.66
2008-01-09,76.86,77.90,76.17,77.81,120300,71.92
2008-01-08,79.00,79.38,76.77,76.78,114100,70.97
2008-01-07,78.63,79.12,77.98,78.56,141000,72.61
2008-01-04,79.15,79.27,78.08,78.13,58300,72.22
2008-01-03,80.00,80.25,79.57,79.68,23200,73.65
2008-01-02,81.00,81.09,79.45,79.64,22500,73.61
2007-12-31,80.83,81.18,80.45,80.71,32300,74.60
2007-12-28,81.64,81.82,80.72,81.12,24700,74.98
2007-12-27,82.02,82.03,80.97,80.97,39700,74.84
2007-12-26,82.44,82.96,82.43,82.88,27800,76.61
2007-12-24,82.25,82.76,82.25,82.76,11200,76.49
2007-12-21,81.80,82.22,81.43,82.22,30900,76.00
2007-12-20,81.20,81.20,79.91,80.64,58700,74.54
2007-12-19,80.70,81.55,80.24,80.54,116100,74.44
2007-12-18,80.58,81.06,79.59,80.58,15700,74.48
2007-12-17,80.48,80.90,79.90,79.90,13000,73.85
2007-12-14,81.68,82.24,80.95,81.04,24800,74.90
2007-12-13,81.72,82.45,81.15,82.45,20400,76.21
2007-12-12,83.56,83.60,81.46,82.35,130200,76.12
2007-12-11,84.63,84.63,81.92,82.01,43900,75.80
2007-12-10,83.69,84.52,83.69,84.19,14300,77.82
2007-12-07,83.83,84.03,83.31,83.44,17800,77.12
2007-12-06,82.30,83.76,82.23,83.72,25100,77.38
2007-12-05,81.65,82.43,81.62,82.34,38900,76.11
2007-12-04,80.75,81.21,80.74,80.74,39200,74.63
2007-12-03,81.57,81.88,81.31,81.56,22200,75.39
2007-11-30,82.22,82.22,81.50,81.77,13600,75.58
2007-11-29,79.41,80.71,79.41,80.34,19500,74.26
2007-11-28,78.18,80.32,78.18,80.21,12000,74.14
2007-11-27,77.15,77.84,76.62,77.81,108000,71.92
2007-11-26,78.66,78.90,76.50,76.59,87300,70.79
2007-11-23,78.20,79.01,78.20,78.80,9100,72.83
2007-11-21,78.10,78.75,77.38,77.41,65600,71.55
2007-11-20,78.18,79.33,77.59,78.90,127500,72.93
2007-11-19,79.48,79.48,78.23,78.39,117000,72.46
2007-11-16,80.12,80.68,79.44,80.07,37500,74.01
2007-11-15,81.56,81.58,79.50,80.00,48500,73.94
2007-11-14,82.53,83.20,81.50,81.81,34300,75.62
2007-11-13,80.02,82.38,80.02,82.38,42800,76.14
2007-11-12,80.40,81.36,79.86,79.86,55800,73.81
2007-11-09,80.06,81.89,79.87,80.64,114200,74.54
2007-11-08,80.80,81.54,79.60,81.23,97500,75.08
2007-11-07,82.52,82.97,80.46,80.46,85200,74.37
2007-11-06,82.67,83.51,82.39,83.51,76000,77.19
2007-11-05,81.09,82.73,81.09,82.37,87200,76.13
2007-11-02,83.25,83.47,81.65,82.91,73100,76.63
2007-11-01,84.74,84.74,83.03,83.10,57000,76.81
2007-10-31,86.07,86.75,84.18,86.36,59400,79.82
2007-10-30,86.24,86.31,85.50,85.50,32400,79.03
2007-10-29,86.48,86.83,86.43,86.58,34400,80.03
2007-10-26,85.85,86.22,85.12,86.22,48200,79.69
2007-10-25,85.08,85.28,83.81,84.86,119300,78.44
2007-10-24,84.82,85.19,83.40,85.02,168300,78.58
2007-10-23,85.22,85.31,84.40,85.16,56000,78.71
2007-10-22,83.90,85.02,83.90,84.70,150200,78.29
2007-10-19,86.37,86.38,84.73,84.73,91100,78.32
2007-10-18,87.06,87.12,86.64,86.92,26600,80.34
2007-10-17,88.13,88.13,86.66,87.45,63700,80.83
2007-10-16,88.00,88.07,87.57,87.64,59200,81.01
2007-10-15,89.00,89.30,88.09,88.46,62300,81.76
2007-10-12,88.85,89.23,88.85,89.01,26900,82.27
2007-10-11,89.40,89.93,88.57,88.90,104700,82.17
2007-10-10,89.00,89.16,88.68,88.97,25400,82.23
2007-10-09,89.13,89.55,88.80,89.55,27900,82.77
2007-10-08,89.01,89.04,88.66,88.81,17400,82.09
2007-10-05,89.30,89.68,89.01,89.33,56400,82.57
2007-10-04,88.69,88.70,88.51,88.65,27200,81.94
2007-10-03,88.35,88.65,88.17,88.34,25900,81.65
2007-10-02,88.70,88.70,88.27,88.70,35600,81.98
2007-10-01,87.55,88.77,87.40,88.66,48000,81.95
2007-09-28,87.72,87.95,87.36,87.38,57100,80.76
2007-09-27,87.70,88.00,87.59,87.97,79300,81.31
2007-09-26,87.60,87.95,87.27,87.59,12200,80.96
2007-09-25,87.47,87.87,87.26,87.84,52100,80.56
2007-09-24,88.68,88.77,87.95,88.01,44700,80.72
2007-09-21,89.18,89.18,88.78,88.90,19600,81.54
2007-09-20,89.11,89.21,88.40,88.44,34600,81.11
2007-09-19,89.36,89.91,88.96,89.19,76900,81.80
2007-09-18,86.35,88.53,86.04,88.46,53100,81.13
2007-09-17,85.95,86.08,85.60,85.86,53400,78.75
2007-09-14,85.64,86.22,85.53,86.08,83600,78.95
2007-09-13,85.60,86.27,85.60,86.02,31400,78.89
2007-09-12,84.80,85.49,84.62,85.18,65100,78.12
2007-09-11,84.25,84.98,84.14,84.80,55500,77.78
2007-09-10,84.42,84.42,83.05,83.74,53800,76.80
2007-09-07,84.30,84.81,83.70,84.02,60300,77.06
2007-09-06,85.35,85.55,84.99,85.42,73200,78.34
2007-09-05,85.65,85.65,84.78,85.07,23600,78.02
2007-09-04,85.40,86.76,85.40,86.36,44300,79.21
2007-08-31,85.45,85.90,84.99,85.20,22400,78.14
2007-08-30,84.60,85.20,84.46,84.58,9700,77.57
2007-08-29,83.95,85.13,83.61,85.10,68000,78.05
2007-08-28,84.80,84.83,83.36,83.37,24200,76.46
2007-08-27,86.02,86.08,85.53,85.58,19300,78.49
2007-08-24,85.70,86.44,85.52,86.44,60700,79.28
2007-08-23,86.35,86.35,85.02,85.54,82400,78.45
2007-08-22,85.50,85.76,84.75,85.45,36700,78.37
2007-08-21,84.38,85.39,84.38,84.70,90000,77.68
2007-08-20,84.90,85.19,83.77,84.87,94800,77.84
2007-08-17,84.90,85.51,83.56,85.11,88500,78.06
2007-08-16,80.50,83.25,79.81,82.93,216400,76.06
2007-08-15,82.05,83.44,81.14,81.30,213100,74.57
2007-08-14,83.55,83.55,82.18,82.26,91600,75.45
2007-08-13,84.20,84.38,83.25,83.28,73000,76.38
2007-08-10,82.10,84.14,82.10,83.76,65600,76.82
2007-08-09,84.00,85.60,83.52,83.52,190400,76.60
2007-08-08,85.85,86.78,84.88,86.11,133700,78.98
2007-08-07,83.30,85.97,83.30,85.15,100800,78.10
2007-08-06,81.85,84.00,80.76,83.98,306900,77.02
2007-08-03,84.24,84.24,81.34,81.42,120800,74.68
2007-08-02,84.42,84.51,83.44,84.25,88800,77.27
2007-08-01,83.67,84.31,82.38,84.13,107200,77.16
2007-07-31,85.15,85.40,83.51,83.51,44300,76.59
2007-07-30,83.80,84.69,83.03,84.35,98800,77.36
2007-07-27,84.60,85.54,83.58,83.60,45900,76.67
2007-07-26,86.23,86.29,83.87,84.90,160000,77.87
2007-07-25,87.45,87.68,86.33,87.55,76300,80.30
2007-07-24,88.15,88.32,86.63,86.73,39600,79.55
2007-07-23,88.95,89.12,88.74,88.95,22100,81.58
2007-07-20,89.71,89.71,88.40,88.55,48000,81.21
2007-07-19,89.90,90.21,89.40,89.59,39900,82.17
2007-07-18,89.01,89.55,88.78,89.55,55900,82.13
2007-07-17,90.05,90.35,89.43,89.43,46800,82.02
2007-07-16,90.17,90.47,89.80,89.88,23800,82.43
2007-07-13,89.92,90.66,89.92,90.35,23100,82.87
2007-07-12,88.65,90.15,88.65,90.15,21100,82.68
2007-07-11,87.73,88.25,87.50,88.11,33300,80.81
2007-07-10,88.54,88.73,87.72,87.79,36900,80.52
2007-07-09,88.89,89.25,88.72,89.14,140500,81.76
2007-07-06,88.55,89.00,88.36,88.89,21600,81.53
2007-07-05,88.78,88.90,88.23,88.62,21500,81.28
2007-07-03,88.85,89.17,88.77,88.91,15100,81.54
2007-07-02,88.02,88.58,87.90,88.52,13600,81.19
2007-06-29,88.11,88.39,87.00,87.55,36500,80.30
2007-06-28,88.09,88.69,87.97,88.36,78700,80.48
2007-06-27,86.73,88.16,86.69,88.16,32500,80.30
2007-06-26,88.10,88.24,86.87,86.87,40300,79.12
2007-06-25,87.75,88.59,87.36,87.56,49000,79.75
2007-06-22,88.87,88.87,87.82,87.86,32300,80.03
2007-06-21,88.57,89.10,88.20,89.04,45800,81.10
2007-06-20,90.23,90.26,88.44,88.44,27000,80.55
2007-06-19,90.12,90.45,90.07,90.22,15900,82.17
2007-06-18,90.39,90.46,90.24,90.24,26300,82.19
2007-06-15,90.55,90.64,90.27,90.35,11900,82.29
2007-06-14,89.45,90.00,89.45,89.69,18900,81.69
2007-06-13,88.47,89.19,88.33,89.18,20300,81.23
2007-06-12,88.59,89.00,88.08,88.08,14200,80.23
2007-06-11,88.50,89.38,88.50,89.12,36200,81.17
2007-06-08,87.80,88.67,87.70,88.67,18200,80.76
2007-06-07,89.23,89.37,87.80,87.80,40800,79.97
2007-06-06,89.93,89.93,89.12,89.41,28100,81.44
2007-06-05,90.35,90.36,89.87,90.23,17500,82.18
2007-06-04,90.33,90.73,90.33,90.68,22400,82.59
2007-06-01,90.68,90.70,90.36,90.58,11100,82.50
2007-05-31,90.65,90.65,90.21,90.30,13700,82.25
2007-05-30,89.53,90.51,89.53,90.45,21800,82.38
2007-05-29,90.00,90.09,89.47,89.79,20700,81.78
2007-05-25,89.74,89.92,89.50,89.90,24500,81.88
2007-05-24,90.43,90.68,89.36,89.45,26400,81.47
2007-05-23,90.46,90.78,90.33,90.34,27400,82.28
2007-05-22,90.50,90.82,90.48,90.56,18700,82.48
2007-05-21,90.61,90.88,90.49,90.49,27400,82.42
2007-05-18,90.25,90.42,90.14,90.36,23600,82.30
2007-05-17,89.67,90.14,89.60,89.94,24900,81.92
2007-05-16,89.44,89.89,89.33,89.89,17500,81.87
2007-05-15,88.81,89.54,88.81,89.02,29300,81.08
2007-05-14,88.78,88.98,88.50,88.70,14000,80.79
2007-05-11,88.03,88.71,88.03,88.51,16500,80.62
2007-05-10,88.80,88.80,87.80,87.80,24800,79.97
2007-05-09,88.74,89.15,88.52,88.97,44300,81.04
2007-05-08,88.45,88.75,88.28,88.74,22100,80.83
2007-05-07,88.65,88.76,88.59,88.71,14900,80.80
2007-05-04,88.38,88.78,88.38,88.40,8800,80.52
2007-05-03,87.74,88.27,87.74,88.19,14500,80.33
2007-05-02,87.49,87.79,87.45,87.60,7000,79.79
2007-05-01,87.25,87.33,86.83,87.33,35900,79.54
2007-04-30,87.46,87.85,87.10,87.10,15800,79.33
2007-04-27,87.50,87.57,87.21,87.37,7500,79.58
2007-04-26,87.80,87.91,87.47,87.81,16500,79.98
2007-04-25,87.17,87.89,86.92,87.75,11500,79.93
2007-04-24,86.84,86.85,86.41,86.60,26000,78.88
2007-04-23,87.38,87.45,86.93,86.99,37500,79.23
2007-04-20,87.25,87.40,86.92,87.40,14500,79.61
2007-04-19,86.23,86.61,86.23,86.43,14300,78.72
2007-04-18,86.22,86.86,86.22,86.65,35900,78.92
2007-04-17,86.39,86.52,86.15,86.28,10200,78.59
2007-04-16,85.92,86.43,85.92,86.31,28700,78.61
2007-04-13,85.11,85.41,85.09,85.39,6400,77.78
2007-04-12,84.68,85.05,84.50,85.05,11200,77.47
2007-04-11,85.27,85.27,84.62,84.78,14300,77.22
2007-04-10,85.07,85.37,84.95,85.19,11300,77.59
2007-04-09,84.85,85.11,84.82,84.87,150100,77.30
2007-04-05,84.50,84.90,84.43,84.82,10800,77.26
2007-04-04,84.35,84.65,84.35,84.59,11100,77.05
2007-04-03,84.19,84.76,84.10,84.59,16700,77.05
2007-04-02,83.84,84.00,83.52,83.95,13400,76.46
2007-03-30,84.10,84.38,83.36,83.79,25900,76.32
2007-03-29,84.10,84.15,83.56,84.11,11200,76.61
2007-03-28,83.77,83.97,83.23,83.64,10400,76.18
2007-03-27,84.10,84.22,83.65,84.11,43600,76.61
2007-03-26,84.18,84.34,83.50,84.28,14800,76.76
2007-03-23,84.60,85.04,84.60,84.80,17600,77.24
2007-03-22,84.50,84.99,84.35,84.67,57200,77.12
2007-03-21,83.16,84.59,83.04,84.47,12000,76.94
2007-03-20,82.22,83.08,82.22,83.02,31400,75.62
2007-03-19,82.00,82.38,81.76,82.33,17500,74.99
2007-03-16,81.90,82.07,81.24,81.36,17000,74.11
2007-03-15,81.58,82.07,81.32,81.82,14400,74.52
2007-03-14,81.05,81.37,79.91,81.20,41600,73.96
2007-03-13,82.01,82.36,80.83,80.88,33900,73.67
2007-03-12,82.30,82.70,82.14,82.50,18400,75.14
2007-03-09,82.78,82.88,82.16,82.48,29400,75.13
2007-03-08,82.32,82.73,82.15,82.35,24600,75.01
2007-03-07,81.85,82.36,81.68,81.73,46700,74.44
2007-03-06,81.19,82.00,80.94,81.83,31900,74.53
2007-03-05,80.76,81.59,80.37,80.37,118900,73.20
2007-03-02,82.00,82.25,81.20,81.20,64600,73.96
2007-03-01,81.25,82.70,80.79,82.36,170500,75.02
2007-02-28,82.58,83.19,81.97,82.55,56400,75.19
2007-02-27,84.44,84.45,81.38,81.90,106700,74.60
2007-02-26,85.17,85.46,84.91,85.07,33200,77.48
2007-02-23,85.03,85.03,84.61,84.88,133600,77.31
2007-02-22,85.30,85.49,84.86,85.14,44100,77.55
2007-02-21,85.28,85.40,85.00,85.26,22300,77.66
2007-02-20,85.47,85.54,85.03,85.38,25700,77.77
2007-02-16,85.21,85.47,85.21,85.47,17500,77.85
2007-02-15,85.49,85.49,85.29,85.43,17300,77.81
2007-02-14,85.15,85.74,85.15,85.60,86100,77.97
2007-02-13,84.50,85.15,84.50,85.15,17100,77.56
2007-02-12,84.38,84.56,84.23,84.40,35200,76.87
2007-02-09,84.95,85.22,84.37,84.49,35400,76.96
2007-02-08,84.69,85.06,84.54,84.98,46100,77.40
2007-02-07,85.35,85.35,84.84,85.01,20000,77.43
2007-02-06,85.08,85.25,84.99,85.08,22500,77.49
2007-02-05,84.83,85.19,84.80,85.11,43900,77.52
2007-02-02,84.87,85.09,84.77,85.09,34500,77.50
2007-02-01,84.42,84.92,84.39,84.90,30400,77.33
2007-01-31,83.65,84.44,83.56,84.25,65000,76.74
2007-01-30,83.45,83.83,83.22,83.74,85700,76.27
2007-01-29,83.17,83.59,83.03,83.18,48500,75.76
2007-01-26,83.35,83.44,82.86,83.24,54000,75.82
2007-01-25,84.08,84.12,83.08,83.24,67600,75.82
2007-01-24,83.57,84.15,83.57,84.12,68200,76.62
2007-01-23,83.02,83.56,83.00,83.47,65200,76.03
2007-01-22,83.21,83.34,82.90,83.08,45600,75.67
2007-01-19,82.95,83.21,82.91,83.21,21500,75.79
2007-01-18,82.91,82.96,82.61,82.79,15900,75.41
2007-01-17,82.55,82.87,82.51,82.67,72700,75.30
2007-01-16,82.55,82.90,82.40,82.68,73100,75.31
2007-01-12,82.46,82.90,82.38,82.90,65400,75.51
2007-01-11,82.10,82.72,82.10,82.24,81100,74.91
2007-01-10,82.17,82.26,81.89,82.06,37400,74.74
2007-01-09,82.73,82.73,81.98,82.27,32600,74.93
2007-01-08,82.44,82.66,81.99,82.59,144000,75.23
2007-01-05,82.90,82.90,82.26,82.43,113100,75.08
2007-01-04,83.27,83.27,82.61,83.00,43700,75.60
2007-01-03,84.00,84.06,82.83,83.26,74600,75.84
2006-12-29,84.18,84.22,83.77,83.77,94600,76.30
2006-12-28,84.31,84.33,84.00,84.25,38200,76.74
2006-12-27,83.96,84.32,83.84,84.29,72000,76.77
2006-12-26,83.15,83.61,83.15,83.61,64200,76.15
2006-12-22,83.55,83.55,83.10,83.13,16200,75.72
2006-12-21,83.87,84.04,83.38,83.54,54500,76.09
2006-12-20,84.45,84.48,84.15,84.18,99000,76.67
2006-12-19,83.85,84.41,83.59,84.33,15100,76.81
2006-12-18,84.40,84.50,83.91,83.91,107500,76.43
2006-12-15,84.38,84.51,84.14,84.30,124300,76.78
2006-12-14,83.65,84.33,83.53,84.29,27000,76.77
2006-12-13,83.40,83.51,83.20,83.45,15100,76.01
2006-12-12,83.00,83.17,82.74,83.12,14100,75.71
2006-12-11,82.50,82.98,82.50,82.96,11200,75.56
2006-12-08,82.45,82.74,82.15,82.49,19900,75.13
2006-12-07,82.48,82.82,82.29,82.29,18600,74.95
2006-12-06,82.80,82.80,82.50,82.54,20800,75.18
2006-12-05,82.60,82.76,82.40,82.72,29000,75.34
2006-12-04,81.75,82.33,81.75,82.26,23200,74.92
2006-12-01,82.18,82.19,81.53,82.09,55600,74.77
2006-11-30,82.15,82.43,81.75,82.15,66900,74.82
2006-11-29,81.30,82.07,81.30,81.96,31400,74.65
2006-11-28,80.35,81.01,80.35,80.93,24600,73.71
2006-11-27,81.30,81.30,80.29,80.29,47300,73.13
2006-11-24,80.93,81.34,80.93,81.20,151500,73.96
2006-11-22,81.43,81.75,81.27,81.50,31200,74.23
2006-11-21,81.41,81.65,81.37,81.43,49700,74.17
2006-11-20,81.45,81.83,81.43,81.51,19200,74.24
2006-11-17,81.05,81.57,81.00,81.57,26300,74.30
2006-11-16,81.75,81.75,81.25,81.27,30100,74.02
2006-11-15,81.45,81.56,81.18,81.40,46400,74.14
2006-11-14,81.40,81.43,80.66,81.34,44800,74.09
2006-11-13,81.00,81.36,80.82,81.16,42000,73.92
2006-11-10,81.16,81.18,80.70,81.04,12200,73.81
2006-11-09,81.57,81.57,80.92,81.04,26900,73.81
2006-11-08,80.95,81.49,80.83,81.32,39600,74.07
2006-11-07,81.20,81.26,80.95,81.00,23700,73.78
2006-11-06,80.40,81.09,80.30,80.95,53400,73.73
2006-11-03,80.30,80.39,80.02,80.15,17800,73.00
2006-11-02,80.05,80.17,79.89,80.07,19100,72.93
2006-11-01,80.89,81.15,80.08,80.19,55200,73.04
2006-10-31,80.78,80.78,80.27,80.53,50400,73.35
2006-10-30,80.95,80.95,80.54,80.60,31500,73.41
2006-10-27,81.15,81.28,80.84,80.84,36000,73.63
2006-10-26,81.45,81.50,80.99,81.34,53500,74.09
2006-10-25,80.70,81.21,80.51,81.11,22100,73.88
2006-10-24,80.25,80.60,80.17,80.60,16600,73.41
2006-10-23,79.90,80.47,79.84,80.39,35400,73.22
2006-10-20,80.00,80.02,79.60,79.93,72800,72.80
2006-10-19,79.85,79.93,79.68,79.91,19700,72.78
2006-10-18,80.06,80.14,79.50,79.65,41300,72.55
2006-10-17,79.75,79.76,79.30,79.62,36800,72.52
2006-10-16,79.75,79.97,79.50,79.85,55500,72.73
2006-10-13,79.45,79.81,79.37,79.72,39300,72.61
2006-10-12,79.03,79.50,78.96,79.35,72400,72.27
2006-10-11,78.70,78.82,78.50,78.66,16100,71.65
2006-10-10,78.55,78.91,78.55,78.89,54100,71.86
2006-10-09,78.70,78.73,78.48,78.48,28500,71.48
2006-10-06,78.75,78.78,78.28,78.78,43700,71.76
2006-10-05,79.05,79.05,78.65,78.86,156800,71.83
2006-10-04,78.05,78.88,77.89,78.88,25700,71.85
2006-10-03,78.03,78.37,77.78,78.09,116000,71.13
2006-10-02,78.35,78.46,78.00,78.09,31700,71.13
2006-09-29,78.50,78.54,78.25,78.29,49200,71.31
2006-09-28,78.48,78.59,78.27,78.43,41700,71.44
2006-09-27,78.40,78.47,78.16,78.40,40600,71.41
2006-09-26,78.15,78.69,78.03,78.69,54500,71.30
2006-09-25,77.90,78.36,77.44,78.14,60800,70.80
2006-09-22,77.70,77.78,77.38,77.71,33400,70.42
2006-09-21,77.85,78.12,77.51,77.68,24800,70.39
2006-09-20,77.90,77.96,77.53,77.65,70100,70.36
2006-09-19,77.95,78.00,77.31,77.54,25300,70.26
2006-09-18,77.45,77.94,77.44,77.74,36000,70.44
2006-09-15,77.70,77.76,77.42,77.44,175800,70.17
2006-09-14,77.74,77.75,77.35,77.55,50900,70.27
2006-09-13,77.40,77.85,77.26,77.77,60700,70.47
2006-09-12,77.20,77.42,76.98,77.35,38400,70.09
2006-09-11,77.15,77.15,76.65,76.91,43100,69.69
2006-09-08,77.50,77.50,77.12,77.33,58900,70.07
2006-09-07,77.50,77.62,77.20,77.30,35500,70.04
2006-09-06,77.85,78.09,77.54,77.58,94500,70.30
2006-09-05,78.35,78.37,78.01,78.30,101900,70.95
2006-09-01,77.95,78.12,77.75,78.11,50300,70.78
2006-08-31,77.90,77.95,77.65,77.73,74600,70.43
2006-08-30,78.25,78.25,77.69,77.88,64900,70.57
2006-08-29,78.15,78.16,77.66,78.11,100700,70.78
2006-08-28,77.89,78.26,77.70,78.16,70600,70.82
2006-08-25,77.99,78.10,77.88,77.90,50100,70.59
2006-08-24,77.80,78.03,77.74,78.02,66500,70.70
2006-08-23,77.95,78.02,77.44,77.62,75500,70.33
2006-08-22,77.80,77.96,77.64,77.86,71700,70.55
2006-08-21,77.80,77.81,77.60,77.71,43300,70.42
2006-08-18,77.40,77.73,77.19,77.73,98300,70.43
2006-08-17,76.97,77.25,76.92,77.19,117200,69.94
2006-08-16,77.38,77.41,77.05,77.16,98200,69.92
2006-08-15,77.17,77.21,76.85,77.12,89300,69.88
2006-08-14,77.00,77.02,76.28,76.43,49400,69.26
2006-08-11,76.70,76.70,76.22,76.54,23900,69.36
2006-08-10,76.65,76.79,76.25,76.75,51000,69.55
2006-08-09,77.50,77.63,76.63,76.70,37600,69.50
2006-08-08,77.20,77.55,76.85,76.95,78200,69.73
2006-08-07,77.16,77.22,76.86,76.99,46500,69.76
2006-08-04,77.57,77.61,76.78,77.08,105300,69.84
2006-08-03,76.80,77.26,76.59,76.96,78200,69.74
2006-08-02,76.90,77.18,76.69,76.87,83800,69.65
2006-08-01,76.55,76.68,76.21,76.59,24000,69.40
2006-07-31,76.60,76.69,76.31,76.60,126500,69.41
2006-07-28,76.02,76.80,76.02,76.63,68900,69.44
2006-07-27,76.45,76.60,75.75,75.83,128400,68.71
2006-07-26,75.71,76.44,75.64,76.21,90500,69.06
2006-07-25,75.10,75.93,75.10,75.74,59500,68.63
2006-07-24,74.22,75.21,74.20,75.15,59300,68.10
2006-07-21,74.37,74.37,73.79,73.90,23300,66.96
2006-07-20,74.50,74.60,74.13,74.20,40100,67.23
2006-07-19,73.50,74.40,73.38,74.34,60300,67.36
2006-07-18,73.09,73.09,72.40,72.91,63600,66.07
2006-07-17,72.70,73.09,72.57,72.75,57900,65.92
2006-07-14,73.05,73.27,72.57,73.15,42700,66.28
2006-07-13,74.00,74.00,72.93,73.06,27500,66.20
2006-07-12,74.70,74.70,73.86,74.03,66200,67.08
2006-07-11,74.38,74.57,73.88,74.53,38600,67.53
2006-07-10,74.23,74.64,74.20,74.30,180700,67.33
2006-07-07,74.25,74.54,73.82,73.99,42500,67.04
2006-07-06,73.90,74.35,73.86,74.19,236400,67.23
2006-07-05,73.85,73.96,73.37,73.73,81700,66.81
2006-07-03,73.70,74.04,73.46,74.00,22100,67.05
2006-06-30,73.55,73.71,73.37,73.43,151400,66.54
2006-06-29,72.30,73.48,72.30,73.48,72400,66.58
2006-06-28,71.70,72.01,71.60,71.96,8600,65.21
2006-06-27,71.89,71.93,71.28,71.28,19900,64.59
2006-06-26,71.00,71.51,71.00,71.47,18900,64.76
2006-06-23,71.00,71.40,70.84,71.01,9900,64.34
2006-06-22,71.51,71.67,71.25,71.52,12800,64.36
2006-06-21,71.12,71.88,71.12,71.52,20300,64.36
2006-06-20,70.85,71.51,70.85,70.98,28600,63.88
2006-06-19,71.80,71.89,70.73,70.91,12900,63.81
2006-06-16,71.60,71.89,71.38,71.75,23700,64.57
2006-06-15,70.63,71.83,70.63,71.81,36800,64.62
2006-06-14,70.10,70.44,69.66,70.40,160300,63.35
2006-06-13,70.90,71.63,70.25,70.25,56900,63.22
2006-06-12,72.05,72.29,71.36,71.36,32500,64.22
2006-06-09,72.40,72.42,71.77,71.95,97800,64.75
2006-06-08,71.65,72.17,70.96,72.17,54400,64.95
2006-06-07,72.60,72.88,72.08,72.08,29500,64.87
2006-06-06,72.90,72.90,71.94,72.45,25700,65.20
2006-06-05,73.85,73.85,72.58,72.58,30800,65.32
2006-06-02,73.75,73.88,73.40,73.88,18300,66.49
2006-06-01,72.40,73.43,72.40,73.43,32600,66.08
2006-05-31,72.25,72.49,72.14,72.47,15900,65.22
2006-05-30,72.95,73.00,71.87,71.87,6900,64.68
2006-05-26,72.80,73.09,72.61,73.07,19300,65.76
2006-05-25,72.25,72.48,71.92,72.48,19500,65.23
2006-05-24,71.28,71.94,70.92,71.76,81600,64.58
2006-05-23,72.30,72.49,71.54,71.54,32000,64.38
2006-05-22,71.75,72.28,71.33,71.92,31700,64.72
2006-05-19,71.75,72.32,71.59,71.93,6900,64.73
2006-05-18,72.20,72.27,71.59,71.59,20900,64.43
2006-05-17,73.20,73.20,71.78,72.04,21000,64.83
2006-05-16,73.55,73.63,73.24,73.35,13800,66.01
2006-05-15,73.10,73.46,72.93,73.23,22400,65.90
2006-05-12,74.15,74.21,73.23,73.23,20200,65.90
2006-05-11,75.40,75.40,74.13,74.21,13500,66.78
2006-05-10,75.08,75.10,74.87,74.96,7000,67.46
2006-05-09,75.03,75.18,74.84,75.09,18800,67.58
2006-05-08,75.01,75.08,74.77,74.92,9600,67.42
2006-05-05,74.95,75.19,74.66,75.18,5300,67.66
2006-05-04,74.50,74.66,74.26,74.34,15700,66.90
2006-05-03,74.50,74.70,74.06,74.42,10100,66.97
2006-05-02,74.40,74.66,74.29,74.66,25300,67.19
2006-05-01,74.50,74.69,73.90,73.93,18600,66.53
2006-04-28,73.90,74.41,73.90,74.27,24900,66.84
2006-04-27,72.70,73.82,72.64,73.68,44700,66.31
2006-04-26,73.08,73.55,73.08,73.18,10200,65.86
2006-04-25,73.70,73.74,72.89,72.89,5600,65.60
2006-04-24,73.55,73.57,73.22,73.57,3300,66.21
2006-04-21,73.70,73.75,73.36,73.67,9000,66.30
2006-04-20,73.35,73.78,73.20,73.44,8300,66.09
2006-04-19,73.30,73.33,73.03,73.31,43400,65.97
2006-04-18,72.10,73.27,72.10,73.25,10100,65.92
2006-04-17,72.10,72.14,71.64,71.87,10900,64.68
2006-04-13,71.65,71.93,71.50,71.77,17800,64.59
2006-04-12,71.80,71.89,71.65,71.70,10200,64.52
2006-04-11,72.50,72.61,71.53,71.66,15500,64.49
2006-04-10,72.23,72.62,72.13,72.30,7400,65.06
2006-04-07,73.10,73.11,72.03,72.03,16900,64.82
2006-04-06,73.02,73.08,72.69,72.87,10800,65.58
2006-04-05,72.95,73.26,72.87,73.22,6900,65.89
2006-04-04,72.20,72.90,72.20,72.78,2700,65.50
2006-04-03,72.40,72.75,72.16,72.16,18400,64.94
2006-03-31,72.30,72.30,71.90,72.05,7600,64.84
2006-03-30,72.65,72.79,72.20,72.30,9200,65.06
2006-03-29,72.40,72.72,72.24,72.65,7900,65.38
2006-03-28,72.85,72.97,72.19,72.19,10700,64.97
2006-03-27,72.60,72.85,72.58,72.72,4000,65.44
2006-03-24,73.20,73.41,73.11,73.26,3700,65.53
2006-03-23,73.30,73.30,73.00,73.10,16300,65.38
2006-03-22,72.85,73.22,72.69,73.22,4500,65.49
2006-03-21,73.10,73.21,72.50,72.50,11800,64.85
2006-03-20,73.20,73.28,72.92,73.07,13000,65.36
2006-03-17,73.30,73.41,73.20,73.31,4600,65.57
2006-03-16,73.07,73.45,73.07,73.35,10700,65.61
2006-03-15,72.84,73.10,72.59,72.96,11900,65.26
2006-03-14,72.15,72.87,72.15,72.84,7400,65.15
2006-03-13,72.00,72.20,71.92,72.08,22200,64.47
2006-03-10,71.53,71.82,71.51,71.82,7100,64.24
2006-03-09,71.80,71.95,71.36,71.44,8100,63.90
2006-03-08,71.40,71.72,71.22,71.61,5400,64.05
2006-03-07,71.46,71.49,71.16,71.49,4900,63.94
2006-03-06,72.30,72.30,71.40,71.46,12200,63.92
2006-03-03,72.20,72.64,71.95,72.11,13500,64.50
2006-03-02,72.41,72.41,71.83,72.31,15200,64.68
2006-03-01,72.08,72.41,71.91,72.41,13000,64.77
2006-02-28,72.49,72.49,71.65,71.85,8600,64.26
2006-02-27,72.54,72.68,72.49,72.49,3400,64.84
2006-02-24,72.30,72.51,72.30,72.39,4100,64.75
2006-02-23,72.20,72.51,72.16,72.27,58500,64.64
2006-02-22,72.05,72.45,72.05,72.43,4600,64.78
2006-02-21,72.30,72.33,71.80,71.93,10100,64.34
2006-02-17,71.85,72.04,71.73,71.98,3800,64.38
2006-02-16,71.10,71.74,71.10,71.74,5200,64.17
2006-02-15,71.10,71.28,70.89,71.08,6200,63.58
2006-02-14,70.20,70.98,70.20,70.95,3800,63.46
2006-02-13,70.27,70.49,70.05,70.32,3100,62.90
2006-02-10,70.50,70.51,69.68,70.47,44000,63.03
2006-02-09,70.45,70.93,70.44,70.49,5600,63.05
2006-02-08,70.20,70.42,69.83,70.42,4700,62.99
2006-02-07,70.35,70.37,69.82,69.91,7200,62.53
2006-02-06,70.45,70.67,70.42,70.54,4900,63.09
2006-02-03,70.65,70.65,70.11,70.27,31600,62.85
2006-02-02,71.35,71.38,70.57,70.75,7100,63.28
2006-02-01,71.30,71.47,71.24,71.35,23200,63.82
2006-01-31,71.55,71.71,71.36,71.40,17100,63.86
2006-01-30,71.90,71.90,71.52,71.61,3500,64.05
2006-01-27,71.06,71.58,70.96,71.46,11100,63.92
2006-01-26,70.50,71.07,70.50,70.92,30400,63.43
2006-01-25,70.60,70.64,70.07,70.31,11100,62.89
2006-01-24,70.50,70.71,70.35,70.35,10200,62.92
2006-01-23,70.20,70.53,70.20,70.32,22500,62.90
2006-01-20,71.00,71.00,70.13,70.18,18600,62.77
2006-01-19,71.15,71.29,70.87,71.17,28800,63.66
2006-01-18,71.00,71.13,70.48,70.75,8700,63.28
2006-01-17,71.20,71.27,70.93,71.27,23700,63.75
2006-01-13,71.15,71.32,71.02,71.28,22700,63.76
2006-01-12,71.34,71.39,70.94,70.96,21000,63.47
2006-01-11,71.20,71.38,70.99,71.35,15800,63.82
2006-01-10,70.95,71.04,70.72,71.00,5800,63.50
2006-01-09,70.96,71.10,70.79,71.10,28200,63.59
2006-01-06,70.75,70.93,70.37,70.80,20200,63.33
2006-01-05,70.10,70.35,70.00,70.13,48400,62.73
2006-01-04,69.85,70.27,69.85,70.19,11700,62.78
2006-01-03,69.00,69.95,68.86,69.81,10700,62.44
2005-12-30,68.65,68.72,68.38,68.56,10100,61.32
2005-12-29,68.90,69.19,68.82,68.82,24600,61.55
2005-12-28,69.10,69.21,68.98,69.00,13900,61.72
2005-12-27,69.70,69.75,68.88,68.94,16700,61.66
2005-12-23,69.60,69.70,69.45,69.66,7100,62.31
2005-12-22,70.10,70.10,69.93,70.01,15800,62.21
2005-12-21,70.20,70.30,69.71,69.81,14800,62.04
2005-12-20,70.05,70.10,69.73,69.73,12800,61.97
2005-12-19,70.35,70.41,69.81,69.82,10400,62.05
2005-12-16,70.40,70.40,69.91,69.91,62500,62.13
2005-12-15,70.25,70.45,70.08,70.15,21500,62.34
2005-12-14,70.00,70.35,69.99,70.25,14600,62.43
2005-12-13,69.55,70.23,69.46,69.92,14200,62.13
2005-12-12,69.75,69.75,69.08,69.46,19700,61.73
2005-12-09,69.45,69.72,69.34,69.62,9400,61.87
2005-12-08,69.35,69.73,69.22,69.32,16600,61.60
2005-12-07,69.95,69.95,69.06,69.34,8900,61.62
2005-12-06,70.15,70.45,69.82,69.82,6200,62.05
2005-12-05,69.65,69.94,69.59,69.77,76200,62.00
2005-12-02,69.80,69.89,69.59,69.86,13400,62.08
2005-12-01,69.60,69.83,69.60,69.79,9900,62.02
2005-11-30,69.61,69.88,69.05,69.05,8000,61.36
2005-11-29,70.05,70.05,69.68,69.71,7100,61.95
2005-11-28,70.20,70.20,69.62,69.62,7100,61.87
2005-11-25,70.29,70.31,70.25,70.25,1700,62.43
2005-11-23,69.58,70.47,69.58,70.18,17200,62.37
2005-11-22,69.25,69.80,69.09,69.80,9100,62.03
2005-11-21,69.00,69.11,68.89,69.03,4700,61.34
2005-11-18,68.75,68.89,68.24,68.89,12900,61.22
2005-11-17,68.15,68.45,67.95,68.45,11800,60.83
2005-11-16,67.96,67.97,67.65,67.85,6400,60.30
2005-11-15,68.20,68.42,67.64,67.64,34700,60.11
2005-11-14,68.30,68.30,68.06,68.20,11100,60.61
2005-11-11,68.00,68.21,67.96,68.17,8300,60.58
2005-11-10,67.48,68.03,67.13,68.01,4100,60.44
2005-11-09,67.61,68.07,67.61,67.68,6100,60.14
2005-11-08,67.32,67.71,67.28,67.60,19300,60.07
2005-11-07,67.75,67.75,67.29,67.33,9300,59.83
2005-11-04,67.95,67.95,67.33,67.41,11700,59.90
2005-11-03,67.90,67.97,67.50,67.70,11500,60.16
2005-11-02,67.00,67.46,66.95,67.46,21900,59.95
2005-11-01,67.15,67.16,66.82,66.96,7500,59.50
2005-10-31,67.25,67.31,67.00,67.06,13300,59.59
2005-10-28,66.10,66.64,65.57,66.64,12300,59.22
2005-10-27,66.35,66.35,65.72,65.72,7100,58.40
2005-10-26,66.30,66.79,66.20,66.21,18100,58.84
2005-10-25,66.15,66.56,65.92,66.25,27600,58.87
2005-10-24,65.38,66.15,65.38,66.15,7800,58.78
2005-10-21,65.07,65.30,64.88,64.91,7700,57.68
2005-10-20,65.75,65.87,64.62,64.66,16900,57.46
2005-10-19,64.89,65.64,64.47,65.58,3300,58.28
2005-10-18,65.99,65.99,64.85,64.86,2600,57.64
2005-10-17,65.80,66.09,65.78,65.99,6100,58.64
2005-10-14,65.25,65.55,64.84,65.55,8400,58.25
2005-10-13,64.83,65.08,64.45,65.03,3900,57.79
2005-10-12,65.88,65.98,65.34,65.34,1600,58.06
2005-10-11,66.15,66.16,65.83,65.83,5100,58.50
2005-10-10,66.39,66.39,65.69,65.76,3500,58.44
2005-10-07,66.24,66.62,66.24,66.36,2600,58.97
2005-10-06,66.50,66.50,65.48,65.99,4000,58.64
2005-10-05,67.30,67.30,66.43,66.43,16100,59.03
2005-10-04,68.55,68.55,67.46,67.46,3000,59.95
2005-10-03,68.73,68.76,68.34,68.41,47700,60.79
2005-09-30,68.75,68.75,68.44,68.50,4800,60.87
2005-09-29,68.24,68.76,67.97,68.76,7500,61.10
2005-09-28,68.45,68.47,68.12,68.25,4500,60.65
2005-09-27,68.38,68.38,67.92,68.25,5700,60.65
2005-09-26,68.53,68.53,68.03,68.18,5300,60.59
2005-09-23,68.36,68.54,68.34,68.43,1900,60.42
2005-09-22,68.70,68.70,68.10,68.49,4200,60.48
2005-09-21,69.10,69.10,68.50,68.50,4200,60.49
2005-09-20,69.40,69.77,68.90,69.01,8600,60.94
2005-09-19,69.60,69.68,69.43,69.48,3000,61.35
2005-09-16,69.05,69.58,69.03,69.57,19200,61.43
2005-09-15,68.87,68.87,68.54,68.58,1100,60.56
2005-09-14,68.87,68.93,68.53,68.62,4400,60.59
2005-09-13,69.05,69.05,68.47,68.47,5000,60.46
2005-09-12,69.45,69.45,68.99,69.00,3500,60.93
2005-09-09,69.10,69.38,69.10,69.26,16700,61.16
2005-09-08,68.72,68.77,68.58,68.61,3100,60.58
2005-09-07,68.50,68.81,68.50,68.71,4700,60.67
2005-09-06,68.35,68.66,68.28,68.66,4800,60.63
2005-09-02,68.20,68.34,68.11,68.11,39300,60.14
2005-09-01,68.10,68.58,68.10,68.35,10500,60.35
2005-08-31,67.27,67.79,67.20,67.79,3200,59.86
2005-08-30,66.94,66.99,66.69,66.99,4900,59.15
2005-08-29,66.71,67.15,66.68,66.98,8200,59.14
2005-08-26,67.23,67.23,66.72,66.76,8600,58.95
2005-08-25,67.20,67.27,67.11,67.19,2000,59.33
2005-08-24,67.50,67.76,67.16,67.16,5600,59.30
2005-08-23,67.80,67.80,67.43,67.53,3200,59.63
2005-08-22,67.65,67.90,67.50,67.69,122900,59.77
2005-08-19,67.50,67.69,67.50,67.61,3600,59.70
2005-08-18,67.05,67.41,67.05,67.41,2300,59.52
2005-08-17,67.65,67.65,67.42,67.42,12600,59.53
2005-08-16,68.00,68.12,67.57,67.57,9500,59.66
2005-08-15,67.85,68.21,67.77,68.11,4500,60.14
2005-08-12,68.00,68.25,67.85,67.96,2200,60.01
2005-08-11,68.00,68.30,67.74,68.20,5100,60.22
2005-08-10,68.10,68.40,67.59,67.67,3300,59.75
2005-08-09,67.72,67.80,67.68,67.68,1500,59.76
2005-08-08,67.70,67.70,67.38,67.38,4400,59.50
2005-08-05,67.83,67.83,67.35,67.50,3200,59.60
2005-08-04,68.50,68.50,68.15,68.19,6100,60.21
2005-08-03,68.20,68.64,68.20,68.40,6200,60.40
2005-08-02,68.22,68.44,68.22,68.41,3400,60.41
2005-08-01,68.00,68.10,68.00,68.00,3500,60.04
2005-07-29,68.55,68.55,67.97,67.97,10200,60.02
2005-07-28,68.44,68.63,68.18,68.52,4200,60.50
2005-07-27,67.92,68.21,67.82,68.21,2100,60.23
2005-07-26,68.22,68.22,67.84,67.98,7700,60.03
2005-07-25,68.10,68.42,67.98,67.98,4000,60.03
2005-07-22,67.60,67.89,67.49,67.89,4400,59.95
2005-07-21,67.83,67.86,67.35,67.44,11900,59.55
2005-07-20,67.70,68.06,67.42,68.06,9300,60.10
2005-07-19,67.85,67.95,67.52,67.79,37600,59.86
2005-07-18,67.75,67.84,67.56,67.56,9500,59.66
2005-07-15,68.08,68.13,67.90,68.10,8600,60.13
2005-07-14,68.35,68.58,67.92,68.13,7800,60.16
2005-07-13,68.20,68.23,67.92,68.17,11000,60.19
2005-07-12,67.90,68.18,67.72,68.13,8000,60.16
2005-07-11,67.51,67.78,67.51,67.77,6900,59.84
2005-07-08,67.14,67.58,67.14,67.45,7700,59.56
2005-07-07,66.21,67.04,66.21,67.04,9400,59.20
2005-07-06,67.62,67.73,66.90,66.90,6100,59.07
2005-07-05,66.87,67.60,66.86,67.59,4600,59.68
2005-07-01,66.89,66.92,66.78,66.85,4700,59.03
2005-06-30,67.12,67.17,66.46,66.46,7900,58.68
2005-06-29,67.09,67.18,67.02,67.05,3800,59.21
2005-06-28,67.00,67.18,66.82,67.07,6900,59.22
2005-06-27,66.70,66.88,66.70,66.83,6400,59.01
2005-06-24,67.05,67.09,66.58,66.58,7000,58.79
2005-06-23,67.67,67.71,67.21,67.22,4600,59.36
2005-06-22,67.90,67.90,67.57,67.70,5600,59.78
2005-06-21,67.85,67.85,67.64,67.68,4900,59.76
2005-06-20,68.21,68.39,68.04,68.38,8500,60.00
2005-06-17,68.22,68.25,67.97,68.23,32000,59.86
2005-06-16,67.45,67.72,67.45,67.71,900,59.41
2005-06-15,67.30,67.39,66.95,67.39,6600,59.13
2005-06-14,66.97,67.21,66.93,67.11,9700,58.88
2005-06-13,66.80,67.18,66.75,66.79,5500,58.60
2005-06-10,66.92,67.00,66.57,66.65,3200,58.48
2005-06-09,66.42,66.78,66.38,66.77,3600,58.58
2005-06-08,66.54,66.70,66.30,66.35,3800,58.21
2005-06-07,66.62,66.99,66.43,66.43,19000,58.28
2005-06-06,66.30,66.39,66.08,66.33,1700,58.20
2005-06-03,66.65,66.66,66.15,66.42,19200,58.28
2005-06-02,66.28,66.61,66.25,66.52,4900,58.36
2005-06-01,65.95,66.81,65.95,66.57,17200,58.41
2005-05-31,66.35,66.35,65.98,66.25,8700,58.13
2005-05-27,66.14,66.37,66.12,66.37,5400,58.23
2005-05-26,66.15,66.23,65.99,66.14,7400,58.03
2005-05-25,65.75,65.94,65.70,65.89,4700,57.81
2005-05-24,65.93,66.01,65.69,66.01,4500,57.92
2005-05-23,65.82,66.09,65.75,66.09,7900,57.99
2005-05-20,65.75,65.75,65.58,65.69,2400,57.64
2005-05-19,65.63,65.89,65.56,65.89,5900,57.81
2005-05-18,65.20,65.57,65.20,65.45,9600,57.43
2005-05-17,64.25,64.79,64.10,64.79,9500,56.85
2005-05-16,63.72,64.29,63.72,64.29,6400,56.41
2005-05-13,64.50,64.50,63.43,63.72,6300,55.91
2005-05-12,65.50,65.50,64.35,64.52,8100,56.61
2005-05-11,65.30,65.45,64.86,65.40,8800,57.38
2005-05-10,65.85,65.85,65.00,65.07,16300,57.09
2005-05-09,65.60,65.99,65.51,65.99,5500,57.90
2005-05-06,66.15,66.19,65.61,65.61,11200,57.57
2005-05-05,65.90,66.15,65.50,65.96,4700,57.87
2005-05-04,65.15,65.99,65.15,65.99,8100,57.90
2005-05-03,65.30,65.43,64.88,64.88,42400,56.93
2005-05-02,65.30,65.30,64.87,65.27,20100,57.27
2005-04-29,64.29,65.15,63.95,65.15,10500,57.16
2005-04-28,64.46,64.63,64.34,64.38,2000,56.49
2005-04-27,64.42,65.08,64.42,65.04,2400,57.07
2005-04-26,65.16,65.30,64.75,64.81,6700,56.86
2005-04-25,65.20,65.44,65.13,65.25,6300,57.25
2005-04-22,64.75,65.11,64.50,64.72,3300,56.78
2005-04-21,64.36,64.75,63.99,64.75,10100,56.81
2005-04-20,64.45,64.76,63.73,63.80,8900,55.98
2005-04-19,64.35,64.79,64.35,64.66,7000,56.73
2005-04-18,63.85,64.21,63.55,64.14,8900,56.28
2005-04-15,64.98,64.98,63.80,63.80,6300,55.98
2005-04-14,65.43,65.43,64.90,65.19,4400,57.20
2005-04-13,66.33,66.33,65.49,65.54,9200,57.50
2005-04-12,65.80,66.40,65.50,66.35,6600,58.21
2005-04-11,66.10,66.17,65.85,65.97,5300,57.88
2005-04-08,66.51,66.54,65.88,65.99,5700,57.90
2005-04-07,66.50,66.64,66.29,66.49,8000,58.34
2005-04-06,66.10,66.44,66.04,66.24,6000,58.12
2005-04-05,65.89,65.99,65.71,65.75,8200,57.69
2005-04-04,65.55,65.70,65.35,65.59,5900,57.55
2005-04-01,66.28,66.41,65.28,65.60,18300,57.56
2005-03-31,65.88,65.89,65.63,65.89,4100,57.81
2005-03-30,64.75,65.52,64.75,65.52,7400,57.49
2005-03-29,64.85,65.37,64.58,64.58,6100,56.66
2005-03-28,65.00,65.35,65.00,65.18,15900,57.19
2005-03-24,65.85,65.85,65.31,65.31,5800,56.99
2005-03-23,65.50,65.64,65.25,65.48,4800,57.14
2005-03-22,66.59,66.81,65.72,65.72,14600,57.35
2005-03-21,66.38,66.64,66.16,66.63,8400,58.14
2005-03-18,66.90,66.97,66.45,66.97,4200,58.44
2005-03-17,66.85,66.91,66.56,66.82,8200,58.31
2005-03-16,66.72,66.87,66.48,66.61,10600,58.12
2005-03-15,67.88,67.95,67.28,67.29,16600,58.72
2005-03-14,67.43,67.64,67.30,67.64,54600,59.02
2005-03-11,67.40,67.79,67.09,67.14,12300,58.59
2005-03-10,67.65,67.65,67.10,67.46,5300,58.86
2005-03-09,68.30,68.38,67.44,67.44,13100,58.85
2005-03-08,68.62,68.64,68.37,68.58,15000,59.84
2005-03-07,68.72,68.78,68.56,68.68,17300,59.93
2005-03-04,68.25,68.91,68.25,68.69,6100,59.94
2005-03-03,68.25,68.25,67.66,68.04,10700,59.37
2005-03-02,67.80,68.25,67.80,67.96,8900,59.30
2005-03-01,67.90,68.00,67.87,68.00,9300,59.34
2005-02-28,68.00,68.06,67.44,67.92,12800,59.27
2005-02-25,67.20,68.18,67.20,68.11,4000,59.43
2005-02-24,66.60,67.14,66.49,67.14,3500,58.59
2005-02-23,66.15,66.59,66.09,66.51,4800,58.04
2005-02-22,66.70,67.00,65.92,65.92,7400,57.52
2005-02-18,66.73,66.93,66.64,66.93,2000,58.40
2005-02-17,67.21,67.26,66.71,66.71,6300,58.21
2005-02-16,66.92,67.38,66.92,67.31,5400,58.73
2005-02-15,67.10,67.16,66.93,67.12,13000,58.57
2005-02-14,66.90,67.04,66.90,67.04,2900,58.50
2005-02-11,66.77,67.01,66.77,66.90,8100,58.38
2005-02-10,66.45,66.58,66.33,66.54,10300,58.06
2005-02-09,66.60,66.60,66.26,66.27,7400,57.83
2005-02-08,66.66,66.66,66.45,66.57,4200,58.09
2005-02-07,66.60,66.60,66.36,66.56,8300,58.08
2005-02-04,65.90,66.47,65.90,66.47,8500,58.00
2005-02-03,65.80,65.83,65.64,65.83,15700,57.44
2005-02-02,65.54,65.81,65.52,65.80,16100,57.42
2005-02-01,65.03,65.57,64.99,65.55,15500,57.20
2005-01-31,64.70,64.83,64.47,64.80,11000,56.54
2005-01-28,64.42,64.42,63.93,64.15,12900,55.98
2005-01-27,64.26,64.39,64.24,64.24,2000,56.05
2005-01-26,64.45,64.53,64.19,64.50,8800,56.28
2005-01-25,64.40,64.40,64.18,64.18,3400,56.00
2005-01-24,64.25,64.54,64.14,64.17,17000,55.99
2005-01-21,64.75,64.75,64.00,64.10,9300,55.93
2005-01-20,64.53,64.53,64.21,64.23,3200,56.05
2005-01-19,65.22,65.22,64.77,64.77,3700,56.52
2005-01-18,64.56,65.27,64.56,65.27,4900,56.95
2005-01-14,64.33,64.54,64.33,64.54,3700,56.32
2005-01-13,64.65,64.65,64.52,64.65,2000,56.41
2005-01-12,64.41,64.58,64.16,64.56,34000,56.33
2005-01-11,64.53,64.65,64.25,64.49,6400,56.27
2005-01-10,64.55,64.96,64.50,64.66,7400,56.42
2005-01-07,64.95,64.95,64.48,64.73,9200,56.48
2005-01-06,64.60,64.96,64.55,64.79,9500,56.53
2005-01-05,64.78,64.88,64.46,64.57,9400,56.34
2005-01-04,65.35,65.39,64.59,64.64,7100,56.40
2005-01-03,66.08,66.08,65.10,65.14,6800,56.84
2004-12-31,65.85,66.06,65.85,65.86,1800,57.47
2004-12-30,65.93,66.09,65.92,65.92,3300,57.52
2004-12-29,65.95,65.95,65.75,65.88,6400,57.49
2004-12-28,65.92,66.04,65.83,65.91,4200,57.51
2004-12-27,66.13,66.13,65.64,65.69,3400,57.32
2004-12-23,66.38,66.48,66.32,66.38,4500,57.54
2004-12-22,66.17,66.33,66.13,66.28,10600,57.45
2004-12-21,65.43,66.05,65.43,66.05,2500,57.25
2004-12-20,65.35,65.71,65.35,65.43,7700,56.71
2004-12-17,65.26,65.26,65.02,65.19,5800,56.50
2004-12-16,65.50,65.55,65.14,65.46,8900,56.74
2004-12-15,65.52,65.69,65.33,65.69,1900,56.94
2004-12-14,65.15,65.38,65.10,65.38,3000,56.67
2004-12-13,64.80,65.14,64.64,65.14,10600,56.46
2004-12-10,64.40,64.56,64.29,64.37,23100,55.79
2004-12-09,63.91,64.43,63.83,64.33,4000,55.76
2004-12-08,64.13,64.24,63.97,64.24,2100,55.68
2004-12-07,64.80,64.80,64.11,64.11,5700,55.57
2004-12-06,64.65,64.81,64.47,64.74,10500,56.11
2004-12-03,64.30,64.76,64.30,64.57,8500,55.97
2004-12-02,64.75,64.81,64.51,64.67,5800,56.05
2004-12-01,64.54,64.84,64.54,64.84,1300,56.20
2004-11-30,64.24,64.37,63.99,64.18,6800,55.63
2004-11-29,64.52,64.62,63.96,64.36,8300,55.78
2004-11-26,64.83,64.83,64.60,64.60,6800,55.99
2004-11-24,64.50,64.50,64.28,64.42,7300,55.84
2004-11-23,64.26,64.33,63.99,64.17,5200,55.62
2004-11-22,63.75,64.29,63.75,64.21,4600,55.65
2004-11-19,63.88,63.90,63.76,63.89,4400,55.38
2004-11-18,64.47,64.47,64.25,64.31,5300,55.74
2004-11-17,64.50,64.68,64.26,64.26,4900,55.70
2004-11-16,64.15,64.18,63.94,63.95,3000,55.43
2004-11-15,64.53,64.53,64.16,64.32,6500,55.75
2004-11-12,64.05,64.62,64.05,64.62,5400,56.01
2004-11-11,63.70,64.15,63.70,64.13,9300,55.59
2004-11-10,63.50,63.83,63.50,63.60,2900,55.13
2004-11-09,63.80,63.83,63.54,63.54,6700,55.07
2004-11-08,63.80,63.80,63.57,63.65,6200,55.17
2004-11-05,63.75,63.84,63.47,63.74,12900,55.25
2004-11-04,62.40,63.64,62.34,63.64,6100,55.16
2004-11-03,62.68,62.68,62.25,62.33,12700,54.02
2004-11-02,61.95,62.23,61.50,61.68,8300,53.46
2004-11-01,61.80,61.98,61.71,61.80,5200,53.57
2004-10-29,61.62,61.79,61.62,61.79,7500,53.56
2004-10-28,61.45,61.65,61.21,61.53,4100,53.33
2004-10-27,60.80,61.44,60.80,61.44,3600,53.25
2004-10-26,60.35,60.86,60.25,60.81,3500,52.71
2004-10-25,60.01,60.15,59.92,60.15,11300,52.14
2004-10-22,60.60,60.64,60.25,60.26,3900,52.23
2004-10-21,60.53,60.72,60.15,60.55,4900,52.48
2004-10-20,60.55,60.55,60.04,60.47,6300,52.41
2004-10-19,61.24,61.24,60.55,60.55,1200,52.48
2004-10-18,60.87,61.34,60.87,61.10,1900,52.96
2004-10-15,61.00,61.35,60.97,61.22,4500,53.06
2004-10-14,61.45,61.45,60.67,60.75,5300,52.66
2004-10-13,62.00,62.00,61.05,61.31,103700,53.14
2004-10-12,61.85,61.85,61.70,61.70,1900,53.48
2004-10-11,61.95,62.13,61.95,62.11,1400,53.83
2004-10-08,62.15,62.32,61.85,61.86,8900,53.62
2004-10-07,62.38,62.38,62.07,62.20,3700,53.91
2004-10-06,62.28,62.31,62.28,62.29,1200,53.99
2004-10-05,62.15,62.16,62.00,62.03,9900,53.76
2004-10-04,62.05,62.22,62.05,62.10,5500,53.83
2004-10-01,61.72,61.85,61.72,61.81,1900,53.57
2004-09-30,60.95,60.99,60.73,60.94,5100,52.82
2004-09-29,61.30,61.40,61.10,61.40,8900,53.22
2004-09-28,61.10,61.52,61.08,61.47,7300,53.28
2004-09-27,60.97,61.10,60.97,61.00,5300,52.87
2004-09-24,61.50,61.67,61.50,61.57,2600,53.01
2004-09-23,61.70,61.72,61.40,61.53,5900,52.97
2004-09-22,62.25,62.25,62.00,62.07,7400,53.44
2004-09-21,62.47,62.91,62.44,62.91,2700,54.16
2004-09-20,62.65,62.65,62.29,62.31,12100,53.64
2004-09-17,62.80,62.88,62.70,62.79,4300,54.06
2004-09-16,62.48,62.60,62.48,62.52,2300,53.82
2004-09-15,62.30,62.42,62.25,62.25,4900,53.59
2004-09-14,62.55,62.64,62.50,62.63,6300,53.92
2004-09-13,62.55,62.57,62.41,62.48,9200,53.79
2004-09-10,62.27,62.58,62.20,62.53,18000,53.83
2004-09-09,62.35,62.44,62.13,62.39,10100,53.71
2004-09-08,62.51,62.51,62.25,62.31,31100,53.64
2004-09-07,62.30,62.63,62.30,62.52,10500,53.82
2004-09-03,62.06,62.21,61.90,62.13,23000,53.49
2004-09-02,61.54,62.08,61.45,62.08,1600,53.44
2004-09-01,61.59,61.59,61.20,61.33,4300,52.80
2004-08-31,61.12,61.23,60.91,61.23,4200,52.71
2004-08-30,61.20,61.20,60.96,60.96,800,52.48
2004-08-27,61.04,61.25,61.04,61.21,15300,52.70
2004-08-26,60.96,61.04,60.96,61.04,1700,52.55
2004-08-25,60.65,60.97,60.57,60.97,5500,52.49
2004-08-24,60.55,60.58,60.50,60.58,8000,52.15
2004-08-23,60.75,60.75,60.48,60.55,4400,52.13
2004-08-20,60.32,60.78,60.32,60.75,8900,52.30
2004-08-19,60.34,60.34,60.11,60.11,1700,51.75
2004-08-18,59.90,60.40,59.90,60.40,1700,52.00
2004-08-17,59.95,59.95,59.76,59.83,8700,51.51
2004-08-16,59.10,59.84,59.10,59.84,4300,51.52
2004-08-13,59.00,59.15,58.93,58.97,1200,50.77
2004-08-12,59.20,59.20,59.10,59.10,600,50.88
2004-08-11,59.42,59.60,59.36,59.60,6700,51.31
2004-08-10,59.10,59.43,59.03,59.40,4800,51.14
2004-08-09,58.92,59.17,58.88,59.09,3400,50.87
2004-08-06,59.20,59.32,58.96,58.96,3000,50.76
2004-08-05,60.08,60.10,59.46,59.48,4700,51.21
2004-08-04,60.06,60.39,60.00,60.21,3000,51.83
2004-08-03,60.47,60.48,60.32,60.32,1800,51.93
2004-08-02,59.90,60.46,59.89,60.46,1200,52.05
2004-07-30,60.10,60.10,59.88,59.88,2100,51.55
2004-07-29,60.06,60.26,59.99,60.13,12500,51.77
2004-07-28,59.58,59.82,59.19,59.82,8800,51.50
2004-07-27,59.33,59.57,59.27,59.56,6500,51.28
2004-07-26,59.18,59.18,58.84,59.10,5300,50.88
2004-07-23,59.20,59.20,58.90,59.00,2900,50.79
2004-07-22,58.95,59.25,58.65,59.12,25300,50.90
2004-07-21,59.86,60.03,59.11,59.11,8400,50.89
2004-07-20,59.21,59.68,59.21,59.62,6300,51.33
2004-07-19,59.36,59.54,59.32,59.32,1600,51.07
2004-07-16,59.46,59.52,59.27,59.28,3700,51.03
2004-07-15,59.50,59.56,59.24,59.24,4100,51.00
2004-07-14,59.72,59.90,59.53,59.53,900,51.25
2004-07-13,59.50,59.70,59.50,59.70,4700,51.40