2011-05-10,88.37,89.13,88.37,89.13,5200,89.13
2011-05-09,87.16,87.98,87.11,87.84,7400,87.84
2011-05-06,87.80,88.35,87.00,87.33,6500,87.33
2011-05-05,86.67,87.90,86.58,87.03,4300,87.03
2011-05-04,88.05,88.05,86.65,87.41,12000,87.41
2011-05-03,88.76,88.97,87.47,88.14,4600,88.14
2011-05-02,89.84,89.84,88.78,88.87,7700,88.87
2011-04-29,89.25,89.59,89.07,89.50,7000,89.50
2011-04-28,88.90,89.32,88.89,89.32,4500,89.32
2011-04-27,88.57,89.02,88.28,88.96,8100,88.96
2011-04-26,88.13,88.83,88.13,88.55,5900,88.55
2011-04-25,87.42,87.61,87.26,87.58,6900,87.58
2011-04-21,87.58,87.58,87.13,87.56,1800,87.56
2011-04-20,86.96,87.20,86.69,87.00,9900,87.00
2011-04-19,85.78,85.78,85.17,85.59,9100,85.59
2011-04-18,85.47,85.55,84.89,85.37,7500,85.37
2011-04-15,86.03,86.68,85.72,86.59,9200,86.59
2011-04-14,85.09,85.86,84.94,85.81,8900,85.81
2011-04-13,86.22,86.22,85.16,85.16,2700,85.16
2011-04-12,86.45,86.70,85.76,85.87,12800,85.87
2011-04-11,87.73,87.77,86.41,86.63,47400,86.63
2011-04-08,88.50,88.61,87.26,87.26,6500,87.26
2011-04-07,89.01,89.30,88.40,88.68,4300,88.68
2011-04-06,89.17,89.32,88.73,88.75,1800,88.75
2011-04-05,88.30,89.25,88.23,88.73,3400,88.73
2011-04-04,88.50,88.67,88.16,88.33,3400,88.33
2011-04-01,88.26,88.68,88.00,88.28,11700,88.28
2011-03-31,87.65,87.86,87.43,87.78,5400,87.78
2011-03-30,87.05,87.81,87.05,87.80,5300,87.80
2011-03-29,86.09,86.80,86.09,86.73,13600,86.73
2011-03-28,86.79,86.79,86.00,86.00,9500,86.00
2011-03-25,85.85,87.17,85.85,86.70,8200,86.70
2011-03-24,85.26,86.07,85.20,85.89,11100,85.56
2011-03-23,85.11,85.58,84.64,85.58,2200,85.26
2011-03-22,85.82,86.25,85.45,85.55,32400,85.23
2011-03-21,85.10,85.97,85.10,85.97,23400,85.64
2011-03-18,84.26,84.47,84.10,84.16,4300,83.84
2011-03-17,84.19,84.19,83.23,83.33,4400,83.01
2011-03-16,83.75,84.14,82.71,82.97,15800,82.66
2011-03-15,82.70,84.69,82.33,84.02,12900,83.70
2011-03-14,84.23,85.12,84.10,84.77,4600,84.45
2011-03-11,84.42,85.56,84.39,85.56,9000,85.24
2011-03-10,86.01,86.01,84.91,84.91,6100,84.59
2011-03-09,86.99,87.20,86.99,87.15,1200,86.82
2011-03-08,85.57,87.51,85.57,87.42,6000,87.09
2011-03-07,87.28,87.28,85.36,85.82,6200,85.49
2011-03-04,87.49,87.49,86.15,86.47,4600,86.14
2011-03-03,86.53,87.62,86.53,87.43,23000,87.10
2011-03-02,85.42,85.97,85.40,85.75,6600,85.42
2011-03-01,87.53,87.56,85.40,85.82,9000,85.49
2011-02-28,87.41,87.47,86.70,87.09,11500,86.76
2011-02-25,85.64,86.67,85.62,86.67,25700,86.34
2011-02-24,84.83,85.47,84.45,85.37,8600,85.05
2011-02-23,86.35,86.55,84.61,85.06,9500,84.74
2011-02-22,87.97,88.13,86.34,86.40,36800,86.07
2011-02-18,88.55,88.97,88.45,88.58,11500,88.24
2011-02-17,87.88,88.85,87.88,88.71,6600,88.37
2011-02-16,87.48,88.22,87.48,88.04,5500,87.71
2011-02-15,87.21,87.50,87.08,87.10,9200,86.77
2011-02-14,87.12,87.37,87.08,87.31,7700,86.98
2011-02-11,85.82,87.01,85.82,86.98,3000,86.65
2011-02-10,85.54,86.03,85.52,85.96,3900,85.63
2011-02-09,86.08,86.14,85.77,85.94,1800,85.61
2011-02-08,85.93,86.38,85.61,86.30,9900,85.97
2011-02-07,85.51,86.09,85.51,85.95,3300,85.62
2011-02-04,84.99,85.11,84.66,85.10,12200,84.78
2011-02-03,84.77,85.14,84.16,85.08,7500,84.76
2011-02-02,85.12,85.47,84.86,84.86,3100,84.54
2011-02-01,84.04,85.47,84.04,85.21,6400,84.89
2011-01-31,83.27,84.19,83.27,83.76,8700,83.44
2011-01-28,85.13,85.15,83.16,83.26,23100,82.94
2011-01-27,84.65,85.42,84.65,85.22,119600,84.90
2011-01-26,84.44,84.94,84.09,84.80,16100,84.48
2011-01-25,83.41,84.06,83.33,84.06,6000,83.74
2011-01-24,83.32,84.01,83.19,83.81,3800,83.49
2011-01-21,83.76,83.76,83.07,83.08,5800,82.76
2011-01-20,83.50,84.18,83.00,83.40,13600,83.08
2011-01-19,84.95,84.95,83.68,83.78,12300,83.46
2011-01-18,85.13,85.46,84.58,85.40,11200,85.08
2011-01-14,84.30,85.21,84.29,85.14,16400,84.82
2011-01-13,84.42,84.66,84.16,84.30,17200,83.98
2011-01-12,84.52,84.68,84.27,84.27,5100,83.95
2011-01-11,83.98,84.12,83.66,83.87,6600,83.55
2011-01-10,83.32,83.81,82.47,83.75,6100,83.43
2011-01-07,84.08,84.08,82.50,83.40,5200,83.08
2011-01-06,84.20,84.24,83.57,83.71,8500,83.39
2011-01-05,83.05,84.03,83.05,84.00,5700,83.68
2011-01-04,83.78,83.78,82.38,83.15,12800,82.83
2011-01-03,83.26,84.39,83.26,84.18,14600,83.86
2010-12-31,82.90,83.23,82.67,82.67,7100,82.36
2010-12-30,83.09,83.40,83.04,83.18,13700,82.86
2010-12-29,83.15,83.15,82.94,83.12,5700,82.80
2010-12-28,83.17,83.17,82.67,82.91,11200,82.60
2010-12-27,82.50,83.02,82.50,82.92,6300,82.61
2010-12-23,83.16,83.33,82.74,82.93,8500,82.62
2010-12-22,83.18,83.92,83.18,83.66,20800,82.76
2010-12-21,82.57,83.07,82.55,83.04,20200,82.15
2010-12-20,81.99,82.48,81.80,82.17,14100,81.29
2010-12-17,81.56,81.93,81.42,81.80,8000,80.92
2010-12-16,81.20,81.95,81.09,81.66,24900,80.78
2010-12-15,82.13,82.19,81.02,81.02,4800,80.15
2010-12-14,81.88,82.21,81.49,81.61,5600,80.73
2010-12-13,82.32,82.32,81.88,81.93,7200,81.05
2010-12-10,81.42,82.10,81.30,81.94,9700,81.06
2010-12-09,81.31,81.35,80.90,81.17,18300,80.30
2010-12-08,81.21,81.21,80.71,80.76,9600,79.89
2010-12-07,81.44,81.46,80.69,80.70,8500,79.83
2010-12-06,80.34,80.80,80.32,80.56,3800,79.69
2010-12-03,79.39,80.54,79.39,80.34,6200,79.48
2010-12-02,78.92,79.81,78.90,79.79,11500,78.93
2010-12-01,78.44,78.90,78.44,78.78,39200,77.93
2010-11-30,77.01,77.56,76.97,77.23,7600,76.40
2010-11-29,77.46,77.94,76.80,77.94,8000,77.10
2010-11-26,78.00,78.22,77.74,77.99,3400,77.15
2010-11-24,77.36,78.26,77.36,78.25,12500,77.41
2010-11-23,76.79,76.82,76.41,76.72,26900,75.90
2010-11-22,77.06,77.60,76.68,77.56,3800,76.73
2010-11-19,76.98,77.49,76.59,77.35,43400,76.52
2010-11-18,76.81,77.52,76.81,77.09,43200,76.26
2010-11-17,75.94,76.18,75.63,76.06,5500,75.24
2010-11-16,76.92,76.92,75.24,75.46,7400,74.65
2010-11-15,77.85,78.05,77.39,77.39,10200,76.56
2010-11-12,77.78,78.20,77.27,77.61,7100,76.78
2010-11-11,78.07,78.73,77.91,78.53,6100,77.69
2010-11-10,77.90,78.69,77.50,78.61,39300,77.76
2010-11-09,79.20,79.24,77.61,77.93,7800,77.09
2010-11-08,79.00,79.09,78.66,79.09,8700,78.24
2010-11-05,79.10,79.61,79.10,79.27,9400,78.42
2010-11-04,77.98,78.86,77.78,78.86,15100,78.01
2010-11-03,76.54,76.85,76.16,76.69,26700,75.87
2010-11-02,75.94,76.46,75.78,76.45,34500,75.63
2010-11-01,75.64,76.35,74.71,74.93,16200,74.12
2010-10-29,75.30,75.68,75.30,75.39,3000,74.58
2010-10-28,76.14,76.43,75.03,75.25,3700,74.44
2010-10-27,75.60,75.83,74.89,75.35,26200,74.54
2010-10-26,75.54,76.53,75.54,76.15,6300,75.33
2010-10-25,76.40,77.14,76.29,76.35,33200,75.53
2010-10-22,75.93,76.03,75.74,75.95,6300,75.13
2010-10-21,76.51,77.02,75.21,75.91,13300,75.09
2010-10-20,75.47,76.66,75.47,76.25,44600,75.43
2010-10-19,75.53,76.46,74.81,75.28,22400,74.47
2010-10-18,75.85,76.51,75.74,76.51,44600,75.69
2010-10-15,76.56,76.56,75.39,75.69,16100,74.88
2010-10-14,76.03,76.31,75.38,75.96,4000,75.14
2010-10-13,75.46,76.61,75.41,76.17,61700,75.35
2010-10-12,74.58,75.23,74.00,75.17,12700,74.36
2010-10-11,74.83,75.28,74.74,74.91,12100,74.10
2010-10-08,74.10,75.01,73.83,74.83,9500,74.03
2010-10-07,74.36,74.49,73.48,74.05,9600,73.25
2010-10-06,74.15,74.40,73.81,74.09,13500,73.29
2010-10-05,73.16,74.36,72.97,74.20,50800,73.40
2010-10-04,73.11,73.34,72.21,72.49,67900,71.71
2010-10-01,73.52,73.74,72.93,73.39,26600,72.60
2010-09-30,73.63,74.17,72.64,73.05,20500,72.26
2010-09-29,72.93,73.38,72.66,73.12,13700,72.33
2010-09-28,72.71,73.05,71.44,73.05,36000,72.26
2010-09-27,72.50,72.72,72.21,72.42,15800,71.64
2010-09-24,71.36,72.59,71.36,72.59,11800,71.81
2010-09-23,71.27,71.79,70.77,70.82,8500,69.65
2010-09-22,72.36,72.86,71.42,71.75,14500,70.57
2010-09-21,73.10,73.34,72.55,72.57,22900,71.37
2010-09-20,71.50,73.12,71.36,72.99,76600,71.79
2010-09-17,71.74,71.78,70.73,71.44,23200,70.26
2010-09-16,71.67,71.78,70.98,71.42,25400,70.24
2010-09-15,71.51,72.03,71.00,71.88,8700,70.69
2010-09-14,71.81,72.25,71.47,71.71,24600,70.53
2010-09-13,71.15,72.10,71.15,71.97,48100,70.78
2010-09-10,70.34,70.69,70.08,70.32,32800,69.16
2010-09-09,70.93,70.95,69.68,70.11,22100,68.95
2010-09-08,69.81,70.55,69.74,69.83,56300,68.68
2010-09-07,70.71,70.71,69.58,69.63,37500,68.48
2010-09-03,70.98,71.08,70.26,70.94,17900,69.77
2010-09-02,69.01,69.89,68.72,69.73,27300,68.58
2010-09-01,67.44,68.97,67.33,68.90,56000,67.76
2010-08-31,66.11,66.98,65.69,66.36,70500,65.27
2010-08-30,67.31,67.61,66.23,66.23,27500,65.14
2010-08-27,66.60,67.62,65.46,67.62,46600,66.50
2010-08-26,66.86,67.28,65.91,66.03,38400,64.94
2010-08-25,65.20,66.81,65.00,66.59,66800,65.49
2010-08-24,66.31,66.40,64.95,65.79,31300,64.71
2010-08-23,67.74,68.13,66.53,66.57,111800,65.47
2010-08-20,67.22,67.46,66.37,67.32,44300,66.21
2010-08-19,69.08,69.08,67.31,67.60,44400,66.49
2010-08-18,68.53,69.79,68.34,69.27,32800,68.13
2010-08-17,68.69,69.66,68.46,69.03,96800,67.89
2010-08-16,67.20,68.46,67.20,67.98,77500,66.86
2010-08-13,68.15,68.36,67.67,67.75,33100,66.63
2010-08-12,67.05,68.51,66.95,68.11,52400,66.99
2010-08-11,70.03,70.03,68.60,68.62,36600,67.49
2010-08-10,71.92,72.07,70.86,71.44,54300,70.26
2010-08-09,72.08,72.81,72.08,72.65,24300,71.45
2010-08-06,71.07,71.94,70.42,71.72,90300,70.54
2010-08-05,72.23,72.56,71.81,71.96,50800,70.77
2010-08-04,72.52,72.77,72.04,72.69,32000,71.49
2010-08-03,72.51,72.91,71.63,71.98,59100,70.79
2010-08-02,72.54,72.91,72.17,72.71,39900,71.51
2010-07-30,70.27,71.61,70.27,71.29,30400,70.11
2010-07-29,72.06,72.43,70.23,71.27,15900,70.09
2010-07-28,72.23,72.23,71.13,71.28,36300,70.10
2010-07-27,73.32,73.42,72.25,72.43,43200,71.24
2010-07-26,71.29,72.42,71.02,72.42,99700,71.23
2010-07-23,69.28,70.99,69.17,70.99,26100,69.82
2010-07-22,68.18,69.93,68.18,69.81,71400,68.66
2010-07-21,69.36,69.36,67.43,67.43,21900,66.32
2010-07-20,66.47,68.55,66.30,68.55,9600,67.42
2010-07-19,67.45,67.55,66.27,67.29,13100,66.18
2010-07-16,69.18,69.18,67.07,67.12,86300,66.01
2010-07-15,69.75,69.80,68.63,69.56,54300,68.41
2010-07-14,70.06,70.41,69.36,69.93,44100,68.78
2010-07-13,69.11,70.46,69.09,70.28,22200,69.12
2010-07-12,68.63,68.76,67.43,68.13,65900,67.01
2010-07-09,67.73,68.68,67.73,68.68,9300,67.55
2010-07-08,67.43,67.74,66.76,67.72,14000,66.60
2010-07-07,64.41,66.65,64.35,66.59,94000,65.49
2010-07-06,65.91,66.61,63.73,64.15,24300,63.09
2010-07-02,65.76,66.09,64.69,64.99,25300,63.92
2010-07-01,66.22,66.59,64.15,65.67,128200,64.59
2010-06-30,67.27,67.91,66.23,66.23,16800,65.14
2010-06-29,68.90,68.90,66.91,67.13,25200,66.02
2010-06-28,70.40,70.40,69.56,69.94,13400,68.79
2010-06-25,69.46,70.37,68.72,70.19,27600,69.03
2010-06-24,69.52,70.20,69.02,69.23,45200,68.09
2010-06-23,70.53,70.87,69.50,70.25,12800,69.09
2010-06-22,72.79,73.05,70.71,70.71,18400,69.54
2010-06-21,74.13,74.38,72.34,72.49,15000,71.29
2010-06-18,73.23,73.45,73.00,73.13,20200,71.92
2010-06-17,73.72,73.72,72.44,73.19,143600,71.98
2010-06-16,72.91,73.85,72.77,73.29,92200,72.08
2010-06-15,72.37,73.57,72.31,73.55,17600,72.34
2010-06-14,72.30,72.89,71.50,71.50,15300,70.32
2010-06-11,70.25,71.05,70.11,71.05,8500,69.88
2010-06-10,69.50,70.39,69.17,70.39,18300,69.23
2010-06-09,68.48,69.59,67.67,67.67,48000,66.55
2010-06-08,67.93,67.93,66.30,67.86,16100,66.74
2010-06-07,68.88,69.24,67.28,67.28,47600,66.17
2010-06-04,71.39,71.39,68.68,68.79,97100,67.66
2010-06-03,71.90,72.53,71.50,72.39,16600,71.20
2010-06-02,70.08,71.63,69.85,71.47,14000,70.29
2010-06-01,71.32,72.14,70.08,70.08,65800,68.92
2010-05-28,73.19,73.19,72.00,72.77,42300,71.57
2010-05-27,71.69,73.26,71.27,73.23,47000,72.02
2010-05-26,70.69,71.44,69.80,70.05,61100,68.89
2010-05-25,67.81,69.80,66.94,69.79,85400,68.64
2010-05-24,70.65,71.18,69.82,69.87,29900,68.72
2010-05-21,68.29,71.07,67.50,70.68,51700,69.51
2010-05-20,72.41,72.41,69.61,69.63,55200,68.48
2010-05-19,73.79,74.19,72.08,73.41,40200,72.20
2010-05-18,76.47,76.52,73.78,74.05,27200,72.83
2010-05-17,75.78,76.42,73.68,75.46,42700,74.22
2010-05-14,76.46,76.46,74.77,75.39,30500,74.15
2010-05-13,77.81,78.24,76.86,77.21,18300,75.94
2010-05-12,76.40,78.04,76.40,77.98,20600,76.69
2010-05-11,74.84,77.06,74.29,76.18,46100,74.92
2010-05-10,72.43,75.87,72.43,75.60,117000,74.35
2010-05-07,72.67,73.69,70.50,71.43,85100,70.25
2010-05-06,75.82,76.63,66.00,73.97,47600,72.75
2010-05-05,77.34,77.34,75.48,76.30,57100,75.04
2010-05-04,78.60,78.60,76.67,77.12,25800,75.85
2010-05-03,78.64,79.83,78.64,79.83,23000,78.51
2010-04-30,80.40,80.64,78.17,78.17,27200,76.88
2010-04-29,79.48,80.57,79.22,80.45,21100,79.12
2010-04-28,79.18,79.48,78.45,78.77,23700,77.47
2010-04-27,80.77,81.15,78.59,78.65,41500,77.35
2010-04-26,81.45,82.02,81.04,81.08,63600,79.74
2010-04-23,80.44,81.35,80.10,81.35,37500,80.01
2010-04-22,78.41,80.38,78.20,80.32,10100,79.00
2010-04-21,78.52,79.26,78.52,79.21,12100,77.90
2010-04-20,77.86,78.47,77.53,78.47,15800,77.18
2010-04-19,77.06,77.72,76.36,77.15,20200,75.88
2010-04-16,78.75,78.86,77.03,77.70,24400,76.42
2010-04-15,79.01,79.27,78.84,78.97,7500,77.67
2010-04-14,77.96,79.04,77.96,79.03,9700,77.73
2010-04-13,77.18,77.54,76.86,77.46,8100,76.18
2010-04-12,77.12,77.40,76.94,77.18,22400,75.91
2010-04-09,76.63,77.04,76.24,77.04,80300,75.77
2010-04-08,76.29,76.77,75.75,76.58,33000,75.32
2010-04-07,76.99,77.07,76.14,76.55,28200,75.29
2010-04-06,76.06,77.21,76.06,77.12,13300,75.85
2010-04-05,75.19,76.35,75.12,76.35,71500,75.09
2010-04-01,75.13,75.21,74.60,74.96,20800,73.72
2010-03-31,74.59,75.21,74.33,74.36,18000,73.13
2010-03-30,75.03,75.35,74.50,74.83,11900,73.60
2010-03-29,74.94,75.04,74.56,74.93,23700,73.69
2010-03-26,74.91,75.38,74.41,74.55,9700,73.32
2010-03-25,75.81,76.14,74.68,74.68,23300,73.45
2010-03-24,75.57,75.88,75.38,75.39,60800,73.92
2010-03-23,75.35,75.92,74.91,75.91,12300,74.43
2010-03-22,73.59,75.27,73.50,75.20,29600,73.74
2010-03-19,75.35,75.35,74.03,74.24,20800,72.80
2010-03-18,75.43,75.49,75.05,75.11,23000,73.65
2010-03-17,74.96,75.63,74.93,75.28,20900,73.82
2010-03-16,74.08,74.48,73.84,74.45,9300,73.00
2010-03-15,73.90,73.90,73.07,73.73,13100,72.30
2010-03-12,74.19,74.25,73.46,73.75,8300,72.32
2010-03-11,73.15,73.88,72.95,73.88,9500,72.44
2010-03-10,72.77,73.80,72.77,73.57,30900,72.14
2010-03-09,72.27,73.33,72.27,72.89,45500,71.47
2010-03-08,72.43,72.64,72.35,72.48,38200,71.07
2010-03-05,71.57,72.46,71.57,72.39,22000,70.98
2010-03-04,70.86,71.12,70.72,71.12,13700,69.74
2010-03-03,70.96,71.38,70.62,70.87,11600,69.49
2010-03-02,70.57,70.85,70.40,70.53,48900,69.16
2010-03-01,69.40,70.32,69.39,70.30,61800,68.93
2010-02-26,69.18,69.23,68.45,69.03,27600,67.69
2010-02-25,68.47,69.23,67.97,69.23,25900,67.88
2010-02-24,68.65,69.24,68.48,69.08,15200,67.74
2010-02-23,69.27,69.46,68.42,68.47,12500,67.14
2010-02-22,69.60,69.71,69.33,69.49,41000,68.14
2010-02-19,68.73,69.42,68.73,69.33,4400,67.98
2010-02-18,68.47,68.85,68.37,68.85,9000,67.51
2010-02-17,68.21,68.26,67.97,68.18,34900,66.85
2010-02-16,67.32,67.84,66.76,67.84,9000,66.52
2010-02-12,65.39,66.49,65.29,66.40,7000,65.11
2010-02-11,65.03,66.05,65.03,66.05,6800,64.77
2010-02-10,64.95,65.44,64.32,64.99,15400,63.73
2010-02-09,64.80,65.54,64.35,65.09,93600,63.82
2010-02-08,64.42,65.04,64.06,64.18,18400,62.93
2010-02-05,64.50,64.62,63.00,64.57,55300,63.31
2010-02-04,66.09,66.09,64.42,64.42,31900,63.17
2010-02-03,67.04,67.30,66.27,66.76,48500,65.46
2010-02-02,66.64,67.46,66.36,67.44,36600,66.13
2010-02-01,65.87,66.54,65.87,66.52,100700,65.23
2010-01-29,66.48,67.14,65.49,65.52,128500,64.25
2010-01-28,67.20,67.20,65.59,66.28,15200,64.99
2010-01-27,66.26,67.17,65.95,67.17,29100,65.86
2010-01-26,66.95,67.42,66.41,66.59,6500,65.30
2010-01-25,67.20,67.31,66.53,67.13,12000,65.83
2010-01-22,68.43,68.54,66.90,66.90,14300,65.60
2010-01-21,70.09,70.11,68.33,68.61,13800,67.28
2010-01-20,69.49,69.67,68.69,69.67,32100,68.32
2010-01-19,69.27,70.08,67.68,70.03,20800,68.67
2010-01-15,70.03,70.14,68.73,69.03,10100,67.69
2010-01-14,69.55,70.12,69.52,69.93,3800,68.57
2010-01-13,68.77,69.79,68.55,69.79,11000,68.43
2010-01-12,69.15,69.37,68.48,68.71,33600,67.37
2010-01-11,70.22,70.22,69.47,69.72,23800,68.36
2010-01-08,69.32,69.95,69.32,69.95,11000,68.59
2010-01-07,68.92,69.70,68.57,69.60,15100,68.25
2010-01-06,68.64,69.03,68.64,68.91,20400,67.57
2010-01-05,68.41,68.86,68.21,68.84,11300,67.50
2010-01-04,68.00,68.62,67.60,68.47,23800,67.14
2009-12-31,68.00,68.00,67.02,67.02,18300,65.72
2009-12-30,67.94,68.23,67.63,68.00,33200,66.68
2009-12-29,68.41,68.45,68.22,68.22,12500,66.89
2009-12-28,68.78,68.78,68.14,68.36,24600,67.03
2009-12-24,68.37,69.07,68.34,68.64,13700,67.31
2009-12-23,68.50,68.78,68.05,68.56,11600,66.75
2009-12-22,67.60,68.12,67.56,68.08,39800,66.28
2009-12-21,67.06,67.49,67.06,67.42,10100,65.64
2009-12-18,66.44,66.50,65.49,66.50,36800,64.74
2009-12-17,65.95,66.11,65.57,66.04,56000,64.29
2009-12-16,66.63,66.73,66.34,66.36,8000,64.60
2009-12-15,66.24,66.54,65.93,66.08,62100,64.33
2009-12-14,66.00,66.34,65.42,66.34,82400,64.58
2009-12-11,64.92,65.50,64.83,65.50,4100,63.77
2009-12-10,65.00,65.01,64.45,64.45,4100,62.74
2009-12-09,64.83,64.83,64.12,64.20,13900,62.50
2009-12-08,64.17,65.25,64.09,64.78,9500,63.07
2009-12-07,64.99,65.54,64.84,64.85,5400,63.13
2009-12-04,64.68,65.69,63.89,64.31,15100,62.61
2009-12-03,64.65,65.08,63.56,63.56,25200,61.88
2009-12-02,64.13,64.59,63.93,64.24,19800,62.54
2009-12-01,63.18,63.84,63.18,63.71,11000,62.02
2009-11-30,62.19,62.54,61.50,62.54,53300,60.89
2009-11-27,61.19,63.14,60.90,62.76,4800,61.10
2009-11-25,63.93,64.05,63.53,63.87,16600,62.18
2009-11-24,63.18,63.62,62.89,63.38,18500,61.70
2009-11-23,64.43,64.75,63.61,63.92,9200,62.23
2009-11-20,62.88,63.20,62.73,63.20,13600,61.53
2009-11-19,63.99,63.99,63.18,63.44,7900,61.76
2009-11-18,64.60,64.90,64.25,64.90,20500,63.18
2009-11-17,64.45,64.89,64.24,64.62,23000,62.91
2009-11-16,63.64,65.11,63.21,64.41,53200,62.71
2009-11-13,62.97,63.40,62.42,63.15,10600,61.48
2009-11-12,63.51,64.04,62.50,62.63,9800,60.97
2009-11-11,63.40,63.56,63.14,63.56,12800,61.88
2009-11-10,63.00,63.21,62.17,62.78,34700,61.12
2009-11-09,62.31,63.04,62.31,62.99,8300,61.32
2009-11-06,60.65,61.59,60.52,61.17,17300,59.55
2009-11-05,60.19,61.34,60.06,61.34,20600,59.72
2009-11-04,60.82,61.15,59.59,59.59,52800,58.01
2009-11-03,58.63,60.34,58.63,60.34,103400,58.74
2009-11-02,59.82,60.49,58.08,58.93,165500,57.37
2009-10-30,61.22,61.22,59.20,59.59,44900,58.01
2009-10-29,60.40,61.86,60.40,61.65,41100,60.02
2009-10-28,62.00,62.00,59.69,59.83,35000,58.25
2009-10-27,62.98,63.29,62.00,62.07,31000,60.43
2009-10-26,63.50,64.84,62.64,62.77,41200,61.11
2009-10-23,65.19,65.25,63.66,63.67,31600,61.99
2009-10-22,63.90,65.33,63.62,65.26,29900,63.53
2009-10-21,65.82,65.82,63.96,63.96,9700,62.27
2009-10-20,66.10,66.10,64.48,64.98,9500,63.26
2009-10-19,65.33,66.13,64.94,65.94,37600,64.20
2009-10-16,65.30,65.38,64.65,64.99,16100,63.27
2009-10-15,65.63,66.15,65.59,66.15,10700,64.40
2009-10-14,65.71,66.22,65.41,66.19,21300,64.44
2009-10-13,64.90,65.12,64.22,64.81,13500,63.10
2009-10-12,65.50,65.55,64.90,65.10,9100,63.38
2009-10-09,64.58,64.96,64.42,64.96,7200,63.24
2009-10-08,64.13,64.92,63.93,64.47,15500,62.76
2009-10-07,63.23,63.46,62.90,63.42,7700,61.74
2009-10-06,63.20,64.02,62.60,63.21,10000,61.54
2009-10-05,61.15,62.69,61.15,62.58,17800,60.92
2009-10-02,61.02,61.40,59.99,60.95,35800,59.34
2009-10-01,63.30,63.30,61.64,61.76,15700,60.13
2009-09-30,64.59,64.68,63.06,63.88,51900,62.19
2009-09-29,64.64,65.23,64.24,64.57,19700,62.86
2009-09-28,63.13,64.42,63.13,64.39,13200,62.69
2009-09-25,62.65,63.24,62.36,62.65,19900,60.99
2009-09-24,64.88,65.02,62.68,63.09,68800,61.42
2009-09-23,65.97,66.03,64.49,64.55,21700,62.84
2009-09-22,65.60,66.13,65.39,66.05,42700,64.02
2009-09-21,64.86,65.14,64.56,65.10,13000,63.10
2009-09-18,66.02,66.02,65.06,65.54,15200,63.53
2009-09-17,66.21,67.00,65.34,65.47,38900,63.46
2009-09-16,64.76,66.28,64.71,66.28,13000,64.24
2009-09-15,63.39,64.63,63.30,64.43,41400,62.45
2009-09-14,62.07,63.47,61.90,63.47,23500,61.52
2009-09-11,62.74,63.03,62.29,62.61,19200,60.69
2009-09-10,61.58,62.61,61.02,62.61,10000,60.69
2009-09-09,60.79,61.61,60.79,61.25,46400,59.37
2009-09-08,60.14,60.36,59.64,60.36,15300,58.51
2009-09-04,58.67,59.45,58.42,59.45,17400,57.62
2009-09-03,58.41,58.67,57.68,58.67,61300,56.87
2009-09-02,58.31,58.42,57.61,57.84,143900,56.06
2009-09-01,60.47,61.27,58.32,58.43,47200,56.63
2009-08-31,60.51,60.73,60.02,60.62,98100,58.76
2009-08-28,62.01,62.28,60.72,61.30,48800,59.42
2009-08-27,60.50,61.42,59.72,61.22,33100,59.34
2009-08-26,60.88,61.24,60.38,60.93,30400,59.06
2009-08-25,60.49,61.22,60.40,60.66,26000,58.80
2009-08-24,60.54,61.15,59.94,60.02,145300,58.18
2009-08-21,59.21,60.46,59.21,60.36,27000,58.51
2009-08-20,57.64,58.81,57.64,58.78,15700,56.97
2009-08-19,56.59,57.97,56.59,57.80,18900,56.02
2009-08-18,56.92,57.76,56.90,57.52,27500,55.75
2009-08-17,57.53,57.53,56.52,56.55,57500,54.81
2009-08-14,59.64,59.64,58.00,58.63,23800,56.83
2009-08-13,59.77,59.84,58.75,59.74,23900,57.90
2009-08-12,58.39,59.77,58.39,59.59,31000,57.76
2009-08-11,59.20,59.20,57.84,58.39,12500,56.60
2009-08-10,59.34,59.90,59.14,59.52,13000,57.69
2009-08-07,58.68,60.42,58.40,59.73,26700,57.90
2009-08-06,58.76,59.07,57.79,57.83,15300,56.05
2009-08-05,58.22,58.51,57.36,58.40,16700,56.61
2009-08-04,56.55,58.25,56.51,58.01,9200,56.23
2009-08-03,56.26,56.91,56.15,56.83,18600,55.08
2009-07-31,55.08,55.97,55.08,55.41,16500,53.71
2009-07-30,54.81,55.81,54.81,55.15,23200,53.46
2009-07-29,54.03,54.29,53.79,54.18,8300,52.52
2009-07-28,54.25,54.69,53.88,54.48,16800,52.81
2009-07-27,53.88,54.61,53.62,54.60,16500,52.92
2009-07-24,53.12,53.87,52.92,53.86,87100,52.21
2009-07-23,51.59,53.72,51.59,53.42,28000,51.78
2009-07-22,50.85,51.97,50.76,51.69,46300,50.10
2009-07-21,51.90,52.01,50.43,51.13,52600,49.56
2009-07-20,51.15,51.64,50.94,51.60,185500,50.01
2009-07-17,50.54,50.94,50.42,50.59,27600,49.04
2009-07-16,50.07,51.15,49.93,50.94,38100,49.38
2009-07-15,49.29,50.47,49.29,50.43,27600,48.88
2009-07-14,48.07,48.53,47.71,48.53,31200,47.04
2009-07-13,46.64,47.99,46.14,47.99,33400,46.52
2009-07-10,46.46,46.72,45.90,46.71,61500,45.28
2009-07-09,46.91,47.07,46.46,46.75,32900,45.31
2009-07-08,47.26,47.37,45.82,46.71,34100,45.28
2009-07-07,48.21,48.21,46.98,47.04,16400,45.59
2009-07-06,48.03,48.25,47.27,48.16,28200,46.68
2009-07-02,49.39,49.39,48.40,48.50,15200,47.01
2009-07-01,49.77,50.60,49.77,50.20,20100,48.66
2009-06-30,49.72,49.75,48.90,49.18,44700,47.67
2009-06-29,49.18,49.56,48.47,49.50,23300,47.98
2009-06-26,48.77,49.19,48.23,48.97,14200,47.47
2009-06-25,46.96,48.58,46.96,48.58,35600,47.09
2009-06-24,47.17,47.97,47.07,47.31,16400,45.86
2009-06-23,47.33,47.52,46.52,46.79,27700,45.35
2009-06-22,48.85,48.85,47.22,47.22,16300,45.61
2009-06-19,49.59,49.71,49.08,49.26,14700,47.58
2009-06-18,48.97,49.20,48.59,48.85,11300,47.18
2009-06-17,48.81,49.32,48.04,48.70,23900,47.04
2009-06-16,50.44,50.60,48.86,49.04,31600,47.37
2009-06-15,50.89,50.91,49.63,50.06,40500,48.35
2009-06-12,51.31,51.63,50.77,51.58,39700,49.82
2009-06-11,52.03,52.47,51.59,51.66,42100,49.90
2009-06-10,52.63,52.63,50.96,51.65,21100,49.89
2009-06-09,51.94,52.45,51.62,52.08,37400,50.30
2009-06-08,51.41,52.21,51.13,51.72,36000,49.95
2009-06-05,52.89,53.05,51.76,52.16,101100,50.38
2009-06-04,51.72,52.29,50.86,52.23,93000,50.45
2009-06-03,51.80,51.93,50.69,51.14,64800,49.39
2009-06-02,51.77,52.54,51.53,52.22,67500,50.44
2009-06-01,51.07,52.38,50.92,51.94,60200,50.17
2009-05-29,49.14,49.71,48.84,49.71,74200,48.01
2009-05-28,49.05,49.35,47.59,48.79,91500,47.12
2009-05-27,49.50,50.23,48.59,48.59,94100,46.93
2009-05-26,47.01,50.00,46.50,49.83,118100,48.13
2009-05-22,48.31,48.49,47.47,47.66,254200,46.03
2009-05-21,48.14,48.57,47.31,47.98,236800,46.34
2009-05-20,49.78,50.97,48.67,48.78,221300,47.11
2009-05-19,49.11,50.16,48.87,49.32,244700,47.64
2009-05-18,47.79,49.47,47.70,49.46,51500,47.77
2009-05-15,47.49,48.35,46.71,47.03,279000,45.42
2009-05-14,46.62,48.38,46.16,47.80,165900,46.17
2009-05-13,48.40,48.49,46.65,46.70,200800,45.11
2009-05-12,51.28,51.28,48.41,49.54,315600,47.85
2009-05-11,51.10,51.23,50.29,50.57,322400,48.84
2009-05-08,50.30,52.16,50.10,52.03,162000,50.25
2009-05-07,52.31,53.84,49.31,49.56,141300,47.87
2009-05-06,51.52,51.52,49.85,51.11,122000,49.36
2009-05-05,50.80,51.04,49.76,50.50,133900,48.78
2009-05-04,48.86,50.90,48.81,50.90,202500,49.16
2009-05-01,48.32,48.66,47.91,48.19,81800,46.54
2009-04-30,49.10,49.52,48.09,48.09,293400,46.45
2009-04-29,46.78,48.78,46.78,48.16,133500,46.52
2009-04-28,45.47,47.27,45.47,46.30,177900,44.72
2009-04-27,47.03,47.10,45.37,46.20,74800,44.62
2009-04-24,46.39,47.88,45.92,47.24,229300,45.63
2009-04-23,45.99,46.23,44.79,45.81,166400,44.25
2009-04-22,44.42,47.07,44.42,45.62,234100,44.06
2009-04-21,43.67,45.63,43.49,45.56,233900,44.00
2009-04-20,46.07,46.07,43.51,43.51,107700,42.02
2009-04-17,46.01,47.51,45.81,47.04,132100,45.43
2009-04-16,45.43,46.61,44.50,46.21,91900,44.63
2009-04-15,43.59,44.90,43.38,44.78,137300,43.25
2009-04-14,44.81,45.45,43.82,43.82,142100,42.32
2009-04-13,44.65,45.91,43.70,45.73,108900,44.17
2009-04-09,43.31,45.25,43.31,45.16,47600,43.62
2009-04-08,41.72,42.38,41.38,42.15,104300,40.71
2009-04-07,42.04,42.35,41.27,41.32,59000,39.91
2009-04-06,43.08,43.18,42.09,42.82,48300,41.36
2009-04-03,42.32,43.55,42.12,43.55,13400,42.06
2009-04-02,41.48,42.90,41.45,42.32,27200,40.87
2009-04-01,38.76,40.27,38.76,40.14,11400,38.77
2009-03-31,39.43,40.00,38.66,39.51,13400,38.16
2009-03-30,38.95,39.22,38.20,38.65,12000,37.33
2009-03-27,41.05,41.55,40.55,40.66,18200,39.27
2009-03-26,40.96,41.93,40.55,41.81,18900,40.38
2009-03-25,39.68,41.15,38.46,40.16,16900,38.79
2009-03-24,40.36,40.93,39.63,39.63,27300,37.93
2009-03-23,38.08,40.94,38.08,40.94,20700,39.18
2009-03-20,39.40,39.40,37.39,37.59,18100,35.98
2009-03-19,40.28,40.28,38.92,38.93,25400,37.26
2009-03-18,37.29,39.48,37.09,39.47,18300,37.78
2009-03-17,35.86,37.53,35.79,37.53,17000,35.92
2009-03-16,36.82,37.58,35.91,35.91,8100,34.37
2009-03-13,36.61,36.84,35.90,36.56,15300,34.99
2009-03-12,33.93,36.21,33.80,36.10,13300,34.55
2009-03-11,34.54,34.96,33.85,34.11,10200,32.65
2009-03-10,32.15,34.15,32.15,34.15,18700,32.69
2009-03-09,31.26,32.24,31.17,31.34,20400,30.00
2009-03-06,32.30,32.66,30.97,31.77,91000,30.41
2009-03-05,32.84,32.91,31.74,31.90,37500,30.53
2009-03-04,34.20,34.67,33.60,34.15,7700,32.69
2009-03-03,34.38,34.69,33.07,33.25,23100,31.82
2009-03-02,35.21,35.21,34.01,34.13,14300,32.67
2009-02-27,36.03,36.99,35.77,36.19,43200,34.64
2009-02-26,37.39,38.02,36.39,36.58,16500,35.01
2009-02-25,36.97,37.88,36.35,37.01,12200,35.42
2009-02-24,36.19,38.11,36.15,37.80,21700,36.18
2009-02-23,37.76,38.11,35.92,35.92,10400,34.38
2009-02-20,37.37,37.94,36.67,37.69,34900,36.07
2009-02-19,39.81,40.06,38.22,38.22,17800,36.58
2009-02-18,40.18,40.22,39.16,39.40,17600,37.71
2009-02-17,40.22,40.75,40.03,40.03,9900,38.31
2009-02-13,43.06,43.15,42.10,42.17,27100,40.36
2009-02-12,42.43,43.06,41.28,43.06,58300,41.21
2009-02-11,43.02,43.37,42.11,42.92,60000,41.08
2009-02-10,45.13,45.39,42.47,42.57,33200,40.74
2009-02-09,45.20,45.64,44.67,45.33,17000,43.39
2009-02-06,43.14,45.41,43.14,45.28,35100,43.34
2009-02-05,42.35,43.95,42.35,43.28,29700,41.42
2009-02-04,42.92,43.90,42.62,42.70,22900,40.87
2009-02-03,43.17,43.24,42.24,42.87,30500,41.03
2009-02-02,42.16,42.86,41.81,42.64,13700,40.81
2009-01-30,43.55,43.66,42.33,42.37,19700,40.55
2009-01-29,44.99,44.99,43.93,43.93,4900,42.05
2009-01-28,44.97,46.59,44.97,46.37,16500,44.38
2009-01-27,44.34,44.59,43.63,44.26,12100,42.36
2009-01-26,43.27,45.05,43.03,43.75,109700,41.87
2009-01-23,42.41,43.79,42.13,43.35,24100,41.49
2009-01-22,43.53,44.02,42.27,42.84,22700,41.00
2009-01-21,42.58,44.42,42.17,44.37,9500,42.47
2009-01-20,44.79,44.79,42.02,42.02,18600,40.22
2009-01-16,45.98,45.98,44.27,45.77,7500,43.81
2009-01-15,44.95,45.75,42.97,45.18,10100,43.24
2009-01-14,46.31,46.31,44.65,44.80,19400,42.88
2009-01-13,46.87,47.36,46.29,47.05,41100,45.03
2009-01-12,48.00,48.00,46.16,46.44,12200,44.45
2009-01-09,50.25,50.25,48.29,48.49,14900,46.41
2009-01-08,49.39,50.48,49.37,50.42,11800,48.26
2009-01-07,50.48,50.72,49.42,49.96,21800,47.82
2009-01-06,50.94,52.24,50.76,51.89,12400,49.67
2009-01-05,50.39,50.50,49.01,50.32,9600,48.16
2009-01-02,49.19,50.43,48.56,50.22,17900,48.07
2008-12-31,47.87,49.33,47.87,49.02,15600,46.92
2008-12-30,46.00,47.43,45.97,47.42,37900,45.39
2008-12-29,45.37,45.59,44.95,45.53,22300,43.58
2008-12-26,46.17,46.53,45.72,46.39,16100,44.40
2008-12-24,45.72,46.02,45.72,45.87,4100,43.90
2008-12-23,47.48,47.50,46.15,46.47,50400,43.89
2008-12-22,48.13,48.13,45.80,47.19,13900,44.57
2008-12-19,48.62,49.51,47.94,48.54,4300,45.85
2008-12-18,48.62,49.34,47.46,47.71,35900,45.06
2008-12-17,48.03,49.11,47.75,48.39,109000,45.70
2008-12-16,45.89,48.25,45.89,48.00,21900,45.34
2008-12-15,46.50,46.50,44.54,45.12,15600,42.62
2008-12-12,43.59,46.75,43.59,46.75,12900,44.16
2008-12-11,47.08,47.21,44.63,44.81,24100,42.32
2008-12-10,48.20,48.20,46.80,47.60,14400,44.96
2008-12-09,47.87,49.40,46.45,46.59,58600,44.00
2008-12-08,48.46,48.80,47.65,48.50,23800,45.81
2008-12-05,44.15,47.20,43.54,46.72,25400,44.13
2008-12-04,46.50,46.91,44.33,44.93,61500,42.44
2008-12-03,43.39,46.48,43.39,46.22,38700,43.65
2008-12-02,42.10,44.36,42.10,43.65,17200,41.23
2008-12-01,46.65,46.65,42.20,42.20,23800,39.86
2008-11-28,46.33,48.11,46.33,48.01,5400,45.35
2008-11-26,43.95,47.22,43.91,47.05,25200,44.44
2008-11-25,44.61,44.95,43.06,44.82,20500,42.33
2008-11-24,41.51,44.50,40.98,43.89,76600,41.45
2008-11-21,39.26,40.90,37.32,40.90,67300,38.63
2008-11-20,41.07,42.19,38.53,38.58,20800,36.44
2008-11-19,44.71,44.91,41.49,41.50,12200,39.20
2008-11-18,45.43,45.82,43.52,45.07,8500,42.57
2008-11-17,45.31,46.43,45.19,45.95,17400,43.40
2008-11-14,47.95,48.74,45.55,45.55,14500,43.02
2008-11-13,45.30,48.76,43.79,48.76,17000,46.05
2008-11-12,47.00,47.13,45.16,45.16,13800,42.65
2008-11-11,47.56,49.35,47.55,48.03,25800,45.36
2008-11-10,51.19,51.19,48.49,48.87,7600,46.16
2008-11-07,49.65,50.59,49.22,50.20,21800,47.41
2008-11-06,50.62,51.47,49.38,49.38,34300,46.64
2008-11-05,53.76,54.28,51.31,51.31,27900,48.46
2008-11-04,55.62,55.62,53.64,54.54,29500,51.51
2008-11-03,54.25,54.55,53.71,53.84,8400,50.85
2008-10-31,49.76,54.02,49.76,53.72,8200,50.74
2008-10-30,51.19,51.46,49.92,51.46,7600,48.60
2008-10-29,48.81,50.78,48.43,49.96,10800,47.19
2008-10-28,46.00,48.29,44.37,48.29,10700,45.61
2008-10-27,44.50,47.62,44.50,45.30,9100,42.79
2008-10-24,45.29,47.96,45.29,47.09,11700,44.48
2008-10-23,49.98,50.03,46.31,48.36,24200,45.68
2008-10-22,51.73,52.11,49.01,49.91,17800,47.14
2008-10-21,52.99,53.84,52.65,52.82,20600,49.89
2008-10-20,53.60,53.92,51.61,53.92,17200,50.93
2008-10-17,51.75,54.77,51.42,52.06,39700,49.17
2008-10-16,51.97,53.27,49.11,53.25,44200,50.29
2008-10-15,55.49,55.49,50.54,50.54,19200,47.74
2008-10-14,58.87,58.87,53.79,55.26,66900,52.19
2008-10-13,55.13,57.40,53.35,55.95,37100,52.84
2008-10-10,46.09,54.20,44.74,51.78,107200,48.91
2008-10-09,56.19,56.19,49.51,50.41,49000,47.61
2008-10-08,54.76,56.82,53.23,54.77,25600,51.73
2008-10-07,61.49,61.49,56.00,56.00,18400,52.89
2008-10-06,60.56,61.13,57.18,60.27,41800,56.93
2008-10-03,64.76,65.86,62.12,62.25,44800,58.80
2008-10-02,67.28,67.28,64.29,64.29,19300,60.72
2008-10-01,66.35,67.12,65.94,67.12,47700,63.39
2008-09-30,66.64,67.40,64.18,67.40,28800,63.66
2008-09-29,69.00,69.00,64.49,65.93,35500,62.27
2008-09-26,68.48,70.51,68.48,69.80,30200,65.93
2008-09-25,69.62,70.41,69.45,70.15,18200,66.26
2008-09-24,70.11,70.63,69.48,70.49,87500,66.58
2008-09-23,70.09,72.19,70.09,70.44,48200,66.53
2008-09-22,75.82,75.82,71.23,71.24,57800,67.29
2008-09-19,74.94,76.31,63.58,75.53,17300,71.34
2008-09-18,68.46,72.59,67.01,72.54,92300,68.51
2008-09-17,70.80,70.80,67.61,67.78,65900,64.02
2008-09-16,67.96,71.23,67.96,71.23,43600,67.28
2008-09-15,70.33,71.68,69.28,69.46,23800,65.60
2008-09-12,71.06,72.37,71.06,72.09,48200,68.09
2008-09-11,70.22,71.75,70.22,71.75,143000,67.77
2008-09-10,71.32,71.61,69.87,71.13,31200,67.18
2008-09-09,72.47,73.41,70.76,70.76,133000,66.83
2008-09-08,73.26,73.26,71.23,72.70,55500,68.67
2008-09-05,69.34,70.49,68.52,70.36,30100,66.46
2008-09-04,71.20,71.51,69.96,70.16,50700,66.27
2008-09-03,70.86,72.02,70.86,72.01,9200,68.01
2008-09-02,71.39,72.47,70.04,70.76,22400,66.83
2008-08-29,70.58,70.77,69.81,70.08,8900,66.19
2008-08-28,68.93,70.72,68.93,70.72,7200,66.80
2008-08-27,67.89,69.14,67.89,68.63,2900,64.82
2008-08-26,67.47,68.48,67.36,67.97,4100,64.20
2008-08-25,69.29,69.29,67.82,67.98,13800,64.21
2008-08-22,68.59,69.60,68.32,69.60,16000,65.74
2008-08-21,67.82,68.41,67.63,67.75,6600,63.99
2008-08-20,68.72,69.28,67.79,68.45,8200,64.65
2008-08-19,70.89,70.89,68.58,68.73,15300,64.92
2008-08-18,72.34,72.34,70.00,70.28,19800,66.38
2008-08-15,71.80,72.21,71.10,71.60,7400,67.63
2008-08-14,69.09,71.20,69.09,70.65,26500,66.73
2008-08-13,70.10,70.20,69.02,69.89,7200,66.01
2008-08-12,71.60,71.61,70.37,70.73,13400,66.80
2008-08-11,69.89,72.54,69.89,71.48,19500,67.51
2008-08-08,68.88,69.72,68.76,69.30,3900,65.45
2008-08-07,67.70,67.70,66.70,66.82,3300,63.11
2008-08-06,68.70,68.70,67.42,68.55,5100,64.75
2008-08-05,67.60,68.36,67.22,68.31,7100,64.52
2008-08-04,65.78,66.86,65.58,66.04,36200,62.37
2008-08-01,65.73,67.06,65.71,66.56,12000,62.87
2008-07-31,65.96,67.09,65.96,66.30,12100,62.62
2008-07-30,67.35,67.50,65.70,66.62,4800,62.92
2008-07-29,64.79,66.48,64.76,66.48,11700,62.79
2008-07-28,65.24,65.24,63.91,63.96,5700,60.41
2008-07-25,64.94,66.29,64.94,65.31,14400,61.69
2008-07-24,68.59,68.59,65.02,65.19,71300,61.57
2008-07-23,67.00,68.40,66.70,67.56,11400,63.81
2008-07-22,64.50,66.79,64.50,66.78,12300,63.07
2008-07-21,64.34,64.96,64.11,64.35,16700,60.78
2008-07-18,65.25,65.25,63.71,64.37,20800,60.80
2008-07-17,62.35,64.21,62.14,64.21,22100,60.65
2008-07-16,59.48,62.25,59.36,62.25,47000,58.80
2008-07-15,58.52,60.54,57.84,59.19,52800,55.90
2008-07-14,62.03,62.03,59.59,59.69,28500,56.38
2008-07-11,62.48,62.48,60.01,61.23,29100,57.83
2008-07-10,61.66,62.54,61.10,61.53,17800,58.12
2008-07-09,63.22,63.64,61.50,61.50,11900,58.09
2008-07-08,60.65,63.45,60.65,63.45,27400,59.93
2008-07-07,61.93,62.34,60.40,60.92,11500,57.54
2008-07-03,62.75,62.75,61.77,61.88,3100,58.45
2008-07-02,64.00,64.33,62.80,62.80,3400,59.31
2008-07-01,63.36,64.02,62.59,63.93,15100,60.38
2008-06-30,64.22,64.91,63.80,63.80,31600,60.26
2008-06-27,64.85,65.62,64.69,64.90,11800,61.30
2008-06-26,66.60,66.60,65.56,65.56,10000,61.92
2008-06-25,67.01,68.69,67.01,67.51,57400,63.76
2008-06-24,66.40,67.82,66.40,66.96,8200,63.24
2008-06-23,69.39,69.39,67.86,67.89,14600,64.12
2008-06-20,69.16,69.84,69.03,69.29,13900,65.44
2008-06-19,69.88,70.40,69.63,70.40,38300,66.49
2008-06-18,70.07,70.25,69.48,69.81,56000,65.94
2008-06-17,71.46,71.46,70.73,70.73,15700,66.80
2008-06-16,70.44,71.47,70.44,71.33,20800,67.37
2008-06-13,70.43,70.87,70.00,70.87,23500,66.94
2008-06-12,69.95,71.02,69.95,70.41,13700,66.50
2008-06-11,71.12,71.26,69.76,69.76,33100,65.89
2008-06-10,71.37,71.84,71.01,71.40,49200,67.44
2008-06-09,72.38,72.38,71.06,71.42,20600,67.46
2008-06-06,74.33,74.33,72.22,72.22,8400,68.21
2008-06-05,74.03,74.58,73.95,74.58,6400,70.44
2008-06-04,73.08,73.99,72.90,73.29,42100,69.22
2008-06-03,73.12,73.48,72.23,72.97,81300,68.92
2008-06-02,73.40,73.40,72.30,73.08,34900,69.02
2008-05-30,73.31,73.58,73.31,73.49,9500,69.41
2008-05-29,73.02,74.19,73.02,73.89,13900,69.79
2008-05-28,72.55,73.08,72.40,73.08,15800,69.02
2008-05-27,72.91,72.91,72.38,72.85,15100,68.81
2008-05-23,73.11,73.11,71.86,72.07,18600,68.07
2008-05-22,72.44,73.55,72.44,73.25,60700,69.18
2008-05-21,73.87,74.01,72.41,72.73,43500,68.69
2008-05-20,73.56,73.84,73.09,73.54,35000,69.46
2008-05-19,73.98,74.75,73.73,73.90,26100,69.80
2008-05-16,74.40,74.43,73.39,73.98,11300,69.87
2008-05-15,73.76,74.55,73.55,74.44,2300,70.31
2008-05-14,74.05,74.51,73.74,73.74,3600,69.65
2008-05-13,72.86,73.83,72.86,73.71,4100,69.62
2008-05-12,72.30,73.43,72.30,73.43,3300,69.35
2008-05-09,72.91,72.91,71.66,72.04,7700,68.04
2008-05-08,72.36,72.44,71.86,72.14,2800,68.14
2008-05-07,73.09,73.89,72.40,72.40,5100,68.38
2008-05-06,72.83,73.85,72.83,73.82,3600,69.72
2008-05-05,73.21,73.64,73.07,73.44,17000,69.36
2008-05-02,74.74,76.76,73.33,73.70,76800,69.61
2008-05-01,72.61,74.03,72.60,73.86,18000,69.76
2008-04-30,72.93,73.43,72.09,72.09,13600,68.09
2008-04-29,73.96,73.96,72.45,72.87,20700,68.83
2008-04-28,72.85,73.74,72.84,73.45,31400,69.37
2008-04-25,73.02,73.02,71.58,73.01,10000,68.96
2008-04-24,71.71,72.56,70.50,72.14,10900,68.14
2008-04-23,70.76,71.21,70.66,70.93,6600,66.99
2008-04-22,71.26,71.58,70.66,71.09,8900,67.14
2008-04-21,72.22,72.48,72.09,72.42,45300,68.40
2008-04-18,72.95,73.24,72.68,72.89,19000,68.84
2008-04-17,72.58,72.58,71.31,72.06,20100,68.06
2008-04-16,70.79,72.04,70.63,72.04,9600,68.04
2008-04-15,69.53,70.04,69.38,70.00,19400,66.12
2008-04-14,70.04,70.04,69.05,69.10,14900,65.26
2008-04-11,70.09,70.37,69.27,69.30,19000,65.45
2008-04-10,70.19,71.28,70.12,70.81,4100,66.88
2008-04-09,71.43,72.08,70.23,70.32,8600,66.42
2008-04-08,72.19,72.25,71.59,71.80,5700,67.82
2008-04-07,72.51,72.74,71.93,72.09,6700,68.09
2008-04-04,71.86,72.86,71.86,71.97,13100,67.98
2008-04-03,72.12,72.81,71.90,72.57,8500,68.54
2008-04-02,72.93,73.06,71.94,72.48,9400,68.46
2008-04-01,71.83,72.21,70.77,72.18,60100,68.17
2008-03-31,69.20,70.57,69.19,70.04,35000,66.15
2008-03-28,70.31,70.31,69.09,69.09,29700,65.26
2008-03-27,71.10,71.41,70.18,70.39,50500,66.48
2008-03-26,71.30,71.51,70.86,71.25,52200,67.30
2008-03-25,71.56,72.31,71.18,71.84,54700,67.85
2008-03-24,71.22,72.29,71.08,71.84,48500,67.85
2008-03-20,68.33,70.55,68.33,70.19,75200,66.29
2008-03-19,69.39,70.42,68.63,68.63,24000,64.82
2008-03-18,68.05,69.59,67.72,69.59,26600,65.73
2008-03-17,66.75,67.73,66.44,67.28,27300,63.55
2008-03-14,69.18,69.18,67.11,68.07,107200,64.29
2008-03-13,67.11,69.26,66.78,69.15,38000,65.31
2008-03-12,69.30,69.97,68.04,68.04,22300,64.26
2008-03-11,68.11,69.09,67.09,69.09,37300,65.26
2008-03-10,67.07,67.27,65.96,66.17,28400,62.50
2008-03-07,66.36,67.79,66.36,67.21,35000,63.48
2008-03-06,68.65,68.66,66.85,66.85,37600,63.14
2008-03-05,69.26,69.66,68.51,68.66,23500,64.85
2008-03-04,68.61,69.21,67.94,68.81,33200,64.99
2008-03-03,69.42,69.42,64.80,68.81,24200,64.99
2008-02-29,70.32,70.46,69.17,69.44,12600,65.59
2008-02-28,72.04,72.23,71.21,71.27,64800,67.31
2008-02-27,72.39,73.58,72.39,72.89,41100,68.84
2008-02-26,72.37,73.59,72.35,73.07,83100,69.01
2008-02-25,70.75,72.48,70.41,72.34,102300,68.33
2008-02-22,70.63,70.90,69.50,70.77,55000,66.84
2008-02-21,72.71,72.71,70.39,70.39,39300,66.48
2008-02-20,70.56,72.17,70.56,71.96,30100,67.97
2008-02-19,70.59,71.64,70.59,70.73,20200,66.80
2008-02-15,70.34,71.10,70.33,71.10,22900,67.15
2008-02-14,71.45,72.37,71.00,71.65,39800,67.67
2008-02-13,72.52,72.79,71.66,72.59,11200,68.56
2008-02-12,70.88,72.31,70.88,71.40,26600,67.44
2008-02-11,70.52,71.54,70.34,71.07,45400,67.13
2008-02-08,72.15,72.65,71.04,71.59,31700,67.62
2008-02-07,71.21,72.58,70.80,72.27,13100,68.26
2008-02-06,72.14,72.58,70.99,70.99,25600,67.05
2008-02-05,72.62,73.47,71.73,71.73,17700,67.75
2008-02-04,74.15,74.15,73.29,73.67,27700,69.58
2008-02-01,73.41,74.65,72.82,74.65,37900,70.51
2008-01-31,69.90,73.20,69.83,73.12,19200,69.06
2008-01-30,71.66,72.78,70.77,70.77,20300,66.84
2008-01-29,70.72,71.69,70.05,71.34,10400,67.38
2008-01-28,68.32,70.76,68.25,70.53,8000,66.62
2008-01-25,70.55,70.68,68.67,68.94,9600,65.11
2008-01-24,70.29,70.29,68.96,69.51,12300,65.65
2008-01-23,65.66,69.76,65.49,69.69,11400,65.82
2008-01-22,63.06,67.16,62.45,66.08,41900,62.41
2008-01-18,66.44,67.10,64.83,65.42,28100,61.79
2008-01-17,68.11,68.11,66.33,66.33,11600,62.65
2008-01-16,67.18,68.68,66.89,68.19,5500,64.41
2008-01-15,67.78,67.78,67.00,67.30,7600,63.56
2008-01-14,68.55,68.80,68.07,68.70,6000,64.89
2008-01-11,68.89,69.25,68.00,68.20,14700,64.41
2008-01-10,68.09,69.83,67.91,69.80,10700,65.93
2008-01-09,67.85,68.42,66.50,68.42,15100,64.62
2008-01-08,70.27,70.30,67.79,67.84,8000,64.07
2008-01-07,69.54,70.75,69.08,70.16,15100,66.27
2008-01-04,70.62,70.62,69.00,69.20,13300,65.36
2008-01-03,72.92,72.92,71.31,71.31,9200,67.35
2008-01-02,73.79,74.05,72.50,72.62,12100,68.59
2007-12-31,73.73,74.51,73.33,74.00,8400,69.89
2007-12-28,75.34,75.34,73.79,74.13,24000,70.02
2007-12-27,76.45,76.60,74.69,74.69,29400,70.54
2007-12-26,77.62,77.62,76.84,77.32,19700,73.03
2007-12-24,76.79,77.61,76.79,77.61,14500,73.30
2007-12-21,75.90,76.52,75.89,76.52,29500,72.27
2007-12-20,74.49,74.73,73.17,74.72,18600,70.57
2007-12-19,73.81,74.08,73.30,73.98,4000,69.87
2007-12-18,73.02,74.03,72.29,73.93,12800,69.83
2007-12-17,72.87,73.70,72.43,72.60,9900,68.57
2007-12-14,73.87,74.89,73.32,73.32,27800,69.25
2007-12-13,74.54,75.18,74.06,75.18,15500,71.01
2007-12-12,76.79,76.79,74.26,75.02,13100,70.86
2007-12-11,77.90,78.10,74.77,74.90,21700,70.74
2007-12-10,77.07,78.04,77.07,77.30,15100,73.01
2007-12-07,77.52,77.52,76.85,77.06,13500,72.78
2007-12-06,75.22,77.00,75.22,77.00,17600,72.73
2007-12-05,74.58,75.09,74.34,75.02,14500,70.86
2007-12-04,73.33,73.82,73.33,73.59,10800,69.51
2007-12-03,74.71,75.34,74.40,74.40,3000,70.27
2007-11-30,75.90,75.96,74.81,75.06,14600,70.89
2007-11-29,74.06,74.76,73.88,74.35,1800,70.22
2007-11-28,72.71,74.82,72.71,74.82,4900,70.67
2007-11-27,71.98,72.39,71.52,72.39,11200,68.37
2007-11-26,73.50,73.50,71.19,71.19,12300,67.24
2007-11-23,72.77,74.07,72.77,73.85,9900,69.75
2007-11-21,72.40,73.11,71.81,72.14,10600,68.14
2007-11-20,72.82,73.42,71.96,73.10,17700,69.04
2007-11-19,73.62,73.67,72.37,72.94,44700,68.89
2007-11-16,74.90,74.90,73.84,74.51,7100,70.37
2007-11-15,75.79,75.95,74.64,74.89,14600,70.73
2007-11-14,77.50,77.60,76.02,76.25,13200,72.02
2007-11-13,75.65,77.00,75.65,77.00,5000,72.73
2007-11-12,73.82,76.15,73.82,74.57,5900,70.43
2007-11-09,73.70,75.75,73.70,74.81,5900,70.66
2007-11-08,74.85,75.43,73.60,75.43,20700,71.24
2007-11-07,75.47,75.52,73.80,73.80,8400,69.70
2007-11-06,74.82,76.46,74.82,76.46,5000,72.22
2007-11-05,75.71,75.81,74.99,75.70,6200,71.50
2007-11-02,76.58,76.58,75.22,75.96,23200,71.74
2007-11-01,77.61,77.91,76.14,76.30,18100,72.07
2007-10-31,79.04,80.21,78.66,79.80,36400,75.37
2007-10-30,79.17,79.33,78.72,78.76,11900,74.39
2007-10-29,79.64,79.84,78.93,79.27,18700,74.87
2007-10-26,78.63,79.38,78.10,79.28,5000,74.88
2007-10-25,77.81,78.61,77.14,77.82,37700,73.50
2007-10-24,78.00,78.21,76.51,78.21,9400,73.87
2007-10-23,78.34,78.77,77.61,78.30,1500,73.95
2007-10-22,75.81,77.97,75.81,77.59,11800,73.28
2007-10-19,79.03,79.03,76.87,76.87,8400,72.60
2007-10-18,78.97,79.10,78.66,79.04,7400,74.65
2007-10-17,79.99,80.09,78.42,78.97,17700,74.59
2007-10-16,80.04,80.09,79.52,79.63,10700,75.21
2007-10-15,81.21,81.21,79.89,80.24,3100,75.79
2007-10-12,81.51,81.78,81.51,81.68,6600,77.15
2007-10-11,82.10,82.56,81.34,81.40,4400,76.88
2007-10-10,82.22,82.25,81.47,81.96,3600,77.41
2007-10-09,81.90,82.31,81.39,82.31,25000,77.74
2007-10-08,82.00,82.52,81.56,81.79,22200,77.25
2007-10-05,81.64,82.55,81.35,82.35,4300,77.78
2007-10-04,80.72,81.01,80.72,80.82,3800,76.33
2007-10-03,80.92,81.21,80.48,80.61,1900,76.14
2007-10-02,80.88,81.42,80.81,81.42,7000,76.90
2007-10-01,79.30,80.68,79.30,80.57,11200,76.10
2007-09-28,79.55,79.74,78.61,78.83,12400,74.45
2007-09-27,79.24,79.56,79.17,79.52,9700,75.11
2007-09-26,78.88,79.40,78.64,78.99,20500,74.61
2007-09-25,78.75,78.81,78.28,78.68,14500,74.10
2007-09-24,80.23,80.37,79.03,79.07,7100,74.47
2007-09-21,80.23,80.81,80.18,80.24,7100,75.57
2007-09-20,80.84,80.94,79.73,80.18,3200,75.51
2007-09-19,80.97,81.74,80.97,81.21,36900,76.48
2007-09-18,77.24,79.90,77.24,79.90,18700,75.25
2007-09-17,77.29,77.29,76.53,76.63,7500,72.17
2007-09-14,76.13,77.29,76.13,77.25,7000,72.75
2007-09-13,76.71,77.68,76.48,76.91,3200,72.43
2007-09-12,76.86,77.10,76.48,76.61,12700,72.15
2007-09-11,76.61,76.87,76.34,76.86,1700,72.39
2007-09-10,77.44,77.44,75.35,76.15,20400,71.72
2007-09-07,77.10,77.15,76.73,76.92,5600,72.44
2007-09-06,77.86,78.55,77.86,78.27,8600,73.71
2007-09-05,78.57,78.57,77.91,78.26,2700,73.71
2007-09-04,78.65,79.75,78.58,79.75,1400,75.11
2007-08-31,78.93,78.93,78.07,78.77,3400,74.19
2007-08-30,77.83,78.46,77.55,77.55,4400,73.04
2007-08-29,77.02,78.61,76.93,78.13,6900,73.58
2007-08-28,78.00,78.00,76.09,76.09,7100,71.66
2007-08-27,79.30,79.30,78.69,78.69,5300,74.11
2007-08-24,78.40,79.43,78.40,79.43,6300,74.81
2007-08-23,80.19,80.19,78.47,78.49,4100,73.92
2007-08-22,79.42,79.72,78.93,79.51,11900,74.88
2007-08-21,78.10,79.00,78.02,78.69,4800,74.11
2007-08-20,78.63,78.80,77.49,78.10,4800,73.55
2007-08-17,78.25,79.08,77.18,78.47,7900,73.90
2007-08-16,73.43,76.08,72.66,76.08,15800,71.65
2007-08-15,74.73,75.86,73.53,73.64,9000,69.35
2007-08-14,76.65,76.76,74.95,74.95,2900,70.59
2007-08-13,78.99,78.99,76.49,76.52,25800,72.07
2007-08-10,74.69,78.25,74.69,77.50,12700,72.99
2007-08-09,75.00,77.16,75.00,76.18,44700,71.75
2007-08-08,77.60,78.25,76.05,77.39,36900,72.89
2007-08-07,74.84,76.37,74.50,75.95,16500,71.53
2007-08-06,74.04,75.34,72.67,75.08,59500,70.71
2007-08-03,77.33,77.43,73.70,73.89,28300,69.59
2007-08-02,77.42,77.82,76.89,77.38,25600,72.88
2007-08-01,77.09,77.09,75.55,77.07,28600,72.58
2007-07-31,78.66,78.90,76.46,76.46,6500,72.01
2007-07-30,77.21,78.14,76.21,77.88,11700,73.35
2007-07-27,78.24,78.94,76.48,76.52,23800,72.07
2007-07-26,79.30,79.90,77.50,78.70,52400,74.12
2007-07-25,81.28,81.87,80.06,81.03,9100,76.31
2007-07-24,82.10,82.23,80.45,80.82,40300,76.12
2007-07-23,84.10,84.14,83.35,83.35,5900,78.50
2007-07-20,85.07,85.13,83.24,83.73,10700,78.86
2007-07-19,85.64,85.69,85.29,85.29,4300,80.33
2007-07-18,84.83,84.93,84.31,84.93,1800,79.99
2007-07-17,85.66,86.10,85.57,85.57,9600,80.59
2007-07-16,86.00,86.16,85.50,85.50,4800,80.52
2007-07-13,86.00,86.41,86.00,86.34,4500,81.31
2007-07-12,85.45,86.16,85.45,86.16,1600,81.15
2007-07-11,84.60,84.99,84.41,84.99,11300,80.04
2007-07-10,85.85,85.85,84.65,84.65,8800,79.72
2007-07-09,86.72,86.72,86.27,86.47,5500,81.44
2007-07-06,86.32,86.43,85.69,86.41,4800,81.38
2007-07-05,86.13,86.35,85.74,86.10,3700,81.09
2007-07-03,86.00,86.17,86.00,86.05,900,81.04
2007-07-02,85.33,85.88,85.23,85.73,3100,80.74
2007-06-29,85.62,85.97,84.72,84.72,4800,79.79
2007-06-28,85.87,86.61,85.87,86.21,3000,80.55
2007-06-27,84.30,85.95,84.30,85.88,34700,80.25
2007-06-26,85.35,85.35,84.70,84.99,1000,79.41
2007-06-25,85.80,86.20,85.17,85.28,6300,79.69
2007-06-22,86.32,86.32,85.53,85.84,4200,80.21
2007-06-21,86.00,86.65,85.59,86.65,5400,80.97
2007-06-20,87.60,87.60,86.35,86.35,2400,80.69
2007-06-19,87.36,87.71,87.16,87.71,2200,81.96
2007-06-18,87.98,87.98,87.24,87.54,8200,81.80
2007-06-15,87.73,88.05,87.71,87.71,5100,81.96
2007-06-14,86.81,86.94,86.41,86.41,3600,80.74
2007-06-13,85.52,86.27,85.21,86.24,3400,80.58
2007-06-12,85.66,85.79,85.25,85.25,2800,79.66
2007-06-11,86.18,86.89,86.18,86.39,2900,80.72
2007-06-08,85.59,86.86,85.59,86.75,4600,81.06
2007-06-07,87.20,87.20,85.79,85.80,8500,80.17
2007-06-06,87.51,87.71,87.24,87.56,2500,81.82
2007-06-05,88.76,88.76,88.02,88.26,3300,82.47
2007-06-04,88.58,89.18,88.58,89.16,1700,83.31
2007-06-01,88.95,89.01,88.73,88.88,2200,83.05
2007-05-31,88.48,88.48,87.90,88.13,2400,82.35
2007-05-30,86.90,88.02,86.88,87.80,3800,82.04
2007-05-29,86.71,87.45,86.71,87.36,4200,81.63
2007-05-25,86.59,86.83,86.35,86.59,4900,80.91
2007-05-24,87.15,87.75,85.97,86.01,76400,80.37
2007-05-23,87.80,88.19,87.43,87.43,2200,81.69
2007-05-22,87.62,87.62,87.15,87.55,3000,81.81
2007-05-21,86.71,87.50,86.71,87.18,3700,81.46
2007-05-18,85.94,86.49,85.94,86.49,700,80.82
2007-05-17,86.00,86.18,85.93,85.99,1300,80.35
2007-05-16,86.00,86.32,85.86,86.32,2200,80.66
2007-05-15,86.33,87.06,85.70,85.70,9900,80.08
2007-05-14,87.11,87.11,86.29,86.29,2400,80.63
2007-05-11,86.66,87.03,86.66,87.03,5500,81.32
2007-05-10,86.82,86.92,86.06,86.06,6000,80.41
2007-05-09,86.85,87.96,86.85,87.64,18200,81.89
2007-05-08,86.73,87.19,86.48,87.16,17300,81.44
2007-05-07,87.32,87.39,87.14,87.14,9600,81.42
2007-05-04,86.89,86.89,86.66,86.66,10800,80.98
2007-05-03,86.80,86.85,86.44,86.61,2800,80.93
2007-05-02,85.49,86.74,85.49,86.59,5500,80.91
2007-05-01,85.11,85.38,84.71,85.38,6500,79.78
2007-04-30,86.38,86.64,85.08,85.18,4800,79.59
2007-04-27,87.00,87.00,86.44,86.80,4000,81.11
2007-04-26,86.90,87.32,86.49,87.13,4000,81.41
2007-04-25,86.54,87.06,86.33,87.00,4900,81.29
2007-04-24,86.48,86.48,85.74,86.05,3300,80.41
2007-04-23,86.29,86.56,86.13,86.15,3600,80.50
2007-04-20,86.37,86.55,85.89,86.31,3100,80.65
2007-04-19,85.00,85.57,85.00,85.24,4700,79.65
2007-04-18,86.00,86.21,85.90,86.15,4700,80.50
2007-04-17,86.25,86.48,86.11,86.31,2700,80.65
2007-04-16,85.75,86.23,85.75,86.14,5900,80.49
2007-04-13,84.70,84.98,84.31,84.97,2000,79.40
2007-04-12,83.80,84.49,83.48,84.35,1900,78.82
2007-04-11,84.55,84.55,83.78,83.95,3800,78.44
2007-04-10,84.43,84.78,84.43,84.52,2000,78.98
2007-04-09,84.50,84.50,84.15,84.37,6300,78.84
2007-04-05,84.47,84.51,84.47,84.49,900,78.95
2007-04-04,84.32,84.33,84.20,84.28,1300,78.75
2007-04-03,84.10,84.72,84.10,84.34,6300,78.81
2007-04-02,83.43,83.64,83.31,83.62,2300,78.13
2007-03-30,83.50,83.75,82.90,83.34,4100,77.87
2007-03-29,83.60,83.60,82.89,83.01,2500,77.56
2007-03-28,83.10,83.28,83.00,83.15,2700,77.70
2007-03-27,83.94,83.94,83.46,83.67,1700,78.18
2007-03-26,84.55,84.55,83.64,84.21,5900,78.69
2007-03-23,84.83,84.93,84.67,84.93,3400,79.36
2007-03-22,84.80,84.92,84.67,84.85,42500,79.28
2007-03-21,83.50,84.91,83.50,84.91,3900,79.34
2007-03-20,82.65,83.39,82.65,83.32,3000,77.85
2007-03-19,82.40,83.09,82.40,82.63,3900,77.21
2007-03-16,82.08,82.23,81.82,81.94,4400,76.56
2007-03-15,81.80,82.32,81.80,82.32,16600,76.92
2007-03-14,80.62,81.33,79.85,81.33,23800,76.00
2007-03-13,82.42,82.42,80.81,80.87,5400,75.57
2007-03-12,82.70,83.08,82.60,82.83,6800,77.40
2007-03-09,82.91,82.97,82.45,82.56,2800,77.14
2007-03-08,82.72,82.99,82.37,82.44,13000,77.03
2007-03-07,81.93,82.47,81.72,81.91,4200,76.54
2007-03-06,80.80,82.35,80.80,82.11,6300,76.72
2007-03-05,81.40,81.96,79.72,79.95,36100,74.71
2007-03-02,82.95,83.06,82.03,82.03,7300,76.65
2007-03-01,82.12,83.74,81.60,83.45,29600,77.98
2007-02-28,83.05,83.72,82.31,83.26,9000,77.80
2007-02-27,84.76,85.10,82.77,83.13,10900,77.68
2007-02-26,86.65,86.75,85.67,86.04,5100,80.40
2007-02-23,86.75,86.80,86.10,86.53,7200,80.85
2007-02-22,86.90,86.90,86.41,86.58,2200,80.90
2007-02-21,86.60,86.70,86.31,86.69,3400,81.00
2007-02-20,85.91,86.80,85.77,86.70,3500,81.01
2007-02-16,85.92,86.10,85.30,86.10,12500,80.45
2007-02-15,85.75,86.21,85.65,86.05,1700,80.41
2007-02-14,85.71,86.06,85.70,85.70,4800,80.08
2007-02-13,85.22,85.51,85.22,85.35,1400,79.75
2007-02-12,85.07,85.07,84.59,84.68,3500,79.13
2007-02-09,85.82,86.00,84.61,84.95,5200,79.38
2007-02-08,85.77,85.79,85.49,85.79,29400,80.16
2007-02-07,85.60,86.00,85.46,86.00,4000,80.36
2007-02-06,85.15,85.40,84.92,85.40,5000,79.80
2007-02-05,85.15,85.15,84.83,84.83,6600,79.27
2007-02-02,84.95,85.14,84.79,85.14,2600,79.56
2007-02-01,84.57,84.75,84.43,84.75,1600,79.19
2007-01-31,83.52,84.34,83.45,83.95,26900,78.44
2007-01-30,83.30,83.83,83.30,83.83,17800,78.33
2007-01-29,82.79,83.64,82.79,83.33,5900,77.86
2007-01-26,82.60,82.77,81.90,82.73,49400,77.30
2007-01-25,83.40,83.40,82.08,82.27,7400,76.87
2007-01-24,82.65,83.41,82.65,83.31,17600,77.85
2007-01-23,81.95,83.00,81.95,82.61,25700,77.19
2007-01-22,82.62,82.62,81.84,82.02,12500,76.64
2007-01-19,81.78,82.63,81.75,82.53,13100,77.12
2007-01-18,82.48,82.49,81.75,81.89,15600,76.52
2007-01-17,82.54,82.93,82.39,82.46,20900,77.05
2007-01-16,83.50,83.58,82.54,82.69,19600,77.27
2007-01-12,82.66,82.99,82.62,82.98,21000,77.54
2007-01-11,81.77,82.79,81.77,82.53,17300,77.12
2007-01-10,81.20,81.49,81.12,81.46,10700,76.12
2007-01-09,81.47,81.59,80.62,81.53,15600,76.18
2007-01-08,81.04,81.52,80.86,81.43,13100,76.09
2007-01-05,82.39,82.39,81.33,81.33,6800,76.00
2007-01-04,82.39,82.99,82.31,82.93,5100,77.49
2007-01-03,83.16,83.61,82.10,82.89,29900,77.45
2006-12-29,83.48,83.57,82.62,82.62,6700,77.20
2006-12-28,83.75,83.76,83.50,83.53,3700,78.05
2006-12-27,83.07,83.83,83.07,83.83,39100,78.33
2006-12-26,81.90,82.88,81.90,82.86,12300,77.42
2006-12-22,81.85,81.93,81.70,81.83,3500,76.46
2006-12-21,82.38,82.63,81.82,81.94,4000,76.56
2006-12-20,82.59,83.24,82.59,82.80,4500,77.37
2006-12-19,82.10,82.54,81.91,82.54,9900,77.13
2006-12-18,83.65,83.65,82.45,82.52,5600,77.11
2006-12-15,83.87,83.98,83.50,83.56,5600,78.08
2006-12-14,83.07,83.88,83.07,83.78,3900,78.28
2006-12-13,82.99,83.12,82.87,83.12,3600,77.67
2006-12-12,83.00,83.26,82.50,82.91,3400,77.47
2006-12-11,83.02,83.20,82.90,83.12,3200,77.67
2006-12-08,83.05,83.07,82.78,83.07,1000,77.62
2006-12-07,83.40,83.55,82.87,82.90,3800,77.46
2006-12-06,83.38,83.68,83.30,83.47,3300,77.99
2006-12-05,83.57,83.81,83.47,83.71,57200,78.22
2006-12-04,82.57,83.48,82.57,83.46,3800,77.99
2006-12-01,82.20,82.20,81.40,82.06,6300,76.68
2006-11-30,82.30,82.87,82.04,82.59,6100,77.17
2006-11-29,81.90,82.43,81.68,82.43,7500,77.02
2006-11-28,80.94,81.42,80.70,81.32,7700,75.99
2006-11-27,82.37,82.37,81.05,81.10,18500,75.78
2006-11-24,82.40,83.07,82.40,82.81,17200,77.38
2006-11-22,83.12,83.18,82.72,83.01,12700,77.56
2006-11-21,82.80,82.92,82.62,82.92,5400,77.48
2006-11-20,82.45,82.97,82.32,82.76,11800,77.33
2006-11-17,82.29,82.48,82.10,82.46,4800,77.05
2006-11-16,82.80,82.85,82.53,82.53,11900,77.12
2006-11-15,81.96,82.79,81.96,82.61,12500,77.19
2006-11-14,81.00,82.13,80.66,82.13,4700,76.74
2006-11-13,80.40,80.90,80.34,80.85,17900,75.55
2006-11-10,79.90,80.18,79.84,80.18,6400,74.92
2006-11-09,80.50,80.50,79.60,79.81,47900,74.57
2006-11-08,79.33,80.59,79.33,80.45,17000,75.17
2006-11-07,79.85,80.59,79.69,79.69,5000,74.46
2006-11-06,79.00,79.98,79.00,79.94,19300,74.70
2006-11-03,79.20,79.20,78.38,78.75,7200,73.58
2006-11-02,78.50,79.11,78.50,78.84,4000,73.67
2006-11-01,80.30,80.56,78.89,78.89,7900,73.72
2006-10-31,80.65,80.82,79.78,80.16,75900,74.90
2006-10-30,79.80,80.71,79.61,80.57,8100,75.28
2006-10-27,80.67,80.95,80.03,80.03,6900,74.78
2006-10-26,80.35,81.05,80.00,81.05,7500,75.73
2006-10-25,79.93,80.44,79.76,80.23,10000,74.97
2006-10-24,79.50,79.97,79.35,79.97,12500,74.72
2006-10-23,79.50,79.99,79.07,79.70,11100,74.47
2006-10-20,79.70,79.80,79.55,79.72,12300,74.49
2006-10-19,79.75,80.27,79.64,80.27,16800,75.00
2006-10-18,80.40,80.40,79.77,79.90,9400,74.66
2006-10-17,79.50,79.87,79.25,79.77,4500,74.54
2006-10-16,79.77,80.18,79.71,80.12,8000,74.86
2006-10-13,79.40,79.66,79.25,79.64,1400,74.42
2006-10-12,78.43,79.28,78.43,79.28,7300,74.08
2006-10-11,78.06,78.23,77.56,77.84,3900,72.73
2006-10-10,78.25,78.55,78.05,78.35,3300,73.21
2006-10-09,77.75,78.33,77.75,78.33,3000,73.19
2006-10-06,78.00,78.00,77.47,77.85,3400,72.74
2006-10-05,77.42,78.32,77.40,78.32,37100,73.18
2006-10-04,76.22,77.52,76.22,77.48,3800,72.40
2006-10-03,75.85,76.60,75.66,76.27,6400,71.27
2006-10-02,76.13,76.54,75.88,76.08,1600,71.09
2006-09-29,77.47,77.49,76.62,76.62,8100,71.59
2006-09-28,77.79,77.79,76.94,77.33,3000,72.26
2006-09-27,77.10,77.56,76.94,77.33,4100,72.26
2006-09-26,77.29,77.72,77.20,77.59,3400,72.50
2006-09-25,76.50,77.48,76.05,77.27,14800,72.20
2006-09-22,76.48,76.48,75.82,76.01,1300,71.02
2006-09-21,77.89,77.95,76.73,76.91,4200,71.86
2006-09-20,77.40,77.90,77.36,77.75,23500,72.65
2006-09-19,77.30,77.30,75.79,76.73,11300,71.70
2006-09-18,77.00,77.28,76.93,77.06,2300,72.01
2006-09-15,77.40,77.49,77.04,77.37,9100,72.29
2006-09-14,77.40,77.40,76.78,77.15,8400,72.09
2006-09-13,76.90,77.51,76.82,77.41,2700,72.33
2006-09-12,75.70,77.09,75.70,76.88,6400,71.84
2006-09-11,75.15,75.64,74.58,75.42,8100,70.47
2006-09-08,75.12,75.28,74.89,75.16,8800,70.23
2006-09-07,75.10,75.46,74.89,75.03,5600,70.11
2006-09-06,76.00,76.00,75.50,75.53,4100,70.58
2006-09-05,76.28,76.76,76.17,76.65,4100,71.62
2006-09-01,76.10,76.31,76.05,76.19,800,71.19
2006-08-31,76.13,76.31,75.97,76.12,3700,71.13
2006-08-30,75.73,76.00,75.71,75.92,25500,70.94
2006-08-29,74.85,75.39,74.46,75.39,2300,70.44
2006-08-28,74.06,74.67,74.06,74.55,11400,69.66
2006-08-25,74.10,74.14,73.81,74.06,7100,69.20
2006-08-24,74.24,74.34,73.61,73.95,6600,69.10
2006-08-23,75.15,75.15,73.88,74.16,9200,69.30
2006-08-22,74.66,75.22,74.66,74.95,11500,70.03
2006-08-21,75.01,75.03,74.65,74.81,31400,69.90
2006-08-18,75.45,75.45,74.78,75.23,7400,70.30
2006-08-17,74.95,75.65,74.86,75.32,5800,70.38
2006-08-16,74.80,75.24,74.49,75.00,6400,70.08
2006-08-15,73.94,74.38,73.80,74.30,9400,69.43
2006-08-14,73.10,73.74,72.72,72.76,60200,67.99
2006-08-11,72.65,72.67,72.24,72.41,5900,67.66
2006-08-10,72.20,73.30,71.96,73.00,10800,68.21
2006-08-09,73.70,74.00,72.61,72.66,12600,67.89
2006-08-08,74.20,74.58,73.03,73.15,11800,68.35
2006-08-07,73.90,74.11,73.47,73.71,10900,68.87
2006-08-04,75.55,75.55,73.67,74.05,11800,69.19
2006-08-03,73.10,74.51,73.10,74.42,15800,69.54
2006-08-02,73.35,73.83,73.19,73.50,10600,68.68
2006-08-01,73.05,73.32,72.56,73.06,13800,68.27
2006-07-31,73.70,73.88,73.26,73.70,14200,68.87
2006-07-28,73.37,74.18,73.20,74.03,18200,69.17
2006-07-27,73.95,74.11,72.53,72.60,26700,67.84
2006-07-26,73.38,73.95,72.62,73.31,25700,68.50
2006-07-25,72.88,74.09,72.88,73.60,20200,68.77
2006-07-24,72.09,73.06,72.05,73.04,12200,68.25
2006-07-21,71.65,71.70,71.00,71.36,33200,66.68
2006-07-20,73.76,73.76,72.07,72.07,5700,67.34
2006-07-19,72.97,73.98,72.97,73.76,13400,68.92
2006-07-18,72.13,72.20,71.13,72.20,39100,67.46
2006-07-17,72.01,72.01,71.35,71.53,16200,66.84
2006-07-14,72.00,72.00,70.90,71.90,40900,67.18
2006-07-13,72.80,73.25,72.03,72.20,10300,67.46
2006-07-12,74.59,74.61,73.40,73.40,18700,68.59
2006-07-11,74.07,74.63,73.43,74.63,19000,69.73
2006-07-10,74.25,74.63,74.05,74.20,12200,69.33
2006-07-07,74.27,74.88,73.67,73.67,6400,68.84
2006-07-06,74.80,74.92,74.36,74.59,9600,69.70
2006-07-05,74.48,74.63,73.88,74.37,8000,69.49
2006-07-03,74.80,75.05,74.67,75.05,2000,70.13
2006-06-30,74.94,75.09,74.53,74.82,21100,69.91
2006-06-29,73.60,74.89,73.22,74.89,34100,69.98
2006-06-28,72.70,72.76,72.12,72.70,6100,67.93
2006-06-27,73.48,73.48,72.45,72.50,6700,67.74
2006-06-26,73.03,73.43,73.03,73.35,7200,68.54
2006-06-23,72.34,72.94,72.34,72.51,6300,67.75
2006-06-22,72.85,72.94,72.45,72.62,9400,67.58
2006-06-21,72.38,73.24,72.38,72.99,12100,67.93
2006-06-20,72.40,72.83,72.12,72.19,30900,67.18
2006-06-19,73.50,73.50,72.17,72.26,22000,67.25
2006-06-16,74.00,74.00,73.17,73.33,8400,68.24
2006-06-15,72.78,74.26,72.77,74.17,15000,69.02
2006-06-14,71.50,72.00,71.15,71.80,22600,66.82
2006-06-13,72.59,73.16,71.35,71.54,33800,66.58
2006-06-12,73.75,73.75,72.48,72.48,16600,67.45
2006-06-09,74.50,75.06,73.80,74.00,18400,68.87
2006-06-08,73.60,74.55,72.30,74.49,17100,69.32
2006-06-07,74.60,75.54,74.13,74.19,25900,69.04
2006-06-06,74.30,74.54,73.74,74.54,22200,69.37
2006-06-05,76.25,76.54,74.77,74.77,10800,69.58
2006-06-02,77.18,77.18,76.42,76.69,4500,71.37
2006-06-01,75.44,76.52,75.44,76.52,5600,71.21
2006-05-31,74.62,75.20,74.47,75.08,15000,69.87
2006-05-30,75.52,75.52,74.24,74.24,6500,69.09
2006-05-26,76.07,76.14,75.75,75.97,5300,70.70
2006-05-25,75.00,75.58,74.75,75.58,15100,70.34
2006-05-24,74.00,74.60,72.88,74.31,16900,69.15
2006-05-23,75.64,75.70,74.18,74.18,14100,69.03
2006-05-22,74.61,75.20,73.80,75.20,25600,69.98
2006-05-19,74.83,75.70,74.24,75.25,41500,70.03
2006-05-18,75.70,75.86,74.76,74.76,8700,69.57
2006-05-17,75.59,75.71,75.00,75.34,16600,70.11
2006-05-16,76.88,76.88,76.19,76.26,7200,70.97
2006-05-15,76.35,76.50,75.55,76.45,9900,71.15
2006-05-12,76.89,77.34,76.37,76.40,28700,71.10
2006-05-11,79.30,79.30,77.82,77.82,9900,72.42
2006-05-10,79.60,79.73,79.04,79.23,11400,73.73
2006-05-09,79.60,79.86,79.56,79.82,5200,74.28
2006-05-08,79.56,79.71,79.39,79.66,10100,74.13
2006-05-05,79.47,79.89,79.33,79.74,13200,74.21
2006-05-04,78.36,78.85,78.35,78.85,6900,73.38
2006-05-03,78.25,78.37,77.63,78.37,15000,72.93
2006-05-02,77.67,77.94,77.22,77.81,25200,72.41
2006-05-01,78.18,78.28,77.34,77.43,22200,72.06
2006-04-28,77.25,78.00,77.25,77.64,27900,72.25
2006-04-27,76.91,78.38,76.91,77.55,38000,72.17
2006-04-26,78.00,78.45,77.61,77.85,16700,72.45
2006-04-25,77.78,77.78,77.38,77.75,15100,72.36
2006-04-24,78.30,78.30,77.76,77.96,6900,72.55
2006-04-21,78.96,78.96,78.01,78.27,24600,72.84
2006-04-20,78.55,78.77,77.85,78.31,11900,72.88
2006-04-19,78.25,78.68,77.87,78.68,15800,73.22
2006-04-18,76.40,78.07,76.40,78.07,8200,72.65
2006-04-17,76.37,76.37,75.67,75.87,6600,70.61
2006-04-13,75.90,76.61,75.90,76.22,24100,70.93
2006-04-12,76.06,76.15,75.91,76.15,4300,70.87
2006-04-11,77.00,77.00,75.58,75.83,9400,70.57
2006-04-10,77.10,77.40,76.48,76.71,1300,71.39
2006-04-07,78.55,78.55,77.07,77.15,12300,71.80
2006-04-06,78.05,78.13,77.66,77.97,4400,72.56
2006-04-05,77.97,78.14,77.40,78.14,10700,72.72
2006-04-04,77.56,78.07,77.34,77.73,8100,72.34
2006-04-03,78.05,78.41,77.52,77.52,7000,72.14
2006-03-31,77.79,78.02,77.46,78.00,60100,72.59
2006-03-30,78.27,78.27,77.42,77.66,10000,72.27
2006-03-29,77.20,78.03,77.13,78.03,4500,72.62
2006-03-28,77.13,77.48,76.62,76.70,6000,71.38
2006-03-27,77.08,77.13,76.79,77.02,4700,71.68
2006-03-24,77.00,77.35,76.91,77.35,5200,71.98
2006-03-23,76.51,76.89,76.51,76.87,7000,71.54
2006-03-22,75.78,76.57,75.58,76.54,11700,71.23
2006-03-21,76.52,77.07,75.80,75.80,14900,70.54
2006-03-20,76.91,77.06,76.57,77.00,12600,71.66
2006-03-17,76.89,77.25,76.89,77.15,1100,71.80
2006-03-16,76.79,77.25,76.79,76.89,4000,71.56
2006-03-15,75.90,76.55,75.75,76.55,3600,71.24
2006-03-14,74.82,75.98,74.74,75.90,3800,70.63
2006-03-13,75.40,75.56,74.83,74.83,11800,69.64
2006-03-10,74.11,74.89,73.86,74.89,7700,69.69
2006-03-09,74.40,74.78,74.00,74.11,2300,68.97
2006-03-08,73.95,74.38,73.47,74.29,6600,69.14
2006-03-07,74.50,74.50,74.00,74.10,3000,68.96
2006-03-06,75.34,75.49,74.71,74.95,2700,69.75
2006-03-03,75.57,76.09,75.39,75.46,6300,70.22
2006-03-02,75.65,75.81,75.53,75.81,6100,70.55
2006-03-01,75.60,76.04,75.33,76.04,7100,70.76
2006-02-28,76.00,76.00,75.20,75.25,18200,70.03
2006-02-27,76.36,76.50,76.23,76.31,9900,71.02
2006-02-24,75.55,76.01,75.45,76.01,8700,70.74
2006-02-23,75.66,76.13,75.66,75.70,2900,70.45
2006-02-22,75.60,76.08,75.18,76.08,10600,70.80
2006-02-21,75.62,75.74,74.90,75.07,12000,69.86
2006-02-17,75.30,75.71,75.16,75.52,5800,70.28
2006-02-16,75.40,75.50,74.96,75.46,2300,70.22
2006-02-15,74.43,74.98,74.17,74.98,6700,69.78
2006-02-14,73.44,74.65,73.23,74.65,4600,69.47
2006-02-13,73.75,73.75,73.15,73.34,8600,68.25
2006-02-10,73.80,74.06,73.39,74.06,11700,68.92
2006-02-09,74.40,74.74,74.02,74.02,5000,68.88
2006-02-08,74.02,74.39,73.66,74.39,3800,69.23
2006-02-07,74.84,75.00,73.95,74.02,9700,68.88
2006-02-06,74.60,74.93,74.25,74.93,22700,69.73
2006-02-03,74.50,75.02,74.17,74.60,10000,69.42
2006-02-02,75.62,75.62,74.43,74.63,7500,69.45
2006-02-01,75.30,75.80,75.30,75.65,6200,70.40
2006-01-31,75.05,75.66,74.86,75.38,1800,70.15
2006-01-30,75.55,75.56,75.24,75.24,2400,70.02
2006-01-27,75.19,75.90,75.19,75.46,7700,70.22
2006-01-26,74.77,75.23,74.49,75.23,9100,70.01
2006-01-25,74.45,74.59,73.98,74.10,8100,68.96
2006-01-24,73.71,74.37,73.71,74.28,16000,69.13
2006-01-23,73.99,73.99,72.97,73.32,9300,68.23
2006-01-20,73.41,73.41,72.73,72.81,7700,67.76
2006-01-19,73.12,73.89,73.12,73.77,8300,68.65
2006-01-18,72.82,72.93,72.61,72.93,51400,67.87
2006-01-17,73.10,73.10,72.55,72.89,4900,67.83
2006-01-13,73.70,73.70,73.35,73.53,6100,68.43
2006-01-12,73.94,73.94,73.37,73.45,6800,68.35
2006-01-11,74.10,74.10,73.60,73.91,1000,68.78
2006-01-10,73.30,74.08,73.23,74.08,8200,68.94
2006-01-09,72.99,73.71,72.99,73.56,8500,68.46
2006-01-06,72.65,72.94,72.28,72.91,24300,67.85
2006-01-05,72.30,72.49,72.15,72.28,22400,67.27
2006-01-04,71.82,72.33,71.82,72.25,12100,67.24
2006-01-03,70.93,71.71,69.91,71.71,14900,66.73
2005-12-30,70.40,70.76,70.34,70.55,4400,65.66
2005-12-29,71.40,71.55,71.08,71.11,11800,66.18
2005-12-28,71.27,71.39,71.10,71.33,4300,66.38
2005-12-27,72.15,72.18,70.99,71.06,1900,66.13
2005-12-23,72.00,72.01,71.79,71.91,3700,66.92
2005-12-22,72.14,72.15,71.79,72.15,7600,66.62
2005-12-21,71.64,71.92,71.45,71.63,21800,66.14
2005-12-20,71.25,71.64,71.04,71.09,6200,65.64
2005-12-19,71.92,71.92,71.12,71.16,9300,65.71
2005-12-16,72.26,72.68,72.09,72.23,72100,66.69
2005-12-15,72.72,72.72,71.95,72.15,19800,66.62
2005-12-14,72.74,72.93,72.38,72.56,2700,67.00
2005-12-13,72.20,72.58,72.15,72.39,5800,66.84
2005-12-12,72.56,72.56,71.92,72.16,5300,66.63
2005-12-09,72.06,72.36,71.83,72.22,9900,66.68
2005-12-08,71.60,72.32,71.44,71.95,9400,66.44
2005-12-07,71.65,72.06,71.43,71.51,4800,66.03
2005-12-06,72.30,72.49,72.05,72.08,2300,66.56
2005-12-05,72.02,72.02,71.53,71.76,44700,66.26
2005-12-02,72.20,72.29,71.85,72.19,2100,66.66
2005-12-01,71.54,72.49,71.54,72.49,6700,66.93
2005-11-30,71.20,71.53,71.04,71.06,22400,65.61
2005-11-29,71.20,71.40,70.96,71.01,13100,65.57
2005-11-28,71.65,71.65,70.60,70.60,11300,65.19
2005-11-25,71.42,71.64,71.42,71.64,2100,66.15
2005-11-23,71.38,71.95,71.38,71.60,4000,66.11
2005-11-22,71.08,71.56,70.88,71.56,7900,66.08
2005-11-21,70.70,71.37,70.40,71.31,4900,65.84
2005-11-18,70.50,70.70,70.39,70.55,6300,65.14
2005-11-17,69.65,70.38,69.54,70.38,8000,64.99
2005-11-16,69.53,69.53,68.78,69.15,7300,63.85
2005-11-15,70.10,70.10,69.13,69.18,13900,63.88
2005-11-14,70.55,70.55,69.70,70.11,7600,64.74
2005-11-11,70.12,70.50,70.04,70.34,5100,64.95
2005-11-10,69.06,70.05,68.47,70.00,2100,64.64
2005-11-09,69.10,69.78,69.10,69.39,15200,64.07
2005-11-08,68.91,69.03,68.68,68.85,6700,63.57
2005-11-07,69.62,69.63,68.95,69.62,4500,64.28
2005-11-04,69.40,69.40,68.77,69.13,1600,63.83
2005-11-03,69.84,69.84,69.20,69.29,4800,63.98
2005-11-02,68.39,69.14,68.39,69.08,3900,63.79
2005-11-01,67.98,68.38,67.71,68.09,5900,62.87
2005-10-31,68.23,68.66,68.18,68.28,11300,63.05
2005-10-28,66.67,67.37,66.25,67.32,6100,62.16
2005-10-27,66.83,66.83,66.06,66.07,10400,61.01
2005-10-26,67.92,68.06,67.16,67.16,4900,62.01
2005-10-25,67.99,68.27,67.32,67.40,3200,62.23
2005-10-24,67.20,67.93,67.20,67.93,2900,62.72
2005-10-21,66.41,67.03,66.37,66.85,3600,61.73
2005-10-20,67.32,67.32,65.85,65.85,5300,60.80
2005-10-19,65.60,66.97,65.27,66.97,11100,61.84
2005-10-18,66.62,66.82,65.93,66.17,7500,61.10
2005-10-17,66.73,66.91,66.25,66.91,7800,61.78
2005-10-14,66.13,66.59,65.45,66.59,4700,61.49
2005-10-13,65.51,65.76,64.88,65.70,8900,60.66
2005-10-12,66.14,66.32,65.08,65.68,7600,60.65
2005-10-11,67.60,67.60,66.36,66.36,7100,61.27
2005-10-10,68.04,68.04,67.02,67.13,11700,61.99
2005-10-07,67.83,67.94,67.55,67.94,4500,62.73
2005-10-06,67.85,68.29,67.18,67.54,66500,62.36
2005-10-05,69.74,69.86,67.93,67.93,38900,62.72
2005-10-04,71.19,71.19,70.00,70.00,2800,64.64
2005-10-03,70.93,71.38,70.83,70.97,1900,65.53
2005-09-30,70.47,70.92,70.47,70.77,2900,65.35
2005-09-29,69.55,70.64,69.34,70.64,4500,65.23
2005-09-28,70.06,70.15,69.32,69.54,29600,64.21
2005-09-27,69.53,70.10,69.43,69.87,4400,64.52
2005-09-26,70.14,70.16,69.69,69.88,6200,64.52
2005-09-23,69.21,70.01,69.14,69.90,3800,64.54
2005-09-22,68.61,69.58,68.48,69.58,5800,64.25
2005-09-21,69.97,70.10,69.26,69.26,8200,63.95
2005-09-20,71.46,71.48,70.21,70.40,5600,65.00
2005-09-19,71.59,71.59,71.04,71.04,3000,65.60
2005-09-16,71.50,71.77,71.26,71.77,1500,66.27
2005-09-15,71.30,71.30,71.00,71.11,2100,65.66
2005-09-14,71.56,71.60,71.08,71.12,4100,65.67
2005-09-13,71.99,72.11,71.62,71.66,3400,66.17
2005-09-12,72.00,72.66,71.97,72.60,4200,67.04
2005-09-09,71.91,72.13,71.90,72.13,5600,66.60
2005-09-08,71.98,71.98,71.43,71.43,2400,65.96
2005-09-07,71.91,71.99,71.90,71.99,1400,66.47
2005-09-06,71.27,71.91,71.27,71.91,5900,66.40
2005-09-02,71.40,71.40,70.84,70.84,1300,65.41
2005-09-01,71.31,71.54,71.07,71.42,1900,65.95
2005-08-31,69.93,70.97,69.78,70.97,9600,65.53
2005-08-30,69.76,69.96,69.54,69.96,1800,64.60
2005-08-29,69.10,70.00,68.97,69.93,9700,64.57
2005-08-26,69.41,69.66,69.38,69.50,9400,64.17
2005-08-25,70.04,70.44,70.04,70.17,2500,64.79
2005-08-24,69.90,70.62,69.76,69.76,7000,64.41
2005-08-23,70.09,70.26,69.72,70.00,3400,64.64
2005-08-22,70.03,70.30,69.74,70.07,11300,64.70
2005-08-19,69.66,69.89,69.66,69.86,1200,64.51
2005-08-18,69.46,69.76,69.38,69.56,34600,64.23
2005-08-17,69.75,70.40,69.75,69.88,14800,64.52
2005-08-16,70.59,70.59,70.19,70.21,3400,64.83
2005-08-15,70.86,71.43,70.86,71.27,1300,65.81
2005-08-12,70.82,70.97,69.94,70.62,5300,65.21
2005-08-11,70.55,71.16,70.40,71.16,2800,65.71
2005-08-10,71.11,71.45,70.29,70.48,2600,65.08
2005-08-09,70.54,70.54,70.42,70.47,1100,65.07
2005-08-08,71.22,71.22,70.26,70.26,2300,64.88
2005-08-05,71.69,71.69,70.51,70.80,3900,65.37
2005-08-04,72.96,72.96,72.05,72.05,4300,66.53
2005-08-03,73.26,73.44,73.11,73.11,2600,67.51
2005-08-02,73.26,73.65,73.26,73.65,6200,68.01
2005-08-01,73.12,73.31,72.90,72.94,10700,67.35
2005-07-29,73.21,73.37,72.62,72.62,7300,67.05
2005-07-28,72.46,73.12,72.46,73.12,2000,67.52
2005-07-27,72.28,72.28,71.75,71.99,5100,66.47
2005-07-26,72.05,72.36,71.88,72.28,2900,66.74
2005-07-25,72.65,72.85,71.80,71.80,11100,66.30
2005-07-22,71.78,72.49,71.65,72.49,4800,66.93
2005-07-21,72.38,72.38,71.56,71.77,7600,66.27
2005-07-20,71.61,72.47,71.59,72.43,3400,66.88
2005-07-19,70.80,71.86,70.80,71.77,65000,66.27
2005-07-18,70.59,70.99,70.59,70.72,3700,65.30
2005-07-15,70.76,71.31,70.73,71.23,4400,65.77
2005-07-14,72.37,72.37,71.02,71.13,4400,65.68
2005-07-13,72.00,72.00,71.36,71.74,27000,66.24
2005-07-12,71.90,72.26,71.62,71.89,20600,66.38
2005-07-11,71.23,72.07,71.23,71.99,11900,66.47
2005-07-08,69.74,71.01,69.74,71.01,5600,65.57
2005-07-07,68.74,69.50,68.69,69.50,2800,64.17
2005-07-06,69.95,70.12,69.49,69.49,8100,64.16
2005-07-05,69.20,70.00,69.20,69.93,6300,64.57
2005-07-01,69.11,69.11,68.73,69.04,2600,63.75
2005-06-30,69.32,69.32,68.69,68.70,18100,63.43
2005-06-29,68.97,69.11,68.97,69.08,2800,63.79
2005-06-28,68.11,68.83,68.11,68.82,7500,63.55
2005-06-27,67.62,67.65,67.40,67.65,4200,62.47
2005-06-24,68.15,68.15,67.41,67.46,7000,62.29
2005-06-23,69.19,69.29,68.50,68.50,2700,63.25
2005-06-22,69.36,69.40,69.02,69.19,2400,63.89
2005-06-21,69.31,69.31,69.12,69.15,1200,63.85
2005-06-20,69.54,69.69,69.28,69.56,4000,64.23
2005-06-17,69.96,69.97,69.54,69.82,35100,64.47
2005-06-16,69.05,69.56,69.02,69.56,3200,64.23
2005-06-15,68.94,68.99,68.53,68.99,6100,63.70
2005-06-14,68.03,68.76,68.03,68.75,5300,63.48
2005-06-13,67.67,68.10,67.47,67.84,3100,62.64
2005-06-10,67.58,67.70,67.50,67.50,300,62.33
2005-06-09,66.78,67.52,66.71,67.52,2500,62.35
2005-06-08,67.40,67.60,66.97,67.12,5400,61.98
2005-06-07,67.40,67.88,67.21,67.21,5200,62.06
2005-06-06,66.64,67.06,66.55,67.06,6600,61.92
2005-06-03,67.12,67.18,66.56,66.74,3800,61.62
2005-06-02,66.92,67.24,66.88,67.21,14200,62.06
2005-06-01,66.20,67.15,66.20,67.01,7800,61.87
2005-05-31,66.45,66.58,66.07,66.28,2300,61.20
2005-05-27,65.93,66.29,65.80,66.15,3900,61.08
2005-05-26,65.84,65.87,65.68,65.87,2400,60.82
2005-05-25,65.29,65.34,64.90,65.11,1700,60.12
2005-05-24,65.50,65.78,65.48,65.76,5700,60.72
2005-05-23,65.49,65.99,65.49,65.94,2700,60.89
2005-05-20,65.30,65.36,65.22,65.36,400,60.35
2005-05-19,65.46,65.46,65.13,65.45,4600,60.43
2005-05-18,64.73,65.13,64.73,64.91,2700,59.94
2005-05-17,63.35,63.89,63.00,63.86,5000,58.97
2005-05-16,62.75,63.35,62.74,63.35,7200,58.49
2005-05-13,62.66,62.96,61.98,62.19,1800,57.42
2005-05-12,64.33,64.33,62.96,62.97,6400,58.14
2005-05-11,63.63,64.21,63.40,64.10,42000,59.19
2005-05-10,64.39,64.39,63.82,63.90,39700,59.00
2005-05-09,63.97,64.54,63.97,64.29,2500,59.36
2005-05-06,64.09,64.22,64.00,64.00,3600,59.09
2005-05-05,64.30,64.31,63.53,63.73,13500,58.85
2005-05-04,63.15,64.12,63.15,63.97,7200,59.07
2005-05-03,62.90,63.10,62.59,62.84,8000,58.02
2005-05-02,62.76,62.76,62.30,62.51,4500,57.72
2005-04-29,61.97,62.26,61.25,62.26,15900,57.49
2005-04-28,62.87,62.87,61.88,61.88,7500,57.14
2005-04-27,62.75,63.44,62.30,63.04,9300,58.21
2005-04-26,63.61,64.03,62.99,62.99,14500,58.16
2005-04-25,63.55,63.86,63.41,63.85,6700,58.96
2005-04-22,63.75,63.75,62.63,63.07,15400,58.24
2005-04-21,63.43,63.93,62.99,63.93,11400,59.03
2005-04-20,63.40,63.45,62.61,62.62,5500,57.82
2005-04-19,63.27,63.60,63.17,63.58,9500,58.71
2005-04-18,62.38,62.79,62.13,62.70,7400,57.89
2005-04-15,63.12,63.48,62.21,62.21,16000,57.44
2005-04-14,64.63,64.63,63.40,63.40,10100,58.54
2005-04-13,65.42,65.45,64.40,64.40,10800,59.46
2005-04-12,64.60,65.61,64.19,65.51,55900,60.49
2005-04-11,65.20,65.20,64.72,64.85,5900,59.88
2005-04-08,65.80,65.80,65.41,65.41,6200,60.40
2005-04-07,65.53,65.90,65.45,65.78,3400,60.74
2005-04-06,66.04,66.04,65.73,65.73,11000,60.69
2005-04-05,65.67,65.67,65.42,65.56,6800,60.54
2005-04-04,64.75,65.50,64.75,65.50,9000,60.48
2005-04-01,66.06,66.06,64.96,65.09,3400,60.10
2005-03-31,65.48,65.73,65.48,65.56,900,60.54
2005-03-30,65.09,65.61,65.07,65.61,2500,60.58
2005-03-29,65.80,65.80,64.47,64.47,26400,59.53
2005-03-28,65.68,65.75,65.51,65.51,4300,60.49
2005-03-24,66.20,66.41,66.03,66.03,25300,60.97
2005-03-23,65.88,65.98,65.66,65.98,1800,60.92
2005-03-22,66.92,67.32,66.25,66.25,3800,61.17
2005-03-21,66.38,66.69,66.38,66.61,3000,61.50
2005-03-18,66.57,66.76,66.50,66.76,5700,61.64
2005-03-17,66.84,67.06,66.69,67.05,6500,61.91
2005-03-16,67.10,67.12,66.64,66.77,2100,61.65
2005-03-15,67.92,67.92,67.27,67.28,1500,62.12
2005-03-14,67.21,67.58,67.21,67.33,3300,62.17
2005-03-11,67.11,67.22,66.95,66.97,7100,61.84
2005-03-10,67.53,67.55,66.91,66.97,8300,61.84
2005-03-09,67.90,67.91,67.40,67.72,11500,62.53
2005-03-08,68.66,68.66,68.03,68.15,7000,62.93
2005-03-07,68.64,68.92,68.57,68.57,11400,63.31
2005-03-04,68.00,68.64,68.00,68.63,6300,63.37
2005-03-03,67.74,67.82,67.19,67.65,9400,62.47
2005-03-02,67.37,67.96,67.27,67.52,12300,62.35
2005-03-01,67.46,67.83,67.23,67.83,4100,62.63
2005-02-28,67.40,67.46,66.65,67.10,6600,61.96
2005-02-25,66.49,67.37,66.48,67.37,6000,62.21
2005-02-24,65.83,66.36,65.64,66.36,2700,61.27
2005-02-23,65.90,66.03,65.62,65.87,7100,60.82
2005-02-22,66.19,66.72,65.49,65.49,3500,60.47
2005-02-18,67.15,67.18,66.67,66.90,10200,61.77
2005-02-17,67.99,67.99,67.37,67.39,3700,62.23
2005-02-16,67.26,68.05,67.26,67.85,15400,62.65
2005-02-15,67.60,67.90,67.38,67.60,20100,62.42
2005-02-14,67.54,67.56,67.26,67.45,8300,62.28
2005-02-11,66.33,67.48,66.33,67.35,14000,62.19
2005-02-10,66.59,66.81,66.30,66.74,11300,61.62
2005-02-09,67.25,67.25,66.62,66.62,4300,61.51
2005-02-08,67.65,67.69,67.39,67.63,4200,62.45
2005-02-07,67.75,67.88,67.36,67.50,13100,62.33
2005-02-04,66.99,67.59,66.99,67.59,17800,62.41
2005-02-03,66.78,66.87,66.55,66.79,7300,61.67
2005-02-02,66.55,66.94,66.49,66.94,4900,61.81
2005-02-01,66.20,66.59,66.11,66.51,9400,61.41
2005-01-31,65.74,66.13,65.54,66.01,12700,60.95
2005-01-28,65.35,65.35,64.74,65.02,15900,60.04
2005-01-27,65.12,65.69,65.11,65.29,9800,60.29
2005-01-26,64.55,65.09,64.53,65.06,8600,60.07
2005-01-25,64.92,65.13,64.40,64.51,9900,59.57
2005-01-24,65.00,65.00,64.29,64.29,12400,59.36
2005-01-21,65.03,65.39,64.76,64.77,6900,59.81
2005-01-20,65.28,65.44,64.84,65.28,17200,60.28
2005-01-19,66.00,66.21,65.78,65.78,10300,60.74
2005-01-18,65.20,66.27,65.20,66.22,11600,61.14
2005-01-14,65.02,65.39,65.02,65.36,6200,60.35
2005-01-13,64.90,65.00,64.51,64.72,2800,59.76
2005-01-12,64.70,64.77,64.04,64.74,49400,59.78
2005-01-11,64.51,65.05,64.51,64.93,4700,59.95
2005-01-10,65.00,65.78,65.00,65.28,16200,60.28
2005-01-07,65.64,65.64,64.90,64.90,14400,59.93
2005-01-06,65.68,65.93,65.26,65.55,17400,60.53
2005-01-05,66.30,66.50,65.29,65.29,23200,60.29
2005-01-04,68.10,68.10,66.67,66.67,7500,61.56
2005-01-03,69.28,69.28,67.75,67.76,7900,62.57
2004-12-31,68.80,69.17,68.78,68.96,1200,63.67
2004-12-30,69.05,69.05,68.87,68.89,7300,63.61
2004-12-29,68.89,69.01,68.79,69.01,1500,63.72
2004-12-28,68.54,68.99,68.54,68.99,7300,63.70
2004-12-27,68.90,68.90,68.02,68.14,5000,62.92
2004-12-23,69.13,69.27,69.10,69.12,7200,63.82
2004-12-22,68.91,69.16,68.91,69.14,33600,63.84
2004-12-21,68.43,68.84,68.17,68.84,54200,63.56
2004-12-20,68.37,68.61,67.78,67.96,7500,62.75
2004-12-17,68.15,68.30,67.81,68.20,8200,62.97
2004-12-16,68.75,68.75,68.00,68.21,7000,62.98
2004-12-15,68.54,68.71,68.24,68.71,3700,63.44
2004-12-14,67.85,68.14,67.74,68.14,3200,62.92
2004-12-13,67.35,67.71,67.20,67.71,3000,62.52
2004-12-10,66.80,67.38,66.74,67.17,2100,62.02
2004-12-09,66.75,66.90,66.28,66.83,13900,61.71
2004-12-08,66.67,67.03,66.67,67.01,5100,61.87
2004-12-07,67.65,67.65,66.51,66.52,13500,61.42
2004-12-06,67.67,67.96,67.59,67.80,5600,62.60
2004-12-03,67.75,68.10,67.75,67.98,10200,62.77
2004-12-02,68.43,68.43,67.83,67.92,5700,62.71
2004-12-01,67.92,68.54,67.92,68.52,5000,63.27
2004-11-30,67.45,67.62,67.45,67.52,8500,62.35
2004-11-29,67.21,67.74,66.84,67.45,5900,62.28
2004-11-26,67.39,67.47,67.39,67.46,1100,62.29
2004-11-24,66.82,67.10,66.82,67.07,2400,61.93
2004-11-23,66.18,66.34,65.60,66.18,4000,61.11
2004-11-22,64.88,66.02,64.85,65.98,31200,60.92
2004-11-19,65.18,65.37,65.03,65.08,7400,60.09
2004-11-18,65.90,65.90,65.63,65.82,2700,60.78
2004-11-17,66.27,66.29,65.54,65.63,4700,60.60
2004-11-16,65.98,65.98,65.47,65.47,3800,60.45
2004-11-15,65.80,66.07,65.73,65.91,15500,60.86
2004-11-12,65.18,66.01,65.15,66.01,2200,60.95
2004-11-11,64.72,65.22,64.72,65.22,5200,60.22
2004-11-10,64.25,64.90,64.25,64.70,16300,59.74
2004-11-09,63.98,64.35,63.96,64.24,13000,59.32
2004-11-08,64.10,64.10,63.81,63.81,19600,58.92
2004-11-05,64.45,64.45,63.88,64.04,14300,59.13
2004-11-04,63.17,64.05,63.17,64.05,3900,59.14
2004-11-03,62.31,63.30,62.31,62.91,10100,58.09
2004-11-02,62.71,62.92,62.10,62.10,8500,57.34
2004-11-01,62.00,62.51,62.00,62.43,2200,57.65
2004-10-29,62.22,62.24,62.05,62.09,5100,57.33
2004-10-28,62.22,62.32,61.90,62.06,15600,57.30
2004-10-27,61.84,62.32,61.80,62.32,7200,57.54
2004-10-26,61.08,61.78,60.95,61.78,3000,57.05
2004-10-25,60.40,61.06,60.40,61.06,1700,56.38
2004-10-22,61.44,61.48,60.91,60.91,2300,56.24
2004-10-21,60.90,61.35,60.89,61.35,3800,56.65
2004-10-20,60.10,60.75,59.91,60.70,4700,56.05
2004-10-19,61.57,61.57,60.50,60.50,2200,55.86
2004-10-18,60.59,61.29,60.59,61.23,2800,56.54
2004-10-15,60.67,61.20,60.67,61.20,5200,56.51
2004-10-14,60.63,60.78,60.51,60.51,19100,55.87
2004-10-13,61.34,61.34,60.65,60.86,4700,56.20
2004-10-12,61.11,61.49,61.09,61.49,500,56.78
2004-10-11,61.54,61.63,61.54,61.62,2000,56.90
2004-10-08,61.96,62.38,61.68,61.68,29400,56.95
2004-10-07,62.92,62.92,62.22,62.27,4600,57.50
2004-10-06,62.76,63.05,62.72,63.05,1500,58.22
2004-10-05,62.85,62.85,62.54,62.61,3400,57.81
2004-10-04,62.75,62.92,62.66,62.66,3600,57.86
2004-10-01,61.98,62.25,61.78,62.18,2600,57.41
2004-09-30,61.10,61.28,61.01,61.20,3000,56.51
2004-09-29,60.42,60.82,60.42,60.77,2600,56.11
2004-09-28,60.00,60.51,60.00,60.51,1800,55.87
2004-09-27,60.11,60.11,59.74,59.74,2000,55.16
2004-09-24,60.72,60.86,60.72,60.84,700,56.18
2004-09-23,60.45,60.68,60.45,60.65,35700,56.00
2004-09-22,60.84,60.84,60.64,60.68,36700,56.03
2004-09-21,61.22,61.61,61.22,61.61,1700,56.89
2004-09-20,61.15,61.19,60.98,61.14,6600,56.45
2004-09-17,61.42,61.42,61.08,61.25,5900,56.56
2004-09-16,61.36,61.42,61.36,61.39,1200,56.68
2004-09-15,60.68,60.94,60.68,60.68,1800,56.03
2004-09-14,60.86,60.86,60.70,60.86,2200,56.20
2004-09-13,61.45,61.45,61.17,61.17,2800,56.48
2004-09-10,60.72,61.21,60.67,61.21,4100,56.52
2004-09-09,60.84,61.32,60.73,61.12,6000,56.44
2004-09-08,61.02,61.05,60.55,60.55,26700,55.91
2004-09-07,60.50,60.99,60.50,60.92,7400,56.25
2004-09-03,60.43,60.43,60.16,60.18,1100,55.57
2004-09-02,59.85,59.87,59.75,59.87,2400,55.28
2004-09-01,59.77,59.77,59.54,59.56,1500,55.00
2004-08-31,58.88,59.27,58.80,59.27,4100,54.73
2004-08-30,59.28,59.28,58.91,58.93,4600,54.41
2004-08-27,59.14,59.33,59.14,59.33,2200,54.78
2004-08-26,58.98,59.17,58.82,59.00,5700,54.48
2004-08-25,58.63,59.08,58.62,59.04,3600,54.52
2004-08-24,58.89,58.89,58.53,58.69,1700,54.19
2004-08-23,58.83,58.83,58.55,58.55,2100,54.06
2004-08-20,58.58,58.84,58.50,58.83,2200,54.32
2004-08-19,58.30,58.30,58.23,58.23,2100,53.77
2004-08-18,58.05,58.58,58.05,58.58,2800,54.09
2004-08-17,57.85,57.85,57.51,57.66,1500,53.24
2004-08-16,57.46,57.62,57.46,57.53,2700,53.12
2004-08-13,56.82,56.82,56.66,56.66,800,52.32
2004-08-12,56.90,56.90,56.62,56.62,400,52.28
2004-08-11,56.98,57.45,56.98,57.45,4300,53.05
2004-08-10,57.42,57.51,57.28,57.51,2100,53.10
2004-08-09,56.73,56.73,56.65,56.65,700,52.31
2004-08-06,57.00,57.05,56.86,56.86,2000,52.50
2004-08-05,58.55,58.55,57.48,57.48,1600,53.07
2004-08-04,58.25,58.69,58.13,58.69,1500,54.19
2004-08-03,58.72,58.78,58.52,58.78,600,54.28
2004-08-02,58.42,58.83,58.42,58.83,500,54.32
2004-07-30,58.60,58.60,58.60,58.60,100,54.11
2004-07-29,58.43,58.51,58.34,58.51,1600,54.03
2004-07-28,57.44,58.40,57.39,58.12,53000,53.67
2004-07-27,57.90,58.05,57.69,58.05,2000,53.60
2004-07-26,57.90,57.90,57.23,57.37,1400,52.97
2004-07-23,57.87,58.18,57.87,57.90,1000,53.46
2004-07-22,58.63,58.63,58.03,58.24,1800,53.78
2004-07-21,60.13,60.13,59.09,59.09,2500,54.56
2004-07-20,59.42,59.82,59.42,59.82,1700,55.24
2004-07-19,59.04,59.22,58.98,58.99,2000,54.47
2004-07-16,59.66,59.66,59.29,59.33,2300,54.78
2004-07-15,59.29,59.67,59.29,59.50,700,54.94
2004-07-14,59.40,59.63,59.40,59.46,1300,54.90
2004-07-13,59.40,59.47,59.37,59.45,4800,54.89