2011-05-10,24.64,24.72,24.57,24.72,7400,24.72
2011-05-09,24.41,24.49,24.32,24.46,10000,24.46
2011-05-06,24.46,24.56,24.39,24.39,2700,24.39
2011-05-05,24.43,24.51,24.33,24.37,19200,24.37
2011-05-04,24.55,24.55,24.44,24.47,3500,24.47
2011-05-03,24.61,24.61,24.40,24.53,10000,24.53
2011-05-02,24.77,24.77,24.57,24.57,7500,24.57
2011-04-29,24.56,24.75,24.56,24.73,2400,24.73
2011-04-28,24.51,24.64,24.51,24.61,5700,24.61
2011-04-27,24.48,24.48,24.43,24.48,11100,24.48
2011-04-26,24.36,24.48,24.36,24.41,16600,24.41
2011-04-25,24.20,24.23,24.14,24.23,14900,24.23
2011-04-21,24.03,24.15,24.03,24.14,16800,24.14
2011-04-20,23.84,24.08,23.84,24.01,7800,24.01
2011-04-19,23.95,23.95,23.81,23.84,18900,23.84
2011-04-18,24.08,24.08,23.79,23.92,11600,23.92
2011-04-15,24.16,24.16,23.97,24.13,20800,24.13
2011-04-14,23.93,24.19,23.93,24.19,5800,24.00
2011-04-13,24.24,24.24,23.99,24.05,12600,23.87
2011-04-12,24.27,24.29,24.03,24.03,18500,23.85
2011-04-11,24.14,24.42,24.14,24.30,10600,24.11
2011-04-08,24.50,24.50,24.22,24.28,4900,24.09
2011-04-07,24.68,24.70,24.50,24.55,9800,24.36
2011-04-06,24.73,24.75,24.66,24.75,8600,24.56
2011-04-05,24.60,24.69,24.57,24.62,25300,24.43
2011-04-04,24.54,24.60,24.52,24.60,22000,24.41
2011-04-01,24.32,24.55,24.32,24.49,9700,24.30
2011-03-31,24.34,24.37,24.27,24.37,5000,24.18
2011-03-30,24.24,24.32,24.23,24.32,9900,24.13
2011-03-29,24.10,24.22,24.10,24.13,21900,23.94
2011-03-28,24.27,24.33,24.09,24.12,10600,23.93
2011-03-25,24.23,24.40,24.23,24.36,2100,24.17
2011-03-24,24.29,24.29,24.17,24.21,21300,24.02
2011-03-23,24.05,24.29,22.03,24.16,24400,23.97
2011-03-22,24.26,24.26,24.05,24.08,10700,23.89
2011-03-21,24.38,24.38,24.26,24.37,16200,24.18
2011-03-18,23.92,24.04,23.92,24.04,11600,23.86
2011-03-17,23.92,24.02,23.89,23.92,14200,23.74
2011-03-16,23.92,24.06,23.76,23.80,24500,23.62
2011-03-15,23.99,24.13,23.63,23.99,21700,23.81
2011-03-14,24.48,24.48,24.30,24.39,4100,24.00
2011-03-11,24.42,24.52,24.40,24.52,6400,24.13
2011-03-10,24.75,24.75,24.54,24.54,6600,24.15
2011-03-09,24.86,24.88,24.79,24.81,4500,24.42
2011-03-08,24.74,24.86,24.74,24.81,3000,24.42
2011-03-07,24.84,24.84,24.60,24.60,7400,24.21
2011-03-04,24.88,24.88,24.70,24.70,5000,24.31
2011-03-03,24.90,24.93,24.81,24.89,2700,24.50
2011-03-02,24.70,24.70,24.55,24.61,5800,24.22
2011-03-01,25.13,25.13,24.60,24.60,16200,24.21
2011-02-28,24.80,24.96,24.80,24.85,8800,24.46
2011-02-25,24.59,24.78,24.57,24.75,13300,24.36
2011-02-24,24.53,24.53,24.34,24.47,1600,24.08
2011-02-23,24.52,24.52,24.19,24.35,26000,23.96
2011-02-22,24.90,24.90,24.42,24.42,21300,24.03
2011-02-18,25.30,25.30,24.79,24.84,8900,24.45
2011-02-17,24.66,24.80,24.66,24.78,5600,24.39
2011-02-16,24.81,24.81,24.62,24.65,5600,24.26
2011-02-15,24.63,24.65,24.54,24.56,7100,24.17
2011-02-14,25.16,25.16,24.81,24.90,29600,24.33
2011-02-11,24.71,24.88,24.71,24.88,4200,24.31
2011-02-10,24.71,24.74,24.67,24.69,20500,24.12
2011-02-09,24.82,24.83,24.76,24.78,80200,24.21
2011-02-08,24.73,24.82,24.69,24.82,9100,24.25
2011-02-07,24.65,24.78,24.65,24.78,4500,24.21
2011-02-04,24.58,24.62,24.54,24.62,8900,24.06
2011-02-03,24.60,24.67,24.50,24.64,6800,24.08
2011-02-02,24.72,24.72,24.55,24.58,8900,24.02
2011-02-01,24.50,24.61,24.50,24.61,2300,24.05
2011-01-31,24.19,24.29,24.17,24.22,5300,23.67
2011-01-28,24.55,24.55,24.21,24.22,6000,23.67
2011-01-27,24.54,24.60,24.50,24.60,5000,24.04
2011-01-26,24.30,24.51,24.30,24.46,17800,23.90
2011-01-25,24.28,24.31,24.24,24.29,35200,23.73
2011-01-24,24.14,24.35,24.13,24.35,6800,23.79
2011-01-21,24.25,24.25,24.10,24.12,24600,23.57
2011-01-20,24.08,24.09,23.97,24.05,37400,23.50
2011-01-19,24.72,24.72,24.16,24.17,14600,23.62
2011-01-18,24.63,24.66,24.46,24.66,28700,24.10
2011-01-14,24.50,24.61,24.29,24.61,66800,24.05
2011-01-13,24.75,24.75,24.50,24.50,17200,23.94
2011-01-12,24.99,24.99,24.57,24.59,13500,24.03
2011-01-11,24.51,24.51,24.41,24.49,38600,23.93
2011-01-10,24.32,24.34,24.21,24.32,16200,23.76
2011-01-07,24.59,24.59,24.24,24.37,22500,23.81
2011-01-06,24.57,24.57,24.41,24.43,28200,23.87
2011-01-05,24.27,24.42,24.24,24.38,11000,23.82
2011-01-04,24.65,24.75,24.23,24.30,51400,23.74
2011-01-03,24.85,24.94,24.85,24.90,6900,24.33
2010-12-31,24.74,24.83,24.74,24.75,10000,24.18
2010-12-30,24.79,24.85,24.79,24.84,4300,24.27
2010-12-29,24.69,24.78,24.54,24.78,18600,24.21
2010-12-28,24.71,24.74,24.70,24.72,8900,24.15
2010-12-27,24.74,24.80,24.74,24.78,8500,24.21
2010-12-23,24.67,24.77,24.67,24.75,31100,24.18
2010-12-22,24.68,24.76,24.64,24.70,53000,24.13
2010-12-21,24.50,24.63,24.46,24.61,55100,24.05
2010-12-20,24.54,24.54,24.36,24.40,36600,23.84
2010-12-17,24.27,24.27,24.27,24.27,900,23.71
2010-12-16,24.44,24.44,24.44,24.44,000,23.88
2010-12-15,24.54,24.54,24.38,24.44,1900,23.88
2010-12-14,24.56,24.58,24.45,24.45,21100,23.89
2010-12-13,24.53,24.56,24.52,24.53,5100,23.97