2011-05-10,26.50,26.50,26.50,26.50,000,26.50
2011-05-09,26.50,26.50,26.50,26.50,000,26.50
2011-05-06,26.50,26.50,26.50,26.50,000,26.50
2011-05-05,26.50,26.50,26.50,26.50,000,26.50
2011-05-04,26.50,26.50,26.50,26.50,200,26.50
2011-05-03,27.17,27.17,27.17,27.17,000,27.17
2011-05-02,27.17,27.17,27.17,27.17,000,27.17
2011-04-29,27.12,27.17,27.12,27.17,300,27.17
2011-04-28,27.01,27.01,27.01,27.01,000,27.01
2011-04-27,27.01,27.01,27.01,27.01,000,27.01
2011-04-26,27.01,27.01,27.01,27.01,000,27.01
2011-04-25,27.01,27.01,27.01,27.01,000,27.01
2011-04-21,27.01,27.01,27.01,27.01,000,27.01
2011-04-20,27.01,27.01,27.01,27.01,000,27.01
2011-04-19,27.01,27.01,27.01,27.01,000,27.01
2011-04-18,27.01,27.01,27.01,27.01,000,27.01
2011-04-15,27.01,27.01,27.01,27.01,000,27.01
2011-04-14,27.01,27.01,27.01,27.01,000,27.01
2011-04-13,27.01,27.01,27.01,27.01,000,27.01
2011-04-12,27.01,27.01,27.01,27.01,000,27.01
2011-04-11,27.01,27.01,27.01,27.01,000,27.01
2011-04-08,27.01,27.01,27.01,27.01,100,27.01
2011-04-07,25.95,25.95,25.95,25.95,000,25.95
2011-04-06,25.95,25.95,25.95,25.95,000,25.95
2011-04-05,25.95,25.95,25.95,25.95,000,25.95
2011-04-04,25.95,25.95,25.95,25.95,000,25.95
2011-04-01,25.95,25.95,25.95,25.95,000,25.95
2011-03-31,25.95,25.95,25.95,25.95,000,25.95
2011-03-30,25.95,25.95,25.95,25.95,000,25.95
2011-03-29,25.95,25.95,25.95,25.95,000,25.95
2011-03-28,25.95,25.95,25.95,25.95,000,25.95
2011-03-25,25.95,25.95,25.95,25.95,000,25.95
2011-03-24,25.95,25.95,25.95,25.95,000,25.95
2011-03-23,25.95,25.95,25.95,25.95,400,25.95
2011-03-22,25.30,25.30,25.30,25.30,000,25.30
2011-03-21,25.30,25.30,25.30,25.30,000,25.30
2011-03-18,25.30,25.30,25.30,25.30,000,25.30
2011-03-17,25.30,25.30,25.30,25.30,000,25.18
2011-03-16,25.30,25.30,25.30,25.30,000,25.18
2011-03-15,24.90,25.30,24.90,25.30,300,25.18
2011-03-14,26.46,26.46,26.46,26.46,000,26.34
2011-03-11,26.46,26.46,26.46,26.46,000,26.34
2011-03-10,26.46,26.46,26.46,26.46,000,26.34
2011-03-09,26.46,26.46,26.46,26.46,000,26.34
2011-03-08,26.46,26.46,26.46,26.46,000,26.34
2011-03-07,26.46,26.46,26.46,26.46,000,26.34
2011-03-04,26.46,26.46,26.46,26.46,000,26.34
2011-03-03,26.46,26.46,26.46,26.46,000,26.34
2011-03-02,26.46,26.46,26.46,26.46,000,26.34
2011-03-01,26.46,26.46,26.46,26.46,000,26.34
2011-02-28,26.46,26.46,26.46,26.46,000,26.34
2011-02-25,26.46,26.46,26.46,26.46,200,26.34
2011-02-24,26.29,26.29,26.29,26.29,000,26.17
2011-02-23,26.29,26.29,26.29,26.29,000,26.17
2011-02-22,26.87,26.87,26.29,26.29,5100,26.17
2011-02-18,27.29,27.29,27.29,27.29,500,27.17
2011-02-17,26.59,26.59,26.59,26.59,000,26.47
2011-02-16,26.59,26.59,26.59,26.59,000,26.47
2011-02-15,26.59,26.59,26.59,26.59,000,26.47
2011-02-14,26.59,26.59,26.57,26.59,1100,26.47
2011-02-11,26.19,26.19,26.19,26.19,000,26.07
2011-02-10,26.19,26.19,26.19,26.19,100,26.07
2011-02-09,26.20,26.20,26.20,26.20,000,26.08
2011-02-08,26.20,26.20,26.20,26.20,000,26.08
2011-02-07,26.20,26.20,26.20,26.20,000,26.08
2011-02-04,26.20,26.20,26.20,26.20,300,26.08
2011-02-03,26.27,26.27,26.27,26.27,300,26.15
2011-02-02,26.42,26.42,26.42,26.42,000,26.30
2011-02-01,26.42,26.42,26.42,26.42,300,26.30
2011-01-31,25.79,25.79,25.79,25.79,100,25.67
2011-01-28,26.30,26.30,26.30,26.30,000,26.18
2011-01-27,26.30,26.30,26.30,26.30,300,26.18
2011-01-26,26.36,26.36,26.36,26.36,000,26.24
2011-01-25,26.36,26.36,26.36,26.36,000,26.24
2011-01-24,26.36,26.36,26.36,26.36,100,26.24
2011-01-21,26.21,26.21,26.21,26.21,000,26.09
2011-01-20,26.20,26.21,26.20,26.21,1100,26.09
2011-01-19,26.45,26.48,26.30,26.30,27400,26.18
2011-01-18,26.52,26.52,26.51,26.51,900,26.39
2011-01-14,26.41,26.45,26.41,26.45,5800,26.33
2011-01-13,25.87,25.87,25.87,25.87,000,25.75
2011-01-12,25.87,25.87,25.87,25.87,000,25.75
2011-01-11,25.87,25.87,25.87,25.87,000,25.75
2011-01-10,25.87,25.87,25.87,25.87,000,25.75
2011-01-07,25.87,25.87,25.87,25.87,000,25.75
2011-01-06,25.87,25.87,25.87,25.87,000,25.75
2011-01-05,25.87,25.87,25.87,25.87,200,25.75
2011-01-04,25.84,25.84,25.84,25.84,000,25.72
2011-01-03,25.84,25.84,25.84,25.84,000,25.72
2010-12-31,25.84,25.84,25.84,25.84,000,25.72
2010-12-30,25.84,25.84,25.84,25.84,100,25.72
2010-12-29,25.54,25.54,25.54,25.54,000,25.42
2010-12-28,25.54,25.54,25.54,25.54,000,25.42
2010-12-27,25.54,25.54,25.54,25.54,300,25.42
2010-12-23,25.55,25.55,25.55,25.55,000,25.43
2010-12-22,25.55,25.55,25.55,25.55,000,25.43
2010-12-21,25.56,25.56,25.55,25.55,3100,25.43
2010-12-20,25.56,25.56,25.56,25.56,000,25.44
2010-12-17,25.56,25.56,25.56,25.56,000,25.44
2010-12-16,25.56,25.56,25.56,25.56,000,25.44
2010-12-15,25.56,25.56,25.56,25.56,000,25.44
2010-12-14,25.56,25.56,25.56,25.56,000,25.44
2010-12-13,25.56,25.56,25.56,25.56,000,25.44