2011-05-10,67.60,68.02,67.60,68.00,27600,68.00
2011-05-09,67.36,67.62,67.11,67.62,122000,67.62
2011-05-06,67.90,67.95,67.01,67.10,28100,67.10
2011-05-05,67.48,67.48,66.78,66.85,17200,66.85
2011-05-04,68.04,68.14,67.68,67.79,70000,67.79
2011-05-03,67.81,68.09,67.70,68.01,31000,68.01
2011-05-02,68.22,68.23,67.82,67.86,56000,67.86
2011-04-29,67.44,67.95,67.44,67.86,27000,67.86
2011-04-28,67.04,67.66,66.92,67.47,14400,67.47
2011-04-27,67.06,67.60,66.71,67.60,39000,67.60
2011-04-26,66.56,66.91,66.24,66.86,72600,66.86
2011-04-25,66.46,66.46,66.14,66.17,33500,66.17
2011-04-21,66.61,66.61,66.19,66.19,55900,66.19
2011-04-20,66.20,66.30,66.04,66.20,22900,66.20
2011-04-19,65.20,65.46,65.15,65.36,20700,65.36
2011-04-18,65.11,65.15,64.53,65.08,39200,65.08
2011-04-15,65.30,65.85,65.18,65.81,27100,65.81
2011-04-14,64.60,65.44,64.60,65.37,65300,65.37
2011-04-13,64.99,65.01,64.65,64.69,20700,64.69
2011-04-12,64.26,64.67,64.26,64.47,31600,64.47
2011-04-11,64.44,64.80,64.44,64.48,15100,64.48
2011-04-08,64.29,64.45,64.08,64.19,13300,64.19
2011-04-07,64.28,64.29,63.90,64.18,30200,64.18
2011-04-06,64.30,64.39,64.07,64.20,36000,64.20
2011-04-05,63.75,64.16,63.75,64.05,94900,64.05
2011-04-04,63.67,63.91,63.67,63.74,32400,63.74
2011-04-01,63.37,63.89,63.33,63.86,75200,63.86
2011-03-31,63.40,63.49,63.28,63.47,75600,63.47
2011-03-30,62.99,63.55,62.99,63.49,45900,63.49
2011-03-29,62.35,62.77,62.32,62.77,8200,62.77
2011-03-28,62.76,62.84,62.38,62.38,7700,62.38
2011-03-25,62.47,62.82,62.41,62.53,22700,62.53
2011-03-24,62.22,62.72,62.22,62.57,71700,62.57
2011-03-23,61.81,62.29,61.57,62.21,164800,62.21
2011-03-22,61.86,61.93,61.69,61.83,20000,61.83
2011-03-21,61.76,62.08,61.50,61.92,30300,61.92
2011-03-18,61.42,61.42,60.76,61.07,45300,61.07
2011-03-17,60.77,61.04,60.37,60.72,49000,60.72
2011-03-16,60.61,60.75,59.47,59.89,32200,59.89
2011-03-15,60.35,60.97,60.06,60.91,13100,60.91
2011-03-14,61.59,61.93,61.52,61.79,14500,61.79
2011-03-11,61.87,62.47,61.87,62.42,7800,62.42
2011-03-10,62.23,62.59,62.18,62.18,8900,62.18
2011-03-09,62.82,62.98,62.61,62.98,19300,62.98
2011-03-08,62.26,62.73,62.26,62.73,36700,62.73
2011-03-07,62.95,62.95,62.03,62.26,13200,62.26
2011-03-04,63.01,63.01,62.20,62.50,32500,62.50
2011-03-03,62.83,63.01,62.57,62.92,17200,62.92
2011-03-02,62.47,62.53,62.15,62.28,28300,62.28
2011-03-01,62.99,63.02,62.21,62.25,72100,62.25
2011-02-28,62.48,62.85,62.48,62.62,20400,62.62
2011-02-25,62.34,62.45,62.18,62.33,68700,62.33
2011-02-24,61.96,62.19,61.68,62.02,11300,62.02
2011-02-23,62.32,62.41,61.95,62.13,24800,62.13
2011-02-22,62.07,62.52,61.96,61.96,18200,61.96
2011-02-18,62.41,62.71,62.41,62.60,10300,62.60
2011-02-17,61.99,62.40,61.90,62.36,22900,62.36
2011-02-16,61.69,61.97,61.69,61.92,28500,61.92
2011-02-15,61.58,61.79,61.54,61.63,15900,61.63
2011-02-14,61.51,61.58,61.36,61.47,16100,61.47
2011-02-11,61.42,61.91,61.22,61.74,25800,61.74
2011-02-10,61.71,61.71,61.41,61.59,16300,61.59
2011-02-09,61.73,61.94,61.67,61.84,11900,61.84
2011-02-08,61.90,61.99,61.80,61.93,23400,61.93
2011-02-07,61.78,61.96,61.72,61.85,42900,61.85
2011-02-04,61.45,61.77,61.34,61.77,72500,61.77
2011-02-03,61.62,61.68,61.33,61.65,24500,61.65
2011-02-02,61.50,61.62,61.38,61.54,226900,61.54
2011-02-01,61.29,61.72,61.29,61.62,17200,61.62
2011-01-31,60.80,60.96,60.62,60.77,25300,60.77
2011-01-28,61.40,61.52,60.52,60.52,32500,60.52
2011-01-27,61.87,61.87,61.45,61.52,29300,61.52
2011-01-26,62.32,62.32,62.03,62.16,24900,62.16
2011-01-25,61.75,62.15,61.72,62.15,13300,62.15
2011-01-24,61.55,62.22,61.55,62.22,37700,62.22
2011-01-21,61.88,61.97,61.50,61.65,8800,61.65
2011-01-20,61.53,61.57,61.22,61.45,39700,61.45
2011-01-19,61.90,61.98,61.61,61.76,52600,61.76
2011-01-18,61.76,62.07,61.76,61.90,41000,61.90
2011-01-14,61.47,61.67,61.39,61.67,37700,61.67
2011-01-13,61.43,61.78,61.40,61.47,86100,61.47
2011-01-12,61.38,61.69,61.24,61.58,59300,61.58
2011-01-11,61.29,61.38,61.01,61.16,77800,61.16
2011-01-10,61.10,61.33,60.86,61.33,36700,61.33
2011-01-07,61.74,61.74,60.95,61.18,38500,61.18
2011-01-06,61.72,62.01,61.26,61.52,256000,61.52
2011-01-05,61.84,62.25,61.71,61.99,61500,61.99
2011-01-04,62.46,62.69,62.18,62.25,42200,62.25
2011-01-03,63.02,63.02,62.57,62.57,26800,62.57
2010-12-31,62.42,62.53,62.18,62.47,11100,62.47
2010-12-30,62.53,62.53,62.14,62.28,18500,62.28
2010-12-29,62.59,62.65,62.44,62.47,8000,62.47
2010-12-28,62.50,62.50,62.15,62.35,19100,62.35
2010-12-27,62.45,62.45,61.98,62.26,10500,62.26
2010-12-23,62.12,62.48,62.12,62.47,18500,62.47
2010-12-22,62.04,62.32,62.04,62.32,16700,62.32
2010-12-21,62.13,62.40,61.99,62.11,57200,62.11
2010-12-20,62.52,62.52,61.84,62.08,29100,62.08
2010-12-17,62.47,62.67,62.34,62.52,20200,61.88
2010-12-16,62.30,62.71,62.06,62.71,15300,62.07
2010-12-15,62.25,62.33,61.96,62.02,7400,61.38
2010-12-14,62.11,62.54,62.11,62.31,6600,61.67
2010-12-13,62.05,62.32,61.97,62.28,11500,61.64
2010-12-10,61.94,62.00,61.69,61.91,43300,61.28
2010-12-09,61.92,61.92,61.55,61.84,34500,61.21
2010-12-08,61.68,61.84,61.45,61.84,37500,61.21
2010-12-07,61.95,61.95,61.42,61.42,20900,60.79
2010-12-06,61.42,61.42,61.07,61.20,57700,60.57
2010-12-03,61.42,61.65,61.31,61.64,18100,61.01
2010-12-02,61.02,61.38,60.90,61.38,10600,60.75
2010-12-01,60.43,60.97,60.42,60.92,32900,60.30
2010-11-30,59.83,60.32,59.75,60.05,14600,59.43
2010-11-29,60.61,60.61,60.01,60.60,20100,59.98
2010-11-26,61.00,61.22,60.89,61.04,21000,60.41
2010-11-24,61.45,61.47,61.18,61.31,6800,60.68
2010-11-23,61.44,61.44,60.74,60.83,26800,60.21
2010-11-22,62.11,62.17,61.55,62.11,12900,61.47
2010-11-19,61.95,62.32,61.87,62.30,12800,61.66
2010-11-18,61.64,62.33,61.64,62.25,11000,61.61
2010-11-17,61.15,61.24,61.04,61.09,14000,60.46
2010-11-16,61.53,61.67,60.75,60.98,13900,60.35
2010-11-15,62.21,62.21,61.69,61.69,11700,61.06
2010-11-12,61.73,61.96,61.61,61.80,47200,61.17
2010-11-11,61.96,62.18,61.86,62.06,11900,61.42
2010-11-10,62.39,62.44,61.87,62.44,23700,61.80
2010-11-09,63.09,63.09,62.11,62.36,73600,61.72
2010-11-08,62.91,62.94,62.50,62.76,42200,62.12
2010-11-05,63.42,63.42,62.81,63.01,41800,62.36
2010-11-04,63.20,63.43,63.13,63.34,27100,62.69
2010-11-03,62.19,62.43,61.60,62.43,68400,61.79
2010-11-02,62.14,62.30,61.91,62.08,124400,61.44
2010-11-01,62.05,62.05,61.30,61.55,65500,60.92
2010-10-29,61.46,61.78,61.46,61.78,8600,61.15
2010-10-28,61.61,61.67,61.37,61.63,12900,61.00
2010-10-27,61.42,61.42,60.65,61.16,19400,60.53
2010-10-26,61.62,61.67,61.37,61.66,22100,61.03
2010-10-25,62.05,62.44,61.84,61.84,72100,61.21
2010-10-22,61.96,61.96,61.61,61.79,15600,61.16
2010-10-21,61.91,62.10,61.44,61.69,30700,61.06
2010-10-20,61.17,61.63,61.17,61.29,241700,60.66
2010-10-19,61.01,61.25,60.60,60.80,19500,60.18
2010-10-18,61.51,61.83,61.50,61.65,9600,61.02
2010-10-15,61.83,61.83,61.34,61.68,81700,61.05
2010-10-14,61.71,61.75,61.29,61.50,43300,60.87
2010-10-13,61.39,61.75,61.25,61.57,85000,60.94
2010-10-12,60.42,61.08,60.42,60.87,8400,60.25
2010-10-11,60.73,60.85,60.64,60.65,8300,60.03
2010-10-08,60.82,60.89,60.59,60.80,15100,60.18
2010-10-07,61.09,61.12,60.50,60.65,13600,60.03
2010-10-06,60.72,61.00,60.72,60.93,41300,60.31
2010-10-05,60.85,60.94,60.33,60.77,33900,60.15
2010-10-04,60.21,60.26,59.65,59.86,24700,59.25
2010-10-01,60.36,60.38,59.94,60.33,20000,59.71
2010-09-30,60.84,60.84,59.78,60.09,76000,59.47
2010-09-29,60.53,60.53,60.21,60.27,65000,59.65
2010-09-28,60.28,60.69,59.83,60.69,60000,60.07
2010-09-27,60.42,60.42,60.03,60.18,63500,59.56
2010-09-24,59.97,60.34,59.95,60.23,14800,59.61
2010-09-23,59.30,59.73,59.11,59.21,38600,58.60
2010-09-22,59.65,59.81,59.45,59.69,12200,59.08
2010-09-21,59.55,59.60,58.91,59.43,23500,58.82
2010-09-20,59.05,59.56,58.90,59.54,22500,58.93
2010-09-17,58.90,59.05,58.61,58.67,23700,58.07
2010-09-16,58.57,58.89,58.57,58.88,11800,58.28
2010-09-15,58.43,59.08,58.43,58.99,15300,58.39
2010-09-14,58.54,58.91,58.42,58.76,15200,58.16
2010-09-13,58.65,58.69,58.27,58.49,39300,57.89
2010-09-10,58.18,58.44,58.06,58.37,41100,57.77
2010-09-09,58.15,58.31,57.91,57.98,25300,57.39
2010-09-08,57.74,58.10,57.74,57.97,14400,57.38
2010-09-07,57.69,57.70,57.38,57.49,79600,56.90
2010-09-03,57.73,57.90,57.46,57.76,39500,57.17
2010-09-02,57.45,57.54,57.22,57.46,73000,56.87
2010-09-01,56.76,57.40,56.76,57.28,161700,56.69
2010-08-31,55.98,56.22,55.72,55.84,91100,55.27
2010-08-30,56.34,56.34,55.81,55.90,32800,55.33
2010-08-27,55.90,56.33,55.52,56.33,10500,55.75
2010-08-26,56.11,56.13,55.58,55.70,159100,55.13
2010-08-25,55.66,56.00,55.40,55.96,49400,55.39
2010-08-24,55.65,56.11,55.64,55.72,10300,55.15
2010-08-23,56.37,56.48,56.09,56.18,36400,55.60
2010-08-20,55.81,56.07,55.74,55.97,84200,55.40
2010-08-19,56.87,56.95,56.05,56.35,17300,55.77
2010-08-18,56.92,57.29,56.79,57.09,12400,56.50
2010-08-17,56.78,57.18,56.62,56.93,10600,56.35
2010-08-16,56.06,56.62,56.06,56.39,3700,55.81
2010-08-13,56.07,56.43,56.07,56.33,5000,55.75
2010-08-12,55.84,56.37,55.78,56.37,21600,55.79
2010-08-11,56.37,56.42,55.97,56.02,8300,55.45
2010-08-10,56.75,57.72,56.71,57.46,15200,56.87
2010-08-09,57.32,57.45,57.18,57.37,12600,56.78
2010-08-06,56.52,57.07,56.42,57.07,16500,56.48
2010-08-05,57.11,57.11,56.67,57.08,72900,56.49
2010-08-04,57.50,57.60,57.09,57.60,319700,57.01
2010-08-03,57.30,57.36,56.88,57.14,48500,56.55
2010-08-02,57.20,57.50,57.15,57.39,377100,56.80
2010-07-30,56.16,56.73,56.16,56.70,61600,56.12
2010-07-29,57.14,57.14,56.24,56.70,71600,56.12
2010-07-28,57.22,57.22,56.90,57.05,70700,56.47
2010-07-27,57.42,57.42,57.10,57.41,66200,56.82
2010-07-26,56.78,57.48,56.78,57.48,35400,56.89
2010-07-23,56.50,57.37,56.50,57.17,11500,56.58
2010-07-22,56.56,56.90,56.54,56.66,33300,56.08
2010-07-21,56.46,56.58,55.65,55.84,11300,55.27
2010-07-20,55.17,56.68,55.13,56.68,18400,56.10
2010-07-19,55.91,56.07,55.58,55.80,20300,55.23
2010-07-16,56.41,56.65,55.68,55.76,4900,55.19
2010-07-15,56.78,56.92,56.22,56.78,62100,56.20
2010-07-14,55.83,56.54,55.83,56.47,19400,55.89
2010-07-13,56.26,56.40,56.17,56.26,9100,55.68
2010-07-12,55.04,55.69,55.04,55.68,26300,55.11
2010-07-09,55.52,55.52,55.22,55.43,10100,54.86
2010-07-08,54.89,55.62,54.89,55.62,15900,55.05
2010-07-07,54.14,54.95,53.80,54.90,29100,54.34
2010-07-06,54.04,54.28,53.33,53.73,63300,53.18
2010-07-02,53.33,53.54,52.95,53.30,14600,52.75
2010-07-01,53.24,53.54,52.85,53.34,49300,52.79
2010-06-30,53.37,53.65,53.04,53.05,10300,52.51
2010-06-29,54.19,54.19,53.44,53.60,22800,53.05
2010-06-28,54.55,54.84,54.21,54.62,11600,54.06
2010-06-25,54.79,54.79,54.16,54.24,11700,53.68
2010-06-24,54.59,54.85,54.29,54.29,13000,53.73
2010-06-23,54.95,55.04,54.59,54.84,9400,54.28
2010-06-22,55.18,55.51,54.67,54.67,11200,54.11
2010-06-21,56.13,56.13,54.93,55.12,28300,54.55
2010-06-18,56.38,56.47,56.09,56.17,14100,54.79
2010-06-17,56.17,56.48,55.95,56.48,7800,55.09
2010-06-16,55.53,56.24,55.53,55.99,33500,54.62
2010-06-15,55.66,56.23,55.62,56.23,11200,54.85
2010-06-14,55.28,55.75,55.26,55.33,176500,53.97
2010-06-11,54.55,54.91,54.40,54.87,125800,53.52
2010-06-10,54.80,55.37,54.80,55.37,120400,54.01
2010-06-09,54.40,54.84,53.98,54.13,11700,52.80
2010-06-08,53.19,54.00,53.19,54.00,23600,52.68
2010-06-07,53.67,54.03,53.39,53.39,94400,52.08
2010-06-04,54.52,54.52,53.53,53.67,17000,52.35
2010-06-03,55.43,55.74,54.80,55.14,294900,53.79
2010-06-02,54.26,55.26,54.26,55.26,20200,53.90
2010-06-01,53.69,54.75,53.69,54.44,248900,53.10
2010-05-28,54.40,54.52,53.96,54.10,16200,52.77
2010-05-27,53.65,54.31,53.44,54.30,26700,52.97
2010-05-26,53.70,53.75,52.70,52.88,25300,51.58
2010-05-25,52.81,53.37,52.29,53.27,36200,51.96
2010-05-24,53.97,54.15,53.51,53.51,34600,52.20
2010-05-21,53.40,54.10,52.86,54.07,109800,52.74
2010-05-20,54.65,54.65,53.68,53.89,85400,52.57
2010-05-19,55.25,55.67,54.99,55.46,39500,54.10
2010-05-18,56.56,56.66,55.50,55.53,11200,54.17
2010-05-17,56.01,56.28,55.34,56.28,18100,54.90
2010-05-14,56.46,56.68,55.54,55.99,24200,54.62
2010-05-13,56.77,57.19,56.69,56.86,41900,55.47
2010-05-12,57.15,57.15,56.67,57.04,21600,55.64
2010-05-11,56.01,57.12,56.01,56.46,137400,55.08
2010-05-10,55.79,57.62,55.79,56.81,37200,55.42
2010-05-07,53.99,55.35,53.78,54.79,90900,53.45
2010-05-06,56.39,57.95,33.23,56.22,97800,54.84
2010-05-05,56.36,56.99,56.34,56.72,117000,55.33
2010-05-04,57.67,57.67,56.97,57.23,17600,55.83
2010-05-03,57.77,58.31,57.65,58.21,92600,56.78
2010-04-30,58.32,58.39,57.69,57.69,18400,56.28
2010-04-29,57.86,58.47,57.86,58.24,26400,56.81
2010-04-28,57.87,57.87,57.16,57.50,30800,56.09
2010-04-27,58.62,58.69,57.43,57.65,47400,56.24
2010-04-26,59.14,59.22,58.84,58.84,63500,57.40
2010-04-23,58.54,59.09,58.54,59.09,17500,57.64
2010-04-22,58.79,58.83,58.44,58.80,25400,57.36
2010-04-21,58.99,59.00,58.73,58.95,32000,57.50
2010-04-20,59.11,59.11,58.79,58.94,7700,57.49
2010-04-19,58.48,58.78,58.32,58.75,11400,57.31
2010-04-16,59.09,59.24,58.45,58.85,29400,57.41
2010-04-15,59.02,59.31,58.89,59.11,34000,57.66
2010-04-14,59.17,59.55,59.17,59.55,27000,58.09
2010-04-13,59.24,59.52,59.10,59.34,16700,57.88
2010-04-12,59.14,59.46,59.13,59.40,13400,57.94
2010-04-09,58.87,59.12,58.82,59.10,36100,57.65
2010-04-08,58.63,58.81,58.24,58.79,32500,57.35
2010-04-07,59.00,59.03,58.66,58.78,28500,57.34
2010-04-06,59.06,59.11,58.74,58.97,31500,57.52
2010-04-05,59.65,59.65,59.16,59.18,15300,57.73
2010-04-01,59.05,59.35,58.96,59.19,69800,57.74
2010-03-31,58.98,59.02,58.62,58.86,33800,57.42
2010-03-30,58.98,59.03,58.79,58.83,11900,57.39
2010-03-29,58.61,58.84,58.50,58.80,13500,57.36
2010-03-26,58.40,58.50,58.13,58.34,17300,56.91
2010-03-25,58.28,58.64,58.21,58.25,23400,56.82
2010-03-24,58.56,58.56,58.16,58.29,38800,56.86
2010-03-23,58.74,58.99,58.56,58.99,15800,57.54
2010-03-22,58.08,58.81,57.62,58.77,18700,57.33
2010-03-19,58.56,58.59,58.20,58.29,15600,56.86
2010-03-18,58.53,58.75,58.53,58.75,31100,57.31
2010-03-17,58.84,58.85,58.49,58.79,130400,57.35
2010-03-16,58.25,58.54,58.13,58.52,20100,57.08
2010-03-15,57.47,58.10,57.47,58.09,73700,56.67
2010-03-12,57.74,58.00,57.74,58.00,163000,56.58
2010-03-11,57.82,57.83,57.49,57.83,20200,56.41
2010-03-10,57.52,57.82,57.52,57.66,25700,56.25
2010-03-09,57.78,57.83,57.52,57.55,95300,56.14
2010-03-08,57.89,58.10,57.64,57.68,24500,56.27
2010-03-05,57.66,58.07,57.45,58.07,33000,56.65
2010-03-04,57.67,57.88,57.41,57.53,22200,56.12
2010-03-03,57.69,57.75,57.25,57.41,79800,56.00
2010-03-02,57.27,57.57,57.24,57.34,56200,55.93
2010-03-01,56.42,57.15,56.42,57.10,83900,55.70
2010-02-26,56.73,56.81,56.40,56.72,20300,55.33
2010-02-25,56.17,56.65,55.95,56.59,22500,55.20
2010-02-24,56.66,56.94,56.50,56.87,10100,55.48
2010-02-23,56.94,56.94,56.34,56.50,39300,55.11
2010-02-22,57.07,57.10,56.63,56.88,18600,55.48
2010-02-19,56.75,56.99,56.45,56.99,20800,55.59
2010-02-18,56.56,56.75,56.37,56.72,15800,55.33
2010-02-17,56.08,56.42,56.08,56.40,43200,55.02
2010-02-16,55.50,56.23,55.50,56.21,60500,54.83
2010-02-12,55.32,55.62,55.15,55.60,31000,54.24
2010-02-11,55.03,55.66,54.71,55.60,14000,54.24
2010-02-10,54.75,55.01,54.47,54.85,19100,53.50
2010-02-09,54.69,55.46,54.43,55.05,38900,53.70
2010-02-08,54.38,54.75,54.09,54.09,96100,52.76
2010-02-05,54.62,54.62,53.41,54.18,56400,52.85
2010-02-04,55.83,55.83,54.65,54.68,60600,53.34
2010-02-03,56.63,56.63,56.24,56.37,38400,54.99
2010-02-02,56.16,56.85,55.95,56.79,714100,55.40
2010-02-01,55.36,55.87,55.36,55.80,82000,54.43
2010-01-29,56.02,56.16,55.26,55.53,33700,54.17
2010-01-28,56.18,56.40,55.63,55.75,44600,54.38
2010-01-27,55.90,56.06,55.60,56.00,71500,54.63
2010-01-26,55.44,56.07,55.28,55.78,165200,54.41
2010-01-25,56.11,56.25,56.00,56.01,71500,54.64
2010-01-22,56.32,56.79,55.75,55.89,73500,54.52
2010-01-21,57.22,57.37,56.22,56.41,50400,55.03
2010-01-20,57.42,57.42,56.71,57.02,40800,55.62
2010-01-19,57.30,58.00,57.11,58.00,40500,56.58
2010-01-15,57.58,57.61,56.95,57.15,42300,55.75
2010-01-14,57.60,57.70,57.40,57.67,26100,56.26
2010-01-13,57.06,57.74,57.06,57.63,42900,56.22
2010-01-12,56.70,57.10,56.70,56.90,62500,55.50
2010-01-11,57.06,57.06,56.47,56.97,50600,55.57
2010-01-08,56.65,56.68,56.31,56.65,24000,55.26
2010-01-07,56.75,56.75,56.30,56.64,61400,55.25
2010-01-06,56.83,56.86,56.62,56.84,78200,55.45
2010-01-05,56.98,57.18,56.75,56.86,71600,55.47
2010-01-04,57.24,57.52,57.13,57.47,53400,56.06
2009-12-31,57.30,57.30,56.57,56.61,31800,55.22
2009-12-30,56.89,57.02,56.75,57.00,30300,55.60
2009-12-29,57.41,57.41,57.01,57.10,21300,55.70
2009-12-28,57.19,57.60,56.89,57.07,81000,55.67
2009-12-24,56.99,57.02,56.70,56.93,18800,55.53
2009-12-23,56.65,56.98,56.43,56.57,42700,55.18
2009-12-22,56.13,56.45,56.13,56.32,41900,54.94
2009-12-21,56.18,56.33,55.97,55.98,35400,54.61
2009-12-18,56.50,56.51,55.78,56.50,18600,54.56
2009-12-17,56.76,56.95,56.40,56.46,52500,54.52
2009-12-16,57.39,57.66,57.27,57.30,20000,55.34
2009-12-15,57.42,57.46,57.20,57.24,30000,55.28
2009-12-14,57.73,57.73,57.45,57.66,14700,55.68
2009-12-11,57.42,57.58,57.25,57.47,136800,55.50
2009-12-10,57.43,57.54,57.16,57.19,131400,55.23
2009-12-09,56.93,57.00,56.47,56.99,37300,55.04
2009-12-08,57.32,57.44,56.70,56.99,22400,55.04
2009-12-07,57.75,57.93,57.58,57.84,33500,55.86
2009-12-04,57.84,58.31,57.50,57.93,28800,55.94
2009-12-03,57.98,58.20,57.65,57.72,41200,55.74
2009-12-02,57.93,58.11,57.71,57.87,17600,55.89
2009-12-01,57.23,57.92,57.23,57.81,59300,55.83
2009-11-30,56.86,57.11,56.35,56.72,28400,54.78
2009-11-27,56.44,57.08,56.17,56.84,22700,54.89
2009-11-25,57.70,57.87,57.41,57.82,76800,55.84
2009-11-24,57.48,57.52,56.80,57.47,35200,55.50
2009-11-23,57.22,57.63,57.22,57.42,38800,55.45
2009-11-20,56.50,56.77,56.44,56.73,24800,54.79
2009-11-19,56.92,56.93,56.28,56.89,26500,54.94
2009-11-18,57.40,57.40,56.90,57.37,163700,55.40
2009-11-17,57.20,57.79,57.11,57.47,22400,55.50
2009-11-16,56.98,57.56,56.98,57.38,48400,55.41
2009-11-13,56.35,56.77,56.07,56.77,10300,54.82
2009-11-12,56.48,56.66,56.00,56.12,21000,54.20
2009-11-11,56.77,57.06,56.47,56.65,25300,54.71
2009-11-10,56.37,56.77,56.37,56.65,68700,54.71
2009-11-09,55.96,56.61,55.48,56.57,26000,54.63
2009-11-06,55.42,55.61,55.11,55.49,48400,53.59
2009-11-05,55.29,55.67,55.14,55.64,43300,53.73
2009-11-04,55.00,55.58,54.88,55.08,66000,53.19
2009-11-03,54.66,54.99,54.42,54.87,77400,52.99
2009-11-02,54.93,55.41,54.56,55.22,108100,53.33
2009-10-30,55.41,55.67,54.37,54.41,32600,52.54
2009-10-29,54.88,55.74,54.88,55.66,63200,53.75
2009-10-28,54.75,55.04,54.36,54.53,26400,52.66
2009-10-27,54.79,55.14,54.73,54.97,9200,53.09
2009-10-26,55.27,55.74,54.63,54.76,24000,52.88
2009-10-23,56.02,56.16,55.05,55.31,15700,53.41
2009-10-22,55.64,56.09,55.20,55.99,54700,54.07
2009-10-21,55.70,56.27,55.52,55.54,18700,53.64
2009-10-20,56.11,56.11,55.40,55.65,37700,53.74
2009-10-19,55.42,55.99,55.25,55.78,15300,53.87
2009-10-16,54.83,55.21,54.76,55.04,26100,53.15
2009-10-15,54.49,55.18,54.49,55.18,21100,53.29
2009-10-14,54.71,54.71,54.29,54.54,49600,52.67
2009-10-13,54.27,54.32,53.97,54.12,39400,52.26
2009-10-12,54.48,54.61,54.05,54.16,29300,52.30
2009-10-09,54.09,54.17,53.82,54.17,23800,52.31
2009-10-08,54.00,54.29,53.78,54.21,23500,52.35
2009-10-07,53.38,53.75,53.38,53.61,13900,51.77
2009-10-06,53.66,54.00,53.48,53.69,22800,51.85
2009-10-05,52.74,53.38,52.70,53.34,32700,51.51
2009-10-02,52.60,53.04,52.39,52.82,36300,51.01
2009-10-01,53.41,53.91,52.81,52.88,173000,51.07
2009-09-30,53.41,53.65,52.91,53.56,30300,51.72
2009-09-29,53.30,53.48,53.11,53.30,10200,51.47
2009-09-28,52.89,53.54,52.89,53.30,22800,51.47
2009-09-25,52.88,53.29,52.83,52.86,35100,51.05
2009-09-24,53.50,54.22,52.88,53.14,29500,51.32
2009-09-23,54.44,54.44,53.51,53.53,26400,51.69
2009-09-22,53.86,53.86,53.33,53.50,34100,51.67
2009-09-21,53.17,54.35,53.04,53.49,18100,51.66
2009-09-18,53.31,54.33,53.31,53.60,16100,51.76
2009-09-17,53.24,53.51,53.08,53.23,28700,51.41
2009-09-16,52.90,53.34,52.75,53.21,42700,51.39
2009-09-15,53.01,53.15,52.50,52.95,27400,51.13
2009-09-14,52.75,53.20,52.58,53.05,41600,51.23
2009-09-11,52.78,53.05,52.74,53.00,56400,51.18
2009-09-10,53.06,53.06,52.21,52.71,81200,50.90
2009-09-09,52.52,52.53,52.15,52.37,26000,50.57
2009-09-08,52.10,52.46,51.96,52.35,44100,50.56
2009-09-04,51.01,51.40,50.88,51.35,19400,49.59
2009-09-03,51.04,51.14,50.71,50.96,22200,49.21
2009-09-02,50.50,51.18,50.50,50.86,20500,49.12
2009-09-01,51.06,51.53,50.54,50.73,21900,48.99
2009-08-31,51.12,51.52,50.97,51.52,23200,49.75
2009-08-28,51.64,51.64,51.07,51.24,33700,49.48
2009-08-27,51.24,51.56,50.84,51.40,18300,49.64
2009-08-26,51.11,51.59,51.11,51.41,14100,49.65
2009-08-25,51.31,51.75,51.20,51.36,23700,49.60
2009-08-24,51.42,51.50,51.10,51.10,82000,49.35
2009-08-21,50.87,51.44,50.87,51.25,87800,49.49
2009-08-20,50.42,50.77,50.33,50.74,22200,49.00
2009-08-19,49.74,50.45,49.67,50.35,49400,48.62
2009-08-18,49.60,50.09,49.42,49.95,23500,48.24
2009-08-17,49.28,49.66,48.80,49.52,112300,47.82
2009-08-14,50.34,51.43,49.87,50.14,19800,48.42
2009-08-13,50.40,50.40,49.93,50.20,45900,48.48
2009-08-12,50.11,50.55,49.95,50.39,44000,48.66
2009-08-11,50.05,50.30,50.00,50.00,24300,48.29
2009-08-10,50.23,50.26,49.91,50.11,48800,48.39
2009-08-07,50.53,50.62,50.30,50.44,31100,48.71
2009-08-06,50.70,50.88,50.03,50.36,24200,48.63
2009-08-05,51.37,51.37,50.29,50.68,15500,48.94
2009-08-04,50.81,51.51,50.75,51.00,41000,49.25
2009-08-03,51.09,52.07,50.59,50.99,36100,49.24
2009-07-31,50.36,51.03,50.36,50.71,30600,48.97
2009-07-30,50.59,51.03,50.39,50.39,36900,48.66
2009-07-29,49.83,50.27,49.81,50.24,35900,48.52
2009-07-28,49.87,50.15,49.66,49.91,55000,48.20
2009-07-27,50.02,50.16,49.68,50.16,38800,48.44
2009-07-24,49.59,50.10,49.56,50.10,43800,48.38
2009-07-23,49.34,50.18,49.30,49.68,32200,47.98
2009-07-22,49.19,49.68,49.19,49.27,692000,47.58
2009-07-21,49.72,49.79,48.91,49.43,20400,47.74
2009-07-20,49.45,49.49,48.86,49.40,33600,47.71
2009-07-17,48.78,49.00,48.78,48.95,43200,47.27
2009-07-16,48.75,49.13,48.66,48.93,34800,47.25
2009-07-15,48.09,48.83,48.05,48.83,38600,47.16
2009-07-14,47.57,47.66,47.32,47.62,63100,45.99
2009-07-13,46.71,48.56,46.67,47.37,16300,45.75
2009-07-10,46.49,47.07,46.47,46.57,30700,44.97
2009-07-09,47.13,47.18,46.75,46.85,21900,45.24
2009-07-08,46.95,47.08,46.57,46.84,37100,45.23
2009-07-07,47.30,47.48,46.79,46.79,37500,45.19
2009-07-06,46.82,47.55,46.82,47.43,30500,45.80
2009-07-02,47.27,47.27,46.83,46.85,20900,45.24
2009-07-01,47.39,48.13,47.34,47.65,87200,46.02
2009-06-30,47.23,47.50,46.74,46.93,11800,45.32
2009-06-29,47.48,47.65,47.05,47.29,17000,45.67
2009-06-26,47.03,47.27,46.87,47.12,11800,45.50
2009-06-25,46.53,47.39,46.21,47.34,67100,45.72
2009-06-24,46.80,47.07,46.48,46.50,67200,44.91
2009-06-23,46.66,46.89,46.46,46.57,47000,44.97
2009-06-22,46.68,46.77,45.72,46.23,31400,44.65
2009-06-19,47.86,48.04,47.38,47.42,37800,45.14
2009-06-18,46.85,47.66,46.85,47.58,9000,45.29
2009-06-17,46.46,46.99,46.46,46.94,20700,44.68
2009-06-16,47.41,47.41,46.46,46.68,35400,44.43
2009-06-15,47.45,47.45,46.60,46.88,33900,44.62
2009-06-12,47.46,47.86,47.46,47.71,17000,45.41
2009-06-11,47.72,48.39,47.72,47.92,121700,45.61
2009-06-10,48.42,48.42,47.20,47.46,23800,45.17
2009-06-09,48.16,48.16,47.62,47.82,19100,45.52
2009-06-08,47.28,47.87,47.24,47.83,58800,45.53
2009-06-05,48.43,48.43,47.49,47.84,23200,45.54
2009-06-04,48.11,48.36,47.79,48.36,21600,46.03
2009-06-03,48.10,48.18,47.68,47.99,53000,45.68
2009-06-02,47.95,48.76,47.95,48.67,165000,46.33
2009-06-01,47.82,48.33,47.72,48.03,23200,45.72
2009-05-29,47.07,47.36,46.77,47.36,22200,45.08
2009-05-28,46.65,47.09,46.42,46.76,19400,44.51
2009-05-27,47.16,47.37,46.50,46.62,25100,44.38
2009-05-26,46.36,47.50,45.01,47.37,24100,45.09
2009-05-22,46.73,47.12,46.63,46.68,18800,44.43
2009-05-21,46.44,46.60,46.22,46.51,19100,44.27
2009-05-20,47.11,47.40,46.84,46.89,27000,44.63
2009-05-19,46.60,46.85,46.40,46.70,75000,44.45
2009-05-18,45.90,46.41,45.75,46.41,42100,44.18
2009-05-15,45.65,45.85,45.20,45.35,18400,43.17
2009-05-14,45.77,46.08,45.64,45.78,22700,43.58
2009-05-13,45.26,45.82,45.26,45.45,70700,43.26
2009-05-12,45.66,46.15,45.64,45.88,27400,43.67
2009-05-11,45.05,45.55,45.05,45.37,29000,43.19
2009-05-08,45.59,45.83,45.32,45.58,20800,43.39
2009-05-07,45.13,45.31,44.68,44.72,46800,42.57
2009-05-06,44.72,44.76,44.35,44.75,65700,42.60
2009-05-05,44.46,44.56,43.99,44.01,49500,41.89
2009-05-04,43.90,44.61,43.85,44.56,28700,42.41
2009-05-01,43.21,43.59,43.03,43.53,27900,41.43
2009-04-30,43.77,43.77,43.18,43.31,27700,41.22
2009-04-29,43.17,43.91,43.17,43.44,23800,41.35
2009-04-28,42.02,42.95,42.02,42.65,12500,40.60
2009-04-27,42.23,42.95,42.21,42.36,27500,40.32
2009-04-24,43.02,43.02,42.49,42.49,14900,40.44
2009-04-23,42.36,42.51,41.70,42.45,23100,40.41
2009-04-22,42.12,42.53,42.00,42.03,17400,40.01
2009-04-21,41.94,42.63,41.94,42.60,75000,40.55
2009-04-20,42.43,42.66,42.00,42.08,31200,40.05
2009-04-17,43.21,43.23,42.84,42.91,30600,40.84
2009-04-16,43.10,43.37,42.74,43.34,27500,41.25
2009-04-15,42.04,42.96,42.04,42.96,35600,40.89
2009-04-14,42.37,42.37,41.88,41.98,250900,39.96
2009-04-13,42.43,43.00,42.43,42.72,41400,40.66
2009-04-09,43.42,43.42,42.42,42.60,38100,40.55
2009-04-08,42.71,42.96,42.49,42.73,87400,40.67
2009-04-07,42.00,42.91,42.00,42.48,13500,40.43
2009-04-06,42.79,43.10,42.48,42.88,13000,40.82
2009-04-03,43.32,43.32,42.70,43.17,79700,41.09
2009-04-02,43.42,43.88,43.16,43.43,29300,41.34
2009-04-01,41.35,42.61,41.35,42.61,13700,40.56
2009-03-31,41.92,42.23,41.59,41.71,44200,39.70
2009-03-30,41.26,41.62,40.00,41.11,75800,39.13
2009-03-27,42.22,42.45,41.91,41.98,29100,39.96
2009-03-26,42.77,42.86,42.35,42.86,83500,40.80
2009-03-25,42.33,42.92,41.92,42.53,38700,40.48
2009-03-24,42.07,42.41,41.99,42.17,31800,40.14
2009-03-23,41.57,42.24,41.07,42.24,40900,40.21
2009-03-20,40.75,41.06,40.31,40.31,26100,38.37
2009-03-19,41.79,41.79,40.54,40.60,30700,38.65
2009-03-18,40.74,41.67,40.32,41.26,33600,39.27
2009-03-17,40.57,41.18,40.46,41.16,22800,39.18
2009-03-16,40.58,41.21,40.42,40.52,69300,38.57
2009-03-13,40.02,40.31,39.83,40.22,27000,38.28
2009-03-12,38.93,40.02,38.66,39.87,64100,37.95
2009-03-11,39.15,39.22,38.67,38.88,45900,37.01
2009-03-10,38.31,38.97,38.29,38.89,27800,37.02
2009-03-09,37.87,38.26,37.52,37.64,25700,35.83
2009-03-06,38.65,38.80,37.73,38.41,29900,36.56
2009-03-05,38.89,38.92,37.89,38.27,51300,36.43
2009-03-04,38.84,39.65,38.49,39.16,40200,37.27
2009-03-03,39.16,39.18,37.88,38.37,74000,36.52
2009-03-02,39.59,39.75,38.85,38.90,79800,37.03
2009-02-27,39.67,40.81,39.67,40.28,61600,38.34
2009-02-26,41.38,41.38,39.94,40.04,77600,38.11
2009-02-25,41.21,41.50,40.65,41.01,49300,39.04
2009-02-24,40.87,41.67,40.60,41.64,46600,39.64
2009-02-23,42.11,42.11,40.43,40.51,68800,38.56
2009-02-20,41.49,42.19,41.29,41.82,109500,39.81
2009-02-19,42.35,42.70,42.00,42.08,70000,40.05
2009-02-18,41.82,41.82,41.25,41.51,81100,39.51
2009-02-17,41.45,43.18,41.28,41.55,28100,39.55
2009-02-13,42.84,43.04,42.50,42.63,33300,40.58
2009-02-12,42.01,43.00,40.81,42.99,52300,40.92
2009-02-11,42.67,42.87,42.35,42.64,55600,40.59
2009-02-10,43.60,43.73,42.04,42.34,54500,40.30
2009-02-09,44.41,44.41,43.88,44.09,131500,41.97
2009-02-06,43.52,44.52,43.52,44.32,294000,42.19
2009-02-05,42.90,43.77,42.71,43.65,60800,41.55
2009-02-04,44.23,46.24,43.25,43.25,874900,41.17
2009-02-03,43.84,44.85,43.45,44.60,253600,42.45
2009-02-02,43.11,43.54,42.75,43.47,13800,41.38
2009-01-30,44.87,44.87,43.67,43.77,34500,41.66
2009-01-29,44.81,45.28,44.59,44.63,40400,42.48
2009-01-28,45.56,45.56,44.93,45.29,46800,43.11
2009-01-27,44.64,45.12,44.52,44.76,49400,42.60
2009-01-26,43.43,44.88,43.43,44.65,42900,42.50
2009-01-23,40.50,48.99,40.50,44.32,37400,42.19
2009-01-22,44.14,44.71,43.83,44.49,327000,42.35
2009-01-21,44.28,44.96,43.71,44.88,262200,42.72
2009-01-20,44.81,44.93,43.82,43.96,76800,41.84
2009-01-16,45.21,45.43,44.62,45.12,27600,42.95
2009-01-15,44.58,44.82,43.80,44.77,48500,42.61
2009-01-14,45.15,45.16,44.01,44.29,31500,42.16
2009-01-13,45.34,45.65,45.15,45.44,26300,43.25
2009-01-12,45.94,45.98,45.30,45.53,39700,43.34
2009-01-09,46.75,46.75,45.91,45.93,42400,43.72
2009-01-08,46.96,46.96,46.41,46.85,17400,44.59
2009-01-07,47.26,47.31,46.60,46.85,34400,44.59
2009-01-06,47.87,47.97,47.16,47.41,34700,45.13
2009-01-05,47.85,47.92,47.49,47.67,45600,45.37
2009-01-02,47.42,48.27,47.42,48.27,15300,45.95
2008-12-31,46.93,47.68,46.93,47.65,105600,45.36
2008-12-30,46.53,47.04,46.49,47.04,46200,44.78
2008-12-29,46.73,46.73,45.97,46.24,18500,44.01
2008-12-26,46.50,46.91,46.39,46.71,9000,44.46
2008-12-24,46.35,46.52,45.89,46.30,23500,44.07
2008-12-23,46.75,46.75,45.51,45.84,27400,43.63
2008-12-22,46.40,46.40,45.52,45.87,46900,43.66
2008-12-19,47.13,47.56,46.27,46.56,42200,43.84
2008-12-18,47.46,47.87,46.25,46.58,39700,43.86
2008-12-17,46.88,47.48,46.67,47.16,34600,44.40
2008-12-16,46.21,47.41,45.96,47.33,48800,44.56
2008-12-15,46.02,46.03,45.25,45.64,34400,42.97
2008-12-12,44.77,45.99,44.77,45.85,35900,43.17
2008-12-11,45.66,46.11,45.00,45.29,117000,42.64
2008-12-10,46.17,46.20,45.35,45.70,171000,43.03
2008-12-09,46.11,46.65,45.38,45.65,74300,42.98
2008-12-08,47.27,47.27,46.21,46.72,51500,43.99
2008-12-05,44.81,46.59,44.12,46.55,40100,43.83
2008-12-04,45.23,46.02,44.60,44.93,41900,42.30
2008-12-03,44.31,46.07,44.31,46.07,42200,43.38
2008-12-02,44.97,45.24,44.12,45.15,43000,42.51
2008-12-01,45.61,45.63,42.97,42.97,46000,40.46
2008-11-28,46.17,46.81,46.14,46.74,67100,44.01
2008-11-26,44.77,46.44,44.69,46.38,52600,43.67
2008-11-25,46.91,46.93,45.32,45.98,39600,43.29
2008-11-24,45.55,47.08,44.84,46.28,75700,43.58
2008-11-21,43.86,44.54,42.19,44.54,88700,41.94
2008-11-20,44.00,48.03,42.41,42.93,61200,40.42
2008-11-19,46.28,46.75,44.48,44.51,41000,41.91
2008-11-18,45.57,46.39,44.71,45.72,59600,43.05
2008-11-17,45.81,46.56,45.21,45.60,70600,42.94
2008-11-14,46.50,47.76,46.13,46.72,56400,43.99
2008-11-13,45.65,47.99,44.53,47.99,40800,45.19
2008-11-12,46.31,46.46,45.36,45.36,35100,42.71
2008-11-11,47.30,47.82,46.70,47.24,30500,44.48
2008-11-10,48.92,49.20,47.45,48.03,44400,45.22
2008-11-07,47.76,48.41,47.57,48.34,57200,45.52
2008-11-06,48.06,48.59,46.79,46.93,31400,44.19
2008-11-05,49.16,49.96,47.96,48.14,35300,45.33
2008-11-04,49.70,50.12,49.23,50.04,33900,47.12
2008-11-03,48.37,48.79,48.26,48.53,18500,45.69
2008-10-31,47.67,49.07,47.67,48.27,43100,45.45
2008-10-30,48.65,48.65,47.13,48.01,64500,45.20
2008-10-29,47.74,48.96,47.24,48.05,46700,45.24
2008-10-28,45.04,47.82,44.03,47.82,63000,45.03
2008-10-27,43.74,45.20,43.53,43.53,47700,40.99
2008-10-24,43.53,45.57,43.04,45.20,184600,42.56
2008-10-23,46.13,46.70,44.17,46.19,231200,43.49
2008-10-22,46.52,46.52,44.67,45.62,47900,42.95
2008-10-21,48.13,48.95,47.80,47.87,42000,45.07
2008-10-20,48.37,49.25,48.00,49.25,37300,46.37
2008-10-17,46.41,49.12,46.41,47.63,54100,44.85
2008-10-16,45.94,47.77,44.23,47.77,102200,44.98
2008-10-15,47.83,47.92,45.00,45.25,47100,42.61
2008-10-14,51.21,54.88,47.74,48.44,99900,45.61
2008-10-13,46.60,49.86,46.60,49.86,102300,46.95
2008-10-10,44.23,46.30,42.67,45.92,85000,43.24
2008-10-09,50.10,50.10,45.83,46.31,74000,43.60
2008-10-08,49.86,51.00,49.10,49.80,106600,46.89
2008-10-07,52.97,53.23,50.87,50.88,97800,47.91
2008-10-06,53.60,53.81,50.64,52.59,85800,49.52
2008-10-03,55.28,55.57,54.15,54.42,52300,51.24
2008-10-02,55.30,55.38,54.80,54.93,42900,51.72
2008-10-01,55.07,56.11,54.82,56.11,31400,52.83
2008-09-30,53.80,55.62,53.80,55.46,83100,52.22
2008-09-29,55.63,55.98,53.30,53.50,30500,50.37
2008-09-26,55.82,56.73,55.82,56.48,18000,53.18
2008-09-25,56.37,56.77,56.10,56.37,20000,53.08
2008-09-24,55.52,55.75,55.30,55.48,43300,52.24
2008-09-23,55.69,56.49,55.23,55.46,19200,52.22
2008-09-22,56.95,56.95,56.00,56.00,18900,52.73
2008-09-19,59.55,59.55,56.74,57.62,70500,54.25
2008-09-18,56.24,57.59,55.71,57.42,126600,54.06
2008-09-17,56.00,56.69,55.52,55.73,24200,52.47
2008-09-16,55.79,57.25,55.00,57.14,59500,53.80
2008-09-15,57.07,57.77,57.02,57.23,49200,53.89
2008-09-12,57.24,58.07,57.20,58.07,47400,54.68
2008-09-11,56.55,57.78,56.55,57.78,70400,54.40
2008-09-10,56.87,57.61,56.87,57.37,23600,54.02
2008-09-09,57.51,57.76,57.03,57.03,74400,53.70
2008-09-08,57.76,57.76,56.78,57.20,53200,53.86
2008-09-05,55.83,56.60,55.36,56.59,65500,53.28
2008-09-04,56.51,56.98,56.07,56.07,42100,52.79
2008-09-03,56.91,57.12,56.73,56.91,37500,53.58
2008-09-02,57.15,57.70,57.12,57.12,36500,53.78
2008-08-29,56.91,57.27,56.64,56.64,23600,53.33
2008-08-28,58.20,58.20,56.85,57.17,14900,53.83
2008-08-27,56.47,56.97,56.47,56.85,30000,53.53
2008-08-26,56.63,56.74,56.35,56.62,21700,53.31
2008-08-25,57.24,57.24,55.76,56.58,19700,53.27
2008-08-22,57.00,57.41,57.00,57.41,14000,54.06
2008-08-21,56.85,57.15,56.66,57.15,18400,53.81
2008-08-20,57.46,57.46,56.88,57.20,49900,53.86
2008-08-19,57.28,57.53,57.28,57.38,70400,54.03
2008-08-18,58.46,58.46,57.49,57.60,93500,54.23
2008-08-15,57.87,58.21,57.49,58.03,37300,54.64
2008-08-14,57.15,57.95,57.15,57.42,43900,54.06
2008-08-13,57.89,58.03,57.49,57.82,70600,54.44
2008-08-12,57.91,58.43,57.91,58.17,70700,54.77
2008-08-11,58.08,58.30,57.93,58.05,119700,54.66
2008-08-08,56.75,58.17,56.75,58.11,45600,54.71
2008-08-07,57.44,57.45,56.74,56.80,33000,53.48
2008-08-06,57.73,58.17,57.55,58.10,77300,54.71
2008-08-05,57.35,58.08,57.21,58.05,217700,54.66
2008-08-04,56.03,56.70,56.03,56.58,53100,53.27
2008-08-01,56.31,56.46,55.25,55.44,1386200,52.20
2008-07-31,56.48,56.60,56.01,56.09,26600,52.81
2008-07-30,57.08,57.16,56.62,56.96,32700,53.63
2008-07-29,55.90,56.61,55.90,56.55,45100,53.25
2008-07-28,56.06,56.37,55.81,55.81,25500,52.55
2008-07-25,55.91,56.17,55.84,55.88,30500,52.61
2008-07-24,56.07,56.20,55.46,55.57,43400,52.32
2008-07-23,56.46,56.46,56.08,56.40,37400,53.10
2008-07-22,54.90,56.36,54.90,56.36,25100,53.07
2008-07-21,55.82,55.82,55.15,55.28,9500,52.05
2008-07-18,55.67,55.67,54.97,55.30,239000,52.07
2008-07-17,56.26,56.26,55.53,55.89,39500,52.62
2008-07-16,54.91,55.71,54.75,55.68,68200,52.43
2008-07-15,54.46,55.15,54.17,54.88,62900,51.67
2008-07-14,55.36,55.36,54.67,54.77,53800,51.57
2008-07-11,54.59,55.05,54.35,54.64,97700,51.45
2008-07-10,55.35,55.50,54.98,55.27,8900,52.04
2008-07-09,56.27,56.37,55.61,55.65,24700,52.40
2008-07-08,55.39,56.10,55.39,56.10,40700,52.82
2008-07-07,55.33,55.44,54.64,54.99,74700,51.78
2008-07-03,55.67,55.67,54.82,55.25,44700,52.02
2008-07-02,55.68,55.68,54.75,54.98,20700,51.77
2008-07-01,55.13,55.62,54.96,55.53,18600,52.29
2008-06-30,55.93,56.07,55.50,55.50,13100,52.26
2008-06-27,55.93,55.93,55.16,55.35,8900,52.12
2008-06-26,56.38,56.76,56.00,56.01,15200,52.74
2008-06-25,56.84,57.51,56.74,56.94,45300,53.61
2008-06-24,56.28,56.68,56.15,56.33,31700,53.04
2008-06-23,56.52,56.99,56.36,56.48,36000,53.18
2008-06-20,57.91,57.91,54.47,57.10,56100,53.13
2008-06-19,58.22,58.35,57.98,58.14,35900,54.10
2008-06-18,58.70,58.70,58.14,58.31,58900,54.26
2008-06-17,59.77,59.77,58.80,58.88,15200,54.79
2008-06-16,59.33,59.33,58.43,59.08,23500,54.97
2008-06-13,59.74,59.74,59.23,59.53,16800,55.39
2008-06-12,59.90,60.12,59.52,59.65,13000,55.50
2008-06-11,60.25,60.25,59.42,59.57,19800,55.43
2008-06-10,59.67,60.46,59.59,60.32,35100,56.13
2008-06-09,60.53,60.53,59.80,60.17,14400,55.99
2008-06-06,60.96,60.96,60.00,60.00,16200,55.83
2008-06-05,61.08,61.60,60.78,61.60,23600,57.32
2008-06-04,60.59,60.81,60.49,60.69,15600,56.47
2008-06-03,60.94,60.94,60.22,60.56,29900,56.35
2008-06-02,60.97,60.97,60.32,60.47,11300,56.27
2008-05-30,61.37,61.38,61.03,61.25,19200,56.99
2008-05-29,60.72,61.28,60.72,61.17,37700,56.92
2008-05-28,61.00,61.03,60.64,60.90,59700,56.67
2008-05-27,60.71,60.97,60.54,60.88,15700,56.65
2008-05-23,60.94,61.00,60.66,60.82,19800,56.59
2008-05-22,60.65,61.00,60.53,60.96,17200,56.72
2008-05-21,61.25,61.25,60.26,60.30,29300,56.11
2008-05-20,61.53,61.53,60.84,61.06,22500,56.82
2008-05-19,61.83,61.87,61.45,61.64,13900,57.36
2008-05-16,61.72,61.97,61.45,61.94,14100,57.63
2008-05-15,61.17,61.68,60.90,61.60,21900,57.32
2008-05-14,60.98,61.20,60.79,60.93,35400,56.69
2008-05-13,61.00,61.00,60.65,60.97,17600,56.73
2008-05-12,60.44,60.93,60.44,60.91,14400,56.68
2008-05-09,60.52,60.61,60.38,60.50,14700,56.29
2008-05-08,60.94,61.06,60.59,60.59,30300,56.38
2008-05-07,60.70,60.75,60.21,60.24,44300,56.05
2008-05-06,60.33,60.95,60.33,60.72,59500,56.50
2008-05-05,60.80,60.88,60.59,60.83,41900,56.60
2008-05-02,61.48,61.48,60.81,61.02,25200,56.78
2008-05-01,60.76,61.17,60.76,61.14,17800,56.89
2008-04-30,61.07,61.54,60.77,60.80,24900,56.57
2008-04-29,60.69,60.82,60.34,60.65,32500,56.43
2008-04-28,61.00,61.11,60.81,60.92,10200,56.69
2008-04-25,61.25,61.25,60.59,60.84,25900,56.61
2008-04-24,61.07,61.30,60.51,61.18,63500,56.93
2008-04-23,60.98,61.24,60.75,61.20,20800,56.95
2008-04-22,61.20,61.25,60.82,60.97,20900,56.73
2008-04-21,61.12,61.57,61.04,61.57,15600,57.29
2008-04-18,62.10,62.13,61.28,61.50,21900,57.22
2008-04-17,61.30,61.49,61.13,61.38,29700,57.11
2008-04-16,61.35,61.80,61.22,61.76,41400,57.47
2008-04-15,61.17,61.25,60.86,61.25,58700,56.99
2008-04-14,60.45,60.87,60.45,60.73,20500,56.51
2008-04-11,60.55,60.81,60.32,60.37,38600,56.17
2008-04-10,60.90,61.23,60.88,61.04,38200,56.80
2008-04-09,61.26,61.26,60.68,60.92,44700,56.69
2008-04-08,61.44,61.45,61.01,61.42,16000,57.15
2008-04-07,62.10,62.10,61.50,61.68,21400,57.39
2008-04-04,62.08,62.08,61.42,61.65,19700,57.36
2008-04-03,61.15,61.56,61.13,61.45,14700,57.18
2008-04-02,61.37,61.60,61.16,61.44,22900,57.17
2008-04-01,61.25,61.75,60.91,61.70,37500,57.41
2008-03-31,60.50,60.97,58.70,60.76,43700,56.54
2008-03-28,60.65,60.79,60.31,60.47,12800,56.27
2008-03-27,61.23,61.23,60.50,60.56,27800,56.35
2008-03-26,60.78,60.96,60.58,60.87,15600,56.64
2008-03-25,60.52,60.88,60.34,60.79,17000,56.56
2008-03-24,59.99,60.71,59.99,60.40,16900,56.20
2008-03-20,58.93,60.00,58.84,59.90,42300,55.74
2008-03-19,59.65,59.88,58.83,58.87,12500,54.78
2008-03-18,59.64,59.64,58.93,59.62,34700,55.48
2008-03-17,57.59,58.87,57.59,58.70,19200,54.62
2008-03-14,60.04,60.04,58.57,58.81,27100,54.72
2008-03-13,58.99,60.17,58.99,59.95,22800,55.78
2008-03-12,59.51,59.60,59.16,59.24,17000,55.12
2008-03-11,59.38,59.52,58.68,59.52,52200,55.38
2008-03-10,58.91,58.91,58.43,58.52,8100,54.45
2008-03-07,58.31,58.79,58.31,58.47,19700,54.41
2008-03-06,59.00,59.23,58.84,58.84,94300,54.75
2008-03-05,58.76,59.26,58.51,59.06,14200,54.95
2008-03-04,58.47,58.96,58.19,58.81,148500,54.72
2008-03-03,58.79,58.95,58.50,58.95,75600,54.85
2008-02-29,59.32,59.32,58.44,58.49,108100,54.42
2008-02-28,59.81,59.93,59.53,59.61,63000,55.47
2008-02-27,59.85,60.28,59.68,59.73,210000,55.58
2008-02-26,59.24,60.08,59.24,59.95,33800,55.78
2008-02-25,59.00,59.44,58.73,59.41,76600,55.28
2008-02-22,59.03,59.12,58.30,59.12,12200,55.01
2008-02-21,58.66,59.27,58.36,58.44,23400,54.38
2008-02-20,57.91,58.65,57.80,58.30,17400,54.25
2008-02-19,59.33,59.33,58.38,58.62,27200,54.55
2008-02-15,58.33,58.64,58.12,58.64,29200,54.56
2008-02-14,59.06,59.06,58.17,58.37,33000,54.31
2008-02-13,58.94,58.94,58.41,58.82,13800,54.73
2008-02-12,58.42,58.77,58.24,58.47,83300,54.41
2008-02-11,57.67,57.92,57.24,57.75,22000,53.74
2008-02-08,57.43,57.82,57.31,57.50,49900,53.50
2008-02-07,57.30,57.87,57.21,57.60,187700,53.60
2008-02-06,57.66,58.16,57.54,57.61,779000,53.61
2008-02-05,57.86,58.29,57.43,57.50,275700,53.50
2008-02-04,59.23,59.57,58.89,59.05,361100,54.95
2008-02-01,58.87,59.94,58.87,59.26,166200,55.14
2008-01-31,57.26,59.00,57.26,58.74,118800,54.66
2008-01-30,57.94,58.97,57.81,58.04,144500,54.01
2008-01-29,58.42,58.42,57.89,58.25,60100,54.20
2008-01-28,57.83,58.05,57.34,58.05,99800,54.01
2008-01-25,59.01,59.01,57.42,57.52,55200,53.52
2008-01-24,58.41,58.81,57.72,58.23,69200,54.18
2008-01-23,56.04,58.56,55.64,58.56,203600,54.49
2008-01-22,55.91,58.27,55.91,57.75,202600,53.74
2008-01-18,59.27,59.58,58.00,58.66,71700,54.58
2008-01-17,59.61,59.83,58.54,58.66,131800,54.58
2008-01-16,59.44,59.99,59.00,59.16,216500,55.05
2008-01-15,59.89,60.72,59.45,59.59,56100,55.45
2008-01-14,61.13,61.15,60.58,60.88,41800,56.65
2008-01-11,61.66,61.79,60.60,60.78,95800,56.55
2008-01-10,61.88,63.46,61.80,62.47,32000,58.13
2008-01-09,61.42,62.26,61.35,62.26,79800,57.93
2008-01-08,62.40,62.75,61.56,61.56,61300,57.28
2008-01-07,61.74,62.35,61.74,62.33,42500,58.00
2008-01-04,62.11,62.11,61.08,61.35,50700,57.09
2008-01-03,62.25,62.39,62.08,62.17,53400,57.85
2008-01-02,62.98,63.17,61.91,62.04,30500,57.73
2007-12-31,63.13,63.31,61.86,62.94,39600,58.56
2007-12-28,63.28,63.43,63.02,63.22,28100,58.83
2007-12-27,63.56,63.56,63.07,63.12,30800,58.73
2007-12-26,63.73,63.76,63.45,63.75,18900,59.32
2007-12-24,63.38,64.48,63.38,63.73,34800,59.30
2007-12-21,63.08,63.94,63.07,63.67,28800,58.91
2007-12-20,62.22,63.53,62.08,62.67,40400,57.98
2007-12-19,62.16,62.57,62.00,62.38,38500,57.71
2007-12-18,62.47,62.82,61.96,62.55,32000,57.87
2007-12-17,62.94,62.94,62.17,62.41,41700,57.74
2007-12-14,63.54,63.54,62.75,62.84,25700,58.14
2007-12-13,63.72,63.73,63.20,63.61,26300,58.85
2007-12-12,64.21,67.08,63.60,67.08,28000,62.06
2007-12-11,64.27,65.65,63.19,63.33,51100,58.59
2007-12-10,64.28,64.55,64.22,64.51,24400,59.68
2007-12-07,64.31,65.00,64.12,64.23,47200,59.42
2007-12-06,63.98,72.62,63.00,64.56,39000,59.73
2007-12-05,63.82,64.19,63.77,64.03,32400,59.24
2007-12-04,62.15,64.17,62.15,63.89,78000,59.11
2007-12-03,63.80,64.01,63.61,63.83,70800,59.05
2007-11-30,63.95,64.25,63.68,64.04,400600,59.25
2007-11-29,66.02,66.02,63.36,63.84,33800,59.06
2007-11-28,63.08,64.31,62.99,64.23,223700,59.42
2007-11-27,62.25,62.91,62.25,62.77,56100,58.07
2007-11-26,62.80,62.99,61.95,61.95,33100,57.31
2007-11-23,63.55,63.55,62.37,62.71,5300,58.02
2007-11-21,62.40,62.40,62.00,62.00,16200,57.36
2007-11-20,62.80,63.05,62.41,62.79,55700,58.09
2007-11-19,63.56,63.56,62.11,62.14,43100,57.49
2007-11-16,63.55,63.55,62.41,62.93,24500,58.22
2007-11-15,62.32,62.59,61.79,61.91,20400,57.28
2007-11-14,62.59,62.82,62.22,62.27,45100,57.61
2007-11-13,60.50,62.46,60.50,62.46,40600,57.79
2007-11-12,61.20,61.44,60.75,60.80,16800,56.25
2007-11-09,61.62,61.77,61.36,61.53,10500,56.93
2007-11-08,61.93,62.24,61.35,62.10,60400,57.45
2007-11-07,62.42,62.83,61.79,61.79,63800,57.17
2007-11-06,62.25,62.51,62.11,62.51,28000,57.83
2007-11-05,61.75,62.22,61.70,62.01,11800,57.37
2007-11-02,62.12,62.22,61.76,62.13,16000,57.48
2007-11-01,62.20,62.26,61.57,61.57,56700,56.96
2007-10-31,62.35,62.66,62.24,62.59,63400,57.91
2007-10-30,61.92,62.33,61.92,62.14,131400,57.49
2007-10-29,62.25,62.41,62.13,62.40,10300,57.73
2007-10-26,61.62,62.22,61.62,62.20,43400,57.55
2007-10-25,61.55,61.62,61.28,61.52,12700,56.92
2007-10-24,61.15,61.60,60.61,61.35,26400,56.76
2007-10-23,61.25,61.25,60.92,61.23,10900,56.65
2007-10-22,60.52,60.83,60.46,60.59,15600,56.06
2007-10-19,61.40,61.40,60.50,60.50,7900,55.97
2007-10-18,61.50,61.62,61.35,61.59,21100,56.98
2007-10-17,61.53,61.53,61.01,61.25,8900,56.67
2007-10-16,60.75,60.79,60.56,60.56,15100,56.03
2007-10-15,61.40,61.40,60.77,60.86,38700,56.31
2007-10-12,60.72,61.20,60.72,61.19,36300,56.61
2007-10-11,61.18,61.29,60.83,60.83,73500,56.28
2007-10-10,60.73,61.08,60.68,60.81,10300,56.26
2007-10-09,60.38,60.72,60.38,60.72,15100,56.18
2007-10-08,60.57,60.57,60.20,60.37,3500,55.85
2007-10-05,60.72,60.75,60.60,60.71,7100,56.17
2007-10-04,60.23,60.47,60.23,60.33,16400,55.82
2007-10-03,60.47,60.47,60.14,60.14,10900,55.64
2007-10-02,60.31,60.51,60.21,60.44,12100,55.92
2007-10-01,60.25,60.94,60.25,60.74,63000,56.19
2007-09-28,60.40,60.47,60.14,60.44,23200,55.92
2007-09-27,60.36,60.41,60.21,60.38,17400,55.86
2007-09-26,59.90,60.01,59.85,59.91,7700,55.43
2007-09-25,59.25,59.72,59.25,59.58,6900,55.12
2007-09-24,59.85,59.85,59.58,59.59,6400,55.13
2007-09-21,59.95,60.00,59.70,59.70,26200,55.23
2007-09-20,59.80,59.80,59.27,59.41,10900,54.96
2007-09-19,59.75,59.75,59.43,59.59,9700,55.13
2007-09-18,58.60,59.64,58.60,59.64,8000,55.18
2007-09-17,58.50,58.50,58.12,58.21,3300,53.85
2007-09-14,58.55,58.76,58.55,58.65,6900,54.26
2007-09-13,58.94,59.00,58.78,58.82,10600,54.42
2007-09-12,58.10,58.63,58.10,58.51,7600,54.13
2007-09-11,57.82,58.28,57.82,58.15,3600,53.80
2007-09-10,57.65,57.71,57.20,57.39,12700,53.10
2007-09-07,57.68,57.69,57.34,57.43,14000,53.13
2007-09-06,57.70,58.10,57.49,57.92,48800,53.59
2007-09-05,57.60,58.00,57.00,57.49,19300,53.19
2007-09-04,57.91,58.27,57.64,58.16,5500,53.81
2007-08-31,57.98,58.75,57.98,58.10,7700,53.75
2007-08-30,57.23,57.70,57.20,57.37,9600,53.08
2007-08-29,57.16,57.70,57.08,57.52,19100,53.22
2007-08-28,57.37,57.57,56.85,56.85,36000,52.60
2007-08-27,57.79,58.00,57.52,57.52,6900,53.22
2007-08-24,57.20,57.70,57.19,57.55,3300,53.24
2007-08-23,57.11,57.29,56.54,56.83,9800,52.58
2007-08-22,56.45,56.81,56.41,56.71,7800,52.47
2007-08-21,55.88,56.78,55.64,56.78,3200,52.53
2007-08-20,56.38,56.39,55.82,56.22,6500,52.01
2007-08-17,56.03,58.00,55.42,56.31,8400,52.10
2007-08-16,55.20,56.16,54.48,55.45,31300,51.30
2007-08-15,56.03,57.50,55.00,55.42,11000,51.27
2007-08-14,56.73,56.82,55.91,55.96,6500,51.77
2007-08-13,56.98,57.48,56.73,56.86,8000,52.61
2007-08-10,56.75,57.23,56.41,56.72,25900,52.48
2007-08-09,57.71,58.28,57.19,57.29,86600,53.00
2007-08-08,57.83,58.81,57.63,58.15,8700,53.80
2007-08-07,57.18,58.00,57.15,57.61,18000,53.30
2007-08-06,56.53,57.44,56.53,57.44,15500,53.14
2007-08-03,56.80,56.99,56.31,56.31,9300,52.10
2007-08-02,56.84,57.17,56.74,57.06,3700,52.79
2007-08-01,56.21,56.74,56.06,56.74,3600,52.49
2007-07-31,56.80,57.21,56.47,56.48,8200,52.25
2007-07-30,56.46,56.66,56.18,56.66,4500,52.42
2007-07-27,56.76,56.94,56.43,56.43,16500,52.21
2007-07-26,57.22,57.22,56.38,56.75,6900,52.50
2007-07-25,58.35,58.42,57.95,58.13,5100,53.78
2007-07-24,58.54,58.74,57.93,57.93,7600,53.59
2007-07-23,58.66,58.90,58.64,58.78,6900,54.38
2007-07-20,58.85,58.85,58.35,58.35,3800,53.98
2007-07-19,58.93,59.04,58.85,58.91,8800,54.50
2007-07-18,58.80,58.80,58.37,58.47,3000,54.09
2007-07-17,58.87,59.01,58.71,58.71,4100,54.32
2007-07-16,58.94,59.09,58.83,59.03,3700,54.61
2007-07-13,59.00,59.14,58.90,59.13,2500,54.71
2007-07-12,58.79,59.00,58.78,59.00,2300,54.58
2007-07-11,58.22,58.42,58.22,58.42,6900,54.05
2007-07-10,58.26,58.33,57.92,57.93,1400,53.59
2007-07-09,58.31,58.37,58.12,58.31,4800,53.95
2007-07-06,57.93,58.16,57.87,58.16,800,53.81
2007-07-05,58.04,58.09,57.89,58.05,5500,53.71
2007-07-03,58.00,58.00,57.84,58.00,11200,53.66
2007-07-02,57.67,57.88,57.67,57.76,9700,53.44
2007-06-29,57.53,57.83,57.30,57.34,14400,53.05
2007-06-28,57.39,57.49,57.39,57.49,5100,53.19
2007-06-27,56.87,57.37,56.82,57.37,2600,53.08
2007-06-26,57.18,57.22,56.92,56.92,3300,52.66
2007-06-25,56.95,57.27,56.70,56.81,2500,52.56
2007-06-22,57.26,57.31,56.88,56.91,3500,52.65
2007-06-21,57.07,57.39,57.00,57.34,5000,53.05
2007-06-20,57.60,57.71,57.14,57.24,14600,52.96
2007-06-19,57.53,57.70,57.50,57.66,6600,53.35
2007-06-18,58.08,58.09,57.98,58.00,7300,53.66
2007-06-15,58.10,58.31,58.00,58.00,4800,53.66
2007-06-14,57.66,57.75,57.62,57.74,900,53.42
2007-06-13,57.09,57.50,57.09,57.50,6600,53.20
2007-06-12,57.30,57.42,57.00,57.02,2700,52.75
2007-06-11,57.30,57.71,57.29,57.65,10000,53.34
2007-06-08,56.92,57.21,56.86,57.21,18000,52.93
2007-06-07,57.57,57.71,57.00,57.10,5900,52.83
2007-06-06,58.06,58.06,57.47,57.67,34200,53.35
2007-06-05,58.58,58.58,58.22,58.33,4600,53.97
2007-06-04,58.60,58.64,58.57,58.60,10300,54.21
2007-06-01,58.40,58.65,57.65,58.64,38600,54.25
2007-05-31,58.37,58.45,58.30,58.31,5500,53.95
2007-05-30,57.75,58.32,57.75,58.32,3800,53.96
2007-05-29,58.00,58.07,57.93,57.93,4000,53.59
2007-05-25,57.66,57.88,57.66,57.88,8900,53.55
2007-05-24,57.87,57.94,57.39,57.44,7700,53.14
2007-05-23,58.40,58.40,57.80,57.80,8800,53.47
2007-05-22,57.80,57.84,57.70,57.70,4200,53.38
2007-05-21,57.87,57.90,57.68,57.68,6700,53.36
2007-05-18,57.75,58.16,57.75,58.10,5100,53.75
2007-05-17,57.84,57.92,57.73,57.92,6300,53.59
2007-05-16,57.74,58.06,57.67,58.06,3900,53.72
2007-05-15,57.52,57.89,57.52,57.64,2900,53.33
2007-05-14,57.70,57.78,57.51,57.65,6800,53.34
2007-05-11,57.44,57.75,57.43,57.75,4900,53.43
2007-05-10,57.85,57.85,57.30,57.30,3100,53.01
2007-05-09,58.02,58.15,57.95,58.10,1300,53.75
2007-05-08,58.10,58.10,57.61,57.77,36800,53.45
2007-05-07,58.23,58.27,58.16,58.21,800,53.85
2007-05-04,58.08,58.17,58.06,58.16,2500,53.81
2007-05-03,58.00,58.00,57.93,57.98,5400,53.64
2007-05-02,57.77,57.94,57.77,57.90,6300,53.57
2007-05-01,57.75,57.75,57.58,57.68,800,53.36
2007-04-30,58.02,58.20,57.87,57.87,5400,53.54
2007-04-27,57.90,58.01,57.80,58.01,2400,53.67
2007-04-26,58.15,58.15,57.94,58.05,14600,53.71
2007-04-25,58.29,58.37,58.09,58.35,34700,53.98
2007-04-24,57.83,58.03,57.68,57.97,8800,53.63
2007-04-23,57.90,58.02,57.80,57.80,29100,53.47
2007-04-20,57.94,57.98,57.85,57.98,1600,53.64
2007-04-19,57.36,57.66,57.36,57.63,6300,53.32
2007-04-18,57.44,57.78,57.44,57.66,250500,53.35
2007-04-17,57.62,57.71,57.59,57.69,5100,53.37
2007-04-16,57.19,57.42,57.19,57.42,5900,53.12
2007-04-13,57.06,57.17,56.90,57.17,3700,52.89
2007-04-12,56.52,57.09,56.52,57.09,27700,52.82
2007-04-11,56.96,56.96,56.60,56.62,6200,52.38
2007-04-10,56.90,56.94,56.86,56.94,1500,52.68
2007-04-09,56.70,56.90,56.70,56.88,10500,52.62
2007-04-05,56.70,57.01,56.70,56.90,5800,52.64
2007-04-04,56.60,56.93,56.60,56.80,8300,52.55
2007-04-03,56.34,56.83,56.34,56.75,13500,52.50
2007-04-02,55.93,55.93,54.89,55.10,22800,50.98
2007-03-30,55.72,55.92,55.72,55.84,5600,51.66
2007-03-29,55.66,55.70,55.44,55.70,15100,51.53
2007-03-28,55.21,55.56,55.21,55.43,6600,51.28
2007-03-27,55.55,55.67,55.48,55.67,11800,51.50
2007-03-26,55.62,56.05,55.45,55.95,41600,51.76
2007-03-23,55.77,55.83,55.77,55.83,4400,51.65
2007-03-22,55.73,55.87,55.68,55.76,2800,51.59
2007-03-21,55.15,56.01,55.04,56.01,6500,51.82
2007-03-20,54.76,55.23,54.75,55.23,10100,51.10
2007-03-19,54.54,54.80,54.54,54.78,2300,50.68
2007-03-16,54.60,54.61,54.35,54.48,4900,50.40
2007-03-15,53.79,54.24,53.79,54.23,3200,50.17
2007-03-14,53.58,53.70,53.01,53.63,5700,49.62
2007-03-13,54.08,54.16,53.42,53.43,11600,49.43
2007-03-12,54.06,54.24,53.99,54.24,3700,50.18
2007-03-09,53.80,54.05,53.80,53.96,14200,49.92
2007-03-08,53.50,53.79,53.50,53.75,3800,49.73
2007-03-07,53.63,53.81,53.58,53.58,11700,49.57
2007-03-06,53.10,53.52,53.10,53.52,5300,49.51
2007-03-05,52.88,53.20,52.72,52.72,4600,48.77
2007-03-02,53.65,53.76,53.26,53.42,4300,49.42
2007-03-01,53.27,53.74,53.27,53.65,21100,49.64
2007-02-28,53.75,54.13,53.73,53.82,5900,49.79
2007-02-27,54.56,54.56,53.20,53.26,2600,49.27
2007-02-26,55.22,55.29,55.05,55.20,3100,51.07
2007-02-23,55.09,55.25,55.08,55.24,8900,51.11
2007-02-22,55.04,55.14,54.91,55.14,26100,51.01
2007-02-21,54.93,54.96,54.90,54.95,3400,50.84
2007-02-20,55.03,55.26,54.92,55.25,5200,51.12
2007-02-16,54.91,55.15,54.91,55.14,29000,51.01
2007-02-15,54.92,55.18,54.92,55.18,14900,51.05
2007-02-14,54.51,54.90,54.48,54.85,11900,50.75
2007-02-13,54.15,54.49,54.15,54.49,2900,50.41
2007-02-12,54.00,54.02,53.93,53.93,5700,49.89
2007-02-09,54.20,54.36,53.97,53.99,2000,49.95
2007-02-08,54.10,54.24,54.03,54.22,10000,50.16
2007-02-07,54.48,54.61,54.48,54.52,7800,50.44
2007-02-06,54.59,54.63,54.43,54.56,3900,50.48
2007-02-05,54.25,54.47,54.25,54.43,1800,50.36
2007-02-02,54.55,54.58,54.48,54.54,1800,50.46
2007-02-01,54.31,54.52,54.30,54.52,9200,50.44
2007-01-31,53.82,54.36,53.82,54.30,7100,50.24
2007-01-30,53.79,53.95,53.79,53.95,8400,49.91
2007-01-29,53.81,53.97,53.80,53.80,8900,49.77
2007-01-26,53.67,53.76,53.53,53.76,13400,49.74
2007-01-25,53.81,53.92,53.49,53.55,30200,49.54
2007-01-24,53.84,55.00,53.82,54.01,98900,49.97
2007-01-23,53.71,53.95,53.71,53.80,12300,49.77
2007-01-22,53.59,53.75,53.58,53.73,17700,49.71
2007-01-19,53.67,53.82,53.60,53.82,4600,49.79
2007-01-18,53.74,53.78,53.62,53.64,2800,49.63
2007-01-17,53.61,53.86,53.60,53.68,3300,49.66
2007-01-16,53.64,53.72,53.50,53.62,7400,49.61
2007-01-12,53.44,53.69,53.44,53.63,5600,49.62
2007-01-11,53.05,53.46,53.05,53.37,9500,49.38
2007-01-10,52.78,53.13,52.78,53.10,6400,49.13
2007-01-09,53.03,53.10,52.91,53.08,6000,49.11
2007-01-08,53.00,53.06,52.88,53.06,2500,49.09
2007-01-05,53.37,53.37,53.01,53.13,1900,49.15
2007-01-04,53.49,53.60,53.43,53.60,2500,49.59
2007-01-03,53.70,53.73,53.24,53.33,7400,49.34
2006-12-29,53.41,53.41,53.26,53.26,4000,49.27
2006-12-28,53.40,53.48,53.38,53.48,1300,49.48
2006-12-27,53.28,53.46,53.27,53.45,3300,49.45
2006-12-26,52.97,53.00,52.97,53.00,400,49.03
2006-12-22,53.13,53.13,52.86,52.97,800,49.01
2006-12-21,53.09,53.20,52.99,53.02,3600,49.05
2006-12-20,53.45,53.45,53.34,53.34,700,49.35
2006-12-19,53.23,53.52,53.23,53.49,1200,49.49
2006-12-18,53.45,53.45,53.21,53.21,3000,49.23
2006-12-15,53.53,53.61,53.34,53.47,15000,49.47
2006-12-14,53.26,53.34,53.24,53.33,3800,49.34
2006-12-13,53.15,53.15,53.01,53.06,2400,49.09
2006-12-12,53.00,53.11,52.94,53.06,2400,49.09
2006-12-11,52.86,52.87,52.83,52.85,1100,48.90
2006-12-08,52.90,53.03,52.77,52.77,1100,48.82
2006-12-07,53.15,53.15,52.78,52.87,2900,48.91
2006-12-06,52.57,52.73,52.57,52.73,1400,48.78
2006-12-05,52.72,52.83,52.72,52.76,1800,48.81
2006-12-04,52.54,52.66,52.54,52.66,1800,48.72
2006-12-01,52.14,52.19,52.00,52.03,1400,48.14
2006-11-30,52.33,52.35,52.05,52.16,10000,48.26
2006-11-29,52.09,52.26,52.09,52.26,4400,48.35
2006-11-28,51.64,52.06,51.64,52.06,4900,48.16
2006-11-27,52.08,52.08,51.58,51.63,4800,47.77
2006-11-24,52.14,52.27,52.14,52.17,500,48.27
2006-11-22,52.09,52.22,52.09,52.22,1200,48.31
2006-11-21,51.97,52.02,51.94,52.01,10700,48.12
2006-11-20,51.93,52.07,51.91,51.91,1600,48.03
2006-11-17,51.84,52.14,51.84,52.14,1000,48.24
2006-11-16,51.83,52.05,51.83,51.95,1900,48.06
2006-11-15,51.86,51.93,51.86,51.86,1900,47.98
2006-11-14,51.72,51.89,51.45,51.79,2900,47.91
2006-11-13,51.66,51.71,51.55,51.55,1000,47.69
2006-11-10,51.69,51.70,51.69,51.70,600,47.83
2006-11-09,51.72,51.76,51.71,51.71,1000,47.84
2006-11-08,51.54,51.88,51.54,51.79,5600,47.91
2006-11-07,51.70,51.85,51.61,51.62,1200,47.76
2006-11-06,51.37,51.64,51.30,51.61,2500,47.75
2006-11-03,51.44,51.44,51.25,51.25,2000,47.41
2006-11-02,51.49,51.49,51.42,51.49,6900,47.64
2006-11-01,51.57,51.57,51.29,51.29,400,47.45
2006-10-31,51.33,51.57,51.33,51.40,3200,47.55
2006-10-30,51.39,51.51,51.39,51.42,1600,47.57
2006-10-27,51.63,51.71,51.60,51.67,2400,47.80
2006-10-26,51.60,51.88,51.60,51.87,1900,47.99
2006-10-25,51.22,51.55,51.22,51.55,4700,47.69
2006-10-24,51.10,51.16,50.92,51.16,2300,47.33
2006-10-23,50.87,51.24,50.87,51.20,2900,47.37
2006-10-20,50.77,50.98,50.77,50.98,3000,47.17
2006-10-19,50.64,50.84,50.64,50.80,3600,47.00
2006-10-18,50.71,50.77,50.63,50.73,3900,46.93
2006-10-17,50.53,50.55,50.42,50.54,2100,46.76
2006-10-16,50.59,50.66,50.46,50.65,4700,46.86
2006-10-13,50.74,50.74,50.34,50.48,7600,46.70
2006-10-12,50.60,50.69,50.53,50.69,3200,46.90
2006-10-11,50.48,50.59,50.44,50.50,1900,46.72
2006-10-10,50.50,50.50,50.30,50.47,3800,46.69
2006-10-09,50.57,50.64,50.57,50.63,4000,46.84
2006-10-06,50.90,50.90,50.65,50.68,2600,46.89
2006-10-05,51.01,51.11,51.01,51.11,11500,47.29
2006-10-04,50.60,51.23,50.60,51.23,4700,47.40
2006-10-03,50.50,50.67,50.44,50.67,13700,46.88
2006-10-02,50.48,50.65,50.45,50.49,900,46.71
2006-09-29,50.73,50.77,50.63,50.68,37300,46.89
2006-09-28,50.90,50.96,50.78,50.96,1600,47.15
2006-09-27,50.80,50.99,50.80,50.99,6000,47.17
2006-09-26,50.62,50.91,50.62,50.91,3800,47.10
2006-09-25,50.43,50.80,50.40,50.80,18400,47.00
2006-09-22,50.81,50.81,50.70,50.70,2200,46.91