2011-05-10,33.13,33.27,33.13,33.23,1200,33.23
2011-05-09,32.60,32.97,32.59,32.74,2300,32.74
2011-05-06,33.12,33.12,32.53,32.69,3300,32.69
2011-05-05,32.85,32.93,32.54,32.57,2300,32.57
2011-05-04,33.77,33.77,33.01,33.27,3100,33.27
2011-05-03,33.59,33.59,33.18,33.25,1800,33.25
2011-05-02,33.94,33.94,33.59,33.59,2300,33.59
2011-04-29,33.72,33.84,33.43,33.84,7800,33.84
2011-04-28,33.40,33.78,33.40,33.50,2800,33.50
2011-04-27,33.00,33.27,33.00,33.27,500,33.27
2011-04-26,33.16,33.23,32.92,33.23,4000,33.23
2011-04-25,33.13,33.13,32.87,33.09,1700,33.09
2011-04-21,33.08,33.08,32.77,32.95,4200,32.95
2011-04-20,32.48,32.83,32.48,32.75,2000,32.75
2011-04-19,31.98,32.09,31.80,32.09,1300,32.09
2011-04-18,31.83,31.83,31.46,31.59,2800,31.59
2011-04-15,32.29,32.33,32.21,32.24,1200,32.24
2011-04-14,32.15,32.32,32.15,32.32,1700,32.32
2011-04-13,32.20,32.25,32.08,32.08,800,32.08
2011-04-12,31.93,31.93,31.87,31.87,3700,31.87
2011-04-11,32.35,32.35,32.10,32.15,1300,32.15
2011-04-08,32.55,32.67,32.34,32.34,4100,32.34
2011-04-07,32.33,32.37,32.24,32.24,1900,32.24
2011-04-06,32.28,32.55,32.28,32.33,2400,32.33
2011-04-05,32.33,32.40,32.30,32.33,6500,32.33
2011-04-04,32.43,32.45,32.34,32.45,2200,32.45
2011-04-01,32.24,32.42,32.21,32.21,1000,32.21
2011-03-31,32.15,32.18,32.15,32.18,7800,32.18
2011-03-30,31.91,32.10,31.81,32.05,6200,32.05
2011-03-29,31.57,31.63,31.57,31.63,2900,31.63
2011-03-28,31.58,31.58,31.58,31.58,200,31.58
2011-03-25,31.61,31.64,31.57,31.57,1000,31.57
2011-03-24,31.56,31.80,31.56,31.80,1500,31.80
2011-03-23,30.98,31.26,30.98,31.26,600,31.26
2011-03-22,31.39,31.43,31.17,31.20,3800,31.20
2011-03-21,31.31,31.39,31.21,31.39,1100,31.39
2011-03-18,30.52,30.72,30.46,30.68,16700,30.68
2011-03-17,30.25,30.30,29.85,29.87,49400,29.87
2011-03-16,29.83,29.83,29.00,29.17,1700,29.17
2011-03-15,29.02,30.06,28.56,30.00,19000,30.00
2011-03-14,30.56,30.67,30.17,30.61,4300,30.61
2011-03-11,30.95,31.22,30.95,31.22,700,31.22
2011-03-10,31.51,31.51,31.00,31.13,4900,31.13
2011-03-09,32.11,32.11,31.97,32.05,3000,32.05
2011-03-08,32.04,32.12,32.04,32.12,3000,32.12
2011-03-07,32.50,32.50,31.91,32.03,700,32.03
2011-03-04,32.20,32.35,32.05,32.30,14200,32.30
2011-03-03,32.30,32.45,32.23,32.45,700,32.45
2011-03-02,32.03,32.03,31.88,31.88,1300,31.88
2011-03-01,32.31,32.31,31.69,31.80,6900,31.80
2011-02-28,32.20,32.20,32.20,32.20,300,32.20
2011-02-25,31.72,31.87,31.71,31.87,5800,31.87
2011-02-24,31.43,31.43,31.02,31.35,17900,31.35
2011-02-23,31.40,31.40,31.10,31.29,1900,31.29
2011-02-22,31.85,31.85,31.26,31.27,16500,31.27
2011-02-18,32.16,32.40,32.16,32.30,1900,32.30
2011-02-17,32.12,32.23,32.08,32.19,6700,32.19
2011-02-16,32.00,32.15,32.00,32.15,5600,32.15
2011-02-15,31.94,32.02,31.72,31.76,15300,31.76
2011-02-14,31.98,32.02,31.72,32.02,3000,32.02
2011-02-11,31.41,33.32,31.38,32.06,55700,32.06
2011-02-10,31.80,32.02,31.37,31.99,18900,31.99
2011-02-09,32.36,32.45,31.95,32.39,9900,32.39
2011-02-08,32.56,32.56,32.46,32.46,3200,32.46
2011-02-07,32.01,32.46,32.01,32.27,1600,32.27
2011-02-04,32.13,32.27,32.00,32.18,3200,32.18
2011-02-03,32.01,32.06,31.83,31.99,4100,31.99
2011-02-02,32.04,32.09,32.00,32.08,6500,32.08
2011-02-01,31.88,32.04,31.88,32.00,11300,32.00
2011-01-31,31.21,31.56,31.21,31.32,1600,31.32
2011-01-28,31.71,31.71,31.15,31.33,3000,31.33
2011-01-27,31.82,31.85,31.82,31.85,400,31.85
2011-01-26,31.63,31.76,31.63,31.74,1700,31.74
2011-01-25,31.25,31.27,31.17,31.25,1200,31.25
2011-01-24,31.32,31.41,31.19,31.36,6600,31.36
2011-01-21,31.34,31.34,31.18,31.18,3300,31.18
2011-01-20,31.33,31.33,31.16,31.26,3000,31.26
2011-01-19,31.68,31.76,31.52,31.52,24700,31.52
2011-01-18,31.85,31.85,31.76,31.82,13900,31.82
2011-01-14,31.50,31.77,31.50,31.72,6300,31.72
2011-01-13,31.70,31.75,31.56,31.72,4300,31.72
2011-01-12,31.25,31.59,31.24,31.57,9300,31.57
2011-01-11,31.13,31.20,31.07,31.20,18100,31.20
2011-01-10,30.76,30.86,30.70,30.86,4500,30.86
2011-01-07,30.94,30.94,30.78,30.78,800,30.78
2011-01-06,31.14,31.14,30.69,30.74,3600,30.74
2011-01-05,30.80,31.03,30.71,30.84,3600,30.84
2011-01-04,31.40,31.40,30.91,31.17,8800,31.17
2011-01-03,31.22,31.25,31.08,31.17,6300,31.17
2010-12-31,30.87,31.00,30.81,31.00,7300,31.00
2010-12-30,30.83,30.85,30.61,30.85,66800,30.85
2010-12-29,30.72,30.85,30.68,30.79,6100,30.79
2010-12-28,30.51,30.51,30.28,30.47,13900,30.47
2010-12-27,30.27,30.38,30.11,30.38,4200,30.38
2010-12-23,30.45,30.51,30.21,30.51,34700,30.51
2010-12-22,30.38,30.45,30.35,30.43,22600,30.43
2010-12-21,30.37,30.37,30.21,30.21,4500,30.21
2010-12-20,30.26,30.26,30.06,30.17,6500,30.17
2010-12-17,29.85,30.15,29.85,29.98,5800,29.98
2010-12-16,30.71,31.07,30.71,31.07,800,30.60
2010-12-15,31.14,31.16,30.73,30.96,2700,30.49
2010-12-14,31.24,31.42,31.19,31.26,4900,30.79
2010-12-13,31.27,31.31,31.02,31.16,5500,30.69
2010-12-10,30.78,30.90,30.63,30.90,12000,30.44
2010-12-09,31.46,31.46,30.61,30.64,2200,30.18
2010-12-08,30.82,30.84,30.71,30.84,4200,30.38
2010-12-07,31.05,31.05,30.88,30.88,700,30.42
2010-12-06,30.77,30.85,30.65,30.85,3200,30.39
2010-12-03,30.55,30.91,30.54,30.91,6100,30.45
2010-12-02,29.88,30.58,29.85,30.52,9000,30.06
2010-12-01,29.94,30.00,29.70,29.75,139500,29.30
2010-11-30,28.43,29.37,28.40,29.37,900,28.93
2010-11-29,29.26,29.53,29.10,29.38,2700,28.94
2010-11-26,29.51,29.71,29.51,29.71,1100,29.26
2010-11-24,29.88,30.08,29.78,29.84,13600,29.39
2010-11-23,29.62,29.64,29.33,29.33,5300,28.89
2010-11-22,30.29,30.45,30.09,30.09,3500,29.64
2010-11-19,30.33,30.50,30.13,30.50,12000,30.04
2010-11-18,30.38,30.48,30.22,30.46,4600,30.00
2010-11-17,29.66,29.77,29.59,29.66,2100,29.21
2010-11-16,29.96,29.96,29.38,29.53,15500,29.09
2010-11-15,30.24,30.43,30.09,30.24,6300,29.79
2010-11-12,30.38,30.46,30.09,30.23,4800,29.78
2010-11-11,30.50,30.64,30.50,30.64,8600,30.18
2010-11-10,30.81,30.91,30.50,30.83,4800,30.37
2010-11-09,31.25,31.25,30.50,30.51,5100,30.05
2010-11-08,30.88,30.99,30.79,30.93,5200,30.47
2010-11-05,30.98,31.05,30.87,31.00,9300,30.53
2010-11-04,30.73,31.08,30.73,30.91,12500,30.45
2010-11-03,30.31,30.31,30.03,30.31,4000,29.85
2010-11-02,30.16,30.31,30.16,30.30,5500,29.84
2010-11-01,30.10,30.12,29.76,29.80,5000,29.35
2010-10-29,29.87,29.90,29.87,29.90,600,29.45
2010-10-28,29.85,29.85,29.60,29.72,800,29.27
2010-10-27,29.78,29.78,29.54,29.54,2200,29.10
2010-10-26,29.98,30.01,29.82,29.89,12000,29.44
2010-10-25,30.46,30.51,30.20,30.27,32700,29.82
2010-10-22,30.12,30.12,29.62,30.04,58400,29.59
2010-10-21,30.15,30.26,29.85,29.96,21900,29.51
2010-10-20,30.05,30.94,30.01,30.94,7100,30.47
2010-10-19,29.66,29.66,29.38,29.47,11700,29.03
2010-10-18,30.21,30.36,30.07,30.35,3300,29.89
2010-10-15,30.39,30.39,30.04,30.26,1200,29.81
2010-10-14,30.23,30.43,30.19,30.21,1500,29.76
2010-10-13,29.99,30.55,29.99,30.17,4300,29.72
2010-10-12,29.64,29.82,29.40,29.80,2200,29.35
2010-10-11,29.97,30.01,29.97,30.01,600,29.56
2010-10-08,29.85,29.97,29.85,29.97,4000,29.52
2010-10-07,30.04,30.04,29.67,29.67,2500,29.22
2010-10-06,29.74,29.85,29.59,29.59,3500,29.15
2010-10-05,29.18,29.47,29.18,29.46,2000,29.02
2010-10-04,28.88,28.88,28.68,28.68,400,28.25
2010-10-01,29.05,29.09,28.89,28.89,3400,28.46
2010-09-30,29.11,29.19,28.78,28.98,149000,28.54
2010-09-29,29.07,29.08,28.95,28.95,1800,28.51
2010-09-28,28.61,28.91,28.61,28.72,1800,28.29
2010-09-27,28.78,28.82,28.59,28.59,41400,28.16
2010-09-24,28.71,28.81,28.57,28.81,4400,28.38
2010-09-23,28.25,28.29,28.18,28.22,1700,27.80
2010-09-22,28.37,28.43,28.25,28.29,1900,27.86
2010-09-21,28.34,28.54,28.21,28.32,2800,27.89
2010-09-20,28.10,28.36,28.09,28.13,5600,27.71
2010-09-17,28.09,28.09,27.87,27.94,6900,27.52
2010-09-16,27.88,28.03,27.84,28.03,2900,27.61
2010-09-15,28.06,28.06,28.06,28.06,200,27.64
2010-09-14,28.01,28.01,28.01,28.01,300,27.59
2010-09-13,27.90,27.90,27.74,27.74,800,27.32
2010-09-10,27.33,27.61,27.33,27.55,1900,27.14
2010-09-09,27.46,27.55,27.31,27.36,16000,26.95
2010-09-08,27.02,27.02,27.02,27.02,000,26.61
2010-09-07,26.93,27.14,26.92,27.02,11400,26.61
2010-09-03,27.17,27.36,27.17,27.29,2200,26.88
2010-09-02,26.94,26.94,26.91,26.91,700,26.51
2010-09-01,26.52,26.93,26.52,26.83,2900,26.43
2010-08-31,26.10,26.10,25.95,25.95,500,25.56
2010-08-30,26.18,26.18,25.97,25.97,700,25.58
2010-08-27,25.98,26.04,25.77,26.02,1300,25.63
2010-08-26,26.09,26.09,25.67,25.75,3200,25.36
2010-08-25,25.25,25.25,25.25,25.25,700,24.87
2010-08-24,25.81,25.95,25.39,25.85,10100,25.46
2010-08-23,26.35,26.36,26.01,26.29,1700,25.89
2010-08-20,26.50,26.50,26.50,26.50,000,26.10
2010-08-19,26.50,26.50,26.50,26.50,400,26.10
2010-08-18,26.86,27.01,26.86,27.01,900,26.60
2010-08-17,26.47,26.47,26.47,26.47,600,26.07
2010-08-16,26.38,26.50,26.33,26.33,2800,25.93
2010-08-13,25.93,26.21,25.93,26.21,1200,25.82
2010-08-12,26.05,26.11,26.05,26.11,500,25.72
2010-08-11,26.52,26.52,26.13,26.16,4600,25.77
2010-08-10,27.14,27.39,27.04,27.39,2900,26.98
2010-08-09,27.59,27.67,27.59,27.64,3700,27.22
2010-08-06,27.42,27.42,27.30,27.41,2900,27.00
2010-08-05,27.40,27.40,27.35,27.35,1400,26.94
2010-08-04,27.41,27.50,27.19,27.48,2300,27.07
2010-08-03,27.39,27.43,27.32,27.39,3200,26.98
2010-08-02,27.33,27.56,27.33,27.42,3100,27.01
2010-07-30,26.47,26.79,26.47,26.59,2100,26.19
2010-07-29,26.87,26.87,26.63,26.71,8800,26.31
2010-07-28,26.69,26.69,26.69,26.69,300,26.29
2010-07-27,26.93,26.93,26.83,26.85,1600,26.45
2010-07-26,26.78,26.94,26.78,26.94,3500,26.54
2010-07-23,26.53,26.84,26.51,26.83,15500,26.43
2010-07-22,26.49,26.57,26.41,26.49,4000,26.09
2010-07-21,26.14,26.14,25.67,25.74,2600,25.35
2010-07-20,25.75,26.00,25.63,26.00,7200,25.61
2010-07-19,25.88,25.88,24.79,25.67,7200,25.28
2010-07-16,25.96,25.96,25.96,25.96,300,25.57
2010-07-15,26.41,26.41,26.01,26.13,9800,25.74
2010-07-14,26.22,26.27,26.14,26.27,1600,25.88
2010-07-13,26.22,26.22,26.22,26.22,400,25.83
2010-07-12,25.64,25.64,25.64,25.64,000,25.25
2010-07-09,25.64,25.64,25.64,25.64,200,25.25
2010-07-08,25.77,25.77,25.47,25.70,900,25.31
2010-07-07,25.25,25.58,25.25,25.51,3600,25.13
2010-07-06,25.26,25.26,24.95,25.04,2200,24.66
2010-07-02,24.48,24.48,24.48,24.48,400,24.11
2010-07-01,24.68,24.68,24.30,24.43,43800,24.06
2010-06-30,24.39,24.39,24.39,24.39,200,24.02
2010-06-29,24.64,24.71,24.51,24.57,196500,24.20
2010-06-28,25.34,25.45,25.34,25.45,800,25.07
2010-06-25,25.35,25.57,25.35,25.57,4000,25.19
2010-06-24,25.75,25.75,25.27,25.27,5800,24.89
2010-06-23,25.79,25.79,25.72,25.72,400,25.33
2010-06-22,26.13,26.13,25.67,25.67,2700,25.28
2010-06-21,26.23,26.23,25.90,25.90,300,25.51
2010-06-18,25.94,25.94,25.94,25.94,200,25.55
2010-06-17,26.17,26.18,25.91,26.04,1300,25.39
2010-06-16,26.13,26.13,25.98,26.13,700,25.48
2010-06-15,25.87,25.87,25.87,25.87,400,25.22
2010-06-14,25.62,25.81,25.53,25.54,1200,24.90
2010-06-11,24.83,25.17,24.77,25.16,3300,24.53
2010-06-10,24.30,24.30,24.30,24.30,000,23.69
2010-06-09,24.54,24.80,24.27,24.30,3100,23.69
2010-06-08,23.93,24.24,23.92,24.23,4100,23.62
2010-06-07,24.26,24.26,24.07,24.22,1700,23.62
2010-06-04,24.62,24.62,24.14,24.30,700,23.69
2010-06-03,25.32,25.32,24.96,25.00,900,24.38
2010-06-02,24.68,25.15,24.66,25.15,2900,24.52
2010-06-01,24.84,24.84,24.84,24.84,200,24.22
2010-05-28,24.77,24.77,24.77,24.77,300,24.15
2010-05-27,24.58,25.12,24.58,25.12,2400,24.49
2010-05-26,24.08,24.09,23.93,23.96,6100,23.36
2010-05-25,23.59,23.88,23.05,23.85,15600,23.25
2010-05-24,24.65,24.65,24.32,24.32,1000,23.71
2010-05-21,23.91,24.77,23.91,24.63,4000,24.01
2010-05-20,24.28,24.67,23.98,24.00,39900,23.40
2010-05-19,25.05,25.17,24.73,25.15,6000,24.52
2010-05-18,25.83,25.97,25.59,25.65,1800,25.01
2010-05-17,25.97,25.97,25.42,25.88,4400,25.23
2010-05-14,25.98,26.37,25.91,25.93,14400,25.28
2010-05-13,25.77,27.66,25.76,26.43,2300,25.77
2010-05-12,26.72,26.95,26.71,26.95,3600,26.28
2010-05-11,26.37,26.63,26.37,26.53,1000,25.87
2010-05-10,26.69,26.99,26.47,26.77,14100,26.10
2010-05-07,25.84,25.84,24.30,25.00,68900,24.38
2010-05-06,26.30,29.54,23.58,26.04,11100,25.39
2010-05-05,26.44,26.68,26.20,26.51,11800,25.85
2010-05-04,27.18,27.26,26.94,27.19,5100,26.51
2010-05-03,28.05,28.07,28.05,28.07,700,27.37
2010-04-30,28.09,28.17,27.88,27.90,4900,27.20
2010-04-29,27.82,28.16,27.82,28.15,2000,27.45
2010-04-28,27.44,27.70,27.34,27.61,12000,26.92
2010-04-27,28.34,28.34,27.74,27.75,2300,27.06
2010-04-26,28.71,28.78,28.65,28.68,11800,27.96
2010-04-23,28.29,28.62,28.29,28.62,5000,27.91
2010-04-22,28.09,28.24,27.55,28.21,4000,27.51
2010-04-21,28.48,28.48,28.35,28.39,3100,27.68
2010-04-20,28.43,28.48,28.29,28.29,1100,27.58
2010-04-19,28.00,28.16,27.74,28.16,4100,27.46
2010-04-16,28.70,28.70,28.04,28.36,6000,27.65
2010-04-15,28.81,28.97,28.80,28.80,2600,28.08
2010-04-14,28.78,28.92,28.69,28.92,3000,28.20
2010-04-13,28.53,28.54,28.35,28.37,2700,27.66
2010-04-12,28.46,28.70,28.46,28.62,4700,27.91
2010-04-09,28.42,29.06,28.42,28.64,5900,27.92
2010-04-08,27.90,28.43,27.90,28.33,5100,27.62
2010-04-07,28.20,28.34,28.15,28.23,2100,27.52
2010-04-06,28.25,28.38,28.00,28.38,3200,27.67
2010-04-05,28.29,28.45,28.15,28.37,5000,27.66
2010-04-01,28.10,28.24,28.10,28.12,3600,27.42
2010-03-31,27.74,27.83,27.68,27.75,4100,27.06
2010-03-30,27.83,27.83,27.68,27.75,2700,27.06
2010-03-29,27.73,27.92,27.58,27.66,2500,26.97
2010-03-26,27.29,27.55,27.26,27.47,4500,26.78
2010-03-25,27.26,27.45,27.13,27.13,3600,26.45
2010-03-24,27.07,27.18,27.04,27.08,2300,26.40
2010-03-23,27.32,27.61,27.32,27.58,5200,26.89
2010-03-22,27.17,27.45,27.17,27.31,8500,26.63
2010-03-19,27.45,27.53,27.10,27.27,6500,26.59
2010-03-18,27.66,27.66,27.48,27.59,3100,26.90
2010-03-17,27.55,27.75,27.55,27.75,1300,27.06
2010-03-16,27.44,27.46,27.35,27.46,4500,26.77
2010-03-15,27.18,27.21,26.96,27.20,3600,26.52
2010-03-12,27.35,27.35,27.15,27.29,4200,26.61
2010-03-11,26.96,27.16,26.96,27.13,700,26.45
2010-03-10,26.95,27.04,26.95,27.04,3100,26.36
2010-03-09,26.73,27.00,26.73,26.85,3000,26.18
2010-03-08,26.95,27.00,26.94,27.00,1500,26.33
2010-03-05,26.78,26.92,26.69,26.79,14100,26.12
2010-03-04,26.48,26.49,26.36,26.40,11200,25.74
2010-03-03,26.50,26.73,26.46,26.46,2800,25.80
2010-03-02,26.33,26.55,26.27,26.38,34800,25.72
2010-03-01,26.04,26.18,25.80,26.06,6500,25.41
2010-02-26,25.84,26.36,25.61,25.73,11300,25.09
2010-02-25,25.31,25.71,25.17,25.58,6800,24.94
2010-02-24,25.74,25.84,25.63,25.80,18000,25.16
2010-02-23,25.80,26.06,25.59,25.63,18900,24.99
2010-02-22,25.83,26.01,25.83,26.00,7900,25.35
2010-02-19,25.67,25.86,25.63,25.84,2300,25.19
2010-02-18,25.84,26.07,25.80,26.07,5800,25.42
2010-02-17,25.85,25.86,25.75,25.82,1300,25.18
2010-02-16,25.30,25.73,25.28,25.71,7700,25.07
2010-02-12,25.06,25.18,25.03,25.18,1000,24.55
2010-02-11,25.28,25.58,25.14,25.58,1600,24.94
2010-02-10,25.30,25.31,25.07,25.21,7900,24.58
2010-02-09,25.23,25.28,25.23,25.28,1700,24.65
2010-02-08,24.72,24.94,24.57,24.57,30300,23.96
2010-02-05,24.76,25.11,24.41,25.11,16200,24.48
2010-02-04,25.32,26.83,24.55,25.16,12800,24.53
2010-02-03,26.10,26.10,26.00,26.00,200,25.35
2010-02-02,25.99,26.33,25.99,26.17,42900,25.52
2010-02-01,25.57,25.87,25.57,25.79,10600,25.15
2010-01-29,25.84,26.86,25.43,25.54,6000,24.90
2010-01-28,26.11,26.11,25.62,25.89,14000,25.24
2010-01-27,25.98,26.23,25.86,26.23,11300,25.57
2010-01-26,26.14,26.38,26.14,26.21,11900,25.56
2010-01-25,26.60,26.60,26.18,26.43,6200,25.77
2010-01-22,26.63,26.69,26.07,26.11,137800,25.46
2010-01-21,27.20,27.20,26.29,26.69,22700,26.02
2010-01-20,27.22,27.22,26.82,27.03,15900,26.35
2010-01-19,27.42,27.80,27.42,27.79,7100,27.10
2010-01-15,27.45,27.59,27.42,27.59,14900,26.90
2010-01-14,27.81,28.36,27.43,27.88,4300,27.18
2010-01-13,27.62,27.72,27.33,27.72,5300,27.03
2010-01-12,27.40,27.55,27.39,27.40,4800,26.72
2010-01-11,27.87,28.39,27.67,27.76,4100,27.07
2010-01-08,27.40,28.71,26.93,27.60,76600,26.91
2010-01-07,27.21,27.37,27.13,27.34,22600,26.66
2010-01-06,27.11,27.43,27.11,27.43,14700,26.74
2010-01-05,26.94,27.04,26.92,27.04,44600,26.36
2010-01-04,26.37,27.04,26.37,27.00,5600,26.33
2009-12-31,26.41,26.41,26.24,26.24,400,25.58
2009-12-30,26.23,26.30,26.19,26.24,3300,25.58
2009-12-29,26.32,26.47,26.32,26.40,4300,25.74
2009-12-28,26.40,26.40,26.11,26.27,7500,25.61
2009-12-24,26.23,26.38,26.23,26.38,2100,25.72
2009-12-23,25.93,26.11,25.90,26.01,3400,25.36
2009-12-22,25.62,25.83,25.61,25.75,7300,25.11
2009-12-21,26.01,26.01,25.21,25.56,46200,24.92
2009-12-18,25.92,26.36,25.62,25.81,5400,25.17
2009-12-17,26.83,26.83,26.60,26.60,3100,24.98
2009-12-16,27.55,27.55,27.06,27.34,3400,25.68
2009-12-15,26.98,27.00,26.89,26.94,7400,25.30
2009-12-14,27.16,27.16,27.16,27.16,600,25.51
2009-12-11,26.85,27.02,26.85,26.99,6000,25.35
2009-12-10,26.81,26.92,26.81,26.89,7400,25.25
2009-12-09,26.74,26.76,26.60,26.60,2400,24.98
2009-12-08,26.88,28.10,26.85,26.87,32700,25.24
2009-12-07,27.35,27.49,27.29,27.30,4200,25.64
2009-12-04,27.70,27.70,27.17,27.17,1200,25.52
2009-12-03,26.14,28.77,26.14,27.59,3800,25.91
2009-12-02,27.43,28.38,27.21,27.45,10000,25.78
2009-12-01,27.24,27.52,27.21,27.46,10300,25.79
2009-11-30,26.60,26.78,26.45,26.68,7100,25.06
2009-11-27,26.38,26.62,26.26,26.52,2500,24.91
2009-11-25,27.20,27.38,27.10,27.38,12300,25.71
2009-11-24,26.91,27.05,26.82,26.99,8700,25.35
2009-11-23,27.34,27.61,27.21,27.33,18400,25.67
2009-11-20,26.70,26.82,26.67,26.81,12600,25.18
2009-11-19,27.65,27.65,26.72,26.77,4700,25.14
2009-11-18,27.38,27.40,27.25,27.25,2000,25.59
2009-11-17,27.44,27.48,27.21,27.48,14900,25.81
2009-11-16,27.51,27.75,27.51,27.72,5300,26.03
2009-11-13,27.05,28.19,27.05,27.21,22700,25.55
2009-11-12,27.20,27.20,26.96,26.96,2900,25.32
2009-11-11,27.32,27.35,27.11,27.29,11000,25.63
2009-11-10,27.19,27.24,27.14,27.15,2000,25.50
2009-11-09,27.23,27.53,27.23,27.36,5100,25.70
2009-11-06,26.61,26.70,26.61,26.67,1600,25.05
2009-11-05,26.73,26.76,26.47,26.70,5300,25.08
2009-11-04,26.49,26.64,26.35,26.64,4300,25.02
2009-11-03,25.87,26.02,25.73,26.02,10100,24.44
2009-11-02,25.87,25.99,25.72,25.88,26900,24.31
2009-10-30,25.99,27.71,25.85,26.15,11900,24.56
2009-10-29,26.23,26.67,24.55,26.64,10300,25.02
2009-10-28,26.23,26.23,25.81,25.85,6200,24.28
2009-10-27,27.03,27.03,26.60,26.90,7900,25.26
2009-10-26,27.17,27.17,27.05,27.05,1000,25.40
2009-10-23,27.54,27.54,27.24,27.26,2000,25.60
2009-10-22,27.62,27.92,27.62,27.92,1600,26.22
2009-10-21,27.85,28.11,27.69,27.69,5500,26.01
2009-10-20,28.25,28.25,27.70,27.83,14700,26.14
2009-10-19,27.95,28.06,27.73,27.95,8700,26.25
2009-10-16,27.68,27.74,27.50,27.66,2700,25.98
2009-10-15,27.92,27.94,27.81,27.94,6700,26.24
2009-10-14,27.94,28.06,27.82,28.06,7500,26.35
2009-10-13,27.54,27.63,27.30,27.46,5900,25.79
2009-10-12,27.69,27.73,27.48,27.48,4400,25.81
2009-10-09,27.43,27.53,27.33,27.34,9100,25.68
2009-10-08,27.43,27.50,27.43,27.46,18100,25.79
2009-10-07,26.92,26.92,26.74,26.83,2700,25.20
2009-10-06,26.84,26.99,26.71,26.85,10400,25.22
2009-10-05,25.98,26.52,25.98,26.43,8700,24.82
2009-10-02,25.95,26.11,25.89,25.98,5400,24.40
2009-10-01,26.50,26.50,26.47,26.47,400,24.86
2009-09-30,27.26,27.29,26.60,26.60,25500,24.98
2009-09-29,26.98,27.05,26.76,26.85,5500,25.22
2009-09-28,27.12,27.15,27.03,27.03,900,25.39
2009-09-25,26.91,27.01,26.72,26.72,1000,25.09
2009-09-24,27.33,27.59,26.94,26.94,2500,25.30
2009-09-23,27.64,27.80,27.39,27.43,2500,25.76
2009-09-22,27.68,27.70,27.64,27.70,1500,26.02
2009-09-21,27.03,27.28,27.03,27.24,4400,25.58
2009-09-18,27.73,27.73,27.35,27.50,700,25.83
2009-09-17,27.78,27.79,27.46,27.56,3800,25.88
2009-09-16,27.56,27.78,27.56,27.78,1700,26.09
2009-09-15,26.91,27.47,26.91,27.31,32400,25.65
2009-09-14,26.94,27.14,26.94,27.14,2000,25.49
2009-09-11,27.39,27.39,27.07,27.08,2100,25.43
2009-09-10,26.92,27.36,25.55,27.22,20500,25.56
2009-09-09,26.69,27.01,26.69,26.72,4100,25.09
2009-09-08,26.81,26.88,26.53,26.53,14600,24.92
2009-09-04,26.17,26.17,26.05,26.05,500,24.47
2009-09-03,25.86,25.92,25.58,25.92,3900,24.34
2009-09-02,25.62,25.62,25.00,25.44,12900,23.89
2009-09-01,26.08,26.08,25.57,25.57,2000,24.01
2009-08-31,26.20,26.20,25.97,26.10,7200,24.51
2009-08-28,26.40,26.46,26.20,26.40,4100,24.79
2009-08-27,25.98,26.39,25.89,26.39,12800,24.78
2009-08-26,25.97,26.18,25.96,26.18,3500,24.59
2009-08-25,26.39,26.45,25.63,26.20,33200,24.61
2009-08-24,26.00,26.26,25.39,25.95,33600,24.37
2009-08-21,25.94,25.99,25.81,25.81,1500,24.24
2009-08-20,25.59,25.70,25.51,25.70,3100,24.14
2009-08-19,24.32,25.42,24.32,25.32,10200,23.78
2009-08-18,24.90,25.29,24.90,25.27,4600,23.73
2009-08-17,24.78,24.90,24.78,24.90,3600,23.39
2009-08-14,25.58,25.77,25.41,25.56,10700,24.01
2009-08-13,25.54,25.69,25.47,25.69,4100,24.13
2009-08-12,25.10,25.47,25.01,25.03,4700,23.51
2009-08-11,24.97,25.26,24.97,25.11,2400,23.58
2009-08-10,25.71,25.71,25.07,25.17,3700,23.64
2009-08-07,25.31,25.31,25.08,25.08,2900,23.55
2009-08-06,25.53,25.95,25.04,25.07,6300,23.55
2009-08-05,25.13,25.25,25.11,25.22,20600,23.69
2009-08-04,25.11,25.46,24.75,25.13,109100,23.60
2009-08-03,25.36,25.41,24.90,25.20,55200,23.67
2009-07-31,24.61,24.97,24.61,24.97,400,23.45
2009-07-30,24.80,24.80,24.33,24.52,3200,23.03
2009-07-29,23.96,24.22,23.65,23.95,6300,22.49
2009-07-28,24.64,24.64,23.81,23.93,41200,22.47
2009-07-27,24.69,24.69,24.69,24.69,1300,23.19
2009-07-24,24.58,24.71,24.21,24.71,35300,23.21
2009-07-23,24.34,24.98,24.34,24.76,15700,23.25
2009-07-22,24.25,24.28,24.10,24.10,1400,22.63
2009-07-21,23.92,24.41,23.92,24.14,10200,22.67
2009-07-20,24.06,24.21,23.76,24.15,9300,22.68
2009-07-17,23.71,23.74,23.38,23.72,700,22.28
2009-07-16,23.57,23.75,23.35,23.75,2500,22.31
2009-07-15,23.37,23.64,23.37,23.61,800,22.17
2009-07-14,23.09,23.18,22.63,22.71,27900,21.33
2009-07-13,22.26,22.85,22.20,22.85,6800,21.46
2009-07-10,22.36,22.52,22.33,22.33,9500,20.97
2009-07-09,22.44,22.75,22.11,22.65,20800,21.27
2009-07-08,22.98,23.45,22.23,22.36,4700,21.00
2009-07-07,23.49,23.79,22.78,23.30,3800,21.88
2009-07-06,23.51,23.77,22.74,23.49,2400,22.06
2009-07-02,23.75,24.68,22.95,23.65,122800,22.21
2009-07-01,23.37,24.58,23.16,23.90,30800,22.45
2009-06-30,23.48,23.69,21.60,22.95,38200,21.55
2009-06-29,23.35,24.29,22.68,23.86,11400,22.41
2009-06-26,23.57,23.85,23.54,23.62,1300,22.18
2009-06-25,23.46,23.46,23.40,23.46,800,22.03
2009-06-24,23.10,23.63,22.95,23.00,4700,21.60
2009-06-23,22.63,22.84,22.50,22.84,4200,21.45
2009-06-22,22.35,22.35,22.35,22.35,1800,20.99
2009-06-19,22.89,23.00,22.89,22.95,3300,21.55
2009-06-18,23.07,23.08,22.83,22.95,7300,21.48
2009-06-17,24.76,24.76,22.57,22.76,28400,21.30
2009-06-16,23.20,24.70,22.65,23.12,33100,21.64
2009-06-15,23.03,23.04,23.00,23.00,3200,21.53
2009-06-12,23.53,23.70,23.51,23.70,1400,22.18
2009-06-11,23.98,24.09,23.82,23.94,14200,22.41
2009-06-10,23.32,23.32,23.15,23.30,900,21.81
2009-06-09,23.20,23.41,23.07,23.41,2000,21.91
2009-06-08,22.77,23.17,22.77,23.17,1000,21.69
2009-06-05,23.49,23.49,22.96,22.98,2400,21.51
2009-06-04,23.40,23.49,23.38,23.38,5200,21.88
2009-06-03,23.49,23.49,23.16,23.16,1000,21.68
2009-06-02,23.51,23.97,23.51,23.77,1600,22.25
2009-06-01,23.70,23.72,23.70,23.72,1400,22.20
2009-05-29,22.97,22.97,22.94,22.94,4100,21.47
2009-05-28,22.50,22.54,22.50,22.53,800,21.09
2009-05-27,22.78,22.86,22.48,22.48,700,21.04
2009-05-26,22.85,22.85,22.65,22.65,800,21.20
2009-05-22,22.58,22.61,22.58,22.61,500,21.16
2009-05-21,22.39,22.39,22.09,22.09,700,20.67
2009-05-20,22.73,22.73,22.53,22.53,1400,21.09
2009-05-19,22.26,22.38,22.26,22.38,300,20.95
2009-05-18,22.07,22.07,22.07,22.07,1100,20.66
2009-05-15,21.78,21.78,21.55,21.55,3400,20.17
2009-05-14,21.45,21.64,21.45,21.57,5800,20.19
2009-05-13,21.28,21.41,21.25,21.25,1800,19.89
2009-05-12,22.03,22.19,21.78,22.19,7600,20.77
2009-05-11,21.92,21.92,21.72,21.72,1200,20.33
2009-05-08,22.02,22.39,22.02,22.39,3100,20.96
2009-05-07,21.63,21.63,21.46,21.46,400,20.09
2009-05-06,21.70,21.81,21.39,21.81,30100,20.41
2009-05-05,21.57,21.57,21.57,21.57,100,20.19
2009-05-04,21.00,22.16,21.00,21.66,13900,20.27
2009-05-01,20.87,20.87,20.87,20.87,400,19.53
2009-04-30,20.73,20.73,20.73,20.73,200,19.40
2009-04-29,20.61,20.73,20.56,20.73,2100,19.40
2009-04-28,20.06,20.17,19.96,19.96,3300,18.68
2009-04-27,20.35,20.37,20.35,20.37,600,19.07
2009-04-24,20.95,20.95,20.58,20.60,3700,19.28
2009-04-23,20.07,20.07,20.07,20.07,400,18.78
2009-04-22,19.60,19.60,19.60,19.60,300,18.34
2009-04-21,19.42,19.81,19.42,19.81,8600,18.54
2009-04-20,19.51,19.54,19.38,19.51,9700,18.26
2009-04-17,20.08,20.24,20.08,20.24,5700,18.94
2009-04-16,19.96,20.08,19.96,20.08,6500,18.79
2009-04-15,19.72,19.93,19.72,19.92,6500,18.64
2009-04-14,19.85,19.98,19.65,19.96,14800,18.68
2009-04-13,20.00,20.27,19.66,20.18,25800,18.89
2009-04-09,19.57,19.64,19.44,19.64,5200,18.38
2009-04-08,19.14,19.18,19.14,19.18,1200,17.95
2009-04-07,18.98,19.03,18.06,19.01,9000,17.79
2009-04-06,19.26,19.26,19.18,19.18,1400,17.95
2009-04-03,19.43,19.59,19.43,19.54,1400,18.29
2009-04-02,19.49,19.68,19.49,19.68,400,18.42
2009-04-01,18.58,18.80,18.58,18.80,500,17.60
2009-03-31,18.30,18.40,18.25,18.38,1800,17.20
2009-03-30,18.25,18.25,17.91,17.98,2700,16.83
2009-03-27,18.60,18.60,18.60,18.60,200,17.41
2009-03-26,18.82,18.82,18.82,18.82,1100,17.61
2009-03-25,18.66,18.66,18.66,18.66,000,17.46
2009-03-24,18.59,18.67,18.59,18.66,900,17.46
2009-03-23,18.84,18.84,18.84,18.84,100,17.63
2009-03-20,18.14,18.24,17.17,18.18,29400,17.02
2009-03-19,18.30,18.33,18.21,18.21,1600,17.04
2009-03-18,17.53,17.53,17.53,17.53,000,16.41
2009-03-17,17.53,17.53,17.53,17.53,200,16.41
2009-03-16,17.03,17.03,17.03,17.03,000,15.94
2009-03-13,16.70,17.03,16.70,17.03,3800,15.94
2009-03-12,16.35,16.90,16.35,16.88,4000,15.80
2009-03-11,16.72,16.72,16.67,16.67,800,15.60
2009-03-10,15.82,15.82,15.82,15.82,000,14.81
2009-03-09,15.79,15.82,15.79,15.82,800,14.81
2009-03-06,15.73,15.73,15.68,15.68,2600,14.68
2009-03-05,16.39,16.39,16.39,16.39,300,15.34
2009-03-04,16.43,16.56,16.39,16.48,3200,15.42
2009-03-03,16.01,16.11,15.17,15.17,3400,14.20
2009-03-02,16.51,16.51,16.03,16.19,6500,15.15
2009-02-27,16.83,16.83,16.79,16.79,1100,15.71
2009-02-26,17.08,17.18,17.08,17.18,3900,16.08
2009-02-25,16.92,16.92,16.92,16.92,100,15.84
2009-02-24,16.81,17.22,16.81,17.22,600,16.12
2009-02-23,17.16,17.16,16.81,16.83,3500,15.75
2009-02-20,17.12,17.12,17.12,17.12,100,16.02
2009-02-19,17.60,17.60,17.60,17.60,200,16.47
2009-02-18,17.76,17.78,16.74,17.78,3000,16.64
2009-02-17,18.09,18.09,17.93,17.93,2200,16.78
2009-02-13,18.52,18.52,18.52,18.52,300,17.33
2009-02-12,18.35,18.91,18.35,18.45,1500,17.27
2009-02-11,18.55,18.55,18.55,18.55,100,17.36
2009-02-10,19.16,19.16,18.55,18.55,7500,17.36
2009-02-09,19.26,19.26,19.26,19.26,100,18.03
2009-02-06,18.96,19.38,18.96,19.28,3000,18.04
2009-02-05,18.93,19.04,18.93,19.04,3600,17.82
2009-02-04,18.64,18.75,18.62,18.67,3900,17.47
2009-02-03,18.46,18.64,18.46,18.64,1800,17.45
2009-02-02,18.26,18.46,18.19,18.19,3400,17.02
2009-01-30,18.78,18.78,18.45,18.45,2000,17.27
2009-01-29,19.21,19.21,19.21,19.21,000,17.98
2009-01-28,19.21,19.21,19.21,19.21,200,17.98
2009-01-27,18.62,18.62,18.57,18.57,700,17.38
2009-01-26,18.20,18.20,18.20,18.20,000,17.03
2009-01-23,18.20,18.20,18.20,18.20,400,17.03
2009-01-22,18.28,18.29,18.28,18.29,400,17.12
2009-01-21,17.54,18.60,17.54,18.60,600,17.41
2009-01-20,18.10,18.10,18.00,18.00,700,16.85
2009-01-16,18.96,19.02,18.84,19.02,600,17.80
2009-01-15,18.92,19.79,18.54,18.84,18200,17.63
2009-01-14,18.86,18.94,18.80,18.84,2100,17.63
2009-01-13,19.49,19.49,19.49,19.49,200,18.24
2009-01-12,20.11,20.11,19.77,19.77,1700,18.50
2009-01-09,20.63,20.63,20.36,20.36,2000,19.06
2009-01-08,20.72,20.86,20.67,20.86,500,19.52
2009-01-07,20.71,20.83,20.58,20.60,2400,19.28
2009-01-06,20.63,20.94,20.63,20.87,800,19.53
2009-01-05,20.43,20.57,20.38,20.51,3500,19.20
2009-01-02,20.67,20.93,20.67,20.93,2700,19.59
2008-12-31,20.29,20.79,20.29,20.67,9000,19.35
2008-12-30,19.94,20.34,19.94,20.18,2700,18.89
2008-12-29,20.05,20.09,19.82,20.09,9200,18.80
2008-12-26,19.63,19.84,19.63,19.84,700,18.57
2008-12-24,19.25,19.65,19.25,19.65,3500,18.39
2008-12-23,19.33,19.49,19.33,19.37,3500,18.13
2008-12-22,19.67,21.00,19.64,19.77,12100,18.50
2008-12-19,19.76,24.45,19.58,20.09,49500,18.80
2008-12-18,20.84,21.70,20.58,20.70,17100,19.37
2008-12-17,20.83,22.59,20.64,21.01,36500,19.66
2008-12-16,20.44,20.49,19.86,20.44,78100,19.13
2008-12-15,20.20,20.30,19.77,19.95,6600,18.67
2008-12-12,19.81,20.08,19.81,20.07,4700,18.78
2008-12-11,20.10,20.17,19.71,19.96,25400,18.68
2008-12-10,19.57,20.60,19.47,19.99,7700,18.71
2008-12-09,19.01,19.23,19.01,19.23,2000,18.00
2008-12-08,19.36,19.46,19.17,19.18,4300,17.95
2008-12-05,18.07,18.81,17.80,18.81,10800,17.61
2008-12-04,18.73,21.61,18.47,18.56,20200,17.37
2008-12-03,18.43,18.79,18.10,18.79,8800,17.59
2008-12-02,18.55,18.92,18.46,18.92,4300,17.71
2008-12-01,18.53,18.59,18.37,18.38,7600,17.20
2008-11-28,19.12,19.24,19.12,19.24,700,18.01
2008-11-26,18.91,19.22,18.91,19.22,4800,17.99
2008-11-25,19.09,19.36,18.82,19.22,75400,17.99
2008-11-24,18.61,18.65,18.48,18.61,2600,17.42
2008-11-21,17.50,21.09,17.37,18.01,12300,16.86
2008-11-20,25.03,25.03,16.62,16.62,3800,15.56
2008-11-19,18.04,18.09,17.55,17.55,2500,16.43
2008-11-18,18.64,18.91,18.59,18.91,4900,17.70
2008-11-17,19.33,19.33,15.80,18.85,9900,17.64
2008-11-14,19.29,19.61,19.10,19.61,1000,18.35
2008-11-13,19.17,19.24,18.62,18.70,7600,17.50
2008-11-12,19.61,19.61,19.11,19.11,600,17.89
2008-11-11,19.93,19.93,19.93,19.93,400,18.65
2008-11-10,20.82,20.82,20.35,20.35,1600,19.05
2008-11-07,20.43,20.43,20.43,20.43,100,19.12
2008-11-06,20.55,20.55,20.16,20.16,700,18.87
2008-11-05,21.78,21.78,21.44,21.44,200,20.07
2008-11-04,21.93,21.97,21.93,21.97,1100,20.56
2008-11-03,20.41,20.52,20.41,20.41,3400,19.10
2008-10-31,19.60,20.12,19.60,20.12,2500,18.83
2008-10-30,20.00,20.15,20.00,20.06,1000,18.77
2008-10-29,19.00,19.00,19.00,19.00,100,17.78
2008-10-28,18.03,18.03,17.85,17.85,400,16.71
2008-10-27,18.00,18.00,17.47,17.47,8000,16.35
2008-10-24,18.21,18.45,18.21,18.43,5900,17.25
2008-10-23,19.10,19.10,18.62,18.62,300,17.43
2008-10-22,19.31,19.31,19.31,19.31,200,18.07
2008-10-21,20.98,20.98,20.98,20.98,000,19.64
2008-10-20,23.40,26.66,20.97,20.98,800,19.64
2008-10-17,20.36,21.16,20.36,21.16,9500,19.80
2008-10-16,20.84,20.84,20.31,20.31,300,19.01
2008-10-15,21.30,21.30,21.30,21.30,100,19.94
2008-10-14,22.54,22.65,22.42,22.42,2800,20.98
2008-10-13,21.22,21.87,21.22,21.87,900,20.47
2008-10-10,20.45,20.45,19.61,19.61,600,18.35
2008-10-09,21.62,21.62,21.62,21.62,000,20.24
2008-10-08,21.30,22.21,21.04,21.62,2200,20.24
2008-10-07,22.97,22.97,22.39,22.41,1100,20.97
2008-10-06,24.10,24.10,22.91,23.35,6100,21.85
2008-10-03,25.71,25.82,25.19,25.19,3600,23.58
2008-10-02,26.85,26.85,26.85,26.85,000,25.13
2008-10-01,26.85,26.85,26.85,26.85,000,25.13
2008-09-30,26.85,26.85,26.85,26.85,700,25.13
2008-09-29,26.95,26.95,25.88,25.88,800,24.22
2008-09-26,27.96,28.15,27.96,28.15,700,26.35
2008-09-25,28.62,28.63,28.48,28.48,500,26.66
2008-09-24,28.26,28.26,28.16,28.16,500,26.36
2008-09-23,28.50,28.50,28.50,28.50,400,26.67
2008-09-22,29.06,29.06,29.06,29.06,1100,27.20
2008-09-19,27.51,29.61,27.51,28.05,900,26.25
2008-09-18,27.57,27.57,27.57,27.57,100,25.80
2008-09-17,26.98,27.15,26.97,27.15,900,25.41
2008-09-16,27.48,27.48,27.48,27.48,500,25.72
2008-09-15,28.00,28.00,27.60,27.60,2000,25.83
2008-09-12,28.32,28.55,28.32,28.49,1000,26.66
2008-09-11,28.40,28.40,28.40,28.40,000,26.58
2008-09-10,28.05,28.40,28.05,28.40,3000,26.58
2008-09-09,28.41,28.41,28.41,28.41,400,26.59
2008-09-08,28.85,28.85,28.85,28.85,200,27.00
2008-09-05,28.37,28.37,28.13,28.17,500,26.37
2008-09-04,29.23,29.23,28.41,28.41,1300,26.59
2008-09-03,31.97,31.97,29.37,29.39,2200,27.51
2008-09-02,30.20,33.60,30.07,33.60,1700,31.45
2008-08-29,30.10,30.10,30.10,30.10,000,28.17
2008-08-28,30.10,30.10,30.10,30.10,000,28.17
2008-08-27,29.98,30.10,29.98,30.10,700,28.17
2008-08-26,31.25,31.65,29.95,29.97,4900,28.05
2008-08-25,30.13,30.13,29.82,29.82,200,27.91
2008-08-22,30.18,30.18,30.18,30.18,000,28.25
2008-08-21,30.09,30.18,30.09,30.18,500,28.25
2008-08-20,29.61,29.61,29.61,29.61,000,27.71
2008-08-19,29.61,29.61,29.61,29.61,1200,27.71
2008-08-18,31.60,31.60,30.19,30.19,1200,28.26
2008-08-15,30.26,30.26,30.26,30.26,000,28.32
2008-08-14,30.26,30.26,30.26,30.26,300,28.32
2008-08-13,30.11,30.30,30.11,30.30,500,28.36
2008-08-12,30.77,30.77,30.77,30.77,400,28.80
2008-08-11,30.93,30.98,30.91,30.91,400,28.93
2008-08-08,31.11,31.11,31.11,31.11,000,29.12
2008-08-07,31.11,31.11,31.11,31.11,1200,29.12
2008-08-06,30.99,30.99,30.99,30.99,000,29.00
2008-08-05,30.99,30.99,30.99,30.99,000,29.00
2008-08-04,30.99,30.99,30.99,30.99,300,29.00
2008-08-01,31.77,31.77,31.77,31.77,000,29.73
2008-07-31,31.78,31.81,31.77,31.77,500,29.73
2008-07-30,31.54,31.54,31.54,31.54,000,29.52
2008-07-29,30.13,31.54,30.13,31.54,1600,29.52
2008-07-28,31.91,31.91,31.91,31.91,000,29.87
2008-07-25,31.91,31.91,31.91,31.91,400,29.87
2008-07-24,32.21,32.21,31.90,31.90,8100,29.86
2008-07-23,32.36,32.47,32.36,32.47,200,30.39
2008-07-22,32.17,32.17,32.17,32.17,100,30.11
2008-07-21,31.47,31.61,31.47,31.61,900,29.59
2008-07-18,31.26,31.41,31.26,31.41,600,29.40
2008-07-17,30.98,30.98,30.98,30.98,000,29.00
2008-07-16,30.98,30.98,30.98,30.98,000,29.00
2008-07-15,30.92,30.98,30.92,30.98,900,29.00
2008-07-14,31.63,31.63,31.41,31.41,2500,29.40
2008-07-11,31.27,31.27,31.08,31.08,2100,29.09
2008-07-10,31.38,31.38,31.38,31.38,2000,29.37
2008-07-09,31.89,31.91,31.66,31.66,1500,29.63
2008-07-08,33.40,33.40,31.54,31.89,2300,29.85
2008-07-07,32.09,32.09,32.04,32.04,2700,29.99
2008-07-03,32.01,32.01,32.01,32.01,200,29.96
2008-07-02,32.69,32.69,32.69,32.69,26400,30.60
2008-07-01,32.61,32.70,32.61,32.70,1900,30.61
2008-06-30,33.09,33.09,33.09,33.09,000,30.97
2008-06-27,33.09,33.09,33.09,33.09,000,30.97
2008-06-26,33.09,33.09,33.09,33.09,200,30.97
2008-06-25,33.42,33.42,33.42,33.42,000,31.28
2008-06-24,33.34,33.42,33.34,33.42,400,31.28
2008-06-23,33.40,33.45,33.40,33.45,2100,31.31
2008-06-20,33.74,33.74,33.67,33.67,1500,31.51
2008-06-19,34.13,34.13,34.13,34.13,500,31.94
2008-06-18,34.31,34.31,34.31,34.31,6900,32.11
2008-06-17,34.30,34.30,34.30,34.30,000,32.10
2008-06-16,34.15,34.30,34.15,34.30,400,32.10
2008-06-13,33.93,33.95,33.89,33.95,600,31.78
2008-06-12,33.94,33.98,33.80,33.81,1100,31.64
2008-06-11,34.19,34.19,34.12,34.12,2500,31.93
2008-06-10,34.47,34.47,34.47,34.47,100,32.26
2008-06-09,35.11,35.11,35.00,35.00,1600,32.76
2008-06-06,35.37,35.37,35.37,35.37,800,33.10
2008-06-05,35.66,35.75,35.66,35.75,1800,33.46
2008-06-04,35.54,35.54,35.52,35.52,300,33.24
2008-06-03,35.68,35.68,35.27,35.27,900,33.01
2008-06-02,36.25,36.25,35.53,35.53,700,33.25
2008-05-30,35.80,35.92,35.79,35.85,1600,33.55
2008-05-29,35.68,35.68,35.62,35.62,1400,33.34
2008-05-28,35.46,35.46,35.46,35.46,000,33.19
2008-05-27,35.46,35.46,35.46,35.46,100,33.19
2008-05-23,36.03,36.03,35.75,35.75,600,33.46
2008-05-22,36.18,36.19,36.09,36.13,3000,33.82