2011-05-10,83.93,84.27,83.93,84.27,1700,84.27
2011-05-09,82.92,83.35,82.92,83.35,300,83.35
2011-05-06,83.08,83.38,82.12,82.61,4000,82.61
2011-05-05,81.73,82.94,81.64,82.17,6800,82.17
2011-05-04,83.13,83.16,82.21,82.78,4100,82.78
2011-05-03,84.06,84.06,82.76,82.97,6300,82.97
2011-05-02,85.09,85.09,84.27,84.46,600,84.46
2011-04-29,84.60,84.90,84.52,84.79,2700,84.79
2011-04-28,84.58,84.65,84.35,84.51,1700,84.51
2011-04-27,83.60,83.97,83.39,83.97,3100,83.97
2011-04-26,83.20,83.98,83.20,83.73,1700,83.73
2011-04-25,83.17,83.17,82.66,82.95,5200,82.95
2011-04-21,83.04,83.11,82.65,83.10,4300,83.10
2011-04-20,81.87,82.34,81.87,82.34,8600,82.34
2011-04-19,80.45,80.65,80.24,80.60,3300,80.60
2011-04-18,80.79,80.79,79.62,80.15,19900,80.15
2011-04-15,81.15,81.56,81.15,81.41,1200,81.41
2011-04-14,80.47,80.90,80.47,80.90,1200,80.90
2011-04-13,80.92,81.01,80.38,80.38,2700,80.38
2011-04-12,80.86,80.86,80.20,80.59,4700,80.59
2011-04-11,81.69,81.71,81.10,81.10,16800,81.10
2011-04-08,82.39,82.39,81.45,81.45,14100,81.45
2011-04-07,82.41,82.69,81.98,82.31,2000,82.31
2011-04-06,83.26,83.26,82.45,82.45,1500,82.45
2011-04-05,82.45,83.00,82.45,82.72,1700,82.72
2011-04-04,82.68,82.68,82.10,82.36,10000,82.36
2011-04-01,82.40,82.50,82.30,82.30,1400,82.30
2011-03-31,81.58,81.91,81.58,81.91,1400,81.91
2011-03-30,80.65,81.59,80.65,81.47,9800,81.47
2011-03-29,79.76,80.70,79.54,80.67,3700,80.67
2011-03-28,80.40,80.40,79.71,79.83,2800,79.83
2011-03-25,79.80,80.70,79.74,80.50,6500,80.50
2011-03-24,78.72,79.62,78.72,79.53,2100,79.53
2011-03-23,78.01,78.48,77.72,78.48,1400,78.48
2011-03-22,79.17,79.28,78.63,78.63,3600,78.63
2011-03-21,78.67,79.29,78.67,79.08,27900,79.08
2011-03-18,78.19,78.37,77.50,77.62,2300,77.62
2011-03-17,78.18,78.18,77.43,77.58,23400,77.48
2011-03-16,77.77,77.82,77.20,77.74,1500,77.64
2011-03-15,76.37,78.11,76.15,78.11,9700,78.01
2011-03-14,78.07,78.87,77.91,78.21,3300,78.11
2011-03-11,77.27,78.88,77.27,78.88,6200,78.78
2011-03-10,78.21,78.69,77.76,78.16,4900,78.06
2011-03-09,79.18,79.42,79.18,79.31,1100,79.21
2011-03-08,79.57,79.89,79.50,79.61,2300,79.51
2011-03-07,80.05,80.18,78.48,78.96,3600,78.86
2011-03-04,79.65,79.65,79.53,79.62,2700,79.52
2011-03-03,79.29,80.37,79.29,80.37,2100,80.27
2011-03-02,78.07,78.85,78.07,78.72,1800,78.62
2011-03-01,79.00,79.00,78.00,78.00,200,77.90
2011-02-28,79.75,80.04,79.11,79.49,9500,79.39
2011-02-25,78.21,79.25,78.21,79.25,3200,79.15
2011-02-24,78.00,78.25,77.20,77.88,13800,77.78
2011-02-23,78.64,78.66,76.87,77.85,11300,77.75
2011-02-22,79.82,80.11,78.71,78.85,7600,78.75
2011-02-18,80.63,80.77,80.42,80.59,2700,80.49
2011-02-17,80.30,80.80,80.30,80.75,7800,80.65
2011-02-16,80.56,80.63,80.32,80.41,5600,80.31
2011-02-15,80.41,80.41,79.89,80.12,9800,80.02
2011-02-14,79.98,80.47,79.98,80.45,5200,80.35
2011-02-11,79.85,79.93,79.85,79.93,900,79.83
2011-02-10,78.84,79.16,78.84,79.04,3000,78.94
2011-02-09,78.68,78.86,78.38,78.57,3400,78.47
2011-02-08,78.37,78.62,78.28,78.62,7000,78.52
2011-02-07,78.20,78.60,78.19,78.21,1800,78.11
2011-02-04,77.02,77.72,76.87,77.58,3300,77.48
2011-02-03,76.85,77.13,76.80,77.03,5600,76.93
2011-02-02,76.76,77.17,76.69,76.69,2100,76.59
2011-02-01,76.21,76.88,76.21,76.80,1400,76.70
2011-01-31,75.34,76.10,75.27,75.69,2300,75.59
2011-01-28,76.46,76.46,74.84,75.17,4100,75.08
2011-01-27,76.13,76.58,76.13,76.49,1100,76.39
2011-01-26,75.33,76.20,75.33,76.02,800,75.92
2011-01-25,74.93,75.08,74.73,75.08,3700,74.99
2011-01-24,74.72,75.47,74.72,75.41,5400,75.31
2011-01-21,75.37,75.37,74.75,74.79,3700,74.70
2011-01-20,74.90,75.04,74.70,75.04,1000,74.95
2011-01-19,76.37,76.45,75.66,75.79,3200,75.69
2011-01-18,76.27,76.61,76.27,76.50,4800,76.40
2011-01-14,75.90,76.31,75.83,76.26,20800,76.16
2011-01-13,75.88,76.07,75.88,75.94,1000,75.84
2011-01-12,75.90,76.06,75.89,76.00,2900,75.90
2011-01-11,75.67,75.67,75.49,75.56,1800,75.46
2011-01-10,74.78,75.39,74.78,75.30,2700,75.20
2011-01-07,75.36,75.36,74.12,74.92,1000,74.83
2011-01-06,75.31,75.48,75.02,75.19,3100,75.10
2011-01-05,74.98,75.38,74.75,75.38,1600,75.28
2011-01-04,76.19,76.19,74.50,74.88,4000,74.79
2011-01-03,75.96,76.02,75.77,75.77,6000,75.67
2010-12-31,75.17,75.17,75.15,75.15,1100,75.06
2010-12-30,75.48,75.48,75.32,75.32,1300,75.22
2010-12-29,75.34,75.34,75.00,75.27,4200,75.17
2010-12-28,74.95,75.01,74.88,75.01,2400,74.92
2010-12-27,75.00,75.16,74.60,75.16,800,75.07
2010-12-23,75.27,75.39,75.19,75.19,2100,75.10
2010-12-22,75.38,75.47,75.20,75.24,25000,75.14
2010-12-21,74.92,75.43,74.92,75.30,12900,75.20
2010-12-20,73.54,75.46,73.54,74.82,3400,74.73
2010-12-17,74.39,74.76,74.39,74.75,1800,74.66
2010-12-16,74.00,74.55,73.70,74.55,44900,74.39
2010-12-15,74.09,74.73,73.91,73.97,5500,73.81
2010-12-14,74.43,74.46,74.03,74.03,1600,73.87
2010-12-13,74.90,74.90,74.11,74.11,8200,73.95
2010-12-10,73.85,74.36,73.68,74.35,5400,74.19
2010-12-09,73.91,73.91,73.43,73.67,7000,73.51
2010-12-08,73.67,73.67,73.15,73.48,1500,73.32
2010-12-07,74.28,74.28,73.61,73.61,6400,73.45
2010-12-06,73.21,73.57,73.21,73.39,4700,73.23
2010-12-03,72.70,73.38,72.70,73.38,3200,73.22
2010-12-02,71.94,72.83,71.94,72.83,4100,72.67
2010-12-01,71.49,71.78,71.49,71.78,1600,71.63
2010-11-30,69.78,70.63,69.78,70.30,3400,70.15
2010-11-29,70.41,70.50,70.14,70.50,15800,70.35
2010-11-26,70.94,70.94,70.91,70.92,4000,70.77
2010-11-24,70.64,70.87,70.64,70.87,800,70.72
2010-11-23,69.72,69.98,69.39,69.64,113100,69.49
2010-11-22,70.15,70.44,69.95,70.44,2600,70.29
2010-11-19,69.93,70.04,69.93,70.04,600,69.89
2010-11-18,69.42,70.04,69.42,69.63,1500,69.48
2010-11-17,68.37,68.88,68.37,68.69,1900,68.54
2010-11-16,68.75,68.75,68.07,68.28,8200,68.13
2010-11-15,69.83,70.11,69.40,69.40,1900,69.25
2010-11-12,69.94,69.94,69.26,69.45,3100,69.30
2010-11-11,69.77,70.62,69.77,70.62,800,70.47
2010-11-10,70.08,70.46,70.08,70.45,1300,70.30
2010-11-09,70.87,70.87,69.96,69.96,2400,69.81
2010-11-08,70.58,70.68,70.58,70.68,700,70.53
2010-11-05,70.23,70.64,70.23,70.40,4800,70.25
2010-11-04,69.74,70.01,69.74,70.01,2100,69.86
2010-11-03,68.76,68.85,68.35,68.82,8500,68.67
2010-11-02,68.67,68.80,68.26,68.64,1200,68.49
2010-11-01,68.42,68.55,67.85,67.88,2100,67.73
2010-10-29,67.72,67.98,67.69,67.92,6500,67.77
2010-10-28,67.54,67.54,67.54,67.54,700,67.39
2010-10-27,67.41,67.41,67.19,67.38,1500,67.24
2010-10-26,67.83,67.83,67.64,67.64,2000,67.49
2010-10-25,68.13,68.13,67.67,67.99,1600,67.84
2010-10-22,66.67,67.15,66.67,67.08,2600,66.94
2010-10-21,66.51,66.61,66.51,66.61,800,66.47
2010-10-20,66.74,66.90,66.71,66.76,15600,66.62
2010-10-19,66.32,66.79,65.82,65.93,3500,65.79
2010-10-18,66.98,67.19,66.98,67.19,400,67.05
2010-10-15,67.44,67.44,66.83,66.86,1800,66.72
2010-10-14,67.31,67.31,66.60,66.60,2700,66.46
2010-10-13,67.14,67.72,67.14,67.36,1700,67.22
2010-10-12,66.36,66.85,66.36,66.85,4200,66.71
2010-10-11,66.39,66.64,66.32,66.54,5900,66.40
2010-10-08,65.51,66.27,65.44,66.23,2400,66.09
2010-10-07,65.38,65.38,65.38,65.38,000,65.24
2010-10-06,65.95,65.95,65.30,65.38,1300,65.24
2010-10-05,66.05,66.05,66.05,66.05,200,65.91
2010-10-04,64.65,64.65,64.48,64.64,1800,64.50
2010-10-01,65.64,65.64,65.10,65.39,3300,65.25
2010-09-30,65.59,65.59,65.23,65.23,3000,65.09
2010-09-29,64.85,65.36,64.85,65.26,1300,65.12
2010-09-28,64.70,64.97,63.89,64.97,1400,64.83
2010-09-27,64.78,64.90,64.67,64.67,2000,64.53
2010-09-24,63.95,64.75,63.95,64.70,1500,64.56
2010-09-23,63.01,63.79,63.01,63.10,6000,62.96
2010-09-22,63.76,63.78,63.42,63.42,1200,63.28
2010-09-21,64.26,64.44,64.07,64.12,4000,63.98
2010-09-20,63.48,64.17,63.41,64.17,5200,64.03
2010-09-17,63.29,63.29,62.90,63.25,8300,63.11
2010-09-16,63.05,63.14,62.88,63.12,1600,62.92
2010-09-15,62.96,63.14,62.96,63.14,600,62.94
2010-09-14,62.81,63.27,62.60,63.01,3400,62.81
2010-09-13,62.74,63.00,62.74,63.00,1000,62.80
2010-09-10,61.83,61.97,61.63,61.96,8300,61.76
2010-09-09,62.30,62.30,61.67,61.67,700,61.47
2010-09-08,61.40,61.56,61.40,61.56,300,61.36
2010-09-07,61.40,61.40,61.18,61.31,900,61.11
2010-09-03,61.97,62.05,61.72,61.85,11400,61.65
2010-09-02,60.06,61.08,60.06,61.08,5600,60.88
2010-09-01,59.29,60.09,59.27,60.07,8500,59.88
2010-08-31,57.97,58.55,57.71,57.95,6000,57.76
2010-08-30,58.93,59.22,58.27,58.27,10600,58.08
2010-08-27,58.46,59.13,57.59,59.13,2400,58.94
2010-08-26,58.57,58.80,57.92,58.22,4800,58.03
2010-08-25,57.52,58.17,57.15,58.17,21600,57.98
2010-08-24,58.20,58.45,57.80,58.06,5400,57.87
2010-08-23,59.91,59.91,59.06,59.06,82400,58.87
2010-08-20,59.44,59.52,59.17,59.52,9100,59.33
2010-08-19,59.61,59.61,59.61,59.61,300,59.42
2010-08-18,60.35,60.91,60.24,60.78,4000,60.58
2010-08-17,60.16,60.77,60.16,60.60,2300,60.40
2010-08-16,59.58,59.58,59.58,59.58,1200,59.39
2010-08-13,59.77,59.77,59.55,59.59,3300,59.40
2010-08-12,58.65,59.88,58.65,59.68,2400,59.49
2010-08-11,60.50,60.52,59.86,59.93,6200,59.74
2010-08-10,62.20,62.20,61.63,62.05,2300,61.85
2010-08-09,62.58,62.75,62.58,62.73,16900,62.53
2010-08-06,61.72,61.73,61.70,61.70,2200,61.50
2010-08-05,62.29,62.44,62.25,62.41,1600,62.21
2010-08-04,62.39,62.65,62.33,62.65,1400,62.45
2010-08-03,62.26,62.29,61.83,61.99,2800,61.79
2010-08-02,61.87,62.26,61.87,62.26,1000,62.06
2010-07-30,60.04,61.18,60.04,61.17,4200,60.97
2010-07-29,60.84,60.84,60.47,60.81,600,60.61
2010-07-28,61.89,61.90,61.26,61.26,1900,61.06
2010-07-27,63.06,63.06,61.97,62.07,1700,61.87
2010-07-26,61.89,62.47,61.69,62.47,11800,62.27
2010-07-23,60.76,61.62,60.69,61.50,11600,61.30
2010-07-22,60.40,60.57,60.40,60.52,900,60.32
2010-07-21,59.64,59.64,59.06,59.06,1100,58.87
2010-07-20,57.84,59.68,57.84,59.68,1800,59.49
2010-07-19,58.36,58.73,58.36,58.73,1600,58.54
2010-07-16,59.67,59.67,58.63,58.63,3800,58.44
2010-07-15,60.00,60.00,59.85,59.85,300,59.66
2010-07-14,60.02,60.68,60.02,60.25,12900,60.06
2010-07-13,59.75,60.48,59.68,60.43,4300,60.24
2010-07-12,58.70,59.12,58.70,59.07,2100,58.88
2010-07-09,58.72,59.30,58.72,58.93,1500,58.74
2010-07-08,58.24,58.67,58.24,58.67,1700,58.48
2010-07-07,56.96,57.98,56.96,57.98,5000,57.79
2010-07-06,57.17,57.66,56.00,56.00,1800,55.82
2010-07-02,56.21,56.21,56.03,56.03,2200,55.85
2010-07-01,57.07,57.14,55.56,56.82,19600,56.64
2010-06-30,57.45,58.20,57.45,57.58,4200,57.39
2010-06-29,58.79,58.79,57.97,58.00,11200,57.81
2010-06-28,60.38,60.38,59.89,60.01,4300,59.82
2010-06-25,59.74,60.37,59.46,60.37,201200,60.18
2010-06-24,60.34,60.34,59.69,59.69,1100,59.50
2010-06-23,60.89,60.89,60.73,60.73,300,60.53
2010-06-22,61.88,62.10,60.80,60.80,5000,60.60
2010-06-21,63.22,63.52,61.90,61.94,19000,61.74
2010-06-18,62.60,62.77,62.44,62.48,1000,62.28
2010-06-17,62.04,62.39,62.04,62.34,1400,62.09
2010-06-16,62.36,62.89,62.36,62.56,1400,62.31
2010-06-15,61.78,62.95,61.74,62.95,1800,62.70
2010-06-14,61.99,61.99,61.42,61.42,1400,61.17
2010-06-11,59.83,61.20,59.71,61.20,7900,60.96
2010-06-10,59.79,60.49,59.79,60.49,8100,60.25
2010-06-09,59.13,59.60,58.51,58.53,1700,58.30
2010-06-08,58.20,58.24,57.54,58.24,3000,58.01
2010-06-07,59.66,59.86,58.04,58.04,11400,57.81
2010-06-04,61.03,61.03,59.46,59.54,10200,59.30
2010-06-03,61.88,62.06,61.35,62.06,4000,61.81
2010-06-02,59.96,61.29,59.71,61.29,2700,61.05
2010-06-01,60.48,61.31,59.69,59.69,21400,59.45
2010-05-28,61.68,61.87,60.97,61.13,5900,60.89
2010-05-27,60.82,61.77,60.56,61.77,9300,61.52
2010-05-26,60.04,60.63,59.39,59.39,25100,59.15
2010-05-25,57.78,59.15,56.95,59.10,17800,58.86
2010-05-24,59.56,60.08,59.18,59.18,150100,58.94
2010-05-21,57.74,60.02,57.72,59.67,17400,59.43
2010-05-20,59.91,60.08,58.75,58.78,54400,58.55
2010-05-19,61.65,62.19,60.81,61.40,9800,61.16
2010-05-18,63.69,63.83,61.88,62.07,6000,61.82
2010-05-17,63.34,63.46,61.86,62.51,33700,62.26
2010-05-14,63.95,63.95,62.45,62.95,12100,62.70
2010-05-13,64.91,65.44,64.27,64.47,27100,64.21
2010-05-12,63.53,64.94,63.53,64.83,119900,64.57
2010-05-11,62.40,64.07,62.32,63.25,22700,63.00
2010-05-10,62.57,63.24,62.51,63.22,92800,62.97
2010-05-07,61.64,61.99,59.73,60.12,21900,59.88
2010-05-06,63.72,63.72,29.00,61.87,50400,61.62
2010-05-05,64.16,64.81,63.59,64.03,19900,63.77
2010-05-04,65.73,65.73,64.60,64.78,17600,64.52
2010-05-03,66.13,66.74,66.13,66.74,6400,66.47
2010-04-30,67.10,67.20,66.09,66.12,6100,65.86
2010-04-29,66.56,67.10,66.53,66.74,8800,66.47
2010-04-28,66.30,66.30,65.75,66.14,5600,65.88
2010-04-27,67.50,67.65,66.05,66.05,12900,65.79
2010-04-26,67.92,68.16,67.77,67.77,5200,67.50
2010-04-23,67.22,67.83,67.06,67.83,9200,67.56
2010-04-22,65.76,67.12,65.76,67.12,9700,66.85
2010-04-21,66.26,66.49,66.11,66.49,3200,66.22
2010-04-20,65.90,66.34,65.90,66.34,4700,66.08
2010-04-19,65.67,65.74,64.82,65.57,5900,65.31
2010-04-16,66.81,66.81,65.51,65.94,10800,65.68
2010-04-15,66.95,67.06,66.72,66.90,4100,66.63
2010-04-14,66.20,66.76,66.20,66.76,8300,66.49
2010-04-13,65.54,65.88,65.54,65.87,8300,65.61
2010-04-12,65.70,65.84,65.63,65.68,6900,65.42
2010-04-09,65.15,65.61,65.08,65.61,11600,65.35
2010-04-08,64.74,64.90,64.44,64.90,3000,64.64
2010-04-07,65.34,65.34,64.61,64.94,7600,64.68
2010-04-06,65.11,65.46,65.11,65.40,5400,65.14
2010-04-05,64.53,65.15,64.46,65.15,3500,64.89
2010-04-01,64.07,64.46,64.01,64.25,3500,63.99
2010-03-31,63.81,63.99,63.58,63.58,6100,63.33
2010-03-30,63.99,64.04,63.76,63.94,1700,63.68
2010-03-29,63.56,63.90,63.56,63.90,5500,63.65
2010-03-26,63.53,63.72,62.96,63.31,6000,63.06
2010-03-25,64.70,64.87,63.28,63.28,48200,63.03
2010-03-24,64.08,64.14,63.84,63.88,11200,63.63
2010-03-23,63.73,64.39,63.69,64.39,6400,64.13
2010-03-22,62.55,63.83,62.55,63.69,5500,63.44
2010-03-19,63.61,63.61,62.96,63.02,11000,62.77
2010-03-18,64.07,64.14,63.67,63.74,4600,63.49
2010-03-17,64.03,64.39,64.03,64.16,5500,63.90
2010-03-16,63.27,63.72,63.27,63.72,5000,63.47
2010-03-15,63.21,63.21,62.47,62.98,27200,62.73
2010-03-12,63.27,63.29,62.99,63.21,21200,62.96
2010-03-11,62.57,63.09,62.57,63.09,15200,62.84
2010-03-10,62.56,62.90,62.52,62.90,9700,62.65
2010-03-09,62.10,62.64,62.10,62.33,23500,62.08
2010-03-08,62.22,62.33,62.08,62.17,10000,61.92
2010-03-05,61.67,62.18,61.67,62.18,16900,61.93
2010-03-04,61.00,61.10,61.00,61.03,3900,60.79
2010-03-03,61.30,61.54,61.06,61.14,5800,60.90
2010-03-02,60.78,61.27,60.78,60.98,26500,60.74
2010-03-01,59.40,60.51,59.40,60.50,22900,60.26
2010-02-26,58.83,59.23,58.83,59.15,9000,58.91
2010-02-25,57.89,58.96,57.89,58.96,17800,58.72
2010-02-24,58.68,58.88,58.68,58.86,3100,58.63
2010-02-23,59.23,59.23,58.27,58.37,67300,58.14
2010-02-22,59.74,59.74,59.32,59.38,2100,59.14
2010-02-19,59.12,59.59,59.12,59.50,5600,59.26
2010-02-18,58.85,59.25,58.85,59.25,5400,59.01
2010-02-17,58.85,58.99,58.67,58.90,3200,58.66
2010-02-16,58.08,58.48,57.89,58.48,5800,58.25
2010-02-12,56.41,57.48,56.27,57.48,37500,57.25
2010-02-11,56.13,57.15,55.96,57.15,2300,56.92
2010-02-10,56.18,56.42,55.61,56.18,9600,55.96
2010-02-09,56.22,56.54,56.22,56.33,9100,56.11
2010-02-08,55.76,56.22,55.49,55.49,10900,55.27
2010-02-05,55.76,55.76,54.47,55.75,20500,55.53
2010-02-04,56.59,56.59,55.59,55.59,20200,55.37
2010-02-03,57.92,57.92,57.76,57.79,7200,57.56
2010-02-02,57.43,58.14,57.43,58.03,19600,57.80
2010-02-01,56.27,57.24,56.27,57.24,18800,57.01
2010-01-29,57.51,57.90,56.25,56.28,16900,56.06
2010-01-28,57.88,57.88,56.90,57.37,10800,57.14
2010-01-27,57.96,58.22,57.52,58.10,9500,57.87
2010-01-26,58.14,58.61,57.86,58.34,4000,58.11
2010-01-25,58.54,58.68,58.03,58.26,15400,58.03
2010-01-22,59.50,59.51,58.02,58.12,16000,57.89
2010-01-21,60.80,60.80,59.50,59.57,2900,59.33
2010-01-20,60.52,60.59,60.15,60.59,8200,60.35
2010-01-19,60.77,61.10,60.77,61.10,8700,60.86
2010-01-15,61.31,61.31,60.31,60.48,8000,60.24
2010-01-14,61.08,61.35,61.00,61.33,11300,61.09
2010-01-13,60.79,61.27,60.23,61.24,5700,61.00
2010-01-12,61.09,61.09,60.28,60.54,4700,60.30
2010-01-11,61.96,62.06,61.28,61.53,14100,61.28
2010-01-08,61.24,61.64,61.22,61.64,14200,61.39
2010-01-07,61.00,61.19,60.63,61.19,5400,60.95
2010-01-06,60.71,61.04,60.71,60.99,6500,60.75
2010-01-05,60.32,60.78,60.32,60.70,19000,60.46
2010-01-04,59.69,60.32,59.52,60.28,2600,60.04
2009-12-31,59.98,59.98,59.21,59.22,7000,58.98
2009-12-30,59.74,59.80,59.57,59.80,23700,59.56
2009-12-29,60.17,60.17,59.81,59.89,7300,59.65
2009-12-28,60.15,60.29,59.82,60.06,18800,59.82
2009-12-24,60.01,60.08,59.93,59.99,2500,59.75
2009-12-23,59.61,59.93,59.28,59.80,19000,59.56
2009-12-22,58.88,59.22,58.85,59.19,13100,58.95
2009-12-21,58.29,58.70,58.29,58.59,10500,58.36
2009-12-18,57.93,57.93,57.30,57.81,6200,57.58
2009-12-17,57.79,57.88,57.63,57.64,10200,57.28
2009-12-16,58.41,58.72,58.16,58.28,6700,57.92
2009-12-15,57.62,58.02,57.57,57.85,2900,57.49
2009-12-14,57.38,57.81,57.13,57.81,8900,57.45
2009-12-11,56.92,57.27,56.55,56.90,2400,56.55
2009-12-10,56.70,56.76,56.52,56.53,3100,56.18
2009-12-09,55.87,56.20,55.71,56.18,6700,55.83
2009-12-08,56.01,56.24,55.83,56.02,6300,55.67
2009-12-07,56.34,56.84,56.32,56.47,5600,56.12
2009-12-04,57.24,57.29,56.07,56.51,7800,56.16
2009-12-03,56.65,56.65,55.90,55.91,5100,55.56
2009-12-02,56.01,56.67,56.01,56.40,3300,56.05
2009-12-01,55.64,56.43,55.44,56.04,13200,55.69
2009-11-30,55.17,55.17,54.54,55.12,11400,54.78
2009-11-27,54.80,55.40,54.80,55.09,2800,54.75
2009-11-25,55.92,56.17,55.74,56.13,4000,55.78
2009-11-24,55.25,55.66,55.25,55.65,2900,55.30
2009-11-23,56.01,56.56,55.64,55.80,99100,55.45
2009-11-20,54.96,55.32,54.86,55.26,10600,54.92
2009-11-19,55.59,55.60,55.18,55.47,11800,55.13
2009-11-18,57.26,57.26,56.54,56.67,5200,56.32
2009-11-17,56.97,57.09,56.84,57.09,7100,56.74
2009-11-16,56.83,57.35,56.73,57.12,8900,56.77
2009-11-13,55.79,56.19,55.67,56.09,6300,55.74
2009-11-12,56.50,56.50,55.54,55.54,3200,55.20
2009-11-11,56.64,56.64,56.08,56.37,3800,56.02
2009-11-10,55.98,56.27,55.69,56.01,4700,55.66
2009-11-09,55.37,56.09,55.37,56.06,12800,55.71
2009-11-06,54.35,55.23,54.35,54.81,5100,54.47
2009-11-05,54.18,54.82,54.04,54.82,6500,54.48
2009-11-04,54.19,54.21,53.09,53.64,4200,53.31
2009-11-03,52.61,53.65,52.50,53.65,5000,53.32
2009-11-02,52.98,53.40,52.14,52.90,7600,52.57
2009-10-30,53.90,53.99,52.51,52.63,13300,52.30
2009-10-29,53.33,54.26,53.33,54.11,20700,53.77
2009-10-28,54.50,54.50,52.77,52.85,15200,52.52
2009-10-27,55.58,55.58,54.75,54.75,4100,54.41
2009-10-26,56.32,56.92,55.51,55.52,10000,55.18
2009-10-23,57.25,57.25,56.13,56.17,7500,55.82
2009-10-22,56.57,57.27,55.99,57.05,6000,56.70
2009-10-21,57.40,57.57,56.57,56.57,26600,56.22
2009-10-20,57.88,57.88,56.94,57.22,5700,56.87
2009-10-19,57.16,57.81,57.03,57.66,8300,57.30
2009-10-16,57.14,57.23,56.71,57.04,15900,56.69
2009-10-15,57.02,57.72,57.02,57.53,69300,57.17
2009-10-14,56.95,57.39,56.73,57.36,9600,57.00
2009-10-13,56.37,56.52,56.06,56.31,4800,55.96
2009-10-12,56.57,56.81,56.24,56.46,4400,56.11
2009-10-09,55.94,56.21,55.93,56.20,3500,55.85
2009-10-08,55.47,56.09,55.39,55.85,9600,55.50
2009-10-07,54.90,54.96,54.76,54.96,14400,54.62
2009-10-06,54.65,55.19,54.65,54.93,5900,54.59
2009-10-05,53.13,54.08,52.94,54.00,20300,53.67
2009-10-02,52.77,53.31,52.63,52.95,6200,52.62
2009-10-01,54.84,54.90,53.33,53.33,9000,53.00
2009-09-30,55.57,55.61,54.47,55.19,6700,54.85
2009-09-29,55.24,55.56,55.20,55.40,14600,55.06
2009-09-28,54.72,55.28,54.72,55.09,2100,54.75
2009-09-25,54.24,54.42,53.93,54.22,5100,53.88
2009-09-24,55.63,55.73,54.18,54.49,19300,54.15
2009-09-23,56.26,56.48,55.77,55.77,12900,55.42
2009-09-22,56.32,56.37,56.10,56.26,8800,55.91
2009-09-21,55.30,55.92,55.30,55.88,2800,55.53
2009-09-18,56.09,56.09,55.60,55.84,22500,55.49
2009-09-17,56.27,56.59,55.74,55.84,33900,55.43
2009-09-16,55.72,56.16,55.41,56.15,24700,55.74
2009-09-15,54.99,55.44,54.70,55.40,9500,55.00
2009-09-14,53.86,54.89,53.83,54.89,21300,54.49
2009-09-11,54.23,54.64,53.99,54.21,9800,53.82
2009-09-10,53.26,54.06,53.26,54.06,2200,53.67
2009-09-09,52.55,53.47,52.55,53.33,3400,52.94
2009-09-08,52.35,52.52,52.04,52.52,22600,52.14
2009-09-04,50.86,51.65,50.86,51.49,14500,51.12
2009-09-03,50.52,50.52,50.52,50.52,300,50.15
2009-09-02,49.99,50.21,49.99,50.12,2500,49.76
2009-09-01,51.95,51.95,50.20,50.26,13600,49.89
2009-08-31,51.40,51.59,51.11,51.41,55600,51.04
2009-08-28,52.74,52.74,51.73,52.06,27400,51.68
2009-08-27,51.54,52.04,51.00,51.98,12700,51.60
2009-08-26,51.86,52.14,51.65,51.83,9900,51.45
2009-08-25,52.01,52.36,51.86,51.90,22800,51.52
2009-08-24,52.38,52.43,51.59,51.67,103800,51.29
2009-08-21,51.49,51.98,51.22,51.94,6900,51.56
2009-08-20,49.78,51.71,49.78,50.93,12700,50.56
2009-08-19,49.55,50.45,49.55,50.45,9800,50.08
2009-08-18,49.84,50.17,49.55,50.04,7100,49.68
2009-08-17,50.11,50.11,48.84,49.38,21100,49.02
2009-08-14,51.44,51.44,50.68,51.03,7900,50.66
2009-08-13,51.42,51.90,51.14,51.90,15300,51.52
2009-08-12,50.61,51.38,50.61,51.24,4600,50.87
2009-08-11,50.71,50.81,50.39,50.57,11400,50.20
2009-08-10,51.15,51.39,50.92,51.15,8000,50.78
2009-08-07,50.96,51.63,50.78,51.41,5300,51.04
2009-08-06,50.83,51.02,50.02,50.23,12700,49.86
2009-08-05,50.85,50.85,50.15,50.53,11700,50.16
2009-08-04,50.55,51.09,50.37,50.76,4400,50.39
2009-08-03,50.08,50.74,49.95,50.74,6000,50.37
2009-07-31,49.31,49.90,49.31,49.53,9600,49.17
2009-07-30,49.51,49.94,49.41,49.41,7400,49.05
2009-07-29,49.00,49.00,48.58,48.79,4000,48.44
2009-07-28,49.12,49.35,48.75,49.28,7900,48.92
2009-07-27,49.34,49.49,48.92,49.25,10100,48.89
2009-07-24,48.74,49.41,48.48,49.41,7600,49.05
2009-07-23,47.73,49.09,47.73,48.95,12700,48.59
2009-07-22,47.48,48.01,47.48,47.86,11700,47.51
2009-07-21,47.91,47.91,47.01,47.68,19600,47.33
2009-07-20,46.94,47.54,46.90,47.47,5400,47.12
2009-07-17,46.41,46.68,46.17,46.68,6400,46.34
2009-07-16,45.58,46.44,45.53,46.44,10000,46.10
2009-07-15,44.97,45.72,44.97,45.69,1600,45.36
2009-07-14,43.57,44.25,43.55,44.24,8000,43.92
2009-07-13,42.95,43.63,42.28,43.63,4200,43.31
2009-07-10,42.79,42.79,42.55,42.76,1900,42.45
2009-07-09,42.72,42.95,42.72,42.90,5200,42.59
2009-07-08,42.76,42.82,41.66,42.32,11400,42.01
2009-07-07,43.39,43.40,42.50,42.50,9300,42.19
2009-07-06,43.83,43.83,42.96,43.61,3400,43.29
2009-07-02,44.98,44.98,44.28,44.29,7600,43.97
2009-07-01,45.57,45.92,45.57,45.74,1600,45.41
2009-06-30,45.45,45.62,44.76,45.13,15000,44.80
2009-06-29,45.23,45.47,44.79,45.23,10300,44.90
2009-06-26,44.90,45.17,44.90,45.00,1900,44.67
2009-06-25,43.77,44.94,43.77,44.87,2900,44.54
2009-06-24,43.47,44.30,43.47,43.86,5400,43.54
2009-06-23,43.66,43.66,42.52,43.29,4200,42.98
2009-06-22,44.84,44.84,43.50,43.50,7900,43.18
2009-06-19,45.61,45.74,45.23,45.33,4400,45.00
2009-06-18,44.96,45.21,44.89,45.11,1500,44.70
2009-06-17,45.02,45.30,44.32,45.00,5300,44.60
2009-06-16,46.10,46.10,44.98,45.12,6600,44.71
2009-06-15,46.43,46.43,45.46,45.79,13200,45.38
2009-06-12,46.97,47.14,46.60,47.14,8700,46.72
2009-06-11,47.66,47.79,47.32,47.46,12200,47.03
2009-06-10,47.80,47.80,46.46,46.80,3600,46.38
2009-06-09,46.82,47.48,46.82,47.37,10500,46.94
2009-06-08,46.61,46.81,45.82,46.73,9000,46.31
2009-06-05,47.49,47.49,46.80,46.93,5900,46.51
2009-06-04,46.27,46.97,46.27,46.97,10200,46.55
2009-06-03,47.00,47.00,45.93,46.15,5200,45.74
2009-06-02,47.10,47.65,46.98,47.58,4700,47.15
2009-06-01,46.17,47.40,46.17,47.40,6100,46.97
2009-05-29,45.19,45.38,44.80,45.38,8300,44.97
2009-05-28,44.64,44.93,43.76,44.72,6100,44.32
2009-05-27,44.63,45.32,44.34,44.34,8600,43.94
2009-05-26,42.91,44.68,42.89,44.68,7700,44.28
2009-05-22,43.59,43.87,43.25,43.25,6600,42.86
2009-05-21,43.97,43.98,43.14,43.55,9500,43.16
2009-05-20,45.15,45.98,44.53,44.53,8100,44.13
2009-05-19,44.56,44.87,44.43,44.80,3500,44.40
2009-05-18,43.36,44.37,43.21,44.37,10600,43.97
2009-05-15,43.31,43.41,42.73,42.73,4600,42.35
2009-05-14,43.29,43.44,43.03,43.08,4000,42.69
2009-05-13,43.41,43.41,42.37,42.37,10300,41.99
2009-05-12,44.78,45.82,43.85,44.53,4600,44.13
2009-05-11,45.16,45.43,44.51,45.05,9700,44.65
2009-05-08,45.49,45.94,44.90,45.72,8700,45.31
2009-05-07,46.82,49.14,44.51,44.85,7000,44.45
2009-05-06,46.50,46.50,44.08,45.83,11200,45.42
2009-05-05,45.58,45.84,45.05,45.67,18100,45.26
2009-05-04,44.14,45.36,44.14,45.36,31200,44.95
2009-05-01,44.49,44.49,43.06,43.68,83300,43.29
2009-04-30,44.15,44.36,43.36,43.44,16500,43.05
2009-04-29,42.45,43.47,42.37,43.47,6800,43.08
2009-04-28,42.04,42.35,41.83,41.83,6400,41.45
2009-04-27,42.93,42.93,41.89,42.09,3200,41.71
2009-04-24,41.96,42.80,41.53,42.68,21900,42.30
2009-04-23,41.78,41.78,40.71,41.18,11700,40.81
2009-04-22,40.64,42.43,40.64,41.64,12500,41.27
2009-04-21,39.81,41.00,39.81,40.87,12800,40.50
2009-04-20,41.10,41.16,37.59,40.14,12300,39.78
2009-04-17,41.78,42.46,41.57,42.46,9400,42.08
2009-04-16,40.98,41.92,40.58,41.84,6000,41.46
2009-04-15,40.08,40.46,39.79,39.97,26300,39.61
2009-04-14,40.45,40.83,40.34,40.34,12000,39.98
2009-04-13,41.54,41.54,40.16,40.98,28100,40.61
2009-04-09,40.12,40.88,40.03,40.80,9300,40.43
2009-04-08,38.49,38.87,38.15,38.50,23600,38.15
2009-04-07,38.79,38.79,38.20,38.43,11500,38.08
2009-04-06,39.66,39.66,38.96,39.28,2900,38.93
2009-04-03,39.30,40.13,39.30,40.13,15900,39.77
2009-04-02,39.04,39.81,38.82,39.45,16800,39.10
2009-04-01,36.51,37.62,36.50,37.62,8000,37.28
2009-03-31,37.19,37.43,36.89,37.09,2600,36.76
2009-03-30,37.28,37.28,36.44,36.94,2800,36.61
2009-03-27,38.76,38.76,38.30,38.35,6000,38.01
2009-03-26,38.19,39.02,38.19,38.97,5800,38.62
2009-03-25,37.62,38.19,36.76,37.55,4900,37.21
2009-03-24,37.14,37.61,37.14,37.50,3800,37.16
2009-03-23,37.84,37.84,36.52,37.64,3900,37.30
2009-03-20,36.45,36.45,35.01,35.42,2500,35.10
2009-03-19,37.00,37.00,36.33,36.33,5100,35.92
2009-03-18,35.29,36.82,35.29,35.96,2900,35.56
2009-03-17,34.57,35.37,34.21,35.37,4900,34.97
2009-03-16,35.35,35.35,34.34,34.45,5500,34.06
2009-03-13,34.58,34.84,34.40,34.55,2300,34.16
2009-03-12,32.87,34.30,32.67,34.30,6300,33.92
2009-03-11,32.92,33.21,32.72,33.20,900,32.83
2009-03-10,31.64,32.77,31.64,32.77,8300,32.40
2009-03-09,30.86,31.55,30.86,30.90,2400,30.55
2009-03-06,32.07,32.07,30.73,30.89,6700,30.54
2009-03-05,32.05,32.54,31.48,31.48,11300,31.13
2009-03-04,32.63,33.41,32.29,32.82,34600,32.45
2009-03-03,32.56,32.57,31.92,32.10,6900,31.74
2009-03-02,33.15,33.40,31.93,31.93,16300,31.57
2009-02-27,33.83,34.75,33.68,34.23,31400,33.85
2009-02-26,35.32,35.39,34.21,34.42,32500,34.03
2009-02-25,35.11,35.52,34.43,35.21,22700,34.82
2009-02-24,34.26,35.46,34.22,35.31,30500,34.91
2009-02-23,35.13,35.13,34.01,34.01,113200,33.63
2009-02-20,34.90,35.40,34.77,35.29,9200,34.89
2009-02-19,36.44,36.62,35.65,35.65,3700,35.25
2009-02-18,36.03,36.37,35.79,36.02,5800,35.62
2009-02-17,36.52,36.77,36.50,36.54,6600,36.13
2009-02-13,38.20,38.40,37.98,38.31,1900,37.88
2009-02-12,37.11,37.96,37.11,37.96,4200,37.54
2009-02-11,38.12,38.12,37.60,37.75,19100,37.33
2009-02-10,39.31,39.31,37.76,37.76,4300,37.34
2009-02-09,39.57,39.57,39.01,39.31,13200,38.87
2009-02-06,38.87,39.36,38.72,39.36,3900,38.92
2009-02-05,37.87,38.38,37.87,38.08,3600,37.65
2009-02-04,37.44,38.14,37.32,37.46,4700,37.04
2009-02-03,37.13,37.53,36.92,37.53,1900,37.11
2009-02-02,36.50,36.97,36.50,36.97,3900,36.56
2009-01-30,37.91,37.91,36.64,36.82,6200,36.41
2009-01-29,38.35,38.35,37.68,37.68,5900,37.26
2009-01-28,38.59,38.79,38.59,38.79,1100,38.36
2009-01-27,37.13,37.63,36.94,37.37,1600,36.95
2009-01-26,36.81,37.68,36.57,37.04,13100,36.63
2009-01-23,35.66,37.21,35.66,36.71,7100,36.30
2009-01-22,36.46,36.82,36.19,36.60,1900,36.19
2009-01-21,36.47,37.24,35.87,37.24,2200,36.82
2009-01-20,37.53,37.64,35.91,35.94,9400,35.54
2009-01-16,38.21,38.21,37.72,37.87,4900,37.45
2009-01-15,36.49,37.26,35.83,37.26,14000,36.84
2009-01-14,37.34,37.34,36.45,36.71,18500,36.30
2009-01-13,37.66,38.17,37.65,37.73,2500,37.31
2009-01-12,38.59,38.59,37.67,37.67,4000,37.25
2009-01-09,39.73,39.75,38.58,39.09,10000,38.65
2009-01-08,39.16,39.77,39.00,39.76,3900,39.31
2009-01-07,39.93,39.94,39.31,39.54,4800,39.10
2009-01-06,40.45,40.89,40.39,40.75,8900,40.29
2009-01-05,39.66,40.28,39.46,40.07,4800,39.62
2009-01-02,38.42,39.68,38.14,39.68,4400,39.24
2008-12-31,37.54,38.52,37.54,38.22,10000,37.79
2008-12-30,36.53,37.44,36.53,37.34,11900,36.92
2008-12-29,36.58,36.58,35.87,36.37,11100,35.96
2008-12-26,36.54,36.75,36.33,36.75,2300,36.34
2008-12-24,36.24,36.32,36.21,36.26,6700,35.85
2008-12-23,36.81,36.81,35.99,36.07,17600,35.67
2008-12-22,36.67,36.85,35.79,35.79,1600,35.39
2008-12-19,37.65,37.88,37.35,37.55,6000,37.13
2008-12-18,38.16,38.20,36.91,37.42,9500,37.00
2008-12-17,36.80,38.34,36.80,38.08,7100,37.65
2008-12-16,37.23,37.27,35.96,37.23,14200,36.81
2008-12-15,36.21,36.21,35.02,35.40,6300,35.00
2008-12-12,34.20,36.28,34.20,36.12,3700,35.72
2008-12-11,36.67,37.12,35.48,35.48,5900,35.08
2008-12-10,36.93,37.04,36.25,36.60,4200,36.19
2008-12-09,36.49,37.47,35.93,36.03,47100,35.63
2008-12-08,35.99,36.74,35.99,36.61,11900,36.20
2008-12-05,33.37,34.78,32.43,34.78,6100,34.39
2008-12-04,34.47,35.07,33.41,33.45,7600,33.08
2008-12-03,33.50,34.86,33.50,34.75,8900,34.36
2008-12-02,33.29,34.08,33.07,33.64,7100,33.26
2008-12-01,35.42,35.42,33.10,33.10,5900,32.73
2008-11-28,35.89,36.04,35.55,36.04,800,35.64
2008-11-26,33.51,36.05,33.50,35.86,4600,35.46
2008-11-25,33.98,34.09,33.28,34.01,3500,33.63
2008-11-24,31.77,33.44,31.77,33.44,3900,33.07
2008-11-21,30.25,30.62,28.94,30.37,17200,30.03
2008-11-20,31.48,31.72,29.41,29.41,9400,29.08
2008-11-19,34.52,34.73,33.06,33.13,4400,32.76
2008-11-18,34.62,35.12,33.48,33.58,4300,33.20
2008-11-17,35.22,35.47,35.07,35.22,2900,34.83
2008-11-14,36.89,37.01,35.67,36.11,7400,35.71
2008-11-13,35.21,37.25,34.00,37.25,9000,36.83
2008-11-12,36.35,36.45,35.06,35.06,1600,34.67
2008-11-11,37.89,37.89,36.83,37.21,2400,36.79
2008-11-10,39.85,39.85,38.07,38.34,3600,37.91
2008-11-07,38.50,38.73,38.09,38.34,6700,37.91
2008-11-06,40.25,40.25,38.22,38.24,6200,37.81
2008-11-05,41.46,41.80,40.11,40.42,14200,39.97
2008-11-04,41.75,42.08,41.22,41.84,8600,41.37
2008-11-03,41.30,41.30,40.56,40.93,11100,40.47
2008-10-31,39.77,40.88,39.77,40.11,1100,39.66
2008-10-30,39.44,39.56,39.04,39.56,1300,39.12
2008-10-29,36.92,38.85,36.92,38.43,1200,38.00
2008-10-28,34.41,36.43,33.86,36.43,11400,36.02
2008-10-27,35.69,35.93,34.24,34.24,15900,33.86
2008-10-24,35.19,36.55,32.35,35.75,4300,35.35
2008-10-23,39.50,39.50,35.81,36.84,16600,36.43
2008-10-22,41.20,41.20,37.69,38.29,11400,37.86
2008-10-21,41.30,41.86,41.27,41.86,3100,41.39
2008-10-20,39.80,42.04,39.80,42.04,8400,41.57
2008-10-17,39.66,41.82,39.66,40.65,22100,40.19
2008-10-16,41.54,41.54,37.12,39.67,6500,39.23
2008-10-15,41.59,41.59,39.75,39.78,5100,39.33
2008-10-14,47.22,47.50,42.54,42.82,13600,42.34
2008-10-13,42.60,45.25,41.31,43.70,6400,43.21
2008-10-10,37.70,40.43,36.62,39.99,32900,39.54
2008-10-09,43.62,43.62,40.12,40.12,20900,39.67
2008-10-08,40.93,43.54,40.93,42.31,23100,41.84
2008-10-07,45.86,45.89,42.64,42.64,11000,42.16
2008-10-06,46.44,46.44,43.27,45.53,50900,45.02
2008-10-03,49.14,49.84,47.53,47.53,14300,47.00
2008-10-02,51.87,51.87,48.66,48.66,5500,48.12
2008-10-01,53.52,53.52,51.42,51.74,5500,51.16
2008-09-30,49.33,52.67,49.33,52.66,9000,52.07
2008-09-29,52.60,53.72,50.00,50.40,8600,49.84
2008-09-26,53.36,55.05,53.36,54.87,4700,54.26
2008-09-25,55.02,55.64,54.66,55.30,11300,54.68
2008-09-24,56.64,56.64,54.64,54.64,2800,54.03
2008-09-23,56.22,56.37,55.06,55.06,3300,54.44
2008-09-22,57.80,57.80,56.05,56.05,8100,55.42
2008-09-19,59.37,59.37,58.13,59.37,19200,58.71
2008-09-18,54.01,56.02,52.96,55.96,19700,55.26
2008-09-17,55.89,55.89,54.51,54.92,6800,54.23
2008-09-16,55.00,56.58,53.85,56.58,11100,55.87
2008-09-15,55.13,57.22,55.13,55.84,4800,55.14
2008-09-12,58.36,58.37,58.18,58.37,3000,57.64
2008-09-11,56.58,57.90,56.58,57.76,5600,57.04
2008-09-10,57.26,57.91,57.26,57.88,2200,57.16
2008-09-09,59.15,59.15,56.83,56.83,9400,56.12
2008-09-08,60.92,60.92,59.25,59.27,7500,58.53
2008-09-05,58.37,59.07,57.55,59.07,2500,58.33
2008-09-04,59.69,59.69,58.72,59.02,900,58.28
2008-09-03,60.75,60.75,60.21,60.40,800,59.64
2008-09-02,61.55,61.55,61.18,61.18,500,60.42
2008-08-29,62.20,62.20,61.53,62.00,700,61.22
2008-08-28,61.93,61.93,61.93,61.93,200,61.16
2008-08-27,61.26,61.26,61.26,61.26,100,60.49
2008-08-26,62.05,62.05,60.59,60.73,1900,59.97
2008-08-25,60.75,60.75,60.75,60.75,100,59.99
2008-08-22,60.09,61.71,60.09,61.36,1100,60.59
2008-08-21,60.80,60.94,60.80,60.94,400,60.18
2008-08-20,59.69,61.06,59.66,60.92,3000,60.16
2008-08-19,61.16,61.16,60.77,60.89,1100,60.13
2008-08-18,61.23,62.35,61.23,61.37,7800,60.60
2008-08-15,62.29,62.35,62.28,62.34,1500,61.56
2008-08-14,62.21,62.26,62.21,62.24,2500,61.46
2008-08-13,61.58,61.65,61.17,61.65,5300,60.88
2008-08-12,61.91,62.05,61.59,61.60,5700,60.83
2008-08-11,63.00,63.00,61.81,61.91,2800,61.14
2008-08-08,60.61,61.72,60.61,61.56,1300,60.79
2008-08-07,61.09,61.10,60.47,60.47,21600,59.71
2008-08-06,60.85,60.94,60.80,60.94,1000,60.18
2008-08-05,60.00,60.37,60.00,60.37,2300,59.62
2008-08-04,59.83,59.83,59.63,59.63,300,58.88
2008-08-01,61.22,61.22,60.60,60.88,4000,60.12
2008-07-31,60.45,61.53,60.45,61.21,1600,60.44
2008-07-30,61.08,61.08,61.08,61.08,200,60.32
2008-07-29,60.39,60.39,60.39,60.39,100,59.63
2008-07-28,59.80,59.80,59.80,59.80,500,59.05
2008-07-25,60.36,60.50,60.31,60.40,3000,59.64
2008-07-24,62.58,62.58,60.42,60.42,500,59.66
2008-07-23,61.85,61.85,61.83,61.83,300,61.06
2008-07-22,61.00,61.00,61.00,61.00,300,60.24
2008-07-21,60.64,60.85,60.64,60.85,1100,60.09
2008-07-18,60.69,60.87,60.34,60.45,2200,59.69
2008-07-17,59.95,59.95,59.95,59.95,000,59.20
2008-07-16,58.79,59.95,58.79,59.95,2000,59.20
2008-07-15,58.67,59.34,58.27,58.76,1400,58.03
2008-07-14,59.47,59.68,59.10,59.13,3200,58.39
2008-07-11,59.41,60.05,59.27,59.59,5200,58.84
2008-07-10,59.47,59.99,59.47,59.99,400,59.24
2008-07-09,60.80,60.80,59.73,59.73,300,58.98
2008-07-08,59.37,60.52,58.52,60.52,3500,59.76
2008-07-07,60.60,60.61,58.80,59.59,5600,58.84
2008-07-03,59.11,60.65,59.11,60.17,3300,59.42
2008-07-02,62.45,62.45,60.81,60.81,6800,60.05
2008-07-01,62.01,62.58,61.68,62.58,7800,61.80
2008-06-30,63.02,63.33,62.84,62.84,6700,62.05
2008-06-27,62.43,62.90,62.43,62.68,2400,61.90
2008-06-26,63.68,63.68,62.89,62.91,1300,62.12
2008-06-25,64.61,64.63,64.61,64.63,1200,63.82
2008-06-24,64.65,64.65,63.84,63.84,3300,63.04
2008-06-23,65.03,65.03,64.78,64.90,1600,64.09
2008-06-20,65.68,65.68,64.81,64.81,600,64.00
2008-06-19,65.90,66.32,65.74,66.32,1900,65.39
2008-06-18,66.10,66.12,66.00,66.08,3200,65.15
2008-06-17,66.91,66.93,66.67,66.67,1800,65.73
2008-06-16,66.44,66.44,66.35,66.35,6800,65.42
2008-06-13,65.24,65.85,65.24,65.85,600,64.92
2008-06-12,65.05,65.34,64.77,64.77,1000,63.86
2008-06-11,65.04,65.04,65.04,65.04,200,64.12
2008-06-10,65.69,66.01,65.55,65.72,10800,64.79
2008-06-09,66.39,66.39,66.39,66.39,300,65.46
2008-06-06,67.04,67.31,66.76,66.76,2200,65.82
2008-06-05,67.36,67.70,67.36,67.70,700,66.75
2008-06-04,66.30,66.53,66.25,66.53,2000,65.59
2008-06-03,66.62,66.89,65.93,66.45,5100,65.51
2008-06-02,66.39,66.42,66.00,66.42,5000,65.48
2008-05-30,66.60,66.66,66.60,66.61,3600,65.67
2008-05-29,66.46,66.56,66.21,66.21,3000,65.28
2008-05-28,65.50,65.95,65.25,65.82,2100,64.89
2008-05-27,65.00,65.10,64.62,65.10,1600,64.18
2008-05-23,64.08,64.96,64.08,64.54,9100,63.63
2008-05-22,65.58,65.58,65.05,65.05,18800,64.13
2008-05-21,66.46,66.46,65.00,65.08,2300,64.16
2008-05-20,66.19,66.25,66.15,66.15,600,65.22
2008-05-19,67.14,67.54,66.46,66.60,2700,65.66
2008-05-16,67.28,67.28,66.34,66.89,4100,65.95
2008-05-15,66.13,66.91,66.10,66.80,2700,65.86
2008-05-14,66.07,66.69,65.89,65.89,6800,64.96
2008-05-13,65.37,65.65,65.20,65.64,1900,64.72
2008-05-12,64.90,65.25,64.90,65.21,1100,64.29
2008-05-09,64.36,64.53,64.25,64.42,5800,63.51
2008-05-08,64.39,64.68,64.38,64.58,2100,63.67
2008-05-07,65.34,65.45,64.18,64.18,4300,63.28
2008-05-06,65.08,65.21,64.23,65.21,3500,64.29
2008-05-05,64.47,64.81,64.40,64.55,5000,63.64
2008-05-02,64.90,64.90,64.37,64.56,3000,63.65
2008-05-01,63.50,64.21,63.50,64.21,1300,63.31
2008-04-30,63.94,64.08,63.35,63.35,10000,62.46
2008-04-29,63.42,63.73,63.40,63.73,500,62.83
2008-04-28,63.69,64.07,63.69,64.07,1400,63.17
2008-04-25,63.13,63.96,63.13,63.96,1500,63.06
2008-04-24,63.77,63.77,61.90,62.92,900,62.03
2008-04-23,62.52,62.52,61.93,62.24,800,61.36
2008-04-22,62.67,62.67,61.75,61.85,2300,60.98
2008-04-21,63.02,63.06,62.71,63.06,2600,62.17
2008-04-18,63.13,63.13,63.02,63.02,600,62.13
2008-04-17,61.67,61.85,61.47,61.85,3900,60.98
2008-04-16,61.06,61.91,61.06,61.90,2500,61.03
2008-04-15,60.08,60.25,60.08,60.23,1100,59.38
2008-04-14,60.61,60.78,60.53,60.53,1100,59.68
2008-04-11,61.13,61.23,60.55,60.55,2300,59.70
2008-04-10,61.43,61.97,61.40,61.69,5600,60.82
2008-04-09,62.30,62.30,61.04,61.04,1600,60.18
2008-04-08,62.10,62.11,61.82,62.06,1300,61.19
2008-04-07,62.80,63.00,62.17,62.26,2800,61.38
2008-04-04,62.30,62.67,62.30,62.39,1700,61.51
2008-04-03,61.36,62.11,61.25,61.91,6700,61.04
2008-04-02,61.58,61.93,61.47,61.72,3000,60.85
2008-04-01,60.18,61.36,60.03,61.04,1400,60.18
2008-03-31,58.98,59.16,58.85,59.14,700,58.31
2008-03-28,59.61,59.61,58.96,58.96,1300,58.13
2008-03-27,60.28,60.28,59.50,59.50,1200,58.66
2008-03-26,60.61,60.61,59.95,60.37,9400,59.52
2008-03-25,60.63,60.88,60.63,60.77,3300,59.91
2008-03-24,60.30,60.68,59.30,60.31,3700,59.46
2008-03-20,57.16,58.55,57.16,58.49,22800,57.67
2008-03-19,59.41,59.41,57.77,57.77,1000,56.87
2008-03-18,58.25,58.95,57.80,58.64,3000,57.73
2008-03-17,56.90,57.39,56.35,56.35,1100,55.47
2008-03-14,59.12,59.12,58.04,58.48,3600,57.57
2008-03-13,58.01,59.61,57.88,59.52,11700,58.59
2008-03-12,58.35,59.72,58.35,59.02,3600,58.10
2008-03-11,58.96,59.23,57.86,59.23,95900,58.31
2008-03-10,58.78,58.78,57.41,57.41,21300,56.52
2008-03-07,59.44,59.67,56.90,56.90,28100,56.01
2008-03-06,60.98,60.98,59.72,59.72,7800,58.79
2008-03-05,60.75,61.54,60.75,61.20,5800,60.25
2008-03-04,62.41,62.41,60.06,60.09,1500,59.15
2008-03-03,60.78,61.40,60.60,60.60,1200,59.66
2008-02-29,61.93,62.18,61.09,61.09,2400,60.14
2008-02-28,63.30,63.39,62.80,62.92,2300,61.94
2008-02-27,63.50,64.26,63.32,63.62,4000,62.63
2008-02-26,63.04,64.02,63.04,63.77,12800,62.78
2008-02-25,62.43,63.18,62.18,63.10,22700,62.12
2008-02-22,61.90,62.01,61.04,62.01,91200,61.04
2008-02-21,62.87,62.87,61.78,61.78,2100,60.82
2008-02-20,61.51,62.33,61.48,62.23,19900,61.26
2008-02-19,62.32,62.32,61.62,61.62,1700,60.66
2008-02-15,61.44,61.54,61.00,61.54,4400,60.58
2008-02-14,62.69,62.69,62.10,62.10,600,61.13
2008-02-13,62.08,62.59,62.08,62.51,1000,61.54
2008-02-12,62.21,62.36,61.52,61.52,7000,60.56
2008-02-11,60.93,61.69,60.79,61.57,6300,60.61
2008-02-08,60.69,61.27,60.64,61.00,13600,60.05
2008-02-07,60.19,61.15,60.18,60.73,1800,59.78
2008-02-06,60.95,61.60,60.80,60.80,5900,59.85
2008-02-05,62.05,62.05,61.08,61.22,1600,60.27
2008-02-04,63.01,63.25,62.96,62.98,11800,62.00
2008-02-01,62.39,63.51,62.39,63.50,9500,62.51
2008-01-31,60.27,62.04,60.11,62.04,8100,61.07
2008-01-30,61.25,62.58,60.50,61.36,7700,60.40
2008-01-29,61.16,61.34,61.01,61.34,3700,60.39
2008-01-28,59.59,60.36,59.24,60.36,3100,59.42
2008-01-25,60.79,60.91,59.67,59.67,6100,58.74
2008-01-24,59.93,60.26,59.60,60.22,19800,59.28
2008-01-23,56.65,58.60,56.08,56.94,4700,56.05
2008-01-22,56.44,58.56,56.44,58.56,6600,57.65
2008-01-18,59.32,59.32,58.39,58.72,1600,57.81
2008-01-17,60.66,60.66,58.80,58.80,6300,57.88
2008-01-16,60.88,61.12,59.76,60.36,10600,59.42
2008-01-15,61.44,61.44,60.69,60.69,8900,59.75
2008-01-14,61.79,62.21,61.59,62.21,7000,61.24
2008-01-11,61.70,61.95,61.27,61.36,5200,60.40
2008-01-10,61.99,61.99,61.72,61.82,300,60.86
2008-01-09,60.91,61.30,59.81,61.30,9300,60.35
2008-01-08,62.36,62.60,61.12,61.12,2900,60.17
2008-01-07,62.95,62.95,61.86,62.34,11700,61.37
2008-01-04,63.66,63.66,62.76,62.76,4100,61.78
2008-01-03,65.30,65.30,64.60,64.60,1700,63.59
2008-01-02,66.10,66.13,64.83,64.98,13300,63.97
2007-12-31,66.03,66.21,65.91,65.91,4500,64.88
2007-12-28,66.56,66.56,66.33,66.36,1400,65.33
2007-12-27,67.19,67.19,66.63,66.63,2400,65.59
2007-12-26,67.10,67.41,67.08,67.41,11700,66.36
2007-12-24,67.38,67.38,67.38,67.38,100,66.33
2007-12-21,66.68,66.68,66.13,66.61,2100,65.57
2007-12-20,66.22,66.65,65.96,66.63,64100,64.51
2007-12-19,65.87,66.32,65.87,66.14,900,64.04
2007-12-18,66.14,66.14,65.22,66.00,6700,63.90
2007-12-17,66.25,66.34,65.77,65.82,2100,63.73
2007-12-14,67.35,67.35,66.99,66.99,8300,64.86
2007-12-13,67.21,67.68,67.13,67.68,900,65.53
2007-12-12,69.01,69.01,67.44,67.75,4800,65.59
2007-12-11,69.79,69.85,67.70,67.70,12300,65.55
2007-12-10,69.32,69.82,69.32,69.71,7900,67.49
2007-12-07,69.02,69.33,69.02,69.13,9700,66.93
2007-12-06,67.97,69.02,67.97,69.02,10100,66.82
2007-12-05,68.10,68.10,67.48,67.78,3900,65.62
2007-12-04,66.98,67.20,66.98,67.06,900,64.93
2007-12-03,67.63,67.92,67.53,67.53,8700,65.38
2007-11-30,68.16,68.16,67.55,67.64,3400,65.49
2007-11-29,66.26,67.04,66.26,67.04,2100,64.91
2007-11-28,65.14,67.39,65.14,67.39,31100,65.25
2007-11-27,65.06,65.16,65.06,65.16,300,63.09
2007-11-26,65.85,65.85,65.01,65.01,900,62.94
2007-11-23,64.56,64.56,64.56,64.56,000,62.51
2007-11-21,65.16,65.16,64.30,64.56,4000,62.51
2007-11-20,65.78,66.28,64.62,64.62,57300,62.56
2007-11-19,65.71,65.92,65.52,65.92,11000,63.82
2007-11-16,68.10,68.10,66.59,66.69,9800,64.57
2007-11-15,67.66,67.66,66.99,66.99,3000,64.86
2007-11-14,68.98,68.98,68.54,68.54,1200,66.36
2007-11-13,67.10,67.44,67.10,67.44,900,65.29
2007-11-12,68.70,68.70,66.57,66.57,3000,64.45
2007-11-09,68.87,68.87,67.74,68.10,2500,65.93
2007-11-08,68.88,68.88,67.84,68.69,400,66.50
2007-11-07,70.11,70.15,69.18,69.18,11100,66.98
2007-11-06,69.67,70.66,69.67,70.66,21000,68.41
2007-11-05,70.52,70.52,69.71,69.95,5200,67.72
2007-11-02,70.53,70.56,70.13,70.21,1800,67.98
2007-11-01,70.85,71.33,70.64,70.66,36300,68.41
2007-10-31,71.19,72.20,71.19,71.85,10300,69.56
2007-10-30,71.22,71.28,70.88,70.88,3800,68.62
2007-10-29,71.48,71.48,71.08,71.41,3500,69.14
2007-10-26,70.76,70.95,70.55,70.93,2300,68.67
2007-10-25,70.43,70.47,69.65,70.08,17000,67.85
2007-10-24,70.55,70.55,69.49,70.39,16300,68.15
2007-10-23,70.07,70.84,70.07,70.80,10100,68.55
2007-10-22,69.53,70.12,69.53,70.10,4800,67.87
2007-10-19,71.00,71.00,69.94,69.98,4700,67.75
2007-10-18,71.24,71.54,71.15,71.51,700,69.23
2007-10-17,71.85,71.85,71.45,71.45,2700,69.18
2007-10-16,71.52,71.53,71.33,71.33,900,69.06
2007-10-15,72.28,72.28,71.53,71.74,6500,69.46
2007-10-12,71.86,72.35,71.86,72.28,1200,69.98
2007-10-11,72.89,72.89,71.84,71.84,7400,69.55
2007-10-10,72.25,72.26,72.02,72.09,8300,69.80
2007-10-09,71.85,72.20,71.81,72.13,7000,69.83
2007-10-08,71.90,71.96,71.55,71.73,7800,69.45
2007-10-05,71.32,71.87,71.31,71.74,4900,69.46
2007-10-04,70.76,70.76,70.65,70.73,2400,68.48
2007-10-03,70.99,71.06,70.77,70.77,1500,68.52
2007-10-02,70.58,70.81,70.38,70.81,3400,68.56
2007-10-01,69.95,70.48,69.95,70.46,15000,68.22
2007-09-28,69.50,69.73,69.41,69.48,7400,67.27
2007-09-27,69.39,69.48,69.24,69.48,2300,67.27
2007-09-26,68.84,68.99,68.84,68.98,1000,66.79
2007-09-25,67.95,68.52,67.95,68.52,1400,66.34
2007-09-24,68.51,68.51,68.51,68.51,100,66.33
2007-09-21,69.06,69.27,69.00,69.05,2600,66.85
2007-09-20,69.00,69.13,68.86,68.86,4000,66.64
2007-09-19,69.50,69.64,68.87,68.87,21600,66.65
2007-09-18,67.12,68.67,67.12,68.63,1200,66.42
2007-09-17,67.49,67.49,66.94,66.94,2400,64.78
2007-09-14,67.12,67.59,67.12,67.59,1500,65.41
2007-09-13,67.30,67.62,67.28,67.29,1100,65.12
2007-09-12,66.88,67.36,66.88,67.36,1900,65.19
2007-09-11,66.50,66.82,66.50,66.82,700,64.66
2007-09-10,66.03,66.38,65.77,66.31,800,64.17
2007-09-07,66.60,66.65,66.53,66.58,1100,64.43
2007-09-06,67.56,67.64,67.46,67.59,1000,65.41
2007-09-05,67.30,67.32,67.06,67.32,16600,65.15
2007-09-04,67.01,67.77,67.01,67.69,6900,65.51
2007-08-31,66.40,66.71,66.31,66.68,3900,64.53
2007-08-30,65.84,66.99,65.71,66.99,7900,64.83
2007-08-29,65.18,65.99,64.90,65.97,2500,63.84
2007-08-28,65.52,65.52,65.08,65.08,2600,62.98
2007-08-27,66.02,66.31,66.02,66.31,900,64.17
2007-08-24,65.82,66.61,65.82,66.61,1400,64.46
2007-08-23,66.21,66.21,65.38,65.72,152200,63.60
2007-08-22,65.55,65.64,65.48,65.64,500,63.52
2007-08-21,64.57,64.84,64.57,64.74,900,62.65
2007-08-20,64.31,64.60,63.84,64.42,7000,62.34
2007-08-17,64.73,64.73,63.34,64.03,12200,61.96
2007-08-16,62.93,62.93,61.25,62.70,7600,60.68
2007-08-15,65.00,65.00,63.41,63.41,9800,61.36
2007-08-14,66.31,66.31,65.00,65.13,5000,63.03
2007-08-13,66.75,66.75,66.07,66.07,2800,63.94
2007-08-10,64.90,66.16,64.90,66.10,3100,63.97
2007-08-09,66.65,67.11,65.89,66.05,7800,63.92
2007-08-08,67.74,67.91,66.89,67.69,27600,65.51
2007-08-07,66.52,66.60,66.45,66.60,700,64.45
2007-08-06,65.86,66.01,64.91,66.00,24300,63.87
2007-08-03,67.30,67.30,65.83,65.83,3100,63.71
2007-08-02,67.04,67.40,66.96,67.29,18200,65.12
2007-08-01,66.92,66.92,66.00,66.09,13500,63.96
2007-07-31,67.89,68.10,66.58,66.59,9100,64.44
2007-07-30,66.71,67.39,66.71,67.29,6600,65.12
2007-07-27,67.39,67.73,66.71,66.71,11000,64.56
2007-07-26,68.26,68.38,66.86,67.56,39300,65.38
2007-07-25,69.01,69.14,69.01,69.14,400,66.91
2007-07-24,70.31,70.38,69.30,69.30,22400,67.06
2007-07-23,70.82,70.82,70.62,70.62,900,68.34
2007-07-20,70.79,70.83,70.41,70.60,2000,68.32
2007-07-19,71.27,71.27,71.14,71.20,2100,68.90
2007-07-18,70.74,70.92,70.58,70.92,500,68.63
2007-07-17,71.22,71.29,71.01,71.01,41200,68.72
2007-07-16,71.16,71.26,70.98,70.98,13100,68.69
2007-07-13,71.15,71.27,71.11,71.27,6100,68.97
2007-07-12,70.85,71.15,70.73,71.15,1600,68.86
2007-07-11,70.11,70.27,69.92,70.27,1200,68.00
2007-07-10,70.27,70.48,69.90,69.90,8500,67.65
2007-07-09,70.73,70.75,70.42,70.72,151000,68.44
2007-07-06,70.18,70.66,70.18,70.61,1400,68.33
2007-07-05,69.93,70.12,69.93,70.12,400,67.86
2007-07-03,69.97,70.05,69.97,69.98,1800,67.72
2007-07-02,69.28,69.59,69.28,69.59,600,67.35
2007-06-29,69.26,69.50,68.62,68.62,3100,66.41
2007-06-28,69.12,69.31,69.02,69.02,2100,66.79
2007-06-27,67.90,68.90,67.90,68.89,1000,66.67
2007-06-26,68.76,68.76,68.27,68.27,1700,66.07
2007-06-25,68.81,69.05,68.44,68.50,3900,66.29
2007-06-22,69.45,69.45,68.97,69.10,2200,66.87
2007-06-21,69.24,69.48,69.24,69.48,2300,67.24
2007-06-20,69.78,69.78,69.36,69.36,600,67.12
2007-06-19,69.53,69.60,69.53,69.60,600,67.36
2007-06-18,69.60,69.62,69.57,69.62,1000,67.37
2007-06-15,69.84,69.84,69.61,69.61,1200,67.36
2007-06-14,69.29,69.29,69.18,69.26,700,66.99
2007-06-13,68.26,68.70,68.26,68.70,2000,66.45
2007-06-12,68.26,68.26,68.13,68.13,1000,65.90
2007-06-11,68.52,68.52,68.52,68.52,300,66.28
2007-06-08,67.91,68.47,67.91,68.47,700,66.23
2007-06-07,68.47,68.47,67.85,67.85,700,65.63
2007-06-06,69.28,69.33,69.09,69.16,32700,66.90
2007-06-05,70.02,70.02,69.80,69.92,2400,67.63
2007-06-04,69.94,70.01,69.93,70.00,1900,67.71
2007-06-01,70.00,70.00,69.85,69.85,1000,67.56
2007-05-31,69.43,69.59,69.43,69.47,5200,67.20
2007-05-30,68.38,68.38,68.38,68.38,000,66.14
2007-05-29,68.35,68.59,68.35,68.38,1600,66.14
2007-05-25,67.93,68.08,67.89,68.08,1600,65.85
2007-05-24,68.64,68.79,67.61,67.61,26100,65.40
2007-05-23,68.87,69.08,68.64,68.64,6800,66.39
2007-05-22,68.57,68.81,68.55,68.81,1200,66.56
2007-05-21,68.03,68.59,68.03,68.52,1200,66.28
2007-05-18,67.62,67.89,67.62,67.89,300,65.67
2007-05-17,67.24,67.62,67.24,67.45,1600,65.24
2007-05-16,67.13,67.27,66.92,67.27,1400,65.07
2007-05-15,67.12,67.12,67.00,67.00,700,64.81
2007-05-14,67.60,67.60,67.33,67.33,1600,65.13
2007-05-11,67.23,67.61,67.16,67.61,1300,65.40
2007-05-10,67.84,67.84,67.14,67.14,2400,64.94
2007-05-09,67.48,68.10,67.48,68.10,1600,65.87
2007-05-08,67.26,67.54,67.26,67.54,1100,65.33
2007-05-07,67.63,67.67,67.60,67.60,300,65.39
2007-05-04,67.38,67.53,67.38,67.52,3400,65.31
2007-05-03,67.10,67.26,67.10,67.26,500,65.06
2007-05-02,66.59,67.23,66.59,67.23,2700,65.03
2007-05-01,66.01,66.31,65.80,66.30,3700,64.13
2007-04-30,66.94,66.94,66.25,66.25,1500,64.08
2007-04-27,67.02,67.04,67.02,67.04,400,64.84
2007-04-26,67.15,67.15,67.07,67.07,800,64.87
2007-04-25,66.58,66.84,66.39,66.84,1900,64.65
2007-04-24,66.30,66.40,66.18,66.38,50000,64.21
2007-04-23,66.39,66.59,66.39,66.50,3400,64.32
2007-04-20,66.42,66.42,66.14,66.14,500,63.97
2007-04-19,65.88,65.88,65.88,65.88,100,63.72
2007-04-18,65.93,66.13,65.93,66.13,1400,63.96
2007-04-17,66.33,66.33,66.16,66.16,400,63.99
2007-04-16,66.10,66.21,65.99,66.21,900,64.04
2007-04-13,65.55,65.55,65.53,65.53,400,63.38
2007-04-12,64.80,65.50,64.80,65.50,53500,63.36
2007-04-11,65.37,65.37,64.87,64.96,1700,62.83
2007-04-10,65.31,65.31,65.25,65.25,300,63.11
2007-04-09,65.16,65.21,65.04,65.21,700,63.07
2007-04-05,64.81,65.06,64.81,65.02,1500,62.89
2007-04-04,64.52,64.66,64.52,64.66,1200,62.54
2007-04-03,64.47,64.51,64.41,64.49,15700,62.38
2007-04-02,63.77,63.89,63.77,63.89,600,61.80
2007-03-30,63.56,63.62,63.55,63.62,300,61.54
2007-03-29,63.74,63.74,63.49,63.49,400,61.41
2007-03-28,63.49,63.79,63.46,63.60,2600,61.52
2007-03-27,63.89,64.01,63.89,64.00,1300,61.90
2007-03-26,64.35,64.35,63.81,64.01,1900,61.91
2007-03-23,64.15,64.25,64.14,64.21,2300,62.11
2007-03-22,64.08,64.13,63.90,64.12,2000,62.02
2007-03-21,63.17,63.65,63.17,63.65,1800,61.57
2007-03-20,62.93,63.04,62.88,63.04,300,60.98
2007-03-19,62.41,62.67,62.29,62.61,1900,60.56
2007-03-16,61.98,62.24,61.85,61.91,48500,59.88
2007-03-15,62.20,62.49,62.20,62.49,1100,60.22
2007-03-14,62.10,62.10,61.58,61.93,1600,59.68
2007-03-13,62.79,62.79,61.87,61.90,8000,59.65
2007-03-12,62.95,63.02,62.92,63.02,1400,60.73
2007-03-09,62.95,62.95,62.67,62.71,1300,60.43
2007-03-08,62.75,62.82,62.59,62.60,1700,60.32
2007-03-07,62.14,62.52,62.14,62.16,2300,59.90
2007-03-06,62.00,62.16,61.71,62.16,2100,59.90
2007-03-05,61.58,61.87,61.19,61.19,3200,58.96
2007-03-02,62.82,62.95,62.18,62.18,4000,59.92
2007-03-01,62.00,63.32,61.95,63.12,3500,60.82
2007-02-28,63.10,63.47,62.61,63.37,11100,61.07
2007-02-27,64.31,64.31,62.78,63.19,8100,60.89
2007-02-26,65.72,65.72,65.14,65.22,4200,62.85
2007-02-23,65.48,65.51,65.43,65.51,800,63.13
2007-02-22,65.70,65.81,65.39,65.54,4100,63.16
2007-02-21,65.25,65.48,65.23,65.48,2700,63.10
2007-02-20,64.87,65.36,64.87,65.29,2100,62.92
2007-02-16,64.78,64.86,64.78,64.79,1200,62.43
2007-02-15,64.64,64.74,64.64,64.72,400,62.37
2007-02-14,64.21,64.51,64.21,64.46,1300,62.12
2007-02-13,63.88,63.98,63.88,63.98,2200,61.65
2007-02-12,63.65,63.65,63.65,63.65,100,61.34
2007-02-09,64.53,64.65,63.71,63.81,2400,61.49
2007-02-08,64.34,64.46,64.29,64.46,4800,62.12
2007-02-07,64.43,64.43,64.22,64.24,2300,61.90
2007-02-06,64.08,64.10,64.08,64.10,300,61.77
2007-02-05,64.10,64.12,64.10,64.12,1400,61.79
2007-02-02,64.01,64.06,64.01,64.04,700,61.71
2007-02-01,63.47,63.70,63.47,63.70,3200,61.38
2007-01-31,62.54,63.19,62.54,63.07,1600,60.78
2007-01-30,62.41,62.60,62.41,62.60,1500,60.32
2007-01-29,62.32,62.34,62.27,62.34,500,60.07
2007-01-26,61.96,62.11,61.96,62.02,900,59.76
2007-01-25,61.01,61.01,61.01,61.01,1000,58.79
2007-01-24,62.45,62.83,62.45,62.79,1100,60.51
2007-01-23,61.99,62.42,61.99,62.33,1200,60.06
2007-01-22,61.82,61.82,61.82,61.82,100,59.57
2007-01-19,61.96,61.96,61.96,61.96,000,59.71
2007-01-18,62.49,62.49,61.95,61.96,1200,59.71
2007-01-17,62.65,62.65,62.44,62.44,600,60.17
2007-01-16,62.50,62.50,62.39,62.40,4900,60.13
2007-01-12,62.15,62.39,62.15,62.37,400,60.10
2007-01-11,61.97,62.00,61.87,61.94,2900,59.69
2007-01-10,60.63,61.32,60.63,61.23,10800,59.00
2007-01-09,60.81,61.00,60.54,60.91,7700,58.69
2007-01-08,60.56,60.93,60.55,60.79,10200,58.58
2007-01-05,60.74,60.85,60.47,60.65,38800,58.44
2007-01-04,60.59,61.07,60.59,61.07,3100,58.85
2007-01-03,61.00,61.29,60.32,60.80,17700,58.59
2006-12-29,61.11,61.14,60.81,60.83,10700,58.62
2006-12-28,61.20,61.28,61.20,61.23,600,59.00
2006-12-27,61.13,61.29,61.13,61.29,1500,59.06
2006-12-26,60.80,60.81,60.77,60.79,1200,58.58
2006-12-22,60.68,60.82,60.68,60.81,3800,58.60
2006-12-21,61.30,61.30,60.86,60.87,1000,58.66
2006-12-20,61.34,61.34,61.24,61.30,3900,59.07
2006-12-19,61.14,61.14,61.14,61.14,000,58.92
2006-12-18,61.70,61.70,61.14,61.14,400,58.92
2006-12-15,61.75,61.75,61.45,61.45,3600,59.22
2006-12-14,63.00,63.36,63.00,63.36,3200,61.06
2006-12-13,62.57,62.57,62.57,62.57,000,60.29
2006-12-12,63.03,63.03,62.57,62.57,400,60.29
2006-12-11,63.07,63.20,62.98,63.14,2500,60.84
2006-12-08,63.06,63.25,62.90,63.15,2500,60.85
2006-12-07,63.26,63.26,63.08,63.08,200,60.79
2006-12-06,63.20,63.20,63.20,63.20,000,60.90
2006-12-05,63.14,63.29,63.09,63.20,1500,60.90
2006-12-04,62.55,62.61,62.55,62.60,600,60.32
2006-12-01,62.23,62.23,61.83,61.83,1700,59.58
2006-11-30,61.94,62.34,61.94,62.34,1000,60.07
2006-11-29,61.67,61.78,61.67,61.75,2100,59.50
2006-11-28,61.04,61.04,60.96,60.96,300,58.74
2006-11-27,62.13,62.13,61.05,61.05,2600,58.83
2006-11-24,62.41,62.41,62.41,62.41,100,60.14
2006-11-22,62.03,62.03,62.03,62.03,000,59.77
2006-11-21,61.95,62.03,61.95,62.03,1900,59.77
2006-11-20,61.71,61.71,61.71,61.71,2000,59.47
2006-11-17,61.24,61.54,61.24,61.54,700,59.30
2006-11-16,61.69,61.69,61.60,61.60,200,59.36
2006-11-15,61.40,61.76,61.40,61.66,2600,59.42
2006-11-14,60.51,61.14,60.51,61.14,2600,58.92
2006-11-13,60.36,60.36,60.36,60.36,200,58.16
2006-11-10,60.14,60.27,60.12,60.27,600,58.08
2006-11-09,60.41,60.42,60.41,60.42,500,58.22
2006-11-08,59.81,60.41,59.81,60.41,600,58.21
2006-11-07,59.89,60.24,59.89,60.24,600,58.05
2006-11-06,59.64,59.84,59.64,59.84,4200,57.66
2006-11-03,59.20,59.20,59.20,59.20,300,57.05
2006-11-02,58.67,58.88,58.67,58.88,400,56.74
2006-11-01,59.70,59.70,58.77,58.77,1300,56.63
2006-10-31,59.59,59.59,59.34,59.54,1200,57.37
2006-10-30,59.53,59.53,59.52,59.52,200,57.36
2006-10-27,59.77,59.77,59.77,59.77,300,57.60
2006-10-26,60.09,60.09,60.09,60.09,200,57.90
2006-10-25,59.74,59.83,59.66,59.83,1500,57.65
2006-10-24,59.42,59.57,59.31,59.57,2300,57.40
2006-10-23,59.43,59.44,59.43,59.44,200,57.28
2006-10-20,59.30,59.30,59.23,59.23,2100,57.08
2006-10-19,59.39,59.51,59.39,59.51,2300,57.35
2006-10-18,59.52,59.52,59.52,59.52,200,57.36
2006-10-17,59.58,59.58,59.12,59.12,800,56.97
2006-10-16,59.91,59.91,59.91,59.91,500,57.73
2006-10-13,59.48,59.61,59.48,59.61,300,57.44
2006-10-12,59.10,59.10,59.10,59.10,100,56.95
2006-10-11,58.50,58.51,58.50,58.51,1000,56.38
2006-10-10,58.50,58.50,58.50,58.50,100,56.37
2006-10-09,58.30,58.58,58.30,58.58,1200,56.45
2006-10-06,58.21,58.33,58.19,58.33,700,56.21
2006-10-05,58.27,58.68,58.27,58.68,700,56.55
2006-10-04,57.37,57.86,57.37,57.86,400,55.76
2006-10-03,57.15,57.15,56.88,57.07,4100,54.99
2006-10-02,57.43,57.76,57.43,57.76,1000,55.66
2006-09-29,57.79,57.90,57.70,57.70,2600,55.60
2006-09-28,57.82,57.84,57.71,57.71,300,55.61
2006-09-27,57.81,57.81,57.81,57.81,600,55.71
2006-09-26,57.22,57.62,57.22,57.53,1500,55.44
2006-09-25,56.78,56.78,56.43,56.43,1200,54.38
2006-09-22,56.77,56.77,56.77,56.77,200,54.71
2006-09-21,57.70,57.70,57.26,57.26,300,55.18
2006-09-20,57.70,57.70,57.61,57.61,200,55.51
2006-09-19,56.87,57.20,56.87,57.20,1500,55.12
2006-09-18,57.63,57.63,57.34,57.34,600,55.25
2006-09-15,57.34,57.41,57.34,57.41,400,55.32
2006-09-14,57.23,57.23,57.23,57.23,300,55.12
2006-09-13,57.17,57.53,57.17,57.53,600,55.41
2006-09-12,56.42,57.06,56.42,57.06,2900,54.96
2006-09-11,56.00,56.00,56.00,56.00,100,53.94
2006-09-08,56.37,56.37,56.29,56.35,900,54.27
2006-09-07,56.13,56.24,56.05,56.19,2300,54.12
2006-09-06,56.75,56.75,56.36,56.36,1900,54.28
2006-09-05,57.25,57.34,57.19,57.34,1800,55.23
2006-09-01,56.55,56.55,56.55,56.55,000,54.46
2006-08-31,56.55,56.55,56.55,56.55,000,54.46
2006-08-30,56.38,56.55,56.38,56.55,1600,54.46
2006-08-29,56.04,56.37,56.01,56.28,3500,54.20
2006-08-28,55.68,55.68,55.68,55.68,000,53.63
2006-08-25,55.68,55.68,55.68,55.68,100,53.63
2006-08-24,55.89,55.89,55.36,55.53,1100,53.48
2006-08-23,55.63,55.68,55.59,55.64,3600,53.59
2006-08-22,56.11,56.11,56.02,56.10,4800,54.03
2006-08-21,56.05,56.05,56.05,56.05,200,53.98
2006-08-18,56.38,56.38,56.17,56.17,200,54.10
2006-08-17,56.34,56.63,56.18,56.25,5800,54.18
2006-08-16,55.95,56.27,55.95,56.27,1000,54.20
2006-08-15,54.45,54.45,54.45,54.45,000,52.44
2006-08-14,54.45,54.45,54.45,54.45,100,52.44
2006-08-11,54.25,54.25,54.25,54.25,200,52.25
2006-08-10,54.15,54.60,54.15,54.60,2000,52.59
2006-08-09,54.91,54.91,54.59,54.59,1300,52.58
2006-08-08,55.01,55.01,55.01,55.01,200,52.98
2006-08-07,55.29,55.29,55.27,55.27,1300,53.23
2006-08-04,56.53,56.53,56.27,56.27,1700,54.20
2006-08-03,55.39,56.07,55.39,56.07,200,54.00
2006-08-02,55.57,55.84,55.57,55.84,200,53.78
2006-08-01,55.22,55.22,54.86,54.99,1100,52.96
2006-07-31,55.35,55.35,55.34,55.34,1000,53.30
2006-07-28,55.24,55.25,55.24,55.25,400,53.21
2006-07-27,55.31,55.35,54.62,54.62,400,52.61
2006-07-26,55.60,55.60,55.60,55.60,200,53.55
2006-07-25,55.08,55.08,55.06,55.06,1400,53.03
2006-07-24,54.15,54.28,54.15,54.28,700,52.28
2006-07-21,54.23,54.23,54.23,54.23,400,52.23
2006-07-20,55.06,55.06,55.06,55.06,100,53.03
2006-07-19,54.22,54.22,54.22,54.22,000,52.22
2006-07-18,54.20,54.22,54.00,54.22,400,52.22
2006-07-17,54.71,54.71,54.71,54.71,100,52.69
2006-07-14,54.97,54.97,54.75,54.80,700,52.78
2006-07-13,56.70,56.70,56.70,56.70,000,54.61
2006-07-12,56.70,56.70,56.70,56.70,100,54.61
2006-07-11,56.70,56.70,56.70,56.70,000,54.61
2006-07-10,56.70,56.70,56.70,56.70,100,54.61
2006-07-07,57.58,57.58,57.58,57.58,100,55.46
2006-07-06,57.83,57.83,57.83,57.83,000,55.70
2006-07-05,57.55,57.83,57.34,57.83,600,55.70
2006-07-03,58.16,58.18,58.16,58.18,500,56.03
2006-06-30,57.85,57.95,57.83,57.87,600,55.74
2006-06-29,56.54,57.51,56.54,57.51,1600,55.39
2006-06-28,55.96,55.96,55.96,55.96,100,53.90
2006-06-27,55.68,55.68,55.68,55.68,000,53.63
2006-06-26,55.68,55.68,55.68,55.68,000,53.63
2006-06-23,55.68,55.68,55.68,55.68,000,53.63
2006-06-22,55.91,55.91,55.65,55.68,700,53.63
2006-06-21,56.27,56.27,56.02,56.02,800,53.95
2006-06-20,55.14,55.14,54.92,54.92,200,52.90
2006-06-19,56.01,56.01,56.01,56.01,000,53.94
2006-06-16,56.30,56.30,56.01,56.01,1700,53.94
2006-06-15,55.71,56.29,55.71,56.28,500,54.17
2006-06-14,54.25,54.25,54.25,54.25,100,52.22
2006-06-13,54.55,54.71,54.07,54.07,700,52.05
2006-06-12,55.73,55.73,55.00,55.04,2700,52.98
2006-06-09,56.93,56.93,56.43,56.43,400,54.32
2006-06-08,55.87,56.49,55.54,56.49,900,54.38
2006-06-07,57.21,57.50,56.87,56.87,1100,54.74
2006-06-06,57.85,57.85,57.85,57.85,000,55.69
2006-06-05,59.03,59.03,57.85,57.85,2200,55.69
2006-06-02,58.17,58.17,58.17,58.17,000,55.99
2006-06-01,58.17,58.17,58.17,58.17,000,55.99
2006-05-31,58.00,58.17,58.00,58.17,600,55.99
2006-05-30,58.21,58.21,57.55,57.56,700,55.41
2006-05-26,58.31,58.40,58.15,58.40,1000,56.21
2006-05-25,57.54,57.95,57.49,57.95,4000,55.78
2006-05-24,57.45,57.61,56.59,57.18,3500,55.04
2006-05-23,57.80,57.80,57.80,57.80,000,55.64
2006-05-22,57.43,57.80,57.22,57.80,4100,55.64
2006-05-19,58.60,58.75,58.45,58.48,4200,56.29
2006-05-18,59.00,59.00,59.00,59.00,000,56.79
2006-05-17,59.22,59.22,59.00,59.00,200,56.79
2006-05-16,60.27,60.27,59.97,59.97,600,57.73
2006-05-15,60.89,60.89,60.89,60.89,000,58.61
2006-05-12,61.61,61.61,60.89,60.89,800,58.61
2006-05-11,62.61,62.61,61.84,61.84,1300,59.53
2006-05-10,62.80,62.83,62.64,62.73,1000,60.38
2006-05-09,62.85,62.85,62.82,62.82,300,60.47
2006-05-08,62.65,62.65,62.65,62.65,000,60.31
2006-05-05,62.54,62.65,62.54,62.65,1300,60.31
2006-05-04,61.95,61.97,61.77,61.97,900,59.65
2006-05-03,62.02,62.02,61.73,61.73,2800,59.42
2006-05-02,61.71,61.89,61.71,61.89,600,59.57
2006-05-01,61.94,62.07,61.68,61.68,1000,59.37
2006-04-28,61.73,61.73,61.73,61.73,100,59.42
2006-04-27,61.89,61.95,61.60,61.60,1600,59.30
2006-04-26,62.16,62.29,61.89,61.89,140500,59.57
2006-04-25,62.40,62.40,61.94,61.96,400,59.64
2006-04-24,62.00,62.27,62.00,62.27,200,59.94
2006-04-21,62.60,62.66,62.13,62.41,1100,60.07
2006-04-20,62.53,62.53,62.53,62.53,000,60.19
2006-04-19,62.09,62.53,62.09,62.53,1400,60.19
2006-04-18,60.69,60.69,60.69,60.69,000,58.42
2006-04-17,60.87,60.99,60.45,60.69,4000,58.42
2006-04-13,60.30,60.92,60.30,60.77,1700,58.50
2006-04-12,60.49,60.57,60.48,60.55,3500,58.28
2006-04-11,61.21,61.21,60.43,60.43,6300,58.17
2006-04-10,61.28,61.28,61.28,61.28,000,58.99
2006-04-07,62.17,62.17,61.28,61.28,2800,58.99
2006-04-06,61.92,61.92,61.92,61.92,100,59.60
2006-04-05,61.58,61.93,61.57,61.91,400,59.59
2006-04-04,61.36,61.51,61.36,61.51,200,59.21
2006-04-03,61.81,61.81,61.81,61.81,100,59.50
2006-03-31,61.60,61.60,61.32,61.32,300,59.03
2006-03-30,61.75,61.75,61.38,61.38,200,59.08
2006-03-29,60.95,61.44,60.95,61.44,9000,59.14
2006-03-28,60.84,61.16,60.84,61.16,500,58.87
2006-03-27,60.74,60.74,60.69,60.69,200,58.42
2006-03-24,60.74,60.74,60.74,60.74,700,58.47
2006-03-23,59.96,59.96,59.96,59.96,000,57.72
2006-03-22,59.96,59.96,59.96,59.96,2000,57.72
2006-03-21,60.76,60.87,60.23,60.23,4700,57.98
2006-03-20,60.56,60.56,60.47,60.47,200,58.21
2006-03-17,60.37,60.37,60.37,60.37,200,58.11
2006-03-16,60.36,60.58,60.36,60.58,30800,58.27
2006-03-15,59.82,59.82,59.82,59.82,30000,57.54
2006-03-14,59.27,59.95,59.27,59.95,25800,57.67
2006-03-13,59.29,59.29,59.29,59.29,200,57.03
2006-03-10,58.57,58.57,58.57,58.57,000,56.34
2006-03-09,58.91,58.91,58.57,58.57,30100,56.34
2006-03-08,58.69,58.69,58.69,58.69,000,56.45
2006-03-07,59.02,59.02,58.69,58.69,30400,56.45
2006-03-06,59.63,59.63,59.63,59.63,800,57.36
2006-03-03,60.04,60.04,59.79,59.79,300,57.51
2006-03-02,58.89,58.89,58.89,58.89,000,56.65
2006-03-01,58.89,58.89,58.89,58.89,000,56.65
2006-02-28,58.91,58.91,58.83,58.89,1100,56.65
2006-02-27,59.41,59.41,59.41,59.41,000,57.15
2006-02-24,59.32,59.41,59.32,59.41,600,57.15
2006-02-23,59.19,59.19,59.19,59.19,000,56.93
2006-02-22,59.22,59.22,59.14,59.19,600,56.93
2006-02-21,59.12,59.12,59.12,59.12,000,56.87
2006-02-17,59.12,59.12,59.12,59.12,2000,56.87
2006-02-16,58.56,58.56,58.56,58.56,000,56.33
2006-02-15,58.56,58.56,58.56,58.56,300,56.33
2006-02-14,58.03,58.25,58.03,58.25,1500,56.03
2006-02-13,58.28,58.28,58.28,58.28,000,56.06
2006-02-10,58.31,58.31,57.84,58.28,1500,56.06
2006-02-09,58.21,58.21,58.21,58.21,000,55.99
2006-02-08,58.21,58.21,58.21,58.21,000,55.99
2006-02-07,58.17,58.21,58.17,58.21,400,55.99
2006-02-06,58.86,58.86,58.86,58.86,000,56.62
2006-02-03,58.77,59.03,58.77,58.86,1500,56.62
2006-02-02,58.82,58.95,58.82,58.93,3400,56.68
2006-02-01,59.49,59.60,59.49,59.53,3100,57.26
2006-01-31,59.16,59.41,59.03,59.41,1100,57.15
2006-01-30,58.43,58.43,58.43,58.43,000,56.20
2006-01-27,58.43,58.43,58.43,58.43,000,56.20
2006-01-26,58.40,58.43,58.40,58.43,1500,56.20
2006-01-25,58.70,58.70,58.11,58.11,20200,55.90
2006-01-24,58.25,58.42,58.25,58.42,1400,56.19
2006-01-23,58.07,58.13,58.07,58.13,700,55.92
2006-01-20,58.31,58.31,58.31,58.31,300,56.09
2006-01-19,58.97,58.97,58.97,58.97,100,56.72
2006-01-18,58.43,58.43,58.43,58.43,000,56.20
2006-01-17,58.55,58.55,58.42,58.43,1100,56.20
2006-01-13,58.74,58.74,58.74,58.74,100,56.50
2006-01-12,59.15,59.15,59.15,59.15,100,56.90
2006-01-11,58.86,58.86,58.86,58.86,200,56.62
2006-01-10,58.45,58.80,58.45,58.78,2100,56.54
2006-01-09,58.40,58.59,58.40,58.59,200,56.36
2006-01-06,56.31,56.31,56.31,56.31,000,54.16
2006-01-05,56.31,56.31,56.31,56.31,000,54.16
2006-01-04,56.31,56.31,56.31,56.31,000,54.16
2006-01-03,56.38,56.38,56.31,56.31,1200,54.16
2005-12-30,56.22,56.31,56.22,56.31,1100,54.16
2005-12-29,56.14,56.14,56.14,56.14,000,54.00
2005-12-28,56.14,56.14,56.14,56.14,000,54.00
2005-12-27,56.14,56.14,56.14,56.14,000,54.00
2005-12-23,56.14,56.14,56.14,56.14,000,54.00
2005-12-22,56.14,56.14,56.14,56.14,000,54.00
2005-12-21,56.14,56.14,56.14,56.14,000,54.00
2005-12-20,56.14,56.14,56.14,56.14,000,54.00
2005-12-19,56.77,56.77,56.14,56.14,6400,54.00
2005-12-16,56.89,56.89,56.89,56.89,000,54.72
2005-12-15,56.89,56.89,56.89,56.89,000,54.69
2005-12-14,56.89,56.89,56.89,56.89,000,54.69
2005-12-13,56.89,56.89,56.89,56.89,800,54.69
2005-12-12,56.76,56.76,56.76,56.76,000,54.57
2005-12-09,56.75,56.76,56.75,56.76,600,54.57
2005-12-08,56.74,56.74,56.74,56.74,000,54.55
2005-12-07,56.74,56.74,56.74,56.74,000,54.55
2005-12-06,56.74,56.74,56.74,56.74,300,54.55
2005-12-05,56.70,56.70,56.41,56.41,6000,54.23
2005-12-02,56.62,56.62,56.62,56.62,000,54.43
2005-12-01,56.62,56.62,56.62,56.62,200,54.43
2005-11-30,55.78,55.78,55.78,55.78,000,53.63
2005-11-29,55.78,55.78,55.78,55.78,000,53.63
2005-11-28,56.05,56.05,55.70,55.78,1500,53.63
2005-11-25,56.07,56.07,56.07,56.07,000,53.91
2005-11-23,56.07,56.07,56.07,56.07,000,53.91
2005-11-22,56.07,56.07,56.07,56.07,500,53.91
2005-11-21,55.70,55.70,55.70,55.70,500,53.55
2005-11-18,55.36,55.36,55.36,55.36,500,53.22
2005-11-17,55.10,55.10,55.07,55.07,1000,52.94
2005-11-16,54.34,54.43,54.26,54.39,1200,52.29
2005-11-15,54.58,54.71,54.41,54.71,16000,52.60