2011-05-10,75.28,75.67,74.68,75.58,51800,75.58
2011-05-09,74.29,74.87,73.90,74.76,37000,74.76
2011-05-06,74.36,75.06,73.45,73.90,34200,73.90
2011-05-05,73.85,74.70,72.96,73.20,110700,73.20
2011-05-04,75.87,75.89,74.44,74.82,65000,74.82
2011-05-03,76.95,77.16,75.76,76.35,44000,76.35
2011-05-02,78.33,78.50,77.29,77.52,28500,77.52
2011-04-29,77.69,78.25,77.46,78.16,70000,78.16
2011-04-28,77.58,77.84,77.13,77.67,81600,77.67
2011-04-27,77.24,77.70,76.37,77.64,73300,77.64
2011-04-26,77.08,77.40,76.71,77.36,53200,77.36
2011-04-25,77.54,77.54,76.59,76.92,30600,76.92
2011-04-21,77.65,77.68,77.07,77.43,65700,77.43
2011-04-20,76.56,76.66,76.20,76.32,61700,76.32
2011-04-19,74.08,74.69,73.86,74.68,72600,74.68
2011-04-18,73.63,73.86,72.71,73.57,82100,73.57
2011-04-15,74.89,75.29,74.69,75.17,38100,75.17
2011-04-14,74.67,75.33,74.28,75.14,42000,75.14
2011-04-13,75.79,75.79,74.41,74.85,213700,74.85
2011-04-12,75.13,75.56,74.57,74.79,90700,74.79
2011-04-11,77.10,77.40,76.00,76.42,84500,76.42
2011-04-08,77.02,77.33,76.36,76.90,138400,76.90
2011-04-07,76.29,76.61,75.59,75.91,46900,75.91
2011-04-06,76.77,76.81,76.10,76.38,63300,76.38
2011-04-05,75.59,76.43,75.47,76.13,98100,76.13
2011-04-04,75.31,75.97,75.29,75.81,145800,75.81
2011-04-01,74.62,75.39,74.36,75.12,97000,75.12
2011-03-31,74.31,74.80,74.31,74.60,61400,74.60
2011-03-30,74.34,74.36,73.68,74.26,106900,74.26
2011-03-29,72.62,73.23,72.14,73.18,48600,73.18
2011-03-28,72.75,73.01,72.25,72.31,84000,72.31
2011-03-25,73.02,73.32,72.40,72.65,87400,72.65
2011-03-24,72.82,73.12,72.30,72.92,51100,72.92
2011-03-23,71.49,72.35,70.90,72.14,107200,72.14
2011-03-22,71.55,71.71,70.90,71.31,57700,71.31
2011-03-21,71.35,71.77,71.20,71.55,103300,71.55
2011-03-18,70.69,70.91,70.06,70.27,88200,70.27
2011-03-17,69.21,69.58,68.78,69.11,95900,69.11
2011-03-16,68.86,69.22,66.52,67.10,211400,67.10
2011-03-15,66.55,69.23,66.25,68.82,170500,68.82
2011-03-14,70.23,70.32,69.46,70.15,87800,70.15
2011-03-11,69.57,70.97,69.50,70.68,83200,70.68
2011-03-10,70.84,70.91,70.00,70.13,209300,70.13
2011-03-09,73.21,73.21,72.39,72.52,122400,72.52
2011-03-08,73.16,73.54,72.40,73.26,65100,73.26
2011-03-07,74.72,75.00,73.14,73.51,43200,73.51
2011-03-04,75.10,75.11,74.11,74.46,52700,74.46
2011-03-03,74.87,75.13,74.50,74.98,69300,74.98
2011-03-02,73.40,74.32,73.40,73.99,44400,73.99
2011-03-01,74.54,74.95,73.48,73.49,84700,73.49
2011-02-28,74.20,74.60,73.86,74.26,95700,74.26
2011-02-25,73.10,73.47,73.06,73.32,116500,73.32
2011-02-24,72.36,72.90,71.52,72.19,51500,72.19
2011-02-23,72.68,72.96,71.64,72.57,170500,72.57
2011-02-22,73.86,74.23,72.50,72.69,80100,72.69
2011-02-18,75.06,75.23,74.60,74.78,52600,74.78
2011-02-17,74.85,75.33,74.47,75.32,52200,75.32
2011-02-16,74.72,75.10,74.45,75.05,63200,75.05
2011-02-15,75.02,75.17,74.46,74.59,63400,74.59
2011-02-14,74.78,75.34,74.77,75.34,94600,75.34
2011-02-11,74.01,74.71,73.69,74.58,67900,74.58
2011-02-10,73.56,74.39,73.40,74.30,67400,74.30
2011-02-09,74.84,75.09,74.12,74.47,147700,74.47
2011-02-08,74.99,75.29,74.52,75.27,58600,75.27
2011-02-07,74.77,75.04,74.53,74.67,100400,74.67
2011-02-04,74.54,74.55,73.89,74.35,48000,74.35
2011-02-03,73.91,74.38,73.21,74.30,79700,74.30
2011-02-02,73.87,74.24,73.67,73.95,184400,73.95
2011-02-01,72.59,73.74,72.39,73.67,46600,73.67
2011-01-31,70.85,71.56,70.85,71.50,188200,71.50
2011-01-28,71.73,72.15,70.49,70.63,80700,70.63
2011-01-27,73.03,73.03,72.00,72.43,57200,72.43
2011-01-26,71.92,72.83,71.88,72.73,63600,72.73
2011-01-25,71.24,71.36,70.69,71.36,64900,71.36
2011-01-24,70.57,71.85,70.57,71.70,82500,71.70
2011-01-21,71.11,71.58,70.64,70.71,42600,70.71
2011-01-20,71.36,71.36,69.96,70.70,73300,70.70
2011-01-19,73.36,73.45,72.00,72.23,40400,72.23
2011-01-18,73.24,73.38,72.81,73.30,62500,73.30
2011-01-14,72.67,72.84,72.35,72.83,68500,72.83
2011-01-13,73.65,73.65,72.77,72.93,60200,72.93
2011-01-12,73.01,73.57,72.78,73.45,103700,73.45
2011-01-11,71.92,72.13,71.67,72.13,88100,72.13
2011-01-10,71.13,71.35,70.40,71.24,239200,71.24
2011-01-07,71.86,72.13,70.81,71.26,93700,71.26
2011-01-06,72.60,72.60,71.61,71.85,54300,71.85
2011-01-05,72.10,72.64,71.66,72.47,128000,72.47
2011-01-04,74.00,74.00,72.18,73.13,61700,73.13
2011-01-03,73.90,74.18,73.50,73.72,53600,73.72
2010-12-31,72.80,73.42,72.77,73.25,41100,73.25
2010-12-30,73.06,73.21,72.65,73.03,53800,73.03
2010-12-29,72.37,73.14,72.37,73.01,65400,73.01
2010-12-28,72.25,72.25,71.86,72.12,64000,72.12
2010-12-27,72.26,72.26,71.55,71.82,93400,71.82
2010-12-23,71.84,72.21,71.78,72.18,96300,72.18
2010-12-22,72.18,72.25,71.91,72.21,104200,72.21
2010-12-21,71.74,72.11,71.68,72.05,94100,72.05
2010-12-20,71.29,71.49,70.68,70.99,93300,70.99
2010-12-17,71.56,71.59,71.00,71.59,49800,70.87
2010-12-16,71.08,71.62,70.63,71.62,75100,70.90
2010-12-15,71.63,72.01,71.16,71.16,44800,70.44
2010-12-14,72.02,72.73,71.67,72.04,110000,71.31
2010-12-13,71.96,72.42,71.68,71.91,54400,71.19
2010-12-10,70.88,71.22,70.59,71.08,57700,70.36
2010-12-09,71.01,71.01,70.26,70.65,48900,69.94
2010-12-08,71.24,71.49,70.37,70.72,52200,70.01
2010-12-07,72.79,72.85,71.28,71.35,96700,70.63
2010-12-06,71.06,71.45,70.86,71.35,86800,70.63
2010-12-03,70.13,71.15,70.01,71.02,47400,70.30
2010-12-02,69.08,70.25,69.07,70.14,67800,69.43
2010-12-01,68.05,68.78,67.91,68.61,37000,67.92
2010-11-30,66.14,67.16,65.74,66.75,29900,66.08
2010-11-29,66.54,67.16,65.86,66.97,44600,66.30
2010-11-26,67.18,67.68,67.18,67.30,51100,66.62
2010-11-24,67.61,68.30,67.61,68.23,54300,67.54
2010-11-23,67.56,67.56,66.79,67.16,36200,66.48
2010-11-22,68.58,69.04,67.88,68.90,55100,68.21
2010-11-19,68.53,69.01,68.01,69.01,122800,68.31
2010-11-18,68.42,69.13,68.42,68.84,50900,68.15
2010-11-17,66.87,67.51,66.65,66.97,74500,66.30
2010-11-16,67.97,68.26,66.38,66.87,235600,66.20
2010-11-15,69.49,70.00,68.95,68.95,103900,68.26
2010-11-12,70.16,70.31,68.82,69.41,87800,68.71
2010-11-11,70.43,70.91,70.17,70.88,288100,70.17
2010-11-10,70.54,70.80,69.30,70.79,139900,70.08
2010-11-09,72.23,72.36,69.98,70.33,87100,69.62
2010-11-08,70.98,71.40,70.62,71.34,142100,70.62
2010-11-05,71.01,71.74,70.81,71.33,206900,70.61
2010-11-04,70.22,71.07,70.15,71.05,8102000,70.33
2010-11-03,68.23,68.43,67.32,68.32,142700,67.63
2010-11-02,68.13,68.43,68.00,68.32,38200,67.63
2010-11-01,67.28,67.68,66.77,67.08,14600,66.40
2010-10-29,66.71,67.16,66.60,67.16,52300,66.48
2010-10-28,67.05,67.21,66.50,66.79,176300,66.12
2010-10-27,66.58,66.58,65.70,66.42,40800,65.75
2010-10-26,66.93,67.55,66.58,67.46,83500,66.78
2010-10-25,67.81,68.22,67.53,67.58,55700,66.90
2010-10-22,66.96,67.09,66.45,66.74,39500,66.07
2010-10-21,67.37,67.62,66.11,66.75,35400,66.08
2010-10-20,65.87,67.28,65.87,66.96,40300,66.29
2010-10-19,65.91,66.09,64.95,65.30,63400,64.64
2010-10-18,67.15,67.62,66.86,67.46,84900,66.78
2010-10-15,68.02,68.14,66.95,67.68,92700,67.00
2010-10-14,67.85,68.19,67.42,67.81,92700,67.13
2010-10-13,67.00,67.72,66.93,67.46,254500,66.78
2010-10-12,65.84,66.26,65.21,66.17,53700,65.50
2010-10-11,66.76,66.83,66.27,66.35,50000,65.68
2010-10-08,65.68,66.71,65.68,66.60,67300,65.93
2010-10-07,66.58,66.58,64.95,65.43,100400,64.77
2010-10-06,65.44,66.38,65.44,66.13,148400,65.46
2010-10-05,63.96,65.18,63.87,64.92,181700,64.27
2010-10-04,63.94,63.94,62.84,63.10,57200,62.46
2010-10-01,64.25,64.28,63.61,64.08,51000,63.43
2010-09-30,64.15,64.29,62.81,63.27,49000,62.63
2010-09-29,63.60,63.93,63.43,63.72,36700,63.08
2010-09-28,63.15,63.95,62.48,63.94,67300,63.30
2010-09-27,63.38,63.58,63.03,63.08,156700,62.44
2010-09-24,62.87,63.44,62.87,63.44,38400,62.80
2010-09-23,61.96,62.50,61.60,61.79,123500,61.17
2010-09-22,62.75,63.11,62.43,62.67,39700,62.04
2010-09-21,62.39,62.50,61.50,62.28,35600,61.65
2010-09-20,61.98,62.43,61.59,62.20,44000,61.57
2010-09-17,61.91,62.06,61.42,61.47,31000,60.85
2010-09-16,61.47,61.73,61.33,61.67,51600,61.05
2010-09-15,61.45,61.72,61.24,61.68,36800,61.06
2010-09-14,61.45,62.10,61.20,61.74,69100,61.12
2010-09-13,61.08,61.55,61.08,61.50,55300,60.88
2010-09-10,59.94,60.49,59.94,60.26,21800,59.65
2010-09-09,60.68,60.79,59.86,60.13,28000,59.52
2010-09-08,59.73,60.22,59.73,59.77,39900,59.17
2010-09-07,59.74,59.76,59.15,59.19,50100,58.59
2010-09-03,59.98,60.10,59.57,60.04,146000,59.44
2010-09-02,58.91,59.47,58.77,59.47,47400,58.87
2010-09-01,57.97,59.06,57.97,58.95,61800,58.36
2010-08-31,56.54,57.10,56.42,56.71,36900,56.14
2010-08-30,57.17,57.31,56.57,56.69,44000,56.12
2010-08-27,56.63,57.45,55.72,57.45,71800,56.87
2010-08-26,56.13,56.57,55.76,55.89,39500,55.33
2010-08-25,55.17,56.03,54.67,55.94,60100,55.38
2010-08-24,56.13,56.33,55.53,55.75,64600,55.19
2010-08-23,57.94,58.04,56.94,56.94,48400,56.37
2010-08-20,57.38,57.59,57.00,57.49,38900,56.91
2010-08-19,59.06,59.09,57.62,58.07,46000,57.49
2010-08-18,59.10,59.35,58.56,59.08,24300,58.48
2010-08-17,58.79,59.40,58.72,59.14,46300,58.54
2010-08-16,57.21,58.08,57.21,57.89,36400,57.31
2010-08-13,57.59,57.85,57.17,57.42,18100,56.84
2010-08-12,56.48,57.68,56.39,57.56,82200,56.98
2010-08-11,58.22,58.23,57.05,57.15,70500,56.57
2010-08-10,59.70,60.05,58.96,59.81,61100,59.21
2010-08-09,61.00,61.00,60.28,60.64,81700,60.03
2010-08-06,60.07,60.83,59.80,60.43,62000,59.82
2010-08-05,60.24,60.45,59.91,60.45,21500,59.84
2010-08-04,60.05,60.41,59.81,60.37,24000,59.76
2010-08-03,60.03,60.17,59.46,60.01,55700,59.41
2010-08-02,59.64,60.39,59.52,60.21,55100,59.60
2010-07-30,57.38,58.56,57.38,58.23,36500,57.64
2010-07-29,58.71,59.17,57.61,58.27,41800,57.68
2010-07-28,57.92,58.25,57.83,58.17,52500,57.58
2010-07-27,59.11,59.11,57.77,58.15,115500,57.56
2010-07-26,58.55,58.63,58.01,58.61,106500,58.02
2010-07-23,57.61,58.52,57.36,58.50,49200,57.91
2010-07-22,56.87,57.65,56.66,57.32,38300,56.74
2010-07-21,56.73,56.73,55.26,55.52,172100,54.96
2010-07-20,54.36,56.21,54.36,56.20,17200,55.63
2010-07-19,54.59,54.94,54.08,54.58,18800,54.03
2010-07-16,55.37,55.62,54.25,54.27,25600,53.72
2010-07-15,56.25,56.25,55.05,55.94,120500,55.38
2010-07-14,55.67,56.45,55.51,56.00,12600,55.44
2010-07-13,56.06,56.29,55.85,56.14,54000,55.57
2010-07-12,55.34,55.69,54.80,55.03,31800,54.48
2010-07-09,54.86,55.85,54.86,55.69,48600,55.13
2010-07-08,54.76,55.19,54.21,55.01,33600,54.46
2010-07-07,52.74,54.44,52.65,54.39,36800,53.84
2010-07-06,53.53,53.91,52.32,52.89,83900,52.36
2010-07-02,52.92,53.15,52.05,52.32,54500,51.79
2010-07-01,52.61,53.03,51.53,52.60,237600,52.07
2010-06-30,52.90,53.51,52.33,52.38,28700,51.85
2010-06-29,54.51,54.51,52.80,53.10,168900,52.57
2010-06-28,56.60,56.60,55.65,55.77,60200,55.21
2010-06-25,56.00,56.49,55.28,56.41,90700,55.84
2010-06-24,56.34,56.77,55.75,55.89,40200,55.33
2010-06-23,56.77,57.45,56.22,56.95,52500,56.38
2010-06-22,57.53,58.08,56.72,56.78,88100,56.21
2010-06-21,59.12,59.51,57.15,57.59,74900,57.01
2010-06-18,57.36,57.76,57.32,57.47,32400,56.41
2010-06-17,57.77,57.77,56.68,57.36,64200,56.31
2010-06-16,56.94,57.64,56.83,57.26,60200,56.21
2010-06-15,56.50,57.57,56.30,57.48,61300,56.42
2010-06-14,56.47,56.98,55.75,55.87,386800,54.84
2010-06-11,54.69,55.76,54.69,55.75,51200,54.72
2010-06-10,54.78,55.59,54.21,55.53,88700,54.51
2010-06-09,54.18,54.32,52.94,53.21,64800,52.23
2010-06-08,52.28,53.37,52.12,53.31,101000,52.33
2010-06-07,52.71,53.19,51.89,51.93,53400,50.97
2010-06-04,54.28,54.28,52.54,52.62,50100,51.65
2010-06-03,56.26,56.26,54.55,55.28,52400,54.26
2010-06-02,54.31,55.62,54.19,55.62,25700,54.60
2010-06-01,54.53,55.77,53.95,53.95,138300,52.96
2010-05-28,56.19,56.24,54.99,55.12,58300,54.11
2010-05-27,55.27,56.35,54.18,56.23,58200,55.20
2010-05-26,54.17,54.85,53.06,53.18,177400,52.20
2010-05-25,51.32,53.55,51.00,53.55,100000,52.57
2010-05-24,53.97,54.21,53.15,53.28,114500,52.30
2010-05-21,51.79,54.25,51.67,53.88,138700,52.89
2010-05-20,53.93,53.93,51.79,52.17,195700,51.21
2010-05-19,55.15,55.36,54.00,54.93,113700,53.92
2010-05-18,57.08,57.65,55.52,55.77,115900,54.74
2010-05-17,57.28,57.37,55.47,56.64,90100,55.60
2010-05-14,57.97,58.20,56.66,57.38,143300,56.32
2010-05-13,59.47,59.86,58.62,58.90,69600,57.82
2010-05-12,59.36,59.53,59.01,59.36,76600,58.27
2010-05-11,59.54,60.80,58.32,58.56,72700,57.48
2010-05-10,60.24,60.69,56.92,59.62,119900,58.52
2010-05-07,56.76,57.49,54.50,55.92,471300,54.89
2010-05-06,61.14,61.14,50.00,56.72,559400,55.68
2010-05-05,57.76,58.94,57.13,58.13,218500,57.06
2010-05-04,59.78,60.36,58.58,58.76,221500,57.68
2010-05-03,62.16,62.16,61.16,61.48,258600,60.35
2010-04-30,62.93,63.01,61.82,61.86,81500,60.72
2010-04-29,62.75,63.25,62.75,63.09,269100,61.93
2010-04-28,62.60,62.67,61.51,62.40,35500,61.25
2010-04-27,63.83,63.90,61.81,62.06,141500,60.92
2010-04-26,64.52,65.00,64.18,64.29,89800,63.11
2010-04-23,63.44,64.15,63.14,64.09,48800,62.91
2010-04-22,62.99,63.50,62.13,63.44,102100,62.27
2010-04-21,63.83,63.87,63.01,63.50,47100,62.33
2010-04-20,64.40,64.40,63.75,63.79,100200,62.62
2010-04-19,63.20,63.66,62.63,63.66,72000,62.49
2010-04-16,65.21,65.21,63.60,63.96,116400,62.78
2010-04-15,65.67,66.00,65.45,65.62,76800,64.41
2010-04-14,65.88,65.97,65.41,65.95,76400,64.74
2010-04-13,65.35,65.35,64.50,65.15,44100,63.95
2010-04-12,65.84,65.93,65.43,65.61,40700,64.40
2010-04-09,65.57,65.81,65.41,65.79,36300,64.58
2010-04-08,64.34,65.22,64.12,65.11,47600,63.91
2010-04-07,65.18,65.51,64.78,65.08,46700,63.88
2010-04-06,65.59,65.85,65.29,65.66,104800,64.45
2010-04-05,65.54,65.83,65.11,65.76,147900,64.55
2010-04-01,64.55,65.00,64.00,64.92,161000,63.73
2010-03-31,63.74,63.91,63.46,63.59,57500,62.42
2010-03-30,64.26,64.36,63.31,63.70,56300,62.53
2010-03-29,62.93,63.50,62.93,63.40,44700,62.23
2010-03-26,62.09,62.84,62.05,62.65,68500,61.50
2010-03-25,63.10,63.14,61.68,61.76,82400,60.62
2010-03-24,62.63,62.87,62.36,62.51,87700,61.36
2010-03-23,62.82,63.50,62.71,63.50,68200,62.33
2010-03-22,60.92,62.70,60.92,62.65,113100,61.50
2010-03-19,62.85,63.40,61.90,62.05,76700,60.91
2010-03-18,63.74,63.74,62.74,62.99,56600,61.83
2010-03-17,63.41,64.00,63.41,63.66,114200,62.49
2010-03-16,62.37,63.21,62.34,63.18,99400,62.02
2010-03-15,62.27,62.38,61.66,62.22,109000,61.08
2010-03-12,62.87,62.94,62.41,62.74,213900,61.59
2010-03-11,61.93,62.19,61.42,62.19,38900,61.05
2010-03-10,61.95,62.73,61.79,62.07,167900,60.93
2010-03-09,61.65,62.54,61.47,62.07,98300,60.93
2010-03-08,62.74,62.88,62.12,62.23,74800,61.09
2010-03-05,61.48,62.28,61.32,62.25,123000,61.11
2010-03-04,60.95,61.06,60.30,60.75,78000,59.63
2010-03-03,60.56,61.48,60.56,60.89,85200,59.77
2010-03-02,59.60,60.34,59.49,59.85,90400,58.75
2010-03-01,58.14,59.19,58.14,59.14,74900,58.05
2010-02-26,58.04,58.30,57.36,58.23,72600,57.16
2010-02-25,56.86,57.73,56.31,57.64,65700,56.58
2010-02-24,57.93,58.46,57.67,57.92,60400,56.85
2010-02-23,59.16,59.20,57.81,58.00,57200,56.93
2010-02-22,59.89,59.89,59.27,59.34,45800,58.25
2010-02-19,58.70,59.62,58.59,59.33,94000,58.24
2010-02-18,58.78,59.82,58.78,59.72,117800,58.62
2010-02-17,59.58,59.85,58.94,59.31,162200,58.22
2010-02-16,58.14,59.20,58.08,59.16,84000,58.07
2010-02-12,56.91,57.59,56.18,57.50,76300,56.44
2010-02-11,56.57,57.91,56.07,57.91,196400,56.84
2010-02-10,56.89,56.89,55.64,56.32,91000,55.28
2010-02-09,55.80,57.53,55.80,56.77,1426200,55.73
2010-02-08,55.39,56.19,54.76,54.80,287800,53.79
2010-02-05,55.00,55.56,53.69,55.54,394400,54.52
2010-02-04,57.10,57.39,55.34,55.34,249200,54.32
2010-02-03,58.94,59.42,58.33,58.44,68200,57.37
2010-02-02,58.52,59.32,58.27,59.05,302000,57.96
2010-02-01,56.67,58.05,56.60,57.85,173400,56.79
2010-01-29,57.49,58.02,55.90,56.00,240000,54.97
2010-01-28,57.36,58.68,56.48,57.14,373200,56.09
2010-01-27,58.40,58.74,57.36,58.09,305600,57.02
2010-01-26,58.65,59.59,58.00,58.61,633300,57.53
2010-01-25,59.84,60.19,59.36,59.50,110800,58.41
2010-01-22,59.69,60.61,58.72,59.01,259500,57.92
2010-01-21,62.51,62.67,60.07,60.07,234300,58.97
2010-01-20,63.51,63.61,62.16,63.00,151400,61.84
2010-01-19,64.10,64.88,63.98,64.81,65600,63.62
2010-01-15,64.83,64.83,63.70,64.01,85500,62.83
2010-01-14,64.94,65.47,64.86,65.03,62400,63.83
2010-01-13,64.94,65.15,63.96,64.94,107100,63.75
2010-01-12,64.93,65.13,63.90,64.53,97500,63.34
2010-01-11,66.54,67.00,65.71,66.11,162800,64.89
2010-01-08,65.37,65.80,64.96,65.76,87200,64.55
2010-01-07,65.25,65.39,64.53,65.10,162000,63.90
2010-01-06,64.26,65.69,64.26,65.40,247900,64.20
2010-01-05,64.26,64.65,64.05,64.26,133100,63.08
2010-01-04,63.20,64.14,62.86,64.12,100400,62.94
2009-12-31,62.90,62.93,62.15,62.22,60200,61.08
2009-12-30,62.29,62.53,61.94,62.41,56800,61.26
2009-12-29,63.09,63.46,62.51,62.63,78000,61.48
2009-12-28,62.84,62.95,62.14,62.35,67900,61.20
2009-12-24,62.40,62.50,62.07,62.31,56600,61.16
2009-12-23,62.75,62.75,61.02,61.64,62400,60.51
2009-12-22,60.25,60.89,60.17,60.80,109200,59.68
2009-12-21,60.82,60.92,60.24,60.28,121300,59.17
2009-12-18,60.73,60.85,59.65,60.34,91200,59.02
2009-12-17,61.29,61.39,60.26,60.40,124800,59.08
2009-12-16,61.69,62.48,61.69,62.01,103800,60.65
2009-12-15,61.72,62.13,61.27,61.42,98600,60.07
2009-12-14,61.66,62.20,61.44,62.07,49600,60.71
2009-12-11,61.58,61.70,61.12,61.36,52900,60.01
2009-12-10,61.33,61.43,60.73,61.04,61600,59.70
2009-12-09,60.11,61.12,59.84,61.06,95600,59.72
2009-12-08,61.15,61.54,60.01,60.34,128700,59.02
2009-12-07,61.26,62.50,61.26,61.63,83300,60.28
2009-12-04,63.54,63.80,61.30,61.96,188200,60.60
2009-12-03,63.95,64.29,62.82,62.93,109900,61.55
2009-12-02,63.12,64.12,63.12,63.88,99700,62.48
2009-12-01,62.02,63.32,62.02,62.85,130600,61.47
2009-11-30,60.62,61.62,60.40,61.03,62700,59.69
2009-11-27,59.46,62.44,59.40,62.44,100400,61.07
2009-11-25,61.96,62.81,61.81,62.81,71700,61.43
2009-11-24,61.69,61.88,61.00,61.50,86600,60.15
2009-11-23,61.48,62.59,61.48,61.84,109700,60.48
2009-11-20,60.31,60.81,59.77,60.48,72400,59.15
2009-11-19,61.17,61.27,59.90,61.02,110300,59.68
2009-11-18,61.95,62.38,61.42,61.79,115500,60.44
2009-11-17,61.14,61.98,60.73,61.96,303300,60.60
2009-11-16,61.84,62.40,61.14,62.06,122800,60.70
2009-11-13,59.74,60.63,59.30,60.32,70900,59.00
2009-11-12,60.22,60.61,59.24,59.42,120400,58.12
2009-11-11,61.28,61.28,60.03,60.38,105800,59.06
2009-11-10,59.53,60.08,59.20,59.98,161200,58.67
2009-11-09,58.81,60.16,58.81,60.08,122600,58.76
2009-11-06,57.22,58.20,57.00,57.81,126500,56.54
2009-11-05,57.10,57.74,56.66,57.66,141700,56.40
2009-11-04,56.45,57.35,56.14,56.51,164800,55.27
2009-11-03,54.36,55.85,53.88,55.73,113600,54.51
2009-11-02,54.91,56.12,54.12,55.14,133200,53.93
2009-10-30,56.48,56.48,53.80,54.33,147600,53.14
2009-10-29,55.61,56.93,55.61,56.83,161000,55.58
2009-10-28,56.33,56.46,54.25,54.61,197400,53.41
2009-10-27,57.67,58.09,56.81,56.81,131600,55.56
2009-10-26,59.96,60.50,57.91,58.09,104500,56.82
2009-10-23,60.75,60.78,59.35,59.58,97500,58.27
2009-10-22,59.82,60.54,59.00,60.45,93100,59.12
2009-10-21,59.99,61.08,59.77,59.77,104600,58.46
2009-10-20,61.01,61.01,59.38,60.22,176500,58.90
2009-10-19,60.38,61.17,60.00,60.99,80200,59.65
2009-10-16,59.65,60.10,59.25,59.79,103100,58.48
2009-10-15,60.11,60.61,59.70,60.56,107600,59.23
2009-10-14,59.46,60.45,59.46,60.39,272900,59.07
2009-10-13,58.27,58.56,57.68,58.46,93800,57.18
2009-10-12,58.50,58.96,57.91,58.19,92800,56.91
2009-10-09,57.94,58.32,57.35,57.83,80700,56.56
2009-10-08,57.59,58.32,57.25,58.13,130400,56.86
2009-10-07,56.17,56.51,55.80,56.50,93200,55.26
2009-10-06,55.92,61.22,55.09,55.99,148600,54.76
2009-10-05,53.39,54.40,53.16,54.09,69800,52.90
2009-10-02,52.40,53.58,52.38,53.08,74500,51.92
2009-10-01,55.46,55.57,53.37,53.37,97700,52.20
2009-09-30,56.40,56.40,54.99,55.75,154400,54.53
2009-09-29,55.74,56.02,55.36,55.77,66600,54.55
2009-09-28,55.11,56.14,55.06,55.77,138700,54.55
2009-09-25,55.35,55.63,54.73,55.06,107500,53.85
2009-09-24,57.05,57.05,55.26,55.63,179200,54.41
2009-09-23,57.86,58.35,56.68,56.68,171100,55.44
2009-09-22,57.49,58.01,57.28,57.62,73400,56.36
2009-09-21,56.57,56.73,56.00,56.71,77100,55.47
2009-09-18,58.30,58.30,57.30,57.64,102500,56.38
2009-09-17,58.14,58.63,57.44,57.86,208800,56.59
2009-09-16,57.96,58.67,57.75,58.45,291400,57.17
2009-09-15,56.20,57.25,55.94,57.15,414600,55.90
2009-09-14,55.49,56.23,55.25,56.20,52600,54.97
2009-09-11,56.37,56.82,55.85,56.21,265500,54.98
2009-09-10,55.15,55.99,54.65,55.82,73700,54.60
2009-09-09,55.57,55.64,54.92,55.28,63600,54.07
2009-09-08,55.00,55.75,54.73,55.19,80500,53.98
2009-09-04,52.98,53.75,52.55,53.73,62000,52.55
2009-09-03,52.61,53.02,52.13,53.02,58000,51.86
2009-09-02,50.97,52.00,50.65,51.74,62800,50.61
2009-09-01,52.54,53.28,51.18,51.51,83500,50.38
2009-08-31,52.95,52.95,52.14,52.75,44000,51.59
2009-08-28,53.85,54.03,53.25,53.64,48700,52.46
2009-08-27,52.64,53.60,52.00,53.42,82500,52.25
2009-08-26,53.25,53.60,52.59,53.15,101400,51.98
2009-08-25,55.14,55.14,53.39,53.60,95400,52.43
2009-08-24,54.20,54.77,53.55,53.74,146600,52.56
2009-08-21,53.12,53.82,52.94,53.52,140800,52.35
2009-08-20,52.00,52.57,52.00,52.31,50100,51.16
2009-08-19,50.71,52.14,50.52,51.78,89400,50.64
2009-08-18,50.82,51.68,50.64,51.57,88700,50.44
2009-08-17,50.90,50.95,49.75,50.37,201100,49.27
2009-08-14,53.90,54.10,52.29,52.81,84700,51.65
2009-08-13,53.26,53.92,53.12,53.74,108600,52.56
2009-08-12,51.63,52.67,51.43,52.37,87100,51.22
2009-08-11,52.05,52.10,51.38,51.90,66500,50.76
2009-08-10,52.78,52.99,52.00,52.28,55300,51.13
2009-08-07,53.94,53.98,52.83,53.34,102200,52.17
2009-08-06,54.37,54.37,53.01,53.63,242600,52.45
2009-08-05,54.19,54.49,53.10,54.07,146100,52.88
2009-08-04,53.67,54.40,53.40,54.15,279700,52.96
2009-08-03,53.51,54.66,53.33,54.27,254600,53.08
2009-07-31,51.56,52.83,51.35,52.59,199200,51.44
2009-07-30,51.00,51.86,51.00,51.30,145000,50.18
2009-07-29,50.55,50.55,49.65,50.15,127900,49.05
2009-07-28,51.01,51.14,50.14,51.08,491700,49.96
2009-07-27,51.70,51.85,51.01,51.59,128200,50.46
2009-07-24,51.99,51.99,50.66,51.53,150700,50.40
2009-07-23,49.97,51.69,49.86,51.40,359300,50.27
2009-07-22,49.35,50.20,49.04,49.97,374700,48.87
2009-07-21,50.30,50.30,48.59,49.50,385400,48.41
2009-07-20,48.82,49.75,48.40,49.06,147900,47.98
2009-07-17,47.64,47.97,47.26,47.83,68000,46.78
2009-07-16,47.25,47.75,46.75,47.75,156200,46.70
2009-07-15,46.29,47.18,46.18,47.14,209500,46.11
2009-07-14,44.89,44.99,44.30,44.99,142100,44.00
2009-07-13,43.36,44.24,42.56,44.06,54200,43.09
2009-07-10,43.44,43.76,42.82,43.34,41200,42.39
2009-07-09,44.06,44.37,43.50,43.86,158900,42.90
2009-07-08,43.50,44.05,42.00,43.17,189800,42.22
2009-07-07,44.86,44.95,43.26,43.47,181700,42.52
2009-07-06,45.00,45.00,44.00,44.74,73400,43.76
2009-07-02,46.75,46.75,45.61,45.86,129100,44.85
2009-07-01,46.89,47.76,46.89,47.09,63100,46.06
2009-06-30,47.38,47.44,46.23,46.53,53800,45.51
2009-06-29,46.89,47.25,46.13,47.03,87300,46.00
2009-06-26,46.69,46.96,46.22,46.73,67100,45.71
2009-06-25,45.78,46.90,45.37,46.90,110500,45.87
2009-06-24,46.09,46.53,45.50,45.86,105100,44.85
2009-06-23,45.00,45.28,44.00,45.15,166600,44.16
2009-06-22,47.03,47.03,44.14,44.41,202300,43.44
2009-06-19,47.09,47.51,46.79,47.10,958100,45.83
2009-06-18,46.90,47.18,46.06,46.35,939900,45.10
2009-06-17,47.56,47.56,45.86,46.81,639300,45.55
2009-06-16,50.26,50.26,47.24,47.56,1308500,46.28
2009-06-15,49.53,49.53,48.05,48.58,1009300,47.27
2009-06-12,50.81,50.81,50.18,50.58,146400,49.22
2009-06-11,50.68,52.02,50.54,51.36,149100,49.98
2009-06-10,50.70,51.11,49.51,50.46,125300,49.10
2009-06-09,49.31,50.10,49.07,49.70,127000,48.36
2009-06-08,48.86,49.59,48.10,49.41,170200,48.08
2009-06-05,51.05,51.19,49.45,49.55,135800,48.22
2009-06-04,48.99,50.14,48.44,49.62,63300,48.29
2009-06-03,50.72,51.23,49.00,49.57,229400,48.24
2009-06-02,51.21,51.99,50.80,51.75,192100,50.36
2009-06-01,50.95,51.63,50.57,51.05,238400,49.68
2009-05-29,49.85,49.85,48.41,49.12,98600,47.80
2009-05-28,47.56,48.03,47.00,47.86,32600,46.57
2009-05-27,47.90,48.21,46.63,46.82,80600,45.56
2009-05-26,46.79,48.15,46.00,47.97,157900,46.68
2009-05-22,47.10,47.56,46.83,47.19,63900,45.92
2009-05-21,46.81,46.89,46.01,46.72,52200,45.46
2009-05-20,47.47,48.59,47.25,47.43,88300,46.15
2009-05-19,46.31,47.19,46.15,46.67,77900,45.42
2009-05-18,44.85,45.92,44.69,45.90,59700,44.67
2009-05-15,44.78,44.94,43.75,44.22,36300,43.03
2009-05-14,43.75,44.56,43.37,44.26,47100,43.07
2009-05-13,44.74,44.74,43.34,43.71,86800,42.53
2009-05-12,45.63,46.18,45.01,45.84,100800,44.61
2009-05-11,45.88,46.02,45.17,45.70,74600,44.47
2009-05-08,45.89,47.00,45.75,46.88,151700,45.62
2009-05-07,48.04,48.04,44.54,44.90,85100,43.69
2009-05-06,45.74,46.31,45.06,46.04,191500,44.80
2009-05-05,45.65,45.90,44.70,45.30,136900,44.08
2009-05-04,42.97,45.51,42.97,45.47,159600,44.25
2009-05-01,42.71,43.20,42.21,43.05,40300,41.89
2009-04-30,42.34,42.78,41.87,42.19,50800,41.06
2009-04-29,40.87,41.94,40.87,41.58,22000,40.46
2009-04-28,40.85,40.85,39.86,40.44,227200,39.35
2009-04-27,41.68,41.68,40.39,41.14,29500,40.03
2009-04-24,41.46,42.24,41.14,41.83,51700,40.71
2009-04-23,40.59,40.87,40.05,40.76,33200,39.66
2009-04-22,39.60,41.00,39.49,39.92,65000,38.85
2009-04-21,38.89,40.06,38.58,40.06,34700,38.98
2009-04-20,40.99,40.99,39.00,39.05,98900,38.00
2009-04-17,41.40,41.46,40.99,41.20,52800,40.09
2009-04-16,41.72,42.00,40.78,41.46,220300,40.35
2009-04-15,40.01,41.15,40.00,41.04,75800,39.94
2009-04-14,41.09,41.39,40.46,40.69,77900,39.60
2009-04-13,40.99,41.33,39.95,41.12,116700,40.01
2009-04-09,40.07,40.20,39.80,40.19,47500,39.11
2009-04-08,38.47,38.73,37.79,38.50,38900,37.46
2009-04-07,38.89,38.89,38.06,38.08,23100,37.06
2009-04-06,41.57,41.57,38.72,39.33,65100,38.27
2009-04-03,39.79,40.62,39.52,40.61,88100,39.52
2009-04-02,39.75,40.50,39.30,39.76,77500,38.69
2009-04-01,36.72,38.46,36.52,38.45,66700,37.42
2009-03-31,36.72,37.78,36.63,37.25,176300,36.25
2009-03-30,37.82,37.82,36.20,36.43,66100,35.45
2009-03-27,39.38,39.38,38.19,38.32,58500,37.29
2009-03-26,39.18,39.71,38.86,39.59,125400,38.53
2009-03-25,38.19,39.18,37.51,38.52,80200,37.48
2009-03-24,39.46,39.46,37.71,38.33,65400,37.30
2009-03-23,38.68,39.24,37.38,39.24,47400,38.19
2009-03-20,37.10,37.14,36.51,36.51,95600,35.53
2009-03-19,37.06,37.34,36.68,36.81,80400,35.82
2009-03-18,34.96,36.00,34.00,35.96,52400,34.99
2009-03-17,34.59,34.85,34.17,34.85,64600,33.91
2009-03-16,34.93,35.55,34.64,34.67,81300,33.74
2009-03-13,34.33,35.14,34.18,34.71,168000,33.78
2009-03-12,33.58,34.47,33.19,34.25,30600,33.33
2009-03-11,33.27,34.30,33.27,34.01,28900,33.10
2009-03-10,31.42,33.09,31.42,32.85,61000,31.97
2009-03-09,30.77,31.83,30.76,30.94,46000,30.11
2009-03-06,31.50,32.21,30.77,31.58,94600,30.73
2009-03-05,32.65,32.65,30.91,31.17,53700,30.33
2009-03-04,31.50,33.05,31.50,32.60,22200,31.72
2009-03-03,30.63,31.50,30.27,30.70,40400,29.87
2009-03-02,32.35,32.35,30.36,30.43,62800,29.61
2009-02-27,32.50,33.28,31.98,32.80,75300,31.92
2009-02-26,33.50,33.77,32.79,32.80,20200,31.92
2009-02-25,33.51,33.64,32.70,32.99,15900,32.10
2009-02-24,32.89,33.94,32.53,33.74,28400,32.83
2009-02-23,34.46,34.81,32.61,32.65,61700,31.77
2009-02-20,33.83,34.75,33.69,34.51,86900,33.58
2009-02-19,35.56,36.23,34.72,34.72,43700,33.79
2009-02-18,35.32,35.73,34.54,35.18,29100,34.23
2009-02-17,36.35,36.35,35.09,35.10,48700,34.16
2009-02-13,37.26,37.82,37.16,37.49,23300,36.48
2009-02-12,37.13,37.49,36.24,37.45,68300,36.44
2009-02-11,37.65,38.24,37.00,37.44,58100,36.43
2009-02-10,39.28,39.30,37.00,37.23,76000,36.23
2009-02-09,39.79,40.16,39.15,39.50,85200,38.44
2009-02-06,38.52,40.00,38.03,39.40,77200,38.34
2009-02-05,37.07,38.06,36.54,38.01,173200,36.99
2009-02-04,35.88,37.29,35.88,36.43,310700,35.45
2009-02-03,34.74,35.68,34.74,35.52,768200,34.57
2009-02-02,34.62,35.20,34.34,34.92,21600,33.98
2009-01-30,36.09,36.33,34.81,35.15,27700,34.21
2009-01-29,36.71,37.05,36.15,36.22,58700,35.25
2009-01-28,36.99,37.88,36.99,37.41,22200,36.40
2009-01-27,35.85,36.86,35.85,36.47,21700,35.49
2009-01-26,35.13,36.70,35.13,35.58,31600,34.62
2009-01-23,34.12,35.84,33.98,35.29,32000,34.34
2009-01-22,35.04,35.78,34.69,35.26,52200,34.31
2009-01-21,34.92,36.24,34.46,36.24,17600,35.27
2009-01-20,36.16,36.16,34.24,34.24,19000,33.32
2009-01-16,36.91,37.23,35.75,36.78,16400,35.79
2009-01-15,35.50,36.57,34.46,36.06,38000,35.09
2009-01-14,36.51,36.51,35.27,35.69,47000,34.73
2009-01-13,36.49,37.43,36.49,37.05,24000,36.05
2009-01-12,39.24,39.24,37.02,37.29,95300,36.29
2009-01-09,40.53,40.63,39.00,39.26,53500,38.20
2009-01-08,40.00,40.55,39.67,40.31,105600,39.23
2009-01-07,41.61,41.94,40.37,40.70,29000,39.61
2009-01-06,40.96,42.30,40.75,41.89,141500,40.76
2009-01-05,40.15,41.00,39.58,40.49,44400,39.40
2009-01-02,39.04,40.55,39.04,40.12,20600,39.04
2008-12-31,38.30,39.21,38.13,39.13,46100,38.08
2008-12-30,37.62,38.33,37.29,38.33,356200,37.30
2008-12-29,37.05,38.25,36.62,37.24,259700,36.24
2008-12-26,36.38,37.01,36.14,36.73,239600,35.74
2008-12-24,36.19,36.78,35.50,35.99,24500,35.02
2008-12-23,36.53,37.26,36.12,36.52,20800,35.54
2008-12-22,38.04,38.04,35.88,36.54,66300,35.56
2008-12-19,38.64,39.10,37.71,38.36,78100,36.85
2008-12-18,40.71,40.71,38.41,38.56,60800,37.04
2008-12-17,39.53,41.26,39.53,40.99,105200,39.38
2008-12-16,38.11,40.60,38.07,40.02,55600,38.44
2008-12-15,37.73,38.48,37.52,37.78,45700,36.29
2008-12-12,36.69,37.49,36.13,37.22,77400,35.75
2008-12-11,37.67,39.00,36.50,36.83,69400,35.38
2008-12-10,37.49,38.45,37.20,38.13,116500,36.63
2008-12-09,36.30,37.19,35.54,35.79,91300,34.38
2008-12-08,33.98,36.75,33.98,36.11,68900,34.69
2008-12-05,32.80,33.56,31.12,33.51,131800,32.19
2008-12-04,33.01,33.97,32.16,32.44,95300,31.16
2008-12-03,33.00,34.28,32.68,34.25,648800,32.90
2008-12-02,33.55,34.45,33.14,34.25,186800,32.90
2008-12-01,35.47,35.72,33.37,33.37,54400,32.06
2008-11-28,36.97,37.19,36.21,36.84,19200,35.39
2008-11-26,34.50,37.18,33.92,36.85,132500,35.40
2008-11-25,34.99,36.39,34.06,35.09,145100,33.71
2008-11-24,32.60,35.00,32.46,34.05,52600,32.71
2008-11-21,29.98,31.76,29.40,31.76,98400,30.51
2008-11-20,30.72,30.93,27.86,28.25,61800,27.14
2008-11-19,33.60,33.73,31.02,31.02,27400,29.80
2008-11-18,33.97,34.70,33.21,34.28,28800,32.93
2008-11-17,34.94,35.87,34.24,34.29,36200,32.94
2008-11-14,36.75,38.04,34.99,35.09,43700,33.71
2008-11-13,35.05,38.00,33.46,37.63,71900,36.15
2008-11-12,37.23,37.23,34.78,34.85,16800,33.48
2008-11-11,38.56,38.83,36.97,37.58,32300,36.10
2008-11-10,40.32,41.20,38.82,39.45,29100,37.90
2008-11-07,37.99,38.83,37.69,38.55,40900,37.03
2008-11-06,40.00,40.06,36.82,36.84,79700,35.39
2008-11-05,43.09,43.25,40.10,40.40,51100,38.81
2008-11-04,41.20,43.80,41.20,43.48,96500,41.77
2008-11-03,39.62,40.67,39.62,40.24,54800,38.65
2008-10-31,38.88,40.82,38.18,40.02,69100,38.44
2008-10-30,39.90,39.90,38.36,39.89,54800,38.32
2008-10-29,36.18,39.33,35.99,38.10,153700,36.60
2008-10-28,33.27,35.62,32.09,35.62,63200,34.22
2008-10-27,32.41,33.35,31.32,31.59,53500,30.35
2008-10-24,32.71,34.33,32.31,33.35,40200,32.04
2008-10-23,34.91,35.97,33.01,34.64,54300,33.28
2008-10-22,37.77,37.77,34.10,35.38,40000,33.99
2008-10-21,40.22,40.81,38.89,38.89,41200,37.36
2008-10-20,38.46,40.99,38.46,40.90,148500,39.29
2008-10-17,37.42,39.91,36.83,37.95,37900,36.46
2008-10-16,38.31,39.22,35.73,39.19,33200,37.65
2008-10-15,42.99,42.99,38.29,38.31,50200,36.80
2008-10-14,50.86,51.21,43.30,44.08,45200,42.34
2008-10-13,43.53,45.00,41.61,45.00,65900,43.23
2008-10-10,35.01,40.17,35.01,38.67,134100,37.15
2008-10-09,43.81,45.03,40.13,40.43,107400,38.84
2008-10-08,41.46,44.85,41.21,42.85,128300,41.16
2008-10-07,43.49,46.33,42.60,42.79,108300,41.10
2008-10-06,46.44,46.44,41.29,44.12,138000,42.38
2008-10-03,48.20,50.59,47.75,47.84,105200,45.96
2008-10-02,52.35,53.00,47.69,47.86,90200,45.97
2008-10-01,53.57,53.99,52.18,53.02,109800,50.93
2008-09-30,52.78,54.04,51.00,53.78,255800,51.66
2008-09-29,56.73,56.73,51.10,52.42,66900,50.36
2008-09-26,59.59,59.60,58.39,59.23,179400,56.90
2008-09-25,60.99,61.28,60.18,60.81,68400,58.41
2008-09-24,60.83,61.23,60.22,60.47,36700,58.09
2008-09-23,62.97,63.42,60.63,60.92,84200,58.52
2008-09-22,64.49,64.49,63.21,63.21,63300,60.72
2008-09-19,60.00,63.81,60.00,63.81,61500,61.30
2008-09-18,57.66,59.63,56.27,58.75,518400,56.44
2008-09-17,57.89,58.81,56.35,57.46,60800,55.20
2008-09-16,57.92,60.44,56.49,59.71,177400,57.36
2008-09-15,61.06,61.52,59.00,59.00,34400,56.68
2008-09-12,60.22,62.74,60.08,62.60,46900,60.13
2008-09-11,58.03,59.85,57.22,59.77,118900,57.42
2008-09-10,58.38,60.08,58.02,59.45,124800,57.11
2008-09-09,60.64,60.64,58.00,58.00,80600,55.72
2008-09-08,62.60,63.87,60.99,61.59,111600,59.16
2008-09-05,61.21,62.33,60.32,62.16,132400,59.71
2008-09-04,64.27,64.65,61.71,61.98,96800,59.54
2008-09-03,66.00,66.44,64.24,64.85,134100,62.30
2008-09-02,67.39,67.40,66.17,66.67,170900,64.04
2008-08-29,70.24,70.24,69.04,69.04,18700,66.32
2008-08-28,69.47,70.11,69.21,69.63,13300,66.89
2008-08-27,68.30,69.42,68.30,69.29,15700,66.56
2008-08-26,67.58,68.49,67.58,67.86,46800,65.19
2008-08-25,69.46,69.46,67.54,67.96,56700,65.28
2008-08-22,69.90,69.92,68.95,69.43,37300,66.70
2008-08-21,68.62,70.02,68.62,69.76,123700,67.01
2008-08-20,67.40,68.74,67.40,68.74,59200,66.03
2008-08-19,65.92,67.14,65.55,66.91,118700,64.27
2008-08-18,67.03,68.00,66.24,66.71,91600,64.08
2008-08-15,67.27,67.27,66.51,66.72,388900,64.09
2008-08-14,69.01,69.26,67.89,68.02,1795200,65.34
2008-08-13,66.71,68.55,66.71,68.53,40900,65.83
2008-08-12,66.50,67.33,66.50,67.16,76700,64.51
2008-08-11,68.10,68.25,66.83,67.09,73400,64.45
2008-08-08,68.69,69.00,67.54,68.73,51900,66.02
2008-08-07,70.52,70.52,69.23,69.23,147200,66.50
2008-08-06,69.84,71.20,69.78,70.45,73700,67.67
2008-08-05,69.65,69.70,68.04,69.00,119900,66.28
2008-08-04,71.83,71.83,69.64,70.00,161200,67.24
2008-08-01,74.18,74.18,72.25,72.34,59700,69.49
2008-07-31,75.66,75.87,74.40,74.60,99400,71.66
2008-07-30,74.67,76.03,74.67,75.67,536800,72.69
2008-07-29,73.48,74.80,73.48,74.21,397500,71.29
2008-07-28,73.14,73.82,72.74,72.75,36800,69.88
2008-07-25,72.03,73.15,71.85,72.76,160200,69.89
2008-07-24,74.35,74.35,71.77,72.23,101600,69.38
2008-07-23,75.74,75.74,74.38,74.63,35100,71.69
2008-07-22,76.53,76.53,75.23,76.15,47300,73.15
2008-07-21,75.37,76.36,75.37,76.30,25000,73.29
2008-07-18,74.47,75.73,73.90,74.50,255000,71.57
2008-07-17,75.55,76.30,74.29,74.84,55200,71.89
2008-07-16,74.57,75.95,74.15,75.68,39500,72.70
2008-07-15,76.81,77.01,75.00,76.09,59300,73.09
2008-07-14,77.15,77.82,77.04,77.27,16900,74.23
2008-07-11,76.22,77.21,75.59,77.09,42800,74.05
2008-07-10,75.40,76.97,75.37,76.97,66300,73.94
2008-07-09,75.43,76.79,74.75,75.14,118300,72.18
2008-07-08,75.51,75.61,73.49,75.30,101200,72.33
2008-07-07,74.55,77.16,74.25,76.13,57500,73.13
2008-07-03,76.46,76.79,74.48,76.19,97500,73.19
2008-07-02,80.49,81.06,75.90,77.50,108600,74.45
2008-07-01,81.68,81.68,79.38,80.70,157600,77.52
2008-06-30,82.15,83.21,82.15,82.93,79300,79.66
2008-06-27,80.74,82.34,80.74,81.70,55700,78.48
2008-06-26,81.64,84.15,80.16,80.72,129000,77.54
2008-06-25,82.37,82.96,81.43,82.33,88100,79.09
2008-06-24,83.14,83.36,81.70,82.39,99000,79.14
2008-06-23,83.31,83.61,82.53,83.23,140000,79.95
2008-06-20,84.04,84.54,83.15,83.35,38800,79.54
2008-06-19,85.52,85.80,84.85,85.08,50300,81.19
2008-06-18,85.08,85.08,84.06,84.99,606500,81.10
2008-06-17,84.72,86.06,84.72,85.10,1077100,81.21
2008-06-16,84.00,84.79,83.70,84.26,99300,80.40
2008-06-13,82.53,83.36,82.07,83.15,30500,79.35
2008-06-12,82.80,82.94,81.51,81.91,40400,78.16
2008-06-11,84.10,84.10,82.51,82.84,76100,79.05
2008-06-10,84.72,84.72,83.45,83.83,96900,79.99
2008-06-09,86.25,86.48,85.04,86.00,35200,82.07
2008-06-06,87.46,87.61,86.03,86.11,58800,82.17
2008-06-05,85.10,87.47,85.10,87.29,57800,83.30
2008-06-04,85.69,86.40,85.00,85.08,153700,81.19
2008-06-03,86.63,87.29,85.12,86.08,59300,82.14
2008-06-02,86.32,86.84,85.91,86.34,110900,82.39
2008-05-30,85.86,86.78,85.86,86.11,25100,82.17
2008-05-29,86.98,87.00,86.10,86.40,22400,82.45
2008-05-28,86.41,87.80,85.96,87.80,63300,83.78
2008-05-27,86.70,86.85,85.70,86.22,38100,82.28
2008-05-23,88.31,88.31,86.67,87.32,39200,83.32
2008-05-22,88.74,89.35,88.06,88.52,34100,84.47
2008-05-21,89.64,89.76,87.37,87.68,56900,83.67
2008-05-20,89.48,89.60,88.72,89.60,108800,85.50
2008-05-19,90.54,91.09,89.81,90.10,361400,85.98
2008-05-16,89.23,90.26,89.00,89.95,39300,85.83
2008-05-15,87.32,88.42,87.31,88.37,58200,84.33
2008-05-14,86.59,87.33,86.38,86.50,32600,82.54
2008-05-13,85.67,85.70,84.58,85.67,140600,81.75
2008-05-12,84.85,85.99,84.48,85.84,36100,81.91
2008-05-09,85.25,85.25,84.43,84.85,54300,80.97
2008-05-08,84.89,85.93,84.76,85.78,33200,81.86
2008-05-07,85.39,85.39,83.46,83.74,49600,79.91
2008-05-06,84.29,85.41,84.16,85.13,43600,81.24
2008-05-05,83.10,84.28,83.10,83.99,66700,80.15
2008-05-02,82.56,83.37,82.42,83.00,58300,79.20
2008-05-01,82.00,82.00,79.97,81.28,72200,77.56
2008-04-30,80.92,82.43,80.92,82.00,74800,78.25
2008-04-29,82.67,82.67,80.28,80.87,144700,77.17
2008-04-28,84.26,84.33,83.33,83.38,78400,79.57
2008-04-25,83.31,84.54,82.75,84.35,48600,80.49
2008-04-24,83.92,83.92,82.14,82.67,63100,78.89
2008-04-23,84.92,84.92,83.80,84.55,80200,80.68
2008-04-22,84.49,85.09,83.81,84.35,78900,80.49
2008-04-21,84.57,85.31,84.27,85.03,55000,81.14
2008-04-18,83.68,84.33,83.00,84.20,32000,80.35
2008-04-17,83.49,84.06,83.00,83.47,35300,79.65
2008-04-16,82.41,84.50,82.41,84.48,128400,80.61
2008-04-15,80.72,81.09,80.36,80.98,34800,77.27
2008-04-14,79.75,80.37,79.33,79.89,33800,76.23
2008-04-11,80.37,80.92,79.89,79.89,71100,76.23
2008-04-10,80.33,81.36,80.00,80.90,13800,77.20
2008-04-09,81.45,81.53,80.63,80.83,67300,77.13
2008-04-08,80.09,81.37,79.71,81.00,34000,77.29
2008-04-07,81.25,82.09,80.47,81.17,59200,77.46
2008-04-04,79.44,80.37,78.88,80.17,111800,76.50
2008-04-03,77.76,79.75,77.76,78.88,39000,75.27
2008-04-02,76.91,77.74,76.32,77.59,25400,74.04
2008-04-01,75.85,77.43,75.38,77.14,64900,73.61
2008-03-31,75.79,76.30,75.06,75.85,19400,72.38
2008-03-28,76.57,76.60,75.75,75.87,16800,72.40
2008-03-27,77.07,77.15,76.00,76.00,278900,72.52
2008-03-26,75.49,76.00,75.32,75.89,25600,72.42
2008-03-25,73.78,75.25,73.78,75.00,47200,71.57
2008-03-24,72.04,74.85,72.04,73.54,45000,70.18
2008-03-20,70.93,71.83,69.39,71.33,95500,68.07
2008-03-19,76.32,76.49,71.59,71.94,147900,68.65
2008-03-18,75.39,76.67,75.39,76.32,39500,72.83
2008-03-17,74.55,76.39,73.40,74.97,92900,71.54
2008-03-14,78.13,78.22,75.59,76.75,46400,73.24
2008-03-13,75.86,78.00,75.22,77.55,47000,74.00
2008-03-12,76.85,77.28,76.03,76.36,24100,72.87
2008-03-11,74.83,76.00,74.12,76.00,68500,72.52
2008-03-10,75.14,75.14,72.53,73.42,58500,70.06
2008-03-07,76.92,77.70,75.11,75.52,81600,72.06
2008-03-06,79.10,79.34,78.00,78.00,37500,74.43
2008-03-05,77.69,79.50,77.69,78.93,30600,75.32
2008-03-04,77.94,78.34,75.64,77.12,71400,73.59
2008-03-03,77.92,78.82,77.31,78.36,27700,74.77
2008-02-29,79.80,79.80,77.27,77.52,38200,73.97
2008-02-28,79.78,80.31,79.50,80.18,18000,76.51
2008-02-27,79.52,80.77,79.35,80.08,23100,76.42
2008-02-26,79.53,80.24,78.44,79.84,44800,76.19
2008-02-25,77.67,79.16,76.95,78.86,55000,75.25
2008-02-22,77.50,77.81,76.08,77.81,21700,74.25
2008-02-21,77.69,77.95,76.25,76.41,51600,72.91
2008-02-20,75.06,77.20,74.70,76.88,165900,73.36
2008-02-19,76.26,77.00,75.69,76.05,85700,72.57
2008-02-15,74.06,74.45,73.15,74.45,16900,71.04
2008-02-14,75.30,75.40,73.65,73.94,44000,70.56
2008-02-13,74.00,74.32,73.00,74.26,15900,70.86
2008-02-12,73.85,74.82,72.83,73.49,87700,70.13
2008-02-11,71.27,72.59,70.82,72.57,13400,69.25
2008-02-08,71.61,73.74,70.51,71.26,23700,68.00
2008-02-07,70.31,71.92,69.50,70.89,112600,67.65
2008-02-06,71.98,72.80,70.46,70.61,41600,67.38
2008-02-05,73.50,73.52,71.35,71.35,86600,68.09
2008-02-04,76.04,76.04,74.76,74.76,41300,71.34
2008-02-01,75.25,76.29,75.03,75.99,46900,72.51
2008-01-31,71.56,74.34,70.79,73.71,40900,70.34
2008-01-30,71.84,74.00,71.21,72.28,30200,68.97
2008-01-29,71.28,72.16,70.94,72.03,45000,68.73
2008-01-28,69.65,70.20,68.71,70.14,121200,66.93
2008-01-25,72.00,72.51,69.63,69.71,75400,66.52
2008-01-24,68.33,70.60,68.33,70.10,84500,66.89
2008-01-23,65.09,67.95,62.30,67.50,154300,64.41
2008-01-22,63.53,68.30,63.08,67.80,154000,64.70
2008-01-18,69.68,70.46,68.04,69.61,85800,66.43
2008-01-17,71.01,71.35,67.12,67.67,284600,64.57
2008-01-16,74.09,74.35,70.20,70.26,429200,67.05
2008-01-15,75.56,75.79,74.53,74.98,227000,71.55
2008-01-14,76.27,76.95,75.94,76.76,161600,73.25
2008-01-11,75.57,76.93,75.19,75.57,144000,72.11
2008-01-10,75.00,77.01,74.67,76.25,162700,72.76
2008-01-09,75.33,76.28,74.30,76.04,43200,72.56
2008-01-08,76.74,77.20,74.70,75.00,64400,71.57
2008-01-07,76.28,77.12,74.73,75.70,126900,72.24
2008-01-04,78.15,78.15,76.12,76.71,38400,73.20
2008-01-03,77.58,78.85,77.41,78.39,43800,74.80
2008-01-02,78.06,78.08,76.07,77.17,40500,73.64
2007-12-31,78.26,78.26,77.23,77.55,30400,74.00
2007-12-28,77.94,78.39,77.68,78.30,40100,74.72
2007-12-27,78.34,78.34,77.23,77.48,17300,73.94
2007-12-26,77.18,78.05,77.18,77.95,20500,74.38
2007-12-24,78.85,79.50,76.88,77.22,29400,73.69
2007-12-21,75.00,77.23,75.00,77.23,37500,73.24
2007-12-20,74.00,75.42,74.00,74.96,34400,71.08
2007-12-19,73.91,74.89,73.90,74.53,28500,70.68
2007-12-18,74.45,75.15,73.20,74.84,63900,70.97
2007-12-17,74.68,74.77,72.93,73.07,41400,69.29
2007-12-14,78.50,78.50,75.50,76.28,92300,72.34
2007-12-13,78.55,78.93,77.50,78.87,16200,74.79
2007-12-12,81.90,81.90,79.03,79.94,35300,75.81
2007-12-11,81.40,81.41,78.00,78.00,77300,73.97
2007-12-10,80.97,81.68,80.00,81.20,105000,77.00
2007-12-07,80.66,80.66,79.69,80.42,77200,76.26
2007-12-06,78.61,79.98,78.46,79.89,183100,75.76
2007-12-05,78.01,78.56,77.86,78.37,149000,74.32
2007-12-04,77.84,77.84,76.69,77.21,80100,73.22
2007-12-03,79.22,79.22,77.53,77.82,37300,73.80
2007-11-30,79.16,79.55,78.09,78.65,35400,74.58
2007-11-29,77.26,78.00,76.08,77.42,34300,73.42
2007-11-28,74.68,77.41,74.39,77.41,84000,73.41
2007-11-27,73.25,74.27,73.00,74.11,39700,70.28
2007-11-26,75.69,76.07,73.41,73.46,58300,69.66
2007-11-23,74.24,75.16,72.90,74.99,15400,71.11
2007-11-21,73.64,73.91,71.74,72.54,97200,68.79
2007-11-20,72.14,75.37,72.14,75.08,69400,71.20
2007-11-19,75.13,75.25,72.26,72.71,228800,68.95
2007-11-16,76.86,76.95,75.60,76.65,59100,72.69
2007-11-15,75.92,77.42,75.35,76.04,65200,72.11
2007-11-14,79.02,79.42,77.89,78.22,67000,74.18
2007-11-13,75.51,78.05,75.51,78.00,99300,73.97
2007-11-12,78.81,78.81,75.51,75.51,175700,71.61
2007-11-09,83.04,83.04,79.00,79.55,61600,75.44
2007-11-08,78.60,81.90,78.60,81.19,77700,76.99
2007-11-07,80.51,80.84,79.00,79.13,47800,75.04
2007-11-06,79.86,81.29,79.72,81.29,41400,77.09
2007-11-05,78.60,78.92,77.26,78.51,114600,74.45
2007-11-02,80.29,80.72,79.00,80.25,47800,76.10
2007-11-01,80.85,81.00,79.40,79.64,136100,75.52
2007-10-31,81.66,83.09,81.45,82.75,55400,78.47
2007-10-30,81.91,82.13,81.13,81.17,63400,76.97
2007-10-29,82.64,83.36,82.56,82.94,69300,78.65
2007-10-26,80.93,84.04,80.90,82.00,108900,77.76
2007-10-25,79.25,80.18,79.01,79.86,44400,75.73
2007-10-24,79.34,79.68,78.03,79.47,62700,75.36
2007-10-23,78.96,79.97,78.44,79.96,68900,75.83
2007-10-22,76.91,77.72,76.10,77.57,158000,73.56
2007-10-19,80.93,80.93,78.46,78.72,109500,74.65
2007-10-18,80.55,81.55,80.35,81.40,84500,77.19
2007-10-17,81.16,81.25,79.32,80.08,76400,75.94
2007-10-16,80.75,80.75,79.76,80.28,67600,76.13
2007-10-15,82.60,82.70,81.00,81.62,91400,77.40
2007-10-12,81.47,82.46,81.33,82.25,86600,78.00
2007-10-11,82.33,83.13,80.47,81.34,71700,77.13
2007-10-10,80.82,81.37,80.64,81.25,41100,77.05
2007-10-09,79.63,80.73,79.28,80.73,47500,76.56
2007-10-08,79.52,79.81,79.32,79.74,31200,75.62
2007-10-05,79.72,80.61,79.60,80.20,82400,76.05
2007-10-04,79.05,79.09,78.43,78.69,98500,74.62
2007-10-03,79.98,80.17,79.28,79.38,252000,75.28
2007-10-02,80.85,80.88,79.96,80.50,373800,76.34
2007-10-01,79.95,81.64,79.84,81.33,97500,77.12
2007-09-28,79.55,79.68,78.86,79.45,104000,75.34
2007-09-27,78.75,79.30,78.64,79.23,382200,75.13
2007-09-26,78.24,78.40,77.77,77.96,314000,73.93
2007-09-25,77.38,77.99,77.03,77.82,113600,73.80
2007-09-24,78.00,78.69,77.76,77.78,268100,73.76
2007-09-21,77.08,77.22,76.62,76.95,62500,72.97
2007-09-20,75.82,76.44,75.71,75.89,99600,71.97
2007-09-19,75.01,76.45,73.45,75.36,156500,71.46
2007-09-18,71.31,74.07,71.10,73.95,71600,70.13
2007-09-17,70.80,71.31,70.34,70.47,33500,66.83
2007-09-14,70.86,71.56,70.76,71.30,31300,67.61
2007-09-13,70.97,71.85,70.78,71.25,12300,67.57
2007-09-12,70.14,71.00,70.11,70.50,11400,66.85
2007-09-11,70.04,71.01,69.96,70.92,15700,67.25
2007-09-10,69.83,70.30,68.57,69.53,50400,65.93
2007-09-07,70.57,70.85,69.85,70.03,29100,66.41
2007-09-06,71.09,71.98,70.71,71.85,33600,68.13
2007-09-05,70.51,70.84,69.96,70.21,53500,66.58
2007-09-04,70.31,71.98,70.20,71.62,27100,67.92
2007-08-31,70.79,71.26,70.17,70.98,48700,67.31
2007-08-30,68.55,69.75,68.50,68.93,28800,65.37
2007-08-29,68.70,69.60,68.21,69.56,19500,65.96
2007-08-28,68.82,69.09,67.02,67.21,44500,63.73
2007-08-27,69.67,69.84,68.65,68.83,84700,65.27
2007-08-24,68.58,70.09,68.56,70.00,49800,66.38
2007-08-23,69.41,69.48,67.97,68.59,65500,65.04
2007-08-22,67.17,68.16,67.17,68.11,38900,64.59
2007-08-21,65.12,65.86,65.11,65.55,22400,62.16
2007-08-20,65.07,65.64,64.21,65.30,42000,61.92
2007-08-17,64.51,65.05,63.01,64.47,69800,61.14
2007-08-16,62.50,63.46,60.32,63.12,331900,59.86
2007-08-15,65.40,66.98,64.37,64.38,108900,61.05
2007-08-14,68.55,68.55,66.74,66.98,50900,63.52
2007-08-13,68.92,69.02,68.22,68.25,30100,64.72
2007-08-10,66.92,68.09,66.64,67.50,151300,64.01
2007-08-09,69.33,70.26,68.76,68.76,60300,65.20
2007-08-08,70.94,72.12,70.94,71.87,50500,68.15
2007-08-07,69.27,70.58,69.10,70.38,16200,66.74
2007-08-06,69.57,70.36,68.87,70.36,72200,66.72
2007-08-03,71.06,71.23,69.27,69.27,34600,65.69
2007-08-02,71.32,71.48,70.64,71.34,21300,67.65
2007-08-01,71.31,71.52,70.00,71.49,234200,67.79
2007-07-31,72.53,72.89,71.21,71.41,60900,67.72
2007-07-30,70.96,72.06,70.65,71.86,78600,68.14
2007-07-27,71.00,71.00,69.00,69.50,106300,65.91
2007-07-26,72.05,72.40,69.61,71.00,216500,67.33
2007-07-25,75.10,75.10,72.94,74.09,99900,70.26
2007-07-24,75.75,75.94,74.33,74.72,66900,70.86
2007-07-23,76.10,76.62,76.03,76.48,54000,72.53
2007-07-20,76.18,76.24,75.31,75.75,37700,71.83
2007-07-19,75.99,76.31,75.89,76.17,64300,72.23
2007-07-18,74.83,75.76,74.75,75.24,57700,71.35
2007-07-17,75.75,75.80,75.37,75.50,63700,71.60
2007-07-16,75.75,75.80,75.18,75.37,53600,71.47
2007-07-13,75.60,76.13,75.60,75.97,89800,72.04
2007-07-12,74.67,75.62,74.62,75.62,44600,71.71
2007-07-11,73.66,73.95,73.35,73.69,273800,69.88
2007-07-10,73.63,73.93,73.35,73.48,85400,69.68
2007-07-09,74.47,74.85,74.30,74.62,49800,70.76
2007-07-06,73.18,73.97,73.10,73.80,29100,69.98
2007-07-05,72.99,73.13,72.55,72.98,33600,69.21
2007-07-03,72.68,72.73,72.50,72.61,30800,68.86
2007-07-02,71.60,72.32,71.60,72.25,28900,68.51
2007-06-29,70.70,71.17,70.38,70.73,26600,67.07
2007-06-28,70.37,70.62,70.00,70.14,30100,66.51
2007-06-27,69.05,70.12,68.90,70.12,33500,66.49
2007-06-26,70.82,70.95,69.78,69.95,53300,66.33
2007-06-25,70.82,71.26,70.27,70.47,25600,66.83
2007-06-22,71.14,71.39,70.62,71.05,18100,67.38
2007-06-21,70.99,71.77,70.62,71.47,56400,67.77
2007-06-20,72.09,72.13,70.80,70.80,49100,67.14
2007-06-19,71.59,71.96,71.41,71.91,60700,68.19
2007-06-18,71.76,71.90,71.42,71.54,83400,67.84
2007-06-15,71.15,71.49,71.06,71.28,42900,67.59
2007-06-14,69.53,70.19,69.53,70.01,37000,66.39
2007-06-13,68.51,69.25,68.30,69.22,580700,65.64
2007-06-12,68.59,68.78,68.02,68.13,18200,64.61
2007-06-11,68.43,69.41,68.43,69.13,18400,65.56
2007-06-08,67.97,69.07,67.87,68.70,26600,65.15
2007-06-07,69.04,69.40,67.82,67.93,38000,64.42
2007-06-06,70.09,70.09,69.00,69.39,42200,65.80
2007-06-05,70.62,70.71,70.05,70.45,24700,66.81
2007-06-04,70.39,70.72,70.29,70.72,34100,67.06
2007-06-01,69.95,70.36,69.95,70.36,28200,66.72
2007-05-31,69.10,69.35,69.01,69.22,17200,65.64
2007-05-30,67.21,68.58,67.21,68.48,24700,64.94
2007-05-29,68.20,68.27,67.64,67.80,20200,64.29
2007-05-25,67.25,67.85,67.25,67.67,9800,64.17
2007-05-24,67.80,68.34,66.72,66.80,32100,63.35
2007-05-23,68.46,68.74,68.09,68.22,32000,64.69
2007-05-22,68.55,68.59,68.00,68.03,25500,64.51
2007-05-21,68.00,68.47,68.00,68.15,23100,64.63
2007-05-18,67.55,67.77,67.49,67.74,35300,64.24
2007-05-17,67.25,67.59,67.18,67.39,42600,63.91
2007-05-16,67.62,67.76,67.03,67.75,60300,64.25
2007-05-15,67.30,68.01,67.18,67.37,38400,63.89
2007-05-14,67.85,67.94,67.11,67.36,223900,63.88
2007-05-11,67.50,68.17,67.45,67.84,93800,64.33
2007-05-10,67.70,67.79,66.66,67.04,434700,63.57
2007-05-09,67.65,68.42,67.65,68.42,32100,64.88
2007-05-08,67.35,67.35,66.73,67.29,33200,63.81
2007-05-07,67.65,67.77,67.50,67.67,43900,64.17
2007-05-04,66.35,66.71,66.34,66.71,51800,63.26
2007-05-03,65.40,66.04,65.26,65.82,30800,62.42
2007-05-02,64.17,65.26,64.17,65.05,9800,61.69
2007-05-01,64.34,64.34,63.12,63.64,32900,60.35
2007-04-30,64.55,65.00,64.05,64.12,27700,60.80
2007-04-27,64.25,65.02,63.21,64.65,62900,61.31
2007-04-26,65.31,65.31,64.79,65.07,34700,61.71
2007-04-25,65.08,65.50,65.00,65.30,51200,61.92
2007-04-24,64.95,64.97,64.50,64.78,10400,61.43
2007-04-23,65.00,65.32,64.95,65.01,25200,61.65
2007-04-20,65.11,65.38,65.11,65.27,13200,61.90
2007-04-19,64.05,64.92,64.00,64.74,42300,61.39
2007-04-18,65.20,65.42,65.04,65.12,43000,61.75
2007-04-17,65.50,65.70,65.22,65.46,38600,62.08
2007-04-16,65.40,65.71,65.24,65.70,33200,62.30
2007-04-13,64.71,65.04,64.40,64.93,25400,61.57
2007-04-12,64.32,64.94,64.04,64.77,32400,61.42
2007-04-11,64.85,64.90,63.75,64.35,41200,61.02
2007-04-10,64.60,64.77,64.35,64.73,17900,61.38
2007-04-09,64.39,64.49,64.04,64.34,45500,61.01
2007-04-05,63.75,63.97,63.67,63.94,55100,60.63
2007-04-04,63.43,63.96,63.43,63.78,36700,60.48
2007-04-03,63.12,63.70,63.03,63.49,417000,60.21
2007-04-02,62.70,62.77,62.36,62.60,63000,59.36
2007-03-30,62.85,63.00,62.60,62.64,32600,59.40
2007-03-29,62.48,62.79,62.00,62.69,36500,59.45
2007-03-28,62.10,62.27,61.76,61.96,39700,58.76
2007-03-27,62.65,62.72,62.50,62.65,17600,59.41
2007-03-26,62.81,63.01,62.23,63.01,45400,59.75
2007-03-23,62.37,62.58,62.34,62.57,21000,59.33
2007-03-22,62.80,62.80,62.19,62.34,70900,59.12
2007-03-21,61.45,62.86,61.34,62.75,70300,59.51
2007-03-20,60.86,61.35,60.75,61.23,6500,58.06
2007-03-19,60.65,61.00,60.53,61.00,44800,57.85
2007-03-16,60.29,60.51,59.88,59.99,114200,56.89
2007-03-15,59.54,60.34,59.42,60.17,81500,57.06
2007-03-14,58.56,58.93,56.88,58.93,15100,55.88
2007-03-13,60.16,60.30,58.61,58.61,18700,55.58
2007-03-12,60.15,60.76,60.01,60.64,35200,57.50
2007-03-09,59.38,60.12,59.30,59.55,82000,56.47
2007-03-08,59.57,60.02,57.69,59.37,220200,56.30
2007-03-07,58.84,59.27,58.81,58.82,9700,55.78
2007-03-06,58.56,58.91,58.19,58.79,39800,55.75
2007-03-05,56.95,57.54,56.83,56.84,18600,53.90
2007-03-02,58.70,58.90,58.12,58.35,47000,55.33
2007-03-01,58.10,59.00,55.00,58.89,32100,55.84
2007-02-28,59.35,59.57,58.75,59.25,70700,56.19
2007-02-27,60.80,61.00,58.24,59.26,194500,56.20
2007-02-26,62.79,62.96,62.34,62.57,26600,59.33
2007-02-23,62.00,62.19,61.90,62.15,9500,58.94
2007-02-22,62.23,62.23,61.69,61.95,22100,58.75
2007-02-21,61.19,61.85,61.00,61.77,46400,58.58
2007-02-20,60.90,61.52,60.89,61.51,14200,58.33
2007-02-16,60.83,61.00,60.61,61.00,27100,57.85
2007-02-15,60.88,61.10,60.80,61.08,6800,57.92
2007-02-14,60.50,60.88,60.35,60.79,18000,57.65
2007-02-13,59.29,59.89,59.29,59.89,12100,56.79
2007-02-12,58.92,58.98,58.50,58.70,11600,55.66
2007-02-09,59.34,59.39,58.79,58.86,90700,55.82
2007-02-08,58.90,59.21,58.65,59.14,56000,56.08
2007-02-07,59.38,59.64,59.30,59.50,445400,56.42
2007-02-06,58.85,59.20,58.80,59.16,70800,56.10
2007-02-05,58.35,58.61,58.17,58.40,178000,55.38
2007-02-02,58.61,58.61,58.28,58.59,7900,55.56
2007-02-01,58.25,58.90,58.25,58.75,5600,55.71
2007-01-31,57.36,58.12,57.36,58.11,3700,55.11
2007-01-30,57.13,57.47,57.11,57.47,1300,54.50
2007-01-29,57.13,57.34,57.06,57.08,5400,54.13
2007-01-26,57.16,57.26,56.88,57.24,20200,54.28
2007-01-25,57.92,57.92,56.97,57.27,43600,54.31
2007-01-24,57.61,58.09,57.61,58.09,10100,55.09
2007-01-23,56.64,57.33,56.64,57.33,10200,54.37
2007-01-22,56.69,56.69,56.01,56.18,4700,53.28
2007-01-19,56.21,56.47,56.11,56.47,9200,53.55
2007-01-18,56.28,56.28,55.60,55.71,6200,52.83
2007-01-17,55.70,56.03,55.56,55.95,12100,53.06
2007-01-16,56.08,56.08,55.64,55.66,19600,52.78
2007-01-12,55.10,55.99,55.10,55.94,12800,53.05
2007-01-11,54.74,55.45,54.74,55.31,20600,52.45
2007-01-10,53.90,54.68,53.60,54.60,46300,51.78
2007-01-09,54.50,54.71,54.06,54.59,186800,51.77
2007-01-08,54.48,54.63,54.22,54.35,66900,51.54
2007-01-05,54.71,54.76,54.29,54.74,31300,51.91
2007-01-04,55.50,55.58,55.19,55.50,9200,52.63
2007-01-03,56.90,56.90,55.94,56.14,27500,53.24
2006-12-29,56.54,56.70,56.54,56.69,24100,53.76
2006-12-28,56.85,56.87,56.65,56.71,64800,53.78
2006-12-27,56.20,56.54,56.20,56.54,184100,53.62
2006-12-26,55.79,55.81,55.70,55.80,62700,52.91
2006-12-22,56.05,56.05,55.40,55.58,53700,52.71
2006-12-21,56.28,56.28,55.53,55.76,76700,52.88
2006-12-20,56.75,56.97,56.52,56.52,24600,53.60
2006-12-19,56.10,56.75,56.10,56.66,7800,53.73
2006-12-18,56.75,56.75,56.30,56.30,4900,53.39
2006-12-15,57.05,57.05,56.75,56.75,7300,53.82
2006-12-14,56.48,56.94,56.48,56.89,12900,53.95
2006-12-13,56.17,56.36,56.01,56.31,17100,53.40
2006-12-12,56.12,56.21,55.85,56.18,3300,53.28
2006-12-11,56.25,56.50,56.24,56.35,5600,53.44
2006-12-08,56.43,56.43,55.87,56.11,11400,53.21
2006-12-07,56.56,56.70,56.39,56.42,12900,53.50
2006-12-06,56.17,56.64,56.17,56.29,15100,53.38
2006-12-05,56.20,56.59,56.20,56.49,9300,53.57
2006-12-04,55.54,56.10,55.54,56.05,7000,53.15
2006-12-01,55.50,55.50,54.80,55.21,2900,52.36
2006-11-30,55.28,55.53,55.11,55.34,8800,52.48
2006-11-29,54.83,55.05,54.67,55.04,2000,52.19
2006-11-28,54.00,54.19,53.97,54.13,1200,51.33
2006-11-27,54.60,54.60,53.93,53.96,3400,51.17
2006-11-24,54.45,54.57,54.45,54.57,1400,51.75
2006-11-22,54.40,54.56,54.21,54.53,2900,51.71
2006-11-21,53.50,53.90,53.50,53.90,7100,51.11
2006-11-20,53.45,53.59,53.02,53.19,14600,50.44
2006-11-17,53.01,53.29,53.00,53.29,2700,50.53
2006-11-16,53.85,53.99,53.54,53.58,6100,50.81
2006-11-15,53.58,54.09,53.50,53.79,8700,51.01
2006-11-14,53.77,54.03,53.50,54.03,9100,51.24
2006-11-13,53.37,53.96,53.37,53.91,77600,51.12
2006-11-10,54.60,54.60,54.00,54.16,3500,51.36
2006-11-09,54.20,54.61,54.18,54.30,29800,51.49
2006-11-08,53.80,54.20,53.80,54.18,6400,51.38
2006-11-07,54.47,54.72,54.11,54.11,10700,51.31
2006-11-06,53.75,54.33,53.75,54.23,6300,51.43
2006-11-03,53.64,53.64,53.38,53.38,3000,50.62
2006-11-02,53.35,53.62,53.29,53.59,3300,50.82
2006-11-01,53.99,53.99,53.26,53.26,4600,50.51
2006-10-31,53.20,53.53,53.19,53.35,2200,50.59
2006-10-30,53.23,53.36,53.23,53.25,500,50.50
2006-10-27,53.35,53.59,53.08,53.08,1200,50.34
2006-10-26,53.19,53.54,53.14,53.54,3300,50.77
2006-10-25,52.85,53.04,52.70,53.02,37900,50.28
2006-10-24,52.17,52.65,52.17,52.65,13700,49.93
2006-10-23,52.45,52.46,52.38,52.38,1900,49.67
2006-10-20,52.53,52.53,52.20,52.35,16000,49.64
2006-10-19,51.90,52.52,51.90,52.52,1300,49.80
2006-10-18,51.76,51.76,51.58,51.67,900,49.00
2006-10-17,51.65,51.76,51.50,51.64,4400,48.97
2006-10-16,51.92,52.21,51.91,52.17,3400,49.47
2006-10-13,51.69,51.69,51.50,51.50,600,48.84
2006-10-12,50.52,50.95,50.52,50.95,2500,48.32
2006-10-11,50.17,50.47,50.17,50.47,11500,47.86
2006-10-10,50.35,50.58,50.35,50.58,500,47.96
2006-10-09,50.24,50.50,50.24,50.36,1200,47.76
2006-10-06,49.97,50.03,49.97,50.03,600,47.44
2006-10-05,50.02,50.34,49.94,50.34,1900,47.74
2006-10-04,49.22,49.68,49.10,49.68,1300,47.11
2006-10-03,49.65,49.88,49.50,49.50,3200,46.94
2006-10-02,50.18,50.54,50.18,50.26,1600,47.66
2006-09-29,50.00,50.12,50.00,50.12,400,47.53
2006-09-28,50.12,50.29,50.12,50.27,700,47.67
2006-09-27,49.75,49.97,49.75,49.97,20600,47.39
2006-09-26,48.82,49.23,48.82,49.23,40500,46.68
2006-09-25,48.26,48.70,47.97,48.70,40700,46.18
2006-09-22,49.01,49.01,48.74,48.74,15000,46.22