2011-05-10,27.58,27.76,27.58,27.76,1000,27.76
2011-05-09,27.19,27.35,27.19,27.30,1100,27.30
2011-05-06,27.44,27.44,27.30,27.30,1300,27.30
2011-05-05,27.16,27.17,27.10,27.17,1900,27.17
2011-05-04,27.16,27.16,27.16,27.16,300,27.16
2011-05-03,27.47,27.47,27.26,27.26,1800,27.26
2011-05-02,27.64,27.64,27.39,27.46,19000,27.46
2011-04-29,27.64,27.64,27.49,27.56,2900,27.56
2011-04-28,27.45,27.53,27.41,27.53,1500,27.53
2011-04-27,27.40,27.42,27.39,27.39,1100,27.39
2011-04-26,27.28,27.41,27.28,27.35,4800,27.35
2011-04-25,27.16,27.19,27.16,27.19,1000,27.19
2011-04-21,27.18,27.18,27.17,27.17,600,27.17
2011-04-20,27.03,27.06,26.98,26.98,1300,26.98
2011-04-19,26.44,26.44,26.38,26.44,1600,26.44
2011-04-18,26.30,26.36,26.18,26.36,1100,26.36
2011-04-15,26.66,26.66,26.66,26.66,300,26.66
2011-04-14,26.24,26.31,26.24,26.31,200,26.31
2011-04-13,26.33,26.39,26.21,26.27,1600,26.27
2011-04-12,26.29,26.35,26.23,26.30,2300,26.30
2011-04-11,26.47,26.50,26.34,26.36,2300,26.36
2011-04-08,26.61,26.62,26.35,26.35,3000,26.35
2011-04-07,26.54,26.72,26.54,26.63,9700,26.63
2011-04-06,26.49,26.57,26.49,26.57,1300,26.57
2011-04-05,26.65,26.65,26.55,26.55,900,26.55
2011-04-04,26.32,26.34,26.29,26.30,4400,26.30
2011-04-01,26.44,26.50,26.33,26.33,17100,26.33
2011-03-31,26.09,26.22,26.09,26.21,1500,26.21
2011-03-30,26.14,26.23,26.14,26.23,300,26.23
2011-03-29,25.70,25.77,25.70,25.77,600,25.77
2011-03-28,25.74,25.75,25.71,25.72,1800,25.72
2011-03-25,25.79,26.09,25.79,26.09,2400,26.09
2011-03-24,25.74,25.79,25.72,25.79,2000,25.79
2011-03-23,25.04,25.46,25.01,25.44,34500,25.44
2011-03-22,25.41,25.41,25.25,25.26,900,25.26
2011-03-21,25.27,25.37,25.27,25.37,1100,25.37
2011-03-18,24.99,24.99,24.99,24.99,100,24.99
2011-03-17,25.26,25.26,24.94,24.94,1300,24.94
2011-03-16,25.16,25.27,24.96,25.01,9700,25.01
2011-03-15,24.44,25.30,24.17,25.21,6100,25.21
2011-03-14,25.25,25.34,25.24,25.34,1700,25.34
2011-03-11,25.42,25.73,25.36,25.73,1900,25.73
2011-03-10,25.51,25.51,25.42,25.43,1800,25.43
2011-03-09,25.69,25.76,25.69,25.72,600,25.72
2011-03-08,25.70,25.70,25.63,25.70,1000,25.70
2011-03-07,25.80,25.80,25.27,25.35,1300,25.35
2011-03-04,25.50,25.65,25.50,25.65,11400,25.65
2011-03-03,25.72,25.83,25.72,25.83,2100,25.83
2011-03-02,25.26,25.26,25.26,25.26,000,25.26
2011-03-01,25.60,25.60,25.26,25.26,1500,25.26
2011-02-28,25.83,25.85,25.63,25.76,2300,25.76
2011-02-25,25.46,25.73,25.46,25.73,2000,25.73
2011-02-24,25.22,25.30,25.01,25.27,163100,25.27
2011-02-23,25.42,25.46,25.23,25.23,1800,25.23
2011-02-22,25.93,25.93,25.61,25.61,3200,25.61
2011-02-18,26.11,26.31,26.11,26.31,500,26.31
2011-02-17,26.28,26.29,26.25,26.25,1600,26.25
2011-02-16,26.27,26.27,26.15,26.22,2200,26.22
2011-02-15,25.91,25.96,25.88,25.90,9600,25.90
2011-02-14,26.18,26.18,26.02,26.06,3200,26.06
2011-02-11,25.91,26.12,25.88,26.12,6000,26.12
2011-02-10,25.82,25.93,25.80,25.93,24700,25.93
2011-02-09,25.86,25.91,25.79,25.82,5400,25.82
2011-02-08,25.75,25.80,25.72,25.79,6400,25.79
2011-02-07,25.59,25.66,25.59,25.63,2200,25.63
2011-02-04,25.44,25.47,25.35,25.46,6600,25.46
2011-02-03,25.25,25.37,25.25,25.35,1000,25.35
2011-02-02,25.15,25.24,25.07,25.11,1200,25.11
2011-02-01,25.11,25.42,25.11,25.42,5900,25.42
2011-01-31,24.87,25.09,24.84,24.94,16600,24.94
2011-01-28,25.60,25.60,24.81,24.81,2600,24.81
2011-01-27,25.45,25.60,25.45,25.60,13900,25.60
2011-01-26,25.18,25.50,25.13,25.42,13700,25.42
2011-01-25,25.01,25.06,24.91,24.92,12700,24.92
2011-01-24,25.05,25.17,24.91,25.11,3700,25.11
2011-01-21,25.02,25.10,24.97,24.97,2200,24.97
2011-01-20,25.15,25.17,25.01,25.11,2700,25.11
2011-01-19,25.20,25.22,25.10,25.10,1100,25.10
2011-01-18,25.42,25.42,25.26,25.33,7100,25.33
2011-01-14,25.32,25.49,25.32,25.45,4500,25.45
2011-01-13,25.53,25.53,25.31,25.31,6500,25.31
2011-01-12,25.66,25.66,25.44,25.47,1400,25.47
2011-01-11,25.57,25.57,25.31,25.36,1800,25.36
2011-01-10,25.18,25.49,25.12,25.42,62300,25.42
2011-01-07,25.58,25.58,25.19,25.39,20700,25.39
2011-01-06,25.47,25.50,25.37,25.38,35000,25.38
2011-01-05,25.44,25.56,25.44,25.56,2600,25.56
2011-01-04,25.48,25.48,25.21,25.30,2700,25.30
2011-01-03,25.70,25.77,25.67,25.71,6800,25.71
2010-12-31,25.45,25.49,25.38,25.42,10700,25.42
2010-12-30,25.50,25.56,25.50,25.51,9200,25.51
2010-12-29,25.52,25.61,25.52,25.58,5000,25.58
2010-12-28,25.51,25.52,25.42,25.42,4900,25.42
2010-12-27,25.55,25.62,25.45,25.61,10500,25.61
2010-12-23,25.75,25.75,25.57,25.62,4300,25.62
2010-12-22,25.76,25.80,25.65,25.72,14400,25.72
2010-12-21,25.69,25.75,25.69,25.75,1600,25.75
2010-12-20,25.76,25.76,25.59,25.69,1500,25.69
2010-12-17,25.62,25.62,25.48,25.53,5900,25.53
2010-12-16,25.37,25.68,25.37,25.64,9300,25.51
2010-12-15,25.53,25.58,25.39,25.39,3000,25.26
2010-12-14,25.62,25.73,25.58,25.58,22600,25.45
2010-12-13,26.12,26.12,25.64,25.64,5400,25.51
2010-12-10,25.78,25.88,25.68,25.85,13200,25.72
2010-12-09,25.64,25.71,25.64,25.68,21600,25.55
2010-12-08,25.78,25.78,25.64,25.71,1800,25.58
2010-12-07,25.95,25.99,25.79,25.79,44700,25.66
2010-12-06,25.70,25.81,25.62,25.77,12300,25.64
2010-12-03,25.55,25.67,25.48,25.67,7200,25.54
2010-12-02,25.54,25.59,25.51,25.59,2500,25.46
2010-12-01,25.39,25.40,25.30,25.34,2800,25.21
2010-11-30,24.93,25.05,24.93,24.94,4600,24.81
2010-11-29,24.74,24.77,24.74,24.77,1000,24.64
2010-11-26,25.03,25.10,24.99,25.06,1800,24.93
2010-11-24,24.90,25.08,24.88,25.06,8500,24.93
2010-11-23,24.54,24.66,24.47,24.56,125400,24.44
2010-11-22,24.60,24.70,24.48,24.69,8700,24.56
2010-11-19,24.23,24.48,24.23,24.47,4600,24.35
2010-11-18,24.30,24.45,24.23,24.33,7000,24.21
2010-11-17,23.93,23.96,23.91,23.96,9200,23.84
2010-11-16,24.12,24.12,23.58,23.65,2000,23.53
2010-11-15,24.31,24.37,24.12,24.12,3100,24.00
2010-11-12,24.38,24.40,24.12,24.12,3700,24.00
2010-11-11,24.29,24.29,24.29,24.29,000,24.17
2010-11-10,24.04,24.29,24.04,24.29,400,24.17
2010-11-09,24.63,24.63,24.12,24.12,3800,24.00
2010-11-08,24.52,24.61,24.39,24.61,2600,24.49
2010-11-05,24.45,24.68,24.45,24.55,5100,24.43
2010-11-04,24.31,24.37,24.30,24.37,1000,24.25
2010-11-03,23.72,23.89,23.60,23.89,8600,23.77
2010-11-02,23.53,23.75,23.50,23.69,73800,23.57
2010-11-01,23.61,23.61,23.46,23.46,4500,23.34
2010-10-29,23.48,23.51,23.48,23.51,1700,23.39
2010-10-28,23.59,23.59,23.27,23.39,9500,23.27
2010-10-27,23.27,23.27,23.20,23.26,3800,23.14
2010-10-26,23.61,23.81,23.61,23.81,70600,23.69
2010-10-25,23.56,23.71,23.56,23.59,4400,23.47
2010-10-22,23.33,23.39,23.33,23.39,6200,23.27
2010-10-21,23.25,23.25,23.10,23.10,1900,22.98
2010-10-20,22.93,23.23,22.93,23.23,1300,23.11
2010-10-19,23.04,23.20,22.83,22.83,4500,22.71
2010-10-18,23.35,23.37,23.30,23.33,2900,23.21
2010-10-15,23.08,23.31,23.08,23.26,1100,23.14
2010-10-14,23.26,23.27,23.11,23.12,10300,23.00
2010-10-13,23.24,23.30,23.16,23.30,1600,23.18
2010-10-12,23.02,23.09,23.02,23.09,700,22.97
2010-10-11,22.90,23.12,22.90,23.09,3600,22.97
2010-10-08,22.60,22.93,22.60,22.93,3800,22.81
2010-10-07,22.63,22.64,22.52,22.64,1900,22.53
2010-10-06,22.45,22.54,22.44,22.51,1500,22.40
2010-10-05,22.63,22.65,22.63,22.65,800,22.54
2010-10-04,22.44,22.44,22.44,22.44,000,22.33
2010-10-01,22.48,22.48,22.34,22.44,800,22.33
2010-09-30,22.60,22.60,22.25,22.33,2700,22.22
2010-09-29,22.37,22.51,22.37,22.48,11200,22.37
2010-09-28,22.12,22.36,22.00,22.36,1100,22.25
2010-09-27,22.15,22.35,22.15,22.35,2100,22.24
2010-09-24,22.05,22.16,22.05,22.16,2700,22.05
2010-09-23,21.48,21.78,21.48,21.60,6200,21.49
2010-09-22,21.87,21.87,21.63,21.68,2300,21.57
2010-09-21,22.12,22.12,21.88,21.93,7700,21.82
2010-09-20,21.93,22.07,21.93,22.07,700,21.96
2010-09-17,21.65,21.65,21.54,21.65,13100,21.54
2010-09-16,21.81,21.81,21.65,21.65,800,21.51
2010-09-15,21.52,21.71,21.52,21.71,500,21.57
2010-09-14,21.08,21.08,21.08,21.08,000,20.95
2010-09-13,21.08,21.08,21.08,21.08,000,20.95
2010-09-10,21.15,21.19,21.04,21.08,2500,20.95
2010-09-09,21.04,21.04,20.96,20.96,600,20.83
2010-09-08,21.10,21.10,21.02,21.02,3600,20.89
2010-09-07,21.13,21.13,20.87,20.87,700,20.74
2010-09-03,21.13,21.29,21.13,21.28,4100,21.15
2010-09-02,20.62,20.93,20.62,20.92,3500,20.79
2010-09-01,20.28,20.36,20.27,20.34,11100,20.21
2010-08-31,19.45,19.77,19.45,19.67,1900,19.55
2010-08-30,19.96,19.96,19.65,19.65,1700,19.53
2010-08-27,19.66,20.03,19.66,20.03,9000,19.90
2010-08-26,20.01,20.07,19.68,19.71,148000,19.59
2010-08-25,19.49,19.96,19.41,19.89,17100,19.76
2010-08-24,19.69,19.80,19.58,19.71,2600,19.59
2010-08-23,20.19,20.29,20.19,20.29,300,20.16
2010-08-20,20.20,20.31,20.01,20.31,9200,20.18
2010-08-19,20.70,20.70,20.39,20.42,14900,20.29
2010-08-18,20.88,20.88,20.78,20.79,2400,20.66
2010-08-17,20.38,20.64,20.38,20.50,3100,20.37
2010-08-16,20.07,20.19,19.96,20.14,2200,20.01
2010-08-13,20.23,20.27,20.17,20.27,26100,20.14
2010-08-12,20.21,20.49,20.01,20.44,6100,20.31
2010-08-11,20.87,20.87,20.45,20.45,2500,20.32
2010-08-10,21.14,21.28,21.14,21.28,23000,21.15
2010-08-09,21.39,21.51,21.39,21.49,13100,21.35
2010-08-06,21.12,21.23,20.96,21.20,4900,21.07
2010-08-05,21.23,21.40,21.23,21.35,3100,21.22
2010-08-04,21.33,21.40,21.33,21.39,900,21.26
2010-08-03,21.17,21.34,21.17,21.18,5200,21.05
2010-08-02,21.63,21.68,21.43,21.65,7800,21.51
2010-07-30,20.95,21.23,20.95,21.23,8500,21.10
2010-07-29,21.32,21.32,21.05,21.15,5100,21.02
2010-07-28,21.27,21.30,21.04,21.15,2500,21.02
2010-07-27,21.89,21.89,21.37,21.37,1900,21.24
2010-07-26,21.53,21.74,21.44,21.73,74000,21.59
2010-07-23,21.04,21.32,21.01,21.32,7400,21.19
2010-07-22,20.45,20.97,20.45,20.97,2100,20.84
2010-07-21,20.51,20.55,20.18,20.31,4800,20.18
2010-07-20,20.10,20.62,19.93,20.62,8400,20.49
2010-07-19,19.99,20.20,19.99,20.20,1000,20.07
2010-07-16,20.46,20.52,20.14,20.15,2500,20.02
2010-07-15,20.98,20.98,20.95,20.95,1200,20.82
2010-07-14,20.97,21.05,20.86,20.90,1500,20.77
2010-07-13,20.47,21.13,20.47,21.03,15600,20.90
2010-07-12,20.23,20.45,20.20,20.42,2400,20.29
2010-07-09,20.32,20.58,20.26,20.57,7700,20.44
2010-07-08,20.29,20.30,20.01,20.25,8300,20.12
2010-07-07,19.45,19.95,19.45,19.95,1200,19.82
2010-07-06,19.87,20.08,19.23,19.23,12400,19.11
2010-07-02,19.85,19.89,19.49,19.59,138400,19.47
2010-07-01,19.80,19.81,19.30,19.75,7000,19.63
2010-06-30,20.09,20.17,19.80,19.80,18400,19.68
2010-06-29,20.57,20.57,19.86,19.98,64000,19.85
2010-06-28,20.94,21.03,20.80,20.86,6000,20.73
2010-06-25,20.63,20.95,20.52,20.91,20500,20.78
2010-06-24,20.94,20.98,20.59,20.63,6500,20.50
2010-06-23,21.16,21.36,21.13,21.29,7000,21.16
2010-06-22,21.76,21.86,21.28,21.31,5700,21.18
2010-06-21,22.65,22.65,21.84,21.90,10800,21.76
2010-06-18,22.33,22.45,22.26,22.26,4500,22.12
2010-06-17,22.63,22.63,22.04,22.28,62300,22.13
2010-06-16,22.25,22.56,22.25,22.46,11800,22.31
2010-06-15,22.03,22.54,22.03,22.54,3500,22.38
2010-06-14,22.25,22.27,22.01,22.03,6300,21.88
2010-06-11,21.44,21.90,21.44,21.90,7500,21.75
2010-06-10,21.32,21.66,21.31,21.66,11200,21.51
2010-06-09,20.89,21.31,20.82,20.84,32400,20.70
2010-06-08,20.48,20.59,20.17,20.54,18700,20.40
2010-06-07,21.11,21.34,20.59,20.59,22400,20.45
2010-06-04,21.83,21.83,21.12,21.16,2900,21.01
2010-06-03,22.39,22.39,22.07,22.31,3700,22.16
2010-06-02,21.59,22.09,21.59,22.08,5700,21.93
2010-06-01,21.87,22.32,21.73,21.73,19500,21.58
2010-05-28,22.64,22.64,22.16,22.40,7300,22.25
2010-05-27,22.32,22.58,22.06,22.58,38600,22.42
2010-05-26,21.78,22.17,21.59,21.59,5500,21.44
2010-05-25,21.04,21.64,20.76,21.64,12700,21.49
2010-05-24,21.71,21.85,21.62,21.66,5900,21.51
2010-05-21,21.00,21.87,20.83,21.68,48300,21.53
2010-05-20,21.46,21.79,21.27,21.39,20700,21.24
2010-05-19,22.48,22.48,21.89,22.18,3000,22.03
2010-05-18,23.11,23.18,22.34,22.45,14900,22.30
2010-05-17,22.84,22.84,22.30,22.53,8700,22.37
2010-05-14,22.77,22.94,22.58,22.58,3100,22.42
2010-05-13,23.84,23.84,23.27,23.27,11700,23.11
2010-05-12,23.39,23.77,23.38,23.77,14600,23.61
2010-05-11,23.07,23.45,22.96,23.24,21500,23.08
2010-05-10,22.62,23.01,22.62,23.01,10800,22.85
2010-05-07,21.81,22.46,21.47,21.73,21600,21.58
2010-05-06,23.09,23.09,11.79,22.54,28200,22.38
2010-05-05,23.21,23.57,22.75,23.09,41500,22.93
2010-05-04,24.03,24.03,23.39,23.47,9900,23.31
2010-05-03,23.76,24.32,23.72,24.26,13300,24.09
2010-04-30,24.41,24.58,23.74,23.74,10800,23.58
2010-04-29,24.28,24.48,24.21,24.48,10100,24.31
2010-04-28,24.18,24.18,23.95,24.11,15200,23.94
2010-04-27,24.64,24.75,24.11,24.11,5000,23.94
2010-04-26,24.84,24.91,24.74,24.74,18400,24.57
2010-04-23,24.71,24.71,24.51,24.66,16700,24.49
2010-04-22,24.10,24.63,24.10,24.61,8400,24.44
2010-04-21,23.79,24.16,23.79,24.13,24200,23.96
2010-04-20,23.56,23.73,23.56,23.73,5400,23.57
2010-04-19,23.60,23.65,23.14,23.42,7200,23.26
2010-04-16,23.84,23.94,23.43,23.56,13700,23.40
2010-04-15,23.70,23.89,23.70,23.88,7900,23.72
2010-04-14,23.43,23.74,23.41,23.74,7800,23.58
2010-04-13,23.34,23.34,23.19,23.25,1000,23.09
2010-04-12,23.29,23.29,23.19,23.27,5500,23.11
2010-04-09,23.08,23.22,23.06,23.22,6100,23.06
2010-04-08,22.82,23.07,22.82,23.01,29300,22.85
2010-04-07,22.87,22.95,22.81,22.88,1500,22.72
2010-04-06,22.80,22.95,22.78,22.91,9700,22.75
2010-04-05,22.52,22.83,22.52,22.83,16300,22.67
2010-04-01,22.49,22.50,22.34,22.34,2700,22.19
2010-03-31,22.39,22.40,22.26,22.31,9800,22.16
2010-03-30,22.45,22.45,22.30,22.39,3300,22.24
2010-03-29,22.51,22.51,22.03,22.35,122700,22.20
2010-03-26,22.43,22.44,22.30,22.36,10200,22.21
2010-03-25,22.43,22.48,22.17,22.18,4600,22.03
2010-03-24,22.34,22.34,22.20,22.20,3800,22.05
2010-03-23,22.24,22.41,22.23,22.41,4500,22.26
2010-03-22,21.71,22.20,21.71,22.18,2600,22.03
2010-03-19,22.15,22.15,21.86,21.88,5300,21.73
2010-03-18,22.15,22.19,22.14,22.15,2900,22.00
2010-03-17,22.08,22.14,22.07,22.14,10300,21.99
2010-03-16,21.99,22.08,21.99,22.08,3100,21.93
2010-03-15,21.94,21.97,21.85,21.95,25000,21.80
2010-03-12,21.95,22.03,21.85,21.97,15200,21.82
2010-03-11,21.80,21.97,21.80,21.97,2200,21.82
2010-03-10,21.80,21.92,21.80,21.89,11300,21.74
2010-03-09,21.77,21.92,21.77,21.77,3500,21.62
2010-03-08,21.71,21.78,21.71,21.75,11000,21.60
2010-03-05,21.43,21.67,21.43,21.64,5300,21.49
2010-03-04,21.26,21.31,21.23,21.31,5300,21.16
2010-03-03,21.26,21.31,21.09,21.17,12400,21.02
2010-03-02,21.27,21.31,21.18,21.20,23300,21.05
2010-03-01,20.86,21.22,20.86,21.19,18500,21.04
2010-02-26,20.81,20.85,20.67,20.82,22100,20.68
2010-02-25,20.43,20.80,20.43,20.80,6900,20.66
2010-02-24,20.64,20.71,20.59,20.71,2700,20.57
2010-02-23,20.41,20.48,20.38,20.48,8000,20.34
2010-02-22,20.57,20.61,20.56,20.56,1100,20.42
2010-02-19,20.53,20.64,20.53,20.59,500,20.45
2010-02-18,20.36,20.58,20.36,20.58,2400,20.44
2010-02-17,20.34,20.37,20.31,20.37,1300,20.23
2010-02-16,20.00,20.08,20.00,20.07,1000,19.93
2010-02-12,19.62,19.77,19.57,19.77,1100,19.63
2010-02-11,19.43,19.77,19.43,19.77,1800,19.63
2010-02-10,19.49,19.49,19.31,19.43,1300,19.30
2010-02-09,19.30,19.52,19.30,19.52,700,19.39
2010-02-08,19.29,19.29,19.25,19.25,3100,19.12
2010-02-05,19.10,19.29,18.90,19.28,19700,19.15
2010-02-04,19.75,19.75,19.44,19.44,21600,19.31
2010-02-03,20.19,20.19,19.93,20.04,4200,19.90
2010-02-02,20.00,20.25,20.00,20.21,2700,20.07
2010-02-01,19.74,19.83,19.74,19.83,1400,19.69
2010-01-29,19.90,19.90,19.42,19.46,1400,19.33
2010-01-28,19.56,19.77,19.56,19.77,12000,19.63
2010-01-27,19.65,19.74,19.64,19.74,8400,19.60
2010-01-26,19.67,19.82,19.60,19.70,7700,19.56
2010-01-25,19.81,19.81,19.62,19.74,23800,19.60
2010-01-22,20.00,20.06,19.60,19.64,4900,19.50
2010-01-21,20.42,20.42,19.99,20.07,2100,19.93
2010-01-20,20.57,20.57,20.34,20.47,900,20.33
2010-01-19,20.47,20.74,19.46,20.74,7200,20.60
2010-01-15,20.65,20.65,20.37,20.37,1300,20.23
2010-01-14,20.70,20.70,20.66,20.66,1300,20.52
2010-01-13,20.37,20.54,20.37,20.54,1000,20.40
2010-01-12,20.42,20.44,20.42,20.43,700,20.29
2010-01-11,20.58,20.74,20.58,20.74,3300,20.60
2010-01-08,20.57,20.71,20.57,20.71,2700,20.57
2010-01-07,20.49,20.62,20.49,20.62,16000,20.48
2010-01-06,20.31,20.44,20.30,20.40,4000,20.26
2010-01-05,20.22,20.27,20.22,20.27,1900,20.13
2010-01-04,20.12,20.12,20.02,20.07,3800,19.93
2009-12-31,19.96,19.96,19.81,19.81,2100,19.67
2009-12-30,20.00,20.01,19.89,19.97,44000,19.83
2009-12-29,20.07,20.07,20.00,20.00,3600,19.86
2009-12-28,20.07,20.08,20.00,20.00,7900,19.86
2009-12-24,20.03,20.04,20.02,20.03,3700,19.89
2009-12-23,19.99,20.02,19.88,20.02,16700,19.88
2009-12-22,19.90,19.90,19.81,19.90,5900,19.76
2009-12-21,19.85,19.85,19.84,19.84,5200,19.70
2009-12-18,19.57,19.57,19.46,19.52,3900,19.39
2009-12-17,19.50,19.53,19.50,19.53,2200,19.36
2009-12-16,19.75,19.75,19.63,19.63,1300,19.46
2009-12-15,19.45,19.66,19.45,19.62,6400,19.45
2009-12-14,19.46,19.62,19.46,19.62,1200,19.45
2009-12-11,19.28,19.33,19.28,19.33,1000,19.16
2009-12-10,19.30,19.30,19.16,19.16,10400,18.99
2009-12-09,18.99,19.08,18.90,19.07,8100,18.90
2009-12-08,19.12,19.17,19.06,19.06,5500,18.89
2009-12-07,19.29,19.30,19.23,19.23,800,19.06
2009-12-04,19.46,19.47,19.19,19.19,1800,19.02
2009-12-03,19.25,19.25,19.00,19.00,3700,18.84
2009-12-02,19.12,19.23,19.12,19.17,1300,19.00
2009-12-01,18.97,19.05,18.93,19.05,5600,18.88
2009-11-30,19.06,19.06,17.87,18.78,6500,18.62
2009-11-27,19.23,19.23,19.23,19.23,000,19.06
2009-11-25,19.12,19.23,19.12,19.23,600,19.06
2009-11-24,19.10,19.10,19.08,19.08,2200,18.91
2009-11-23,19.29,19.30,19.17,19.20,3100,19.03
2009-11-20,18.91,18.91,18.91,18.91,200,18.75
2009-11-19,18.94,19.03,18.94,19.03,1700,18.86
2009-11-18,19.35,19.39,19.30,19.39,3000,19.22
2009-11-17,19.34,19.44,19.32,19.43,3700,19.26
2009-11-16,19.51,19.51,19.50,19.50,2900,19.33
2009-11-13,18.94,19.05,18.83,19.05,2900,18.88
2009-11-12,19.25,19.25,19.00,19.00,1200,18.84
2009-11-11,19.34,19.39,19.17,19.25,50800,19.08
2009-11-10,19.13,19.14,19.12,19.14,800,18.97
2009-11-09,19.11,19.22,19.10,19.22,10300,19.05
2009-11-06,18.75,18.85,18.75,18.85,1300,18.69
2009-11-05,18.41,18.74,18.41,18.72,3200,18.56
2009-11-04,18.47,18.51,18.26,18.26,500,18.10
2009-11-03,18.31,18.41,18.20,18.41,5000,18.25
2009-11-02,18.25,18.38,18.02,18.17,10300,18.01
2009-10-30,18.56,18.58,18.07,18.11,21700,17.95
2009-10-29,18.45,18.69,18.39,18.61,20300,18.45
2009-10-28,18.67,18.68,18.15,18.19,14000,18.03
2009-10-27,19.00,19.01,18.75,18.91,5000,18.75
2009-10-26,19.51,19.51,19.14,19.23,2700,19.06
2009-10-23,19.65,19.65,19.37,19.37,1300,19.20
2009-10-22,19.44,19.67,19.44,19.67,2300,19.50
2009-10-21,19.87,19.87,19.30,19.30,600,19.13
2009-10-20,19.69,19.69,19.60,19.60,1100,19.43
2009-10-19,19.94,19.94,19.86,19.88,700,19.71
2009-10-16,19.60,19.66,19.49,19.63,5000,19.46
2009-10-15,19.60,19.69,19.60,19.68,1700,19.51
2009-10-14,19.69,19.71,19.61,19.71,6100,19.54
2009-10-13,19.50,19.50,19.50,19.50,000,19.33
2009-10-12,19.54,19.63,19.49,19.50,3100,19.33
2009-10-09,19.40,19.41,19.36,19.41,3900,19.24
2009-10-08,19.23,19.50,19.23,19.36,14700,19.19
2009-10-07,19.07,19.07,19.07,19.07,300,18.90
2009-10-06,19.09,19.16,19.00,19.16,1800,18.99
2009-10-05,18.45,18.79,18.45,18.79,900,18.63
2009-10-02,18.48,18.48,18.35,18.45,2000,18.29
2009-10-01,19.12,19.12,18.59,18.62,29800,18.46
2009-09-30,19.17,19.22,19.04,19.09,5400,18.92
2009-09-29,19.33,19.41,19.27,19.29,4400,19.12
2009-09-28,19.09,19.13,19.09,19.11,400,18.94
2009-09-25,18.79,18.79,18.74,18.78,1000,18.62
2009-09-24,19.21,19.21,18.84,18.89,2200,18.73
2009-09-23,19.39,19.45,19.32,19.39,23700,19.22
2009-09-22,19.50,19.52,19.38,19.42,1600,19.25
2009-09-21,19.22,19.46,19.20,19.40,2000,19.23
2009-09-18,19.37,19.44,19.28,19.43,2100,19.26
2009-09-17,19.40,19.47,19.25,19.31,2400,19.14
2009-09-16,19.10,19.32,19.10,19.32,5000,19.15
2009-09-15,18.85,18.92,18.84,18.92,600,18.76
2009-09-14,18.60,18.83,18.60,18.77,14900,18.61
2009-09-11,18.68,18.69,18.57,18.63,900,18.47
2009-09-10,18.75,18.77,18.71,18.74,3200,18.58
2009-09-09,18.31,18.59,18.28,18.59,2700,18.43
2009-09-08,18.46,18.46,18.28,18.32,6500,18.16
2009-09-04,18.07,18.26,18.00,18.18,700,18.02
2009-09-03,17.78,18.08,17.74,18.08,7500,17.92
2009-09-02,17.92,17.96,17.88,17.88,5700,17.72
2009-09-01,18.49,18.50,17.91,17.91,9400,17.75
2009-08-31,18.43,18.43,18.26,18.28,11200,18.12
2009-08-28,18.62,18.62,18.54,18.54,1400,18.38
2009-08-27,18.29,18.63,18.29,18.63,7900,18.47
2009-08-26,18.52,18.69,18.48,18.56,2000,18.40
2009-08-25,18.39,18.61,18.39,18.54,19400,18.38
2009-08-24,18.30,18.39,18.23,18.26,2200,18.10
2009-08-21,18.17,18.40,18.15,18.27,29300,18.11
2009-08-20,17.93,18.06,17.81,17.97,4700,17.81
2009-08-19,17.63,17.95,17.63,17.93,4800,17.77
2009-08-18,17.68,17.76,17.59,17.76,3300,17.61
2009-08-17,17.55,17.69,17.50,17.64,3000,17.49
2009-08-14,17.93,17.96,17.88,17.92,16000,17.76
2009-08-13,18.37,18.37,18.14,18.30,14400,18.14
2009-08-12,18.25,18.41,18.22,18.41,6200,18.25
2009-08-11,18.23,18.23,18.03,18.12,11300,17.96
2009-08-10,18.45,18.45,18.26,18.29,2200,18.13
2009-08-07,18.38,19.10,18.35,18.58,14500,18.42
2009-08-06,18.17,18.25,18.11,18.14,2800,17.98
2009-08-05,18.35,18.37,18.13,18.31,23200,18.15
2009-08-04,18.46,18.48,18.33,18.38,80000,18.22
2009-08-03,18.42,18.42,18.24,18.32,2200,18.16
2009-07-31,18.28,18.29,18.28,18.29,200,18.13
2009-07-30,18.54,18.56,18.27,18.27,2000,18.11
2009-07-29,18.13,18.16,18.09,18.16,1200,18.00
2009-07-28,18.14,18.15,18.01,18.13,18300,17.97
2009-07-27,18.22,18.22,18.05,18.15,2300,17.99
2009-07-24,18.24,18.29,18.09,18.29,6100,18.13
2009-07-23,18.34,18.44,18.32,18.34,32400,18.18
2009-07-22,18.01,18.29,18.01,18.18,17100,18.02
2009-07-21,18.18,18.25,17.75,18.06,23600,17.90
2009-07-20,17.94,18.15,17.94,18.15,12400,17.99
2009-07-17,17.75,17.88,17.75,17.84,5000,17.69
2009-07-16,17.50,17.77,17.50,17.77,800,17.62
2009-07-15,17.31,17.57,17.31,17.56,11200,17.41
2009-07-14,16.91,17.21,16.91,17.19,4900,17.04
2009-07-13,16.59,16.81,16.36,16.81,1300,16.66
2009-07-10,16.52,16.60,16.45,16.56,2400,16.42
2009-07-09,16.56,16.57,16.48,16.55,1300,16.41
2009-07-08,16.49,16.49,16.30,16.42,2700,16.28
2009-07-07,16.52,16.52,16.47,16.49,6600,16.35
2009-07-06,16.46,16.53,16.32,16.50,2100,16.36
2009-07-02,17.11,17.11,16.64,16.64,19300,16.50
2009-07-01,17.22,17.44,17.17,17.29,15500,17.14
2009-06-30,17.18,17.20,17.08,17.15,4300,17.00
2009-06-29,16.85,17.18,16.85,17.10,800,16.95
2009-06-26,16.82,17.00,16.82,16.97,9700,16.82
2009-06-25,16.55,16.87,16.55,16.87,6200,16.72
2009-06-24,16.41,16.55,16.30,16.30,16500,16.16
2009-06-23,16.43,16.43,16.23,16.38,5600,16.24
2009-06-22,16.85,16.85,16.49,16.50,18000,16.36
2009-06-19,16.98,17.06,16.88,16.97,6700,16.82
2009-06-18,16.78,16.88,16.77,16.84,11100,16.67
2009-06-17,16.66,16.93,16.61,16.90,7300,16.73
2009-06-16,16.83,16.85,16.47,16.61,5400,16.45
2009-06-15,16.98,16.98,16.70,16.78,7600,16.61
2009-06-12,17.10,17.12,16.82,17.09,15000,16.92
2009-06-11,17.47,17.50,17.23,17.25,5300,17.08
2009-06-10,17.82,17.82,17.25,17.42,5100,17.25
2009-06-09,17.58,17.68,17.51,17.65,7800,17.48
2009-06-08,17.31,17.64,17.26,17.56,4600,17.39
2009-06-05,17.66,17.67,17.29,17.51,5500,17.34
2009-06-04,17.59,17.59,17.24,17.47,39000,17.30
2009-06-03,17.70,17.79,17.47,17.47,8300,17.30
2009-06-02,17.53,17.87,17.53,17.85,10000,17.67
2009-06-01,17.34,17.72,17.21,17.63,15700,17.46
2009-05-29,16.79,16.98,16.76,16.86,16700,16.69
2009-05-28,16.95,17.02,16.42,16.68,15600,16.52
2009-05-27,17.08,17.37,16.97,16.97,26000,16.80
2009-05-26,16.75,17.14,16.75,17.14,9800,16.97
2009-05-22,16.23,16.52,16.23,16.52,7600,16.36
2009-05-21,16.42,16.58,16.35,16.46,10000,16.30
2009-05-20,17.03,17.22,16.70,16.84,9200,16.67
2009-05-19,16.77,17.03,16.62,16.87,11400,16.70
2009-05-18,16.30,16.76,16.30,16.76,73600,16.59
2009-05-15,16.14,16.46,16.10,16.18,8700,16.02
2009-05-14,16.14,16.36,16.11,16.36,9000,16.20
2009-05-13,16.35,16.35,15.92,15.94,43900,15.78
2009-05-12,17.00,17.06,16.31,16.52,55300,16.36
2009-05-11,16.60,17.01,16.60,16.81,15600,16.64
2009-05-08,17.13,17.27,16.72,16.98,9700,16.81
2009-05-07,17.83,17.83,16.93,17.02,15300,16.85
2009-05-06,17.83,17.83,17.20,17.41,24500,17.24
2009-05-05,17.68,17.68,17.40,17.56,5500,17.39
2009-05-04,17.28,17.51,17.14,17.51,9600,17.34
2009-05-01,16.96,17.12,16.89,16.91,19900,16.74
2009-04-30,17.30,17.47,17.09,17.09,13600,16.92
2009-04-29,17.05,17.32,16.97,16.99,90100,16.82
2009-04-28,17.16,17.55,16.68,16.98,168600,16.81
2009-04-27,17.22,17.22,16.70,16.85,165800,16.68
2009-04-24,17.39,17.39,16.93,17.10,57700,16.93
2009-04-23,17.65,17.65,16.63,16.72,7000,16.56
2009-04-22,16.57,17.48,16.57,17.27,192500,17.10
2009-04-21,16.21,16.81,16.21,16.66,5700,16.50
2009-04-20,16.62,16.62,16.27,16.36,6300,16.20
2009-04-17,17.19,17.19,16.64,16.96,6300,16.79
2009-04-16,16.20,16.69,16.13,16.69,2100,16.53
2009-04-15,16.09,16.09,15.89,16.02,2000,15.86
2009-04-14,16.03,16.17,16.03,16.11,5800,15.95
2009-04-13,16.17,16.38,16.17,16.38,7000,16.22
2009-04-09,15.97,16.34,15.94,16.31,4700,16.15
2009-04-08,15.23,15.59,15.23,15.59,2300,15.44
2009-04-07,15.32,15.32,15.08,15.08,4700,14.93
2009-04-06,15.74,15.74,15.56,15.59,6000,15.44
2009-04-03,15.72,15.86,15.68,15.85,3900,15.69
2009-04-02,15.79,15.94,15.72,15.72,9000,15.57
2009-04-01,14.90,15.04,14.57,14.97,17400,14.82
2009-03-31,14.87,15.03,14.84,14.99,28300,14.84
2009-03-30,14.60,14.85,14.56,14.71,3300,14.57
2009-03-27,15.24,15.24,15.00,15.21,5000,15.06
2009-03-26,15.10,15.22,15.10,15.22,2400,15.07
2009-03-25,14.88,14.88,14.26,14.26,500,14.12
2009-03-24,15.45,15.45,14.49,14.49,18400,14.35
2009-03-23,13.31,14.73,13.31,14.73,1200,14.58
2009-03-20,14.09,14.12,14.08,14.12,700,13.98
2009-03-19,14.32,14.32,14.17,14.22,3200,14.08
2009-03-18,14.31,14.46,14.29,14.36,9000,14.22
2009-03-17,13.59,13.86,13.59,13.86,1300,13.72
2009-03-16,13.56,13.58,13.28,13.28,1200,13.15
2009-03-13,13.51,13.67,13.51,13.67,2800,13.54
2009-03-12,12.83,13.51,12.83,13.51,12600,13.38
2009-03-11,13.16,13.16,13.02,13.05,500,12.92
2009-03-10,12.41,12.78,12.41,12.78,2700,12.65
2009-03-09,11.79,12.49,11.79,12.15,19900,12.03
2009-03-06,12.36,12.36,12.06,12.11,15500,11.99
2009-03-05,12.44,12.59,12.35,12.47,4800,12.35
2009-03-04,12.64,12.75,12.54,12.75,5700,12.62
2009-03-03,12.88,12.88,12.50,12.55,3500,12.43
2009-03-02,12.97,13.08,12.73,12.73,8600,12.60
2009-02-27,13.04,13.46,13.04,13.24,11700,13.11
2009-02-26,13.45,13.45,13.20,13.20,2800,13.07
2009-02-25,13.72,13.77,13.35,13.57,12600,13.44
2009-02-24,13.36,13.71,13.36,13.71,3200,13.57
2009-02-23,13.64,13.64,13.17,13.24,7100,13.11
2009-02-20,13.41,13.51,13.37,13.51,8700,13.38
2009-02-19,13.72,13.72,13.56,13.68,11200,13.55
2009-02-18,13.84,13.84,13.60,13.64,7000,13.51
2009-02-17,13.65,13.97,13.62,13.97,10700,13.83
2009-02-13,14.32,14.41,14.13,14.31,24400,14.17
2009-02-12,14.16,14.16,14.00,14.01,5000,13.87
2009-02-11,14.19,14.33,14.19,14.33,3100,14.19
2009-02-10,14.73,14.73,14.25,14.26,22300,14.12
2009-02-09,14.93,14.93,14.75,14.85,1800,14.70
2009-02-06,14.59,15.12,14.56,14.95,8200,14.80
2009-02-05,14.04,14.53,14.04,14.49,8700,14.35
2009-02-04,14.52,14.52,14.13,14.23,91300,14.09
2009-02-03,14.30,14.52,14.24,14.46,20000,14.32
2009-02-02,14.00,14.19,13.97,14.19,7400,14.05
2009-01-30,14.46,14.62,14.14,14.21,12500,14.07
2009-01-29,14.91,14.91,14.58,14.68,19300,14.54
2009-01-28,14.89,15.14,14.89,15.07,6600,14.92
2009-01-27,14.62,14.77,14.50,14.61,2800,14.47
2009-01-26,14.40,14.60,14.40,14.53,6500,14.39
2009-01-23,14.33,14.33,14.31,14.33,800,14.19
2009-01-22,14.43,14.77,14.30,14.50,6000,14.36
2009-01-21,14.51,14.61,14.18,14.61,2300,14.47
2009-01-20,15.11,15.11,14.25,14.35,8800,14.21
2009-01-16,14.73,15.08,14.73,15.01,4400,14.86
2009-01-15,14.33,15.00,14.30,14.81,6600,14.66
2009-01-14,14.70,14.70,14.47,14.47,3900,14.33
2009-01-13,14.99,14.99,14.99,14.99,000,14.84
2009-01-12,15.33,15.33,14.96,14.99,1300,14.84
2009-01-09,15.65,15.65,15.65,15.65,1800,15.50
2009-01-08,15.78,15.78,15.77,15.77,1600,15.61
2009-01-07,15.93,15.93,15.70,15.79,6400,15.63
2009-01-06,16.12,16.12,16.12,16.12,400,15.96
2009-01-05,15.95,16.03,15.95,16.03,1000,15.87
2009-01-02,16.24,16.24,16.18,16.23,3100,16.07
2008-12-31,15.65,15.80,15.63,15.80,93500,15.64
2008-12-30,15.23,15.28,15.16,15.28,5300,15.13
2008-12-29,15.22,15.22,14.87,14.92,2900,14.77
2008-12-26,15.29,15.30,15.14,15.24,38600,15.09
2008-12-24,15.17,15.17,15.04,15.11,5600,14.96
2008-12-23,15.09,15.09,15.00,15.01,14000,14.86
2008-12-22,15.03,15.03,14.87,14.99,7500,14.84
2008-12-19,15.84,15.95,15.47,15.50,46300,15.35
2008-12-18,15.99,15.99,15.69,15.69,4700,15.54
2008-12-17,15.55,15.99,15.53,15.91,7600,15.75
2008-12-16,15.57,15.58,15.09,15.57,10100,15.42
2008-12-15,15.33,15.33,14.53,14.74,23400,14.59
2008-12-12,14.75,15.13,14.75,15.12,10700,14.97
2008-12-11,15.33,15.38,14.75,14.75,7900,14.60
2008-12-10,15.45,15.61,15.45,15.61,12500,15.46
2008-12-09,15.87,16.09,15.24,15.29,37700,15.14
2008-12-08,15.92,15.97,15.69,15.97,33700,15.81
2008-12-05,14.60,14.60,14.58,14.58,1000,14.44
2008-12-04,15.19,15.19,14.58,14.58,1700,14.44
2008-12-03,14.57,14.85,14.54,14.81,1100,14.66
2008-12-02,14.20,14.20,13.91,14.16,6300,14.02
2008-12-01,14.13,14.20,13.78,13.78,1900,13.64
2008-11-28,14.76,15.00,14.76,15.00,1000,14.85
2008-11-26,14.61,14.82,14.53,14.82,4200,14.67
2008-11-25,14.14,14.17,13.71,14.05,3800,13.91
2008-11-24,13.03,13.91,12.97,13.79,2900,13.65
2008-11-21,12.60,12.80,12.12,12.77,1415100,12.64
2008-11-20,12.82,12.94,12.74,12.74,1600,12.61
2008-11-19,13.28,13.28,13.04,13.10,17500,12.97
2008-11-18,13.77,13.77,13.77,13.77,100,13.63
2008-11-17,13.82,14.07,13.82,13.91,11300,13.77
2008-11-14,14.30,14.37,14.04,14.37,1500,14.23
2008-11-13,13.91,14.20,13.62,14.20,1700,14.06
2008-11-12,13.96,13.96,13.96,13.96,300,13.82
2008-11-11,14.81,14.81,14.81,14.81,000,14.66
2008-11-10,15.10,15.10,14.68,14.81,12200,14.66
2008-11-07,14.89,14.99,14.89,14.99,1500,14.84
2008-11-06,15.27,15.32,15.00,15.06,3500,14.91
2008-11-05,15.98,15.98,15.59,15.61,19300,15.46
2008-11-04,16.16,16.16,16.04,16.04,400,15.88
2008-11-03,16.05,16.06,16.05,16.06,600,15.90
2008-10-31,15.96,16.33,15.96,16.29,900,16.13
2008-10-30,15.58,15.58,15.29,15.43,2800,15.28
2008-10-29,14.96,15.26,14.84,15.26,14600,15.11
2008-10-28,13.86,14.67,13.86,14.66,2500,14.52
2008-10-27,13.56,13.96,13.56,13.90,1600,13.76
2008-10-24,13.97,14.03,13.93,14.03,10000,13.89
2008-10-23,14.70,14.70,14.15,14.15,1800,14.01
2008-10-22,14.94,14.94,14.30,14.62,2300,14.48
2008-10-21,15.75,15.75,15.44,15.45,8100,15.30
2008-10-20,15.45,15.73,15.38,15.73,2400,15.58
2008-10-17,14.82,15.74,14.82,15.37,103000,15.22
2008-10-16,16.41,16.41,14.00,15.17,13100,15.02
2008-10-15,15.93,15.93,14.80,14.85,24700,14.70
2008-10-14,16.87,16.87,15.66,15.89,7200,15.73
2008-10-13,15.62,16.04,15.62,16.03,5100,15.87
2008-10-10,14.36,15.66,14.18,15.66,27200,15.51
2008-10-09,16.34,16.34,15.09,15.09,30500,14.94
2008-10-08,16.20,16.63,16.20,16.37,6500,16.21
2008-10-07,17.06,17.06,16.58,16.77,16600,16.60
2008-10-06,17.40,17.40,16.61,16.61,50000,16.45
2008-10-03,18.60,18.60,18.09,18.14,14100,17.96
2008-10-02,18.91,18.91,18.38,18.38,2500,18.20
2008-10-01,19.00,19.17,18.99,19.08,34000,18.89
2008-09-30,19.21,19.32,18.19,18.19,18900,18.01
2008-09-29,19.78,19.78,18.34,18.90,22200,18.71
2008-09-26,19.97,19.97,19.97,19.97,400,19.77
2008-09-25,18.69,19.88,18.69,19.87,2200,19.67
2008-09-24,19.60,19.65,19.58,19.65,2500,19.46
2008-09-23,20.10,20.10,19.89,19.92,19000,19.72
2008-09-22,20.53,20.53,19.89,19.92,60900,19.72
2008-09-19,18.96,20.89,18.96,20.61,7200,20.41
2008-09-18,20.09,20.39,19.55,20.39,25900,20.17
2008-09-17,20.50,20.50,19.82,19.88,7700,19.66
2008-09-16,20.30,20.65,20.30,20.65,12400,20.43
2008-09-15,20.59,20.97,20.57,20.69,15400,20.47
2008-09-12,20.95,21.02,20.88,21.02,24000,20.79
2008-09-11,20.72,21.10,20.72,21.10,17600,20.87
2008-09-10,20.89,21.11,20.72,20.99,9400,20.76
2008-09-09,21.01,21.55,20.95,20.95,12200,20.72
2008-09-08,21.14,21.25,21.14,21.25,2600,21.02
2008-09-05,20.56,20.79,20.37,20.79,295600,20.57
2008-09-04,21.11,21.11,20.81,20.81,4500,20.58
2008-09-03,21.16,21.32,21.16,21.23,2800,21.00
2008-09-02,21.00,21.61,21.00,21.38,3800,21.15
2008-08-29,21.19,21.22,21.00,21.02,6600,20.79
2008-08-28,20.98,21.21,20.98,21.19,3100,20.96
2008-08-27,20.53,20.78,20.53,20.78,28700,20.56
2008-08-26,20.59,20.59,20.47,20.47,900,20.25
2008-08-25,20.83,20.83,20.55,20.56,800,20.34
2008-08-22,20.77,21.09,20.77,21.09,1900,20.86
2008-08-21,20.57,20.61,20.41,20.61,1200,20.39
2008-08-20,20.90,20.99,20.69,20.71,2700,20.49
2008-08-19,20.98,20.98,20.82,20.86,3400,20.63
2008-08-18,21.70,21.70,21.26,21.27,5400,21.04
2008-08-15,21.60,21.72,21.51,21.66,4700,21.43
2008-08-14,21.15,21.42,21.15,21.42,500,21.19
2008-08-13,21.22,21.22,20.95,21.18,1700,20.95
2008-08-12,21.72,21.72,21.49,21.55,1200,21.32
2008-08-11,21.21,22.13,21.21,21.70,4100,21.47
2008-08-08,20.66,21.23,20.66,21.23,3200,21.00
2008-08-07,20.44,20.57,20.38,20.38,46100,20.16
2008-08-06,20.60,20.79,20.51,20.79,4200,20.57
2008-08-05,20.33,20.79,20.33,20.79,4600,20.57
2008-08-04,20.03,20.14,19.93,20.05,900,19.83
2008-08-01,20.18,20.18,20.08,20.09,500,19.87
2008-07-31,20.23,20.46,20.22,20.36,6000,20.14
2008-07-30,20.65,20.65,20.22,20.47,18800,20.25
2008-07-29,20.20,20.42,20.20,20.39,2000,20.17
2008-07-28,20.21,20.21,19.92,19.92,600,19.70
2008-07-25,20.35,20.40,20.20,20.20,3100,19.98
2008-07-24,20.49,20.49,20.29,20.29,600,20.07
2008-07-23,20.64,20.80,20.52,20.67,2200,20.45
2008-07-22,19.74,20.22,19.72,20.22,2300,20.00
2008-07-21,19.88,19.97,19.87,19.93,6900,19.71
2008-07-18,20.10,20.18,20.10,20.18,600,19.96
2008-07-17,19.84,20.20,19.49,20.20,105900,19.98
2008-07-16,19.07,19.83,18.95,19.81,36700,19.60
2008-07-15,18.79,19.32,18.47,19.32,5500,19.11
2008-07-14,19.06,19.17,19.03,19.10,5300,18.89
2008-07-11,18.97,19.16,18.95,19.14,3000,18.93
2008-07-10,19.44,19.55,19.29,19.29,5400,19.08
2008-07-09,19.91,19.91,19.55,19.61,10100,19.40
2008-07-08,19.33,19.91,19.33,19.91,31300,19.69
2008-07-07,19.66,19.67,19.15,19.54,32100,19.33
2008-07-03,19.41,19.50,19.41,19.50,11300,19.29
2008-07-02,19.95,19.99,19.59,19.59,41600,19.38
2008-07-01,19.57,19.90,19.42,19.80,11500,19.59
2008-06-30,19.97,20.00,19.76,19.76,3200,19.55
2008-06-27,20.08,20.08,19.89,19.89,1500,19.67
2008-06-26,20.46,20.46,20.32,20.36,800,20.14
2008-06-25,20.80,21.11,20.80,20.88,47000,20.65
2008-06-24,20.35,20.73,20.35,20.60,7100,20.38
2008-06-23,21.00,21.00,20.73,20.73,18700,20.51
2008-06-20,21.43,21.43,21.02,21.02,2000,20.79
2008-06-19,21.40,21.51,21.32,21.41,3200,21.18
2008-06-18,21.34,21.34,21.18,21.28,5100,21.05
2008-06-17,21.86,21.89,21.73,21.73,1700,21.49
2008-06-16,21.87,21.96,21.87,21.96,1100,21.72
2008-06-13,21.76,21.76,21.66,21.70,2200,21.47
2008-06-12,21.54,21.65,21.40,21.40,6200,21.17
2008-06-11,21.44,21.44,21.38,21.41,1300,21.18
2008-06-10,21.53,21.84,21.45,21.82,4400,21.58
2008-06-09,21.82,21.88,21.64,21.66,600,21.43
2008-06-06,22.02,22.02,21.79,21.79,1600,21.55
2008-06-05,22.60,22.60,22.60,22.60,1000,22.36
2008-06-04,22.52,22.52,22.22,22.35,4600,22.11
2008-06-03,22.30,22.40,22.30,22.30,4700,22.06
2008-06-02,22.22,22.34,22.12,22.34,4800,22.10
2008-05-30,22.75,22.75,22.53,22.66,3000,22.41
2008-05-29,22.51,22.80,22.51,22.80,2000,22.55
2008-05-28,22.42,22.42,22.28,22.28,2900,22.04
2008-05-27,22.26,22.26,22.26,22.26,200,22.02
2008-05-23,21.95,22.02,21.95,22.01,2300,21.77
2008-05-22,22.29,22.49,22.29,22.29,11400,22.05
2008-05-21,22.69,22.79,22.30,22.30,8500,22.06
2008-05-20,22.74,22.74,22.69,22.69,1800,22.44
2008-05-19,23.20,23.20,23.20,23.20,200,22.95
2008-05-16,23.03,23.12,22.90,23.12,3000,22.87
2008-05-15,23.28,23.46,23.28,23.46,5800,23.21
2008-05-14,23.27,23.48,23.27,23.32,4000,23.07
2008-05-13,23.03,23.09,22.94,23.09,2500,22.84
2008-05-12,22.80,23.07,22.80,23.07,500,22.82
2008-05-09,22.57,22.61,22.51,22.51,2600,22.27
2008-05-08,22.76,22.76,22.56,22.56,6100,22.32
2008-05-07,23.04,23.04,22.83,22.85,10600,22.60
2008-05-06,22.81,22.96,22.81,22.91,3900,22.66
2008-05-05,22.79,22.86,22.76,22.79,4500,22.54
2008-05-02,23.01,23.01,22.98,22.98,8600,22.73
2008-05-01,23.09,23.10,23.08,23.10,4100,22.85
2008-04-30,22.82,22.94,22.51,22.51,8000,22.27
2008-04-29,22.66,22.79,22.59,22.73,8100,22.48
2008-04-28,22.60,22.66,22.40,22.66,2500,22.41
2008-04-25,22.54,22.65,22.48,22.65,1900,22.40
2008-04-24,22.20,22.39,22.20,22.39,300,22.15
2008-04-23,22.03,22.18,22.03,22.18,1900,21.94
2008-04-22,21.89,21.99,21.89,21.98,5600,21.74
2008-04-21,22.56,22.62,22.53,22.62,1200,22.38
2008-04-18,22.67,22.74,22.58,22.58,3000,22.34
2008-04-17,22.17,22.21,22.09,22.18,9800,21.94
2008-04-16,22.07,22.12,22.05,22.12,2600,21.88
2008-04-15,21.68,21.71,21.68,21.71,4100,21.48
2008-04-14,21.66,21.71,21.66,21.71,2400,21.48
2008-04-11,21.86,21.86,21.76,21.76,1000,21.52
2008-04-10,22.32,22.32,22.32,22.32,2800,22.08
2008-04-09,22.48,22.48,22.00,22.02,4400,21.78
2008-04-08,22.40,22.46,22.40,22.44,3600,22.20
2008-04-07,23.12,23.12,22.58,22.58,8500,22.34
2008-04-04,22.89,22.89,22.68,22.68,6900,22.43
2008-04-03,22.69,22.82,22.69,22.77,2500,22.52
2008-04-02,22.67,23.02,22.67,22.83,9700,22.58
2008-04-01,22.21,22.71,22.21,22.71,8100,22.46
2008-03-31,21.88,21.92,21.88,21.92,700,21.68
2008-03-28,21.97,21.97,21.65,21.65,9700,21.42
2008-03-27,22.43,22.43,22.25,22.25,300,22.01
2008-03-26,22.46,22.52,22.43,22.49,20000,22.25
2008-03-25,22.78,22.95,22.78,22.95,6400,22.70
2008-03-24,22.92,23.15,22.50,23.03,13100,22.78
2008-03-20,21.81,22.47,21.81,22.44,6300,22.20
2008-03-19,22.15,22.30,21.76,21.76,8900,21.52
2008-03-18,21.80,22.00,21.62,22.00,32200,21.76
2008-03-17,21.06,21.13,21.00,21.11,1500,20.88
2008-03-14,22.04,22.04,21.39,21.44,44300,21.21
2008-03-13,21.99,21.99,21.99,21.99,500,21.75
2008-03-12,22.06,22.06,21.91,21.93,6200,21.69
2008-03-11,21.57,21.81,21.44,21.81,3300,21.57
2008-03-10,21.54,21.54,21.09,21.11,14100,20.88
2008-03-07,21.75,21.75,21.40,21.52,12900,21.29
2008-03-06,22.18,22.20,21.62,21.62,27300,21.39
2008-03-05,22.49,22.65,22.29,22.44,45100,22.20
2008-03-04,22.22,22.36,22.11,22.36,1400,22.12
2008-03-03,22.21,22.38,22.15,22.36,1700,22.12
2008-02-29,22.70,22.72,22.49,22.49,23700,22.25
2008-02-28,23.27,23.27,22.99,22.99,14400,22.74
2008-02-27,23.49,23.49,23.40,23.44,1000,23.19
2008-02-26,23.07,23.58,23.07,23.46,9300,23.21
2008-02-25,22.79,23.04,22.62,22.93,97500,22.68
2008-02-22,22.46,22.53,22.37,22.53,4000,22.29
2008-02-21,23.11,23.11,22.55,22.57,23000,22.33
2008-02-20,22.62,23.01,22.62,23.01,18400,22.76
2008-02-19,22.80,22.86,22.60,22.69,82400,22.44
2008-02-15,22.62,22.77,22.62,22.77,1100,22.52
2008-02-14,23.21,23.21,22.84,22.84,20400,22.59
2008-02-13,23.33,23.33,23.33,23.33,700,23.08
2008-02-12,23.11,23.31,22.96,23.09,16300,22.84
2008-02-11,22.93,22.97,22.93,22.97,1200,22.72
2008-02-08,22.76,22.84,22.70,22.81,11600,22.56
2008-02-07,22.80,22.80,22.80,22.80,100,22.55
2008-02-06,22.93,22.93,22.58,22.68,3000,22.43
2008-02-05,22.79,23.01,22.74,22.74,2000,22.49
2008-02-04,23.31,23.35,23.15,23.15,26200,22.90
2008-02-01,23.22,23.65,23.22,23.65,2400,23.39
2008-01-31,22.75,23.32,22.75,23.22,1500,22.97
2008-01-30,22.55,23.09,22.38,22.38,7500,22.14
2008-01-29,22.52,22.52,22.32,22.40,35500,22.16
2008-01-28,21.82,22.26,21.82,22.26,6700,22.02
2008-01-25,22.55,22.55,21.90,21.99,3500,21.75
2008-01-24,22.33,22.52,22.33,22.40,3200,22.16
2008-01-23,21.29,22.38,21.12,22.30,14500,22.06
2008-01-22,20.40,21.35,20.40,21.30,4800,21.07
2008-01-18,20.94,21.02,20.87,20.95,7100,20.72
2008-01-17,21.26,21.39,20.96,20.96,5000,20.73
2008-01-16,21.19,21.51,21.19,21.35,5900,21.12
2008-01-15,21.27,21.30,21.20,21.24,13500,21.01
2008-01-14,21.58,21.62,21.58,21.59,2400,21.36
2008-01-11,21.59,21.60,21.28,21.35,156500,21.12
2008-01-10,21.74,22.11,21.74,22.08,45400,21.84
2008-01-09,21.60,21.93,21.31,21.93,13400,21.69
2008-01-08,22.25,22.36,21.58,21.58,4200,21.35
2008-01-07,22.11,22.27,21.91,22.23,27600,21.99
2008-01-04,22.32,22.32,22.04,22.04,5600,21.80
2008-01-03,23.22,23.22,22.78,22.78,6600,22.53
2008-01-02,23.48,23.48,23.18,23.18,600,22.93
2007-12-31,23.75,23.78,23.55,23.65,2400,23.39
2007-12-28,23.70,23.94,23.70,23.74,40200,23.48
2007-12-27,24.19,24.19,23.84,23.84,4300,23.58
2007-12-26,24.24,24.32,24.21,24.30,27200,24.04
2007-12-24,24.49,24.50,24.38,24.50,49300,24.23
2007-12-21,23.85,24.23,23.81,24.23,1108300,23.97
2007-12-20,23.92,23.92,23.67,23.82,2900,23.52
2007-12-19,23.90,23.99,23.73,23.85,3500,23.55
2007-12-18,23.84,23.97,23.75,23.97,7600,23.67
2007-12-17,23.88,23.98,23.66,23.66,7500,23.36
2007-12-14,24.15,24.24,24.14,24.14,1100,23.84
2007-12-13,24.23,24.42,24.13,24.36,15000,24.05
2007-12-12,24.85,24.94,24.14,24.18,29400,23.88
2007-12-11,25.02,25.09,24.54,24.54,5400,24.23
2007-12-10,24.92,25.07,24.92,25.06,2100,24.75
2007-12-07,24.95,24.99,24.84,24.95,8900,24.64
2007-12-06,24.57,24.98,24.57,24.98,5900,24.67
2007-12-05,24.47,24.51,24.38,24.51,1500,24.20
2007-12-04,24.28,24.50,24.28,24.42,24500,24.11
2007-12-03,24.65,24.78,24.62,24.62,8500,24.31
2007-11-30,25.00,25.04,24.77,24.84,21300,24.53
2007-11-29,24.47,24.58,24.47,24.58,11100,24.27
2007-11-28,24.57,24.80,24.57,24.75,3500,24.44
2007-11-27,24.02,24.02,23.81,23.81,2500,23.51
2007-11-26,24.45,24.45,23.88,23.88,1600,23.58
2007-11-23,24.30,24.44,24.21,24.44,1600,24.13
2007-11-21,24.02,24.11,23.87,24.11,2100,23.81
2007-11-20,24.47,24.56,23.95,24.16,12000,23.86
2007-11-19,24.59,24.59,24.26,24.34,6600,24.04
2007-11-16,24.84,24.86,24.72,24.78,3200,24.47
2007-11-15,25.25,25.28,24.99,24.99,6600,24.68
2007-11-14,25.84,25.84,25.53,25.53,6200,25.21
2007-11-13,25.33,25.52,25.33,25.52,700,25.20
2007-11-12,25.35,25.36,25.31,25.31,900,24.99
2007-11-09,25.23,25.45,25.19,25.22,3200,24.90
2007-11-08,25.48,25.72,25.14,25.63,204200,25.31
2007-11-07,25.95,26.00,25.45,25.63,273900,25.31
2007-11-06,26.05,26.16,26.03,26.16,500,25.83
2007-11-05,26.03,26.13,25.93,26.07,7100,25.74
2007-11-02,26.31,26.38,26.14,26.31,7500,25.98
2007-11-01,26.58,26.58,26.33,26.37,2800,26.04
2007-10-31,26.90,27.18,26.90,27.17,500,26.83
2007-10-30,26.79,26.90,26.79,26.90,20700,26.56
2007-10-29,26.57,26.81,26.57,26.76,24600,26.42
2007-10-26,26.49,26.49,26.49,26.49,200,26.16
2007-10-25,26.41,26.55,26.21,26.21,13100,25.88
2007-10-24,25.89,26.34,25.89,26.34,68900,26.01
2007-10-23,26.17,26.18,26.06,26.17,37300,25.84
2007-10-22,26.02,26.32,26.02,26.30,5100,25.97
2007-10-19,26.43,26.43,25.99,25.99,4900,25.66
2007-10-18,26.51,26.51,26.49,26.49,300,26.16
2007-10-17,26.80,26.81,26.44,26.62,8900,26.29
2007-10-16,26.66,26.75,26.66,26.75,2000,26.42
2007-10-15,26.90,26.90,26.73,26.77,600,26.43
2007-10-12,26.93,26.93,26.93,26.93,000,26.59
2007-10-11,27.35,27.41,26.88,26.93,6500,26.59
2007-10-10,27.29,27.31,27.19,27.31,2400,26.97
2007-10-09,27.24,27.33,27.24,27.28,1500,26.94
2007-10-08,27.29,27.33,27.21,27.21,2000,26.87
2007-10-05,27.02,27.40,27.02,27.40,1000,27.06
2007-10-04,26.87,26.87,26.74,26.74,936600,26.41
2007-10-03,26.97,26.97,26.97,26.97,200,26.63
2007-10-02,26.96,26.97,26.86,26.86,3300,26.52
2007-10-01,26.67,26.67,26.67,26.67,200,26.34
2007-09-28,26.65,26.65,26.47,26.49,4800,26.16
2007-09-27,26.61,26.66,26.61,26.66,1100,26.33
2007-09-26,26.51,26.51,26.45,26.48,1000,26.15
2007-09-25,26.19,26.38,26.19,26.29,3100,25.96
2007-09-24,26.72,26.72,26.46,26.47,8200,26.14
2007-09-21,26.92,26.92,26.72,26.76,3400,26.42
2007-09-20,27.00,27.00,26.83,26.86,700,26.52
2007-09-19,27.18,27.18,27.03,27.03,1900,26.69
2007-09-18,25.88,26.75,25.88,26.75,1000,26.42
2007-09-17,25.85,25.86,25.75,25.83,1300,25.51
2007-09-14,25.54,25.76,25.54,25.76,1200,25.44
2007-09-13,25.72,25.98,25.70,25.92,1700,25.60
2007-09-12,25.60,25.81,25.54,25.54,1700,25.22
2007-09-11,25.48,25.68,25.48,25.68,2200,25.36
2007-09-10,25.90,25.90,25.16,25.50,10800,25.18
2007-09-07,25.85,25.85,25.58,25.69,3900,25.37
2007-09-06,26.40,26.40,26.03,26.25,10900,25.92
2007-09-05,26.39,26.39,26.18,26.21,3500,25.88
2007-09-04,26.43,26.66,26.43,26.66,10400,26.33
2007-08-31,26.09,26.09,26.09,26.09,000,25.76
2007-08-30,26.16,26.30,26.09,26.09,6700,25.76
2007-08-29,25.87,26.02,25.87,26.02,4200,25.69
2007-08-28,25.97,26.00,25.65,25.65,42700,25.33
2007-08-27,26.41,26.41,26.38,26.38,1900,26.05
2007-08-24,26.32,26.76,26.32,26.76,44400,26.42
2007-08-23,26.57,26.57,26.31,26.36,6000,26.03
2007-08-22,26.48,26.57,26.45,26.57,1000,26.24
2007-08-21,26.17,26.26,26.13,26.18,1600,25.85
2007-08-20,26.10,27.01,25.86,26.12,10900,25.79
2007-08-17,26.29,26.30,25.86,25.90,18500,25.58
2007-08-16,25.13,25.55,24.85,25.55,1400,25.23
2007-08-15,25.67,25.85,25.28,25.29,8300,24.97
2007-08-14,26.32,26.37,25.72,25.72,7700,25.40
2007-08-13,26.61,26.74,26.32,26.32,47500,25.99
2007-08-10,25.43,26.41,25.43,26.23,13500,25.90
2007-08-09,26.26,26.55,25.95,25.95,49400,25.63
2007-08-08,27.13,27.13,26.64,26.66,18100,26.33
2007-08-07,26.47,27.01,26.47,26.86,56300,26.52
2007-08-06,26.25,26.50,26.16,26.50,50800,26.17
2007-08-03,26.75,26.75,26.19,26.19,2100,25.86
2007-08-02,26.96,26.96,26.92,26.94,400,26.60
2007-08-01,26.85,26.92,26.56,26.59,20100,26.26
2007-07-31,27.39,27.39,26.70,26.70,16800,26.37
2007-07-30,26.83,27.13,26.82,27.13,4500,26.79
2007-07-27,27.32,27.32,26.72,26.72,5400,26.39
2007-07-26,27.65,27.85,27.09,27.35,172100,27.01
2007-07-25,28.41,28.41,27.97,28.09,11800,27.74
2007-07-24,28.75,28.75,28.33,28.33,13000,27.98
2007-07-23,29.13,29.13,28.96,28.96,500,28.60
2007-07-20,29.26,29.26,28.93,29.00,4300,28.64
2007-07-19,29.31,29.37,29.31,29.37,1400,29.00
2007-07-18,29.06,29.09,29.02,29.09,900,28.73
2007-07-17,29.36,29.36,29.36,29.36,000,28.99
2007-07-16,29.41,29.51,29.34,29.36,5800,28.99
2007-07-13,29.30,29.40,29.29,29.40,600,29.03
2007-07-12,29.05,29.28,29.05,29.28,5800,28.91
2007-07-11,28.76,28.78,28.76,28.78,6000,28.42
2007-07-10,28.91,28.91,28.76,28.76,1900,28.40
2007-07-09,29.09,29.13,29.09,29.12,7600,28.76
2007-07-06,28.92,29.21,28.92,29.19,11800,28.82
2007-07-05,28.82,28.93,28.81,28.93,2000,28.57
2007-07-03,28.75,28.87,28.75,28.81,5200,28.45
2007-07-02,28.69,28.69,28.62,28.69,7000,28.33
2007-06-29,28.53,28.53,28.34,28.44,22500,28.08
2007-06-28,28.55,28.70,28.55,28.68,6500,28.32
2007-06-27,28.08,28.60,28.08,28.60,700,28.24
2007-06-26,28.34,28.34,28.01,28.01,40500,27.66
2007-06-25,28.32,28.53,28.19,28.25,32100,27.90
2007-06-22,28.60,28.60,28.29,28.36,3700,28.00
2007-06-21,28.51,28.63,28.51,28.59,500,28.23
2007-06-20,28.99,29.02,28.88,28.89,2900,28.53
2007-06-19,28.91,28.94,28.88,28.94,3600,28.58
2007-06-18,29.01,29.01,28.86,28.86,1400,28.50
2007-06-15,29.07,29.07,28.98,28.98,500,28.62
2007-06-14,28.92,28.92,28.79,28.82,2000,28.37
2007-06-13,28.57,28.70,28.57,28.70,1000,28.25
2007-06-12,28.63,28.63,28.46,28.46,1300,28.02
2007-06-11,28.79,28.85,28.74,28.81,11100,28.36
2007-06-08,28.60,28.83,28.51,28.83,262200,28.38
2007-06-07,28.91,28.93,28.62,28.62,2100,28.17
2007-06-06,28.95,29.05,28.95,29.05,15000,28.60
2007-06-05,29.40,29.40,29.33,29.33,200,28.87
2007-06-04,29.43,29.64,29.38,29.54,124600,29.08
2007-06-01,29.50,29.59,29.48,29.50,3300,29.04
2007-05-31,29.44,29.44,29.28,29.35,4700,28.89
2007-05-30,29.09,29.32,29.04,29.32,35000,28.86
2007-05-29,29.01,29.01,29.01,29.01,000,28.56
2007-05-25,29.01,29.01,29.01,29.01,000,28.56
2007-05-24,29.26,29.26,29.01,29.01,6100,28.56
2007-05-23,29.27,29.35,29.14,29.14,2000,28.69
2007-05-22,29.10,29.26,29.07,29.24,1900,28.78
2007-05-21,28.86,28.86,28.86,28.86,000,28.41
2007-05-18,28.68,28.89,28.68,28.86,1800,28.41
2007-05-17,28.74,28.74,28.72,28.74,900,28.29
2007-05-16,28.60,28.64,28.56,28.64,5900,28.19
2007-05-15,28.61,28.61,28.54,28.54,2000,28.10
2007-05-14,28.72,28.72,28.64,28.64,1500,28.19
2007-05-11,28.64,28.64,28.64,28.64,700,28.19
2007-05-10,28.83,28.83,28.58,28.58,1200,28.13
2007-05-09,28.70,28.70,28.70,28.70,000,28.25
2007-05-08,28.74,28.74,28.60,28.70,3700,28.25
2007-05-07,28.81,28.87,28.78,28.78,6400,28.33
2007-05-04,28.80,28.83,28.80,28.80,5000,28.35
2007-05-03,28.78,28.79,28.76,28.78,4100,28.33
2007-05-02,28.93,28.93,28.92,28.92,900,28.47
2007-05-01,28.58,28.68,28.52,28.68,1500,28.23
2007-04-30,29.15,29.15,28.62,28.62,5600,28.17
2007-04-27,28.95,29.15,28.95,29.11,3100,28.66
2007-04-26,29.07,29.07,29.07,29.07,200,28.62
2007-04-25,28.85,28.85,28.81,28.81,600,28.36
2007-04-24,28.80,28.80,28.62,28.62,12200,28.17
2007-04-23,28.92,28.92,28.88,28.88,1900,28.43
2007-04-20,28.86,28.96,28.86,28.90,4200,28.45
2007-04-19,28.63,28.68,28.63,28.64,1600,28.19
2007-04-18,28.85,28.92,28.83,28.88,3100,28.43
2007-04-17,28.90,28.90,28.76,28.88,16200,28.43
2007-04-16,28.72,28.84,28.72,28.84,6700,28.39
2007-04-13,28.50,28.51,28.47,28.50,2100,28.06
2007-04-12,28.37,28.57,28.37,28.57,1400,28.13
2007-04-11,28.40,28.55,28.39,28.39,2100,27.95
2007-04-10,28.66,28.66,28.63,28.63,1100,28.18
2007-04-09,28.57,28.64,28.57,28.60,2600,28.15
2007-04-05,28.54,28.67,28.54,28.67,4400,28.22
2007-04-04,28.46,28.54,28.46,28.50,1200,28.06
2007-04-03,28.36,28.60,28.36,28.43,7000,27.99
2007-04-02,28.05,28.18,28.05,28.16,1400,27.72
2007-03-30,28.10,28.10,27.86,27.86,1400,27.43
2007-03-29,27.97,27.97,27.81,27.81,5500,27.38
2007-03-28,27.91,27.91,27.89,27.90,1600,27.47
2007-03-27,28.27,28.27,28.12,28.12,2100,27.68
2007-03-26,28.41,28.41,28.17,28.37,28600,27.93
2007-03-23,28.27,28.44,28.27,28.44,6300,28.00
2007-03-22,28.27,28.38,28.27,28.38,17300,27.94
2007-03-21,28.03,28.30,28.03,28.30,1600,27.86
2007-03-20,27.90,27.98,27.90,27.98,900,27.54
2007-03-19,27.81,27.81,27.81,27.81,200,27.38
2007-03-16,27.60,27.69,27.51,27.51,5100,27.08
2007-03-15,27.59,27.67,27.59,27.64,2400,27.21
2007-03-14,27.49,27.49,27.36,27.36,3500,26.93
2007-03-13,27.81,27.81,27.46,27.50,2100,27.07
2007-03-12,27.94,27.94,27.94,27.94,500,27.50
2007-03-09,27.81,27.81,27.81,27.81,000,27.38
2007-03-08,27.73,27.92,27.73,27.81,6700,27.38
2007-03-07,27.34,27.49,27.25,27.41,12400,26.98
2007-03-06,27.16,27.43,27.11,27.37,2700,26.94
2007-03-05,27.10,27.13,26.96,26.96,5900,26.54
2007-03-02,27.45,27.48,27.36,27.43,6200,27.00
2007-03-01,27.18,27.63,27.18,27.60,1300,27.17
2007-02-28,27.61,27.71,27.56,27.71,600,27.28
2007-02-27,27.74,27.75,27.33,27.34,3700,26.91
2007-02-26,28.68,28.68,28.37,28.37,1600,27.93
2007-02-23,28.67,28.67,28.66,28.66,1100,28.21
2007-02-22,28.73,28.83,28.69,28.69,2600,28.24
2007-02-21,28.82,28.82,28.73,28.79,1900,28.34
2007-02-20,28.77,28.86,28.77,28.81,1500,28.36
2007-02-16,28.42,28.42,28.35,28.35,1200,27.91
2007-02-15,28.35,28.49,28.32,28.46,1500,28.02
2007-02-14,28.24,28.26,28.24,28.26,200,27.82
2007-02-13,28.01,28.02,28.01,28.02,900,27.58
2007-02-12,27.89,27.92,27.89,27.92,700,27.49
2007-02-09,28.24,28.24,27.97,27.97,300,27.53
2007-02-08,28.29,28.40,28.29,28.37,8400,27.93
2007-02-07,28.29,28.29,28.25,28.25,1700,27.81
2007-02-06,28.15,28.15,28.00,28.12,12800,27.68
2007-02-05,27.98,28.02,27.97,27.97,2300,27.53
2007-02-02,28.20,28.20,27.97,28.04,4300,27.60
2007-02-01,27.84,27.97,27.84,27.97,5800,27.53
2007-01-31,27.50,27.74,27.50,27.74,1700,27.31
2007-01-30,27.49,27.49,27.42,27.45,2500,27.02
2007-01-29,27.45,27.45,27.32,27.43,5900,27.00
2007-01-26,27.40,27.40,27.21,27.32,800,26.89
2007-01-25,27.73,27.73,27.23,27.29,9900,26.87
2007-01-24,27.63,27.74,27.63,27.73,5100,27.30
2007-01-23,27.55,27.64,27.44,27.52,12700,27.09
2007-01-22,27.71,27.71,27.49,27.49,1700,27.06
2007-01-19,27.70,27.70,27.53,27.53,6400,27.10
2007-01-18,27.74,27.85,27.67,27.67,242400,27.24
2007-01-17,27.88,27.88,27.68,27.73,39900,27.30
2007-01-16,28.00,28.04,27.76,27.81,106700,27.38
2007-01-12,27.63,27.63,27.63,27.63,000,27.20
2007-01-11,27.63,27.63,27.63,27.63,500,27.20
2007-01-10,27.10,27.25,27.10,27.25,400,26.83
2007-01-09,27.13,27.19,27.13,27.19,800,26.77
2007-01-08,26.95,26.95,26.95,26.95,000,26.53
2007-01-05,26.95,26.95,26.95,26.95,000,26.53
2007-01-04,26.95,26.95,26.95,26.95,000,26.53
2007-01-03,26.86,26.95,26.86,26.95,3400,26.53
2006-12-29,26.91,26.91,26.73,26.75,2400,26.33
2006-12-28,26.97,26.97,26.91,26.91,600,26.49
2006-12-27,26.85,26.97,26.85,26.97,1500,26.55
2006-12-26,26.57,26.66,26.57,26.61,1900,26.20
2006-12-22,26.69,26.70,26.68,26.70,1000,26.28
2006-12-21,26.60,26.81,26.60,26.62,20600,26.21
2006-12-20,26.81,26.84,26.81,26.84,300,26.42
2006-12-19,26.48,26.67,26.42,26.67,7800,26.25
2006-12-18,26.68,26.68,26.65,26.65,1200,26.24
2006-12-15,27.07,27.07,26.98,26.98,300,26.56
2006-12-14,27.20,27.20,27.19,27.19,700,26.77
2006-12-13,26.86,26.90,26.86,26.89,32100,26.47
2006-12-12,26.79,26.79,26.75,26.75,600,26.33
2006-12-11,26.81,26.81,26.81,26.81,000,26.39
2006-12-08,26.73,26.81,26.73,26.81,1200,26.39
2006-12-07,27.00,27.00,26.87,26.90,31100,26.48
2006-12-06,27.07,27.07,27.07,27.07,100,26.65
2006-12-05,27.11,27.11,27.07,27.07,900,26.65
2006-12-04,26.76,27.05,26.76,27.02,25300,26.60
2006-12-01,26.41,26.44,26.29,26.32,16400,25.91
2006-11-30,26.47,26.65,26.47,26.62,1200,26.21
2006-11-29,26.64,26.64,26.64,26.64,100,26.23
2006-11-28,26.17,26.31,26.17,26.31,10400,25.90
2006-11-27,26.69,26.69,26.38,26.38,30400,25.97
2006-11-24,26.85,26.88,26.85,26.88,300,26.46
2006-11-22,26.94,26.94,26.94,26.94,200,26.52
2006-11-21,26.51,26.51,26.51,26.51,000,26.10
2006-11-20,26.60,26.60,26.47,26.51,10600,26.10
2006-11-17,26.38,26.43,26.38,26.43,600,26.02
2006-11-16,26.54,26.54,26.54,26.54,10000,26.13
2006-11-15,26.68,26.68,26.60,26.62,25400,26.21
2006-11-14,26.00,26.39,25.96,26.39,29100,25.98
2006-11-13,26.01,26.01,26.01,26.01,200,25.60
2006-11-10,25.90,25.90,25.90,25.90,100,25.50
2006-11-09,25.88,25.88,25.88,25.88,000,25.48
2006-11-08,25.88,25.88,25.88,25.88,100,25.48
2006-11-07,25.87,25.90,25.81,25.81,4400,25.41
2006-11-06,25.65,25.65,25.65,25.65,200,25.25
2006-11-03,25.33,25.33,25.33,25.33,400,24.94
2006-11-02,25.35,25.40,25.30,25.40,2700,25.00
2006-11-01,26.04,26.04,25.55,25.55,5900,25.15
2006-10-31,26.20,26.20,25.89,25.89,4400,25.49
2006-10-30,25.73,26.09,25.70,26.09,2600,25.68
2006-10-27,25.94,26.07,25.89,25.89,31000,25.49
2006-10-26,26.15,26.15,26.15,26.15,200,25.74
2006-10-25,26.00,26.00,25.71,25.71,60100,25.31
2006-10-24,25.76,25.86,25.76,25.86,10500,25.46
2006-10-23,25.46,25.74,25.38,25.69,151700,25.29
2006-10-20,25.58,25.58,25.58,25.58,100,25.18
2006-10-19,25.58,25.58,25.58,25.58,200,25.18
2006-10-18,25.75,25.75,25.58,25.59,800,25.19
2006-10-17,25.55,25.55,25.32,25.45,1300,25.05
2006-10-16,25.61,25.61,25.59,25.59,1900,25.19
2006-10-13,25.55,25.55,25.51,25.51,600,25.11
2006-10-12,25.25,25.44,25.20,25.42,10800,25.02