2011-05-10,26.61,26.70,26.51,26.69,42400,26.69
2011-05-09,26.34,26.56,26.30,26.49,34000,26.49
2011-05-06,26.29,26.44,26.24,26.30,14700,26.30
2011-05-05,26.01,26.30,25.92,26.03,29000,26.03
2011-05-04,26.40,26.40,26.07,26.17,34000,26.17
2011-05-03,26.41,26.41,26.20,26.34,29000,26.34
2011-05-02,26.31,26.57,26.31,26.38,34000,26.38
2011-04-29,26.29,26.29,26.15,26.18,16000,26.18
2011-04-28,26.23,26.26,26.16,26.26,29200,26.26
2011-04-27,26.12,26.29,25.78,26.26,49200,26.26
2011-04-26,25.78,26.02,25.76,25.95,64600,25.95
2011-04-25,25.68,25.68,25.52,25.68,40400,25.68
2011-04-21,25.76,25.76,25.62,25.67,33000,25.67
2011-04-20,25.68,25.68,25.55,25.61,36900,25.61
2011-04-19,25.37,25.37,25.20,25.36,43000,25.36
2011-04-18,25.48,25.48,25.06,25.27,73600,25.27
2011-04-15,25.30,25.57,25.30,25.57,11500,25.57
2011-04-14,25.12,25.31,25.08,25.29,17600,25.29
2011-04-13,25.20,25.38,25.06,25.19,20800,25.19
2011-04-12,25.11,25.17,25.09,25.10,12500,25.10
2011-04-11,25.11,25.29,25.11,25.16,19800,25.16
2011-04-08,25.15,25.15,24.97,25.06,17200,25.06
2011-04-07,25.00,25.04,24.90,24.99,13300,24.99
2011-04-06,25.01,25.09,24.95,24.99,23200,24.99
2011-04-05,24.68,24.97,24.68,24.92,28300,24.92
2011-04-04,24.55,24.70,24.55,24.66,16500,24.66
2011-04-01,24.47,24.52,24.37,24.47,7600,24.47
2011-03-31,24.34,24.44,24.34,24.35,16900,24.35
2011-03-30,24.13,24.51,24.13,24.39,19900,24.39
2011-03-29,23.56,23.85,23.56,23.83,10800,23.83
2011-03-28,23.70,23.70,23.57,23.59,14500,23.59
2011-03-25,23.67,23.80,23.56,23.65,19800,23.65
2011-03-24,23.31,23.61,23.30,23.56,10800,23.56
2011-03-23,23.15,23.34,23.11,23.31,19300,23.31
2011-03-22,23.36,23.39,23.27,23.27,18200,23.27
2011-03-21,23.41,23.46,23.27,23.29,6600,23.29
2011-03-18,23.26,23.26,23.07,23.17,25900,23.17
2011-03-17,23.09,23.10,22.90,22.95,8200,22.95
2011-03-16,23.22,23.22,22.65,22.74,16500,22.74
2011-03-15,22.85,23.24,22.80,23.17,27800,23.17
2011-03-14,23.29,23.42,23.24,23.33,15300,23.33
2011-03-11,23.17,23.47,23.17,23.39,44200,23.39
2011-03-10,23.41,23.42,23.25,23.31,23600,23.31
2011-03-09,23.53,23.69,23.50,23.63,52200,23.63
2011-03-08,23.35,23.63,23.30,23.63,85100,23.63
2011-03-07,23.53,23.53,23.13,23.29,17400,23.29
2011-03-04,23.57,23.60,23.42,23.55,235200,23.55
2011-03-03,23.38,23.63,23.38,23.59,16700,23.59
2011-03-02,22.99,23.21,22.99,23.18,9300,23.18
2011-03-01,23.37,23.37,22.99,22.99,34300,22.99
2011-02-28,23.10,23.34,23.10,23.26,72300,23.26
2011-02-25,22.63,22.96,22.63,22.95,24600,22.95
2011-02-24,22.87,22.87,22.55,22.67,63600,22.67
2011-02-23,23.18,23.18,22.92,22.92,27700,22.92
2011-02-22,23.31,23.45,23.17,23.22,26400,23.22
2011-02-18,23.64,23.65,23.53,23.59,211900,23.59
2011-02-17,23.48,23.64,23.48,23.58,186900,23.58
2011-02-16,23.50,23.65,23.50,23.56,10200,23.56
2011-02-15,23.30,23.45,23.25,23.44,36600,23.44
2011-02-14,23.16,23.36,23.16,23.35,19000,23.35
2011-02-11,23.16,23.24,23.00,23.22,13700,23.22
2011-02-10,23.11,23.28,23.11,23.22,37700,23.22
2011-02-09,23.24,23.31,23.13,23.24,40400,23.24
2011-02-08,23.16,23.28,23.15,23.26,188300,23.26
2011-02-07,23.31,23.35,23.20,23.24,75600,23.24
2011-02-04,23.22,23.29,23.12,23.29,13400,23.29
2011-02-03,23.15,23.22,22.91,23.21,40900,23.21
2011-02-02,23.18,23.23,23.14,23.18,36300,23.18
2011-02-01,23.10,23.38,23.10,23.29,20200,23.29
2011-01-31,23.06,23.15,22.97,23.09,13400,23.09
2011-01-28,23.51,23.51,22.97,22.99,45000,22.99
2011-01-27,23.60,23.61,23.49,23.53,30100,23.53
2011-01-26,23.45,23.66,23.45,23.58,34200,23.58
2011-01-25,23.32,23.44,23.30,23.44,17600,23.44
2011-01-24,23.26,23.48,23.24,23.43,27900,23.43
2011-01-21,23.60,23.60,23.26,23.30,18900,23.30
2011-01-20,23.55,23.62,23.42,23.52,10000,23.52
2011-01-19,23.85,23.86,23.44,23.50,34600,23.50
2011-01-18,23.84,23.85,23.70,23.85,60200,23.85
2011-01-14,23.69,23.71,23.58,23.69,16400,23.69
2011-01-13,23.69,23.69,23.58,23.63,23900,23.63
2011-01-12,23.58,23.70,23.55,23.68,33100,23.68
2011-01-11,23.59,23.60,23.48,23.49,44600,23.49
2011-01-10,23.50,23.54,23.36,23.53,57200,23.53
2011-01-07,23.67,23.67,23.36,23.53,59000,23.53
2011-01-06,23.64,23.64,23.44,23.53,38000,23.53
2011-01-05,23.30,23.45,23.20,23.40,36500,23.40
2011-01-04,23.41,23.41,23.16,23.30,26200,23.30
2011-01-03,23.65,23.65,23.38,23.39,40900,23.39
2010-12-31,23.91,23.91,23.61,23.64,20300,23.64
2010-12-30,24.00,24.00,23.75,23.78,35300,23.78
2010-12-29,23.92,23.95,23.86,23.90,31400,23.90
2010-12-28,24.10,24.10,23.85,23.88,32800,23.88
2010-12-27,24.13,24.13,23.87,23.98,19400,23.98
2010-12-23,24.05,24.05,23.90,23.93,23900,23.93
2010-12-22,24.11,24.11,23.92,23.93,98700,23.93
2010-12-21,24.16,24.16,23.96,23.97,26000,23.97
2010-12-20,24.54,24.54,23.89,24.03,29500,24.03
2010-12-17,24.03,24.03,23.85,24.01,80900,24.01
2010-12-16,23.79,24.05,23.63,24.05,181700,23.99
2010-12-15,23.62,23.82,23.57,23.73,32200,23.68
2010-12-14,23.33,23.58,23.30,23.56,47600,23.51
2010-12-13,23.34,23.41,23.30,23.30,25900,23.25
2010-12-10,23.16,23.40,23.16,23.36,182400,23.31
2010-12-09,23.10,23.17,23.09,23.16,35400,23.11
2010-12-08,23.02,23.13,23.00,23.10,224700,23.05
2010-12-07,23.10,23.10,22.86,22.93,17100,22.88
2010-12-06,22.82,22.87,22.78,22.81,78500,22.76
2010-12-03,22.91,22.92,22.80,22.86,18800,22.81
2010-12-02,22.72,22.87,22.72,22.87,29700,22.82
2010-12-01,22.61,22.79,22.61,22.78,35600,22.73
2010-11-30,22.38,22.52,22.33,22.33,89400,22.28
2010-11-29,22.70,22.70,22.38,22.63,76700,22.58
2010-11-26,22.87,22.87,22.73,22.82,16100,22.77
2010-11-24,22.87,22.92,22.83,22.92,10600,22.87
2010-11-23,22.83,22.83,22.59,22.63,18600,22.58
2010-11-22,22.91,22.94,22.69,22.92,18700,22.87
2010-11-19,22.96,22.96,22.76,22.85,32700,22.80
2010-11-18,22.71,22.92,22.60,22.89,64900,22.84
2010-11-17,22.46,22.49,22.38,22.44,124200,22.39
2010-11-16,22.52,22.59,22.35,22.44,100800,22.39
2010-11-15,22.67,22.79,22.64,22.68,71800,22.63
2010-11-12,22.68,22.68,22.54,22.54,24300,22.49
2010-11-11,22.71,22.82,22.60,22.80,30100,22.75
2010-11-10,22.74,22.81,22.56,22.81,17000,22.76
2010-11-09,22.91,22.93,22.65,22.74,22500,22.69
2010-11-08,22.94,22.94,22.81,22.88,42100,22.83
2010-11-05,23.09,23.09,22.84,22.92,47500,22.87
2010-11-04,23.09,23.14,22.95,23.04,392400,22.99
2010-11-03,22.90,22.90,22.65,22.87,27100,22.82
2010-11-02,22.70,22.83,22.67,22.77,66900,22.72
2010-11-01,22.60,22.70,22.40,22.49,30900,22.44
2010-10-29,22.61,22.61,22.41,22.50,52600,22.45
2010-10-28,22.65,22.65,22.47,22.59,14500,22.54
2010-10-27,22.42,22.50,22.26,22.46,20000,22.41
2010-10-26,22.67,22.67,22.50,22.58,13900,22.53
2010-10-25,22.66,22.78,22.63,22.65,205800,22.60
2010-10-22,22.86,22.86,22.40,22.53,14200,22.48
2010-10-21,22.47,22.60,22.24,22.46,31200,22.41
2010-10-20,22.38,22.50,22.26,22.39,50000,22.34
2010-10-19,22.19,22.50,22.11,22.24,31700,22.19
2010-10-18,22.49,22.62,22.42,22.62,12400,22.57
2010-10-15,22.45,22.46,22.32,22.40,15900,22.35
2010-10-14,22.21,22.38,22.21,22.28,54400,22.23
2010-10-13,22.13,22.31,22.13,22.26,18400,22.21
2010-10-12,21.72,22.10,21.72,22.07,19900,22.02
2010-10-11,21.72,21.75,21.65,21.65,3200,21.60
2010-10-08,21.59,21.74,21.59,21.73,19000,21.68
2010-10-07,21.64,21.64,21.49,21.56,10700,21.51
2010-10-06,21.56,21.58,21.50,21.54,30500,21.49
2010-10-05,21.34,21.58,21.34,21.54,7300,21.49
2010-10-04,21.33,21.38,21.06,21.17,15900,21.12
2010-10-01,21.34,21.34,21.18,21.33,6300,21.28
2010-09-30,21.39,21.42,21.17,21.29,47200,21.24
2010-09-29,21.37,21.38,21.22,21.31,29900,21.26
2010-09-28,21.28,21.38,21.15,21.38,39400,21.33
2010-09-27,21.25,21.25,21.12,21.12,9900,21.07
2010-09-24,21.05,21.29,21.05,21.25,6200,21.20
2010-09-23,20.94,21.10,20.90,20.91,41400,20.86
2010-09-22,21.04,21.13,20.90,21.01,39000,20.96
2010-09-21,21.07,21.15,20.92,21.09,29900,21.04
2010-09-20,20.66,21.09,20.66,21.05,21400,21.00
2010-09-17,20.75,20.75,20.57,20.63,7600,20.58
2010-09-16,20.65,20.67,20.54,20.64,14400,20.56
2010-09-15,20.53,20.75,20.40,20.72,21700,20.64
2010-09-14,20.48,20.60,20.44,20.50,28000,20.42
2010-09-13,21.23,21.23,20.36,20.45,19000,20.37
2010-09-10,20.31,20.43,20.22,20.40,13700,20.32
2010-09-09,20.16,20.26,20.11,20.23,26500,20.15
2010-09-08,19.82,20.10,19.82,20.03,58000,19.95
2010-09-07,19.95,20.00,19.80,19.86,51500,19.78
2010-09-03,20.00,20.02,19.87,20.02,6700,19.94
2010-09-02,19.76,19.84,19.69,19.84,16800,19.76
2010-09-01,19.40,19.64,19.40,19.64,75100,19.56
2010-08-31,19.16,19.27,19.14,19.20,4600,19.12
2010-08-30,19.54,19.54,19.21,19.21,42600,19.13
2010-08-27,19.25,19.51,19.25,19.50,23400,19.42
2010-08-26,19.44,19.44,19.20,19.21,62800,19.13
2010-08-25,19.10,19.30,19.08,19.27,7800,19.19
2010-08-24,19.28,19.29,19.15,19.17,14000,19.09
2010-08-23,19.64,19.64,19.48,19.48,9100,19.40
2010-08-20,19.39,19.50,19.30,19.49,74600,19.41
2010-08-19,19.72,19.76,19.43,19.48,23100,19.40
2010-08-18,19.78,20.00,19.71,19.86,107700,19.78
2010-08-17,19.74,19.91,19.63,19.81,32300,19.73
2010-08-16,19.49,19.66,19.49,19.60,25600,19.52
2010-08-13,19.72,19.72,19.60,19.62,7400,19.54
2010-08-12,19.27,19.75,19.20,19.71,17500,19.63
2010-08-11,19.79,19.82,19.57,19.57,18400,19.49
2010-08-10,19.93,20.23,19.91,20.19,6900,20.11
2010-08-09,20.04,20.06,19.95,20.06,6700,19.98
2010-08-06,19.62,19.92,19.60,19.91,11000,19.83
2010-08-05,19.62,19.91,19.62,19.86,4600,19.78
2010-08-04,19.71,19.86,19.71,19.84,32200,19.76
2010-08-03,19.59,19.90,19.54,19.82,28700,19.74
2010-08-02,19.55,19.57,19.47,19.52,43800,19.44
2010-07-30,18.92,19.28,18.91,19.21,26500,19.13
2010-07-29,19.22,19.32,19.06,19.15,6500,19.07
2010-07-28,19.41,19.43,19.09,19.09,44100,19.01
2010-07-27,19.55,19.55,19.35,19.41,14600,19.33
2010-07-26,19.01,19.31,19.01,19.31,8600,19.23
2010-07-23,18.83,18.97,18.67,18.92,63400,18.84
2010-07-22,18.91,19.00,18.88,18.95,22800,18.87
2010-07-21,18.78,18.78,18.63,18.65,2700,18.57
2010-07-20,18.68,18.83,18.50,18.82,7400,18.74
2010-07-19,18.73,18.79,18.61,18.76,6800,18.68
2010-07-16,18.93,19.08,18.66,18.66,25200,18.58
2010-07-15,19.09,19.12,18.97,19.12,2700,19.04
2010-07-14,19.00,19.00,18.86,18.91,4000,18.83
2010-07-13,18.94,19.06,18.94,19.02,7700,18.94
2010-07-12,18.87,18.87,18.73,18.78,3300,18.70
2010-07-09,18.78,18.93,18.78,18.91,3000,18.83
2010-07-08,18.67,18.79,18.65,18.78,5200,18.70
2010-07-07,18.19,18.46,18.19,18.46,6600,18.39
2010-07-06,18.32,18.37,18.16,18.16,3100,18.09
2010-07-02,18.03,18.31,18.03,18.25,10200,18.18
2010-07-01,17.92,18.02,17.80,18.01,6300,17.94
2010-06-30,18.39,18.54,18.28,18.28,4200,18.21
2010-06-29,18.66,18.66,18.47,18.49,16100,18.42
2010-06-28,18.78,19.01,18.75,18.90,2100,18.82
2010-06-25,18.64,18.91,18.62,18.91,2200,18.83
2010-06-24,18.73,18.78,18.67,18.68,8900,18.60
2010-06-23,18.83,18.83,18.66,18.78,5900,18.70
2010-06-22,18.84,19.14,18.78,18.78,8400,18.70
2010-06-21,19.07,19.07,18.81,18.81,4600,18.73
2010-06-18,18.94,18.96,18.86,18.90,2800,18.82
2010-06-17,19.08,19.08,18.79,18.90,6200,18.79
2010-06-16,18.85,19.02,18.85,18.99,9600,18.88
2010-06-15,18.67,18.91,18.61,18.91,9100,18.80
2010-06-14,18.70,18.70,18.62,18.62,2300,18.51
2010-06-11,18.35,18.46,18.34,18.45,5700,18.34
2010-06-10,18.12,18.26,18.12,18.25,7700,18.14
2010-06-09,17.99,17.99,17.82,17.82,37200,17.72
2010-06-08,17.96,17.97,17.69,17.90,7600,17.79
2010-06-07,18.25,18.29,18.00,18.00,14100,17.89
2010-06-04,18.30,18.30,18.11,18.13,10400,18.02
2010-06-03,18.65,18.75,18.62,18.73,20100,18.62
2010-06-02,18.20,18.57,18.20,18.57,6100,18.46
2010-06-01,18.33,18.55,18.33,18.34,11200,18.23
2010-05-28,18.55,18.66,18.48,18.65,13400,18.54
2010-05-27,18.33,18.47,18.33,18.44,34200,18.33
2010-05-26,18.17,18.37,18.17,18.26,11700,18.15
2010-05-25,17.79,18.12,17.57,18.12,31500,18.01
2010-05-24,18.12,18.35,18.12,18.14,6000,18.03
2010-05-21,17.81,18.24,17.78,18.20,70300,18.09
2010-05-20,18.47,18.58,18.18,18.18,45100,18.07
2010-05-19,18.81,18.90,18.71,18.82,6400,18.71
2010-05-18,19.19,19.19,18.87,18.88,19300,18.77
2010-05-17,19.01,19.01,18.71,19.01,13700,18.90
2010-05-14,19.14,19.21,18.84,18.93,20100,18.82
2010-05-13,19.62,19.62,19.29,19.29,9000,19.18
2010-05-12,19.64,19.68,19.51,19.65,111500,19.53
2010-05-11,19.00,19.69,19.00,19.51,14700,19.40
2010-05-10,19.31,19.52,19.12,19.26,52700,19.15
2010-05-07,18.63,19.18,18.63,18.73,64300,18.62
2010-05-06,19.71,20.05,9.46,19.12,80200,19.01
2010-05-05,19.62,19.76,19.48,19.76,9600,19.64
2010-05-04,19.62,19.77,19.61,19.75,14700,19.63
2010-05-03,19.61,19.82,19.61,19.77,3300,19.65
2010-04-30,19.78,19.82,19.56,19.56,7000,19.45
2010-04-29,19.60,19.76,19.59,19.75,12900,19.63
2010-04-28,19.29,19.42,19.25,19.39,18400,19.28
2010-04-27,19.58,19.61,19.23,19.25,6500,19.14
2010-04-26,19.58,19.67,19.49,19.49,16200,19.38
2010-04-23,19.42,19.63,19.35,19.62,17300,19.50
2010-04-22,19.57,19.57,19.33,19.45,93300,19.34
2010-04-21,20.07,20.07,19.67,19.74,21500,19.62
2010-04-20,20.12,20.12,20.00,20.03,15900,19.91
2010-04-19,19.87,20.01,19.85,20.01,18500,19.89
2010-04-16,20.09,20.10,19.83,19.99,11600,19.87
2010-04-15,19.98,20.08,19.98,20.04,10600,19.92
2010-04-14,19.98,20.04,19.95,20.02,12100,19.90
2010-04-13,19.95,20.03,19.90,20.01,6000,19.89
2010-04-12,20.00,20.01,19.95,19.98,8100,19.86
2010-04-09,19.97,20.00,19.96,19.97,4100,19.85
2010-04-08,20.00,20.00,19.90,19.97,9100,19.85
2010-04-07,20.13,20.15,20.00,20.05,52400,19.93
2010-04-06,20.12,20.23,20.07,20.16,34800,20.04
2010-04-05,20.20,20.26,20.15,20.15,81300,20.03
2010-04-01,20.07,20.14,20.05,20.12,9000,20.00
2010-03-31,19.91,20.17,19.91,20.01,32400,19.89
2010-03-30,20.12,20.12,19.99,20.09,12100,19.97
2010-03-29,19.91,20.08,19.91,20.08,14300,19.96
2010-03-26,20.06,20.06,19.80,19.86,16500,19.74
2010-03-25,20.23,20.24,20.00,20.00,15800,19.88
2010-03-24,20.34,20.34,20.13,20.14,18900,20.02
2010-03-23,20.08,20.40,20.08,20.35,21000,20.23
2010-03-22,19.91,20.18,19.91,20.12,31300,20.00
2010-03-19,20.07,20.07,19.86,19.89,14300,19.77
2010-03-18,19.86,20.10,19.86,20.00,17400,19.88
2010-03-17,20.00,20.02,19.97,19.99,4200,19.87
2010-03-16,19.26,19.91,19.16,19.89,22700,19.77
2010-03-15,19.80,19.85,19.72,19.85,10600,19.73
2010-03-12,19.90,19.90,19.70,19.80,7800,19.68
2010-03-11,19.70,19.83,19.61,19.83,9800,19.71
2010-03-10,19.54,19.75,19.54,19.70,26200,19.58
2010-03-09,19.51,19.58,19.50,19.53,50100,19.42
2010-03-08,19.60,19.60,19.53,19.53,10700,19.42
2010-03-05,19.54,19.60,19.49,19.60,20400,19.48
2010-03-04,19.39,19.46,19.34,19.40,17900,19.29
2010-03-03,19.35,19.43,19.35,19.40,84600,19.29
2010-03-02,19.30,19.44,19.26,19.41,132300,19.30
2010-03-01,19.18,19.29,19.04,19.29,14400,19.18
2010-02-26,19.02,19.10,19.01,19.10,8100,18.99
2010-02-25,18.75,19.02,18.75,19.02,2900,18.91
2010-02-24,18.82,19.04,18.80,19.00,10400,18.89
2010-02-23,18.87,18.94,18.70,18.72,104200,18.61
2010-02-22,18.97,18.97,18.81,18.94,11900,18.83
2010-02-19,18.93,19.00,18.84,18.97,13300,18.86
2010-02-18,18.85,18.92,18.85,18.92,1800,18.81
2010-02-17,18.83,18.90,18.77,18.86,17400,18.75
2010-02-16,18.61,18.75,18.58,18.75,15300,18.64
2010-02-12,18.30,18.52,18.30,18.52,9000,18.41
2010-02-11,18.20,18.52,18.18,18.52,6000,18.41
2010-02-10,18.35,18.37,18.15,18.29,8900,18.18
2010-02-09,18.35,18.52,18.25,18.33,21300,18.22
2010-02-08,18.38,18.43,18.23,18.25,9600,18.14
2010-02-05,18.16,18.34,17.98,18.34,82500,18.23
2010-02-04,18.57,18.57,18.24,18.24,24400,18.13
2010-02-03,18.81,18.88,18.70,18.81,11500,18.70
2010-02-02,18.68,18.96,18.68,18.94,4000,18.83
2010-02-01,18.70,18.70,18.57,18.68,6500,18.57
2010-01-29,18.79,18.79,18.62,18.62,15600,18.51
2010-01-28,18.91,18.91,18.62,18.67,15700,18.56
2010-01-27,18.57,18.84,18.57,18.84,9800,18.73
2010-01-26,18.60,18.68,18.52,18.65,7900,18.54
2010-01-25,18.74,18.74,18.60,18.60,11700,18.49
2010-01-22,18.79,18.89,18.60,18.60,13300,18.49
2010-01-21,19.35,19.35,18.89,18.89,24100,18.78
2010-01-20,19.40,19.48,19.22,19.38,32600,19.27
2010-01-19,19.21,19.47,19.07,19.45,27600,19.34
2010-01-15,19.24,19.25,18.98,19.07,47300,18.96
2010-01-14,19.01,19.24,19.01,19.24,7300,19.13
2010-01-13,18.89,19.10,18.89,19.07,22900,18.96
2010-01-12,18.92,18.97,18.80,18.84,25000,18.73
2010-01-11,18.90,19.02,18.87,18.99,12500,18.88
2010-01-08,18.74,18.82,18.73,18.81,4300,18.70
2010-01-07,18.66,18.81,18.64,18.79,9500,18.68
2010-01-06,18.80,18.85,18.73,18.76,30700,18.65
2010-01-05,18.94,19.00,18.68,18.78,41100,18.67
2010-01-04,18.69,18.91,18.69,18.90,13900,18.79
2009-12-31,18.81,18.81,18.65,18.65,3400,18.54
2009-12-30,18.66,18.78,18.66,18.78,6900,18.67
2009-12-29,18.80,18.83,18.76,18.76,17500,18.65
2009-12-28,18.74,18.79,18.74,18.78,17300,18.67
2009-12-24,18.71,18.72,18.68,18.72,4800,18.61
2009-12-23,18.81,18.81,18.38,18.69,211300,18.58
2009-12-22,18.65,18.74,18.62,18.72,21000,18.61
2009-12-21,18.49,18.59,18.45,18.58,22700,18.47
2009-12-18,18.07,18.11,18.00,18.11,6400,18.00
2009-12-17,18.25,18.25,18.07,18.11,7300,17.88
2009-12-16,18.33,18.49,18.33,18.34,21400,18.10
2009-12-15,18.32,18.40,18.30,18.38,8700,18.14
2009-12-14,18.30,18.43,18.30,18.42,68900,18.18
2009-12-11,18.27,18.30,18.19,18.25,10300,18.01
2009-12-10,18.30,18.38,18.27,18.28,2600,18.04
2009-12-09,18.05,18.18,18.02,18.18,4000,17.95
2009-12-08,18.12,18.20,18.08,18.09,22700,17.86
2009-12-07,18.20,18.39,18.20,18.26,20600,18.02
2009-12-04,18.27,18.46,18.18,18.28,20700,18.04
2009-12-03,18.38,18.43,18.20,18.20,17800,17.97
2009-12-02,18.17,18.48,18.17,18.39,13300,18.15
2009-12-01,18.20,18.36,18.19,18.28,13800,18.04
2009-11-30,18.20,18.20,17.94,18.11,17700,17.88
2009-11-27,18.00,18.22,17.91,18.12,20800,17.89
2009-11-25,18.21,18.37,18.21,18.34,15200,18.10
2009-11-24,18.15,18.23,18.02,18.21,14500,17.98
2009-11-23,17.94,18.18,17.94,18.10,22700,17.87
2009-11-20,17.85,17.94,17.80,17.92,20500,17.69
2009-11-19,17.84,17.84,17.75,17.80,20800,17.57
2009-11-18,18.00,18.00,17.83,17.97,8600,17.74
2009-11-17,17.91,18.00,17.90,17.98,17500,17.75
2009-11-16,17.55,17.93,17.55,17.90,11400,17.67
2009-11-13,17.49,17.63,17.47,17.55,10900,17.32
2009-11-12,17.59,17.64,17.48,17.48,16200,17.25
2009-11-11,17.68,17.71,17.56,17.63,20400,17.40
2009-11-10,17.56,17.60,17.52,17.57,8600,17.34
2009-11-09,17.45,17.54,17.39,17.54,17600,17.31
2009-11-06,17.23,17.34,17.23,17.33,6400,17.11
2009-11-05,16.94,17.28,16.89,17.28,13700,17.06
2009-11-04,16.87,17.00,16.83,16.84,9900,16.62
2009-11-03,16.63,16.75,16.62,16.75,24200,16.53
2009-11-02,16.68,16.82,16.62,16.69,16400,16.47
2009-10-30,16.71,16.84,16.57,16.57,52000,16.36
2009-10-29,16.66,16.80,16.66,16.78,23600,16.56
2009-10-28,16.90,16.95,16.60,16.60,54000,16.39
2009-10-27,17.03,17.12,16.96,17.00,11800,16.78
2009-10-26,17.21,17.34,16.93,16.98,57500,16.76
2009-10-23,17.55,17.55,17.13,17.16,34300,16.94
2009-10-22,17.27,17.53,17.18,17.52,16000,17.29
2009-10-21,17.65,17.74,17.39,17.43,55500,17.21
2009-10-20,17.98,17.98,17.69,17.71,40100,17.48
2009-10-19,17.83,18.00,17.15,17.93,26200,17.70
2009-10-16,17.93,17.93,17.81,17.86,5300,17.63
2009-10-15,17.83,17.98,17.83,17.98,11600,17.75
2009-10-14,17.65,17.88,17.63,17.83,15400,17.60
2009-10-13,17.57,17.63,17.53,17.54,12800,17.31
2009-10-12,17.68,17.72,17.62,17.62,18800,17.39
2009-10-09,17.45,17.59,17.45,17.59,11200,17.36
2009-10-08,17.51,17.56,17.44,17.44,36900,17.22
2009-10-07,17.37,17.41,17.32,17.38,14300,17.16
2009-10-06,17.27,17.49,17.27,17.45,23500,17.22
2009-10-05,17.15,17.29,17.09,17.27,9900,17.05
2009-10-02,16.94,17.09,16.94,17.07,20600,16.85
2009-10-01,17.35,17.35,17.04,17.06,8000,16.84
2009-09-30,17.52,17.52,17.22,17.39,9200,17.17
2009-09-29,17.51,17.54,17.46,17.46,26200,17.23
2009-09-28,17.27,17.56,17.27,17.45,6300,17.22
2009-09-25,17.10,17.23,17.09,17.12,10200,16.90
2009-09-24,17.23,17.25,17.09,17.14,9300,16.92
2009-09-23,17.38,17.38,17.22,17.24,16800,17.02
2009-09-22,17.73,17.73,17.30,17.32,23400,17.10
2009-09-21,17.40,17.50,17.35,17.45,21800,17.22
2009-09-18,17.41,17.48,17.36,17.40,17400,17.18
2009-09-17,17.34,17.47,17.34,17.46,18500,17.17
2009-09-16,17.25,17.40,17.25,17.39,21800,17.10
2009-09-15,17.17,17.31,17.17,17.29,13100,17.00
2009-09-14,17.15,17.30,17.15,17.30,17100,17.01
2009-09-11,17.22,17.27,17.18,17.27,26100,16.98
2009-09-10,17.18,17.33,17.17,17.29,15700,17.00
2009-09-09,17.05,17.18,17.00,17.18,38400,16.89
2009-09-08,16.99,17.00,16.87,17.00,12300,16.72
2009-09-04,16.76,16.97,16.69,16.97,9700,16.69
2009-09-03,16.77,16.77,16.55,16.67,10400,16.39
2009-09-02,16.55,16.72,16.50,16.67,30200,16.39
2009-09-01,16.74,16.92,16.57,16.62,19500,16.34
2009-08-31,16.71,16.84,16.69,16.82,26700,16.54
2009-08-28,17.00,17.00,16.77,16.85,27700,16.57
2009-08-27,17.08,17.08,16.85,17.01,28900,16.73
2009-08-26,16.96,17.03,16.95,17.03,20000,16.75
2009-08-25,16.94,17.11,16.94,17.03,14300,16.75
2009-08-24,16.86,16.99,16.86,16.91,11900,16.63
2009-08-21,16.70,16.93,16.70,16.85,9900,16.57
2009-08-20,16.56,16.71,16.56,16.66,29000,16.38
2009-08-19,16.33,16.65,16.33,16.61,18300,16.33
2009-08-18,16.29,16.44,16.23,16.42,24400,16.15
2009-08-17,16.14,16.34,16.14,16.29,30900,16.02
2009-08-14,16.45,16.51,16.23,16.37,18200,16.10
2009-08-13,16.44,16.52,16.37,16.50,11500,16.23
2009-08-12,16.29,16.56,16.28,16.49,21000,16.22
2009-08-11,16.25,16.36,16.23,16.35,25100,16.08
2009-08-10,16.25,16.34,16.21,16.34,30300,16.07
2009-08-07,16.19,16.38,16.19,16.30,16500,16.03
2009-08-06,16.41,16.41,16.04,16.06,27800,15.79
2009-08-05,16.32,16.32,16.17,16.23,19700,15.96
2009-08-04,16.38,16.38,16.23,16.37,46900,16.10
2009-08-03,16.31,16.37,16.12,16.37,30100,16.10
2009-07-31,16.13,16.38,16.13,16.14,14000,15.87
2009-07-30,16.18,16.46,16.17,16.17,173000,15.90
2009-07-29,16.16,16.19,16.05,16.13,114400,15.86
2009-07-28,16.10,16.25,16.04,16.12,75400,15.85
2009-07-27,16.08,16.17,16.08,16.15,11500,15.88
2009-07-24,15.87,16.13,15.87,16.13,1479700,15.86
2009-07-23,15.74,16.00,15.74,15.95,21000,15.68
2009-07-22,15.70,15.80,15.62,15.69,59000,15.43
2009-07-21,15.71,15.74,15.61,15.74,24100,15.48
2009-07-20,15.56,15.56,15.41,15.53,46300,15.27
2009-07-17,15.57,15.57,15.42,15.46,13700,15.20
2009-07-16,15.35,15.55,15.35,15.52,17000,15.26
2009-07-15,15.24,15.39,15.16,15.38,31300,15.12
2009-07-14,15.15,15.19,15.08,15.18,38000,14.93
2009-07-13,14.85,15.10,14.78,15.07,41600,14.82
2009-07-10,14.88,14.89,14.81,14.85,18900,14.60
2009-07-09,15.06,15.09,14.85,14.86,38500,14.61
2009-07-08,14.96,15.18,14.96,15.07,40100,14.82
2009-07-07,15.16,15.18,15.00,15.00,81200,14.75
2009-07-06,14.96,15.25,14.93,15.25,53000,15.00
2009-07-02,15.31,15.31,15.04,15.06,34200,14.81
2009-07-01,15.46,15.53,15.42,15.52,11300,15.26
2009-06-30,15.44,15.51,15.30,15.39,11100,15.13
2009-06-29,15.38,15.50,15.27,15.49,29700,15.23
2009-06-26,15.30,15.42,15.21,15.42,13500,15.16
2009-06-25,14.85,15.41,14.85,15.37,21700,15.11
2009-06-24,14.80,14.99,14.80,14.91,28000,14.66
2009-06-23,14.81,14.86,14.74,14.74,17700,14.49
2009-06-22,15.05,15.05,14.78,14.78,24200,14.53
2009-06-19,15.08,15.23,15.04,15.10,27700,14.85
2009-06-18,14.84,15.14,14.84,15.06,24800,14.75
2009-06-17,14.50,14.86,14.50,14.73,1454300,14.42
2009-06-16,14.62,14.73,14.53,14.53,11600,14.23
2009-06-15,14.85,14.85,14.50,14.57,20700,14.27
2009-06-12,14.92,15.05,14.82,14.95,21400,14.64
2009-06-11,14.76,15.07,14.76,14.91,40700,14.60
2009-06-10,14.84,14.91,14.65,14.71,38500,14.40
2009-06-09,14.87,14.87,14.77,14.82,13400,14.51
2009-06-08,14.88,14.93,14.74,14.83,14500,14.52
2009-06-05,15.11,15.11,14.83,14.95,32400,14.64
2009-06-04,15.01,15.01,14.87,14.87,42100,14.56
2009-06-03,14.90,15.00,14.88,14.95,35900,14.64
2009-06-02,14.73,15.11,14.73,15.00,70500,14.69
2009-06-01,14.82,14.88,14.78,14.81,14900,14.50
2009-05-29,14.57,14.74,14.42,14.74,17300,14.43
2009-05-28,14.52,14.58,14.37,14.48,47200,14.18
2009-05-27,14.47,14.58,14.39,14.42,39500,14.12
2009-05-26,14.16,14.53,14.14,14.39,104900,14.09
2009-05-22,14.39,14.39,14.27,14.27,33800,13.97
2009-05-21,14.39,14.48,14.23,14.31,29300,14.01
2009-05-20,14.52,14.68,14.37,14.37,44100,14.07
2009-05-19,14.62,14.62,14.46,14.49,18100,14.19
2009-05-18,14.35,14.61,14.31,14.57,27100,14.27
2009-05-15,14.25,14.40,14.25,14.29,23300,13.99
2009-05-14,14.62,14.74,14.31,14.37,41900,14.07
2009-05-13,14.43,14.61,14.39,14.39,52300,14.09
2009-05-12,14.74,14.74,14.46,14.55,38000,14.25
2009-05-11,14.49,14.49,14.12,14.46,136300,14.16
2009-05-08,14.35,14.52,14.31,14.50,31900,14.20
2009-05-07,14.18,14.36,14.18,14.27,169500,13.97
2009-05-06,14.45,14.45,13.99,14.18,55800,13.88
2009-05-05,13.92,14.27,13.92,14.27,112700,13.97
2009-05-04,13.76,14.18,13.76,14.08,201000,13.79
2009-05-01,14.15,14.15,13.69,13.76,122500,13.47
2009-04-30,14.28,14.28,13.81,13.97,87400,13.68
2009-04-29,14.14,14.14,13.81,14.06,42500,13.77
2009-04-28,13.98,13.98,13.85,13.87,44800,13.58
2009-04-27,13.81,14.02,13.81,13.92,41600,13.63
2009-04-24,13.60,13.83,13.60,13.71,32200,13.42
2009-04-23,13.61,13.70,13.50,13.63,63400,13.35
2009-04-22,13.92,13.92,13.65,13.66,37400,13.37
2009-04-21,13.64,13.84,13.64,13.78,36700,13.49
2009-04-20,13.84,14.08,13.80,13.80,34700,13.51
2009-04-17,13.92,14.24,13.92,14.16,58300,13.86
2009-04-16,14.03,14.10,13.89,14.07,41000,13.78
2009-04-15,13.84,13.97,13.81,13.97,70500,13.68
2009-04-14,13.93,13.96,13.79,13.86,16400,13.57
2009-04-13,14.06,14.13,14.01,14.03,34200,13.74
2009-04-09,14.67,14.67,13.98,14.04,107800,13.75
2009-04-08,13.93,14.04,13.87,14.04,24700,13.75
2009-04-07,13.85,13.94,13.74,13.75,37600,13.46
2009-04-06,13.86,14.09,13.85,13.99,27500,13.70
2009-04-03,14.08,14.08,13.82,13.92,39100,13.63
2009-04-02,14.39,14.39,14.04,14.05,39700,13.76
2009-04-01,13.89,14.11,13.75,14.03,138500,13.74
2009-03-31,14.44,14.44,14.13,14.13,171600,13.84
2009-03-30,13.75,14.08,13.53,14.08,48000,13.79
2009-03-27,14.12,14.34,13.83,14.17,41700,13.87
2009-03-26,14.39,14.39,14.12,14.33,34600,14.03
2009-03-25,13.89,14.27,13.63,14.14,34200,13.84
2009-03-24,14.19,14.19,13.91,13.91,25000,13.62
2009-03-23,13.95,14.14,13.65,14.13,71700,13.84
2009-03-20,13.53,13.79,13.53,13.60,37700,13.32
2009-03-19,14.17,14.17,13.50,13.53,76600,13.25
2009-03-18,13.74,14.06,13.71,13.76,52900,13.47
2009-03-17,13.74,13.93,13.54,13.90,40500,13.61
2009-03-16,14.42,14.42,13.58,13.58,37200,13.30
2009-03-13,13.77,13.85,13.51,13.74,30300,13.45
2009-03-12,12.56,13.47,12.56,13.42,66800,13.14
2009-03-11,12.85,13.19,12.73,12.81,77800,12.54
2009-03-10,12.86,13.03,12.75,13.03,140000,12.76
2009-03-09,12.75,12.93,12.50,12.58,64100,12.32
2009-03-06,12.54,12.75,12.49,12.75,92500,12.48
2009-03-05,12.80,12.80,12.51,12.58,84000,12.32
2009-03-04,12.82,13.15,12.67,12.95,81800,12.68
2009-03-03,12.90,13.00,12.55,12.61,186400,12.35
2009-03-02,13.33,13.33,12.79,12.80,1169200,12.53
2009-02-27,14.01,14.01,13.54,13.54,67800,13.26
2009-02-26,14.84,14.84,14.09,14.09,49300,13.80
2009-02-25,14.94,14.96,14.64,14.69,30400,14.38
2009-02-24,14.78,15.03,14.75,14.94,49000,14.63
2009-02-23,15.01,15.12,14.68,14.80,98200,14.49
2009-02-20,15.02,15.17,14.94,15.06,85800,14.75
2009-02-19,15.55,15.93,15.02,15.25,36900,14.93
2009-02-18,15.38,15.38,15.09,15.23,32500,14.91
2009-02-17,16.13,16.13,15.12,15.27,50600,14.95
2009-02-13,15.72,15.80,15.61,15.70,39800,15.37
2009-02-12,15.38,15.78,15.01,15.78,48500,15.45
2009-02-11,15.40,15.60,15.40,15.54,14800,15.22
2009-02-10,15.78,15.89,15.39,15.46,44000,15.14
2009-02-09,15.95,16.00,15.75,15.92,36800,15.59
2009-02-06,15.77,16.02,15.77,15.87,42000,15.54
2009-02-05,15.53,15.83,15.49,15.71,46200,15.38
2009-02-04,15.92,16.00,15.58,15.58,33100,15.25
2009-02-03,15.66,15.88,15.39,15.75,45900,15.42
2009-02-02,15.18,15.55,15.18,15.50,154900,15.18
2009-01-30,15.50,15.54,15.32,15.34,21200,15.02
2009-01-29,15.59,15.62,15.43,15.53,28200,15.21
2009-01-28,15.92,15.92,15.49,15.61,25000,15.28
2009-01-27,15.28,15.55,15.28,15.45,26200,15.13
2009-01-26,15.16,15.33,15.03,15.15,51200,14.83
2009-01-23,14.96,15.22,14.92,15.19,34200,14.87
2009-01-22,15.06,15.29,15.01,15.20,16300,14.88
2009-01-21,14.90,15.34,14.78,15.33,19200,15.01
2009-01-20,15.32,15.34,14.83,14.83,90700,14.52
2009-01-16,15.53,15.53,15.04,15.24,102600,14.92
2009-01-15,15.09,15.23,14.71,15.22,76000,14.90
2009-01-14,15.00,15.18,15.00,15.10,27400,14.78
2009-01-13,15.22,15.42,15.11,15.35,68800,15.03
2009-01-12,15.51,15.57,15.20,15.31,81200,14.99
2009-01-09,15.90,16.02,15.47,15.59,20700,15.26
2009-01-08,15.69,15.80,15.57,15.75,24900,15.42
2009-01-07,15.60,15.88,15.60,15.67,33200,15.34
2009-01-06,16.32,16.32,15.81,15.88,119200,15.55
2009-01-05,16.31,16.80,16.03,16.15,142100,15.81
2009-01-02,15.96,16.47,15.96,16.45,40800,16.11
2008-12-31,16.01,16.20,16.00,16.12,35000,15.78
2008-12-30,15.67,15.94,15.67,15.89,132400,15.56
2008-12-29,15.53,15.61,15.32,15.61,49600,15.28
2008-12-26,15.62,15.65,15.54,15.63,35200,15.30
2008-12-24,15.97,15.97,15.52,15.61,19900,15.28
2008-12-23,15.65,15.89,15.55,15.63,90800,15.30
2008-12-22,15.70,15.72,15.29,15.58,31100,15.25
2008-12-19,15.76,15.98,15.49,15.49,26900,15.17
2008-12-18,15.72,15.87,15.45,15.71,113100,15.34
2008-12-17,15.66,15.74,15.46,15.62,40900,15.25
2008-12-16,15.68,15.68,15.15,15.68,87300,15.31
2008-12-15,15.55,15.55,14.89,15.02,29400,14.67
2008-12-12,14.40,15.41,14.40,15.41,426600,15.05
2008-12-11,15.15,15.43,14.94,15.22,227100,14.86
2008-12-10,15.23,15.40,15.08,15.21,85200,14.85
2008-12-09,15.33,15.48,14.99,15.03,65600,14.68
2008-12-08,15.79,15.86,15.26,15.35,162400,14.99
2008-12-05,14.82,15.28,14.33,15.28,47800,14.92
2008-12-04,15.08,15.08,14.55,14.60,35400,14.26
2008-12-03,14.70,15.02,14.53,15.02,31100,14.67
2008-12-02,14.31,14.70,14.20,14.70,187100,14.35
2008-12-01,14.77,14.98,14.00,14.00,47400,13.67
2008-11-28,14.86,15.00,14.80,14.97,19900,14.62
2008-11-26,14.65,14.80,14.06,14.69,56400,14.34
2008-11-25,14.82,14.82,14.30,14.56,56600,14.22
2008-11-24,14.27,14.45,13.64,14.21,43100,13.88
2008-11-21,13.72,13.84,13.14,13.84,169600,13.51
2008-11-20,14.23,14.54,13.50,13.50,111200,13.18
2008-11-19,14.78,15.65,14.49,14.64,53200,14.30
2008-11-18,14.75,15.24,14.53,15.17,88900,14.81
2008-11-17,14.75,15.29,14.75,14.91,71500,14.56
2008-11-14,15.25,15.60,14.92,14.92,62600,14.57
2008-11-13,14.68,15.36,14.40,15.36,53600,15.00
2008-11-12,15.13,15.13,14.73,14.75,50000,14.40
2008-11-11,14.97,15.39,14.97,15.26,34800,14.90
2008-11-10,15.36,16.24,15.17,15.38,122700,15.02
2008-11-07,15.01,15.83,15.01,15.30,83300,14.94
2008-11-06,15.28,15.53,14.90,15.03,183200,14.68
2008-11-05,16.01,16.04,15.26,15.39,365200,15.03
2008-11-04,15.75,16.04,15.72,15.85,30000,15.48
2008-11-03,15.74,15.80,15.46,15.74,74300,15.37
2008-10-31,15.35,15.74,15.26,15.44,138300,15.08
2008-10-30,15.56,15.56,14.92,15.29,30200,14.93
2008-10-29,14.98,15.48,14.57,14.74,232800,14.39
2008-10-28,14.68,14.70,13.68,14.70,109800,14.35
2008-10-27,14.01,14.44,13.81,14.10,34700,13.77
2008-10-24,14.04,14.50,14.01,14.44,25400,14.10
2008-10-23,14.90,15.08,14.19,14.80,82700,14.45
2008-10-22,15.13,15.13,14.36,14.37,36500,14.03
2008-10-21,15.77,15.79,15.21,15.50,56700,15.14
2008-10-20,14.75,15.53,14.75,15.49,62600,15.13
2008-10-17,13.98,15.47,13.98,15.04,55500,14.69
2008-10-16,14.44,14.75,13.80,14.34,55300,14.00
2008-10-15,15.10,15.37,14.12,14.12,55700,13.79
2008-10-14,16.24,16.50,15.00,15.33,128300,14.97
2008-10-13,14.04,15.48,14.04,15.29,93500,14.93
2008-10-10,13.82,14.16,13.01,13.88,192400,13.55
2008-10-09,14.99,15.93,14.06,14.28,71000,13.94
2008-10-08,15.35,15.72,14.63,15.04,106900,14.69
2008-10-07,15.97,16.62,15.51,15.63,144700,15.26
2008-10-06,16.13,16.58,15.28,16.02,253700,15.64
2008-10-03,17.08,17.15,16.77,16.80,44700,16.41
2008-10-02,17.31,17.35,16.94,16.97,94000,16.57
2008-10-01,17.09,17.60,16.90,17.29,227500,16.88
2008-09-30,17.62,17.62,16.19,17.24,66300,16.84
2008-09-29,17.77,17.77,16.44,16.72,69400,16.33
2008-09-26,17.45,17.74,17.33,17.33,34700,16.92
2008-09-25,17.31,17.68,17.30,17.65,31700,17.24
2008-09-24,16.66,17.42,16.66,17.34,50000,16.93
2008-09-23,17.35,17.52,17.26,17.26,77300,16.85
2008-09-22,17.63,17.79,17.35,17.79,74800,17.37
2008-09-19,17.85,17.91,17.01,17.78,34100,17.36
2008-09-18,17.10,17.65,17.09,17.62,71600,17.18
2008-09-17,18.56,18.56,17.23,17.24,81200,16.81
2008-09-16,16.58,17.87,16.40,17.86,58400,17.41
2008-09-15,17.55,18.06,17.21,17.22,87100,16.79
2008-09-12,18.08,18.08,17.90,17.99,29600,17.54
2008-09-11,18.49,18.49,17.79,18.07,50400,17.62
2008-09-10,17.87,17.98,17.79,17.85,34000,17.40
2008-09-09,18.19,18.24,17.79,17.81,53700,17.36
2008-09-08,18.54,18.55,17.92,18.20,77200,17.74
2008-09-05,18.13,18.13,17.67,17.85,109700,17.40
2008-09-04,18.22,18.22,17.90,17.91,123700,17.46
2008-09-03,18.24,18.26,18.10,18.26,183700,17.80
2008-09-02,18.22,18.56,18.17,18.27,144400,17.81
2008-08-29,18.30,18.30,18.00,18.05,23500,17.60
2008-08-28,18.12,18.21,18.08,18.21,22900,17.75
2008-08-27,17.88,18.07,17.88,18.04,30000,17.59
2008-08-26,18.04,18.17,17.98,18.02,54500,17.57
2008-08-25,18.46,18.46,17.94,18.05,25400,17.60
2008-08-22,18.13,18.30,18.10,18.28,23400,17.82
2008-08-21,17.92,18.03,17.86,18.01,45700,17.56
2008-08-20,18.18,18.21,18.00,18.10,25100,17.64
2008-08-19,17.81,18.84,17.81,18.17,375700,17.71
2008-08-18,18.53,18.57,18.37,18.42,23100,17.96
2008-08-15,18.51,18.63,18.50,18.56,38200,18.09
2008-08-14,18.30,18.51,18.21,18.51,75500,18.04
2008-08-13,18.47,18.47,18.21,18.35,82000,17.89
2008-08-12,18.67,18.67,18.35,18.37,84000,17.91
2008-08-11,17.88,18.52,17.88,18.44,61300,17.98
2008-08-08,18.20,18.35,18.18,18.33,54700,17.87
2008-08-07,18.20,18.31,17.86,17.94,86300,17.49
2008-08-06,18.37,18.43,18.12,18.36,69400,17.90
2008-08-05,18.00,18.19,17.99,18.17,90700,17.71
2008-08-04,17.85,17.92,17.68,17.85,109700,17.40
2008-08-01,17.84,17.84,17.55,17.68,88000,17.24
2008-07-31,17.84,17.99,17.81,17.94,344500,17.49
2008-07-30,17.83,18.00,17.60,17.73,71400,17.28
2008-07-29,17.76,17.99,17.76,17.89,363800,17.44
2008-07-28,18.23,18.26,17.84,17.84,50600,17.39
2008-07-25,17.77,18.02,17.70,18.00,33800,17.55
2008-07-24,17.98,18.04,17.85,17.85,58700,17.40
2008-07-23,18.14,18.19,17.91,17.98,163100,17.53
2008-07-22,17.73,18.03,17.73,17.93,87700,17.48
2008-07-21,18.12,18.14,17.80,17.91,1274500,17.46
2008-07-18,17.93,17.96,17.76,17.84,28600,17.39
2008-07-17,17.72,17.91,17.61,17.81,90000,17.36
2008-07-16,17.53,17.74,17.53,17.62,33800,17.18
2008-07-15,17.45,17.62,17.26,17.50,27800,17.06
2008-07-14,17.11,17.40,17.11,17.27,21600,16.84
2008-07-11,17.88,17.88,17.11,17.20,30700,16.77
2008-07-10,17.50,17.50,17.28,17.34,34600,16.90
2008-07-09,17.47,17.69,17.31,17.33,21200,16.89
2008-07-08,16.85,17.36,16.77,17.35,25900,16.91
2008-07-07,16.94,16.95,16.67,16.81,18000,16.39
2008-07-03,16.95,16.98,16.87,16.88,15400,16.46
2008-07-02,16.86,17.04,16.85,16.86,19200,16.44
2008-07-01,16.72,16.97,16.64,16.97,23800,16.54
2008-06-30,16.77,16.92,16.70,16.82,13100,16.40
2008-06-27,16.55,16.81,16.55,16.76,18700,16.34
2008-06-26,16.79,16.79,16.54,16.56,62300,16.14
2008-06-25,16.80,16.97,16.74,16.91,25600,16.48
2008-06-24,16.57,16.74,16.55,16.72,9800,16.30
2008-06-23,16.64,16.67,16.57,16.61,11300,16.19
2008-06-20,16.71,16.71,16.48,16.53,23300,16.11
2008-06-19,16.56,16.85,16.44,16.80,55500,16.33
2008-06-18,16.63,16.72,16.52,16.52,27100,16.05
2008-06-17,16.70,16.74,16.66,16.66,18100,16.19
2008-06-16,16.63,16.75,16.56,16.72,13200,16.25
2008-06-13,16.63,16.75,16.63,16.75,16200,16.28
2008-06-12,16.65,16.75,16.55,16.58,14900,16.11
2008-06-11,16.73,16.73,16.57,16.57,16800,16.10
2008-06-10,16.77,16.89,16.77,16.84,59300,16.36
2008-06-09,17.18,17.18,16.88,16.97,26300,16.49
2008-06-06,17.40,17.40,17.20,17.23,15700,16.74
2008-06-05,17.33,17.53,17.31,17.51,10300,17.02
2008-06-04,17.24,17.37,17.22,17.32,30500,16.83
2008-06-03,17.34,17.34,17.12,17.24,20500,16.75
2008-06-02,17.49,17.49,17.25,17.31,9100,16.82
2008-05-30,17.47,17.55,17.40,17.55,11500,17.05
2008-05-29,17.30,17.59,17.30,17.49,18400,17.00
2008-05-28,17.28,17.30,17.19,17.28,13600,16.79
2008-05-27,16.90,17.33,16.90,17.29,16500,16.80
2008-05-23,17.19,17.24,17.12,17.13,25200,16.65
2008-05-22,17.02,17.35,16.83,17.28,26000,16.79
2008-05-21,17.37,17.39,17.07,17.09,45700,16.61
2008-05-20,17.32,17.40,17.20,17.26,18900,16.77
2008-05-19,17.25,17.43,17.25,17.36,20600,16.87
2008-05-16,17.26,17.31,17.18,17.27,16500,16.78
2008-05-15,17.16,17.28,17.10,17.21,16200,16.72
2008-05-14,17.13,17.30,17.13,17.20,57400,16.71
2008-05-13,17.07,17.08,17.00,17.01,12500,16.53
2008-05-12,17.10,17.14,17.07,17.10,31300,16.62
2008-05-09,16.87,17.05,16.82,17.01,19300,16.53
2008-05-08,16.98,17.07,16.96,17.01,10700,16.53
2008-05-07,17.23,17.28,16.93,16.93,15500,16.45
2008-05-06,17.23,17.28,17.19,17.22,16500,16.73
2008-05-05,17.36,17.38,17.24,17.37,29400,16.88
2008-05-02,17.55,17.55,17.31,17.37,13800,16.88
2008-05-01,17.29,17.49,17.29,17.44,33200,16.95
2008-04-30,17.29,17.39,17.16,17.17,10700,16.69
2008-04-29,17.38,17.38,17.21,17.23,20200,16.74
2008-04-28,17.39,17.55,17.39,17.42,14700,16.93
2008-04-25,17.27,17.41,17.27,17.37,26600,16.88
2008-04-24,17.15,17.40,17.14,17.28,23500,16.79
2008-04-23,17.09,17.25,17.09,17.19,24800,16.70
2008-04-22,17.17,17.17,17.02,17.09,13600,16.61
2008-04-21,17.41,17.41,17.23,17.24,23200,16.75
2008-04-18,17.46,17.52,17.46,17.51,16700,17.02
2008-04-17,17.47,17.47,17.31,17.31,59000,16.82
2008-04-16,17.42,17.52,17.39,17.52,14600,17.03
2008-04-15,17.38,17.44,17.28,17.37,21100,16.88
2008-04-14,17.47,17.47,17.37,17.42,14500,16.93
2008-04-11,17.71,17.71,17.47,17.47,11000,16.98
2008-04-10,17.08,17.88,17.07,17.83,21600,17.33
2008-04-09,17.37,17.39,17.16,17.24,11300,16.75
2008-04-08,17.40,17.46,17.32,17.41,13400,16.92
2008-04-07,17.36,17.50,17.00,17.49,14800,17.00
2008-04-04,17.17,17.39,17.17,17.28,11900,16.79
2008-04-03,17.31,17.31,17.11,17.17,12700,16.69
2008-04-02,17.24,17.39,17.19,17.23,45300,16.74
2008-04-01,16.99,17.36,16.99,17.33,20300,16.84
2008-03-31,16.75,17.06,16.70,17.03,17300,16.55
2008-03-28,17.02,17.17,16.86,16.89,11900,16.41
2008-03-27,17.10,17.11,16.94,16.97,10700,16.49
2008-03-26,17.12,17.13,16.98,17.09,18300,16.61
2008-03-25,17.07,17.24,17.07,17.10,15700,16.62
2008-03-24,16.93,17.20,16.93,17.10,14600,16.62
2008-03-20,16.56,16.87,16.56,16.87,36000,16.39
2008-03-19,16.78,16.96,16.63,16.68,18600,16.21
2008-03-18,16.47,16.77,16.44,16.76,25500,16.29
2008-03-17,16.19,16.52,16.19,16.37,21200,15.91
2008-03-14,16.64,16.77,16.22,16.45,37000,15.99
2008-03-13,16.42,16.84,15.56,16.78,16500,16.31
2008-03-12,16.50,16.76,16.50,16.55,18500,16.08
2008-03-11,16.51,16.55,16.22,16.55,28500,16.08
2008-03-10,16.35,16.47,16.05,16.05,62900,15.60
2008-03-07,16.50,16.60,16.38,16.50,23500,16.03
2008-03-06,16.96,16.98,16.58,16.60,67200,16.13
2008-03-05,17.29,17.29,16.86,17.02,23100,16.54
2008-03-04,17.10,17.27,17.10,17.23,20800,16.74
2008-03-03,17.13,17.31,17.13,17.26,28400,16.77
2008-02-29,17.18,17.22,17.09,17.17,23200,16.69
2008-02-28,17.44,17.48,17.36,17.43,24400,16.94
2008-02-27,17.54,17.70,17.52,17.55,18100,17.05
2008-02-26,17.60,17.87,17.60,17.71,18200,17.21
2008-02-25,17.24,17.61,17.24,17.61,35200,17.11
2008-02-22,17.25,17.25,17.02,17.17,8500,16.69
2008-02-21,17.27,17.46,16.99,17.16,90500,16.68
2008-02-20,17.24,17.40,17.22,17.37,22100,16.88
2008-02-19,18.23,18.23,17.43,17.48,14900,16.99
2008-02-15,17.34,17.39,17.30,17.39,64000,16.90
2008-02-14,17.59,17.59,17.32,17.40,32900,16.91
2008-02-13,17.34,17.65,17.34,17.52,14600,17.03
2008-02-12,17.41,17.48,17.35,17.41,40400,16.92
2008-02-11,17.18,17.28,17.12,17.28,28800,16.79
2008-02-08,17.41,17.41,17.15,17.26,25700,16.77
2008-02-07,17.49,17.53,17.31,17.48,20400,16.99
2008-02-06,17.64,17.77,17.53,17.55,20100,17.05
2008-02-05,17.75,17.75,17.57,17.57,29000,17.07
2008-02-04,17.78,17.94,17.78,17.88,31200,17.38
2008-02-01,17.49,17.75,17.49,17.74,20200,17.24
2008-01-31,17.20,17.60,17.10,17.53,46700,17.04
2008-01-30,17.54,17.85,17.36,17.36,32800,16.87
2008-01-29,17.55,17.65,17.43,17.63,58400,17.13
2008-01-28,17.01,17.44,17.01,17.44,72400,16.95
2008-01-25,17.35,17.67,17.08,17.23,91900,16.74
2008-01-24,17.40,17.64,17.40,17.47,1264300,16.98
2008-01-23,17.32,17.48,16.95,17.43,46200,16.94
2008-01-22,17.16,17.74,17.16,17.56,48600,17.06
2008-01-18,18.28,18.30,18.00,18.03,28800,17.52
2008-01-17,18.52,18.57,18.25,18.25,25000,17.73
2008-01-16,18.55,18.65,18.53,18.53,13500,18.01
2008-01-15,18.64,18.66,18.43,18.53,39300,18.01
2008-01-14,19.08,19.08,18.71,18.77,17400,18.24
2008-01-11,18.75,18.90,18.72,18.84,44200,18.31
2008-01-10,18.69,18.85,18.66,18.84,67300,18.31
2008-01-09,18.42,18.77,18.42,18.73,34800,18.20
2008-01-08,18.30,18.74,18.30,18.47,18100,17.95
2008-01-07,18.02,18.25,18.00,18.23,17300,17.72
2008-01-04,18.00,18.08,17.94,17.94,9900,17.43
2008-01-03,18.13,18.21,18.06,18.09,12900,17.58
2008-01-02,18.08,18.33,18.05,18.12,55400,17.61
2007-12-31,18.26,18.36,18.17,18.22,37800,17.71
2007-12-28,18.58,19.19,18.42,18.42,52100,17.90
2007-12-27,18.68,18.69,18.51,18.56,14700,18.04
2007-12-26,18.70,18.77,18.69,18.76,13900,18.23
2007-12-24,18.68,18.76,18.68,18.76,11700,18.23
2007-12-21,18.63,18.67,18.60,18.67,11500,18.14
2007-12-20,18.10,18.46,18.10,18.45,20400,17.91
2007-12-19,18.48,18.53,18.27,18.37,22300,17.83
2007-12-18,18.47,18.47,18.32,18.46,7100,17.92
2007-12-17,18.43,18.52,18.30,18.36,8100,17.82
2007-12-14,18.66,18.71,18.55,18.57,9800,18.02
2007-12-13,18.48,18.75,18.48,18.74,23400,18.19
2007-12-12,19.26,19.26,18.74,18.86,24000,18.31
2007-12-11,19.09,19.20,18.87,18.88,31900,18.33
2007-12-10,19.02,19.15,19.00,19.05,27600,18.49
2007-12-07,18.77,18.77,18.62,18.62,12100,18.07
2007-12-06,18.67,18.82,18.63,18.78,25000,18.23
2007-12-05,18.58,18.76,18.58,18.69,13600,18.14
2007-12-04,18.59,18.73,18.58,18.60,20100,18.05
2007-12-03,18.74,18.81,18.67,18.67,17000,18.12
2007-11-30,18.91,18.95,18.80,18.85,71400,18.30
2007-11-29,18.71,18.90,18.60,18.75,13600,18.20
2007-11-28,18.31,18.72,18.30,18.67,12100,18.12
2007-11-27,17.87,18.28,17.87,18.22,12400,17.68
2007-11-26,18.10,18.12,17.81,17.89,11100,17.36
2007-11-23,17.97,18.09,17.96,18.07,6900,17.54
2007-11-21,17.94,17.98,17.82,17.82,13300,17.30
2007-11-20,18.05,18.23,17.86,18.04,55500,17.51
2007-11-19,18.20,18.24,18.05,18.07,16300,17.54
2007-11-16,18.27,18.37,18.19,18.31,15500,17.77
2007-11-15,18.38,18.51,18.26,18.34,8000,17.80
2007-11-14,18.33,18.50,18.28,18.28,15000,17.74
2007-11-13,18.71,18.71,18.14,18.35,20700,17.81
2007-11-12,18.16,18.37,18.16,18.21,10900,17.67
2007-11-09,18.22,18.42,18.18,18.18,12000,17.65
2007-11-08,18.26,18.44,18.21,18.35,15800,17.81
2007-11-07,18.52,18.53,18.27,18.27,15800,17.73
2007-11-06,18.65,18.68,18.53,18.67,7300,18.12
2007-11-05,18.48,18.67,18.47,18.58,27400,18.03
2007-11-02,18.72,18.78,18.55,18.70,82900,18.15
2007-11-01,18.98,19.04,18.71,18.71,12500,18.16
2007-10-31,18.92,19.12,18.86,19.12,20400,18.56
2007-10-30,18.89,19.04,18.89,18.96,17500,18.40
2007-10-29,18.92,18.98,18.84,18.89,19700,18.33
2007-10-26,18.96,18.96,18.77,18.88,24700,18.33
2007-10-25,18.87,18.87,18.65,18.80,11900,18.25
2007-10-24,18.79,18.80,18.52,18.80,11500,18.25
2007-10-23,18.70,18.83,18.57,18.83,24500,18.28
2007-10-22,18.37,18.60,18.36,18.60,19100,18.05
2007-10-19,18.72,18.82,18.57,18.57,11200,18.02
2007-10-18,18.73,18.89,18.72,18.80,11900,18.25
2007-10-17,18.88,18.91,18.65,18.80,16600,18.25
2007-10-16,18.86,18.89,18.74,18.80,13400,18.25
2007-10-15,18.94,19.10,18.87,18.93,18700,18.37
2007-10-12,18.88,18.98,18.87,18.91,22100,18.35
2007-10-11,19.02,19.04,18.84,18.87,13700,18.32
2007-10-10,19.03,19.03,18.97,19.01,7900,18.45
2007-10-09,19.01,19.04,18.93,19.01,14200,18.45
2007-10-08,19.09,19.09,18.94,18.95,14100,18.39
2007-10-05,19.05,19.12,18.97,19.06,52100,18.50
2007-10-04,18.94,19.03,18.93,18.94,14400,18.38
2007-10-03,18.78,18.95,18.78,18.90,39400,18.34
2007-10-02,18.83,18.85,18.75,18.84,20400,18.29
2007-10-01,18.62,18.85,18.57,18.85,21700,18.30
2007-09-28,18.68,18.68,18.49,18.54,23500,18.00
2007-09-27,18.64,18.69,18.58,18.66,45100,18.11
2007-09-26,18.50,18.61,18.48,18.56,28100,18.01
2007-09-25,18.40,18.48,18.39,18.44,29800,17.90
2007-09-24,18.47,18.53,18.40,18.42,28300,17.88
2007-09-21,18.52,18.61,18.49,18.50,30100,17.96
2007-09-20,18.54,18.65,18.44,18.45,15600,17.89
2007-09-19,18.55,18.71,18.55,18.62,30000,18.05
2007-09-18,18.19,18.52,18.14,18.48,72300,17.92
2007-09-17,18.25,18.26,18.03,18.14,2037700,17.59
2007-09-14,18.22,18.34,18.19,18.32,17600,17.76
2007-09-13,18.41,18.42,18.32,18.32,11000,17.76
2007-09-12,18.27,18.40,18.27,18.32,16800,17.76
2007-09-11,18.27,18.32,18.15,18.31,22300,17.75
2007-09-10,18.31,18.32,18.09,18.20,27000,17.65
2007-09-07,18.25,18.40,18.17,18.22,22300,17.66
2007-09-06,18.44,18.58,18.40,18.50,22100,17.94
2007-09-05,18.14,18.42,18.14,18.36,19500,17.80
2007-09-04,18.15,18.41,18.15,18.38,48500,17.82
2007-08-31,18.14,18.24,18.09,18.14,28800,17.59
2007-08-30,18.04,18.12,18.00,18.07,22300,17.52
2007-08-29,17.94,18.12,17.85,18.12,27400,17.57
2007-08-28,18.08,18.08,17.82,17.83,16600,17.29
2007-08-27,18.25,18.25,18.10,18.10,30300,17.55
2007-08-24,18.09,18.27,18.08,18.27,21800,17.71
2007-08-23,18.15,18.19,18.07,18.12,59800,17.57
2007-08-22,17.99,18.14,17.97,18.12,147300,17.57
2007-08-21,17.84,17.97,17.79,17.89,22600,17.34
2007-08-20,17.66,17.95,17.66,17.89,19600,17.34
2007-08-17,18.00,18.00,17.62,17.86,18400,17.32
2007-08-16,17.64,17.76,17.41,17.75,43200,17.21
2007-08-15,17.83,18.06,17.72,17.73,25700,17.19
2007-08-14,18.07,18.07,17.85,17.90,21600,17.35
2007-08-13,17.98,18.15,17.95,18.01,20600,17.46
2007-08-10,17.66,17.97,17.58,17.90,27800,17.35
2007-08-09,18.10,18.24,17.94,17.96,41800,17.41
2007-08-08,18.32,18.36,18.10,18.30,30000,17.74
2007-08-07,18.18,18.34,18.17,18.22,17200,17.66
2007-08-06,18.08,18.31,17.97,18.30,26400,17.74
2007-08-03,18.33,18.33,17.99,18.01,19900,17.46
2007-08-02,18.25,18.34,18.19,18.29,14900,17.73
2007-08-01,18.26,18.31,18.05,18.26,29200,17.70
2007-07-31,18.46,18.49,18.15,18.15,62700,17.60
2007-07-30,18.31,18.38,18.21,18.37,24600,17.81
2007-07-27,18.71,18.71,18.16,18.16,198200,17.61
2007-07-26,18.99,19.09,18.73,18.85,82400,18.28
2007-07-25,19.15,19.25,19.05,19.20,52600,18.61
2007-07-24,19.26,19.30,19.03,19.06,23800,18.48
2007-07-23,19.27,19.44,19.27,19.37,50100,18.78
2007-07-20,19.38,19.39,19.12,19.21,27600,18.62
2007-07-19,19.40,19.46,19.26,19.43,30600,18.84
2007-07-18,19.26,19.30,19.17,19.30,50900,18.71
2007-07-17,19.40,19.40,19.31,19.34,23200,18.75
2007-07-16,19.47,19.53,19.40,19.48,20600,18.89
2007-07-13,19.50,19.58,19.47,19.58,18800,18.98
2007-07-12,19.25,19.55,19.25,19.55,31000,18.95
2007-07-11,19.17,19.30,19.11,19.29,22600,18.70
2007-07-10,19.20,19.29,19.13,19.14,26600,18.56
2007-07-09,19.29,19.32,19.24,19.28,27100,18.69
2007-07-06,19.25,19.28,19.21,19.28,40200,18.69
2007-07-05,19.33,19.37,19.21,19.34,31700,18.75
2007-07-03,19.37,19.40,19.35,19.39,66600,18.80
2007-07-02,19.25,19.34,19.25,19.32,38800,18.73
2007-06-29,19.28,19.32,19.04,19.14,45100,18.56
2007-06-28,19.30,19.41,19.24,19.26,43100,18.67
2007-06-27,18.95,19.29,18.95,19.29,27300,18.70
2007-06-26,19.11,19.19,19.03,19.06,30300,18.48
2007-06-25,19.09,19.20,18.96,19.00,22200,18.42
2007-06-22,19.18,19.25,18.98,19.03,31300,18.45
2007-06-21,19.23,19.34,19.16,19.30,53400,18.71
2007-06-20,19.65,19.65,19.28,19.28,17100,18.69
2007-06-19,19.60,19.63,19.55,19.60,89700,19.00
2007-06-18,19.67,19.70,19.59,19.64,46700,19.04
2007-06-15,19.71,19.76,19.66,19.72,41700,19.12
2007-06-14,19.52,19.63,19.50,19.58,21200,18.96
2007-06-13,19.34,19.57,19.34,19.56,35000,18.94
2007-06-12,19.46,19.52,19.35,19.36,32200,18.75
2007-06-11,19.50,19.58,19.46,19.53,42900,18.91
2007-06-08,19.35,19.47,19.27,19.46,30600,18.85
2007-06-07,19.53,19.61,19.31,19.33,57500,18.72
2007-06-06,19.76,19.77,19.64,19.67,24500,19.05
2007-06-05,19.77,19.88,19.77,19.87,48400,19.24
2007-06-04,19.87,19.88,19.82,19.88,38800,19.25
2007-06-01,19.87,19.91,19.81,19.90,50900,19.27
2007-05-31,19.81,19.83,19.72,19.83,26800,19.20
2007-05-30,19.68,19.73,19.56,19.73,35900,19.11
2007-05-29,19.71,19.71,19.62,19.70,66000,19.08
2007-05-25,19.61,19.67,19.58,19.63,31000,19.01
2007-05-24,19.72,19.76,19.58,19.63,54400,19.01
2007-05-23,19.84,19.86,19.72,19.74,33400,19.12
2007-05-22,19.63,19.80,19.63,19.75,23800,19.13
2007-05-21,19.64,19.75,19.63,19.68,137700,19.06
2007-05-18,19.53,19.60,19.48,19.58,117700,18.96
2007-05-17,19.50,19.54,19.48,19.53,58200,18.91
2007-05-16,19.42,19.59,19.42,19.59,41300,18.97
2007-05-15,19.47,19.59,19.43,19.45,42300,18.84
2007-05-14,19.61,19.61,19.48,19.48,35900,18.87
2007-05-11,19.45,19.58,19.38,19.58,42200,18.96
2007-05-10,19.79,19.79,19.42,19.42,61800,18.81
2007-05-09,19.80,19.89,19.78,19.86,47900,19.23
2007-05-08,19.76,19.80,19.66,19.78,65800,19.16
2007-05-07,19.88,19.95,19.88,19.92,63100,19.29
2007-05-04,19.85,19.94,19.79,19.88,163000,19.25
2007-05-03,19.90,19.90,19.76,19.80,38300,19.18
2007-05-02,19.68,19.85,19.68,19.85,1700400,19.22
2007-05-01,19.57,19.66,19.49,19.66,36900,19.04
2007-04-30,19.79,19.79,19.59,19.62,16800,19.00
2007-04-27,19.85,19.85,19.70,19.79,23700,19.17
2007-04-26,19.80,19.92,19.78,19.90,38100,19.27
2007-04-25,19.77,19.90,19.68,19.84,66100,19.21
2007-04-24,19.78,19.78,19.62,19.70,62700,19.08
2007-04-23,19.85,19.85,19.72,19.79,35300,19.17
2007-04-20,19.72,19.72,19.62,19.67,79900,19.05
2007-04-19,19.42,19.68,19.42,19.60,39800,18.98
2007-04-18,19.43,19.48,19.35,19.43,12700,18.82
2007-04-17,19.44,19.44,19.35,19.40,37000,18.79
2007-04-16,19.31,19.41,19.30,19.40,25000,18.79
2007-04-13,19.05,19.21,19.05,19.18,15100,18.58
2007-04-12,18.64,18.92,18.64,18.91,11600,18.31
2007-04-11,18.65,18.65,18.57,18.65,8500,18.06
2007-04-10,18.60,18.66,18.60,18.62,7900,18.03
2007-04-09,18.56,18.57,18.47,18.52,6400,17.94
2007-04-05,18.35,18.58,18.35,18.56,15400,17.97
2007-04-04,18.20,18.38,18.20,18.38,57700,17.80
2007-04-03,18.21,18.30,18.17,18.26,10700,17.68
2007-04-02,18.16,18.16,18.05,18.12,13600,17.55
2007-03-30,18.08,18.11,17.98,18.05,10300,17.48
2007-03-29,18.00,18.02,17.86,18.00,16500,17.43
2007-03-28,17.94,18.03,17.90,17.93,9300,17.36
2007-03-27,18.08,18.09,17.99,18.02,11800,17.45
2007-03-26,18.11,18.12,18.04,18.09,15900,17.52
2007-03-23,18.18,18.18,18.08,18.10,12900,17.53
2007-03-22,18.18,18.23,18.14,18.17,10400,17.60
2007-03-21,17.90,18.11,17.82,18.07,16400,17.50
2007-03-20,17.75,17.86,17.75,17.84,14500,17.28
2007-03-19,17.61,17.76,17.60,17.73,15500,17.17
2007-03-16,17.64,17.64,17.56,17.56,67500,17.01
2007-03-15,17.63,17.67,17.51,17.61,14400,17.04
2007-03-14,17.64,17.67,17.44,17.61,32900,17.04
2007-03-13,17.87,17.95,17.60,17.60,17200,17.03
2007-03-12,17.86,17.99,17.85,17.97,36100,17.39
2007-03-09,17.92,17.93,17.82,17.90,53000,17.32
2007-03-08,17.81,17.90,17.81,17.84,38600,17.26
2007-03-07,17.90,17.90,17.72,17.72,20800,17.15
2007-03-06,17.72,17.89,17.72,17.85,59100,17.27
2007-03-05,17.61,17.85,17.55,17.55,42400,16.98
2007-03-02,17.97,18.03,17.76,17.77,34900,17.19
2007-03-01,17.89,18.16,17.80,18.07,141400,17.48
2007-02-28,18.30,18.38,18.18,18.27,23800,17.68
2007-02-27,18.65,18.65,18.07,18.30,45800,17.71
2007-02-26,18.85,18.91,18.84,18.84,20500,18.23
2007-02-23,18.82,18.90,18.73,18.86,24900,18.25
2007-02-22,18.88,18.93,18.84,18.88,17000,18.27
2007-02-21,18.90,18.99,18.89,18.97,27100,18.36
2007-02-20,18.95,19.00,18.87,18.99,29200,18.37
2007-02-16,18.92,18.95,18.88,18.93,108300,18.32
2007-02-15,18.95,18.99,18.85,18.99,47100,18.37
2007-02-14,18.87,18.99,18.87,18.91,24200,18.30
2007-02-13,18.88,19.02,18.82,18.95,16800,18.34
2007-02-12,18.87,18.93,18.76,18.85,13500,18.24
2007-02-09,19.03,19.03,18.84,18.91,43500,18.30
2007-02-08,18.87,18.99,18.87,18.99,21800,18.37
2007-02-07,18.94,18.97,18.86,18.95,25800,18.34
2007-02-06,19.02,19.02,18.85,18.97,20300,18.36
2007-02-05,19.11,19.11,18.98,19.04,26500,18.42
2007-02-02,19.25,19.27,19.08,19.15,56800,18.53
2007-02-01,19.10,19.21,19.08,19.21,24000,18.59
2007-01-31,19.00,19.08,18.88,19.05,38400,18.43
2007-01-30,19.03,19.03,18.92,18.97,17000,18.36
2007-01-29,18.99,18.99,18.88,18.96,31100,18.35
2007-01-26,19.00,19.00,18.84,19.00,15800,18.38
2007-01-25,19.10,19.10,18.90,18.99,29000,18.37
2007-01-24,19.09,19.17,19.01,19.17,35600,18.55
2007-01-23,19.01,19.04,18.88,19.02,33800,18.40
2007-01-22,19.12,19.12,18.92,19.01,53600,18.39
2007-01-19,19.00,19.08,18.99,19.06,51500,18.44
2007-01-18,18.92,18.98,18.86,18.94,55100,18.33
2007-01-17,18.63,18.91,18.63,18.86,26900,18.25
2007-01-16,18.86,18.86,18.65,18.68,20300,18.07
2007-01-12,18.72,18.80,18.69,18.76,93200,18.15
2007-01-11,18.45,18.69,18.45,18.68,10800,18.07
2007-01-10,18.46,18.50,18.36,18.50,51700,17.90
2007-01-09,18.55,18.55,18.38,18.49,21100,17.89
2007-01-08,18.39,18.49,18.37,18.46,35700,17.86
2007-01-05,18.49,18.52,18.37,18.44,50700,17.84
2007-01-04,18.33,18.59,18.26,18.51,37100,17.91
2007-01-03,18.36,18.44,18.10,18.28,97100,17.69
2006-12-29,18.21,18.26,18.18,18.18,10300,17.59
2006-12-28,18.28,18.37,18.21,18.30,17500,17.71
2006-12-27,18.25,18.33,18.23,18.27,12600,17.68
2006-12-26,18.13,18.22,18.13,18.22,12900,17.63
2006-12-22,18.22,18.22,18.10,18.13,10700,17.54
2006-12-21,18.38,18.41,18.17,18.22,40900,17.63
2006-12-20,18.30,18.38,18.27,18.32,20700,17.73
2006-12-19,18.13,18.26,18.13,18.25,37500,17.66
2006-12-18,18.37,18.44,18.23,18.24,13500,17.65
2006-12-15,18.41,18.47,18.37,18.46,28700,17.86
2006-12-14,18.25,18.42,18.25,18.37,11800,17.77
2006-12-13,18.34,18.35,18.23,18.31,18800,17.72
2006-12-12,18.23,18.38,18.23,18.32,20700,17.73
2006-12-11,18.20,18.35,18.20,18.30,16000,17.71
2006-12-08,18.18,18.39,18.18,18.35,73300,17.76
2006-12-07,18.28,18.36,18.21,18.22,16500,17.63
2006-12-06,18.36,18.36,18.24,18.28,17100,17.69
2006-12-05,18.17,18.40,18.17,18.36,20400,17.76
2006-12-04,18.00,18.26,18.00,18.22,33700,17.63
2006-12-01,18.20,18.20,18.01,18.11,15500,17.52
2006-11-30,18.14,18.20,18.10,18.15,35500,17.56
2006-11-29,18.00,18.16,17.99,18.14,29700,17.55
2006-11-28,17.92,18.07,17.89,17.92,37700,17.34
2006-11-27,18.11,18.11,17.90,17.97,26800,17.39
2006-11-24,18.12,18.19,18.11,18.18,4800,17.59
2006-11-22,18.25,18.25,18.14,18.20,60300,17.61
2006-11-21,18.31,18.31,18.17,18.21,11900,17.62
2006-11-20,18.25,18.43,18.25,18.30,11600,17.71
2006-11-17,18.15,18.34,18.15,18.33,15200,17.74
2006-11-16,18.24,18.25,18.16,18.21,11900,17.62
2006-11-15,18.03,18.19,18.03,18.15,34500,17.56
2006-11-14,17.93,18.12,17.85,18.04,68600,17.46
2006-11-13,17.85,18.03,17.85,17.94,71100,17.36
2006-11-10,17.83,17.93,17.77,17.93,62300,17.35
2006-11-09,18.12,18.18,17.77,17.83,186200,17.25
2006-11-08,18.07,18.25,18.01,18.20,134800,17.61
2006-11-07,18.20,18.41,18.20,18.30,25600,17.71
2006-11-06,17.93,18.24,17.93,18.20,51700,17.61
2006-11-03,17.72,17.76,17.62,17.68,91300,17.11
2006-11-02,17.63,17.76,17.63,17.73,60300,17.16
2006-11-01,18.00,18.00,17.73,17.76,79800,17.18
2006-10-31,17.99,18.00,17.69,17.94,37600,17.36
2006-10-30,17.90,17.98,17.81,17.91,60800,17.33
2006-10-27,18.00,18.08,17.94,18.00,29500,17.42
2006-10-26,17.92,18.08,17.82,18.07,31600,17.48
2006-10-25,18.00,18.00,17.82,17.91,14400,17.33
2006-10-24,18.05,18.05,17.84,17.97,119500,17.39
2006-10-23,17.98,18.07,17.94,18.05,38600,17.46
2006-10-20,18.10,18.10,17.88,18.07,36700,17.48
2006-10-19,18.10,18.10,18.02,18.06,44900,17.47
2006-10-18,18.00,18.10,17.98,18.08,30900,17.49
2006-10-17,17.98,18.04,17.87,18.01,27200,17.43
2006-10-16,17.80,17.97,17.80,17.94,19800,17.36
2006-10-13,17.75,17.86,17.71,17.80,20900,17.22
2006-10-12,17.70,17.82,17.64,17.82,35700,17.24
2006-10-11,17.66,17.73,17.51,17.66,43500,17.09
2006-10-10,17.81,17.88,17.65,17.78,91800,17.20
2006-10-09,17.80,17.85,17.69,17.79,79000,17.21
2006-10-06,17.63,17.79,17.62,17.76,121600,17.18
2006-10-05,17.56,17.65,17.46,17.63,46100,17.06
2006-10-04,17.40,17.54,17.31,17.53,41600,16.96
2006-10-03,17.25,17.41,17.20,17.37,21900,16.81
2006-10-02,17.35,17.46,17.28,17.28,24100,16.72
2006-09-29,17.40,17.49,17.35,17.42,24800,16.86
2006-09-28,17.30,17.35,17.24,17.30,30900,16.74
2006-09-27,17.00,17.33,17.00,17.30,24100,16.74
2006-09-26,17.24,17.24,17.13,17.24,19900,16.68
2006-09-25,17.08,17.27,17.04,17.25,18400,16.69
2006-09-22,17.18,17.18,17.04,17.13,19900,16.57
2006-09-21,17.35,17.35,17.16,17.19,50200,16.63
2006-09-20,17.25,17.29,17.21,17.24,32200,16.68
2006-09-19,17.20,17.20,17.03,17.19,26200,16.63
2006-09-18,17.20,17.22,17.10,17.17,36800,16.61
2006-09-15,17.15,17.23,17.13,17.19,39400,16.63
2006-09-14,17.16,17.16,17.05,17.11,34700,16.56
2006-09-13,17.11,17.16,17.05,17.13,36500,16.57
2006-09-12,17.01,17.14,16.92,17.11,80000,16.56
2006-09-11,16.81,16.93,16.76,16.89,18800,16.34
2006-09-08,16.77,16.95,16.77,16.93,29400,16.38
2006-09-07,16.74,16.92,16.74,16.77,35400,16.23
2006-09-06,17.02,17.02,16.83,16.88,53400,16.33
2006-09-05,17.11,17.12,17.03,17.11,33600,16.56
2006-09-01,17.04,17.12,17.04,17.11,36700,16.56
2006-08-31,17.01,17.05,16.97,16.98,47900,16.43
2006-08-30,17.00,17.09,16.98,17.06,46300,16.51
2006-08-29,16.97,17.00,16.85,16.99,42300,16.44
2006-08-28,16.83,16.99,16.83,16.94,64600,16.39
2006-08-25,16.75,16.85,16.75,16.82,24700,16.27
2006-08-24,16.83,16.84,16.71,16.78,38100,16.24
2006-08-23,16.82,16.83,16.66,16.72,216800,16.18
2006-08-22,16.74,16.82,16.70,16.79,45500,16.25
2006-08-21,16.75,16.81,16.72,16.75,40500,16.21
2006-08-18,16.88,16.88,16.73,16.84,19800,16.29
2006-08-17,16.79,16.89,16.78,16.84,51600,16.29
2006-08-16,16.68,16.82,16.68,16.79,82500,16.25
2006-08-15,16.50,16.62,16.49,16.61,56200,16.07
2006-08-14,16.35,16.54,16.35,16.36,25700,15.83
2006-08-11,16.39,16.39,16.23,16.31,24100,15.78
2006-08-10,16.35,16.44,16.26,16.42,53900,15.89
2006-08-09,16.44,16.59,16.34,16.36,36800,15.83
2006-08-08,16.34,16.49,16.30,16.35,33300,15.82
2006-08-07,16.54,16.57,16.32,16.35,46200,15.82
2006-08-04,16.70,16.78,16.55,16.63,57600,16.09
2006-08-03,16.58,16.74,16.54,16.69,442800,16.15
2006-08-02,16.56,16.66,16.55,16.61,85400,16.07
2006-08-01,16.44,16.52,16.35,16.51,85600,15.97
2006-07-31,16.50,16.52,16.43,16.47,84000,15.94
2006-07-28,16.36,16.54,16.35,16.51,74200,15.97
2006-07-27,16.40,16.42,16.23,16.29,86300,15.76
2006-07-26,16.30,16.47,16.24,16.41,229500,15.88
2006-07-25,16.11,16.28,16.08,16.24,318900,15.71
2006-07-24,15.81,16.12,15.81,16.08,91800,15.56
2006-07-21,15.71,15.77,15.64,15.72,138600,15.21
2006-07-20,15.85,15.92,15.73,15.73,73400,15.22
2006-07-19,15.58,15.96,15.58,15.86,24400,15.35
2006-07-18,15.52,15.59,15.37,15.51,11800,15.01
2006-07-17,15.50,15.56,15.38,15.48,293800,14.98
2006-07-14,15.65,15.67,15.44,15.50,34900,15.00
2006-07-13,15.75,15.80,15.56,15.63,75800,15.12
2006-07-12,15.90,15.98,15.81,15.87,23000,15.36
2006-07-11,15.87,15.96,15.77,15.93,66500,15.41
2006-07-10,16.05,16.05,15.88,15.93,24500,15.41
2006-07-07,15.97,16.07,15.95,15.97,23400,15.45
2006-07-06,16.00,16.07,15.98,16.00,83800,15.48
2006-07-05,16.00,16.00,15.86,15.94,17300,15.42
2006-07-03,16.02,16.04,15.97,16.01,19200,15.49
2006-06-30,15.96,16.09,15.88,16.02,137200,15.50
2006-06-29,15.61,15.92,15.61,15.92,135600,15.40
2006-06-28,15.64,15.64,15.45,15.57,64500,15.07
2006-06-27,15.77,15.77,15.51,15.58,14500,15.08
2006-06-26,15.73,15.79,15.69,15.77,37900,15.26
2006-06-23,15.72,15.78,15.62,15.73,15400,15.22
2006-06-22,15.83,15.83,15.52,15.61,28300,15.10
2006-06-21,15.70,15.86,15.70,15.77,42600,15.26
2006-06-20,15.72,15.81,15.70,15.72,75000,15.21
2006-06-19,16.01,16.01,15.73,15.77,193400,15.26
2006-06-16,16.05,16.05,15.88,15.92,36200,15.40
2006-06-15,15.66,16.10,15.66,16.04,73100,15.50
2006-06-14,15.66,15.72,15.59,15.63,10300,15.10
2006-06-13,15.57,15.74,15.57,15.62,103400,15.09
2006-06-12,15.86,15.86,15.61,15.61,113700,15.08
2006-06-09,15.91,15.99,15.80,15.80,44000,15.27
2006-06-08,15.70,15.93,15.57,15.90,53100,15.36
2006-06-07,15.75,16.03,15.75,15.80,30400,15.27
2006-06-06,15.83,15.90,15.67,15.77,55100,15.24
2006-06-05,16.11,16.14,15.79,15.80,25500,15.27
2006-06-02,16.18,16.18,16.05,16.15,29000,15.60
2006-06-01,15.99,16.13,15.98,16.13,22900,15.58
2006-05-31,15.77,16.06,15.77,16.06,16700,15.52
2006-05-30,16.08,16.08,15.80,15.80,31800,15.27
2006-05-26,16.10,16.12,16.05,16.06,23000,15.52
2006-05-25,15.70,15.97,15.70,15.97,59100,15.43
2006-05-24,15.60,15.82,15.50,15.70,96400,15.17
2006-05-23,15.87,15.98,15.73,15.74,241300,15.21
2006-05-22,15.94,16.02,15.83,15.90,46600,15.36
2006-05-19,15.95,16.04,15.80,15.97,63400,15.43
2006-05-18,16.12,16.16,15.90,15.93,84100,15.39
2006-05-17,16.33,16.35,16.08,16.09,88900,15.55
2006-05-16,16.40,16.44,16.35,16.36,58300,15.81
2006-05-15,16.09,16.35,16.09,16.35,378700,15.80
2006-05-12,16.29,16.29,16.13,16.15,42600,15.60
2006-05-11,16.39,16.42,16.28,16.29,23400,15.74
2006-05-10,16.48,16.53,16.35,16.43,25900,15.87
2006-05-09,16.63,16.63,16.50,16.56,63000,16.00
2006-05-08,16.68,16.68,16.60,16.61,46500,16.05
2006-05-05,16.48,16.71,16.48,16.66,44100,16.10
2006-05-04,16.45,16.52,16.45,16.48,265900,15.92
2006-05-03,16.30,16.47,16.30,16.45,37000,15.89
2006-05-02,16.43,16.46,16.35,16.39,26100,15.84
2006-05-01,16.54,16.64,16.50,16.50,277400,15.94
2006-04-28,16.46,16.56,16.39,16.54,32700,15.98
2006-04-27,16.31,16.58,16.31,16.51,50500,15.95
2006-04-26,16.39,16.62,16.35,16.39,40500,15.84
2006-04-25,16.55,16.55,16.36,16.39,29500,15.84
2006-04-24,16.62,16.62,16.46,16.52,34700,15.96
2006-04-21,16.69,16.69,16.53,16.58,28500,16.02
2006-04-20,16.65,16.65,16.52,16.64,33600,16.08
2006-04-19,16.75,16.75,16.57,16.66,26200,16.10
2006-04-18,16.64,16.72,16.54,16.72,100300,16.15
2006-04-17,16.52,16.61,16.42,16.50,25000,15.94
2006-04-13,16.48,16.61,16.48,16.59,15800,16.03
2006-04-12,16.41,16.56,16.41,16.53,53300,15.97
2006-04-11,16.61,16.67,16.38,16.44,83800,15.88
2006-04-10,16.61,16.72,16.58,16.61,36000,16.05
2006-04-07,16.99,16.99,16.65,16.67,140500,16.11
2006-04-06,17.00,17.01,16.82,16.90,71300,16.33
2006-04-05,17.03,17.13,17.01,17.09,48400,16.51
2006-04-04,17.18,17.18,17.03,17.08,52500,16.50
2006-04-03,17.19,17.23,17.07,17.10,52300,16.52
2006-03-31,17.11,17.23,17.11,17.19,56000,16.61
2006-03-30,17.24,17.30,17.12,17.18,73900,16.60
2006-03-29,17.20,17.21,17.09,17.18,30400,16.60
2006-03-28,17.26,17.26,17.07,17.11,54100,16.53
2006-03-27,17.39,17.39,17.22,17.29,57200,16.70
2006-03-24,17.37,17.37,17.25,17.33,22500,16.74
2006-03-23,17.48,17.48,17.24,17.31,138300,16.72
2006-03-22,17.36,17.43,17.24,17.42,23800,16.83
2006-03-21,17.55,17.55,17.27,17.30,46100,16.71
2006-03-20,17.50,17.50,17.35,17.43,23000,16.84
2006-03-17,17.45,17.47,17.35,17.47,23900,16.88
2006-03-16,17.38,17.43,17.32,17.38,21100,16.78
2006-03-15,17.28,17.36,17.22,17.34,27400,16.74
2006-03-14,17.20,17.26,17.05,17.22,76200,16.63
2006-03-13,17.11,17.15,17.06,17.12,63300,16.53
2006-03-10,16.99,17.10,16.93,17.05,24100,16.46
2006-03-09,17.12,17.12,16.92,16.94,26800,16.36
2006-03-08,16.95,17.10,16.87,17.04,202000,16.45
2006-03-07,16.86,16.97,16.84,16.92,103900,16.34
2006-03-06,17.02,17.08,16.92,16.93,34300,16.35
2006-03-03,17.00,17.20,16.98,17.05,39300,16.46
2006-03-02,17.12,17.13,17.00,17.11,19700,16.52
2006-03-01,17.14,17.14,16.92,17.12,25800,16.53
2006-02-28,17.45,17.45,17.04,17.10,75300,16.51
2006-02-27,17.24,17.50,17.24,17.45,110500,16.85
2006-02-24,17.10,17.20,17.08,17.19,51200,16.60
2006-02-23,17.15,17.15,17.05,17.06,25900,16.47
2006-02-22,17.07,17.21,17.07,17.20,95100,16.61
2006-02-21,17.18,17.18,16.96,17.00,163700,16.41
2006-02-17,17.20,17.20,17.04,17.13,378700,16.54
2006-02-16,17.01,17.16,16.96,17.16,14200,16.57
2006-02-15,16.85,17.01,16.83,17.00,20100,16.41
2006-02-14,16.70,16.88,16.69,16.84,16700,16.26
2006-02-13,16.72,16.72,16.59,16.68,14900,16.10
2006-02-10,16.72,16.72,16.50,16.70,26000,16.12
2006-02-09,16.80,16.87,16.66,16.68,37200,16.10
2006-02-08,16.63,16.80,16.51,16.75,27000,16.17
2006-02-07,16.85,16.85,16.63,16.66,30300,16.08
2006-02-06,16.91,16.94,16.70,16.80,44100,16.22
2006-02-03,16.87,16.97,16.81,16.88,33000,16.30
2006-02-02,17.02,17.07,16.82,16.87,33900,16.29
2006-02-01,16.93,16.99,16.84,16.97,107000,16.38
2006-01-31,16.80,16.90,16.70,16.88,51700,16.30
2006-01-30,16.84,16.84,16.69,16.75,66900,16.17
2006-01-27,16.65,16.81,16.54,16.79,60600,16.21
2006-01-26,16.44,16.59,16.40,16.56,33700,15.99
2006-01-25,16.50,16.60,16.42,16.44,64600,15.87
2006-01-24,16.68,16.68,16.42,16.50,22900,15.93
2006-01-23,16.60,16.65,16.55,16.61,37100,16.04
2006-01-20,16.86,16.87,16.64,16.65,54500,16.08
2006-01-19,16.93,16.95,16.74,16.91,96100,16.33
2006-01-18,16.83,16.84,16.74,16.84,43800,16.26
2006-01-17,17.00,17.05,16.75,16.85,84500,16.27
2006-01-13,17.03,17.03,16.94,16.99,12000,16.40
2006-01-12,17.03,17.06,16.91,16.98,19800,16.39
2006-01-11,17.18,17.18,16.98,17.01,252700,16.42
2006-01-10,17.13,17.13,17.05,17.11,645100,16.52
2006-01-09,17.08,17.22,17.01,17.15,92800,16.56
2006-01-06,17.00,17.00,16.89,16.97,29700,16.38
2006-01-05,16.89,16.92,16.85,16.89,41800,16.31
2006-01-04,16.79,16.90,16.76,16.86,41100,16.28
2006-01-03,16.65,16.74,16.41,16.69,42400,16.11
2005-12-30,16.56,16.56,16.48,16.49,38800,15.92
2005-12-29,16.73,16.73,16.60,16.62,31700,16.05
2005-12-28,16.76,16.77,16.63,16.68,94700,16.10
2005-12-27,16.91,16.91,16.68,16.68,32400,16.10
2005-12-23,16.81,16.83,16.76,16.82,11800,16.24
2005-12-22,16.58,16.77,16.57,16.77,51300,16.19
2005-12-21,16.54,16.61,16.50,16.52,41800,15.95
2005-12-20,16.40,16.49,16.37,16.44,26300,15.87
2005-12-19,16.71,16.71,16.41,16.45,33800,15.88
2005-12-16,16.49,16.50,16.35,16.40,311200,15.83
2005-12-15,16.60,16.60,16.41,16.47,36100,15.89
2005-12-14,16.58,16.62,16.49,16.53,78500,15.94
2005-12-13,16.39,16.50,16.39,16.49,29600,15.91
2005-12-12,16.42,16.42,16.24,16.33,71600,15.75
2005-12-09,16.37,16.39,16.30,16.32,44900,15.74
2005-12-08,16.25,16.35,16.21,16.30,48100,15.72
2005-12-07,16.24,16.26,16.15,16.25,27700,15.67
2005-12-06,16.34,16.38,16.28,16.29,25300,15.71
2005-12-05,16.25,16.29,16.16,16.29,33700,15.71
2005-12-02,16.13,16.22,16.13,16.20,38500,15.63
2005-12-01,16.10,16.20,16.10,16.15,23000,15.58
2005-11-30,16.11,16.14,16.05,16.06,24400,15.49
2005-11-29,16.19,16.19,16.06,16.06,14200,15.49
2005-11-28,16.35,16.38,16.12,16.14,30700,15.57
2005-11-25,16.44,16.44,16.34,16.38,4800,15.80
2005-11-23,16.40,16.42,16.34,16.40,11700,15.82
2005-11-22,16.30,16.44,16.28,16.42,28500,15.84
2005-11-21,16.33,16.36,16.24,16.34,25600,15.76
2005-11-18,16.20,16.23,16.16,16.23,93100,15.65
2005-11-17,15.97,16.12,15.95,16.12,20800,15.55
2005-11-16,16.02,16.02,15.87,15.94,15000,15.37
2005-11-15,15.92,16.04,15.92,15.93,21600,15.37
2005-11-14,16.08,16.10,16.00,16.00,18100,15.43
2005-11-11,16.05,16.15,16.05,16.15,10200,15.58
2005-11-10,16.02,16.13,15.97,16.11,6200,15.54
2005-11-09,16.04,16.08,15.97,16.05,37300,15.48
2005-11-08,16.03,16.10,16.01,16.01,10700,15.44
2005-11-07,16.01,16.01,15.91,15.98,30400,15.41
2005-11-04,15.93,16.02,15.93,16.00,42400,15.43
2005-11-03,15.87,16.02,15.85,15.90,19300,15.34
2005-11-02,15.70,15.79,15.67,15.79,7600,15.23
2005-11-01,15.58,15.62,15.56,15.60,5900,15.05
2005-10-31,15.50,15.64,15.50,15.60,29800,15.05
2005-10-28,15.37,15.44,15.31,15.44,7400,14.89
2005-10-27,15.55,15.55,15.36,15.37,31500,14.82
2005-10-26,15.70,15.75,15.63,15.63,67800,15.08
2005-10-25,15.67,15.71,15.59,15.68,20100,15.12
2005-10-24,15.51,15.64,15.47,15.62,12900,15.07
2005-10-21,15.72,15.72,15.38,15.40,12100,14.85
2005-10-20,15.73,15.73,15.58,15.59,42800,15.04
2005-10-19,15.58,15.80,15.51,15.79,12100,15.23
2005-10-18,15.61,15.72,15.61,15.66,13800,15.10
2005-10-17,15.66,15.67,15.58,15.67,28300,15.11
2005-10-14,15.52,15.70,15.52,15.70,10000,15.14
2005-10-13,15.60,15.60,15.45,15.52,12500,14.97
2005-10-12,15.64,15.64,15.41,15.44,11700,14.89
2005-10-11,15.58,15.63,15.53,15.54,7800,14.99
2005-10-10,15.71,15.78,15.61,15.68,13800,15.12
2005-10-07,15.84,15.89,15.70,15.72,15300,15.16
2005-10-06,15.96,15.99,15.63,15.73,20000,15.17
2005-10-05,16.27,16.27,15.94,15.96,8500,15.39
2005-10-04,16.27,16.43,16.24,16.27,15700,15.69
2005-10-03,16.14,16.20,16.10,16.20,15200,15.63
2005-09-30,16.00,16.14,16.00,16.11,6000,15.54
2005-09-29,15.96,16.04,15.86,16.04,21400,15.47
2005-09-28,16.02,16.05,15.94,16.00,10200,15.43
2005-09-27,15.99,15.99,15.87,15.89,22500,15.33
2005-09-26,16.06,16.06,15.90,15.99,2800,15.42
2005-09-23,16.00,16.15,15.97,16.03,5000,15.46
2005-09-22,16.00,16.10,16.00,16.07,36000,15.50
2005-09-21,16.12,16.16,16.04,16.07,7900,15.50
2005-09-20,16.31,16.34,16.15,16.17,12500,15.60
2005-09-19,16.37,16.37,16.20,16.24,10700,15.66
2005-09-16,16.33,16.35,16.31,16.34,15400,15.76
2005-09-15,16.31,16.38,16.30,16.35,9300,15.76
2005-09-14,16.42,16.43,16.27,16.31,33300,15.72
2005-09-13,16.56,16.56,16.38,16.38,43500,15.78
2005-09-12,16.63,16.64,16.57,16.61,19300,16.01
2005-09-09,16.51,16.64,16.48,16.64,58100,16.04
2005-09-08,16.47,16.56,16.41,16.48,12700,15.88
2005-09-07,16.38,16.47,16.36,16.47,22300,15.87
2005-09-06,16.23,16.39,16.23,16.39,43100,15.79
2005-09-02,16.18,16.18,16.11,16.16,5500,15.57
2005-09-01,16.15,16.25,16.14,16.19,10900,15.60
2005-08-31,15.86,16.14,15.86,16.14,3800,15.55
2005-08-30,15.90,15.90,15.79,15.86,6600,15.28
2005-08-29,15.73,15.95,15.73,15.94,9500,15.36
2005-08-26,15.77,15.82,15.77,15.82,5500,15.24
2005-08-25,15.88,15.94,15.86,15.89,46200,15.31
2005-08-24,15.86,15.97,15.84,15.85,7300,15.27
2005-08-23,15.94,15.94,15.83,15.85,15000,15.27
2005-08-22,15.79,15.94,15.79,15.92,113800,15.34
2005-08-19,15.79,15.84,15.73,15.73,23700,15.16
2005-08-18,15.75,15.84,15.75,15.78,9700,15.21
2005-08-17,15.79,15.87,15.77,15.84,24300,15.26
2005-08-16,15.79,15.85,15.79,15.81,2900,15.24
2005-08-15,15.84,15.87,15.79,15.87,4600,15.29
2005-08-12,15.87,15.90,15.79,15.90,3800,15.32
2005-08-11,15.77,15.95,15.77,15.92,15600,15.34
2005-08-10,15.80,15.89,15.76,15.76,7500,15.19
2005-08-09,15.60,15.74,15.60,15.72,5800,15.15
2005-08-08,15.70,15.71,15.53,15.57,7300,15.00
2005-08-05,15.82,15.82,15.70,15.73,2800,15.16
2005-08-04,15.92,15.94,15.86,15.89,3100,15.31
2005-08-03,15.93,15.96,15.87,15.92,13400,15.34
2005-08-02,15.75,15.96,15.75,15.94,64200,15.36
2005-08-01,15.62,15.71,15.62,15.70,9300,15.13
2005-07-29,15.62,15.67,15.56,15.56,20100,14.99
2005-07-28,15.52,15.66,15.52,15.65,12700,15.08
2005-07-27,15.44,15.52,15.39,15.52,6600,14.96
2005-07-26,15.30,15.42,15.30,15.38,5400,14.82
2005-07-25,15.38,15.38,15.18,15.24,4600,14.69
2005-07-22,15.45,15.45,15.22,15.36,7000,14.80
2005-07-21,15.52,15.56,15.43,15.49,10000,14.93
2005-07-20,15.55,15.64,15.55,15.63,38600,15.06
2005-07-19,15.40,15.44,15.37,15.39,48700,14.83
2005-07-18,15.46,15.46,15.36,15.36,13400,14.80
2005-07-15,15.38,15.46,15.33,15.46,8300,14.90
2005-07-14,15.22,15.37,15.22,15.37,10500,14.81
2005-07-13,15.25,15.25,15.16,15.16,6800,14.61
2005-07-12,15.18,15.26,15.17,15.24,2500,14.69
2005-07-11,15.13,15.19,15.09,15.18,12100,14.63
2005-07-08,14.90,15.13,14.90,15.13,6000,14.58
2005-07-07,14.85,14.87,14.79,14.86,2700,14.32
2005-07-06,14.93,14.98,14.89,14.90,10600,14.36
2005-07-05,14.85,14.93,14.82,14.93,7300,14.39
2005-07-01,14.84,14.87,14.81,14.81,5500,14.27
2005-06-30,14.89,14.89,14.82,14.84,8200,14.30
2005-06-29,14.92,14.92,14.88,14.89,6000,14.35
2005-06-28,14.80,14.92,14.80,14.91,12100,14.37
2005-06-27,14.76,14.77,14.70,14.72,19200,14.18
2005-06-24,14.86,14.86,14.79,14.83,15600,14.29
2005-06-23,14.96,15.02,14.85,14.85,82700,14.31