2011-05-10,36.65,36.80,36.34,36.80,20800,36.80
2011-05-09,35.62,36.55,35.62,36.43,12200,36.43
2011-05-06,35.76,36.33,35.63,35.63,12000,35.63
2011-05-05,35.79,36.15,35.43,35.45,12600,35.45
2011-05-04,36.48,36.48,35.76,36.06,14000,36.06
2011-05-03,37.39,37.39,36.48,36.55,34900,36.55
2011-05-02,37.80,37.89,37.50,37.52,6800,37.52
2011-04-29,37.25,37.75,37.16,37.47,14000,37.47
2011-04-28,36.74,37.45,36.74,37.20,8900,37.20
2011-04-27,37.25,37.25,36.31,37.08,14500,37.08
2011-04-26,37.00,37.24,36.94,37.00,7200,37.00
2011-04-25,37.17,37.34,36.73,36.88,5000,36.88
2011-04-21,36.97,37.30,36.97,37.30,4900,37.30
2011-04-20,36.56,36.87,36.51,36.87,7100,36.87
2011-04-19,35.76,36.05,35.69,36.05,6100,36.05
2011-04-18,36.16,36.16,35.52,35.76,9700,35.76
2011-04-15,36.65,36.92,36.42,36.92,5000,36.92
2011-04-14,36.68,36.80,36.27,36.80,7600,36.80
2011-04-13,36.63,37.11,36.61,36.70,10400,36.70
2011-04-12,36.51,36.60,35.80,36.04,14900,36.04
2011-04-11,37.75,37.75,36.96,36.98,5900,36.98
2011-04-08,37.55,37.75,37.32,37.46,8400,37.46
2011-04-07,38.03,38.03,37.22,37.44,10800,37.44
2011-04-06,38.25,38.44,37.54,37.73,43600,37.73
2011-04-05,37.88,38.27,37.88,38.08,18800,38.08
2011-04-04,38.29,38.30,37.94,38.11,20300,38.11
2011-04-01,38.09,38.13,37.83,37.85,16700,37.85
2011-03-31,37.35,37.63,37.35,37.47,57700,37.47
2011-03-30,37.43,37.44,37.09,37.41,66800,37.41
2011-03-29,36.41,37.04,36.41,36.96,17800,36.96
2011-03-28,37.32,37.32,36.50,36.52,22700,36.52
2011-03-25,37.34,37.43,37.26,37.31,23700,37.31
2011-03-24,37.39,37.63,36.69,37.31,19800,37.31
2011-03-23,36.62,37.35,36.37,37.35,32400,37.35
2011-03-22,36.58,36.62,36.38,36.57,14800,36.57
2011-03-21,36.46,36.57,36.30,36.46,7900,36.46
2011-03-18,36.01,36.49,35.66,35.76,28300,35.76
2011-03-17,35.00,35.70,35.00,35.34,41400,35.34
2011-03-16,35.43,36.19,34.50,35.00,65500,35.00
2011-03-15,34.53,35.35,33.13,35.04,32700,35.04
2011-03-14,36.66,36.66,35.02,35.55,28300,35.55
2011-03-11,35.00,35.76,34.77,35.73,22000,35.73
2011-03-10,36.00,36.03,35.18,35.24,22100,35.24
2011-03-09,37.28,37.28,36.47,36.56,26500,36.56
2011-03-08,37.26,37.34,37.00,37.28,5500,37.28
2011-03-07,37.90,37.90,36.50,37.01,29200,37.01
2011-03-04,37.24,37.54,37.24,37.36,21000,37.36
2011-03-03,37.17,37.50,36.93,37.38,16200,37.38
2011-03-02,36.25,36.97,36.25,36.93,5600,36.93
2011-03-01,37.16,37.16,36.12,36.28,14000,36.28
2011-02-28,37.07,37.22,36.44,36.71,12000,36.71
2011-02-25,36.25,36.87,36.25,36.80,4900,36.80
2011-02-24,36.35,36.50,35.75,36.19,10800,36.19
2011-02-23,36.23,36.29,35.75,36.29,4400,36.29
2011-02-22,36.01,36.57,35.50,35.53,17800,35.53
2011-02-18,36.99,37.03,36.62,36.65,6800,36.65
2011-02-17,36.56,37.09,36.56,37.03,13800,37.03
2011-02-16,36.70,36.89,36.51,36.87,10300,36.87
2011-02-15,37.02,37.02,36.36,36.36,27000,36.36
2011-02-14,36.48,37.10,36.45,37.03,29900,37.03
2011-02-11,36.20,36.36,35.81,36.30,14300,36.30
2011-02-10,35.75,36.16,35.51,36.12,15100,36.12
2011-02-09,36.65,36.65,35.80,35.92,8000,35.92
2011-02-08,36.91,36.92,36.34,36.66,17700,36.66
2011-02-07,36.78,37.16,36.60,36.76,11900,36.76
2011-02-04,37.31,37.34,36.65,36.88,3900,36.88
2011-02-03,36.96,37.20,36.74,37.20,14700,37.20
2011-02-02,37.59,37.99,37.44,37.44,17300,37.44
2011-02-01,37.26,37.97,37.26,37.92,23600,37.92
2011-01-31,36.19,36.83,35.98,36.79,22900,36.79
2011-01-28,36.38,36.38,35.52,35.87,20800,35.87
2011-01-27,37.16,37.16,36.26,36.54,14500,36.54
2011-01-26,36.48,37.34,36.36,37.12,39400,37.12
2011-01-25,36.12,36.21,35.60,36.02,19700,36.02
2011-01-24,35.37,36.47,35.37,36.31,29400,36.31
2011-01-21,36.67,36.91,35.75,35.75,31100,35.75
2011-01-20,37.00,37.00,35.33,36.55,40400,36.55
2011-01-19,38.26,38.26,37.19,37.25,20000,37.25
2011-01-18,38.10,38.12,37.80,37.81,9600,37.81
2011-01-14,38.73,38.73,37.78,37.88,40100,37.88
2011-01-13,38.68,38.77,38.32,38.67,10400,38.67
2011-01-12,38.71,38.72,38.16,38.23,58500,38.23
2011-01-11,37.71,38.42,37.45,37.91,9000,37.91
2011-01-10,37.58,37.58,36.82,37.40,12400,37.40
2011-01-07,37.69,37.86,36.96,37.64,14800,37.64
2011-01-06,38.67,39.16,37.78,37.91,41300,37.91
2011-01-05,38.42,39.02,38.00,38.95,18700,38.95
2011-01-04,39.05,39.18,37.95,38.28,30200,38.28
2011-01-03,37.99,38.68,36.90,38.54,22600,38.54
2010-12-31,37.16,37.63,37.11,37.40,7500,37.40
2010-12-30,37.03,37.16,36.92,37.14,3600,37.14
2010-12-29,36.96,37.02,36.75,37.02,12700,37.02
2010-12-28,36.51,36.63,36.28,36.44,13400,36.44
2010-12-27,37.46,37.46,36.00,36.50,6000,36.50
2010-12-23,36.58,36.58,36.30,36.46,6500,36.46
2010-12-22,36.70,36.70,36.22,36.46,13200,36.46
2010-12-21,36.33,36.56,36.20,36.56,12100,36.56
2010-12-20,35.06,35.78,35.06,35.54,28500,35.54
2010-12-17,35.35,35.35,35.14,35.35,4700,35.35
2010-12-16,35.04,35.46,35.00,35.46,7000,35.23
2010-12-15,35.91,35.91,35.24,35.24,8000,35.01
2010-12-14,36.14,36.24,35.91,35.91,6100,35.68
2010-12-13,36.60,37.61,36.14,36.14,46300,35.90
2010-12-10,36.76,36.76,36.02,36.27,6800,36.03
2010-12-09,36.06,36.30,35.78,36.09,7800,35.85
2010-12-08,36.59,36.59,35.62,35.68,8800,35.45
2010-12-07,37.03,37.10,35.91,36.01,19700,35.77
2010-12-06,36.26,36.58,35.93,36.46,22000,36.22
2010-12-03,35.70,35.97,35.52,35.95,35900,35.71
2010-12-02,35.38,35.79,35.05,35.72,20100,35.49
2010-12-01,35.23,35.34,34.83,35.25,9400,35.02
2010-11-30,33.99,34.32,33.97,34.15,4900,33.93
2010-11-29,34.67,34.67,33.83,34.45,4100,34.22
2010-11-26,34.87,34.87,34.38,34.40,2800,34.17
2010-11-24,34.14,34.72,34.14,34.63,3600,34.40
2010-11-23,34.57,34.57,33.82,33.82,9500,33.60
2010-11-22,35.07,35.07,34.40,34.93,7300,34.70
2010-11-19,34.71,34.98,34.43,34.95,6200,34.72
2010-11-18,34.43,34.63,34.28,34.42,6500,34.19
2010-11-17,33.15,33.56,33.15,33.32,5500,33.10
2010-11-16,34.57,34.57,33.02,33.23,35500,33.01
2010-11-15,34.55,34.83,34.39,34.80,14100,34.57
2010-11-12,35.41,35.41,34.00,34.35,46800,34.13
2010-11-11,35.81,36.23,35.43,36.03,8200,35.79
2010-11-10,35.75,36.01,34.93,35.81,15900,35.58
2010-11-09,36.34,36.51,35.00,35.22,37200,34.99
2010-11-08,35.12,35.87,35.06,35.86,31100,35.63
2010-11-05,34.79,34.97,34.66,34.93,11400,34.70
2010-11-04,33.50,34.28,33.50,34.27,11000,34.05
2010-11-03,33.43,33.43,32.37,33.12,29500,32.90
2010-11-02,33.37,33.37,33.10,33.19,11000,32.97
2010-11-01,32.37,33.10,32.37,32.92,5500,32.70
2010-10-29,32.31,32.33,32.15,32.33,14300,32.12
2010-10-28,32.75,32.75,32.25,32.45,19000,32.24
2010-10-27,32.45,32.45,31.98,32.41,15300,32.20
2010-10-26,33.10,33.31,33.09,33.25,21300,33.03
2010-10-25,33.21,33.37,33.11,33.19,13900,32.97
2010-10-22,32.60,32.60,32.28,32.41,27700,32.20
2010-10-21,32.59,32.59,31.79,32.05,17400,31.84
2010-10-20,31.76,32.40,31.76,32.25,35700,32.04
2010-10-19,32.23,32.23,31.29,31.34,12400,31.13
2010-10-18,32.35,32.57,32.27,32.57,4600,32.36
2010-10-15,32.79,32.79,32.24,32.42,11300,32.21
2010-10-14,32.53,32.56,31.98,32.27,10800,32.06
2010-10-13,32.00,32.56,32.00,32.48,9700,32.27
2010-10-12,31.94,31.94,31.36,31.84,5500,31.63
2010-10-11,32.10,32.10,31.77,31.89,21000,31.68
2010-10-08,31.59,31.63,31.15,31.63,2900,31.42
2010-10-07,31.22,31.22,30.84,31.12,3300,30.92
2010-10-06,30.75,31.22,30.75,31.13,3200,30.93
2010-10-05,30.51,30.85,30.26,30.80,4700,30.60
2010-10-04,30.73,30.73,29.86,29.94,19000,29.74
2010-10-01,30.26,30.30,30.15,30.26,4500,30.06
2010-09-30,30.15,30.15,29.58,29.86,57200,29.66
2010-09-29,29.78,29.96,29.75,29.86,6800,29.66
2010-09-28,29.63,29.77,29.30,29.76,6900,29.57
2010-09-27,30.00,30.00,29.60,29.70,9300,29.51
2010-09-24,29.44,29.75,29.44,29.72,13900,29.53
2010-09-23,31.27,31.27,28.70,28.76,63800,28.57
2010-09-22,28.96,29.17,28.96,29.06,133900,28.87
2010-09-21,28.56,28.81,28.56,28.74,4100,28.55
2010-09-20,28.46,28.76,28.46,28.76,1300,28.57
2010-09-17,28.44,28.44,28.30,28.32,2200,28.13
2010-09-16,28.33,28.33,28.33,28.33,000,28.13
2010-09-15,28.33,28.33,28.33,28.33,200,28.13
2010-09-14,28.35,28.35,28.35,28.35,000,28.15
2010-09-13,28.38,28.40,28.35,28.35,1400,28.15
2010-09-10,28.01,28.01,28.01,28.01,300,27.81
2010-09-09,28.20,28.20,27.70,27.79,1000,27.60
2010-09-08,27.82,27.82,27.82,27.82,200,27.63
2010-09-07,27.49,27.49,27.49,27.49,100,27.30
2010-09-03,27.80,27.81,27.64,27.71,4600,27.52
2010-09-02,27.13,27.34,27.13,27.34,400,27.15
2010-09-01,25.41,27.37,25.41,27.31,4300,27.12
2010-08-31,26.27,26.32,26.25,26.32,900,26.14
2010-08-30,26.55,26.55,26.37,26.37,1100,26.19
2010-08-27,26.04,26.70,26.04,26.70,900,26.51
2010-08-26,26.36,26.36,26.36,26.36,000,26.18
2010-08-25,26.19,26.36,26.15,26.36,300,26.18
2010-08-24,26.60,26.72,26.49,26.51,4500,26.33
2010-08-23,27.18,27.29,27.07,27.07,2000,26.88
2010-08-20,27.17,27.17,27.17,27.17,100,26.98
2010-08-19,27.51,27.51,27.10,27.10,500,26.91
2010-08-18,27.51,27.52,27.40,27.51,700,27.32
2010-08-17,27.53,27.65,27.51,27.65,900,27.46
2010-08-16,26.62,27.09,26.62,27.02,7800,26.83
2010-08-13,26.90,26.90,26.90,26.90,000,26.71
2010-08-12,26.77,27.02,26.77,26.90,1800,26.71
2010-08-11,27.04,27.04,26.80,26.90,400,26.71
2010-08-10,27.98,27.98,27.63,27.69,4300,27.50
2010-08-09,28.16,28.36,28.16,28.36,1100,28.16
2010-08-06,28.19,28.19,28.10,28.10,4100,27.90
2010-08-05,28.24,28.24,28.24,28.24,200,28.04
2010-08-04,28.07,28.15,27.88,28.15,400,27.95
2010-08-03,28.05,28.05,28.05,28.05,000,27.85
2010-08-02,27.68,28.26,27.68,28.05,1100,27.85
2010-07-30,27.19,27.20,27.19,27.20,400,27.01
2010-07-29,27.36,27.36,27.00,27.00,200,26.81
2010-07-28,27.09,27.16,27.08,27.08,1100,26.89
2010-07-27,27.40,27.40,27.40,27.40,200,27.21
2010-07-26,27.47,27.53,27.19,27.50,1000,27.31
2010-07-23,27.19,27.26,27.19,27.26,200,27.07
2010-07-22,26.69,26.90,26.69,26.90,800,26.71
2010-07-21,26.52,26.52,26.11,26.14,600,25.96
2010-07-20,25.40,26.36,25.40,26.36,3500,26.18
2010-07-19,25.32,25.32,25.32,25.32,400,25.14
2010-07-16,25.68,25.68,25.31,25.31,800,25.13
2010-07-15,25.92,25.92,25.92,25.92,200,25.74
2010-07-14,26.20,26.37,26.20,26.23,900,26.05
2010-07-13,26.54,26.54,26.42,26.42,700,26.24
2010-07-12,26.35,26.35,26.25,26.25,1100,26.07
2010-07-09,26.04,26.43,26.04,26.43,1200,26.25
2010-07-08,25.88,25.97,25.58,25.97,5600,25.79
2010-07-07,25.37,25.87,25.37,25.87,3800,25.69
2010-07-06,25.46,25.59,24.98,24.98,2400,24.81
2010-07-02,24.46,24.46,24.34,24.34,1000,24.17
2010-07-01,24.38,24.59,24.38,24.39,2800,24.22
2010-06-30,24.45,24.90,24.39,24.46,2400,24.29
2010-06-29,25.39,25.39,24.68,24.69,10800,24.52
2010-06-28,26.50,26.50,25.98,25.98,6400,25.80
2010-06-25,26.35,26.54,26.35,26.54,1100,26.36
2010-06-24,26.56,26.58,26.37,26.37,3400,26.19
2010-06-23,26.52,26.90,26.52,26.72,6200,26.53
2010-06-22,26.96,27.02,26.50,26.50,6400,26.32
2010-06-21,27.60,27.60,26.98,27.01,1100,26.82
2010-06-18,26.55,26.67,26.53,26.67,6600,26.48
2010-06-17,26.23,26.23,26.15,26.15,1300,25.97
2010-06-16,26.43,26.57,26.43,26.57,700,26.38
2010-06-15,26.21,26.45,26.21,26.45,5600,26.27
2010-06-14,26.06,26.33,25.88,25.88,2600,25.70
2010-06-11,25.55,25.55,25.55,25.55,000,25.37
2010-06-10,25.23,25.56,25.20,25.55,8600,25.37
2010-06-09,24.44,24.44,24.44,24.44,000,24.27
2010-06-08,23.96,24.44,23.96,24.44,1000,24.27
2010-06-07,24.99,24.99,23.91,23.99,4900,23.82
2010-06-04,25.21,25.28,24.52,24.52,6800,24.35
2010-06-03,25.24,25.24,25.21,25.21,8000,25.03
2010-06-02,24.45,25.51,24.45,25.51,3300,25.33
2010-06-01,24.95,24.95,24.49,24.50,16400,24.33
2010-05-28,25.70,25.75,25.33,25.55,2900,25.37
2010-05-27,25.20,25.72,25.00,25.48,1900,25.30
2010-05-26,24.65,24.70,23.96,23.96,4100,23.79
2010-05-25,22.83,23.85,22.31,23.85,6000,23.68
2010-05-24,24.14,24.59,23.93,23.93,3700,23.76
2010-05-21,23.25,24.49,23.10,24.40,24900,24.23
2010-05-20,24.41,24.41,23.71,23.96,17600,23.79
2010-05-19,25.87,25.87,24.92,25.38,29700,25.20
2010-05-18,26.67,26.95,26.11,26.13,2600,25.95
2010-05-17,27.00,27.00,26.12,26.26,8700,26.08
2010-05-14,27.19,27.30,26.99,27.19,2300,27.00
2010-05-13,27.90,28.32,27.77,27.77,3500,27.58
2010-05-12,27.67,28.00,27.67,28.00,900,27.81
2010-05-11,27.81,27.81,27.27,27.27,2100,27.08
2010-05-10,27.16,28.35,27.16,27.86,6800,27.67
2010-05-07,26.57,26.94,25.53,25.95,4300,25.77
2010-05-06,27.21,27.42,25.54,26.15,33600,25.97
2010-05-05,27.29,27.62,26.50,27.27,15000,27.08
2010-05-04,28.45,28.45,27.71,27.85,13000,27.66
2010-05-03,29.13,29.29,28.99,29.29,4200,29.09
2010-04-30,29.79,29.79,29.29,29.29,1800,29.09
2010-04-29,29.99,29.99,29.70,29.70,800,29.49
2010-04-28,29.85,29.85,29.46,29.81,3400,29.60
2010-04-27,30.50,30.50,29.48,29.48,6000,29.27
2010-04-26,30.06,30.50,30.06,30.34,9000,30.13
2010-04-23,29.89,30.20,29.88,30.18,8800,29.97
2010-04-22,29.55,29.88,29.55,29.88,1900,29.67
2010-04-21,29.75,29.80,29.75,29.79,900,29.58
2010-04-20,29.80,29.90,29.80,29.87,1100,29.66
2010-04-19,29.63,29.63,28.92,29.41,9200,29.21
2010-04-16,30.24,30.24,29.36,29.49,4000,29.28
2010-04-15,30.59,30.72,30.39,30.64,10400,30.43
2010-04-14,30.53,30.67,30.38,30.56,6200,30.35
2010-04-13,30.63,30.63,30.25,30.53,4100,30.32
2010-04-12,30.72,30.91,30.60,30.60,4800,30.39
2010-04-09,30.76,30.80,30.61,30.80,8700,30.59
2010-04-08,30.22,30.50,30.00,30.46,4700,30.25
2010-04-07,30.64,30.84,30.42,30.48,4800,30.27
2010-04-06,30.58,30.71,30.37,30.70,1200,30.49
2010-04-05,30.24,30.33,30.13,30.24,7800,30.03
2010-04-01,29.74,30.23,29.72,29.82,11700,29.61
2010-03-31,29.16,29.17,29.13,29.14,700,28.94
2010-03-30,29.18,29.39,29.07,29.39,2300,29.19
2010-03-29,29.03,29.25,28.97,29.23,9400,29.03
2010-03-26,28.70,28.70,28.49,28.49,14100,28.29
2010-03-25,28.70,28.89,28.11,28.11,3300,27.91
2010-03-24,28.71,28.90,28.64,28.82,8200,28.62
2010-03-23,28.54,28.95,28.46,28.95,7200,28.75
2010-03-22,28.25,28.93,28.18,28.93,17500,28.73
2010-03-19,29.42,29.42,28.99,28.99,2800,28.79
2010-03-18,29.50,29.57,29.38,29.47,1500,29.26
2010-03-17,30.06,30.18,29.76,29.83,25800,29.62
2010-03-16,28.77,29.18,28.77,29.12,1300,28.92
2010-03-15,29.71,29.71,28.58,28.76,9300,28.56
2010-03-12,29.18,29.55,29.18,29.55,3800,29.34
2010-03-11,29.09,29.56,29.00,29.44,10300,29.23
2010-03-10,29.23,29.68,29.23,29.45,2100,29.24
2010-03-09,29.34,29.47,29.09,29.19,12100,28.99
2010-03-08,29.87,29.87,29.20,29.39,13600,29.19
2010-03-05,28.79,29.37,28.79,29.37,2000,29.17
2010-03-04,28.65,28.80,28.35,28.55,9800,28.35
2010-03-03,28.92,29.16,28.72,28.83,7000,28.63
2010-03-02,28.70,29.04,28.50,28.66,10200,28.46
2010-03-01,27.87,28.26,27.87,28.26,2300,28.06
2010-02-26,27.49,27.56,27.16,27.56,4700,27.37
2010-02-25,27.32,27.61,26.86,27.61,9600,27.42
2010-02-24,27.62,27.73,27.40,27.71,5500,27.52
2010-02-23,27.83,27.83,27.07,27.25,6500,27.06
2010-02-22,28.39,28.39,28.05,28.08,1300,27.88
2010-02-19,27.92,28.15,27.92,28.07,600,27.87
2010-02-18,27.95,28.24,27.43,28.00,7900,27.81
2010-02-17,28.00,28.22,27.80,27.96,9200,27.77
2010-02-16,27.51,27.85,27.51,27.72,4100,27.53
2010-02-12,27.13,27.13,26.75,27.07,900,26.88
2010-02-11,25.99,27.35,25.99,27.35,19900,27.16
2010-02-10,26.25,26.25,25.69,25.87,5600,25.69
2010-02-09,25.50,26.33,25.50,26.09,5400,25.91
2010-02-08,25.31,25.64,25.24,25.30,1500,25.12
2010-02-05,25.54,26.02,24.94,26.02,33900,25.84
2010-02-04,27.00,27.00,25.86,25.92,16700,25.74
2010-02-03,27.33,27.50,27.33,27.40,4300,27.21
2010-02-02,27.33,27.34,26.83,27.23,10600,27.04
2010-02-01,26.56,27.43,26.56,27.35,35600,27.16
2010-01-29,28.16,28.16,26.28,26.54,36700,26.36
2010-01-28,27.96,28.22,27.27,27.70,33300,27.51
2010-01-27,27.71,28.01,26.87,27.60,22400,27.41
2010-01-26,27.71,28.65,27.70,28.22,18300,28.02
2010-01-25,28.30,29.13,28.30,28.42,15900,28.22
2010-01-22,28.36,29.00,27.76,28.32,18900,28.12
2010-01-21,30.08,30.09,28.62,28.62,43200,28.42
2010-01-20,31.01,31.01,30.00,30.33,17800,30.12
2010-01-19,30.54,31.21,30.54,31.21,9000,30.99
2010-01-15,31.36,31.37,30.45,30.64,23000,30.43
2010-01-14,31.38,31.69,31.29,31.33,14500,31.11
2010-01-13,31.31,31.62,30.75,31.38,12100,31.16
2010-01-12,31.90,31.97,31.22,31.45,25600,31.23
2010-01-11,32.52,32.57,31.73,31.96,63200,31.74
2010-01-08,31.95,32.17,31.75,32.17,13300,31.95
2010-01-07,31.90,31.90,31.39,31.78,6200,31.56
2010-01-06,31.53,31.82,31.30,31.81,20500,31.59
2010-01-05,30.95,31.66,30.87,31.25,19400,31.03
2010-01-04,29.70,30.37,29.62,30.37,15500,30.16
2009-12-31,29.48,29.48,28.58,28.92,5900,28.72
2009-12-30,29.33,29.33,28.79,29.15,7700,28.95
2009-12-29,29.69,29.71,29.17,29.38,13700,29.18
2009-12-28,29.79,29.79,29.17,29.17,17000,28.97
2009-12-24,29.42,29.42,29.12,29.25,20300,29.05
2009-12-23,29.56,29.56,28.41,28.89,10600,28.69
2009-12-22,27.79,28.50,27.70,28.38,10600,28.18
2009-12-21,27.63,28.24,26.59,27.80,7900,27.61
2009-12-18,28.25,28.71,27.42,27.85,42200,27.66
2009-12-17,28.64,28.64,28.00,28.24,57700,27.75
2009-12-16,28.92,29.08,28.83,28.99,5900,28.48
2009-12-15,28.97,29.14,28.49,28.90,9400,28.39
2009-12-14,28.79,28.92,28.66,28.80,5500,28.30
2009-12-11,28.86,28.86,28.45,28.72,8700,28.22
2009-12-10,27.76,28.60,27.76,28.40,1900,27.90
2009-12-09,27.58,28.05,27.58,27.80,3000,27.31
2009-12-08,27.91,28.06,27.51,27.70,50300,27.21
2009-12-07,28.04,28.49,28.03,28.39,15800,27.89
2009-12-04,28.75,29.36,28.32,28.35,4300,27.85
2009-12-03,28.99,29.15,28.49,28.49,13700,27.99
2009-12-02,28.87,29.04,28.43,28.84,8600,28.33
2009-12-01,28.86,28.98,28.57,28.85,19000,28.34
2009-11-30,28.09,28.55,27.84,28.30,9600,27.80
2009-11-27,27.67,27.80,27.15,27.73,16000,27.24
2009-11-25,28.79,29.18,28.50,28.90,9100,28.39
2009-11-24,27.98,28.39,27.65,28.00,9200,27.51
2009-11-23,28.97,29.14,28.26,28.46,3600,27.96
2009-11-20,28.48,28.48,27.70,28.32,7200,27.82
2009-11-19,28.65,28.75,28.00,28.25,21000,27.76
2009-11-18,29.34,29.43,29.00,29.21,22800,28.70
2009-11-17,28.89,29.26,28.61,29.26,19500,28.75
2009-11-16,28.00,29.11,28.00,28.87,13500,28.36
2009-11-13,27.75,28.16,27.75,28.00,15100,27.51
2009-11-12,27.62,28.01,27.06,27.08,6400,26.61
2009-11-11,27.17,27.73,27.17,27.57,5200,27.09
2009-11-10,27.00,27.38,26.80,27.01,4800,26.54
2009-11-09,26.41,27.45,26.41,27.16,15100,26.68
2009-11-06,26.07,26.50,26.02,26.02,1400,25.56
2009-11-05,25.92,26.50,25.92,26.50,7400,26.04
2009-11-04,25.99,26.49,25.69,25.69,3100,25.24
2009-11-03,25.50,25.50,25.28,25.33,900,24.89
2009-11-02,24.72,25.63,23.36,25.09,13800,24.65
2009-10-30,25.52,25.55,24.03,24.17,8900,23.75
2009-10-29,24.59,25.56,24.59,25.33,4900,24.89
2009-10-28,25.70,25.70,24.48,24.50,15500,24.07
2009-10-27,26.46,26.46,25.89,25.95,9100,25.50
2009-10-26,27.06,27.19,26.03,26.41,6100,25.95
2009-10-23,27.30,27.30,26.38,26.38,1400,25.92
2009-10-22,27.01,27.01,26.25,26.99,3800,26.52
2009-10-21,27.56,27.74,26.81,27.21,5800,26.73
2009-10-20,27.24,27.24,26.43,26.98,7700,26.51
2009-10-19,26.96,27.15,26.71,26.88,28500,26.41
2009-10-16,27.50,27.50,25.90,26.27,8000,25.81
2009-10-15,26.78,27.08,26.26,26.98,6100,26.51
2009-10-14,27.00,27.00,26.62,26.90,8000,26.43
2009-10-13,26.10,26.38,25.88,26.26,8800,25.80
2009-10-12,26.39,26.52,26.09,26.24,5500,25.78
2009-10-09,25.87,26.20,25.69,26.10,7600,25.64
2009-10-08,25.80,26.15,25.80,25.81,10500,25.36
2009-10-07,25.38,25.41,25.38,25.40,600,24.96
2009-10-06,24.98,25.47,24.98,25.13,2700,24.69
2009-10-05,23.72,24.58,23.72,24.58,10900,24.15
2009-10-02,23.54,23.98,23.54,23.63,700,23.22
2009-10-01,24.43,24.51,23.67,23.83,34800,23.41
2009-09-30,24.92,24.92,24.40,24.72,14300,24.29
2009-09-29,24.64,24.74,24.63,24.69,4800,24.26
2009-09-28,24.74,25.01,24.68,24.68,6000,24.25
2009-09-25,24.54,24.89,24.38,24.71,2100,24.28
2009-09-24,25.88,26.42,24.72,25.18,6500,24.74
2009-09-23,26.38,26.38,25.28,25.28,13500,24.84
2009-09-22,25.73,26.44,25.73,26.30,7600,25.84
2009-09-21,25.11,26.06,25.11,25.80,3900,25.35
2009-09-18,25.79,25.99,25.59,25.68,6500,25.23
2009-09-17,26.59,26.59,25.66,26.08,7200,25.62
2009-09-16,25.96,26.61,25.96,26.45,70900,25.99
2009-09-15,24.97,25.44,24.54,25.10,3800,24.66
2009-09-14,23.77,24.89,23.77,24.89,7200,24.45
2009-09-11,24.83,24.83,23.96,24.08,5600,23.66
2009-09-10,24.31,24.31,24.06,24.28,2300,23.85
2009-09-09,24.14,24.35,24.00,24.32,4800,23.89
2009-09-08,23.97,24.26,23.97,24.14,12800,23.72
2009-09-04,22.79,23.28,22.59,23.20,3400,22.79
2009-09-03,22.02,22.64,22.02,22.64,1300,22.24
2009-09-02,21.98,22.10,21.79,21.82,1100,21.44
2009-09-01,22.25,23.03,21.71,21.76,50500,21.38
2009-08-31,22.40,22.76,22.22,22.69,9700,22.29
2009-08-28,23.43,23.43,22.83,22.93,2400,22.53
2009-08-27,22.90,22.90,22.41,22.57,3500,22.17
2009-08-26,23.76,23.76,22.98,22.98,7500,22.58
2009-08-25,24.00,24.29,23.40,23.40,9900,22.99
2009-08-24,24.21,24.29,23.67,23.78,5400,23.36
2009-08-21,23.11,24.10,23.11,23.98,7900,23.56
2009-08-20,23.14,23.67,23.06,23.06,4400,22.66
2009-08-19,22.68,23.58,22.68,23.31,7600,22.90
2009-08-18,22.51,23.21,22.51,23.21,4700,22.80
2009-08-17,23.43,23.43,21.74,22.49,18900,22.10
2009-08-14,24.58,24.58,23.59,23.97,16000,23.55
2009-08-13,23.90,24.69,23.79,24.55,22100,24.12
2009-08-12,22.88,23.46,22.88,23.46,13800,23.05
2009-08-11,23.77,23.77,23.04,23.45,15500,23.04
2009-08-10,23.82,23.86,23.41,23.52,20900,23.11
2009-08-07,23.50,23.76,23.12,23.67,15500,23.26
2009-08-06,23.63,23.63,23.08,23.08,4300,22.68
2009-08-05,23.89,23.89,22.75,23.20,83400,22.79
2009-08-04,24.04,24.68,23.97,23.99,19200,23.57
2009-08-03,23.73,24.35,23.48,24.10,18300,23.68
2009-07-31,22.96,23.51,22.96,23.36,16200,22.95
2009-07-30,22.30,23.06,22.30,22.60,12300,22.20
2009-07-29,21.93,21.93,21.52,21.89,10800,21.51
2009-07-28,22.39,22.39,21.84,22.30,5200,21.91
2009-07-27,22.12,22.49,22.12,22.35,14600,21.96
2009-07-24,21.30,22.29,20.68,21.04,16000,20.67
2009-07-23,21.40,22.12,21.35,21.71,9400,21.33
2009-07-22,21.12,21.58,20.80,21.42,13500,21.04
2009-07-21,21.60,21.60,20.76,21.25,16300,20.88
2009-07-20,20.97,21.24,20.97,21.20,28200,20.83
2009-07-17,20.18,20.62,19.36,20.40,4800,20.04
2009-07-16,19.89,20.60,19.57,20.37,14100,20.01
2009-07-15,19.06,20.30,19.06,20.30,25100,19.94
2009-07-14,18.33,18.68,18.14,18.20,6700,17.88
2009-07-13,17.58,18.22,16.81,18.21,10300,17.89
2009-07-10,18.48,18.48,17.59,17.60,4300,17.29
2009-07-09,17.85,18.58,17.85,18.58,11200,18.25
2009-07-08,18.08,18.59,17.36,17.60,18000,17.29
2009-07-07,18.44,18.45,18.32,18.34,2300,18.02
2009-07-06,19.50,19.50,18.18,18.44,6000,18.12
2009-07-02,19.59,19.59,19.16,19.27,4200,18.93
2009-07-01,19.70,20.16,19.70,19.96,7100,19.61
2009-06-30,19.60,19.60,19.26,19.60,4000,19.26
2009-06-29,20.09,20.09,19.37,19.37,2800,19.03
2009-06-26,19.94,19.94,19.64,19.64,3200,19.30
2009-06-25,18.65,19.63,18.58,19.63,18800,19.29
2009-06-24,18.64,18.97,18.21,18.25,12100,17.93
2009-06-23,17.73,18.01,17.37,17.94,17100,17.63
2009-06-22,18.71,18.71,18.02,18.23,7300,17.91
2009-06-19,19.28,19.67,19.28,19.50,500,19.16
2009-06-18,19.26,19.40,19.10,19.20,3500,18.86
2009-06-17,19.51,19.51,18.76,18.97,64200,18.64
2009-06-16,20.50,20.70,19.62,19.67,7000,19.33
2009-06-15,21.57,21.57,20.30,20.43,12200,20.07
2009-06-12,22.17,22.21,21.60,21.83,7000,21.45
2009-06-11,22.00,22.56,21.79,22.22,28100,21.83
2009-06-10,21.93,21.93,21.38,21.57,7300,21.19
2009-06-09,21.00,21.57,21.00,21.50,110700,21.12
2009-06-08,21.15,21.15,20.66,20.92,8900,20.55
2009-06-05,21.80,22.23,21.41,21.59,9700,21.21
2009-06-04,20.82,21.33,20.51,21.31,8200,20.94
2009-06-03,21.68,21.68,20.30,20.43,16800,20.07
2009-06-02,22.02,22.16,21.36,21.81,14200,21.43
2009-06-01,21.00,22.32,21.00,22.25,59500,21.86
2009-05-29,20.00,20.73,20.00,20.67,30500,20.31
2009-05-28,19.88,20.00,19.30,19.70,14600,19.36
2009-05-27,19.82,19.88,19.45,19.81,4200,19.46
2009-05-26,19.22,19.87,19.02,19.62,5200,19.28
2009-05-22,19.50,19.50,19.25,19.41,4700,19.07
2009-05-21,20.74,20.74,18.80,18.83,6800,18.50
2009-05-20,19.89,20.72,19.89,19.98,7300,19.63
2009-05-19,18.99,19.95,18.99,19.81,8200,19.46
2009-05-18,18.75,19.10,18.54,18.90,5800,18.57
2009-05-15,18.46,19.16,17.77,17.77,3500,17.46
2009-05-14,18.22,18.54,18.22,18.22,3000,17.90
2009-05-13,19.47,19.47,18.17,18.17,8500,17.85
2009-05-12,19.07,19.30,18.90,19.18,5400,18.84
2009-05-11,18.98,19.07,18.62,19.03,3300,18.70
2009-05-08,19.41,19.70,19.27,19.60,20900,19.26
2009-05-07,21.22,24.22,17.80,18.93,21800,18.60
2009-05-06,19.02,19.43,19.02,19.33,11200,18.99
2009-05-05,18.83,18.83,18.31,18.66,12500,18.33
2009-05-04,18.14,18.51,18.14,18.31,11200,17.99
2009-05-01,16.50,17.14,16.50,17.14,2200,16.84
2009-04-30,16.31,16.49,16.22,16.22,6600,15.94
2009-04-29,15.69,16.13,15.69,16.01,6900,15.73
2009-04-28,15.16,15.16,14.93,14.93,700,14.67
2009-04-27,15.70,15.70,13.84,14.89,39000,14.63
2009-04-24,15.53,15.65,15.13,15.46,1300,15.19
2009-04-23,15.01,15.07,15.01,15.07,200,14.81
2009-04-22,14.75,14.93,12.05,14.61,12800,14.35
2009-04-21,14.28,14.74,14.28,14.59,3000,14.33
2009-04-20,14.45,14.51,14.45,14.45,1300,14.20
2009-04-17,14.72,14.79,14.72,14.79,2200,14.53
2009-04-16,14.95,15.01,14.84,15.01,9900,14.75
2009-04-15,15.25,15.25,14.99,15.03,11400,14.77
2009-04-14,15.01,15.15,14.95,15.08,39300,14.82
2009-04-13,14.37,14.37,14.26,14.30,4100,14.05
2009-04-09,13.60,14.28,13.60,14.26,4500,14.01
2009-04-08,13.60,13.75,13.60,13.75,600,13.51
2009-04-07,13.85,13.89,13.76,13.76,2600,13.52
2009-04-06,13.92,13.92,13.92,13.92,000,13.68
2009-04-03,13.92,13.92,13.92,13.92,300,13.68
2009-04-02,13.50,14.02,13.50,13.93,6200,13.69
2009-04-01,12.30,12.30,12.30,12.30,000,12.08
2009-03-31,12.30,12.30,12.30,12.30,000,12.08
2009-03-30,12.49,12.49,12.26,12.30,5700,12.08
2009-03-27,13.49,13.49,13.30,13.30,1600,13.07
2009-03-26,13.53,13.70,13.53,13.65,1300,13.41
2009-03-25,13.39,13.50,13.18,13.18,700,12.95
2009-03-24,13.75,13.75,13.39,13.63,23100,13.39
2009-03-23,13.46,13.96,13.46,13.94,4500,13.70
2009-03-20,13.21,13.21,12.82,12.82,1300,12.60
2009-03-19,13.00,13.46,13.00,13.46,3000,13.22
2009-03-18,12.53,12.53,12.53,12.53,100,12.31
2009-03-17,12.34,12.35,12.34,12.35,200,12.13
2009-03-16,12.29,12.29,12.11,12.11,800,11.90
2009-03-13,12.00,12.00,12.00,12.00,200,11.79
2009-03-12,11.53,11.53,11.53,11.53,000,11.33
2009-03-11,11.78,12.40,11.39,11.53,1000,11.33
2009-03-10,11.33,11.41,11.33,11.41,1700,11.21
2009-03-09,10.64,10.64,10.64,10.64,3800,10.45
2009-03-06,10.65,10.70,10.65,10.70,1500,10.51
2009-03-05,10.94,10.94,10.79,10.79,1200,10.60
2009-03-04,10.93,11.34,10.93,11.34,1400,11.14
2009-03-03,10.32,10.32,10.32,10.32,000,10.14
2009-03-02,10.79,10.79,10.28,10.32,800,10.14
2009-02-27,11.12,11.18,11.12,11.18,700,10.98
2009-02-26,11.77,11.80,11.42,11.42,1500,11.22
2009-02-25,11.35,11.35,11.35,11.35,100,11.15
2009-02-24,11.42,11.42,11.40,11.40,700,11.20
2009-02-23,11.98,11.98,11.15,11.20,2100,11.00
2009-02-20,11.70,11.70,11.52,11.52,600,11.32
2009-02-19,11.86,11.86,11.86,11.86,000,11.65
2009-02-18,11.84,11.86,11.84,11.86,800,11.65
2009-02-17,12.50,12.50,12.07,12.07,600,11.86
2009-02-13,13.07,13.25,13.07,13.18,300,12.95
2009-02-12,12.79,12.82,12.69,12.82,600,12.60
2009-02-11,13.29,13.29,13.06,13.29,800,13.06
2009-02-10,13.87,13.89,12.88,12.92,2800,12.69
2009-02-09,13.76,13.95,13.46,13.59,16500,13.35
2009-02-06,12.86,13.72,12.86,13.57,2100,13.33
2009-02-05,12.39,12.39,12.39,12.39,500,12.17
2009-02-04,12.37,12.37,12.33,12.33,200,12.11
2009-02-03,12.15,12.32,12.15,12.32,900,12.10
2009-02-02,11.97,12.02,11.88,11.95,1900,11.74
2009-01-30,12.21,12.21,12.01,12.01,200,11.80
2009-01-29,12.75,12.75,12.39,12.39,2200,12.17
2009-01-28,12.75,12.78,12.75,12.78,400,12.56
2009-01-27,12.14,12.73,12.14,12.30,1000,12.08
2009-01-26,11.95,12.32,11.95,12.25,2300,12.04
2009-01-23,11.89,11.89,11.89,11.89,000,11.68
2009-01-22,11.89,11.89,11.89,11.89,500,11.68
2009-01-21,11.52,11.96,11.52,11.96,2600,11.75
2009-01-20,11.86,11.86,11.70,11.80,3100,11.59
2009-01-16,12.27,12.35,11.86,12.12,2400,11.91
2009-01-15,11.80,12.00,11.41,12.00,1400,11.79
2009-01-14,12.04,12.04,11.83,11.83,1300,11.62
2009-01-13,12.18,12.44,12.18,12.44,1100,12.22
2009-01-12,12.93,12.93,12.18,12.22,5900,12.01
2009-01-09,13.41,13.53,13.28,13.30,2500,13.07
2009-01-08,13.50,13.50,13.50,13.50,200,13.26
2009-01-07,14.25,14.25,13.71,13.88,1600,13.64
2009-01-06,14.30,14.65,14.30,14.64,6700,14.38
2009-01-05,13.81,14.24,13.81,14.12,2100,13.87
2009-01-02,12.65,13.40,12.65,13.32,800,13.09
2008-12-31,12.32,12.53,12.32,12.51,3500,12.29
2008-12-30,11.84,11.84,11.84,11.84,200,11.63
2008-12-29,11.44,11.44,11.44,11.44,200,11.24
2008-12-26,11.51,11.51,11.51,11.51,000,11.31
2008-12-24,11.51,11.51,11.48,11.51,1600,11.31
2008-12-23,11.36,11.60,11.36,11.57,1400,11.37
2008-12-22,11.63,11.63,11.13,11.40,3100,11.20
2008-12-19,12.77,12.78,12.50,12.52,4300,12.30
2008-12-18,13.56,13.56,13.21,13.44,1300,12.96
2008-12-17,13.62,13.81,13.56,13.72,900,13.23
2008-12-16,13.03,13.54,13.03,13.53,1100,13.05
2008-12-15,13.44,13.44,12.86,12.86,2700,12.40
2008-12-12,12.39,12.69,12.39,12.69,1100,12.24
2008-12-11,13.89,13.90,13.65,13.65,1200,13.17
2008-12-10,12.90,13.49,12.90,13.47,800,12.99
2008-12-09,12.88,12.90,12.64,12.67,3800,12.22
2008-12-08,12.18,12.19,12.18,12.19,500,11.76
2008-12-05,10.74,10.74,10.74,10.74,200,10.36
2008-12-04,10.65,10.65,10.64,10.64,1000,10.26
2008-12-03,10.73,10.73,10.73,10.73,300,10.35
2008-12-02,11.03,11.46,10.67,11.21,2200,10.81
2008-12-01,12.05,12.05,11.50,11.50,600,11.09
2008-11-28,12.25,12.25,11.76,11.82,2900,11.40
2008-11-26,11.03,12.19,11.03,12.16,8800,11.73
2008-11-25,10.39,10.70,10.30,10.30,6700,9.93
2008-11-24,9.88,9.98,9.88,9.98,2700,9.63
2008-11-21,9.08,9.08,9.08,9.08,100,8.76
2008-11-20,9.04,9.04,9.00,9.00,1700,8.68
2008-11-19,10.33,10.37,9.84,9.84,79300,9.49
2008-11-18,11.00,11.00,10.57,10.57,1100,10.19
2008-11-17,11.48,11.67,11.48,11.61,1800,11.20
2008-11-14,12.02,12.02,11.67,11.67,400,11.26
2008-11-13,11.85,11.85,11.85,11.85,1000,11.43
2008-11-12,12.00,12.00,11.66,11.69,500,11.28
2008-11-11,12.85,12.85,12.85,12.85,400,12.39
2008-11-10,13.06,13.06,13.06,13.06,600,12.60
2008-11-07,12.93,13.05,12.86,12.90,1600,12.44
2008-11-06,13.91,13.91,13.91,13.91,100,13.42
2008-11-05,15.27,15.29,14.62,14.62,2400,14.10
2008-11-04,15.55,15.55,15.16,15.18,800,14.64
2008-11-03,14.58,14.60,14.58,14.60,1100,14.08
2008-10-31,14.18,14.48,14.18,14.48,900,13.97
2008-10-30,13.07,13.96,13.07,13.96,500,13.46
2008-10-29,12.16,13.77,12.16,13.77,2400,13.28
2008-10-28,11.51,11.51,11.10,11.10,800,10.71
2008-10-27,11.74,12.12,11.50,11.50,5800,11.09
2008-10-24,12.12,12.35,11.95,12.35,5300,11.91
2008-10-23,12.93,13.03,12.48,13.03,1700,12.57
2008-10-22,14.80,14.80,13.00,13.00,1000,12.54
2008-10-21,15.78,15.78,15.15,15.15,2500,14.61
2008-10-20,14.77,15.63,14.77,15.63,1300,15.08
2008-10-17,14.10,15.45,14.10,15.28,3900,14.74
2008-10-16,13.68,13.88,13.25,13.50,1400,13.02
2008-10-15,15.52,15.52,14.19,14.54,600,14.02
2008-10-14,16.31,16.41,15.22,15.22,3000,14.68
2008-10-13,16.06,16.06,14.99,15.83,9800,15.27
2008-10-10,13.53,14.16,12.72,14.16,5500,13.66
2008-10-09,15.13,15.30,14.21,14.21,1000,13.71
2008-10-08,14.54,15.34,14.43,15.34,5900,14.80
2008-10-07,17.96,20.20,15.75,15.75,6700,15.19
2008-10-06,17.93,17.93,15.66,16.73,4700,16.14
2008-10-03,19.75,20.89,19.72,19.72,1600,19.02
2008-10-02,19.77,19.80,19.77,19.80,1100,19.10
2008-10-01,21.27,21.27,20.85,21.22,1500,20.47
2008-09-30,20.88,21.47,20.88,21.46,3500,20.70
2008-09-29,22.54,22.54,21.00,21.00,2100,20.25
2008-09-26,24.24,24.24,23.94,23.94,1000,23.09
2008-09-25,27.60,27.60,25.22,25.37,7800,24.47
2008-09-24,26.57,26.60,25.51,25.51,4800,24.60
2008-09-23,26.97,27.08,26.06,26.29,3400,25.36