2011-05-10,27.63,27.70,27.58,27.59,6700,27.59
2011-05-09,27.31,27.62,27.29,27.58,2700,27.58
2011-05-06,27.55,27.55,27.35,27.35,900,27.35
2011-05-05,27.41,27.41,27.27,27.27,1900,27.27
2011-05-04,27.43,27.53,27.43,27.53,400,27.53
2011-05-03,27.79,27.79,27.79,27.79,000,27.79
2011-05-02,27.87,27.87,27.79,27.79,900,27.79
2011-04-29,27.86,27.88,27.79,27.88,1300,27.88
2011-04-28,27.77,27.77,27.70,27.70,700,27.70
2011-04-27,27.64,27.64,27.64,27.64,000,27.64
2011-04-26,27.53,27.70,27.53,27.64,1800,27.64
2011-04-25,27.41,27.41,27.34,27.39,600,27.39
2011-04-21,27.42,27.42,27.29,27.42,300,27.42
2011-04-20,27.01,27.05,27.01,27.05,200,27.05
2011-04-19,26.44,26.51,26.44,26.51,1700,26.51
2011-04-18,26.27,26.27,26.26,26.26,200,26.26
2011-04-15,26.56,26.56,26.56,26.56,000,26.56
2011-04-14,26.50,26.56,26.50,26.56,700,26.56
2011-04-13,26.55,26.55,26.52,26.52,700,26.52
2011-04-12,26.43,26.56,26.43,26.56,800,26.56
2011-04-11,27.01,27.01,26.99,26.99,700,26.99
2011-04-08,26.98,26.98,26.98,26.98,000,26.98
2011-04-07,26.88,26.98,26.88,26.98,1300,26.98
2011-04-06,26.89,26.89,26.89,26.89,000,26.89
2011-04-05,26.89,26.89,26.89,26.89,200,26.89
2011-04-04,25.90,26.79,25.90,26.65,800,26.65
2011-04-01,26.74,26.74,26.74,26.74,000,26.74
2011-03-31,26.83,26.83,26.72,26.74,2600,26.74
2011-03-30,26.80,26.84,26.80,26.84,500,26.84
2011-03-29,26.43,26.43,26.43,26.43,100,26.43
2011-03-28,26.56,26.63,26.56,26.56,900,26.56
2011-03-25,26.57,26.68,26.57,26.68,3200,26.68
2011-03-24,26.02,26.02,26.02,26.02,000,26.02
2011-03-23,26.02,26.02,26.02,26.02,000,26.02
2011-03-22,26.02,26.02,26.02,26.02,000,26.02
2011-03-21,26.19,26.19,26.02,26.02,600,26.02
2011-03-18,25.77,25.77,25.77,25.77,000,25.77
2011-03-17,25.73,25.77,25.73,25.77,3200,25.72
2011-03-16,25.55,25.56,25.20,25.44,2300,25.39
2011-03-15,24.79,25.98,24.52,25.98,2900,25.93
2011-03-14,26.07,26.07,26.07,26.07,100,26.02
2011-03-11,26.14,26.14,26.14,26.14,000,26.09
2011-03-10,26.19,26.19,26.14,26.14,1800,26.09
2011-03-09,26.58,26.61,26.56,26.61,1100,26.56
2011-03-08,26.70,26.70,26.69,26.69,1400,26.64
2011-03-07,26.64,26.64,26.64,26.64,000,26.59
2011-03-04,26.59,26.64,26.59,26.64,400,26.59
2011-03-03,26.86,26.90,26.86,26.90,300,26.85
2011-03-02,27.40,27.40,26.36,26.36,2600,26.31
2011-03-01,26.63,26.63,26.49,26.52,2300,26.47
2011-02-28,26.60,26.65,26.56,26.65,1400,26.60
2011-02-25,26.38,26.45,26.37,26.37,1800,26.32
2011-02-24,26.33,26.33,26.16,26.31,3800,26.26
2011-02-23,26.39,26.46,25.45,26.39,4600,26.34
2011-02-22,26.30,26.45,26.30,26.43,700,26.38
2011-02-18,26.72,26.72,26.72,26.72,000,26.67
2011-02-17,26.72,26.72,26.72,26.72,100,26.67
2011-02-16,26.70,26.70,26.70,26.70,500,26.65
2011-02-15,26.57,26.57,26.57,26.57,000,26.52
2011-02-14,26.48,26.57,26.48,26.57,400,26.52
2011-02-11,26.45,26.45,26.37,26.37,800,26.32
2011-02-10,26.34,26.39,26.34,26.38,57700,26.33
2011-02-09,26.17,26.17,26.17,26.17,000,26.12
2011-02-08,26.17,26.17,26.17,26.17,000,26.12
2011-02-07,26.17,26.17,26.17,26.17,000,26.12
2011-02-04,26.15,26.17,26.15,26.17,1700,26.12
2011-02-03,25.88,26.06,25.85,26.06,600,26.01
2011-02-02,25.96,26.10,25.96,26.10,1300,26.05
2011-02-01,25.99,25.99,25.99,25.99,000,25.94
2011-01-31,25.99,25.99,25.99,25.99,200,25.94
2011-01-28,25.66,25.66,25.66,25.66,200,25.61
2011-01-27,26.04,26.27,26.04,26.27,1200,26.22
2011-01-26,26.06,26.16,26.06,26.16,800,26.11
2011-01-25,25.78,25.96,25.77,25.96,800,25.91
2011-01-24,25.70,25.82,25.70,25.82,1200,25.77
2011-01-21,25.66,25.66,25.66,25.66,000,25.61
2011-01-20,25.64,25.66,25.00,25.66,8200,25.61
2011-01-19,25.90,25.90,25.83,25.83,800,25.78
2011-01-18,25.77,25.83,25.77,25.83,700,25.78
2011-01-14,25.80,25.82,25.80,25.82,1200,25.77
2011-01-13,25.68,25.68,25.68,25.68,700,25.63
2011-01-12,25.77,25.78,25.77,25.77,2000,25.72
2011-01-11,25.44,25.44,25.44,25.44,000,25.39
2011-01-10,25.44,25.44,25.44,25.44,000,25.39
2011-01-07,25.44,25.44,25.44,25.44,200,25.39
2011-01-06,25.44,25.44,25.44,25.44,000,25.39
2011-01-05,25.44,25.44,25.44,25.44,400,25.39
2011-01-04,25.20,25.27,25.20,25.27,4700,25.22
2011-01-03,25.10,25.19,25.10,25.19,1600,25.14
2010-12-31,24.90,24.90,24.90,24.90,000,24.85
2010-12-30,25.05,25.05,24.87,24.90,10600,24.85
2010-12-29,24.97,24.97,24.97,24.97,000,24.92
2010-12-28,24.97,24.97,24.97,24.97,200,24.92
2010-12-27,24.96,24.97,24.96,24.96,1100,24.91
2010-12-23,24.97,25.00,24.97,25.00,500,24.95
2010-12-22,24.99,24.99,24.96,24.96,500,24.91
2010-12-21,24.96,24.96,24.96,24.96,200,24.91
2010-12-20,24.73,24.73,24.66,24.66,400,24.61
2010-12-17,25.04,25.04,25.04,25.04,000,24.99
2010-12-16,25.04,25.04,25.04,25.04,200,24.72
2010-12-15,25.06,25.06,25.06,25.06,000,24.74
2010-12-14,25.06,25.06,25.06,25.06,200,24.74
2010-12-13,24.91,24.91,24.91,24.91,000,24.59
2010-12-10,24.91,24.91,24.91,24.91,6300,24.59
2010-12-09,24.27,24.27,24.27,24.27,000,23.96
2010-12-08,24.27,24.27,24.27,24.27,000,23.96
2010-12-07,24.27,24.27,24.27,24.27,000,23.96
2010-12-06,24.27,24.27,24.27,24.27,000,23.96
2010-12-03,24.27,24.27,24.27,24.27,000,23.96
2010-12-02,24.27,24.27,24.27,24.27,000,23.96
2010-12-01,24.27,24.27,24.27,24.27,1400,23.96
2010-11-30,23.89,23.90,23.89,23.90,700,23.59
2010-11-29,23.70,23.70,23.70,23.70,400,23.40
2010-11-26,24.07,24.07,24.07,24.07,000,23.76
2010-11-24,24.12,24.12,24.07,24.07,1000,23.76
2010-11-23,23.83,23.83,23.83,23.83,200,23.52
2010-11-22,24.12,24.12,24.12,24.12,300,23.81
2010-11-19,24.05,24.05,24.05,24.05,000,23.74
2010-11-18,24.02,24.05,24.02,24.05,800,23.74
2010-11-17,23.92,23.92,23.92,23.92,000,23.61
2010-11-16,24.16,24.16,23.92,23.92,800,23.61
2010-11-15,24.51,24.51,24.51,24.51,000,24.20
2010-11-12,24.51,24.51,24.51,24.51,000,24.20
2010-11-11,24.51,24.51,24.51,24.51,100,24.20
2010-11-10,24.18,24.62,24.18,24.62,1000,24.30
2010-11-09,24.59,24.59,24.59,24.59,400,24.27
2010-11-08,24.62,24.62,24.62,24.62,000,24.30
2010-11-05,24.62,24.62,24.62,24.62,500,24.30
2010-11-04,24.45,24.57,24.43,24.57,1200,24.26
2010-11-03,24.03,24.03,24.03,24.03,000,23.72
2010-11-02,23.90,24.03,23.88,24.03,3300,23.72
2010-11-01,23.93,23.93,23.93,23.93,300,23.62
2010-10-29,23.54,23.54,23.54,23.54,000,23.24
2010-10-28,23.54,23.54,23.54,23.54,000,23.24
2010-10-27,23.48,23.54,23.48,23.54,700,23.24
2010-10-26,23.77,23.77,23.77,23.77,000,23.47
2010-10-25,23.81,23.81,23.77,23.77,500,23.47
2010-10-22,23.63,23.63,23.63,23.63,000,23.33
2010-10-21,23.63,23.63,23.63,23.63,000,23.33
2010-10-20,23.63,23.63,23.63,23.63,400,23.33
2010-10-19,23.75,23.75,23.75,23.75,000,23.45
2010-10-18,23.71,23.75,23.71,23.75,500,23.45
2010-10-15,23.64,23.64,23.64,23.64,000,23.34
2010-10-14,23.64,23.64,23.64,23.64,000,23.34
2010-10-13,23.64,23.66,23.64,23.64,400,23.34
2010-10-12,23.35,23.35,23.35,23.35,000,23.05
2010-10-11,23.35,23.35,23.35,23.35,300,23.05
2010-10-08,23.23,23.23,23.23,23.23,800,22.93
2010-10-07,23.29,23.29,23.13,23.13,600,22.83
2010-10-06,23.09,23.09,23.09,23.09,000,22.79
2010-10-05,22.91,23.09,22.91,23.09,800,22.79
2010-10-04,22.97,22.97,22.97,22.97,000,22.68
2010-10-01,22.93,22.97,22.87,22.97,1600,22.68
2010-09-30,22.82,22.94,22.82,22.91,4300,22.62
2010-09-29,22.94,22.94,22.94,22.94,000,22.65
2010-09-28,22.94,22.94,22.94,22.94,000,22.65
2010-09-27,22.93,23.00,22.93,22.94,900,22.65
2010-09-24,22.30,22.30,22.30,22.30,000,22.01
2010-09-23,22.30,22.30,22.30,22.30,000,22.01
2010-09-22,22.30,22.30,22.30,22.30,000,22.01
2010-09-21,22.30,22.30,22.30,22.30,000,22.01
2010-09-20,22.30,22.30,22.30,22.30,000,22.01
2010-09-17,22.30,22.30,22.30,22.30,000,22.01
2010-09-16,22.30,22.30,22.30,22.30,000,22.01
2010-09-15,22.30,22.30,22.30,22.30,000,22.01
2010-09-14,22.30,22.30,22.30,22.30,300,22.01
2010-09-13,22.31,22.31,22.29,22.29,600,22.00
2010-09-10,21.78,21.78,21.78,21.78,000,21.50
2010-09-09,21.78,21.78,21.78,21.78,000,21.50
2010-09-08,21.78,21.78,21.78,21.78,000,21.50
2010-09-07,21.99,21.99,21.78,21.78,1000,21.50
2010-09-03,22.08,22.08,22.08,22.08,100,21.80
2010-09-02,21.75,21.75,21.75,21.75,100,21.47
2010-09-01,21.15,21.15,21.15,21.15,000,20.88
2010-08-31,21.15,21.15,21.15,21.15,200,20.88
2010-08-30,21.15,21.15,21.15,21.15,000,20.88
2010-08-27,21.15,21.15,21.15,21.15,000,20.88
2010-08-26,21.15,21.15,21.15,21.15,300,20.88
2010-08-25,20.89,21.15,20.89,21.15,700,20.88
2010-08-24,21.50,21.50,21.50,21.50,000,21.22
2010-08-23,21.50,21.50,21.50,21.50,200,21.22
2010-08-20,22.06,22.06,22.06,22.06,000,21.78
2010-08-19,22.06,22.06,22.06,22.06,000,21.78
2010-08-18,22.06,22.06,22.06,22.06,000,21.78
2010-08-17,21.97,22.06,21.97,22.06,2000,21.78
2010-08-16,21.86,21.86,21.86,21.86,000,21.58
2010-08-13,21.88,21.88,21.86,21.86,1400,21.58
2010-08-12,21.78,21.96,21.78,21.83,800,21.55
2010-08-11,22.36,22.36,22.04,22.04,900,21.76
2010-08-10,22.69,22.69,22.69,22.69,200,22.40
2010-08-09,22.47,22.47,22.47,22.47,000,22.18
2010-08-06,22.59,22.65,22.47,22.47,1200,22.18
2010-08-05,22.60,22.60,22.60,22.60,000,22.31
2010-08-04,22.60,22.60,22.60,22.60,000,22.31
2010-08-03,22.60,22.60,22.60,22.60,000,22.31
2010-08-02,22.60,22.60,22.60,22.60,1100,22.31
2010-07-30,22.14,22.14,22.14,22.14,100,21.86
2010-07-29,22.42,22.42,22.42,22.42,000,22.13
2010-07-28,22.42,22.42,22.42,22.42,000,22.13
2010-07-27,22.42,22.42,22.42,22.42,300,22.13
2010-07-26,22.15,22.15,22.15,22.15,1000,21.87
2010-07-23,21.97,22.06,21.97,22.06,400,21.78
2010-07-22,21.62,21.62,21.62,21.62,000,21.34
2010-07-21,21.62,21.62,21.62,21.62,000,21.34
2010-07-20,21.35,21.62,21.35,21.62,2900,21.34
2010-07-19,21.46,21.46,21.46,21.46,000,21.18
2010-07-16,21.59,21.59,21.46,21.46,16300,21.18
2010-07-15,21.92,21.92,21.92,21.92,100,21.64
2010-07-14,21.97,22.01,21.97,22.01,700,21.73
2010-07-13,20.67,20.67,20.67,20.67,000,20.41
2010-07-12,20.67,20.67,20.67,20.67,000,20.41
2010-07-09,20.67,20.67,20.67,20.67,000,20.41
2010-07-08,20.67,20.67,20.67,20.67,000,20.41
2010-07-07,20.64,20.67,20.64,20.67,400,20.41
2010-07-06,20.85,20.86,20.51,20.51,2400,20.25
2010-07-02,20.53,20.53,20.53,20.53,000,20.27
2010-07-01,20.53,20.53,20.53,20.53,300,20.27
2010-06-30,20.91,20.92,20.89,20.92,700,20.65
2010-06-29,21.04,21.04,20.07,20.72,18700,20.45
2010-06-28,21.55,21.57,21.50,21.50,1300,21.22
2010-06-25,21.67,21.67,21.44,21.65,900,21.37
2010-06-24,22.29,22.29,22.29,22.29,000,22.00
2010-06-23,22.29,22.29,22.29,22.29,000,22.00
2010-06-22,22.29,22.29,22.29,22.29,000,22.00
2010-06-21,22.69,22.69,22.29,22.29,1000,22.00
2010-06-18,22.45,22.45,22.45,22.45,400,22.16
2010-06-17,22.24,22.24,22.24,22.24,1500,21.95
2010-06-16,22.32,22.32,22.32,22.32,300,22.03
2010-06-15,22.09,22.19,22.09,22.19,700,21.91
2010-06-14,22.16,22.16,22.12,22.12,800,21.84
2010-06-11,21.80,21.80,21.80,21.80,300,21.52
2010-06-10,21.22,21.22,21.22,21.22,000,20.95
2010-06-09,21.22,21.22,21.22,21.22,000,20.95
2010-06-08,21.21,21.22,21.21,21.22,600,20.95
2010-06-07,21.78,21.78,21.78,21.78,000,21.50
2010-06-04,21.78,21.78,21.78,21.78,000,21.50
2010-06-03,21.78,21.78,21.78,21.78,000,21.50
2010-06-02,21.78,21.78,21.78,21.78,000,21.50
2010-06-01,21.78,21.78,21.78,21.78,3000,21.50
2010-05-28,21.85,21.85,21.85,21.85,000,21.57
2010-05-27,21.85,21.85,21.85,21.85,300,21.57
2010-05-26,21.59,21.59,21.34,21.34,400,21.07
2010-05-25,21.06,21.21,21.06,21.12,1000,20.85
2010-05-24,21.52,21.52,21.52,21.52,1300,21.24
2010-05-21,21.07,21.56,21.07,21.56,2800,21.28
2010-05-20,21.90,21.90,21.90,21.90,1100,21.62
2010-05-19,22.22,22.23,22.22,22.23,300,21.95
2010-05-18,22.54,22.54,22.37,22.38,1700,22.09
2010-05-17,22.96,22.96,22.33,22.39,700,22.10
2010-05-14,23.50,23.50,23.50,23.50,000,23.20
2010-05-13,23.50,23.50,23.50,23.50,000,23.20
2010-05-12,23.38,23.50,23.38,23.50,900,23.20
2010-05-11,23.25,23.44,23.22,23.44,1400,23.14
2010-05-10,22.19,22.19,22.19,22.19,000,21.91
2010-05-07,22.14,22.53,22.14,22.19,2300,21.91
2010-05-06,17.91,22.63,17.85,22.63,2200,22.34
2010-05-05,23.31,23.31,23.31,23.31,500,23.01
2010-05-04,23.90,23.90,23.50,23.50,5400,23.20
2010-05-03,24.14,24.14,24.14,24.14,500,23.83
2010-04-30,24.17,24.17,23.97,23.97,1900,23.66
2010-04-29,23.95,23.95,23.95,23.95,000,23.64
2010-04-28,23.95,23.95,23.95,23.95,3000,23.64
2010-04-27,24.22,24.22,24.22,24.22,3000,23.91
2010-04-26,24.44,24.44,24.44,24.44,400,24.13
2010-04-23,24.47,24.52,24.47,24.52,3300,24.21
2010-04-22,24.39,24.41,24.39,24.41,300,24.10
2010-04-21,24.40,24.40,24.31,24.31,700,24.00
2010-04-20,24.47,24.47,24.35,24.40,1700,24.09
2010-04-19,24.06,24.24,24.06,24.24,400,23.93
2010-04-16,24.33,24.36,24.18,24.18,3600,23.87
2010-04-15,24.50,24.57,24.50,24.57,1700,24.26
2010-04-14,24.49,24.49,24.49,24.49,300,24.18
2010-04-13,24.03,24.16,24.03,24.16,500,23.85
2010-04-12,24.14,24.14,24.14,24.14,400,23.83
2010-04-09,23.85,23.85,23.85,23.85,000,23.54
2010-04-08,23.85,23.85,23.85,23.85,000,23.54
2010-04-07,23.85,23.85,23.85,23.85,700,23.54
2010-04-06,23.84,23.93,23.84,23.93,1600,23.62
2010-04-05,23.72,23.93,23.72,23.93,2400,23.62
2010-04-01,23.66,23.81,23.66,23.71,26100,23.41
2010-03-31,23.70,23.70,23.70,23.70,000,23.40
2010-03-30,23.70,23.70,23.70,23.70,000,23.40
2010-03-29,23.70,23.70,23.70,23.70,300,23.40
2010-03-26,23.69,23.69,23.66,23.66,600,23.36
2010-03-25,23.81,23.81,23.81,23.81,200,23.50
2010-03-24,23.77,23.77,23.77,23.77,000,23.47
2010-03-23,23.74,23.77,23.74,23.77,400,23.47
2010-03-22,23.75,23.75,23.75,23.75,600,23.45
2010-03-19,23.23,23.23,23.23,23.23,000,22.93
2010-03-18,23.23,23.23,23.23,23.23,000,22.91
2010-03-17,23.23,23.23,23.23,23.23,000,22.91
2010-03-16,23.23,23.23,23.23,23.23,000,22.91
2010-03-15,23.18,23.23,23.18,23.23,200,22.91
2010-03-12,23.39,23.39,23.38,23.38,300,23.06
2010-03-11,23.16,23.16,23.16,23.16,000,22.84
2010-03-10,23.16,23.16,23.16,23.16,000,22.84
2010-03-09,23.18,23.18,23.16,23.16,1200,22.84
2010-03-08,23.18,23.19,23.16,23.19,1800,22.87
2010-03-05,23.00,23.16,22.99,23.16,800,22.84
2010-03-04,22.80,22.80,22.80,22.80,000,22.48
2010-03-03,22.86,22.89,22.80,22.80,1000,22.48
2010-03-02,22.87,22.88,22.81,22.86,600,22.54
2010-03-01,22.63,22.82,22.63,22.82,500,22.50
2010-02-26,22.57,22.57,22.53,22.55,1500,22.24
2010-02-25,22.46,22.46,22.46,22.46,300,22.15
2010-02-24,22.60,22.60,22.58,22.58,300,22.27
2010-02-23,22.43,22.43,22.30,22.30,900,21.99
2010-02-22,22.52,22.52,22.52,22.52,500,22.21
2010-02-19,22.49,22.49,22.49,22.49,000,22.18
2010-02-18,22.49,22.49,22.49,22.49,000,22.18
2010-02-17,22.44,22.51,22.44,22.49,1400,22.18
2010-02-16,22.33,22.49,22.29,22.49,1200,22.18
2010-02-12,21.98,21.98,21.98,21.98,000,21.68
2010-02-11,21.98,21.98,21.98,21.98,000,21.68
2010-02-10,22.04,22.04,21.98,21.98,2500,21.68
2010-02-09,22.08,22.08,22.08,22.08,600,21.77
2010-02-08,21.85,21.85,21.85,21.85,100,21.55
2010-02-05,21.89,21.89,21.89,21.89,000,21.59
2010-02-04,21.89,21.89,21.89,21.89,400,21.59
2010-02-03,22.41,22.43,22.41,22.41,800,22.10
2010-02-02,22.50,22.50,22.50,22.50,400,22.19
2010-02-01,22.10,22.18,22.10,22.18,900,21.87
2010-01-29,22.15,22.15,22.05,22.05,1300,21.74
2010-01-28,22.07,22.16,21.98,22.16,2300,21.85
2010-01-27,22.26,22.34,22.10,22.34,1600,22.03
2010-01-26,22.45,22.45,22.45,22.45,200,22.14
2010-01-25,22.46,22.46,22.27,22.34,1500,22.03
2010-01-22,22.68,22.68,22.50,22.50,1500,22.19
2010-01-21,23.08,23.08,23.08,23.08,000,22.76
2010-01-20,23.12,23.12,23.08,23.08,1500,22.76
2010-01-19,23.21,23.48,23.21,23.48,900,23.16
2010-01-15,23.32,23.32,23.32,23.32,000,23.00
2010-01-14,23.25,23.32,23.25,23.32,2200,23.00
2010-01-13,23.13,23.23,23.05,23.16,5300,22.84
2010-01-12,23.23,23.23,23.06,23.07,4600,22.75
2010-01-11,23.37,23.37,23.36,23.36,300,23.04
2010-01-08,23.19,23.28,23.19,23.28,1200,22.96
2010-01-07,23.13,23.26,23.13,23.22,700,22.90
2010-01-06,23.16,23.19,23.13,23.13,6400,22.81
2010-01-05,23.15,23.15,23.05,23.08,900,22.76
2010-01-04,23.02,23.07,23.02,23.07,500,22.75
2009-12-31,22.85,22.91,22.00,22.83,7900,22.51
2009-12-30,22.82,22.90,22.82,22.85,4100,22.53
2009-12-29,22.95,22.95,22.88,22.88,600,22.56
2009-12-28,22.87,22.87,22.87,22.87,100,22.55
2009-12-24,22.80,22.80,22.80,22.80,100,22.48
2009-12-23,22.79,22.79,22.77,22.77,1500,22.45
2009-12-22,22.80,22.81,22.80,22.81,400,22.49
2009-12-21,22.34,22.34,22.34,22.34,000,22.03
2009-12-18,22.52,22.52,22.32,22.34,1000,22.03
2009-12-17,22.60,22.60,22.54,22.54,1200,22.07
2009-12-16,22.92,22.92,22.92,22.92,400,22.45
2009-12-15,22.75,22.75,22.72,22.72,1400,22.25
2009-12-14,22.69,22.69,22.69,22.69,500,22.22
2009-12-11,22.69,22.69,22.67,22.67,1700,22.20
2009-12-10,22.43,22.43,22.43,22.43,000,21.97
2009-12-09,22.33,22.43,22.32,22.43,1700,21.97
2009-12-08,22.32,22.34,22.32,22.32,1700,21.86
2009-12-07,22.65,22.65,22.65,22.65,100,22.18
2009-12-04,22.58,22.62,22.58,22.62,2600,22.15
2009-12-03,22.87,22.87,22.75,22.76,1400,22.29
2009-12-02,22.89,22.89,22.89,22.89,000,22.42
2009-12-01,22.92,22.92,22.86,22.89,1400,22.42
2009-11-30,22.59,22.63,22.48,22.63,4300,22.16
2009-11-27,22.64,22.64,22.60,22.60,600,22.13
2009-11-25,22.92,22.92,22.92,22.92,200,22.45
2009-11-24,22.81,22.89,22.79,22.88,1800,22.41
2009-11-23,22.78,22.78,22.78,22.78,200,22.31
2009-11-20,22.46,22.46,22.46,22.46,1000,22.00
2009-11-19,22.48,22.48,22.48,22.48,4600,22.02
2009-11-18,22.76,22.82,22.76,22.82,2200,22.35
2009-11-17,22.77,22.79,22.69,22.79,4100,22.32
2009-11-16,22.69,22.83,22.69,22.76,2700,22.29
2009-11-13,22.32,22.35,22.31,22.35,13200,21.89
2009-11-12,22.26,22.27,22.25,22.27,1800,21.81
2009-11-11,22.45,22.49,22.45,22.48,400,22.02
2009-11-10,22.29,22.37,22.29,22.37,1800,21.91
2009-11-09,22.22,22.28,22.22,22.27,1600,21.81
2009-11-06,21.77,21.77,21.75,21.75,2000,21.30
2009-11-05,21.51,21.51,21.51,21.51,000,21.07
2009-11-04,21.50,21.51,21.50,21.51,3400,21.07
2009-11-03,21.24,21.24,21.24,21.24,200,20.80
2009-11-02,21.57,21.57,21.12,21.15,19600,20.71
2009-10-30,21.50,21.54,20.98,20.98,5800,20.55
2009-10-29,21.51,21.51,21.51,21.51,300,21.07
2009-10-28,21.48,21.48,21.15,21.15,4900,20.71
2009-10-27,21.54,21.54,21.54,21.54,000,21.09
2009-10-26,21.80,21.80,21.54,21.54,3300,21.09
2009-10-23,21.69,21.69,21.69,21.69,400,21.24
2009-10-22,21.87,21.87,21.87,21.87,000,21.42
2009-10-21,21.87,21.87,21.87,21.87,000,21.42
2009-10-20,21.87,21.87,21.87,21.87,400,21.42
2009-10-19,21.88,22.07,21.88,22.07,1500,21.61
2009-10-16,21.79,21.79,21.79,21.79,200,21.34
2009-10-15,21.82,22.01,21.82,21.99,1200,21.54
2009-10-14,21.87,21.87,21.87,21.87,300,21.42
2009-10-13,21.41,21.41,21.41,21.41,000,20.97
2009-10-12,21.41,21.41,21.41,21.41,000,20.97
2009-10-09,21.41,21.41,21.41,21.41,000,20.97
2009-10-08,21.41,21.41,21.41,21.41,800,20.97
2009-10-07,21.25,21.25,21.25,21.25,100,20.81
2009-10-06,21.36,21.36,21.35,21.35,1100,20.91
2009-10-05,20.99,21.01,20.99,21.01,800,20.58
2009-10-02,21.04,21.04,21.04,21.04,000,20.61
2009-10-01,21.29,21.30,20.97,21.04,2500,20.61
2009-09-30,21.51,21.51,21.51,21.51,000,21.07
2009-09-29,21.65,21.65,21.51,21.51,3400,21.07
2009-09-28,21.22,21.22,21.22,21.22,000,20.78
2009-09-25,21.21,21.22,21.21,21.22,11300,20.78
2009-09-24,21.47,21.48,21.47,21.48,300,21.04
2009-09-23,21.72,21.72,21.72,21.72,300,21.27
2009-09-22,21.80,21.80,21.80,21.80,4000,21.35
2009-09-21,21.81,21.81,21.80,21.80,800,21.35
2009-09-18,21.82,21.82,21.82,21.82,400,21.37
2009-09-17,21.82,21.85,21.82,21.85,600,21.40
2009-09-16,21.59,21.76,21.59,21.76,500,21.31
2009-09-15,21.51,21.58,21.51,21.58,8200,21.13
2009-09-14,21.39,21.39,21.39,21.39,000,20.95
2009-09-11,21.39,21.39,21.39,21.39,000,20.95
2009-09-10,21.30,21.39,21.30,21.39,400,20.95
2009-09-09,21.18,21.18,21.18,21.18,000,20.74
2009-09-08,21.21,21.21,21.18,21.18,11900,20.74
2009-09-04,20.65,20.65,20.65,20.65,000,20.22
2009-09-03,20.65,20.65,20.65,20.65,000,20.22
2009-09-02,20.65,20.65,20.65,20.65,100,20.22
2009-09-01,20.63,20.63,20.63,20.63,100,20.20
2009-08-31,20.98,20.98,20.97,20.97,2300,20.54
2009-08-28,21.21,21.21,21.21,21.21,000,20.77
2009-08-27,21.21,21.21,21.21,21.21,000,20.77
2009-08-26,21.21,21.21,21.21,21.21,200,20.77
2009-08-25,21.38,21.38,21.38,21.38,7000,20.94
2009-08-24,21.20,21.20,21.20,21.20,1200,20.76
2009-08-21,20.65,20.65,20.65,20.65,000,20.22
2009-08-20,20.65,20.65,20.65,20.65,000,20.22
2009-08-19,20.65,20.65,20.65,20.65,500,20.22
2009-08-18,20.47,20.54,20.43,20.47,5600,20.05
2009-08-17,20.28,20.28,20.28,20.28,1700,19.86
2009-08-14,20.61,20.61,20.61,20.61,300,20.18
2009-08-13,20.84,20.84,20.84,20.84,300,20.41
2009-08-12,20.45,20.83,20.45,20.83,5600,20.40
2009-08-11,20.51,20.60,20.50,20.58,4300,20.15
2009-08-10,20.63,20.63,20.63,20.63,300,20.20
2009-08-07,20.67,20.81,20.64,20.73,2200,20.30
2009-08-06,20.61,20.61,20.61,20.61,000,20.18
2009-08-05,20.57,20.61,20.57,20.61,2900,20.18
2009-08-04,20.80,20.80,20.75,20.75,700,20.32
2009-08-03,20.66,20.72,20.58,20.70,1400,20.27
2009-07-31,20.59,20.59,20.57,20.59,800,20.16
2009-07-30,20.47,20.47,20.47,20.47,000,20.05
2009-07-29,20.52,20.52,20.47,20.47,3300,20.05
2009-07-28,20.46,20.46,20.46,20.46,000,20.04
2009-07-27,20.51,20.65,20.46,20.46,600,20.04
2009-07-24,20.46,20.46,20.46,20.46,000,20.04
2009-07-23,20.46,20.46,20.46,20.46,600,20.04
2009-07-22,20.07,20.07,20.07,20.07,300,19.66
2009-07-21,19.89,19.89,19.89,19.89,600,19.48
2009-07-20,19.79,19.79,19.79,19.79,1000,19.38
2009-07-17,19.45,19.58,19.45,19.57,1000,19.17
2009-07-16,19.42,19.42,19.42,19.42,300,19.02
2009-07-15,19.17,19.17,19.17,19.17,300,18.77
2009-07-14,18.71,18.71,18.71,18.71,000,18.32
2009-07-13,18.32,18.73,18.32,18.71,1200,18.32
2009-07-10,18.49,18.49,18.49,18.49,000,18.11
2009-07-09,18.46,18.51,18.46,18.49,3600,18.11
2009-07-08,18.37,18.43,18.33,18.43,600,18.05
2009-07-07,18.45,18.45,18.45,18.45,200,18.07
2009-07-06,18.50,18.50,18.50,18.50,200,18.12
2009-07-02,19.13,19.13,19.13,19.13,000,18.73
2009-07-01,19.13,19.13,19.13,19.13,000,18.73
2009-06-30,18.96,19.13,18.96,19.13,1100,18.73
2009-06-29,19.25,19.25,19.25,19.25,100,18.85
2009-06-26,19.12,19.12,19.12,19.12,000,18.72
2009-06-25,18.59,19.14,18.59,19.12,3600,18.72
2009-06-24,18.04,18.84,18.04,18.80,3100,18.41
2009-06-23,18.68,18.68,18.68,18.68,300,18.29
2009-06-22,18.72,18.72,18.65,18.66,1300,18.27
2009-06-19,19.36,19.36,19.20,19.20,2200,18.80
2009-06-18,19.27,19.27,19.16,19.16,300,18.71
2009-06-17,19.22,19.22,19.10,19.12,2900,18.67
2009-06-16,19.14,19.14,19.14,19.14,000,18.69
2009-06-15,19.12,19.14,19.12,19.14,700,18.69
2009-06-12,19.47,19.56,19.47,19.56,3400,19.10
2009-06-11,19.61,19.64,19.61,19.64,5500,19.18
2009-06-10,19.47,19.47,19.47,19.47,000,19.01
2009-06-09,19.51,19.52,19.47,19.47,800,19.01
2009-06-08,19.33,19.36,19.21,19.36,8600,18.90
2009-06-05,19.47,19.47,19.47,19.47,300,19.01
2009-06-04,19.36,19.36,19.36,19.36,000,18.90
2009-06-03,19.57,19.57,19.36,19.36,1300,18.90
2009-06-02,19.68,19.77,19.68,19.77,800,19.30
2009-06-01,19.49,19.49,19.49,19.49,300,19.03
2009-05-29,18.92,18.92,18.86,18.86,800,18.42
2009-05-28,18.87,18.97,18.87,18.96,1600,18.51
2009-05-27,19.00,19.00,18.57,18.57,3100,18.13
2009-05-26,18.87,18.87,18.85,18.85,200,18.41
2009-05-22,18.53,18.53,18.53,18.53,000,18.09
2009-05-21,18.50,18.53,18.39,18.53,1200,18.09
2009-05-20,19.20,19.20,18.82,18.82,1200,18.38
2009-05-19,19.02,19.02,19.00,19.00,2200,18.55
2009-05-18,18.76,18.84,18.76,18.78,3800,18.34
2009-05-15,18.66,18.66,18.41,18.41,500,17.98
2009-05-14,18.57,18.73,18.57,18.73,1100,18.29
2009-05-13,18.54,18.54,18.54,18.54,500,18.10
2009-05-12,18.69,18.69,18.69,18.69,000,18.25
2009-05-11,18.68,18.83,18.68,18.69,700,18.25
2009-05-08,18.80,19.03,18.80,19.03,400,18.58
2009-05-07,18.68,18.68,18.68,18.68,500,18.24
2009-05-06,18.64,18.87,18.64,18.87,1700,18.43
2009-05-05,18.76,18.76,18.72,18.72,600,18.28
2009-05-04,18.67,18.67,18.59,18.59,900,18.15
2009-05-01,18.13,18.13,18.13,18.13,000,17.70
2009-04-30,18.54,18.54,18.13,18.13,700,17.70
2009-04-29,18.13,18.25,18.13,18.25,10200,17.82
2009-04-28,17.88,17.88,17.88,17.88,000,17.46
2009-04-27,17.88,17.88,17.88,17.88,400,17.46
2009-04-24,17.91,17.94,17.91,17.94,200,17.52
2009-04-23,17.60,17.60,17.60,17.60,200,17.19
2009-04-22,17.83,17.83,17.76,17.81,900,17.39
2009-04-21,17.20,17.20,17.13,17.13,400,16.73
2009-04-20,17.46,17.46,17.30,17.30,1400,16.89
2009-04-17,17.96,17.96,17.96,17.96,000,17.54
2009-04-16,17.69,17.98,17.69,17.96,1900,17.54
2009-04-15,17.34,17.62,17.31,17.60,3900,17.19
2009-04-14,17.57,17.57,17.57,17.57,300,17.16
2009-04-13,17.63,17.86,17.61,17.86,1300,17.44
2009-04-09,17.64,17.64,17.64,17.64,100,17.22
2009-04-08,17.15,17.15,17.15,17.15,000,16.75
2009-04-07,17.23,17.23,17.15,17.15,1300,16.75
2009-04-06,17.37,17.37,17.37,17.37,200,16.96
2009-04-03,17.33,17.40,17.33,17.40,600,16.99
2009-04-02,17.19,17.59,17.19,17.32,3500,16.91
2009-04-01,16.78,16.78,16.78,16.78,000,16.38
2009-03-31,16.70,16.78,16.70,16.78,1500,16.38
2009-03-30,16.43,16.43,16.43,16.43,200,16.04
2009-03-27,17.14,17.14,16.98,16.98,1200,16.58
2009-03-26,17.17,17.17,17.17,17.17,100,16.77
2009-03-25,17.07,17.07,17.07,17.07,000,16.67
2009-03-24,16.81,17.07,16.81,17.07,400,16.67
2009-03-23,16.54,17.04,16.54,17.04,3400,16.64
2009-03-20,16.29,16.29,16.01,16.17,400,15.79
2009-03-19,16.89,16.89,16.36,16.36,2200,15.97
2009-03-18,16.05,16.74,16.05,16.74,2500,16.35
2009-03-17,15.79,16.03,15.79,16.03,600,15.65
2009-03-16,15.79,15.79,15.79,15.79,000,15.42
2009-03-13,15.79,15.79,15.79,15.79,300,15.42
2009-03-12,15.31,15.44,15.31,15.44,700,15.08
2009-03-11,15.23,15.23,15.23,15.23,200,14.87
2009-03-10,14.36,15.01,14.36,15.01,2600,14.66
2009-03-09,14.00,14.17,14.00,14.17,1300,13.84
2009-03-06,14.51,14.51,14.39,14.39,1500,14.05
2009-03-05,14.75,14.75,14.34,14.34,700,14.00
2009-03-04,14.84,15.01,14.84,15.01,400,14.66
2009-03-03,15.07,15.07,14.66,14.66,2300,14.31
2009-03-02,14.93,15.12,14.77,14.83,13400,14.48
2009-02-27,15.58,15.68,15.42,15.42,3200,15.06
2009-02-26,16.29,16.32,16.29,16.32,300,15.94
2009-02-25,16.06,16.08,16.06,16.07,2900,15.69
2009-02-24,15.97,15.97,15.97,15.97,200,15.59
2009-02-23,16.58,16.58,16.00,16.09,800,15.71
2009-02-20,16.29,16.32,16.16,16.16,8700,15.78
2009-02-19,16.87,16.87,16.58,16.58,200,16.19
2009-02-18,16.92,16.92,16.76,16.78,1300,16.38
2009-02-17,17.17,17.17,17.17,17.17,000,16.77
2009-02-13,17.17,17.17,17.17,17.17,000,16.77
2009-02-12,17.31,17.31,17.06,17.17,1700,16.77
2009-02-11,17.31,17.31,17.31,17.31,000,16.90
2009-02-10,17.31,17.31,17.31,17.31,200,16.90
2009-02-09,18.16,18.21,18.15,18.15,500,17.72
2009-02-06,18.14,18.14,18.14,18.14,1000,17.71
2009-02-05,17.39,17.39,17.39,17.39,600,16.98
2009-02-04,17.47,17.47,17.47,17.47,000,17.06
2009-02-03,17.47,17.47,17.47,17.47,300,17.06
2009-02-02,16.33,17.36,16.33,17.36,1900,16.95
2009-01-30,17.48,17.48,17.48,17.48,000,17.07
2009-01-29,17.48,17.48,17.48,17.48,000,17.07
2009-01-28,17.48,17.48,17.48,17.48,000,17.07
2009-01-27,17.48,17.48,17.48,17.48,800,17.07
2009-01-26,17.39,17.46,17.35,17.35,12300,16.94
2009-01-23,16.84,17.19,16.84,17.19,2600,16.78
2009-01-22,17.20,17.20,17.20,17.20,000,16.79
2009-01-21,17.20,17.20,17.20,17.20,200,16.79
2009-01-20,17.35,17.35,17.35,17.35,8000,16.94
2009-01-16,17.77,17.77,17.39,17.39,600,16.98
2009-01-15,17.12,17.54,17.12,17.54,1200,17.13
2009-01-14,17.45,17.45,17.26,17.26,3300,16.85
2009-01-13,17.93,17.93,17.80,17.80,1400,17.38
2009-01-12,17.84,17.84,17.70,17.70,1000,17.28
2009-01-09,18.09,18.09,18.07,18.07,400,17.64
2009-01-08,18.15,18.15,18.15,18.15,1600,17.72
2009-01-07,18.43,18.43,18.23,18.23,1700,17.80
2009-01-06,18.58,18.58,18.58,18.58,500,18.14
2009-01-05,18.15,18.63,18.15,18.63,900,18.19
2009-01-02,18.24,18.80,17.98,18.80,3500,18.36
2008-12-31,18.53,18.53,18.13,18.32,2300,17.89
2008-12-30,17.74,18.04,17.74,18.04,9500,17.61
2008-12-29,17.35,17.35,17.35,17.35,100,16.94
2008-12-26,16.33,17.40,16.33,17.40,900,16.99
2008-12-24,17.38,17.38,17.38,17.38,000,16.97
2008-12-23,17.57,17.57,17.38,17.38,700,16.97
2008-12-22,19.35,19.35,17.58,17.58,5600,17.17
2008-12-19,18.06,18.30,17.33,17.95,306100,17.53
2008-12-18,18.54,18.54,18.54,18.54,000,18.10
2008-12-17,18.68,18.68,18.54,18.54,3400,18.10
2008-12-16,18.45,19.14,17.90,18.38,32900,17.95
2008-12-15,17.95,17.95,17.78,17.78,4200,17.36
2008-12-12,22.40,22.40,17.41,17.70,13400,17.28
2008-12-11,18.10,18.98,18.05,18.98,7200,18.53
2008-12-10,18.58,21.80,18.00,18.15,14100,17.72
2008-12-09,17.71,17.76,17.71,17.76,1400,17.34
2008-12-08,17.28,17.28,17.28,17.28,300,16.87
2008-12-05,16.37,17.26,16.37,17.26,1300,16.85
2008-12-04,17.11,17.16,15.70,15.70,9200,15.33
2008-12-03,17.03,17.03,17.03,17.03,1000,16.63
2008-12-02,17.12,17.12,17.12,17.12,000,16.72
2008-12-01,17.12,17.12,17.12,17.12,000,16.72
2008-11-28,17.23,17.23,17.09,17.12,5500,16.72
2008-11-26,16.81,17.29,16.75,17.29,9700,16.88
2008-11-25,16.69,17.21,16.60,16.84,6200,16.44
2008-11-24,15.73,15.73,15.73,15.73,000,15.36
2008-11-21,15.73,15.73,15.73,15.73,100,15.36
2008-11-20,16.05,16.05,15.50,15.50,300,15.13
2008-11-19,16.58,16.58,16.47,16.49,1400,16.10
2008-11-18,17.00,17.00,17.00,17.00,000,16.60
2008-11-17,17.00,17.00,17.00,17.00,300,16.60
2008-11-14,17.05,17.32,17.05,17.17,1400,16.77
2008-11-13,17.44,17.44,17.44,17.44,1900,17.03
2008-11-12,17.23,17.23,17.23,17.23,000,16.82
2008-11-11,17.19,17.23,17.19,17.23,200,16.82
2008-11-10,18.04,18.04,18.04,18.04,200,17.61
2008-11-07,17.77,17.77,17.77,17.77,200,17.35
2008-11-06,20.99,20.99,17.17,17.19,2800,16.78
2008-11-05,18.60,18.60,18.38,18.38,400,17.95
2008-11-04,18.84,18.97,18.21,18.21,1000,17.78
2008-11-03,18.41,18.41,18.41,18.41,1600,17.98
2008-10-31,18.00,18.00,18.00,18.00,000,17.58
2008-10-30,18.00,18.00,18.00,18.00,400,17.58
2008-10-29,18.03,18.04,17.96,17.96,500,17.54
2008-10-28,16.46,17.69,16.46,17.69,800,17.27
2008-10-27,16.00,17.38,16.00,16.49,2000,16.10
2008-10-24,16.46,16.46,16.46,16.46,000,16.07
2008-10-23,16.85,16.85,16.46,16.46,2200,16.07
2008-10-22,18.35,18.35,16.64,16.64,1700,16.25
2008-10-21,18.70,18.70,18.04,18.11,2200,17.68
2008-10-20,17.72,17.72,17.72,17.72,000,17.30
2008-10-17,17.72,17.72,17.72,17.72,300,17.30
2008-10-16,16.51,16.51,16.51,16.51,200,16.12
2008-10-15,17.89,17.89,17.32,17.32,1500,16.91
2008-10-14,19.00,19.21,19.00,19.07,800,18.62
2008-10-13,18.19,18.19,17.47,17.91,1500,17.49
2008-10-10,16.67,17.46,15.91,17.46,5700,17.05
2008-10-09,18.25,18.25,18.17,18.17,400,17.74
2008-10-08,19.01,19.38,19.00,19.38,1400,18.92
2008-10-07,19.63,19.63,19.63,19.63,000,19.17
2008-10-06,19.84,20.17,19.63,19.63,1300,19.17
2008-10-03,21.27,21.27,20.68,21.16,5900,20.66
2008-10-02,21.77,21.77,21.77,21.77,000,21.26
2008-10-01,21.77,21.77,21.77,21.77,000,21.26
2008-09-30,21.77,21.77,21.77,21.77,600,21.26
2008-09-29,21.84,21.84,20.60,21.30,900,20.80
2008-09-26,22.57,22.57,22.57,22.57,000,22.04
2008-09-25,21.33,22.69,21.33,22.57,4000,22.04
2008-09-24,22.09,22.15,22.09,22.15,700,21.63
2008-09-23,22.48,22.48,22.48,22.48,200,21.95
2008-09-22,22.88,22.88,22.60,22.66,1600,22.13
2008-09-19,21.11,21.11,21.11,21.11,000,20.61
2008-09-18,21.55,21.55,21.11,21.11,300,20.61
2008-09-17,21.92,21.92,21.51,21.51,600,21.00
2008-09-16,22.04,22.04,22.04,22.04,5000,21.52
2008-09-15,22.70,22.70,22.56,22.56,1900,22.03
2008-09-12,22.80,22.80,22.80,22.80,000,22.26
2008-09-11,22.38,22.80,22.38,22.80,1300,22.26
2008-09-10,22.66,22.66,22.66,22.66,900,22.13
2008-09-09,23.00,23.00,22.63,22.63,5300,22.10
2008-09-08,22.83,23.04,22.83,23.03,600,22.49
2008-09-05,22.76,22.81,22.65,22.81,3200,22.27
2008-09-04,23.27,23.27,23.01,23.01,300,22.47
2008-09-03,23.57,23.57,23.57,23.57,400,23.01
2008-09-02,23.86,23.86,23.80,23.80,900,23.24
2008-08-29,24.06,24.09,23.99,24.07,2600,23.50
2008-08-28,24.15,24.20,24.15,24.20,400,23.63
2008-08-27,23.93,23.93,23.93,23.93,000,23.37
2008-08-26,23.93,23.93,23.93,23.93,500,23.37
2008-08-25,24.14,24.14,24.14,24.14,4200,23.57
2008-08-22,24.07,24.07,24.07,24.07,000,23.50
2008-08-21,23.32,24.07,23.32,24.07,4600,23.50
2008-08-20,23.77,23.77,23.77,23.77,000,23.21
2008-08-19,23.76,23.78,23.76,23.77,5300,23.21
2008-08-18,24.13,24.13,23.87,23.87,700,23.31
2008-08-15,24.22,24.22,24.22,24.22,100,23.65
2008-08-14,24.25,24.25,24.25,24.25,500,23.68
2008-08-13,24.17,24.19,24.17,24.19,300,23.62
2008-08-12,24.80,24.80,24.29,24.29,1200,23.72
2008-08-11,24.26,24.26,24.26,24.26,500,23.69
2008-08-08,23.76,23.76,23.76,23.76,000,23.20
2008-08-07,24.42,24.42,23.75,23.76,3500,23.20
2008-08-06,23.63,23.69,23.63,23.69,700,23.13
2008-08-05,23.29,23.29,23.29,23.29,300,22.74
2008-08-04,23.09,23.30,23.09,23.29,5600,22.74
2008-08-01,23.75,23.75,23.75,23.75,000,23.19
2008-07-31,23.75,23.75,23.75,23.75,000,23.19
2008-07-30,23.85,23.85,23.75,23.75,700,23.19
2008-07-29,23.50,23.60,23.50,23.60,5300,23.04
2008-07-28,24.20,24.20,22.53,23.35,10400,22.80
2008-07-25,23.48,23.48,23.48,23.48,000,22.93
2008-07-24,23.48,23.48,23.48,23.48,000,22.93
2008-07-23,23.48,23.48,23.48,23.48,000,22.93
2008-07-22,23.48,23.48,23.48,23.48,500,22.93
2008-07-21,23.88,23.91,23.88,23.91,500,23.35
2008-07-18,23.83,23.84,23.83,23.84,200,23.28
2008-07-17,23.71,23.71,23.71,23.71,600,23.15
2008-07-16,23.78,23.78,23.78,23.78,300,23.22
2008-07-15,23.74,23.74,23.74,23.74,2000,23.18
2008-07-14,23.80,23.84,23.80,23.84,200,23.28
2008-07-11,23.91,23.91,23.75,23.79,900,23.23
2008-07-10,24.08,24.08,23.75,23.75,400,23.19
2008-07-09,24.23,24.23,24.23,24.23,200,23.66
2008-07-08,23.89,23.89,23.89,23.89,000,23.33
2008-07-07,24.30,24.30,23.89,23.89,700,23.33
2008-07-03,24.14,24.14,24.13,24.13,2000,23.56
2008-07-02,24.51,24.51,24.51,24.51,000,23.93
2008-07-01,24.64,24.64,24.05,24.51,6400,23.93
2008-06-30,24.32,24.57,24.32,24.57,300,23.99
2008-06-27,24.02,24.36,24.02,24.36,1700,23.79
2008-06-26,24.34,24.34,24.34,24.34,200,23.77
2008-06-25,24.98,24.98,24.98,24.98,800,24.39
2008-06-24,25.17,25.17,25.17,25.17,000,24.58
2008-06-23,25.50,25.50,24.20,25.17,12100,24.58
2008-06-20,25.08,25.08,25.08,25.08,000,24.49
2008-06-19,24.94,25.08,24.90,25.08,1900,24.49
2008-06-18,25.00,25.00,25.00,25.00,500,24.41
2008-06-17,25.27,25.27,25.19,25.24,7200,24.64
2008-06-16,25.16,25.16,25.16,25.16,000,24.57
2008-06-13,25.26,25.26,25.16,25.16,1100,24.57
2008-06-12,24.46,25.07,24.46,25.03,2800,24.44
2008-06-11,25.06,25.06,25.06,25.06,200,24.47
2008-06-10,25.36,25.36,25.25,25.25,400,24.65
2008-06-09,25.54,25.58,25.54,25.58,1100,24.98
2008-06-06,25.92,25.92,25.49,25.49,2000,24.89
2008-06-05,26.15,26.15,26.15,26.15,1000,25.53
2008-06-04,25.72,25.72,25.64,25.64,1000,25.04
2008-06-03,25.82,25.82,25.44,25.44,600,24.84
2008-06-02,25.81,25.82,25.81,25.82,1100,25.21
2008-05-30,26.10,26.23,26.10,26.15,600,25.53
2008-05-29,26.15,26.17,26.15,26.17,300,25.55
2008-05-28,25.78,25.78,25.78,25.78,000,25.17
2008-05-27,25.84,25.84,25.78,25.78,1100,25.17
2008-05-23,25.94,25.94,24.91,25.84,14900,25.23
2008-05-22,26.21,26.21,26.21,26.21,200,25.59
2008-05-21,27.19,27.19,26.09,26.09,300,25.47
2008-05-20,26.65,26.65,26.57,26.57,5000,25.94
2008-05-19,26.81,27.09,26.70,26.70,10500,26.07
2008-05-16,26.49,26.49,26.49,26.49,1300,25.87
2008-05-15,26.30,26.34,26.29,26.34,600,25.72
2008-05-14,26.40,26.45,26.29,26.29,700,25.67
2008-05-13,26.07,26.12,26.07,26.12,300,25.50
2008-05-12,25.80,26.20,25.80,26.20,900,25.58
2008-05-09,25.92,25.95,25.88,25.88,1700,25.27
2008-05-08,26.39,26.39,25.88,25.92,1900,25.31
2008-05-07,26.06,26.09,26.06,26.07,1000,25.46
2008-05-06,26.03,26.16,26.03,26.16,800,25.54
2008-05-05,26.35,26.35,25.92,25.92,1900,25.31
2008-05-02,26.65,26.65,25.91,25.91,3900,25.30
2008-05-01,25.68,25.94,25.67,25.90,5800,25.29
2008-04-30,26.16,26.16,25.63,25.63,700,25.03