2011-05-10,12.64,12.64,12.63,12.63,6200,12.63
2011-05-09,12.42,12.56,12.41,12.49,5200,12.49
2011-05-06,12.72,12.73,12.40,12.43,26000,12.43
2011-05-05,12.52,12.77,12.52,12.64,14500,12.64
2011-05-04,12.70,12.70,12.53,12.53,35000,12.53
2011-05-03,12.63,12.77,12.60,12.62,23300,12.62
2011-05-02,12.82,12.82,12.58,12.70,31200,12.70
2011-04-29,12.70,12.77,12.64,12.67,13000,12.67
2011-04-28,12.71,12.71,12.64,12.68,13100,12.68
2011-04-27,12.66,12.68,12.56,12.66,32400,12.66
2011-04-26,12.62,12.65,12.57,12.61,15800,12.61
2011-04-25,12.55,12.71,12.52,12.65,8500,12.65
2011-04-21,12.66,12.76,12.61,12.61,17500,12.61
2011-04-20,12.64,12.67,12.64,12.66,900,12.66
2011-04-19,12.76,12.76,12.56,12.60,9900,12.60
2011-04-18,13.03,13.03,12.47,12.74,12000,12.74
2011-04-15,13.17,13.17,12.76,12.99,7300,12.99
2011-04-14,12.76,13.05,12.76,12.97,10100,12.97
2011-04-13,12.70,12.81,12.59,12.61,22100,12.61
2011-04-12,12.62,12.75,12.50,12.62,36100,12.62
2011-04-11,12.78,12.78,12.65,12.65,2000,12.65
2011-04-08,12.76,12.76,12.57,12.65,5300,12.65
2011-04-07,12.80,12.82,12.54,12.57,20100,12.57
2011-04-06,12.80,12.89,12.75,12.85,32500,12.85
2011-04-05,12.61,12.77,12.60,12.68,28600,12.68
2011-04-04,12.64,12.65,12.46,12.60,11900,12.60
2011-04-01,12.56,12.60,12.37,12.39,7500,12.39
2011-03-31,12.23,12.60,12.23,12.60,29500,12.60
2011-03-30,12.29,12.38,12.22,12.30,33200,12.30
2011-03-29,12.29,12.39,12.13,12.32,31900,12.32
2011-03-28,12.41,12.41,12.13,12.15,5900,12.15
2011-03-25,12.42,12.45,12.22,12.24,12900,12.24
2011-03-24,12.05,12.25,12.05,12.16,10000,12.16
2011-03-23,12.14,12.14,11.90,12.00,8200,12.00
2011-03-22,12.00,12.29,11.99,12.00,24600,12.00
2011-03-21,12.21,12.34,11.89,11.89,42800,11.89
2011-03-18,12.04,12.34,12.04,12.16,5900,12.16
2011-03-17,12.04,12.11,11.99,12.01,12400,12.00
2011-03-16,12.10,12.12,11.75,11.94,43900,11.93
2011-03-15,12.07,12.34,12.07,12.20,31900,12.19
2011-03-14,12.25,12.37,12.23,12.25,14600,12.24
2011-03-11,12.48,12.59,12.25,12.25,25400,12.24
2011-03-10,12.35,12.50,12.22,12.26,33500,12.25
2011-03-09,12.77,12.77,12.33,12.34,41500,12.33
2011-03-08,12.06,12.37,12.06,12.36,22900,12.35
2011-03-07,12.10,12.10,11.88,11.90,14800,11.89
2011-03-04,12.01,12.19,12.00,12.08,36900,12.07
2011-03-03,11.94,12.24,11.94,12.02,92000,12.01
2011-03-02,12.00,12.15,11.95,12.13,23300,12.12
2011-03-01,12.41,12.42,12.00,12.02,17100,12.01
2011-02-28,12.80,12.80,12.27,12.51,7000,12.50
2011-02-25,12.70,12.93,12.39,12.75,10400,12.74
2011-02-24,12.98,12.98,12.46,12.54,16600,12.53
2011-02-23,12.17,12.62,12.10,12.13,16900,12.12
2011-02-22,12.93,12.93,12.25,12.25,57700,12.24
2011-02-18,12.99,12.99,12.89,12.89,1700,12.88
2011-02-17,13.00,13.12,12.75,12.77,17200,12.76
2011-02-16,13.00,13.02,12.75,12.91,22600,12.90
2011-02-15,12.94,13.08,12.90,13.08,2600,13.07
2011-02-14,13.10,13.11,12.94,12.94,13100,12.93
2011-02-11,13.21,13.21,13.04,13.16,5700,13.15
2011-02-10,13.05,13.24,13.05,13.10,7500,13.09
2011-02-09,13.27,13.27,13.08,13.10,6200,13.09
2011-02-08,13.41,13.41,13.25,13.25,12200,13.24
2011-02-07,13.39,13.63,13.25,13.41,27100,13.40
2011-02-04,13.35,13.35,13.15,13.21,9000,13.20
2011-02-03,13.05,13.30,13.05,13.20,13500,13.19
2011-02-02,13.37,13.41,13.26,13.31,7800,13.30
2011-02-01,13.12,13.27,12.95,13.27,20900,13.26
2011-01-31,13.55,13.55,12.76,13.04,38300,13.03
2011-01-28,13.46,13.53,13.00,13.08,38700,13.07
2011-01-27,14.00,14.00,13.50,13.55,53900,13.54
2011-01-26,13.98,13.98,13.61,13.72,10800,13.71
2011-01-25,14.07,14.07,13.93,14.02,75700,14.01
2011-01-24,13.80,14.00,13.80,14.00,300,13.99
2011-01-21,13.80,13.90,13.80,13.90,8500,13.89
2011-01-20,13.77,13.80,13.75,13.80,3400,13.79
2011-01-19,13.80,13.87,13.60,13.77,47200,13.76
2011-01-18,14.06,14.06,13.80,13.86,4800,13.85
2011-01-14,14.15,14.17,14.00,14.06,9500,14.05
2011-01-13,14.09,14.14,14.00,14.04,22700,14.03
2011-01-12,14.00,14.08,13.85,14.01,20000,14.00
2011-01-11,14.09,14.16,13.82,14.06,40100,14.05
2011-01-10,14.00,14.05,14.00,14.05,226800,14.04
2011-01-07,13.80,13.84,13.74,13.84,1100,13.83
2011-01-06,14.18,14.18,13.73,13.81,65200,13.80
2011-01-05,13.87,14.18,13.87,14.18,12100,14.17
2011-01-04,14.03,14.05,13.90,14.05,7300,14.04
2011-01-03,14.01,14.05,13.70,14.00,54300,13.99
2010-12-31,13.86,13.86,13.71,13.71,500,13.70
2010-12-30,13.57,14.00,13.57,13.69,25400,13.68
2010-12-29,13.73,13.97,13.73,13.97,1400,13.96
2010-12-28,13.79,13.94,13.64,13.74,10500,13.73
2010-12-27,13.64,13.94,13.63,13.83,11400,13.82
2010-12-23,13.52,13.61,13.51,13.55,8700,13.54
2010-12-22,13.89,13.89,13.54,13.54,38000,13.53
2010-12-21,13.79,13.82,13.55,13.61,3600,13.60
2010-12-20,13.84,13.85,13.61,13.71,7700,13.70
2010-12-17,13.59,13.89,13.54,13.88,9000,13.87
2010-12-16,13.86,14.11,13.80,13.80,5000,13.58
2010-12-15,14.11,14.11,13.88,13.89,3100,13.67
2010-12-14,14.15,14.15,13.82,14.05,5300,13.83
2010-12-13,14.05,14.06,13.95,13.97,3900,13.75
2010-12-10,13.97,14.05,13.95,14.05,3800,13.83
2010-12-09,14.11,14.11,13.80,14.04,7200,13.82
2010-12-08,13.93,14.12,13.90,14.12,1200,13.90
2010-12-07,13.95,14.05,13.85,13.85,48000,13.63
2010-12-06,13.60,13.87,13.60,13.83,3400,13.61
2010-12-03,13.53,13.64,13.53,13.60,3300,13.38
2010-12-02,13.70,13.73,13.48,13.51,17100,13.30
2010-12-01,13.59,13.59,13.51,13.51,4100,13.30
2010-11-30,13.35,13.51,13.27,13.38,9600,13.17
2010-11-29,13.50,13.50,13.33,13.41,2200,13.20
2010-11-26,13.47,13.72,13.32,13.62,1200,13.40
2010-11-24,13.65,13.77,13.63,13.69,15300,13.47
2010-11-23,13.60,13.60,13.46,13.55,3000,13.34
2010-11-22,13.66,13.84,13.66,13.76,1400,13.54
2010-11-19,14.76,14.76,13.46,13.73,10200,13.51
2010-11-18,13.60,13.71,13.57,13.71,3200,13.49
2010-11-17,13.52,13.53,13.31,13.48,5200,13.27
2010-11-16,13.65,13.65,13.42,13.42,3300,13.21
2010-11-15,13.50,13.73,13.50,13.53,9800,13.32
2010-11-12,13.64,13.64,13.44,13.61,7400,13.39
2010-11-11,13.73,13.73,13.67,13.70,51700,13.48
2010-11-10,13.64,13.81,13.64,13.74,2300,13.52
2010-11-09,13.65,13.70,13.57,13.60,9500,13.38
2010-11-08,13.81,13.81,13.64,13.70,10100,13.48
2010-11-05,13.71,13.85,13.62,13.85,71900,13.63
2010-11-04,13.61,13.88,13.61,13.88,27000,13.66
2010-11-03,13.93,13.93,13.54,13.60,19700,13.38
2010-11-02,13.69,13.72,13.55,13.71,5100,13.49
2010-11-01,13.78,13.78,13.55,13.55,5600,13.34
2010-10-29,13.54,13.75,13.54,13.73,2800,13.51
2010-10-28,13.66,13.70,13.58,13.68,1400,13.46
2010-10-27,13.62,13.70,13.51,13.53,15100,13.32
2010-10-26,13.69,13.79,13.65,13.68,6300,13.46
2010-10-25,13.91,13.91,13.67,13.77,7400,13.55
2010-10-22,13.71,13.81,13.71,13.72,1400,13.50
2010-10-21,13.62,13.73,13.59,13.65,11500,13.43
2010-10-20,13.80,13.84,13.67,13.74,4000,13.52
2010-10-19,13.90,13.90,13.65,13.70,5000,13.48
2010-10-18,13.95,13.95,13.82,13.87,4900,13.65
2010-10-15,13.95,13.95,13.82,13.86,5600,13.64
2010-10-14,13.85,13.88,13.85,13.88,500,13.66
2010-10-13,13.85,13.90,13.72,13.87,5900,13.65
2010-10-12,13.67,13.85,13.67,13.78,4600,13.56
2010-10-11,13.83,13.83,13.65,13.76,5900,13.54
2010-10-08,13.56,13.80,13.54,13.63,14400,13.41
2010-10-07,13.51,13.69,13.51,13.62,1100,13.40
2010-10-06,13.73,13.73,13.45,13.65,2800,13.43
2010-10-05,13.71,13.75,13.67,13.73,8100,13.51
2010-10-04,13.63,13.63,13.29,13.51,15700,13.30
2010-10-01,13.50,13.58,13.47,13.49,18900,13.28
2010-09-30,13.63,13.63,13.40,13.55,13200,13.34
2010-09-29,13.45,13.51,13.39,13.39,2200,13.18
2010-09-28,13.32,13.32,13.11,13.31,900,13.10
2010-09-27,13.33,13.33,13.01,13.23,8800,13.02
2010-09-24,13.39,13.52,13.28,13.51,2400,13.30
2010-09-23,13.35,13.39,13.31,13.31,1600,13.10
2010-09-22,13.58,13.58,13.35,13.35,2600,13.14
2010-09-21,13.37,13.42,13.35,13.41,1300,13.20
2010-09-20,13.32,13.38,13.30,13.35,5300,13.14
2010-09-17,13.28,13.28,13.08,13.23,25200,13.02
2010-09-16,13.30,13.36,13.10,13.18,37200,12.97
2010-09-15,13.34,13.34,13.11,13.22,1900,13.01
2010-09-14,13.19,13.30,13.13,13.30,900,13.09
2010-09-13,13.25,13.26,13.00,13.22,17700,13.01
2010-09-10,13.01,13.01,13.01,13.01,1900,12.80
2010-09-09,13.06,13.25,13.03,13.03,1100,12.82
2010-09-08,13.01,13.20,12.98,12.98,7400,12.77
2010-09-07,13.17,13.27,12.85,12.85,5000,12.65
2010-09-03,12.95,13.39,12.88,12.94,9000,12.74
2010-09-02,12.80,12.86,12.80,12.84,16400,12.64
2010-09-01,12.82,12.82,12.76,12.76,2200,12.56
2010-08-31,12.52,12.68,12.52,12.60,600,12.40
2010-08-30,12.67,12.67,12.58,12.58,2800,12.38
2010-08-27,12.55,12.72,12.55,12.72,6500,12.52
2010-08-26,12.68,12.68,12.41,12.47,42600,12.27
2010-08-25,12.55,12.61,12.55,12.61,2700,12.41
2010-08-24,12.60,12.69,12.60,12.63,80000,12.43
2010-08-23,12.54,12.81,12.54,12.57,17100,12.37
2010-08-20,13.07,13.07,12.40,12.58,62000,12.38
2010-08-19,12.49,12.61,12.49,12.56,6300,12.36
2010-08-18,12.45,12.54,12.45,12.51,14600,12.31
2010-08-17,12.36,12.36,12.36,12.36,000,12.16
2010-08-16,12.43,12.43,12.36,12.36,21800,12.16
2010-08-13,12.43,12.52,12.43,12.52,1300,12.32
2010-08-12,12.48,12.59,12.48,12.48,2200,12.28
2010-08-11,12.41,12.52,12.40,12.40,47700,12.20
2010-08-10,12.52,12.53,12.52,12.52,1100,12.32
2010-08-09,12.64,12.65,12.56,12.56,10700,12.36
2010-08-06,12.73,12.73,12.44,12.62,900,12.42
2010-08-05,12.60,12.66,12.53,12.54,4000,12.34
2010-08-04,12.65,12.76,12.62,12.76,7800,12.56
2010-08-03,12.61,12.77,12.61,12.77,400,12.57
2010-08-02,12.60,12.98,12.60,12.72,81300,12.52
2010-07-30,12.95,12.95,12.40,12.51,4400,12.31
2010-07-29,12.66,12.66,12.50,12.50,1200,12.30
2010-07-28,12.56,12.56,12.40,12.40,1000,12.20
2010-07-27,12.47,12.53,12.40,12.49,2300,12.29
2010-07-26,12.46,13.17,12.28,12.78,3400,12.58
2010-07-23,12.36,12.60,12.36,12.60,500,12.40
2010-07-22,12.19,12.31,12.19,12.27,2000,12.08
2010-07-21,12.34,12.34,12.12,12.22,20200,12.03
2010-07-20,14.60,14.60,12.00,12.36,29000,12.16
2010-07-19,12.77,12.77,11.93,12.28,30500,12.09
2010-07-16,12.11,12.11,12.03,12.03,1200,11.84
2010-07-15,12.16,12.17,12.15,12.16,8000,11.97
2010-07-14,12.12,12.17,12.02,12.16,29300,11.97
2010-07-13,12.09,12.26,12.08,12.26,1000,12.07
2010-07-12,12.30,12.30,12.07,12.14,1500,11.95
2010-07-09,12.04,12.24,12.04,12.24,1000,12.05
2010-07-08,12.09,12.18,12.09,12.18,800,11.99
2010-07-07,12.07,12.13,12.07,12.13,500,11.94
2010-07-06,12.11,12.11,11.85,11.92,4100,11.73
2010-07-02,11.94,12.02,11.85,12.02,1400,11.83
2010-07-01,11.78,11.84,11.76,11.84,2700,11.65
2010-06-30,11.94,11.94,11.84,11.85,16500,11.66
2010-06-29,12.07,12.10,11.53,12.10,106200,11.91
2010-06-28,12.25,12.25,12.08,12.08,1600,11.89
2010-06-25,12.28,12.31,12.25,12.26,1300,12.07
2010-06-24,12.42,12.42,12.28,12.30,400,12.11
2010-06-23,12.29,12.30,12.13,12.30,1900,12.11
2010-06-22,12.53,12.53,12.23,12.36,1200,12.16
2010-06-21,12.62,12.62,12.38,12.38,3600,12.18
2010-06-18,12.35,12.35,12.12,12.12,1100,11.93
2010-06-17,12.11,12.28,12.11,12.16,2800,11.97
2010-06-16,12.36,12.36,12.17,12.20,3400,12.01
2010-06-15,12.21,12.34,12.17,12.30,6600,12.11
2010-06-14,12.35,12.38,12.20,12.20,3500,12.01
2010-06-11,12.37,12.38,12.36,12.38,1700,12.18
2010-06-10,12.17,12.47,12.17,12.47,3100,12.27
2010-06-09,12.43,12.46,12.33,12.34,2000,12.14
2010-06-08,12.26,12.38,12.20,12.38,1000,12.18
2010-06-07,12.23,12.41,12.20,12.20,3100,12.01
2010-06-04,12.47,12.47,12.18,12.18,3100,11.99
2010-06-03,12.44,12.67,12.44,12.67,2900,12.47
2010-06-02,12.65,12.65,12.53,12.63,1300,12.43
2010-06-01,12.50,12.56,12.34,12.43,9100,12.23
2010-05-28,12.62,12.89,12.56,12.61,3700,12.41
2010-05-27,12.60,12.93,12.53,12.62,12400,12.42
2010-05-26,12.52,12.55,12.26,12.33,28900,12.13
2010-05-25,12.27,12.30,12.00,12.29,6400,12.10
2010-05-24,12.82,12.82,12.60,12.62,800,12.42
2010-05-21,12.60,12.77,12.39,12.77,19100,12.57
2010-05-20,12.90,12.90,12.48,12.50,8200,12.30
2010-05-19,12.64,12.92,12.64,12.81,7100,12.61
2010-05-18,12.98,13.11,12.78,12.82,8300,12.62
2010-05-17,12.91,13.08,12.81,12.95,2800,12.75
2010-05-14,13.15,13.15,12.81,12.95,4100,12.75
2010-05-13,13.18,13.18,13.18,13.18,800,12.97
2010-05-12,13.18,13.35,13.18,13.31,15200,13.10
2010-05-11,13.02,13.29,13.02,13.29,1600,13.08
2010-05-10,13.31,13.66,13.31,13.37,15800,13.16
2010-05-07,12.92,13.31,12.40,13.01,75100,12.80
2010-05-06,13.42,13.48,12.38,13.05,59700,12.84
2010-05-05,13.50,13.50,13.44,13.44,800,13.23
2010-05-04,13.90,13.91,13.51,13.51,27400,13.30
2010-05-03,13.68,13.95,13.68,13.85,2800,13.63
2010-04-30,13.86,13.86,13.63,13.63,3600,13.41
2010-04-29,13.79,13.90,13.79,13.84,3700,13.62
2010-04-28,13.74,13.80,13.52,13.80,23500,13.58
2010-04-27,13.90,13.90,13.74,13.74,1000,13.52
2010-04-26,13.94,14.00,13.85,13.92,1800,13.70
2010-04-23,14.03,14.11,14.00,14.00,1900,13.78
2010-04-22,13.88,13.96,13.88,13.95,2200,13.73
2010-04-21,13.86,13.92,13.81,13.88,2200,13.66
2010-04-20,13.89,13.98,13.80,13.98,10400,13.76
2010-04-19,13.82,13.93,13.72,13.93,2800,13.71
2010-04-16,13.99,13.99,13.99,13.99,400,13.77
2010-04-15,14.16,14.20,14.08,14.09,3500,13.87
2010-04-14,14.16,14.29,14.07,14.19,13000,13.97
2010-04-13,14.20,14.31,14.09,14.29,19400,14.06
2010-04-12,14.29,14.43,14.20,14.25,23500,14.02
2010-04-09,14.09,14.14,14.02,14.10,6300,13.88
2010-04-08,14.09,14.11,14.01,14.10,1500,13.88
2010-04-07,14.00,14.00,13.73,13.79,3900,13.57
2010-04-06,13.71,14.10,13.71,13.92,3900,13.70
2010-04-05,13.84,14.05,13.84,13.98,4600,13.76
2010-04-01,13.86,13.97,13.76,13.84,10800,13.62
2010-03-31,13.82,13.83,13.71,13.71,24400,13.49
2010-03-30,13.95,13.95,13.77,13.78,21000,13.56
2010-03-29,13.77,13.85,13.65,13.84,15700,13.62
2010-03-26,13.68,13.70,13.62,13.62,5700,13.40
2010-03-25,13.68,13.70,13.60,13.60,4300,13.38
2010-03-24,13.43,13.46,13.43,13.46,1900,13.25
2010-03-23,13.34,13.54,13.33,13.45,8000,13.24
2010-03-22,13.29,13.41,13.29,13.33,8100,13.12
2010-03-19,13.43,13.43,13.18,13.18,5700,12.97
2010-03-18,13.20,13.48,13.18,13.26,14400,13.05
2010-03-17,13.22,13.32,13.21,13.28,3000,13.07
2010-03-16,13.22,13.30,13.21,13.30,6700,13.09
2010-03-15,13.28,13.30,13.09,13.26,20500,13.05
2010-03-12,13.38,13.38,13.17,13.23,3100,13.02
2010-03-11,13.26,13.30,13.16,13.23,2200,13.02
2010-03-10,13.19,13.27,13.06,13.27,3900,13.06
2010-03-09,13.00,13.19,12.99,13.19,4500,12.98
2010-03-08,13.00,13.00,12.84,12.97,13400,12.76
2010-03-05,12.95,13.12,12.90,13.03,16200,12.82
2010-03-04,12.75,12.92,12.75,12.91,1000,12.71
2010-03-03,12.84,12.86,12.72,12.86,33000,12.66
2010-03-02,12.85,12.85,12.61,12.64,900,12.44
2010-03-01,12.74,12.82,12.58,12.63,3000,12.43
2010-02-26,12.51,12.69,12.51,12.60,1000,12.40
2010-02-25,12.56,12.76,12.55,12.76,1800,12.56
2010-02-24,12.51,12.69,12.50,12.69,3200,12.49
2010-02-23,12.69,12.69,12.48,12.62,3600,12.42
2010-02-22,12.72,12.87,12.71,12.87,4000,12.67
2010-02-19,12.90,13.07,12.84,13.05,2000,12.84
2010-02-18,12.92,12.96,12.78,12.93,3700,12.73
2010-02-17,12.96,13.08,12.86,12.92,21800,12.72
2010-02-16,13.25,13.25,12.92,13.03,97200,12.82
2010-02-12,12.65,12.96,12.57,12.94,24100,12.74
2010-02-11,12.81,12.81,12.53,12.70,16100,12.50
2010-02-10,12.75,12.75,12.26,12.26,20500,12.07
2010-02-09,13.00,13.00,12.67,12.84,7800,12.64
2010-02-08,12.72,12.73,12.60,12.73,4600,12.53
2010-02-05,12.57,12.57,12.14,12.21,25500,12.02
2010-02-04,12.55,12.55,12.32,12.44,27800,12.24
2010-02-03,12.69,12.69,12.42,12.57,8600,12.37
2010-02-02,12.21,12.91,12.21,12.72,9700,12.52
2010-02-01,12.09,12.41,12.09,12.40,2700,12.20
2010-01-29,12.36,12.41,12.18,12.22,5200,12.03
2010-01-28,12.46,12.46,12.16,12.16,8500,11.97
2010-01-27,12.38,12.47,12.21,12.25,2700,12.06
2010-01-26,12.54,12.60,12.34,12.46,4800,12.26
2010-01-25,12.60,12.69,12.51,12.54,6300,12.34
2010-01-22,12.68,12.68,12.51,12.53,7500,12.33
2010-01-21,13.19,13.19,12.62,12.82,23300,12.62
2010-01-20,12.95,13.05,12.95,13.05,1900,12.84
2010-01-19,13.21,13.29,13.03,13.11,5100,12.90
2010-01-15,13.00,13.02,12.88,13.02,9100,12.81
2010-01-14,13.00,13.11,13.00,13.09,17600,12.88
2010-01-13,13.16,13.16,12.89,12.89,33700,12.69
2010-01-12,13.17,13.17,12.95,13.10,13500,12.89
2010-01-11,13.09,13.21,13.03,13.09,15300,12.88
2010-01-08,13.13,13.16,13.03,13.04,3700,12.83
2010-01-07,13.15,13.17,13.00,13.14,8800,12.93
2010-01-06,13.08,13.10,12.95,13.02,9300,12.81
2010-01-05,12.96,13.00,12.86,13.00,24800,12.79
2010-01-04,12.90,13.05,12.79,12.91,32400,12.71
2009-12-31,12.65,12.90,12.65,12.90,11200,12.70
2009-12-30,12.66,12.82,12.57,12.78,6300,12.58
2009-12-29,12.75,12.77,12.52,12.52,7000,12.32
2009-12-28,12.90,12.90,12.55,12.63,8400,12.43
2009-12-24,12.75,12.75,12.48,12.52,3700,12.32
2009-12-23,12.63,12.69,12.55,12.64,3200,12.44
2009-12-22,12.67,12.88,12.67,12.82,8400,12.62
2009-12-21,12.89,12.89,12.83,12.89,4700,12.69
2009-12-18,13.01,13.01,12.48,12.67,20000,12.47
2009-12-17,13.18,13.18,13.01,13.13,10800,12.75
2009-12-16,13.31,13.35,13.08,13.12,12200,12.74
2009-12-15,13.20,13.20,12.96,13.13,21900,12.75
2009-12-14,12.99,13.70,12.99,13.45,85000,13.06
2009-12-11,12.53,12.60,12.28,12.30,31300,11.94
2009-12-10,11.96,12.20,11.96,12.20,1700,11.85
2009-12-09,12.03,12.03,11.71,11.96,3100,11.61
2009-12-08,12.20,12.32,12.08,12.10,6100,11.75
2009-12-07,12.75,12.75,12.42,12.45,5400,12.09
2009-12-04,12.69,12.74,12.55,12.60,9200,12.23
2009-12-03,12.82,12.85,12.67,12.76,42300,12.39
2009-12-02,12.56,12.80,12.45,12.70,10200,12.33
2009-12-01,12.55,12.67,12.26,12.64,45600,12.27
2009-11-30,12.71,12.71,12.17,12.44,22000,12.08
2009-11-27,12.79,12.94,12.57,12.70,20400,12.33
2009-11-25,13.18,13.45,13.00,13.19,27600,12.81
2009-11-24,13.39,13.49,13.25,13.49,2300,13.10
2009-11-23,13.31,13.45,13.14,13.43,11900,13.04
2009-11-20,13.22,13.29,13.21,13.27,1900,12.89
2009-11-19,13.19,13.19,12.98,13.15,4200,12.77
2009-11-18,13.35,13.52,13.18,13.52,10600,13.13
2009-11-17,13.61,13.77,13.34,13.64,28500,13.24
2009-11-16,13.83,13.90,13.56,13.70,7100,13.30
2009-11-13,13.80,13.84,13.80,13.84,500,13.44
2009-11-12,13.79,13.82,13.62,13.72,7400,13.32
2009-11-11,14.23,14.23,13.87,14.17,8700,13.76
2009-11-10,14.06,14.18,13.69,14.18,6900,13.77
2009-11-09,14.00,14.29,14.00,14.10,2400,13.69
2009-11-06,13.81,14.10,13.68,14.10,22400,13.69
2009-11-05,14.03,14.03,13.77,13.86,8100,13.46
2009-11-04,13.97,14.38,13.97,14.29,34500,13.88
2009-11-03,14.10,14.10,13.92,13.92,1400,13.52
2009-11-02,14.34,14.48,14.09,14.09,3400,13.68
2009-10-30,14.27,14.57,14.05,14.07,9100,13.66
2009-10-29,14.43,14.68,14.37,14.68,10900,14.25
2009-10-28,15.00,15.00,14.44,14.58,10800,14.16
2009-10-27,14.93,15.10,14.93,15.10,800,14.66
2009-10-26,14.80,15.22,14.80,14.87,2900,14.44
2009-10-23,15.00,15.01,14.49,14.65,12600,14.22
2009-10-22,14.87,15.05,14.86,15.05,31900,14.61
2009-10-21,15.04,15.32,14.95,14.95,3800,14.52
2009-10-20,15.65,15.65,15.06,15.27,5600,14.83
2009-10-19,15.42,15.43,15.22,15.22,3400,14.78
2009-10-16,15.48,15.48,15.25,15.42,3600,14.97
2009-10-15,15.12,15.49,15.12,15.44,30300,14.99
2009-10-14,15.33,15.36,15.14,15.23,22200,14.79
2009-10-13,15.17,15.17,14.82,14.99,5100,14.56
2009-10-12,14.86,15.07,14.86,14.93,1900,14.50
2009-10-09,15.06,15.06,14.56,14.97,21700,14.54
2009-10-08,14.93,15.07,14.92,14.95,3300,14.52
2009-10-07,15.04,15.07,14.83,14.98,12200,14.55
2009-10-06,14.98,15.07,14.79,14.86,17700,14.43
2009-10-05,14.59,14.68,14.08,14.66,9200,14.23
2009-10-02,14.65,14.67,14.65,14.67,300,14.24
2009-10-01,14.38,14.42,14.38,14.41,1000,13.99
2009-09-30,14.68,14.68,14.25,14.50,34600,14.08
2009-09-29,14.52,14.53,14.49,14.53,900,14.11
2009-09-28,14.46,14.83,14.46,14.56,4200,14.14
2009-09-25,14.49,14.86,14.44,14.44,21300,14.02
2009-09-24,14.63,14.63,14.36,14.45,900,14.03
2009-09-23,14.80,14.96,14.62,14.86,2600,14.43
2009-09-22,14.65,14.73,14.41,14.70,15100,14.27
2009-09-21,14.57,14.70,14.57,14.62,11600,14.20
2009-09-18,14.32,14.40,14.32,14.40,900,13.98
2009-09-17,14.41,14.55,14.28,14.28,17600,13.87
2009-09-16,14.24,14.50,14.05,14.50,20900,14.08
2009-09-15,14.25,14.25,13.94,14.08,14300,13.67
2009-09-14,14.22,14.22,14.17,14.17,6100,13.76
2009-09-11,14.25,14.25,14.17,14.22,3300,13.81
2009-09-10,14.25,14.25,14.25,14.25,2800,13.84
2009-09-09,14.20,14.20,14.19,14.19,2200,13.78
2009-09-08,14.25,14.25,14.23,14.23,500,13.82
2009-09-04,13.82,14.25,13.82,14.25,2600,13.84
2009-09-03,13.90,14.07,13.90,14.06,1000,13.65
2009-09-02,13.74,13.90,13.74,13.90,3300,13.50
2009-09-01,14.25,14.25,13.90,13.90,3400,13.50
2009-08-31,13.99,14.25,13.88,14.25,4200,13.84
2009-08-28,14.30,14.30,13.92,13.92,2100,13.52
2009-08-27,13.59,14.33,13.48,13.94,19000,13.54
2009-08-26,13.77,13.84,13.41,13.84,5100,13.44
2009-08-25,13.37,13.65,13.32,13.32,2900,12.93
2009-08-24,13.47,13.59,13.19,13.19,5500,12.81
2009-08-21,13.25,13.39,13.00,13.39,5200,13.00
2009-08-20,13.20,13.20,13.20,13.20,300,12.82
2009-08-19,13.30,13.38,13.03,13.30,3400,12.91
2009-08-18,13.10,13.23,12.98,13.13,16300,12.75
2009-08-17,12.51,13.27,12.51,13.09,26900,12.71
2009-08-14,13.71,13.71,13.37,13.38,6000,12.99
2009-08-13,13.58,13.70,13.48,13.70,1100,13.30
2009-08-12,13.50,13.66,13.48,13.50,1700,13.11
2009-08-11,13.74,13.77,13.24,13.54,42300,13.15
2009-08-10,13.80,13.84,13.38,13.73,4900,13.33
2009-08-07,13.43,13.81,13.43,13.63,10300,13.23
2009-08-06,13.58,14.59,13.29,13.36,2000,12.97
2009-08-05,13.50,13.53,13.22,13.53,4600,13.14
2009-08-04,13.43,13.75,13.43,13.75,4600,13.35
2009-08-03,13.47,13.47,11.60,13.45,27600,13.06
2009-07-31,13.20,13.20,13.05,13.09,600,12.71
2009-07-30,13.06,13.36,13.06,13.34,9000,12.95
2009-07-29,12.92,13.16,12.77,13.06,4700,12.68
2009-07-28,13.09,13.25,12.98,13.25,11100,12.87
2009-07-27,13.05,13.38,12.77,13.38,5400,12.99
2009-07-24,12.96,13.50,12.82,13.08,53200,12.70
2009-07-23,12.95,13.48,12.95,13.22,18400,12.84
2009-07-22,12.80,13.04,12.80,12.82,500,12.45
2009-07-21,13.01,13.01,12.69,12.83,11700,12.46
2009-07-20,12.86,12.99,12.52,12.76,6500,12.39
2009-07-17,12.75,12.78,12.40,12.40,6800,12.04
2009-07-16,12.46,12.68,12.43,12.60,13400,12.23
2009-07-15,12.40,12.81,12.33,12.39,21500,12.03
2009-07-14,11.81,12.07,11.81,12.00,1700,11.65
2009-07-13,12.00,12.00,11.55,11.75,13700,11.41
2009-07-10,12.01,12.02,12.00,12.01,2000,11.66
2009-07-09,12.01,12.01,12.01,12.01,6400,11.66
2009-07-08,12.13,12.27,12.00,12.01,9800,11.66
2009-07-07,12.50,12.59,12.46,12.48,3500,12.12
2009-07-06,12.62,12.85,12.33,12.51,10900,12.15
2009-07-02,13.00,13.20,13.00,13.02,3100,12.64
2009-07-01,13.00,13.13,13.00,13.06,18000,12.68
2009-06-30,12.80,13.04,12.80,13.04,6500,12.66
2009-06-29,12.79,13.03,12.74,13.00,2200,12.62
2009-06-26,13.00,13.10,12.82,12.92,15100,12.55
2009-06-25,13.19,13.22,13.00,13.22,3200,12.84
2009-06-24,13.01,13.34,13.00,13.12,4600,12.74
2009-06-23,13.26,13.26,13.11,13.12,8000,12.74
2009-06-22,13.61,13.61,13.26,13.26,16200,12.88
2009-06-19,14.14,14.14,13.67,13.77,6700,13.37
2009-06-18,14.00,14.11,13.83,13.87,3900,13.47
2009-06-17,14.11,14.11,13.99,14.07,10800,13.66
2009-06-16,14.45,14.59,14.18,14.18,13200,13.77
2009-06-15,14.07,14.43,13.90,14.43,22700,14.01
2009-06-12,14.23,14.39,14.03,14.15,28100,13.74
2009-06-11,14.18,14.53,14.16,14.16,18800,13.75
2009-06-10,14.70,14.70,14.22,14.32,19700,13.90
2009-06-09,14.60,14.68,14.32,14.56,33400,14.14
2009-06-08,14.24,14.66,14.21,14.50,62200,14.08
2009-06-05,14.91,15.69,14.50,14.66,15400,14.23
2009-06-04,14.69,14.80,14.35,14.75,27200,14.32
2009-06-03,14.50,14.61,14.02,14.30,17600,13.89
2009-06-02,14.69,14.81,14.12,14.78,18200,14.35
2009-06-01,14.00,14.84,13.90,14.52,65100,14.10
2009-05-29,14.04,14.04,13.61,13.88,52900,13.48
2009-05-28,13.64,14.15,13.50,13.77,180200,13.37
2009-05-27,13.61,13.61,13.51,13.51,1800,13.12
2009-05-26,13.11,13.67,13.09,13.30,9000,12.91
2009-05-22,13.20,13.32,13.03,13.29,9500,12.90
2009-05-21,13.11,13.22,12.80,12.85,7800,12.48
2009-05-20,13.34,13.37,13.29,13.29,2700,12.90
2009-05-19,13.11,13.26,13.00,13.26,2500,12.88
2009-05-18,12.86,13.09,12.86,13.09,2400,12.71
2009-05-15,12.73,12.73,12.48,12.48,1800,12.12
2009-05-14,12.50,12.74,12.44,12.44,11200,12.08
2009-05-13,12.71,12.71,12.50,12.50,700,12.14
2009-05-12,12.59,12.62,12.49,12.60,6200,12.23
2009-05-11,12.83,12.83,12.48,12.60,6400,12.23
2009-05-08,11.53,12.50,11.53,12.50,7000,12.14
2009-05-07,12.23,12.42,12.14,12.35,5600,11.99
2009-05-06,12.19,12.45,12.19,12.45,1600,12.09
2009-05-05,11.62,12.20,11.62,12.03,32000,11.68
2009-05-04,11.89,12.05,11.69,11.75,9700,11.41
2009-05-01,11.52,11.59,11.46,11.59,600,11.25
2009-04-30,11.54,11.79,11.50,11.66,17400,11.32
2009-04-29,11.96,11.96,11.50,11.50,2400,11.17
2009-04-28,11.44,11.44,11.44,11.44,1900,11.11
2009-04-27,11.21,11.53,11.21,11.34,1600,11.01
2009-04-24,11.68,11.69,11.50,11.50,6600,11.17
2009-04-23,11.56,11.56,11.40,11.40,6200,11.07
2009-04-22,11.37,11.50,11.00,11.50,12700,11.17
2009-04-21,10.67,10.75,10.66,10.75,3500,10.44
2009-04-20,11.22,11.56,10.67,10.67,50400,10.36
2009-04-17,11.28,11.76,11.20,11.48,21700,11.15
2009-04-16,11.45,11.82,11.44,11.65,45900,11.31
2009-04-15,11.40,11.40,11.25,11.27,400,10.94
2009-04-14,11.24,11.30,11.24,11.24,2100,10.91
2009-04-13,11.31,11.32,11.31,11.32,2800,10.99
2009-04-09,11.91,11.91,11.14,11.37,3500,11.04
2009-04-08,11.58,11.58,11.36,11.43,4700,11.10
2009-04-07,11.27,11.40,11.08,11.40,19400,11.07
2009-04-06,10.86,11.01,10.75,10.95,15400,10.63
2009-04-03,11.30,11.30,10.66,10.79,7900,10.48
2009-04-02,10.31,10.93,10.31,10.74,2600,10.43
2009-04-01,10.07,10.53,10.07,10.45,33500,10.15
2009-03-31,10.37,10.38,10.06,10.32,60600,10.02
2009-03-30,10.26,10.31,10.17,10.28,9800,9.98
2009-03-27,10.72,10.72,10.46,10.63,7600,10.32
2009-03-26,10.70,10.73,10.65,10.72,12200,10.41
2009-03-25,10.58,10.58,10.29,10.50,6300,10.20
2009-03-24,10.39,10.50,10.37,10.44,13800,10.14
2009-03-23,10.49,10.49,10.26,10.41,53500,10.11
2009-03-20,10.21,10.42,10.09,10.10,6300,9.81
2009-03-19,10.36,10.46,10.16,10.25,5100,9.95
2009-03-18,10.00,10.36,9.95,10.16,10800,9.87
2009-03-17,10.07,10.12,9.86,10.12,6800,9.83
2009-03-16,10.10,10.10,9.82,10.09,3700,9.80
2009-03-13,9.70,9.93,9.70,9.93,94700,9.64
2009-03-12,9.84,9.91,9.62,9.79,3800,9.51
2009-03-11,9.75,9.75,9.52,9.59,15100,9.31
2009-03-10,9.73,9.97,9.60,9.97,73100,9.68
2009-03-09,9.67,9.90,9.54,9.55,22500,9.27
2009-03-06,9.64,9.80,9.38,9.44,22900,9.17
2009-03-05,9.64,9.65,9.48,9.50,10100,9.22
2009-03-04,9.73,9.73,9.50,9.60,9700,9.32
2009-03-03,9.19,9.52,8.58,9.37,33700,9.10
2009-03-02,9.75,9.77,9.53,9.53,13900,9.25
2009-02-27,9.06,10.00,9.06,9.89,3400,9.60
2009-02-26,10.15,10.15,10.03,10.03,5000,9.74
2009-02-25,10.06,10.06,9.85,10.01,12100,9.72
2009-02-24,9.92,10.20,9.86,10.20,9400,9.90
2009-02-23,9.80,10.07,9.80,9.97,3800,9.68
2009-02-20,9.68,10.01,9.68,10.01,5300,9.72
2009-02-19,10.07,10.11,9.98,10.11,24100,9.82
2009-02-18,9.87,9.89,9.87,9.89,3000,9.60
2009-02-17,10.16,10.16,9.88,9.94,3500,9.65
2009-02-13,10.16,10.38,10.16,10.16,3400,9.87
2009-02-12,10.15,10.18,10.13,10.13,500,9.84
2009-02-11,10.24,10.31,10.14,10.14,12000,9.85
2009-02-10,9.99,10.05,9.96,9.96,28700,9.67
2009-02-09,10.15,10.15,10.00,10.00,1200,9.71
2009-02-06,10.05,10.19,10.05,10.15,1400,9.86
2009-02-05,10.03,10.20,10.02,10.20,4200,9.90
2009-02-04,10.27,10.28,10.13,10.18,2500,9.88
2009-02-03,10.21,10.23,10.09,10.23,4100,9.93
2009-02-02,10.09,10.24,10.06,10.06,5700,9.77
2009-01-30,10.27,10.34,10.19,10.20,2800,9.90
2009-01-29,10.18,10.33,10.13,10.14,7500,9.85
2009-01-28,10.78,10.78,10.05,10.32,20600,10.02
2009-01-27,10.40,10.62,10.40,10.62,8300,10.31
2009-01-26,10.10,10.18,10.10,10.18,3400,9.88
2009-01-23,9.96,9.96,9.90,9.91,3300,9.62
2009-01-22,9.89,10.00,9.52,9.54,3900,9.26
2009-01-21,10.13,10.13,9.42,9.68,12200,9.40
2009-01-20,10.51,10.65,10.41,10.41,68800,10.11
2009-01-16,11.12,11.14,10.41,11.00,5500,10.68
2009-01-15,11.14,11.17,10.76,10.92,600,10.60
2009-01-14,11.21,11.40,11.21,11.29,6700,10.96
2009-01-13,11.56,11.56,11.04,11.34,12800,11.01
2009-01-12,11.50,11.56,11.50,11.50,800,11.17
2009-01-09,12.18,12.18,11.60,11.66,226000,11.32
2009-01-08,11.82,11.89,11.68,11.75,12000,11.41
2009-01-07,12.25,12.25,12.08,12.08,300,11.73
2009-01-06,12.20,12.20,12.16,12.20,3100,11.85
2009-01-05,12.65,12.65,12.05,12.05,4800,11.70
2009-01-02,12.20,12.60,12.20,12.57,2600,12.21
2008-12-31,12.72,12.72,12.31,12.45,17900,12.09
2008-12-30,12.15,12.53,12.15,12.51,2600,12.15
2008-12-29,12.36,12.39,12.15,12.35,13100,11.99
2008-12-26,12.56,12.63,12.38,12.44,6900,12.08
2008-12-24,12.50,12.62,12.50,12.62,500,12.25
2008-12-23,12.31,12.76,12.31,12.53,2900,12.17
2008-12-22,13.01,13.01,12.45,12.60,15000,12.23
2008-12-19,12.84,13.42,12.84,13.18,10700,12.80
2008-12-18,12.90,13.45,12.90,13.19,17200,12.81
2008-12-17,13.44,13.44,13.20,13.30,2800,12.91
2008-12-16,13.25,13.33,13.02,13.21,17900,12.83
2008-12-15,13.05,13.31,12.93,13.16,14100,12.78
2008-12-12,12.62,13.05,12.62,13.05,1600,12.67
2008-12-11,12.73,12.90,12.73,12.75,1600,12.38
2008-12-10,11.50,12.95,11.50,12.65,13500,12.28
2008-12-09,12.65,12.68,12.50,12.68,11700,12.31
2008-12-08,13.30,13.30,12.40,12.55,16400,12.19
2008-12-05,12.06,12.31,12.05,12.30,2000,11.94
2008-12-04,11.76,12.42,11.76,12.04,57600,11.69
2008-12-03,12.35,12.72,12.35,12.53,2400,12.17
2008-12-02,12.50,12.53,12.27,12.27,6900,11.91
2008-12-01,12.53,12.53,12.28,12.28,1200,11.92
2008-11-28,12.64,12.64,12.36,12.36,1900,12.00
2008-11-26,11.83,12.29,11.83,12.20,7600,11.85
2008-11-25,11.62,11.95,11.40,11.95,19600,11.60
2008-11-24,12.22,12.32,11.21,12.10,23800,11.75
2008-11-21,12.07,12.22,11.40,12.22,28900,11.87
2008-11-20,12.04,12.24,10.57,11.25,88700,10.92
2008-11-19,12.66,12.73,12.16,12.17,13600,11.82
2008-11-18,12.73,12.85,12.47,12.66,5900,12.29
2008-11-17,12.50,12.74,12.50,12.67,1700,12.30
2008-11-14,12.64,13.11,12.64,12.81,8400,12.44
2008-11-13,12.95,13.16,12.47,13.16,27000,12.78
2008-11-12,13.19,13.25,13.00,13.00,12600,12.62
2008-11-11,14.15,14.15,13.61,13.74,5400,13.34
2008-11-10,14.31,14.37,14.21,14.23,7000,13.82
2008-11-07,14.62,15.05,14.60,14.95,4600,14.52
2008-11-06,14.83,15.11,14.71,14.75,5200,14.32
2008-11-05,14.45,15.49,14.45,15.26,9700,14.82
2008-11-04,15.03,15.60,15.00,15.46,27000,15.01
2008-11-03,15.00,15.10,14.93,14.93,6000,14.50
2008-10-31,14.92,15.20,14.89,15.20,4000,14.76
2008-10-30,15.14,15.14,14.44,14.77,4600,14.34
2008-10-29,14.50,15.18,14.42,14.72,8600,14.29
2008-10-28,13.83,14.83,13.70,14.78,30200,14.35
2008-10-27,14.53,14.53,13.73,13.73,18700,13.33
2008-10-24,15.09,15.18,14.43,15.14,3500,14.70
2008-10-23,15.43,15.75,15.19,15.26,10000,14.82
2008-10-22,15.82,15.86,15.12,15.22,26900,14.78
2008-10-21,16.55,16.55,16.15,16.15,6400,15.68
2008-10-20,16.96,16.96,15.98,16.48,12200,16.00
2008-10-17,16.48,17.32,16.47,17.25,21400,16.75
2008-10-16,17.55,17.76,16.50,16.88,16500,16.39
2008-10-15,17.50,17.62,16.65,17.41,4300,16.90
2008-10-14,19.18,19.60,17.75,18.00,14700,17.48
2008-10-13,14.74,17.06,14.73,16.95,85400,16.46
2008-10-10,14.31,15.92,14.13,15.73,24500,15.27
2008-10-09,15.97,16.12,14.77,15.18,88600,14.74
2008-10-08,15.51,16.15,15.03,15.55,52600,15.10
2008-10-07,16.61,17.26,15.51,15.78,13400,15.32
2008-10-06,17.29,18.16,15.45,16.49,105100,16.01
2008-10-03,19.71,19.74,19.37,19.37,3200,18.81
2008-10-02,19.24,19.26,19.16,19.16,7100,18.60
2008-10-01,19.24,19.45,19.03,19.44,8200,18.88
2008-09-30,18.73,19.32,18.73,19.24,9000,18.68
2008-09-29,18.96,19.50,17.50,17.50,19600,16.99
2008-09-26,18.74,19.29,18.74,19.27,6600,18.71
2008-09-25,19.80,19.80,19.49,19.73,6500,19.16
2008-09-24,20.39,20.39,19.68,19.69,9600,19.12
2008-09-23,19.95,20.48,19.95,20.06,8200,19.48
2008-09-22,20.27,20.27,19.85,19.85,8200,19.27
2008-09-19,20.00,20.61,19.64,19.64,13300,19.07
2008-09-18,18.54,18.95,18.46,18.94,21700,18.39
2008-09-17,18.86,18.97,18.32,18.81,52500,18.26
2008-09-16,17.90,18.73,17.90,18.42,29400,17.89
2008-09-15,19.96,19.96,18.50,18.56,44800,18.02
2008-09-12,20.45,20.46,20.14,20.30,6000,19.71
2008-09-11,19.95,20.52,19.95,20.37,26600,19.78
2008-09-10,20.71,21.09,20.36,20.51,33700,19.91
2008-09-09,21.25,21.33,19.83,20.01,104800,19.43
2008-09-08,22.70,22.70,20.93,21.31,30000,20.69
2008-09-05,21.68,21.90,21.43,21.89,33500,21.25
2008-09-04,22.24,22.24,21.55,21.67,19600,21.04
2008-09-03,22.01,22.21,22.00,22.17,4500,21.53
2008-09-02,22.51,22.51,22.00,22.10,27200,21.46
2008-08-29,22.71,22.76,22.60,22.60,5000,21.94
2008-08-28,22.69,22.80,22.57,22.66,18600,22.00
2008-08-27,22.32,22.90,22.31,22.69,7900,22.03
2008-08-26,22.65,22.65,22.35,22.41,359900,21.76
2008-08-25,22.33,22.57,22.27,22.56,29300,21.91
2008-08-22,23.00,23.00,22.61,22.77,7800,22.11
2008-08-21,22.81,22.94,22.67,22.84,30000,22.18
2008-08-20,23.04,23.04,22.50,22.77,26200,22.11
2008-08-19,23.21,23.21,22.78,22.89,25400,22.23
2008-08-18,23.00,23.13,22.77,22.87,48700,22.21
2008-08-15,23.39,23.39,23.00,23.23,17800,22.56
2008-08-14,23.26,23.40,23.17,23.31,15600,22.63
2008-08-13,23.28,23.28,22.80,23.14,159800,22.47
2008-08-12,23.21,23.21,22.51,22.69,44400,22.03
2008-08-11,24.42,24.42,23.27,23.30,33200,22.62
2008-08-08,24.23,24.23,24.23,24.23,000,23.53
2008-08-07,24.03,24.03,24.03,24.03,000,23.33
2008-08-06,24.32,24.32,24.32,24.32,000,23.61
2008-08-05,24.39,24.39,24.39,24.39,000,23.68
2008-08-04,24.13,24.13,24.13,24.13,000,23.43
2008-08-01,24.45,24.45,24.45,24.45,000,23.74
2008-07-31,24.47,24.47,24.47,24.47,000,23.76
2008-07-30,24.83,24.83,24.83,24.83,000,24.11
2008-07-29,24.78,24.78,24.78,24.78,000,24.06
2008-07-28,24.84,24.84,24.84,24.84,000,24.12
2008-07-25,24.95,24.95,24.95,24.95,000,24.23
2008-07-24,24.74,24.74,24.74,24.74,000,24.02
2008-07-23,25.06,25.06,25.06,25.06,000,24.33
2008-07-22,25.05,25.05,25.05,25.05,000,24.32