2011-05-10,29.34,29.72,29.32,29.71,13100,29.71
2011-05-09,28.93,29.16,28.86,29.12,5700,29.12
2011-05-06,29.11,29.35,28.98,29.05,18000,29.05
2011-05-05,28.80,29.33,28.80,28.92,5500,28.92
2011-05-04,29.01,29.01,28.53,28.84,102000,28.84
2011-05-03,29.06,29.07,28.78,28.93,6500,28.93
2011-05-02,29.74,29.74,29.12,29.12,7500,29.12
2011-04-29,29.69,29.69,29.37,29.48,4300,29.48
2011-04-28,29.42,29.55,29.31,29.51,6600,29.51
2011-04-27,29.45,29.59,29.41,29.59,3000,29.59
2011-04-26,29.09,29.47,29.06,29.47,39500,29.47
2011-04-25,29.10,29.12,28.98,29.11,6500,29.11
2011-04-21,28.95,29.13,28.91,29.09,11800,29.09
2011-04-20,28.91,28.91,28.70,28.85,2200,28.85
2011-04-19,28.42,28.42,28.10,28.27,10700,28.27
2011-04-18,28.10,28.17,27.95,28.17,6600,28.17
2011-04-15,28.17,28.53,28.17,28.53,10300,28.53
2011-04-14,28.06,28.21,28.00,28.20,16500,28.20
2011-04-13,28.10,28.26,28.00,28.18,5200,28.18
2011-04-12,28.26,28.33,28.16,28.16,11900,28.16
2011-04-11,28.49,28.49,28.20,28.27,7700,28.27
2011-04-08,28.98,28.98,28.40,28.48,24400,28.48
2011-04-07,29.21,29.26,28.86,28.94,26400,28.94
2011-04-06,29.09,29.14,28.79,28.99,20000,28.99
2011-04-05,28.41,29.00,28.41,28.81,28100,28.81
2011-04-04,28.49,28.55,28.42,28.44,29200,28.44
2011-04-01,28.50,28.70,28.39,28.51,53400,28.51
2011-03-31,28.24,28.41,28.17,28.38,13500,28.38
2011-03-30,27.94,28.35,27.94,28.35,14600,28.35
2011-03-29,27.48,27.82,27.44,27.79,16000,27.79
2011-03-28,28.01,28.01,27.54,27.60,14700,27.60
2011-03-25,27.57,28.11,27.57,27.85,10200,27.85
2011-03-24,27.49,27.51,27.21,27.50,3200,27.50
2011-03-23,26.87,27.24,26.71,27.24,6100,27.24
2011-03-22,27.18,27.18,26.93,26.98,4100,26.98
2011-03-21,27.03,27.18,27.00,27.18,5300,27.18
2011-03-18,26.98,26.98,26.61,26.70,68500,26.70
2011-03-17,26.96,27.01,26.63,26.63,4600,26.63
2011-03-16,26.77,26.97,26.60,26.77,14200,26.77
2011-03-15,26.19,27.08,26.19,27.08,21100,27.08
2011-03-14,27.36,27.58,26.75,27.36,25800,27.36
2011-03-11,27.53,27.63,27.38,27.63,6000,27.63
2011-03-10,27.43,27.70,27.42,27.56,7000,27.56
2011-03-09,27.80,28.08,27.79,28.04,2700,28.04
2011-03-08,27.24,27.87,27.24,27.86,4000,27.86
2011-03-07,27.80,27.93,27.23,27.41,4800,27.41
2011-03-04,27.88,27.88,27.49,27.59,11800,27.59
2011-03-03,27.59,27.95,27.59,27.88,6800,27.88
2011-03-02,27.12,27.42,27.12,27.15,5600,27.15
2011-03-01,27.83,27.87,27.07,27.12,12700,27.12
2011-02-28,28.12,28.12,27.68,27.84,13200,27.84
2011-02-25,27.81,28.01,27.68,28.01,10100,28.01
2011-02-24,27.37,27.59,27.15,27.56,30400,27.56
2011-02-23,27.78,27.78,27.01,27.33,6200,27.33
2011-02-22,28.51,28.55,28.10,28.12,7800,28.12
2011-02-18,28.80,28.83,28.68,28.76,5700,28.76
2011-02-17,28.63,28.67,28.23,28.62,22500,28.62
2011-02-16,28.12,28.40,28.12,28.30,14600,28.30
2011-02-15,28.43,28.43,28.11,28.15,12300,28.15
2011-02-14,28.44,28.48,28.25,28.43,32400,28.43
2011-02-11,28.07,28.37,27.93,28.37,7400,28.37
2011-02-10,27.76,28.20,27.76,28.16,24400,28.16
2011-02-09,28.22,28.32,28.05,28.15,5800,28.15
2011-02-08,27.86,28.16,27.85,28.16,11400,28.16
2011-02-07,27.85,28.10,27.82,27.88,4700,27.88
2011-02-04,27.47,27.65,27.36,27.51,12300,27.51
2011-02-03,27.22,27.61,27.17,27.51,4000,27.51
2011-02-02,27.25,27.41,27.17,27.26,136600,27.26
2011-02-01,27.14,27.55,27.11,27.37,18700,27.37
2011-01-31,26.55,27.01,26.55,26.81,5000,26.81
2011-01-28,27.30,27.30,26.71,26.77,12100,26.77
2011-01-27,27.39,27.55,27.28,27.52,2700,27.52
2011-01-26,27.00,27.47,27.00,27.42,9300,27.42
2011-01-25,27.00,27.07,26.81,27.07,7300,27.07
2011-01-24,26.90,27.14,26.90,27.10,4800,27.10
2011-01-21,27.10,27.13,26.99,27.00,3100,27.00
2011-01-20,27.05,27.33,27.00,27.13,10300,27.13
2011-01-19,27.69,27.69,27.07,27.10,9100,27.10
2011-01-18,27.81,27.81,27.52,27.54,2300,27.54
2011-01-14,27.71,27.94,27.68,27.93,7200,27.93
2011-01-13,27.88,28.00,27.87,27.95,16800,27.95
2011-01-12,27.96,28.06,27.88,27.94,4600,27.94
2011-01-11,27.88,27.88,27.59,27.59,8200,27.59
2011-01-10,27.42,27.82,27.40,27.75,14300,27.75
2011-01-07,28.09,28.09,27.39,27.77,6600,27.77
2011-01-06,28.00,28.11,27.87,27.87,3900,27.87
2011-01-05,27.74,28.07,27.74,28.06,6300,28.06
2011-01-04,28.45,28.45,27.56,27.84,26700,27.84
2011-01-03,28.25,28.68,28.23,28.50,27400,28.50
2010-12-31,28.27,28.27,28.01,28.01,3800,28.01
2010-12-30,28.43,28.46,28.37,28.46,9000,28.46
2010-12-29,28.33,28.43,28.26,28.35,4900,28.35
2010-12-28,28.35,28.39,28.30,28.30,15500,28.30
2010-12-27,28.36,28.52,28.36,28.49,1500,28.49
2010-12-23,28.52,28.66,28.51,28.54,4300,28.54
2010-12-22,28.57,28.57,28.35,28.48,12000,28.48
2010-12-21,28.43,28.62,28.38,28.56,5300,28.56
2010-12-20,28.50,28.57,28.36,28.43,10400,28.43
2010-12-17,28.02,28.31,27.96,28.28,6600,28.28
2010-12-16,27.88,28.17,27.88,28.17,6600,28.07
2010-12-15,27.85,28.01,27.69,27.84,6300,27.75
2010-12-14,27.99,27.99,27.82,27.83,21600,27.74
2010-12-13,28.30,28.31,27.97,27.97,6900,27.88
2010-12-10,28.03,28.29,28.03,28.28,5600,28.18
2010-12-09,28.03,28.04,27.83,27.99,6800,27.90
2010-12-08,28.16,28.16,27.80,27.82,8500,27.73
2010-12-07,28.62,28.62,28.15,28.17,65900,28.07
2010-12-06,27.79,27.98,27.77,27.94,7100,27.85
2010-12-03,27.43,27.84,27.35,27.79,14000,27.70
2010-12-02,27.50,27.57,27.40,27.47,8300,27.38
2010-12-01,27.45,27.61,27.30,27.36,7500,27.27
2010-11-30,26.79,27.19,26.76,26.93,5800,26.84
2010-11-29,26.87,27.13,26.71,27.09,9700,27.00
2010-11-26,26.97,27.10,26.86,27.06,3200,26.97
2010-11-24,26.91,27.11,26.83,27.11,10600,27.02
2010-11-23,26.38,26.50,26.24,26.49,6400,26.40
2010-11-22,26.35,26.64,26.33,26.64,4900,26.55
2010-11-19,26.16,26.44,26.08,26.43,8300,26.34
2010-11-18,26.21,26.34,26.19,26.20,36500,26.11
2010-11-17,25.58,25.78,25.58,25.78,52100,25.69
2010-11-16,25.62,25.75,25.38,25.50,7200,25.41
2010-11-15,26.14,26.16,25.84,25.89,9400,25.80
2010-11-12,26.26,26.26,25.85,25.92,6400,25.83
2010-11-11,25.99,26.39,25.99,26.28,2400,26.19
2010-11-10,25.76,26.17,25.76,26.17,1300,26.08
2010-11-09,26.35,26.35,25.88,25.88,3200,25.79
2010-11-08,26.07,26.28,26.07,26.28,1100,26.19
2010-11-05,26.08,26.27,26.07,26.19,5700,26.10
2010-11-04,25.90,25.97,25.71,25.92,6600,25.83
2010-11-03,25.38,25.44,25.16,25.16,1800,25.08
2010-11-02,25.14,25.34,24.98,25.31,5600,25.22
2010-11-01,25.21,25.21,24.70,24.70,1100,24.62
2010-10-29,24.76,25.00,24.76,25.00,7800,24.92
2010-10-28,25.05,25.05,24.71,24.74,3200,24.66
2010-10-27,24.85,24.89,24.62,24.85,4100,24.77
2010-10-26,25.17,25.43,25.00,25.35,2300,25.26
2010-10-25,25.56,25.56,25.28,25.31,7400,25.22
2010-10-22,25.43,25.43,24.97,25.12,14800,25.04
2010-10-21,25.28,25.33,24.71,24.89,6900,24.81
2010-10-20,25.05,25.29,25.05,25.29,2500,25.20
2010-10-19,25.39,25.49,24.89,24.94,4300,24.86
2010-10-18,25.56,25.62,25.45,25.60,3300,25.51
2010-10-15,25.59,25.59,25.43,25.54,4500,25.45
2010-10-14,25.52,25.53,25.29,25.45,7400,25.36
2010-10-13,25.59,25.86,25.56,25.72,13800,25.63
2010-10-12,25.20,25.45,25.07,25.45,5200,25.36
2010-10-11,25.38,25.51,25.20,25.25,13000,25.16
2010-10-08,24.80,25.20,24.70,25.20,10200,25.11
2010-10-07,24.78,24.78,24.52,24.68,4900,24.60
2010-10-06,24.76,24.81,24.43,24.43,4000,24.35
2010-10-05,24.33,24.87,24.33,24.84,8500,24.76
2010-10-04,24.30,24.30,23.87,24.04,1800,23.96
2010-10-01,24.37,24.45,24.11,24.37,14400,24.29
2010-09-30,24.46,24.50,23.85,24.16,7200,24.08
2010-09-29,24.17,24.37,24.13,24.27,3500,24.19
2010-09-28,23.93,24.20,23.52,24.20,11400,24.12
2010-09-27,23.84,23.98,23.71,23.86,5700,23.78
2010-09-24,23.42,23.84,23.42,23.84,20000,23.76
2010-09-23,23.11,23.51,23.09,23.12,5500,23.04
2010-09-22,23.12,23.41,22.93,23.13,10400,23.05
2010-09-21,23.74,23.74,23.41,23.60,17000,23.52
2010-09-20,23.43,23.65,23.43,23.61,4800,23.53
2010-09-17,23.19,23.25,22.54,23.16,3400,23.08
2010-09-16,23.23,23.23,22.92,23.14,2200,23.06
2010-09-15,22.96,23.28,22.96,23.27,1700,23.19
2010-09-14,23.10,23.39,23.07,23.18,4300,23.10
2010-09-13,22.77,23.09,22.77,23.08,1200,23.00
2010-09-10,22.57,22.57,22.45,22.49,600,22.41
2010-09-09,22.75,22.75,22.35,22.44,4800,22.36
2010-09-08,22.51,22.78,22.51,22.64,5800,22.56
2010-09-07,22.82,22.82,22.46,22.49,1700,22.41
2010-09-03,27.51,27.51,22.87,23.06,12600,22.98
2010-09-02,22.10,22.65,22.10,22.65,7600,22.57
2010-09-01,21.47,21.94,21.47,21.94,1300,21.87
2010-08-31,21.17,21.37,21.05,21.08,3800,21.01
2010-08-30,21.69,21.69,21.19,21.22,2700,21.15
2010-08-27,21.20,21.79,21.20,21.77,3900,21.70
2010-08-26,21.68,21.68,21.31,21.33,9100,21.26
2010-08-25,21.07,21.47,21.05,21.45,2900,21.38
2010-08-24,21.22,21.38,21.03,21.21,3200,21.14
2010-08-23,22.08,22.08,21.53,21.53,2600,21.46
2010-08-20,21.57,21.84,21.51,21.83,1500,21.76
2010-08-19,22.24,22.24,21.85,21.99,1400,21.92
2010-08-18,21.96,22.58,21.81,22.36,8600,22.28
2010-08-17,22.25,22.25,22.07,22.07,1500,22.00
2010-08-16,21.69,21.75,21.59,21.65,8100,21.58
2010-08-13,21.80,21.80,21.55,21.55,4200,21.48
2010-08-12,21.57,22.07,21.57,21.96,5000,21.89
2010-08-11,22.32,22.32,21.96,22.02,1014200,21.95
2010-08-10,22.93,23.00,22.44,23.00,13800,22.92
2010-08-09,23.23,23.40,23.23,23.35,3700,23.27
2010-08-06,23.07,23.16,22.70,23.13,2800,23.05
2010-08-05,23.49,23.58,23.49,23.49,700,23.41
2010-08-04,24.18,24.18,23.54,23.72,4400,23.64
2010-08-03,23.72,23.72,23.55,23.55,700,23.47
2010-08-02,24.00,24.12,23.91,24.11,10100,24.03
2010-07-30,23.42,23.78,22.59,23.64,10700,23.56
2010-07-29,23.82,23.82,23.38,23.52,2300,23.44
2010-07-28,23.83,23.83,23.62,23.67,1800,23.59
2010-07-27,24.34,24.34,24.10,24.16,8600,24.08
2010-07-26,24.24,24.35,24.24,24.34,3600,24.26
2010-07-23,23.25,23.72,23.25,23.72,2200,23.64
2010-07-22,23.05,23.24,22.93,23.24,3600,23.16
2010-07-21,22.46,22.46,22.34,22.34,300,22.26
2010-07-20,21.64,22.59,21.64,22.59,2900,22.51
2010-07-19,21.99,21.99,21.93,21.93,700,21.86
2010-07-16,22.74,22.74,22.00,22.00,1000,21.93
2010-07-15,22.74,22.74,22.74,22.74,500,22.66
2010-07-14,23.10,23.10,23.10,23.10,200,23.02
2010-07-13,22.91,23.15,22.91,23.15,170100,23.07
2010-07-12,22.81,22.81,22.53,22.55,600,22.47
2010-07-09,22.20,22.70,22.20,22.70,1200,22.62
2010-07-08,22.09,22.09,22.04,22.07,1300,22.00
2010-07-07,21.34,21.88,21.34,21.88,2400,21.81
2010-07-06,22.09,22.32,21.11,21.11,2000,21.04
2010-07-02,22.06,22.06,21.88,21.95,23500,21.88
2010-07-01,21.38,22.12,21.38,22.09,17900,22.02
2010-06-30,22.21,22.50,21.98,22.00,20900,21.93
2010-06-29,22.50,22.51,22.10,22.16,5800,22.09
2010-06-28,23.26,23.60,23.17,23.17,1400,23.09
2010-06-25,23.08,23.08,23.08,23.08,000,23.00
2010-06-24,23.43,23.50,23.08,23.08,4000,23.00
2010-06-23,23.43,23.86,23.41,23.71,5200,23.63
2010-06-22,24.22,24.31,23.63,23.63,5400,23.55
2010-06-21,24.80,25.26,24.19,24.19,16600,24.11
2010-06-18,25.23,25.23,24.82,24.90,149100,24.82
2010-06-17,24.86,25.12,24.74,24.92,14200,24.84
2010-06-16,24.44,25.32,24.44,25.05,56000,24.97
2010-06-15,25.50,25.50,25.17,25.27,21300,25.18
2010-06-14,24.87,25.15,24.87,25.07,1600,24.99
2010-06-11,24.10,24.66,24.10,24.66,3000,24.58
2010-06-10,23.98,24.28,23.92,24.28,14400,24.20
2010-06-09,23.75,23.78,23.45,23.45,2200,23.37
2010-06-08,22.97,23.29,22.75,23.23,16000,23.15
2010-06-07,24.37,24.37,23.21,23.22,6800,23.14
2010-06-04,24.63,24.92,24.12,24.15,20000,24.07
2010-06-03,25.32,25.47,25.12,25.47,26800,25.38
2010-06-02,24.65,24.83,24.47,24.83,4800,24.75
2010-06-01,24.91,24.91,24.55,24.61,1000,24.53
2010-05-28,25.35,25.39,25.26,25.39,3200,25.30
2010-05-27,25.00,25.40,24.84,25.40,11200,25.31
2010-05-26,25.02,25.04,24.53,24.53,2400,24.45
2010-05-25,23.74,24.55,23.48,24.55,5900,24.47
2010-05-24,24.74,24.97,24.56,24.56,7400,24.48
2010-05-21,23.49,24.55,23.48,24.54,3500,24.46
2010-05-20,24.24,25.06,24.19,24.76,18000,24.68
2010-05-19,25.81,25.81,25.14,25.55,4800,25.46
2010-05-18,26.75,26.75,25.68,25.68,6800,25.59
2010-05-17,26.23,26.23,25.46,25.58,2600,25.49
2010-05-14,26.22,26.29,25.89,26.03,9400,25.94
2010-05-13,27.02,27.19,26.60,26.70,5600,26.61
2010-05-12,26.74,27.21,26.67,27.21,6000,27.12
2010-05-11,25.92,26.64,25.92,26.43,6400,26.34
2010-05-10,25.91,29.65,25.63,25.78,3000,25.69
2010-05-07,24.62,25.66,24.27,24.72,8200,24.64
2010-05-06,25.98,27.42,11.00,25.77,49000,25.68
2010-05-05,26.88,26.88,26.23,26.39,8200,26.30
2010-05-04,27.24,27.24,26.67,26.84,3400,26.75
2010-05-03,27.08,27.62,27.07,27.62,21000,27.53
2010-04-30,27.95,27.95,26.87,26.97,8800,26.88
2010-04-29,27.22,27.87,27.22,27.87,22000,27.78
2010-04-28,27.50,27.50,26.95,27.09,10100,27.00
2010-04-27,28.05,28.11,27.25,27.25,25200,27.16
2010-04-26,28.41,28.41,28.09,28.09,18900,28.00
2010-04-23,27.86,28.11,27.72,28.11,7300,28.02
2010-04-22,26.93,27.85,26.89,27.79,14600,27.70
2010-04-21,26.96,27.25,26.80,27.20,22500,27.11
2010-04-20,26.65,26.73,26.61,26.67,5400,26.58
2010-04-19,26.52,26.57,26.12,26.47,700,26.38
2010-04-16,26.91,27.05,26.57,26.72,1400,26.63
2010-04-15,27.06,27.06,26.89,27.05,1800,26.96
2010-04-14,26.60,26.81,26.60,26.81,500,26.72
2010-04-13,26.19,26.22,26.19,26.22,10000,26.13
2010-04-12,26.14,26.22,26.10,26.20,16400,26.11
2010-04-09,25.96,25.96,25.81,25.90,10800,25.81
2010-04-08,25.80,25.94,25.80,25.94,1100,25.85
2010-04-07,25.82,25.92,25.80,25.80,3500,25.71