2011-05-10,43.49,43.88,43.45,43.84,20300,43.84
2011-05-09,43.09,43.36,42.97,43.28,25000,43.28
2011-05-06,43.95,43.95,42.95,43.11,35300,43.11
2011-05-05,43.41,43.97,43.39,43.62,30800,43.62
2011-05-04,43.97,43.98,43.57,43.73,26000,43.73
2011-05-03,44.21,44.22,43.55,43.92,30000,43.92
2011-05-02,44.34,44.50,43.93,44.21,34000,44.21
2011-04-29,44.84,44.84,43.73,44.18,54000,44.18
2011-04-28,44.12,44.76,44.03,44.62,25100,44.62
2011-04-27,44.06,44.10,43.79,44.08,25300,44.08
2011-04-26,43.41,43.91,43.29,43.80,24800,43.80
2011-04-25,43.18,43.36,42.80,43.29,56900,43.29
2011-04-21,42.97,42.97,42.58,42.95,19900,42.95
2011-04-20,42.72,42.83,42.36,42.78,13500,42.78
2011-04-19,42.08,42.29,42.00,42.28,19800,42.28
2011-04-18,42.25,42.25,41.72,41.93,30600,41.93
2011-04-15,42.00,42.37,41.93,42.37,31900,42.37
2011-04-14,41.01,41.85,41.01,41.80,26000,41.80
2011-04-13,41.70,41.70,41.30,41.36,16200,41.36
2011-04-12,41.52,41.53,41.36,41.38,14600,41.38
2011-04-11,41.61,41.67,41.31,41.40,19900,41.40
2011-04-08,41.84,41.84,41.27,41.37,31400,41.37
2011-04-07,42.16,42.16,41.46,41.64,47300,41.64
2011-04-06,42.38,42.38,41.96,42.01,20000,42.01
2011-04-05,42.14,42.20,41.92,42.04,23600,42.04
2011-04-04,41.73,42.12,41.73,41.98,20700,41.98
2011-04-01,42.11,42.15,41.78,41.95,25900,41.95
2011-03-31,41.60,41.94,41.45,41.86,27500,41.86
2011-03-30,41.08,41.53,40.90,41.48,62400,41.48
2011-03-29,40.75,40.92,40.32,40.88,13400,40.88
2011-03-28,40.77,40.82,40.61,40.71,14300,40.71
2011-03-25,40.41,40.78,40.41,40.62,23300,40.62
2011-03-24,40.92,40.92,40.40,40.75,14800,40.39
2011-03-23,40.75,40.80,40.42,40.62,22700,40.26
2011-03-22,41.24,41.27,40.94,41.05,10700,40.69
2011-03-21,41.73,41.73,41.31,41.42,32500,41.05
2011-03-18,41.16,41.19,40.94,41.13,15000,40.77
2011-03-17,40.96,40.96,40.45,40.77,91700,40.41
2011-03-16,41.10,41.10,40.13,40.35,19700,39.99
2011-03-15,40.42,41.22,40.11,41.16,47900,40.80
2011-03-14,41.62,41.62,40.92,41.06,11600,40.70
2011-03-11,40.68,41.41,40.68,41.36,16500,40.99
2011-03-10,40.98,41.02,40.81,40.86,19400,40.50
2011-03-09,41.34,41.47,41.08,41.35,28100,40.98
2011-03-08,40.74,41.45,40.73,41.33,22300,40.96
2011-03-07,41.14,41.14,40.50,40.65,19200,40.29
2011-03-04,41.29,41.29,40.82,40.97,16700,40.61
2011-03-03,41.21,41.32,41.08,41.32,7300,40.95
2011-03-02,41.14,41.14,40.62,40.77,14300,40.41
2011-03-01,42.52,42.52,41.11,41.11,21600,40.75
2011-02-28,41.98,42.51,41.75,42.47,21000,42.09
2011-02-25,40.97,41.43,40.82,41.43,11400,41.06
2011-02-24,40.57,40.77,40.30,40.55,15900,40.19
2011-02-23,40.97,41.05,40.54,40.69,18700,40.33
2011-02-22,40.96,41.17,40.80,40.87,17400,40.51
2011-02-18,41.00,41.19,40.87,41.12,20300,40.76
2011-02-17,41.10,41.10,40.75,40.79,27600,40.43
2011-02-16,41.09,41.30,40.78,40.92,18500,40.56
2011-02-15,40.99,41.08,40.68,40.84,113000,40.48
2011-02-14,41.14,41.14,40.72,41.02,27600,40.66
2011-02-11,40.79,40.92,40.65,40.90,21600,40.54
2011-02-10,40.59,40.75,40.47,40.67,19400,40.31
2011-02-09,40.55,40.60,40.33,40.57,24800,40.21
2011-02-08,40.37,40.61,40.37,40.50,16200,40.14
2011-02-07,40.29,40.48,40.08,40.39,19500,40.03
2011-02-04,40.86,40.86,39.89,40.03,29000,39.68
2011-02-03,40.69,40.69,40.40,40.62,23700,40.26
2011-02-02,40.84,40.84,40.47,40.53,16100,40.17
2011-02-01,40.80,40.80,40.23,40.60,47300,40.24
2011-01-31,40.21,40.62,40.07,40.56,38100,40.20
2011-01-28,40.85,40.85,39.78,39.87,14200,39.52
2011-01-27,40.24,40.58,40.24,40.56,17900,40.20
2011-01-26,40.16,40.25,39.78,40.13,34200,39.77
2011-01-25,39.39,39.94,39.20,39.93,29600,39.58
2011-01-24,39.40,39.52,39.10,39.32,15100,38.97
2011-01-21,39.43,39.43,39.04,39.16,13700,38.81
2011-01-20,38.98,39.43,38.98,39.07,29200,38.72
2011-01-19,39.51,39.51,38.90,39.03,25000,38.68
2011-01-18,39.20,39.52,39.00,39.52,15300,39.17
2011-01-14,39.04,39.10,38.96,39.07,25500,38.72
2011-01-13,38.99,39.07,38.85,38.86,10500,38.52
2011-01-12,39.17,39.17,38.67,38.87,14900,38.53
2011-01-11,39.13,39.13,38.55,38.78,26000,38.44
2011-01-10,38.99,39.03,38.56,38.91,8200,38.57
2011-01-07,39.40,39.41,38.73,39.00,10700,38.65
2011-01-06,39.68,39.68,39.13,39.13,17000,38.78
2011-01-05,39.28,39.42,39.26,39.41,19000,39.06
2011-01-04,40.05,40.15,39.18,39.30,15800,38.95
2011-01-03,39.68,40.04,39.65,40.02,32400,39.67
2010-12-31,39.57,39.70,39.38,39.39,26900,39.04
2010-12-30,39.45,39.64,39.37,39.63,12100,39.28
2010-12-29,39.47,39.47,39.26,39.45,27500,39.10
2010-12-28,39.35,39.39,38.98,39.39,25900,39.04
2010-12-27,38.86,39.16,38.75,39.13,13400,38.78
2010-12-23,38.95,38.95,38.80,38.80,7500,38.46
2010-12-22,38.85,39.30,38.85,39.13,14900,38.48
2010-12-21,38.76,38.88,38.54,38.85,47800,38.20
2010-12-20,38.22,38.57,38.15,38.46,7100,37.82
2010-12-17,37.80,38.04,37.74,38.04,15000,37.40
2010-12-16,37.63,37.80,37.52,37.72,17300,37.09
2010-12-15,37.87,38.16,37.65,37.65,9100,37.02
2010-12-14,38.29,38.65,37.85,37.85,8000,37.22
2010-12-13,38.34,38.50,38.21,38.29,27900,37.65
2010-12-10,37.77,38.41,37.77,38.25,27500,37.61
2010-12-09,38.26,38.35,37.79,37.81,11000,37.18
2010-12-08,38.85,38.85,37.93,37.94,12900,37.31
2010-12-07,38.89,38.99,38.71,38.71,33600,38.06
2010-12-06,38.60,38.62,38.12,38.60,20900,37.95
2010-12-03,38.44,38.67,38.27,38.63,22800,37.98
2010-12-02,38.17,38.67,38.17,38.66,10400,38.01
2010-12-01,38.12,38.14,37.86,38.13,40200,37.49
2010-11-30,37.80,38.14,37.80,37.95,6600,37.32
2010-11-29,38.00,38.21,37.60,38.16,9100,37.52
2010-11-26,38.53,38.53,38.03,38.16,21300,37.52
2010-11-24,38.07,38.21,37.92,38.20,10200,37.56
2010-11-23,37.50,37.63,37.45,37.58,8200,36.95
2010-11-22,38.02,38.02,37.74,37.96,11100,37.33
2010-11-19,37.50,37.76,37.28,37.66,16200,37.03
2010-11-18,37.76,37.80,37.52,37.60,10500,36.97
2010-11-17,37.02,37.48,36.96,37.33,14500,36.71
2010-11-16,38.22,38.22,36.77,36.97,58700,36.35
2010-11-15,38.84,39.07,38.36,38.38,16500,37.74
2010-11-12,39.20,39.23,38.71,38.72,6100,38.07
2010-11-11,39.24,39.24,38.96,39.07,11800,38.42
2010-11-10,39.00,39.36,38.94,39.36,20100,38.70
2010-11-09,40.64,40.64,38.47,38.72,53500,38.07
2010-11-08,40.60,40.60,39.88,40.20,20600,39.53
2010-11-05,40.20,40.76,40.20,40.51,21200,39.83
2010-11-04,40.05,40.22,39.66,40.22,12500,39.55
2010-11-03,39.60,39.60,39.11,39.28,10800,38.62
2010-11-02,39.65,39.65,39.15,39.28,7100,38.62
2010-11-01,39.04,39.45,38.90,39.16,11700,38.51
2010-10-29,38.56,38.93,38.56,38.85,26700,38.20
2010-10-28,39.14,39.35,38.38,38.73,33800,38.08
2010-10-27,39.29,39.32,38.75,38.98,15200,38.33
2010-10-26,39.56,39.56,39.20,39.35,37000,38.69
2010-10-25,39.99,39.99,39.60,39.60,15100,38.94
2010-10-22,39.71,39.87,39.35,39.47,9500,38.81
2010-10-21,40.09,40.09,39.47,39.63,41800,38.97
2010-10-20,39.21,40.05,39.21,39.74,9100,39.08
2010-10-19,39.27,39.38,38.72,38.96,10900,38.31
2010-10-18,38.88,39.34,38.88,39.34,10500,38.68
2010-10-15,39.30,39.30,38.78,38.81,11800,38.16
2010-10-14,38.96,39.12,38.74,38.91,11800,38.26
2010-10-13,38.82,39.31,38.60,38.99,18700,38.34
2010-10-12,38.11,38.65,38.06,38.62,20300,37.97
2010-10-11,38.53,38.53,38.23,38.27,16800,37.63
2010-10-08,38.16,38.37,38.01,38.27,9200,37.63
2010-10-07,38.25,38.41,38.10,38.16,13300,37.52
2010-10-06,38.41,38.41,37.94,38.10,15700,37.46
2010-10-05,38.15,38.43,37.87,38.31,48000,37.67
2010-10-04,37.44,37.77,37.41,37.75,36400,37.12
2010-10-01,37.61,37.61,37.02,37.57,46600,36.94
2010-09-30,37.69,37.71,37.27,37.38,14800,36.76
2010-09-29,37.58,37.58,37.09,37.23,87900,36.61
2010-09-28,37.62,37.62,36.87,37.55,25700,36.92
2010-09-27,37.98,37.98,37.34,37.45,31000,36.82
2010-09-24,37.32,38.08,37.32,38.03,35700,37.39
2010-09-23,38.01,38.01,37.20,37.20,22900,36.28
2010-09-22,38.51,38.70,38.13,38.21,8500,37.27
2010-09-21,39.39,39.39,38.55,38.55,39900,37.60
2010-09-20,38.59,39.50,38.57,39.50,18400,38.53
2010-09-17,38.70,38.70,38.13,38.51,166900,37.56
2010-09-16,38.54,38.54,38.26,38.37,9600,37.43
2010-09-15,38.26,38.59,38.00,38.58,7700,37.63
2010-09-14,38.27,38.45,38.09,38.26,20000,37.32
2010-09-13,38.21,38.32,37.96,38.32,31500,37.38
2010-09-10,37.75,37.81,37.55,37.72,12100,36.79
2010-09-09,38.64,38.64,37.50,37.58,15700,36.65
2010-09-08,38.23,38.23,37.90,37.97,12400,37.04
2010-09-07,38.51,38.51,38.15,38.15,34100,37.21
2010-09-03,38.63,38.63,38.22,38.56,32200,37.61
2010-09-02,37.99,38.09,37.78,38.03,13400,37.09
2010-09-01,37.16,37.90,37.16,37.84,24900,36.91
2010-08-31,36.03,36.68,36.03,36.62,43000,35.72
2010-08-30,36.51,36.81,36.27,36.27,9900,35.38
2010-08-27,35.99,36.39,35.84,36.39,4500,35.49
2010-08-26,36.53,36.53,35.87,36.09,35800,35.20
2010-08-25,35.33,36.20,35.22,36.20,14400,35.31
2010-08-24,35.33,35.86,35.00,35.71,38900,34.83
2010-08-23,36.04,36.13,35.76,35.76,11100,34.88
2010-08-20,35.57,35.88,35.50,35.86,6400,34.98
2010-08-19,36.58,36.58,35.73,35.87,9500,34.99
2010-08-18,36.94,36.94,36.57,36.76,16400,35.86
2010-08-17,36.59,36.83,36.19,36.79,5300,35.88
2010-08-16,35.86,36.09,35.65,35.91,13000,35.03
2010-08-13,35.89,36.15,35.79,35.98,14400,35.09
2010-08-12,35.73,36.15,35.70,35.89,15700,35.01
2010-08-11,36.40,36.69,36.05,36.23,11100,35.34
2010-08-10,37.17,37.40,36.85,37.32,25400,36.40
2010-08-09,37.30,37.30,36.87,37.29,8500,36.37
2010-08-06,36.50,36.93,36.27,36.88,49800,35.97
2010-08-05,37.33,37.39,36.93,36.96,61200,36.05
2010-08-04,37.42,37.49,37.11,37.36,55800,36.44
2010-08-03,37.41,37.65,37.18,37.36,10800,36.44
2010-08-02,37.17,37.75,37.16,37.70,36200,36.77
2010-07-30,36.25,36.75,36.01,36.57,30600,35.67
2010-07-29,37.07,37.24,36.20,36.47,34900,35.57
2010-07-28,37.05,37.09,36.64,36.88,6600,35.97
2010-07-27,37.50,37.50,36.64,37.02,15500,36.11
2010-07-26,36.47,37.08,36.01,37.05,20500,36.14
2010-07-23,35.34,36.00,35.25,35.86,6100,34.98
2010-07-22,35.38,36.01,35.08,35.83,14900,34.95
2010-07-21,35.44,35.44,34.50,34.56,23800,33.71
2010-07-20,34.17,35.33,34.00,35.33,4300,34.46
2010-07-19,34.49,34.82,33.70,34.68,19300,33.83
2010-07-16,34.79,34.79,33.90,34.14,10700,33.30
2010-07-15,35.03,35.10,34.63,35.10,3800,34.24
2010-07-14,35.25,35.49,34.96,35.21,17800,34.34
2010-07-13,35.51,35.57,35.13,35.52,15200,34.65
2010-07-12,34.52,34.87,34.44,34.76,5700,33.90
2010-07-09,34.34,34.75,34.31,34.75,12900,33.89
2010-07-08,34.44,34.76,33.76,34.25,15500,33.41
2010-07-07,32.75,33.65,32.50,33.65,6700,32.82
2010-07-06,33.43,33.43,31.99,32.19,18700,31.40
2010-07-02,33.54,33.54,32.54,32.71,5800,31.90
2010-07-01,33.27,33.33,32.49,33.22,129500,32.40
2010-06-30,33.71,34.01,33.33,33.42,6400,32.60
2010-06-29,33.92,34.11,33.57,33.58,67000,32.75
2010-06-28,35.11,35.11,34.47,34.76,26700,33.90
2010-06-25,34.24,34.87,34.03,34.80,69100,33.94
2010-06-24,34.06,34.47,33.88,33.88,74200,33.05
2010-06-23,34.70,34.86,34.24,34.69,15500,33.84
2010-06-22,35.86,35.86,34.66,34.66,81100,33.81
2010-06-21,36.52,36.52,35.65,35.68,18200,34.80
2010-06-18,36.58,36.58,35.93,36.03,12100,35.14
2010-06-17,36.57,36.57,36.23,36.39,23500,35.49
2010-06-16,36.30,36.40,36.08,36.21,48800,35.32
2010-06-15,35.75,36.44,35.75,36.39,36100,35.49
2010-06-14,35.65,35.90,35.40,35.68,16800,34.80
2010-06-11,34.33,35.09,34.33,35.09,3800,34.23
2010-06-10,34.37,34.90,34.05,34.90,9500,34.04
2010-06-09,33.45,34.40,33.42,33.54,78300,32.71
2010-06-08,32.50,32.98,31.99,32.84,8500,32.03
2010-06-07,32.51,33.39,32.51,32.69,41800,31.89
2010-06-04,34.13,34.13,32.83,32.90,4300,32.09
2010-06-03,34.93,34.93,34.54,34.69,6500,33.84
2010-06-02,34.40,34.80,33.96,34.79,12500,33.93
2010-06-01,34.80,35.03,34.34,34.34,19700,33.49
2010-05-28,35.23,35.60,35.02,35.30,10100,34.43
2010-05-27,34.77,35.43,34.77,35.43,3900,34.56
2010-05-26,34.41,34.59,33.60,33.73,9100,32.90
2010-05-25,32.62,33.73,32.20,33.73,16200,32.90
2010-05-24,34.23,34.23,33.42,33.42,4700,32.60
2010-05-21,32.44,34.02,32.13,34.02,12000,33.18
2010-05-20,33.74,33.88,32.95,33.10,44600,32.29
2010-05-19,34.60,35.16,33.89,34.42,17800,33.57
2010-05-18,35.97,36.14,34.76,34.93,5600,34.07
2010-05-17,35.66,35.95,34.61,35.66,36700,34.78
2010-05-14,36.26,36.26,35.21,35.55,16600,34.67
2010-05-13,37.17,37.17,36.54,36.54,10600,35.64
2010-05-12,36.60,37.15,36.60,37.15,11500,36.24
2010-05-11,37.00,37.00,36.08,36.54,15000,35.64
2010-05-10,35.21,36.51,35.21,36.51,65400,35.61
2010-05-07,35.94,37.00,34.11,34.21,15500,33.37
2010-05-06,35.72,36.13,32.50,34.69,24000,33.84
2010-05-05,35.91,36.52,35.91,36.13,5000,35.24
2010-05-04,36.78,37.06,36.44,36.68,16500,35.78
2010-05-03,36.47,37.41,36.23,37.25,71000,36.33
2010-04-30,36.96,37.09,36.07,36.07,4000,35.18
2010-04-29,35.87,37.03,35.80,37.03,12900,36.12
2010-04-28,35.60,35.60,35.29,35.36,30300,34.49
2010-04-27,35.98,36.25,35.53,35.53,8000,34.66
2010-04-26,36.00,36.37,35.89,36.18,14100,35.29
2010-04-23,35.50,35.87,35.50,35.87,7800,34.99
2010-04-22,34.65,35.38,34.61,35.36,5400,34.49
2010-04-21,34.38,34.96,34.37,34.84,7300,33.98
2010-04-20,33.60,34.30,33.60,34.30,15000,33.46
2010-04-19,33.41,33.83,33.36,33.62,31200,32.79
2010-04-16,34.11,34.19,33.52,33.52,17900,32.69
2010-04-15,34.75,34.75,34.25,34.25,1400,33.41
2010-04-14,35.03,35.04,34.94,34.98,4600,34.12
2010-04-13,34.45,35.12,34.35,35.05,9500,34.19
2010-04-12,34.60,34.60,34.37,34.41,4400,33.56
2010-04-09,34.02,34.57,34.02,34.57,19800,33.72
2010-04-08,34.00,34.05,34.00,34.05,400,33.21
2010-04-07,34.63,34.63,34.07,34.12,6700,33.28
2010-04-06,33.83,34.70,33.83,34.63,7000,33.78
2010-04-05,33.22,33.91,33.22,33.91,18100,33.08
2010-04-01,33.34,33.34,32.96,33.16,17600,32.34
2010-03-31,33.29,33.44,33.24,33.24,15600,32.42
2010-03-30,33.42,33.54,33.31,33.43,15100,32.61
2010-03-29,33.59,33.59,33.25,33.35,3200,32.53
2010-03-26,33.68,33.72,33.35,33.41,4600,32.59
2010-03-25,33.84,34.15,33.80,33.93,9500,33.09
2010-03-24,33.78,34.20,33.78,33.98,9600,32.82
2010-03-23,33.85,33.96,33.57,33.96,47500,32.80
2010-03-22,33.43,33.96,33.43,33.96,12200,32.80
2010-03-19,33.94,33.94,33.53,33.67,5100,32.52
2010-03-18,33.95,33.97,33.82,33.82,5000,32.67
2010-03-17,33.68,34.02,33.63,34.00,10400,32.84
2010-03-16,33.02,33.56,32.92,33.56,11600,32.41
2010-03-15,32.80,32.80,32.58,32.71,9200,31.59
2010-03-12,32.70,32.94,32.70,32.77,2300,31.65
2010-03-11,32.27,32.62,32.27,32.62,3800,31.51
2010-03-10,32.52,32.54,32.35,32.54,2800,31.43
2010-03-09,32.28,32.68,32.27,32.36,4300,31.26
2010-03-08,31.97,32.34,31.91,32.20,7400,31.10
2010-03-05,31.44,31.95,31.44,31.95,3600,30.86
2010-03-04,31.00,31.23,31.00,31.23,1200,30.16
2010-03-03,31.13,31.17,31.04,31.04,1900,29.98
2010-03-02,31.22,31.22,31.02,31.09,1800,30.03
2010-03-01,31.00,31.21,31.00,31.07,3400,30.01
2010-02-26,30.85,31.11,30.78,30.87,10700,29.82
2010-02-25,30.37,30.86,30.37,30.86,4300,29.81
2010-02-24,30.78,30.81,30.71,30.81,2400,29.76
2010-02-23,30.67,30.78,30.50,30.50,7700,29.46
2010-02-22,30.71,30.93,30.68,30.78,11200,29.73
2010-02-19,30.60,30.76,30.55,30.71,5900,29.66
2010-02-18,30.26,30.66,30.12,30.61,7100,29.56
2010-02-17,30.25,30.44,30.22,30.35,14300,29.31
2010-02-16,29.60,30.11,29.54,30.08,20100,29.05
2010-02-12,28.82,29.12,28.81,29.09,2500,28.10
2010-02-11,28.65,29.12,28.65,29.08,10600,28.09
2010-02-10,28.52,29.01,28.25,28.70,10100,27.72
2010-02-09,29.10,29.10,28.36,28.63,77000,27.65
2010-02-08,29.34,29.34,28.68,28.68,9800,27.70
2010-02-05,28.99,29.33,28.65,29.25,3200,28.25
2010-02-04,29.40,29.40,28.90,28.91,5900,27.92
2010-02-03,30.00,30.00,29.78,29.89,3200,28.87
2010-02-02,29.90,30.45,29.66,30.35,19800,29.31
2010-02-01,29.63,29.90,29.63,29.78,13200,28.76
2010-01-29,29.75,30.03,29.33,29.47,7700,28.46
2010-01-28,30.09,30.09,29.45,29.65,11400,28.64
2010-01-27,29.56,29.81,29.07,29.80,11900,28.78
2010-01-26,29.49,29.77,29.37,29.44,10400,28.43
2010-01-25,29.78,29.94,29.23,29.65,20000,28.64
2010-01-22,30.16,30.16,29.38,29.46,18200,28.45
2010-01-21,30.50,30.55,30.16,30.19,5700,29.16
2010-01-20,30.95,30.97,30.66,30.92,9500,29.86
2010-01-19,30.84,31.31,30.84,31.31,13200,30.24
2010-01-15,30.52,30.62,30.52,30.59,6900,29.55
2010-01-14,30.83,30.84,30.61,30.78,8600,29.73
2010-01-13,30.25,30.90,30.25,30.81,7500,29.76
2010-01-12,30.17,30.31,30.14,30.14,6600,29.11
2010-01-11,30.67,30.81,30.61,30.69,8100,29.64
2010-01-08,30.63,30.66,30.40,30.47,4000,29.43
2010-01-07,30.50,30.90,30.20,30.78,22500,29.73
2010-01-06,30.78,30.79,30.59,30.59,6300,29.55
2010-01-05,30.64,30.64,30.45,30.55,3100,29.51
2010-01-04,31.07,31.18,30.52,30.55,18500,29.51
2009-12-31,31.59,31.72,30.90,30.94,18700,29.88
2009-12-30,31.34,31.44,31.19,31.43,6200,30.36
2009-12-29,31.93,31.93,31.38,31.49,3000,30.41
2009-12-28,31.92,32.14,31.77,31.89,20700,30.80
2009-12-24,31.53,31.68,31.53,31.54,5800,30.46
2009-12-23,31.39,31.77,31.39,31.74,11200,30.37
2009-12-22,31.18,31.28,31.17,31.27,800,29.92
2009-12-21,30.64,30.95,30.64,30.93,13800,29.60
2009-12-18,30.50,30.50,30.13,30.37,2700,29.06
2009-12-17,30.33,30.47,30.24,30.37,13100,29.06
2009-12-16,30.48,30.61,30.48,30.50,5700,29.19
2009-12-15,30.57,30.57,30.35,30.35,1400,29.04
2009-12-14,30.24,30.65,29.99,30.65,4100,29.33
2009-12-11,29.91,30.00,29.86,30.00,4200,28.71
2009-12-10,30.10,30.13,29.65,29.71,3600,28.43
2009-12-09,30.10,30.23,29.94,30.23,5200,28.93
2009-12-08,30.34,30.34,30.02,30.02,600,28.73
2009-12-07,30.81,30.81,30.12,30.12,4700,28.82
2009-12-04,30.64,30.88,30.34,30.87,38100,29.54
2009-12-03,31.21,31.21,30.12,30.12,9500,28.82
2009-12-02,30.01,30.36,30.01,30.30,2800,29.00
2009-12-01,29.21,30.06,29.21,29.97,65200,28.68
2009-11-30,28.88,29.43,28.69,29.43,11500,28.16
2009-11-27,27.91,28.84,27.54,28.84,10900,27.60
2009-11-25,29.38,29.38,29.25,29.25,1000,27.99
2009-11-24,29.38,29.38,29.09,29.17,8100,27.91
2009-11-23,29.61,29.88,29.43,29.43,19800,28.16
2009-11-20,28.88,29.23,28.88,29.14,11900,27.89
2009-11-19,29.40,29.40,29.07,29.12,35100,27.87
2009-11-18,29.30,29.74,29.30,29.72,8700,28.44
2009-11-17,29.54,29.84,29.22,29.22,16400,27.96
2009-11-16,28.83,29.89,27.85,29.59,166200,28.32
2009-11-13,28.83,28.92,28.77,28.83,1300,27.59
2009-11-12,28.95,29.13,28.62,28.62,1700,27.39
2009-11-11,29.03,29.15,28.66,28.73,5000,27.49
2009-11-10,28.30,28.59,28.16,28.52,1600,27.29
2009-11-09,27.76,28.56,27.76,28.56,6000,27.33
2009-11-06,27.57,27.73,27.22,27.50,8700,26.32
2009-11-05,27.61,27.85,27.46,27.84,13400,26.64
2009-11-04,28.19,28.19,27.49,27.51,3600,26.33
2009-11-03,27.36,27.70,27.36,27.70,1500,26.51
2009-11-02,27.56,27.95,26.94,27.58,43300,26.39
2009-10-30,27.62,27.90,26.97,27.70,9900,26.51
2009-10-29,27.13,27.96,27.13,27.92,4000,26.72
2009-10-28,28.05,28.05,26.96,26.96,89600,25.80
2009-10-27,28.10,28.20,27.84,27.84,28600,26.64
2009-10-26,28.11,28.68,28.08,28.10,65800,26.89
2009-10-23,28.28,28.44,28.00,28.03,38600,26.82
2009-10-22,27.44,28.39,27.35,28.32,4900,27.10
2009-10-21,28.50,28.60,27.73,27.73,69700,26.54
2009-10-20,28.48,28.48,28.09,28.15,5200,26.94
2009-10-19,28.52,28.87,28.52,28.74,18900,27.50
2009-10-16,28.43,28.44,28.19,28.19,12900,26.98
2009-10-15,28.73,28.83,28.65,28.77,19400,27.53
2009-10-14,28.57,28.94,28.48,28.94,22300,27.69
2009-10-13,27.94,28.13,27.94,28.02,9000,26.81
2009-10-12,28.47,28.54,28.26,28.28,21600,27.06
2009-10-09,27.88,28.29,27.82,28.25,38700,27.03
2009-10-08,27.82,28.20,27.73,27.94,86500,26.74
2009-10-07,27.21,27.52,27.21,27.52,43900,26.33
2009-10-06,27.85,27.99,27.17,27.43,36300,26.25
2009-10-05,27.62,27.70,27.33,27.53,61300,26.34
2009-10-02,26.79,27.61,26.61,26.97,30900,25.81
2009-10-01,28.13,28.13,27.10,27.10,21400,25.93
2009-09-30,28.37,28.61,27.90,28.29,38700,27.07
2009-09-29,28.93,29.00,28.38,28.44,31100,27.22
2009-09-28,28.06,28.92,27.96,28.92,20500,27.67
2009-09-25,27.81,28.19,27.57,27.87,44900,26.67
2009-09-24,28.54,28.57,27.64,27.88,50800,26.68
2009-09-23,29.58,29.58,28.54,28.54,38500,27.31
2009-09-22,29.38,29.79,29.35,29.78,19600,28.22
2009-09-21,28.97,29.25,28.87,28.97,26800,27.45
2009-09-18,29.36,29.47,28.82,29.31,13200,27.78
2009-09-17,29.40,30.08,28.92,29.17,20200,27.64
2009-09-16,28.44,29.35,28.40,29.35,27300,27.81
2009-09-15,27.84,28.59,27.71,28.26,13500,26.78
2009-09-14,26.93,27.92,26.91,27.91,16800,26.45
2009-09-11,27.39,27.39,26.99,27.17,2800,25.75
2009-09-10,27.01,27.31,26.66,27.31,13100,25.88
2009-09-09,26.75,27.07,26.67,27.01,9700,25.60
2009-09-08,26.00,26.50,26.00,26.50,7500,25.11
2009-09-04,25.44,25.74,25.43,25.73,11400,24.38
2009-09-03,25.41,25.63,25.09,25.63,8200,24.29
2009-09-02,25.50,25.53,25.22,25.39,24000,24.06
2009-09-01,26.67,26.74,25.62,25.63,28100,24.29
2009-08-31,27.03,27.11,26.74,26.89,9300,25.48
2009-08-28,27.28,27.28,26.90,27.26,4600,25.83
2009-08-27,26.91,27.22,26.37,27.22,15800,25.80
2009-08-26,26.77,26.90,26.60,26.87,6500,25.46
2009-08-25,26.93,27.10,26.74,26.83,13800,25.43
2009-08-24,26.98,27.10,26.62,26.69,89200,25.29
2009-08-21,26.60,27.24,26.47,26.72,13700,25.32
2009-08-20,25.29,26.29,25.16,26.25,17700,24.88
2009-08-19,25.21,25.40,25.07,25.39,9600,24.06
2009-08-18,25.38,25.64,25.19,25.50,11200,24.17
2009-08-17,25.77,25.77,25.25,25.25,209100,23.93
2009-08-14,26.53,26.53,25.87,26.38,28300,25.00
2009-08-13,26.76,26.90,26.37,26.52,11300,25.13
2009-08-12,26.98,27.02,26.52,26.68,14700,25.28
2009-08-11,26.81,26.81,26.27,26.60,22900,25.21
2009-08-10,27.65,27.81,27.01,27.22,98500,25.80
2009-08-07,27.04,28.36,26.66,27.94,33700,26.48
2009-08-06,27.46,27.55,26.56,26.60,28900,25.21
2009-08-05,25.78,26.88,25.67,26.84,24000,25.44
2009-08-04,24.52,25.84,24.52,25.77,16800,24.42
2009-08-03,24.44,24.56,24.31,24.56,9000,23.27
2009-07-31,24.28,24.42,24.15,24.24,12000,22.97
2009-07-30,24.21,24.63,24.21,24.34,17400,23.07
2009-07-29,23.62,23.62,23.29,23.42,3800,22.19
2009-07-28,23.54,23.78,23.33,23.74,10500,22.50
2009-07-27,23.32,23.53,23.07,23.49,21600,22.26
2009-07-24,23.07,23.34,22.83,23.32,36000,22.10
2009-07-23,22.56,23.35,22.56,23.18,11400,21.97
2009-07-22,22.36,22.67,22.28,22.41,28300,21.24
2009-07-21,22.74,22.74,22.04,22.46,34100,21.28
2009-07-20,21.99,22.61,21.99,22.52,23900,21.34
2009-07-17,22.34,22.34,21.75,21.87,30400,20.73
2009-07-16,21.87,22.42,21.75,22.42,11100,21.25
2009-07-15,22.22,22.38,22.10,22.17,8100,21.01
2009-07-14,21.20,21.64,21.00,21.54,25700,20.41
2009-07-13,20.65,21.38,20.47,21.37,10700,20.25
2009-07-10,20.33,20.68,20.22,20.53,12700,19.46
2009-07-09,21.09,21.12,20.52,20.52,24600,19.45
2009-07-08,21.20,21.20,20.51,20.98,17400,19.88
2009-07-07,21.84,21.84,21.03,21.03,18100,19.93
2009-07-06,21.05,21.88,20.92,21.88,25200,20.73
2009-07-02,21.96,21.96,21.21,21.21,16800,20.10
2009-07-01,22.05,22.33,22.04,22.23,13400,21.07
2009-06-30,22.02,22.06,21.73,21.93,12500,20.78
2009-06-29,21.89,21.89,21.50,21.79,23800,20.65
2009-06-26,21.54,21.78,21.36,21.77,12800,20.63
2009-06-25,21.05,21.57,21.05,21.57,12800,20.44
2009-06-24,21.23,21.58,21.20,21.28,14900,20.17
2009-06-23,21.45,21.45,20.93,20.95,56000,19.85
2009-06-22,21.93,21.93,21.26,21.26,13200,19.86
2009-06-19,22.40,22.40,21.90,22.23,14900,20.77
2009-06-18,21.90,22.29,21.79,22.17,36700,20.71
2009-06-17,22.16,22.29,21.74,21.84,29800,20.40
2009-06-16,22.55,22.68,21.82,22.19,27100,20.73
2009-06-15,23.12,23.12,22.18,22.33,24700,20.86
2009-06-12,22.67,23.48,22.62,23.48,22300,21.94
2009-06-11,23.28,23.42,22.68,22.70,28700,21.21
2009-06-10,23.75,23.75,22.77,23.25,35500,21.72
2009-06-09,23.57,23.82,23.57,23.72,6300,22.16
2009-06-08,23.62,23.97,23.39,23.69,52200,22.13
2009-06-05,24.34,24.35,23.62,23.82,180300,22.25
2009-06-04,23.59,24.24,23.39,24.05,98200,22.47
2009-06-03,23.00,23.50,23.00,23.50,61100,21.96
2009-06-02,23.56,23.58,23.19,23.30,45100,21.77
2009-06-01,23.36,24.23,23.19,23.76,82200,22.20
2009-05-29,22.34,22.96,21.99,22.92,75700,21.41
2009-05-28,22.18,22.34,21.57,22.34,89600,20.87
2009-05-27,22.53,22.57,21.75,21.86,29300,20.42
2009-05-26,21.59,22.72,21.15,22.66,51900,21.17
2009-05-22,21.75,21.87,21.32,21.32,51900,19.92
2009-05-21,21.15,22.02,21.10,21.77,171900,20.34
2009-05-20,22.31,22.63,21.51,21.54,217100,20.12
2009-05-19,22.13,22.45,21.00,21.96,156300,20.52
2009-05-18,21.04,22.57,20.98,22.46,160400,20.98
2009-05-15,21.34,21.41,20.46,20.72,60200,19.36
2009-05-14,20.52,21.74,20.52,21.55,2400,20.13
2009-05-13,21.35,21.52,20.62,20.72,60300,19.36
2009-05-12,21.70,22.39,21.22,21.88,44900,20.44
2009-05-11,22.10,22.55,21.91,21.94,104400,20.50
2009-05-08,22.17,22.97,21.60,22.91,102300,21.40
2009-05-07,23.11,23.11,20.94,21.34,63200,19.94
2009-05-06,22.33,22.61,21.51,22.39,100100,20.92
2009-05-05,23.11,23.11,21.71,21.94,86400,20.50
2009-05-04,21.77,22.93,21.26,22.93,215200,21.42
2009-05-01,21.45,21.84,21.01,21.13,184600,19.74
2009-04-30,23.09,23.09,21.71,21.83,182900,20.40
2009-04-29,21.83,22.55,21.56,22.28,209400,20.82
2009-04-28,20.83,21.94,20.83,21.41,320400,20.00
2009-04-27,21.52,22.12,20.61,21.24,268400,19.84
2009-04-24,21.23,23.01,21.23,22.34,365100,20.87
2009-04-23,20.52,21.52,20.30,21.52,597200,20.11
2009-04-22,20.49,21.70,20.49,20.56,457800,19.21
2009-04-21,18.95,21.37,18.95,21.37,432000,19.97
2009-04-20,20.75,20.89,19.49,19.49,125700,18.21
2009-04-17,21.68,22.30,20.99,21.63,261500,20.21
2009-04-16,21.03,22.52,20.30,21.88,258300,20.44
2009-04-15,19.93,21.29,19.63,21.16,262900,19.77
2009-04-14,20.82,21.20,19.67,19.71,278300,18.41
2009-04-13,21.51,21.91,20.77,21.54,132200,20.12
2009-04-09,19.82,21.51,19.63,21.51,90100,20.10
2009-04-08,18.93,19.33,18.69,19.21,105100,17.95
2009-04-07,19.97,20.06,18.76,18.81,62800,17.57
2009-04-06,20.37,20.83,19.82,20.43,33100,19.09
2009-04-03,19.24,20.66,18.73,20.66,16100,19.30
2009-04-02,18.75,19.46,18.40,19.20,15200,17.94
2009-04-01,17.75,18.27,17.69,18.03,34700,16.85
2009-03-31,17.46,18.30,17.39,18.18,8300,16.99
2009-03-30,17.30,17.38,16.88,16.91,45700,15.80
2009-03-27,18.29,18.51,17.92,17.93,43800,16.75
2009-03-26,18.88,18.95,17.85,18.89,78000,17.65
2009-03-25,18.46,18.97,17.09,18.45,64200,17.24
2009-03-24,19.88,20.18,18.51,18.51,62700,17.01
2009-03-23,18.38,20.17,18.20,20.16,33100,18.53
2009-03-20,18.43,18.43,17.42,17.43,28900,16.02
2009-03-19,19.67,19.80,18.68,18.74,42600,17.22
2009-03-18,18.82,19.97,18.39,19.97,84600,18.35
2009-03-17,17.79,19.16,17.47,19.16,49000,17.61
2009-03-16,19.50,19.50,17.75,17.75,159600,16.31
2009-03-13,19.30,19.42,18.59,19.18,356400,17.63
2009-03-12,18.23,19.76,18.08,19.57,57600,17.99
2009-03-11,18.75,18.83,18.07,18.08,155300,16.62
2009-03-10,16.99,18.60,16.87,18.60,23600,17.09
2009-03-09,15.91,16.56,15.75,16.56,108000,15.22
2009-03-06,16.20,16.28,15.17,16.19,346700,14.88
2009-03-05,16.70,16.72,15.92,16.01,107400,14.71
2009-03-04,16.93,17.33,16.47,17.19,99300,15.80
2009-03-03,16.92,16.92,15.86,16.69,33800,15.34
2009-03-02,16.82,17.05,16.23,16.37,52900,15.04
2009-02-27,17.38,18.08,17.38,17.55,522500,16.13
2009-02-26,18.90,19.01,17.61,17.66,253400,16.23
2009-02-25,19.08,19.63,18.23,18.96,550900,17.42
2009-02-24,17.86,19.40,17.86,19.28,115800,17.72
2009-02-23,19.32,19.32,17.63,17.63,35000,16.20
2009-02-20,17.64,19.16,17.58,19.08,122200,17.54
2009-02-19,19.03,19.12,17.77,17.91,36600,16.46
2009-02-18,18.60,18.81,18.02,18.75,73500,17.23
2009-02-17,18.73,19.02,18.29,18.50,57100,17.00
2009-02-13,20.79,20.80,19.82,19.82,130400,18.22
2009-02-12,21.15,21.15,19.50,20.88,242200,19.19
2009-02-11,20.65,21.20,20.04,21.20,227000,19.48
2009-02-10,22.00,22.05,20.42,20.50,158800,18.84
2009-02-09,22.08,22.46,21.64,22.46,67000,20.64
2009-02-06,21.22,22.24,20.83,22.18,77700,20.38
2009-02-05,21.92,21.92,20.46,20.83,148500,19.14
2009-02-04,22.92,23.46,22.17,22.17,160600,20.38
2009-02-03,23.35,23.35,22.58,22.93,318100,21.07
2009-02-02,22.57,23.31,22.20,23.10,333400,21.23
2009-01-30,24.57,24.57,22.63,23.07,588200,21.20
2009-01-29,25.26,25.38,23.89,23.89,317100,21.96
2009-01-28,24.74,25.91,24.38,25.91,496400,23.81
2009-01-27,24.17,24.22,23.51,24.07,438700,22.12
2009-01-26,23.36,24.18,23.15,23.50,384100,21.60
2009-01-23,22.23,23.83,22.20,23.83,849500,21.90
2009-01-22,23.28,24.11,22.52,23.04,887700,21.17
2009-01-21,22.70,24.35,21.88,24.31,935100,22.34
2009-01-20,24.43,24.43,22.08,22.08,703300,20.29
2009-01-16,24.30,24.74,23.20,24.74,969500,22.74
2009-01-15,22.64,24.40,22.07,23.70,425700,21.78
2009-01-14,23.10,23.20,22.57,22.71,563500,20.87
2009-01-13,22.81,23.82,22.58,23.65,385500,21.74
2009-01-12,24.22,24.22,22.57,22.88,62500,21.03
2009-01-09,24.91,25.14,24.16,24.19,20700,22.23
2009-01-08,25.51,25.59,25.11,25.30,14800,23.25
2009-01-07,25.69,26.36,25.56,25.65,10300,23.57
2009-01-06,25.00,26.29,25.00,26.26,6200,24.13
2009-01-05,25.77,25.77,25.21,25.24,8900,23.20
2009-01-02,26.52,26.62,25.84,25.84,22300,23.75
2008-12-31,25.76,27.00,25.73,26.93,6900,24.75
2008-12-30,24.47,25.64,24.47,25.55,20500,23.48
2008-12-29,25.54,25.54,23.93,24.26,15600,22.30
2008-12-26,25.59,25.59,25.00,25.55,1000,23.48
2008-12-24,25.36,25.36,25.00,25.29,11500,23.24
2008-12-23,26.88,26.88,25.77,25.91,67700,23.13
2008-12-22,27.51,27.51,25.47,26.62,11900,23.77
2008-12-19,27.20,27.64,26.76,27.64,8600,24.68
2008-12-18,29.12,29.19,26.50,27.14,55100,24.23
2008-12-17,28.95,30.17,27.59,29.14,24200,26.02
2008-12-16,26.39,28.61,25.96,28.61,13400,25.54
2008-12-15,26.26,26.26,25.13,25.55,7900,22.81
2008-12-12,24.04,27.17,23.82,27.17,16800,24.26
2008-12-11,28.49,28.49,24.11,24.11,52800,21.53
2008-12-10,27.03,28.51,27.03,28.49,3600,25.44
2008-12-09,29.09,29.31,26.63,26.84,70900,23.96
2008-12-08,28.48,29.34,27.83,29.34,18300,26.20
2008-12-05,24.93,27.94,24.80,27.51,18600,24.56
2008-12-04,25.50,26.76,24.71,24.71,10000,22.06
2008-12-03,23.94,25.78,23.28,25.78,12400,23.02
2008-12-02,21.74,24.64,21.74,24.64,9800,22.00
2008-12-01,25.65,25.65,22.00,22.00,34400,19.64
2008-11-28,26.25,26.51,26.13,26.51,14100,23.67
2008-11-26,24.76,26.56,24.76,26.56,4800,23.71
2008-11-25,24.48,25.60,23.71,25.34,50400,22.63
2008-11-24,21.07,24.17,20.67,23.87,89700,21.31
2008-11-21,19.00,19.49,18.11,19.33,34100,17.26
2008-11-20,19.87,21.41,18.50,18.50,29800,16.52
2008-11-19,22.13,22.67,19.97,19.97,17100,17.83
2008-11-18,23.22,23.48,21.94,22.58,8600,20.16
2008-11-17,24.06,24.39,23.36,23.84,14500,21.29
2008-11-14,26.44,26.44,24.08,24.08,4300,21.50
2008-11-13,25.39,27.70,24.18,27.62,99500,24.66
2008-11-12,25.69,25.97,25.00,25.20,25900,22.50
2008-11-11,25.89,26.91,25.33,26.11,42300,23.31
2008-11-10,28.26,28.26,26.00,26.24,30500,23.43
2008-11-07,27.01,27.86,26.65,27.86,43900,24.88
2008-11-06,27.60,27.71,26.52,26.75,107600,23.88
2008-11-05,30.34,30.35,27.63,27.63,187200,24.67
2008-11-04,30.83,30.92,29.91,30.83,183500,27.53
2008-11-03,30.83,30.96,29.89,30.08,158900,26.86
2008-10-31,29.09,31.17,28.65,30.84,117300,27.54
2008-10-30,29.33,29.45,28.03,28.45,97000,25.40
2008-10-29,28.78,30.00,28.20,28.60,14700,25.54
2008-10-28,26.56,28.40,25.17,28.40,78300,25.36
2008-10-27,27.35,27.71,25.74,25.74,31500,22.98
2008-10-24,27.41,28.73,27.18,27.80,35700,24.82
2008-10-23,29.96,29.96,26.58,29.31,177000,26.17
2008-10-22,30.26,30.65,27.89,28.66,35400,25.59
2008-10-21,32.30,32.44,30.98,31.00,22400,27.68
2008-10-20,31.47,31.76,30.37,31.76,4900,28.36
2008-10-17,31.07,32.69,30.91,31.49,164500,28.12
2008-10-16,30.09,30.83,29.13,30.83,15900,27.53
2008-10-15,32.75,32.75,30.12,30.22,7900,26.98
2008-10-14,40.68,40.68,31.84,32.81,10100,29.29
2008-10-13,35.29,36.26,33.78,36.26,8100,32.38
2008-10-10,28.91,55.84,11.34,32.67,37600,29.17
2008-10-09,34.68,34.68,31.14,31.97,9100,28.54
2008-10-08,32.24,35.38,32.24,34.94,9600,31.20
2008-10-07,36.48,37.08,35.20,35.28,53000,31.50
2008-10-06,37.82,37.82,35.67,37.31,35000,33.31
2008-10-03,40.12,40.12,38.28,38.28,4000,34.18
2008-10-02,41.00,41.09,39.75,39.75,167500,35.49
2008-10-01,42.77,42.77,41.21,41.42,43400,36.98
2008-09-30,41.95,42.26,40.16,41.98,153700,37.48
2008-09-29,41.53,46.95,40.63,46.95,9200,41.92
2008-09-26,41.25,42.98,41.22,42.98,3100,38.38
2008-09-25,41.22,41.88,41.22,41.74,20300,37.27
2008-09-24,39.92,42.11,39.92,41.40,35400,36.96
2008-09-23,42.65,42.85,41.80,41.81,26500,37.33
2008-09-22,47.09,47.09,42.72,42.72,29700,38.14
2008-09-19,44.67,44.67,44.67,44.67,59800,39.88
2008-09-18,41.06,43.04,38.90,42.98,384000,38.38
2008-09-17,40.45,41.14,39.82,40.49,10700,36.15
2008-09-16,40.50,41.33,39.39,41.33,11500,36.90
2008-09-15,41.22,41.80,39.87,39.87,26300,35.60
2008-09-12,41.61,42.31,41.61,42.12,16900,37.61
2008-09-11,41.29,41.94,41.13,41.45,289400,37.01
2008-09-10,42.19,42.25,41.67,42.10,1500,37.59
2008-09-09,43.26,43.48,42.49,42.56,1900,38.00
2008-09-08,43.04,43.90,42.84,43.62,30000,38.95
2008-09-05,41.40,41.84,41.19,41.84,6300,37.36
2008-09-04,42.84,42.84,41.84,41.84,5000,37.36
2008-09-03,42.51,43.02,42.10,43.02,15900,38.41
2008-09-02,43.11,43.11,41.95,41.95,3600,37.46
2008-08-29,42.31,42.74,41.98,42.51,14000,37.96
2008-08-28,41.96,42.62,41.75,42.62,5000,38.05
2008-08-27,41.48,41.73,41.33,41.62,7100,37.16
2008-08-26,41.09,41.84,41.00,41.40,6200,36.96
2008-08-25,42.25,42.25,41.22,41.32,17200,36.89
2008-08-22,41.39,42.28,41.39,42.28,8000,37.75
2008-08-21,41.25,41.46,41.00,41.30,6200,36.88
2008-08-20,42.00,42.00,41.35,41.71,1600,37.24
2008-08-19,42.52,42.52,41.61,41.89,17800,37.40
2008-08-18,43.36,43.59,42.47,43.03,8500,38.42
2008-08-15,44.32,44.66,43.50,43.71,11600,39.03
2008-08-14,43.41,44.39,43.41,44.06,36200,39.34
2008-08-13,43.96,44.12,43.12,43.73,7900,39.04
2008-08-12,45.75,45.75,39.80,44.03,22700,39.31
2008-08-11,44.67,45.43,44.13,44.83,46900,40.03
2008-08-08,42.55,44.17,42.55,43.96,18300,39.25
2008-08-07,43.36,43.49,42.21,42.29,9700,37.76
2008-08-06,43.97,44.02,43.40,43.89,25100,39.19
2008-08-05,42.65,44.26,42.65,44.21,14100,39.47
2008-08-04,42.79,42.79,42.03,42.25,13700,37.72
2008-08-01,42.71,42.71,41.50,42.63,36700,38.06
2008-07-31,42.24,42.98,41.91,42.50,15000,37.95
2008-07-30,43.32,43.35,41.80,42.90,38700,38.30
2008-07-29,41.31,43.11,41.31,43.11,11500,38.49
2008-07-28,42.03,42.09,41.30,41.30,1200,36.88
2008-07-25,41.44,42.33,41.32,41.80,17800,37.32
2008-07-24,44.41,44.41,41.27,41.47,13200,37.03
2008-07-23,42.49,43.98,42.49,43.90,9300,39.20
2008-07-22,40.54,42.50,40.46,42.50,15600,37.95
2008-07-21,40.60,41.00,40.60,40.93,3500,36.54
2008-07-18,39.98,40.59,39.98,40.59,8700,36.24
2008-07-17,40.21,40.66,39.22,40.34,11100,36.02
2008-07-16,37.20,39.89,37.20,39.89,14000,35.62
2008-07-15,37.00,38.24,36.90,37.82,18500,33.77
2008-07-14,39.33,39.33,37.90,38.04,2300,33.96
2008-07-11,37.95,38.60,37.95,38.41,1000,34.29
2008-07-10,37.30,37.34,37.30,37.34,700,33.34
2008-07-09,40.35,40.35,37.32,37.32,7500,33.32
2008-07-08,37.96,39.64,37.65,39.64,43000,35.39
2008-07-07,37.75,38.17,37.43,37.78,1800,33.73
2008-07-03,38.00,38.00,38.00,38.00,200,33.93
2008-07-02,38.43,38.43,38.21,38.21,700,34.12
2008-07-01,37.81,38.55,37.57,38.33,4400,34.22
2008-06-30,38.35,39.04,38.09,38.45,2500,34.33
2008-06-27,38.94,38.94,38.22,38.31,13100,34.21
2008-06-26,39.70,39.70,38.90,38.90,400,34.73
2008-06-25,40.06,40.06,40.06,40.06,1200,35.77
2008-06-24,39.22,39.92,39.22,39.63,1800,35.38
2008-06-23,41.08,41.08,40.00,40.09,14300,35.79
2008-06-20,41.75,41.75,41.00,41.00,9100,36.61
2008-06-19,41.69,42.04,41.59,42.04,800,37.54
2008-06-18,42.04,42.04,41.28,41.28,2000,36.86
2008-06-17,43.29,43.29,42.87,42.87,1500,38.28
2008-06-16,43.32,43.42,43.29,43.42,2700,38.77
2008-06-13,42.67,42.67,42.12,42.52,10100,37.96
2008-06-12,42.57,42.62,41.70,41.70,57800,37.23
2008-06-11,42.26,42.26,42.26,42.26,600,37.73
2008-06-10,41.75,42.24,41.39,42.24,14400,37.71
2008-06-09,43.23,43.47,41.90,41.94,3200,37.45
2008-06-06,44.19,44.19,43.06,43.06,3500,38.45
2008-06-05,44.28,44.42,44.25,44.38,4700,39.63
2008-06-04,43.41,43.57,43.41,43.57,2000,38.90
2008-06-03,43.03,43.20,42.96,43.20,7000,38.57
2008-06-02,42.64,42.87,42.64,42.84,3100,38.25
2008-05-30,43.34,43.40,43.23,43.33,19100,38.69
2008-05-29,43.34,43.57,43.19,43.57,11000,38.90
2008-05-28,43.10,43.18,42.92,43.00,15900,38.39
2008-05-27,42.71,43.15,42.71,42.98,13300,38.38
2008-05-23,42.55,42.61,42.43,42.61,8300,38.04
2008-05-22,42.99,43.04,42.73,42.77,46500,38.19
2008-05-21,44.18,44.18,42.92,42.96,42600,38.36
2008-05-20,44.43,44.43,43.89,44.06,21800,39.34
2008-05-19,44.47,44.82,44.40,44.40,6400,39.64
2008-05-16,44.25,44.48,44.23,44.48,1100,39.71
2008-05-15,44.18,44.48,44.18,44.48,800,39.71
2008-05-14,44.09,44.37,43.95,44.21,3000,39.47
2008-05-13,43.61,43.61,43.61,43.61,000,38.94
2008-05-12,43.61,43.61,43.61,43.61,200,38.94
2008-05-09,42.43,42.85,42.43,42.59,1000,38.03
2008-05-08,42.75,42.75,42.75,42.75,200,38.17
2008-05-07,44.25,44.25,42.88,42.88,1300,38.29
2008-05-06,43.83,44.00,43.70,43.84,1900,39.14
2008-05-05,44.41,44.41,44.03,44.03,500,39.31
2008-05-02,44.83,44.83,44.60,44.60,3500,39.82
2008-05-01,44.03,44.03,44.03,44.03,500,39.31
2008-04-30,44.15,44.51,43.66,43.66,6800,38.98
2008-04-29,44.33,44.33,43.77,43.77,1800,39.08
2008-04-28,44.63,44.63,44.36,44.46,7900,39.70
2008-04-25,44.66,44.75,44.27,44.64,4300,39.86
2008-04-24,43.65,44.06,43.65,44.06,600,39.34
2008-04-23,42.96,43.60,42.96,43.60,1300,38.93
2008-04-22,43.24,43.24,42.68,42.74,1800,38.16
2008-04-21,43.42,43.42,43.32,43.32,1000,38.68
2008-04-18,44.10,44.10,43.76,43.76,2300,39.07
2008-04-17,43.31,43.76,43.30,43.76,4200,39.07
2008-04-16,42.62,43.00,42.45,42.85,5300,38.26
2008-04-15,41.75,41.75,41.65,41.65,1200,37.19
2008-04-14,42.04,42.16,41.76,41.76,400,37.29
2008-04-11,41.86,42.27,41.85,41.98,3200,37.48
2008-04-10,42.40,42.45,42.05,42.33,3600,37.79
2008-04-09,42.57,42.57,42.54,42.54,600,37.98
2008-04-08,44.08,44.21,43.60,43.60,3800,38.93
2008-04-07,44.57,44.57,44.13,44.18,2400,39.45
2008-04-04,44.48,44.87,44.24,44.38,8800,39.63
2008-04-03,43.86,44.78,43.86,44.78,1400,39.98
2008-04-02,44.63,44.63,43.86,43.96,4500,39.25
2008-04-01,42.78,43.82,42.78,43.82,9100,39.13
2008-03-31,41.34,42.33,41.34,42.28,8800,37.75
2008-03-28,42.65,42.65,41.59,41.61,20700,37.15
2008-03-27,42.94,43.11,42.74,43.00,800,38.39
2008-03-26,44.19,44.19,43.08,43.22,3200,38.59
2008-03-25,44.28,44.33,43.77,44.33,15500,39.58
2008-03-24,44.17,45.00,44.17,44.85,9000,40.04
2008-03-20,42.92,44.04,42.92,44.04,4800,39.32
2008-03-19,43.00,43.61,42.94,43.16,22600,38.54
2008-03-18,42.21,42.32,41.99,42.32,10800,37.79
2008-03-17,41.01,41.11,41.00,41.11,1600,36.71
2008-03-14,41.69,41.89,39.98,41.21,11500,36.79
2008-03-13,40.40,41.47,39.96,41.47,7200,37.03
2008-03-12,41.51,42.40,41.51,41.83,1000,37.35
2008-03-11,40.38,41.40,39.79,41.40,18300,36.96
2008-03-10,39.28,39.28,38.88,38.88,5800,34.71
2008-03-07,38.75,39.78,36.00,39.61,16400,35.37
2008-03-06,39.10,39.13,39.10,39.13,3500,34.94
2008-03-05,41.07,41.24,40.40,40.71,47100,36.35
2008-03-04,40.15,41.01,39.97,40.74,26800,36.38
2008-03-03,40.12,40.30,40.00,40.30,400,35.98
2008-02-29,40.48,41.02,40.16,40.27,44600,35.96
2008-02-28,41.82,41.82,41.02,41.07,81300,36.67
2008-02-27,42.20,42.44,41.68,41.92,44600,37.43
2008-02-26,42.35,42.69,41.87,42.27,81600,37.74
2008-02-25,40.90,42.49,40.90,42.47,39500,37.92
2008-02-22,40.60,41.31,40.54,41.31,15000,36.88
2008-02-21,41.59,41.84,41.45,41.47,12600,37.03
2008-02-20,40.20,41.05,40.06,40.93,43000,36.54
2008-02-19,40.25,40.50,40.25,40.49,20400,36.15
2008-02-15,40.01,40.45,40.01,40.45,400,36.12
2008-02-14,41.15,41.15,40.58,40.58,10000,36.23
2008-02-13,40.84,40.84,40.67,40.67,200,36.31
2008-02-12,39.45,40.43,39.43,40.32,15300,36.00
2008-02-11,39.67,39.67,38.73,39.07,28300,34.88
2008-02-08,40.11,40.11,40.00,40.00,6700,35.71
2008-02-07,40.18,40.18,39.62,40.06,3800,35.77
2008-02-06,40.10,40.36,39.97,40.11,16100,35.81
2008-02-05,40.56,41.24,40.27,40.28,12800,35.96
2008-02-04,41.25,41.25,40.93,41.21,6000,36.79
2008-02-01,40.25,41.46,40.25,41.46,8700,37.02
2008-01-31,40.18,40.20,40.16,40.18,6000,35.88
2008-01-30,40.55,40.92,39.48,39.48,8100,35.25
2008-01-29,40.92,40.92,40.75,40.88,700,36.50
2008-01-28,40.17,40.17,40.17,40.17,1900,35.87
2008-01-25,40.49,40.49,40.49,40.49,500,36.15
2008-01-24,40.36,40.36,39.22,39.53,3100,35.29
2008-01-23,36.67,40.22,36.31,40.10,24400,35.80
2008-01-22,35.36,36.67,35.36,36.67,700,32.74
2008-01-18,35.86,36.27,35.66,35.66,15300,31.84
2008-01-17,36.06,36.17,35.83,36.17,700,32.29
2008-01-16,35.75,35.76,35.66,35.73,2400,31.90
2008-01-15,35.34,35.34,35.26,35.33,700,31.54
2008-01-14,35.78,35.78,35.18,35.18,2800,31.41
2008-01-11,35.34,36.49,35.34,36.49,4000,32.58
2008-01-10,35.09,36.62,35.09,36.62,4900,32.70
2008-01-09,34.30,35.60,34.30,35.60,2500,31.79
2008-01-08,37.00,37.00,34.76,34.76,6800,31.04
2008-01-07,35.80,35.80,35.80,35.80,100,31.96
2008-01-04,35.63,35.63,35.48,35.48,4100,31.68
2008-01-03,38.07,38.07,36.35,36.35,9900,32.46
2008-01-02,38.03,38.06,37.85,37.85,2200,33.79
2007-12-31,37.88,38.34,37.86,38.34,15200,34.23
2007-12-28,38.60,38.92,38.60,38.87,3600,34.71
2007-12-27,39.33,39.33,39.33,39.33,2000,35.12
2007-12-26,40.49,40.49,40.49,40.49,000,36.15
2007-12-24,40.49,40.49,40.49,40.49,100,36.15
2007-12-21,39.44,39.78,39.44,39.47,8800,35.24
2007-12-20,39.44,39.56,38.63,39.07,2400,34.88
2007-12-19,38.92,38.92,38.78,38.78,2200,34.63
2007-12-18,38.11,38.48,38.11,38.30,2600,34.20
2007-12-17,38.10,38.57,38.04,38.57,1400,34.44
2007-12-14,39.26,39.26,38.90,38.90,2200,34.73
2007-12-13,39.96,39.96,39.26,39.26,14200,35.05
2007-12-12,41.61,41.61,41.22,41.22,400,36.80
2007-12-11,43.16,43.19,42.21,42.21,15100,37.69
2007-12-10,42.77,43.33,42.77,43.18,10300,38.55
2007-12-07,42.75,43.21,42.57,42.75,13300,38.17
2007-12-06,41.65,42.54,41.65,42.54,2700,37.98
2007-12-05,40.63,40.95,40.63,40.95,7200,36.56
2007-12-04,39.98,39.98,39.78,39.78,500,35.52
2007-12-03,40.71,40.90,40.70,40.90,1000,36.52
2007-11-30,41.59,41.59,41.16,41.32,4900,36.89
2007-11-29,39.92,39.92,39.92,39.92,100,35.64
2007-11-28,40.10,40.37,39.95,40.37,7900,36.04
2007-11-27,38.63,39.31,38.63,39.31,8500,35.10
2007-11-26,39.50,39.50,39.50,39.50,100,35.27
2007-11-23,40.15,41.04,40.15,41.04,2200,36.64
2007-11-21,39.74,39.78,39.54,39.78,2400,35.52
2007-11-20,40.01,40.01,40.01,40.01,2000,35.72
2007-11-19,41.20,41.20,40.99,40.99,4200,36.60
2007-11-16,43.30,43.30,43.30,43.30,000,38.66
2007-11-15,43.30,43.30,43.30,43.30,000,38.66
2007-11-14,43.45,43.45,43.30,43.30,5100,38.66
2007-11-13,42.11,42.11,42.11,42.11,000,37.60
2007-11-12,41.82,42.11,41.82,42.11,300,37.60
2007-11-09,41.10,42.13,41.10,42.13,400,37.62
2007-11-08,41.73,41.81,41.23,41.32,2700,36.89
2007-11-07,42.69,42.69,42.47,42.47,1100,37.92
2007-11-06,42.47,42.98,42.47,42.98,600,38.38
2007-11-05,43.27,43.27,43.27,43.27,100,38.63
2007-11-02,44.75,44.75,43.50,43.50,6600,38.84
2007-11-01,46.20,46.38,45.18,45.18,8800,40.34
2007-10-31,46.90,47.07,46.23,47.06,10900,42.02
2007-10-30,46.93,46.93,45.78,45.78,300,40.88
2007-10-29,46.05,46.05,46.05,46.05,000,41.12
2007-10-26,44.29,46.05,44.29,46.05,300,41.12
2007-10-25,45.40,45.40,44.98,45.25,4200,40.40
2007-10-24,47.40,47.45,44.90,45.12,3400,40.29
2007-10-23,45.54,45.56,45.54,45.56,2800,40.68
2007-10-22,44.41,44.68,44.41,44.66,6100,39.88
2007-10-19,45.92,45.92,45.32,45.32,2500,40.46
2007-10-18,46.02,46.04,46.02,46.03,400,41.10
2007-10-17,46.61,46.61,45.22,45.41,1100,40.54
2007-10-16,47.00,47.19,46.46,46.46,10400,41.48
2007-10-15,47.89,47.89,47.48,47.48,2200,42.39
2007-10-12,48.80,48.80,48.80,48.80,200,43.57
2007-10-11,49.55,49.55,49.40,49.40,1800,44.11
2007-10-10,49.38,49.38,49.38,49.38,200,44.09
2007-10-09,49.00,49.00,49.00,49.00,200,43.75
2007-10-08,49.84,49.84,49.19,49.29,16500,44.01
2007-10-05,49.32,50.02,49.27,50.02,9700,44.66
2007-10-04,48.92,49.02,48.72,49.00,18000,43.75
2007-10-03,48.53,48.81,48.48,48.70,9700,43.48
2007-10-02,47.91,47.91,47.91,47.91,000,42.78
2007-10-01,47.91,47.91,47.91,47.91,4000,42.78
2007-09-28,47.74,47.74,47.74,47.74,4500,42.63
2007-09-27,48.07,48.17,47.96,47.96,7000,42.82
2007-09-26,47.69,47.69,47.69,47.69,000,42.58
2007-09-25,47.69,47.69,47.69,47.69,000,42.19
2007-09-24,47.69,47.69,47.69,47.69,000,42.19
2007-09-21,47.79,47.79,47.69,47.69,6000,42.19
2007-09-20,48.23,48.23,48.23,48.23,000,42.66
2007-09-19,48.23,48.23,48.23,48.23,2000,42.66
2007-09-18,46.60,46.60,46.60,46.60,000,41.22
2007-09-17,46.60,46.60,46.60,46.60,000,41.22
2007-09-14,46.60,46.60,46.60,46.60,000,41.22
2007-09-13,46.60,46.60,46.60,46.60,300,41.22
2007-09-12,45.06,45.06,45.06,45.06,000,39.86
2007-09-11,45.06,45.06,45.06,45.06,000,39.86
2007-09-10,45.06,45.06,45.06,45.06,200,39.86
2007-09-07,46.30,46.30,46.30,46.30,000,40.96
2007-09-06,46.30,46.30,46.30,46.30,000,40.96
2007-09-05,46.55,46.55,46.30,46.30,2100,40.96
2007-09-04,46.76,46.76,46.74,46.74,6000,41.35
2007-08-31,45.50,45.50,45.50,45.50,000,40.25
2007-08-30,45.50,45.50,45.50,45.50,000,40.25
2007-08-29,45.50,45.50,45.50,45.50,200,40.25
2007-08-28,45.50,45.50,45.50,45.50,2300,40.25
2007-08-27,46.20,46.20,46.20,46.20,1000,40.87
2007-08-24,46.82,46.82,46.82,46.82,000,41.42
2007-08-23,46.79,46.82,46.79,46.82,2300,41.42
2007-08-22,47.15,47.15,46.97,46.99,6000,41.57
2007-08-21,47.10,47.11,46.89,46.91,29300,41.50
2007-08-20,46.25,46.25,46.25,46.25,000,40.91
2007-08-17,45.41,46.25,45.41,46.25,1000,40.91
2007-08-16,43.45,43.78,43.07,43.78,2700,38.73
2007-08-15,43.32,43.41,43.32,43.41,1200,38.40
2007-08-14,44.24,44.24,43.88,43.88,300,38.82
2007-08-13,45.55,45.55,45.55,45.55,000,40.29
2007-08-10,45.54,45.67,45.54,45.55,7000,40.29
2007-08-09,46.80,46.97,46.21,46.21,4700,40.88
2007-08-08,44.83,44.83,44.83,44.83,000,39.66
2007-08-07,44.83,44.83,44.83,44.83,2300,39.66
2007-08-06,43.58,44.51,43.43,44.51,63600,39.37
2007-08-03,44.88,45.07,44.13,44.13,7100,39.04
2007-08-02,45.26,45.87,45.26,45.82,2500,40.53
2007-08-01,44.06,45.26,43.66,45.26,16500,40.04
2007-07-31,45.33,45.47,44.52,44.52,4700,39.38
2007-07-30,44.29,44.92,44.29,44.92,6000,39.74
2007-07-27,45.09,45.23,44.74,44.74,400,39.58
2007-07-26,45.98,46.23,45.95,46.03,8300,40.72
2007-07-25,46.84,47.23,46.84,47.01,1300,41.58
2007-07-24,48.15,49.10,48.15,49.10,600,43.43
2007-07-23,49.18,49.18,48.39,48.39,2900,42.81
2007-07-20,49.66,49.66,49.00,49.16,800,43.49
2007-07-19,50.11,50.11,50.11,50.11,100,44.33
2007-07-18,50.00,50.00,50.00,50.00,000,44.23
2007-07-17,50.00,50.00,50.00,50.00,000,44.23
2007-07-16,50.00,50.00,50.00,50.00,000,44.23
2007-07-13,50.00,50.00,50.00,50.00,000,44.23
2007-07-12,49.75,50.00,49.65,50.00,2800,44.23
2007-07-11,49.37,49.37,49.37,49.37,400,43.67
2007-07-10,50.27,50.27,50.27,50.27,1000,44.47
2007-07-09,50.40,50.40,50.40,50.40,000,44.58
2007-07-06,50.40,50.40,50.40,50.40,000,44.58
2007-07-05,50.40,50.40,50.40,50.40,000,44.58
2007-07-03,50.40,50.40,50.40,50.40,000,44.58
2007-07-02,50.40,50.40,50.40,50.40,000,44.58
2007-06-29,50.40,50.40,50.40,50.40,000,44.58
2007-06-28,50.40,50.40,50.40,50.40,2000,44.58
2007-06-27,49.47,49.47,49.47,49.47,000,43.76
2007-06-26,49.47,49.47,49.47,49.47,000,43.76
2007-06-25,49.99,50.08,49.47,49.47,44000,43.76
2007-06-22,49.61,49.61,49.61,49.61,000,43.88
2007-06-21,49.61,49.61,49.61,49.61,2000,43.88
2007-06-20,50.91,50.91,50.91,50.91,000,45.03
2007-06-19,50.91,50.91,50.91,50.91,100,45.03
2007-06-18,50.91,50.91,50.91,50.91,000,45.03
2007-06-15,50.91,50.91,50.91,50.91,000,45.03
2007-06-14,50.91,50.91,50.91,50.91,000,45.03
2007-06-13,52.17,52.17,50.62,50.91,6100,45.03
2007-06-12,51.35,51.35,51.35,51.35,000,45.42
2007-06-11,50.36,51.35,50.36,51.35,300,45.42
2007-06-08,51.29,51.29,51.29,51.29,000,45.37
2007-06-07,51.45,51.45,51.29,51.29,7000,45.37
2007-06-06,53.29,53.29,53.29,53.29,000,47.14
2007-06-05,53.29,53.29,53.29,53.29,2000,47.14
2007-06-04,53.65,53.65,53.59,53.59,5700,47.40
2007-06-01,53.74,53.79,53.32,53.32,10100,47.17
2007-05-31,54.12,54.12,53.44,53.44,6900,47.27
2007-05-30,52.92,53.89,52.92,53.89,3300,47.67
2007-05-29,52.49,52.92,52.40,52.92,32000,46.81
2007-05-25,50.79,50.79,50.44,50.44,7000,44.62
2007-05-24,49.60,49.60,49.60,49.60,000,43.88
2007-05-23,49.60,49.60,49.60,49.60,400,43.88
2007-05-22,49.44,49.44,49.44,49.44,1000,43.73
2007-05-21,51.56,51.56,51.56,51.56,000,45.61
2007-05-18,51.56,51.56,51.56,51.56,000,45.61
2007-05-17,51.56,51.56,51.56,51.56,000,45.61
2007-05-16,51.56,51.56,51.56,51.56,000,45.61
2007-05-15,51.56,51.56,51.56,51.56,1000,45.61
2007-05-14,51.19,51.19,51.19,51.19,000,45.28
2007-05-11,51.03,51.19,50.84,51.19,3000,45.28
2007-05-10,49.70,49.70,49.39,49.39,8000,43.69
2007-05-09,49.09,49.09,49.09,49.09,2000,43.42
2007-05-08,49.16,49.16,49.16,49.16,200,43.49
2007-05-07,49.07,49.07,49.07,49.07,2000,43.41
2007-05-04,49.15,49.15,48.88,48.88,10000,43.24