2011-05-10,47.79,48.17,47.67,48.07,35800,48.07
2011-05-09,47.25,47.63,47.17,47.54,41000,47.54
2011-05-06,47.58,47.76,47.00,47.18,25700,47.18
2011-05-05,46.84,47.54,46.77,46.97,38900,46.97
2011-05-04,47.57,47.57,46.74,47.07,63000,47.07
2011-05-03,48.03,48.03,47.30,47.57,79000,47.57
2011-05-02,48.42,48.46,47.97,48.07,93000,48.07
2011-04-29,48.07,48.28,47.96,48.15,37000,48.15
2011-04-28,48.02,48.10,47.84,48.03,43400,48.03
2011-04-27,47.87,48.14,47.61,48.11,106400,48.11
2011-04-26,47.83,48.00,47.64,47.83,51600,47.83
2011-04-25,47.80,47.81,47.49,47.70,79400,47.70
2011-04-21,47.58,47.77,47.50,47.76,54000,47.76
2011-04-20,46.79,47.25,46.79,47.24,63000,47.24
2011-04-19,45.98,46.15,45.72,46.15,26200,46.15
2011-04-18,45.85,45.91,45.34,45.85,50000,45.85
2011-04-15,46.16,46.39,45.92,46.34,41300,46.34
2011-04-14,45.99,46.20,45.74,46.17,24000,46.17
2011-04-13,46.10,46.26,45.90,46.17,26000,46.17
2011-04-12,45.88,46.00,45.61,45.82,32800,45.82
2011-04-11,46.52,46.59,46.08,46.19,51800,46.19
2011-04-08,46.88,46.93,46.28,46.45,41100,46.45
2011-04-07,46.51,46.77,46.25,46.56,31200,46.56
2011-04-06,46.96,47.08,46.41,46.58,58200,46.58
2011-04-05,46.75,46.97,46.67,46.70,56500,46.70
2011-04-04,46.95,46.95,46.60,46.73,41400,46.73
2011-04-01,46.79,46.97,46.61,46.73,54000,46.73
2011-03-31,46.44,46.53,46.26,46.47,49000,46.47
2011-03-30,46.39,46.53,46.13,46.45,103600,46.45
2011-03-29,45.57,46.01,45.48,45.97,102200,45.97
2011-03-28,46.00,46.01,45.56,45.57,39900,45.57
2011-03-25,45.84,46.16,45.74,45.88,60800,45.88
2011-03-24,45.30,45.73,45.01,45.67,74100,45.67
2011-03-23,44.46,44.97,44.19,44.86,58300,44.86
2011-03-22,44.79,44.79,44.48,44.54,30200,44.54
2011-03-21,44.61,44.88,44.51,44.69,33200,44.69
2011-03-18,44.60,44.60,43.95,44.04,42500,44.04
2011-03-17,44.43,44.47,44.06,44.15,116100,44.11
2011-03-16,44.30,44.60,43.46,43.72,79200,43.68
2011-03-15,43.49,44.70,43.42,44.48,269400,44.44
2011-03-14,44.73,45.04,44.40,44.77,36500,44.73
2011-03-11,44.42,45.19,44.42,45.09,49900,45.05
2011-03-10,44.95,45.05,44.62,44.72,68300,44.68
2011-03-09,45.64,45.64,45.28,45.45,47500,45.41
2011-03-08,45.63,45.97,45.25,45.83,61700,45.79
2011-03-07,46.37,46.50,45.28,45.63,42200,45.59
2011-03-04,46.30,46.31,45.83,46.18,72500,46.14
2011-03-03,45.85,46.35,45.80,46.28,67000,46.24
2011-03-02,45.04,45.57,45.00,45.39,55000,45.35
2011-03-01,46.10,46.10,44.95,45.07,69000,45.03
2011-02-28,46.12,46.12,45.51,45.83,79000,45.79
2011-02-25,45.65,45.93,45.60,45.92,57500,45.88
2011-02-24,44.89,45.33,44.66,45.23,85500,45.19
2011-02-23,45.54,45.62,44.46,44.94,117600,44.90
2011-02-22,46.37,46.49,45.45,45.57,64200,45.53
2011-02-18,47.03,47.03,46.65,46.82,92900,46.78
2011-02-17,46.86,47.05,46.76,46.95,57200,46.91
2011-02-16,46.93,47.14,46.80,46.97,111100,46.93
2011-02-15,46.81,46.83,46.54,46.66,84400,46.62
2011-02-14,46.81,46.96,46.73,46.92,161900,46.88
2011-02-11,46.17,46.70,46.11,46.65,54600,46.61
2011-02-10,45.74,46.40,45.71,46.32,81000,46.28
2011-02-09,46.03,46.18,45.83,46.00,98300,45.96
2011-02-08,45.86,46.02,45.63,46.02,61000,45.98
2011-02-07,45.70,46.01,45.66,45.73,192500,45.69
2011-02-04,45.20,45.56,45.09,45.53,57200,45.49
2011-02-03,44.88,45.10,44.60,45.05,69300,45.01
2011-02-02,44.67,45.13,44.67,44.78,60400,44.74
2011-02-01,44.39,44.85,44.39,44.75,127000,44.71
2011-01-31,43.75,44.18,43.67,44.09,39800,44.05
2011-01-28,44.60,44.60,43.50,43.66,76800,43.62
2011-01-27,44.39,44.58,44.28,44.49,305600,44.45
2011-01-26,43.86,44.26,43.86,44.25,45100,44.21
2011-01-25,43.79,43.79,43.40,43.73,41400,43.69
2011-01-24,43.63,43.98,43.46,43.92,40900,43.88
2011-01-21,44.09,44.20,43.60,43.64,33700,43.60
2011-01-20,43.85,43.89,43.36,43.74,46700,43.70
2011-01-19,44.85,44.85,44.07,44.17,44600,44.13
2011-01-18,44.74,44.92,44.66,44.88,122500,44.84
2011-01-14,44.36,44.70,44.30,44.70,130600,44.66
2011-01-13,44.39,44.52,44.28,44.38,33700,44.34
2011-01-12,44.39,44.39,44.11,44.33,182600,44.29
2011-01-11,44.20,44.20,43.86,44.04,120400,44.00
2011-01-10,43.61,43.93,43.42,43.86,61800,43.82
2011-01-07,43.86,43.90,43.29,43.77,35700,43.73
2011-01-06,43.90,43.94,43.68,43.74,42300,43.70
2011-01-05,43.32,43.86,43.32,43.82,67100,43.78
2011-01-04,44.04,44.04,43.28,43.51,259500,43.47
2011-01-03,43.70,44.14,43.69,43.84,174600,43.80
2010-12-31,43.47,43.47,43.21,43.25,53500,43.21
2010-12-30,43.52,43.55,43.38,43.47,26400,43.43
2010-12-29,43.52,43.58,43.43,43.50,39300,43.46
2010-12-28,43.56,43.57,43.28,43.36,21100,43.32
2010-12-27,43.47,43.50,43.13,43.43,129900,43.39
2010-12-23,43.66,43.66,43.47,43.53,34900,43.49
2010-12-22,43.74,43.80,43.55,43.70,61100,43.66
2010-12-21,43.82,43.85,43.65,43.83,45300,43.79
2010-12-20,43.80,43.80,43.32,43.57,34000,43.53
2010-12-17,43.44,43.58,43.34,43.51,26800,43.47
2010-12-16,43.13,43.44,43.00,43.43,77500,43.33
2010-12-15,43.27,43.48,42.95,43.04,48100,42.94
2010-12-14,43.63,43.63,43.13,43.26,72800,43.16
2010-12-13,43.87,44.02,43.56,43.56,48900,43.46
2010-12-10,43.52,43.74,43.38,43.73,31700,43.63
2010-12-09,43.74,43.74,43.29,43.45,92700,43.35
2010-12-08,43.58,43.58,43.16,43.43,37500,43.33
2010-12-07,44.17,44.17,43.31,43.31,42100,43.21
2010-12-06,43.65,43.65,43.38,43.55,67200,43.45
2010-12-03,43.23,43.59,43.12,43.56,63200,43.46
2010-12-02,42.95,43.39,42.90,43.38,68800,43.28
2010-12-01,42.47,42.90,42.47,42.83,52200,42.73
2010-11-30,41.64,42.10,41.51,41.89,63000,41.79
2010-11-29,41.96,42.19,41.55,42.10,48700,42.00
2010-11-26,42.16,42.34,42.00,42.24,19400,42.14
2010-11-24,41.99,42.47,41.99,42.46,92000,42.36
2010-11-23,41.57,41.72,41.28,41.56,58800,41.46
2010-11-22,41.79,42.17,41.64,42.16,118000,42.06
2010-11-19,41.45,41.91,41.45,41.91,77900,41.81
2010-11-18,41.25,41.68,41.21,41.44,228200,41.34
2010-11-17,40.54,40.85,40.50,40.68,33800,40.58
2010-11-16,40.88,41.02,40.25,40.50,59100,40.40
2010-11-15,41.66,41.66,41.20,41.21,86900,41.11
2010-11-12,41.92,42.03,41.14,41.36,60100,41.26
2010-11-11,41.86,42.28,41.73,42.16,11000,42.06
2010-11-10,41.97,42.24,41.70,42.23,22300,42.13
2010-11-09,42.42,42.49,41.71,41.85,51500,41.75
2010-11-08,41.99,42.18,41.84,42.16,54000,42.06
2010-11-05,41.92,42.09,41.81,42.09,170000,41.99
2010-11-04,41.54,41.81,41.49,41.81,56800,41.71
2010-11-03,41.02,41.02,40.29,40.93,24600,40.83
2010-11-02,40.72,40.99,40.68,40.89,29500,40.79
2010-11-01,40.75,40.95,40.23,40.45,86800,40.35
2010-10-29,40.18,40.53,40.18,40.46,84300,40.36
2010-10-28,40.64,40.64,39.98,40.28,59500,40.18
2010-10-27,40.05,40.34,39.79,40.34,131200,40.24
2010-10-26,39.81,40.20,39.70,40.13,43000,40.03
2010-10-25,40.13,40.37,39.97,40.01,95700,39.91
2010-10-22,39.30,39.70,39.28,39.69,76200,39.60
2010-10-21,39.56,39.73,38.92,39.23,93000,39.14
2010-10-20,38.95,39.39,38.86,39.21,66200,39.12
2010-10-19,39.09,39.22,38.50,38.74,30800,38.65
2010-10-18,39.64,39.67,39.38,39.62,174800,39.53
2010-10-15,39.64,39.64,39.10,39.60,51800,39.51
2010-10-14,39.25,39.36,38.91,39.15,18400,39.06
2010-10-13,39.03,39.47,39.03,39.21,36000,39.12
2010-10-12,38.62,38.94,38.25,38.85,52700,38.76
2010-10-11,38.85,38.85,38.50,38.59,54900,38.50
2010-10-08,38.17,38.71,38.17,38.63,29000,38.54
2010-10-07,38.46,38.46,37.88,38.14,19900,38.05
2010-10-06,38.61,38.65,37.94,38.13,43600,38.04
2010-10-05,38.09,38.73,38.09,38.62,42300,38.53
2010-10-04,37.90,38.04,37.54,37.72,28400,37.63
2010-10-01,38.39,38.39,37.93,38.16,35100,38.07
2010-09-30,38.59,38.62,37.79,38.06,36300,37.97
2010-09-29,38.21,38.36,38.11,38.24,98000,38.15
2010-09-28,38.01,38.36,37.60,38.36,39100,38.27
2010-09-27,38.29,38.29,37.96,37.96,135600,37.87
2010-09-24,37.84,38.25,37.79,38.20,160100,38.11
2010-09-23,37.14,37.65,37.07,37.20,124700,37.11
2010-09-22,37.62,37.76,37.25,37.37,256100,37.28
2010-09-21,38.03,38.03,37.44,37.67,142300,37.58
2010-09-20,37.36,37.92,37.26,37.92,77100,37.83
2010-09-17,37.28,37.28,36.99,37.12,9100,37.03
2010-09-16,37.01,37.08,36.85,37.07,20500,36.95
2010-09-15,36.90,37.14,36.80,37.14,8800,37.02
2010-09-14,36.90,37.23,36.81,36.97,10600,36.85
2010-09-13,36.80,36.99,36.77,36.99,7100,36.87
2010-09-10,36.34,36.41,36.17,36.41,7900,36.29
2010-09-09,36.62,36.62,35.98,36.06,19800,35.94
2010-09-08,36.06,36.30,35.98,36.15,21400,36.03
2010-09-07,35.77,35.97,35.72,35.78,38000,35.66
2010-09-03,35.93,36.16,35.93,36.04,10900,35.92
2010-09-02,35.04,35.54,35.03,35.54,20800,35.42
2010-09-01,34.30,34.99,34.30,34.99,34300,34.88
2010-08-31,33.52,33.93,33.52,33.72,10200,33.61
2010-08-30,34.35,34.35,33.80,33.80,16000,33.69
2010-08-27,33.94,34.36,33.54,34.36,4400,34.25
2010-08-26,34.02,34.19,33.58,33.62,21100,33.51
2010-08-25,33.44,33.97,33.23,33.89,41000,33.78
2010-08-24,33.92,33.95,33.48,33.75,10600,33.64
2010-08-23,34.72,34.80,34.33,34.33,22600,34.22
2010-08-20,34.35,34.54,34.11,34.54,5400,34.43
2010-08-19,34.74,34.74,34.28,34.42,28300,34.31
2010-08-18,34.74,35.01,34.56,34.88,5900,34.77
2010-08-17,34.55,35.02,34.55,34.85,13900,34.74
2010-08-16,33.95,34.34,33.81,34.17,51700,34.06
2010-08-13,34.31,34.36,34.19,34.29,2500,34.18
2010-08-12,33.91,34.37,33.59,34.31,48600,34.20
2010-08-11,35.04,35.04,34.38,34.50,17100,34.39
2010-08-10,35.44,35.76,35.31,35.55,19500,35.43
2010-08-09,35.91,35.92,35.73,35.91,9800,35.79
2010-08-06,35.43,35.68,35.17,35.63,44700,35.51
2010-08-05,35.64,35.81,35.55,35.74,21500,35.62
2010-08-04,35.48,35.89,35.48,35.86,10500,35.74
2010-08-03,35.40,35.40,35.03,35.24,150200,35.12
2010-08-02,35.19,35.45,35.09,35.45,8200,35.33
2010-07-30,34.01,34.65,34.01,34.55,79700,34.44
2010-07-29,34.90,34.90,34.20,34.46,7400,34.35
2010-07-28,34.88,34.88,34.63,34.63,3300,34.52
2010-07-27,35.02,35.04,34.72,34.86,18100,34.75
2010-07-26,35.01,35.23,35.01,35.23,3100,35.11
2010-07-23,34.20,34.86,34.14,34.85,56600,34.74
2010-07-22,34.09,34.50,34.03,34.44,12200,34.33
2010-07-21,34.08,34.10,33.44,33.57,10200,33.46
2010-07-20,33.15,33.97,33.00,33.97,6900,33.86
2010-07-19,33.46,33.56,33.09,33.48,28800,33.37
2010-07-16,34.18,34.18,33.25,33.25,40200,33.14
2010-07-15,34.21,34.44,33.93,34.41,31400,34.30
2010-07-14,34.21,34.43,34.16,34.32,51500,34.21
2010-07-13,33.99,34.36,33.91,34.27,12000,34.16
2010-07-12,33.71,33.88,33.47,33.56,3300,33.45
2010-07-09,33.58,33.77,33.53,33.77,10100,33.66
2010-07-08,33.81,33.81,33.08,33.43,14700,33.32
2010-07-07,31.97,33.14,31.97,33.12,47200,33.01
2010-07-06,32.40,32.64,31.71,31.92,17000,31.82
2010-07-02,32.29,32.29,31.77,31.97,16700,31.87
2010-07-01,32.03,32.20,31.31,32.13,480800,32.03
2010-06-30,32.72,32.75,31.94,32.04,42600,31.94
2010-06-29,33.03,33.07,32.20,32.44,16600,32.33
2010-06-28,34.02,34.13,33.87,33.90,6600,33.79
2010-06-25,33.84,34.32,33.69,34.17,12800,34.06
2010-06-24,34.45,34.45,33.72,33.76,70800,33.65
2010-06-23,34.42,34.69,34.10,34.53,28100,34.42
2010-06-22,35.26,35.41,34.53,34.53,10300,34.42
2010-06-21,36.03,36.03,35.06,35.26,25300,35.14
2010-06-18,35.55,35.67,35.37,35.51,32100,35.39
2010-06-17,35.68,35.68,35.17,35.50,41400,35.38
2010-06-16,35.40,35.76,35.29,35.54,109400,35.42
2010-06-15,34.95,35.57,34.94,35.55,32800,35.43
2010-06-14,35.08,35.10,34.62,34.62,11300,34.51
2010-06-11,34.08,34.69,34.08,34.61,10300,34.50
2010-06-10,34.02,34.31,33.76,34.31,14200,34.20
2010-06-09,33.45,33.97,33.05,33.05,9200,32.94
2010-06-08,32.65,33.05,32.43,33.01,22000,32.90
2010-06-07,33.62,33.67,32.89,32.89,13600,32.78
2010-06-04,34.27,34.57,33.31,33.44,16600,33.33
2010-06-03,34.64,34.80,34.43,34.80,21900,34.69
2010-06-02,33.67,34.35,33.54,34.35,24300,34.24
2010-06-01,34.17,34.40,33.60,33.60,11400,33.49
2010-05-28,34.94,34.94,34.30,34.60,15400,34.49
2010-05-27,34.20,35.01,34.20,35.01,59200,34.90
2010-05-26,33.91,34.33,33.56,33.57,80300,33.46
2010-05-25,32.56,33.63,32.28,33.63,188900,33.52
2010-05-24,33.94,33.97,33.42,33.44,49900,33.33
2010-05-21,32.54,33.99,32.31,33.86,126500,33.75
2010-05-20,33.66,33.82,32.93,33.25,50200,33.14
2010-05-19,34.90,34.90,33.90,34.44,25900,34.33
2010-05-18,35.68,35.86,34.66,34.76,19000,34.65
2010-05-17,35.47,35.49,34.51,35.28,170900,35.16
2010-05-14,36.01,36.01,34.94,35.34,58900,35.22
2010-05-13,36.67,36.95,36.27,36.27,41700,36.15
2010-05-12,36.25,36.72,36.16,36.67,50500,36.55
2010-05-11,35.92,36.50,35.83,35.94,84300,35.82
2010-05-10,35.27,36.28,35.27,36.28,68200,36.16
2010-05-07,34.92,35.36,33.63,34.22,291100,34.11
2010-05-06,36.27,36.50,23.43,35.11,502000,35.00
2010-05-05,36.22,36.76,35.94,36.38,38700,36.26
2010-05-04,37.39,37.39,36.46,36.68,60500,36.56
2010-05-03,37.32,37.93,37.32,37.79,89100,37.67
2010-04-30,38.31,38.31,37.31,37.31,188200,37.19
2010-04-29,38.00,38.34,37.99,38.26,62500,38.13
2010-04-28,37.67,37.84,37.39,37.70,115400,37.58
2010-04-27,38.55,38.55,37.47,37.56,69600,37.44
2010-04-26,38.74,38.91,38.70,38.74,87100,38.61
2010-04-23,38.40,38.70,38.31,38.70,56600,38.57
2010-04-22,37.66,38.40,37.54,38.40,31000,38.27
2010-04-21,38.02,38.03,37.63,38.00,43000,37.88
2010-04-20,37.70,37.95,37.69,37.92,38500,37.80
2010-04-19,37.44,37.55,36.92,37.33,76000,37.21
2010-04-16,38.15,38.15,37.34,37.54,40500,37.42
2010-04-15,38.25,38.36,38.17,38.29,26900,38.16
2010-04-14,37.90,38.26,37.85,38.26,15500,38.13
2010-04-13,37.72,37.77,37.41,37.72,16700,37.60
2010-04-12,37.78,37.87,37.68,37.71,24600,37.59
2010-04-09,37.46,37.72,37.45,37.70,17100,37.58
2010-04-08,37.00,37.41,36.93,37.41,10500,37.29
2010-04-07,37.58,37.58,37.08,37.20,25000,37.08
2010-04-06,37.42,37.71,37.36,37.63,39300,37.51
2010-04-05,37.20,37.58,37.15,37.53,27700,37.41
2010-04-01,36.87,37.19,36.77,37.01,115200,36.89
2010-03-31,36.57,36.81,36.56,36.61,14400,36.49
2010-03-30,36.63,36.78,36.43,36.66,65400,36.54
2010-03-29,36.56,36.63,36.51,36.57,14100,36.45
2010-03-26,36.36,36.40,36.04,36.21,11600,36.09
2010-03-25,36.57,36.71,36.12,36.15,7400,36.03
2010-03-24,36.34,36.45,36.27,36.35,12500,36.23
2010-03-23,36.28,36.52,36.19,36.52,6000,36.40
2010-03-22,35.74,36.36,35.60,36.29,22700,36.17
2010-03-19,36.48,36.48,35.86,35.90,39600,35.78
2010-03-18,36.48,36.51,36.27,36.37,13300,36.25
2010-03-17,36.55,36.73,36.46,36.54,22700,36.42
2010-03-16,36.13,36.41,36.04,36.41,43700,36.29
2010-03-15,36.13,36.13,35.73,35.99,31500,35.87
2010-03-12,36.20,36.24,36.09,36.19,9900,36.07
2010-03-11,35.90,36.02,35.75,36.02,12300,35.90
2010-03-10,35.69,36.02,35.69,36.01,15200,35.89
2010-03-09,35.45,35.84,35.40,35.66,44200,35.54
2010-03-08,35.61,35.71,35.57,35.64,92100,35.52
2010-03-05,35.24,35.62,35.23,35.59,78300,35.47
2010-03-04,34.92,35.04,34.82,34.97,25100,34.86
2010-03-03,35.01,35.16,34.86,34.87,11000,34.76
2010-03-02,35.03,35.13,34.85,34.88,111500,34.77
2010-03-01,34.50,34.85,34.50,34.84,55800,34.73
2010-02-26,33.85,34.16,33.82,34.16,18100,34.05
2010-02-25,33.27,33.99,33.22,33.94,10500,33.83
2010-02-24,33.63,33.91,33.63,33.87,11400,33.76
2010-02-23,34.03,34.03,33.47,33.56,13800,33.45
2010-02-22,34.32,34.32,34.04,34.06,15100,33.95
2010-02-19,34.04,34.30,34.00,34.21,43400,34.10
2010-02-18,33.80,34.12,33.80,34.10,21600,33.99
2010-02-17,33.75,33.83,33.62,33.77,22200,33.66
2010-02-16,33.24,33.62,33.24,33.51,18900,33.40
2010-02-12,32.55,32.92,32.41,32.92,22400,32.81
2010-02-11,32.32,32.94,32.28,32.87,52700,32.76
2010-02-10,32.53,32.59,32.07,32.41,38000,32.30
2010-02-09,32.49,32.68,32.20,32.50,65000,32.39
2010-02-08,32.11,32.37,31.90,31.93,20100,31.83
2010-02-05,32.02,32.13,31.33,32.10,117300,32.00
2010-02-04,32.89,32.89,31.94,31.94,63300,31.84
2010-02-03,33.09,33.29,33.03,33.20,164800,33.09
2010-02-02,32.90,33.31,32.70,33.22,154200,33.11
2010-02-01,32.29,32.81,32.29,32.81,114300,32.70
2010-01-29,32.73,32.96,32.00,32.10,48300,32.00
2010-01-28,33.12,33.12,32.33,32.60,78300,32.49
2010-01-27,32.94,33.06,32.57,33.01,87800,32.90
2010-01-26,32.97,33.35,32.80,32.99,15400,32.88
2010-01-25,33.26,33.38,32.96,33.06,15000,32.95
2010-01-22,33.74,33.74,32.91,32.99,31800,32.88
2010-01-21,34.57,34.74,33.87,33.91,26300,33.80
2010-01-20,34.72,34.77,34.20,34.53,65000,34.42
2010-01-19,34.63,35.06,34.59,35.02,16600,34.91
2010-01-15,35.04,35.04,34.50,34.62,43300,34.51
2010-01-14,35.04,35.13,34.92,35.05,37800,34.94
2010-01-13,34.77,35.08,34.43,35.07,28100,34.96
2010-01-12,34.92,34.92,34.46,34.66,73900,34.55
2010-01-11,35.35,35.49,34.99,35.21,45100,35.09
2010-01-08,34.89,35.26,34.78,35.26,43100,35.14
2010-01-07,35.04,35.05,34.84,35.04,36900,34.93
2010-01-06,35.02,35.16,34.93,35.11,93200,35.00
2010-01-05,34.84,35.01,34.84,35.01,65900,34.90
2010-01-04,34.59,34.85,34.59,34.82,24000,34.71
2009-12-31,34.70,34.70,34.23,34.23,15200,34.12
2009-12-30,34.57,34.59,34.49,34.59,10500,34.48
2009-12-29,34.71,34.78,34.63,34.63,10100,34.52
2009-12-28,34.83,34.86,34.64,34.72,7000,34.61
2009-12-24,34.67,34.74,34.63,34.67,4800,34.56
2009-12-23,34.31,34.59,34.26,34.57,23400,34.46
2009-12-22,34.07,34.22,34.02,34.15,18900,34.04
2009-12-21,34.00,34.00,33.86,33.96,7500,33.85
2009-12-18,33.47,33.54,33.20,33.54,15400,33.43
2009-12-17,33.44,33.44,33.29,33.29,4200,33.14
2009-12-16,33.66,33.82,33.64,33.64,7900,33.48
2009-12-15,33.56,33.65,33.47,33.48,7400,33.32
2009-12-14,33.30,33.60,33.30,33.60,17900,33.44
2009-12-11,33.20,33.20,33.01,33.09,21100,32.94
2009-12-10,32.93,33.13,32.93,33.02,9600,32.87
2009-12-09,32.72,32.73,32.41,32.73,15900,32.58
2009-12-08,32.83,32.83,32.61,32.68,12800,32.53
2009-12-07,33.13,33.24,32.90,32.98,65300,32.83
2009-12-04,33.43,33.90,32.77,33.12,149100,32.97
2009-12-03,33.36,33.38,32.90,32.92,42500,32.77
2009-12-02,33.22,33.52,33.21,33.28,15400,33.13
2009-12-01,33.40,33.40,33.04,33.20,12900,33.05
2009-11-30,32.63,32.68,32.38,32.68,7600,32.53
2009-11-27,32.32,33.05,31.64,32.70,6900,32.55
2009-11-25,33.03,33.32,33.03,33.31,10600,33.16
2009-11-24,32.92,33.06,32.76,33.04,37000,32.89
2009-11-23,33.21,33.32,32.98,32.99,24500,32.84
2009-11-20,32.65,32.75,32.43,32.60,15600,32.45
2009-11-19,33.12,33.12,32.62,32.85,29800,32.70
2009-11-18,33.64,33.64,33.28,33.42,29800,33.26
2009-11-17,33.56,33.62,33.34,33.62,114400,33.46
2009-11-16,33.32,33.80,33.32,33.67,16900,33.51
2009-11-13,32.85,33.12,32.84,33.08,17800,32.93
2009-11-12,33.12,33.26,32.66,32.75,18500,32.60
2009-11-11,33.23,33.36,32.98,33.09,34000,32.94
2009-11-10,32.99,33.13,32.84,32.97,20400,32.82
2009-11-09,32.43,33.01,32.43,33.00,16900,32.85
2009-11-06,32.10,32.31,31.96,32.20,19000,32.05
2009-11-05,31.70,32.20,31.68,32.20,14000,32.05
2009-11-04,31.62,31.87,31.47,31.48,94600,31.33
2009-11-03,30.94,31.37,30.91,31.37,1100,31.22
2009-11-02,30.90,31.34,30.83,31.10,17400,30.96
2009-10-30,31.75,31.75,30.84,30.85,27200,30.71
2009-10-29,31.49,31.94,31.49,31.88,23800,31.73
2009-10-28,31.85,31.89,31.09,31.09,32400,30.95
2009-10-27,32.42,32.42,31.91,31.97,25900,31.82
2009-10-26,32.66,33.16,32.29,32.35,23700,32.20
2009-10-23,33.17,33.17,32.62,32.62,1400,32.47
2009-10-22,32.63,32.93,32.41,32.93,4100,32.78
2009-10-21,32.76,33.20,32.68,32.68,4500,32.53
2009-10-20,32.87,32.87,32.53,32.76,11300,32.61
2009-10-19,32.55,32.98,32.52,32.98,9400,32.83
2009-10-16,32.44,32.51,32.25,32.47,4400,32.32
2009-10-15,32.38,32.68,32.38,32.66,4900,32.51
2009-10-14,32.29,32.58,32.26,32.58,4500,32.43
2009-10-13,31.97,31.98,31.82,31.96,8900,31.81
2009-10-12,32.14,32.24,31.89,32.00,7200,31.85
2009-10-09,31.73,31.86,31.73,31.85,3400,31.70
2009-10-08,31.55,31.79,31.55,31.69,6800,31.54
2009-10-07,31.18,31.18,31.18,31.18,1200,31.04
2009-10-06,30.85,31.28,30.85,31.09,18700,30.95
2009-10-05,30.18,30.67,30.18,30.65,6500,30.51
2009-10-02,30.10,30.31,30.10,30.23,2000,30.09
2009-10-01,31.20,31.20,30.48,30.51,10500,30.37
2009-09-30,31.46,31.50,31.29,31.34,2000,31.19
2009-09-29,31.46,31.52,31.24,31.51,19600,31.36
2009-09-28,30.97,31.50,30.97,31.44,16100,31.29
2009-09-25,30.99,30.99,30.70,30.81,3200,30.67
2009-09-24,31.68,31.68,30.91,31.07,11600,30.93
2009-09-23,31.94,31.96,31.72,31.72,5900,31.57
2009-09-22,31.84,31.96,31.73,31.91,45400,31.76
2009-09-21,31.42,31.71,31.36,31.62,6900,31.47
2009-09-18,31.72,31.85,31.54,31.78,8000,31.63
2009-09-17,31.68,31.90,31.56,31.75,7300,31.56
2009-09-16,31.34,31.65,31.34,31.65,3100,31.47
2009-09-15,30.94,31.18,30.82,31.11,8300,30.93
2009-09-14,30.42,30.84,30.42,30.79,6600,30.61
2009-09-11,30.77,30.84,30.54,30.56,4700,30.38
2009-09-10,30.11,30.25,30.11,30.25,700,30.07
2009-09-09,29.71,30.20,29.71,30.05,5300,29.87
2009-09-08,29.65,29.77,29.55,29.64,8100,29.47
2009-09-04,29.26,29.28,29.25,29.26,5300,29.09
2009-09-03,28.58,28.61,28.58,28.61,700,28.44
2009-09-02,28.59,28.59,28.59,28.59,3600,28.42
2009-09-01,29.10,29.10,28.56,28.63,7400,28.46
2009-08-31,29.36,29.42,29.14,29.27,6500,29.10
2009-08-28,29.81,29.81,29.48,29.60,35100,29.43
2009-08-27,29.21,29.64,29.21,29.58,5000,29.41
2009-08-26,29.57,29.59,29.46,29.58,9000,29.41
2009-08-25,29.71,29.84,29.52,29.61,30900,29.44
2009-08-24,29.79,29.79,29.51,29.56,3100,29.39
2009-08-21,29.15,29.49,29.15,29.49,2900,29.32
2009-08-20,28.72,29.02,28.72,29.01,1200,28.84
2009-08-19,28.22,28.77,28.22,28.71,2400,28.54
2009-08-18,28.25,28.51,28.25,28.46,2800,28.29
2009-08-17,28.44,28.44,28.13,28.13,7600,27.97
2009-08-14,28.91,28.96,28.88,28.95,14600,28.78
2009-08-13,29.36,29.43,29.23,29.33,6500,29.16
2009-08-12,28.74,29.39,28.74,29.17,3700,29.00
2009-08-11,29.00,29.00,28.73,28.79,2000,28.62
2009-08-10,29.02,29.25,28.96,29.01,14300,28.84
2009-08-07,29.07,29.34,29.07,29.27,7400,29.10
2009-08-06,28.99,29.13,28.65,28.81,9400,28.64
2009-08-05,28.82,28.97,28.77,28.96,2400,28.79
2009-08-04,28.84,29.19,28.84,29.11,20100,28.94
2009-08-03,28.67,28.99,28.62,28.96,16800,28.79
2009-07-31,28.36,28.55,28.36,28.43,31100,28.26
2009-07-30,28.45,28.58,28.45,28.54,4000,28.37
2009-07-29,28.07,28.15,27.94,27.95,2300,27.79
2009-07-28,28.30,28.30,27.99,28.25,4000,28.09
2009-07-27,28.38,28.44,28.20,28.43,16500,28.26
2009-07-24,28.10,28.41,27.94,28.41,9600,28.24
2009-07-23,27.75,28.28,27.75,28.26,18300,28.10
2009-07-22,27.37,27.52,27.37,27.51,1500,27.35
2009-07-21,27.34,27.37,27.11,27.36,38600,27.20
2009-07-20,27.25,27.35,27.06,27.35,11500,27.19
2009-07-17,26.68,26.92,26.68,26.92,6400,26.76
2009-07-16,26.37,26.90,26.37,26.84,18000,26.68
2009-07-15,26.19,26.42,26.18,26.42,2100,26.27
2009-07-14,25.46,25.53,25.38,25.53,3400,25.38
2009-07-13,24.61,25.35,24.61,25.35,13400,25.20
2009-07-10,24.72,24.90,24.72,24.83,24800,24.69
2009-07-09,24.94,25.01,24.77,24.84,72300,24.70
2009-07-08,24.87,24.87,24.31,24.72,10800,24.58
2009-07-07,25.05,25.05,24.70,24.70,1900,24.56
2009-07-06,25.30,25.43,25.10,25.32,10700,25.17
2009-07-02,26.02,26.02,25.67,25.68,17800,25.53
2009-07-01,26.56,26.79,26.40,26.40,5500,26.25
2009-06-30,26.72,26.75,26.26,26.36,5600,26.21
2009-06-29,26.59,26.69,26.38,26.64,8100,26.48
2009-06-26,26.35,26.49,26.32,26.49,8700,26.34
2009-06-25,25.64,26.34,25.62,26.34,6500,26.19
2009-06-24,25.81,26.04,25.66,25.66,7000,25.51
2009-06-23,25.42,25.52,25.21,25.49,18500,25.34
2009-06-22,26.09,26.09,25.33,25.33,29500,25.18
2009-06-19,26.65,26.66,26.42,26.42,59700,26.27
2009-06-18,26.27,26.52,26.27,26.42,69800,26.27
2009-06-17,26.49,26.49,26.10,26.40,5400,26.25
2009-06-16,27.02,27.03,26.46,26.56,3000,26.40
2009-06-15,27.02,27.03,26.78,26.82,4100,26.66
2009-06-12,27.23,27.66,27.23,27.66,9200,27.50
2009-06-11,27.92,28.06,27.79,27.79,18600,27.63
2009-06-10,27.52,27.54,27.50,27.50,1800,27.34
2009-06-09,27.41,27.72,27.27,27.54,22100,27.38
2009-06-08,27.23,27.38,26.85,27.27,7800,27.11
2009-06-05,27.76,27.76,27.07,27.40,3800,27.24
2009-06-04,27.20,27.42,26.98,27.42,15800,27.26
2009-06-03,27.48,27.48,26.75,26.75,5500,26.59
2009-06-02,27.37,27.75,27.37,27.63,3900,27.47
2009-06-01,27.00,27.67,27.00,27.59,22800,27.43
2009-05-29,26.12,26.25,26.12,26.22,2200,26.07
2009-05-28,25.84,26.00,25.47,26.00,4000,25.85
2009-05-27,26.03,26.25,25.60,25.60,20400,25.45
2009-05-26,24.94,25.93,24.94,25.93,1800,25.78
2009-05-22,25.39,25.39,25.15,25.15,500,25.00
2009-05-21,25.19,25.19,24.96,24.96,500,24.81
2009-05-20,26.16,26.44,26.00,26.18,6300,26.03
2009-05-19,25.69,26.18,25.69,26.04,35600,25.89
2009-05-18,25.16,25.65,25.13,25.65,9900,25.50
2009-05-15,24.93,24.93,24.87,24.87,1800,24.72
2009-05-14,24.86,25.31,24.80,25.13,4700,24.98
2009-05-13,25.25,25.25,24.67,24.76,44200,24.62
2009-05-12,25.79,26.02,25.35,25.75,3400,25.60
2009-05-11,25.94,26.10,25.85,25.85,13700,25.70
2009-05-08,25.96,26.41,25.96,26.32,17300,26.17
2009-05-07,26.61,26.74,25.72,25.72,6400,25.57
2009-05-06,26.33,26.45,26.23,26.36,37300,26.21
2009-05-05,25.91,26.18,25.88,26.18,33000,26.03
2009-05-04,25.44,25.95,25.44,25.95,14900,25.80
2009-05-01,24.89,25.36,24.89,25.16,5600,25.01
2009-04-30,25.46,25.47,24.96,24.99,12500,24.84
2009-04-29,24.73,25.01,24.73,24.84,3600,24.70
2009-04-28,24.28,24.40,24.21,24.24,25500,24.10
2009-04-27,24.79,24.79,24.17,24.17,2700,24.03
2009-04-24,24.42,24.74,24.42,24.67,8600,24.53
2009-04-23,24.01,24.01,23.58,23.99,1400,23.85
2009-04-22,23.95,24.26,23.57,23.97,11000,23.83
2009-04-21,23.06,23.70,22.24,23.70,10200,23.56
2009-04-20,23.84,23.84,23.12,23.12,4000,22.99
2009-04-17,23.91,24.34,23.90,24.33,3500,24.19
2009-04-16,23.60,24.12,23.49,24.12,5100,23.98
2009-04-15,23.29,23.51,23.23,23.51,8500,23.37
2009-04-14,23.89,23.89,23.38,23.38,9300,23.24
2009-04-13,23.74,23.94,23.38,23.83,14800,23.69
2009-04-09,23.28,23.65,23.28,23.65,2000,23.51
2009-04-08,22.68,22.87,22.68,22.81,3000,22.68
2009-04-07,22.52,22.55,22.35,22.48,34200,22.35
2009-04-06,22.79,22.99,22.79,22.99,1300,22.86
2009-04-03,22.90,23.17,22.79,23.12,12700,22.99
2009-04-02,22.78,23.00,22.78,23.00,2300,22.87
2009-04-01,21.38,22.02,21.25,22.02,4400,21.89
2009-03-31,23.26,23.26,21.65,21.96,2400,21.83
2009-03-30,21.40,21.43,21.34,21.38,2400,21.26
2009-03-27,22.61,22.61,22.25,22.30,22400,22.17
2009-03-26,22.31,22.84,22.31,22.61,11100,22.48
2009-03-25,22.34,22.47,21.58,21.84,34900,21.71
2009-03-24,21.82,22.36,21.82,22.35,6300,22.22
2009-03-23,21.40,21.80,21.40,21.79,3000,21.66
2009-03-20,21.52,21.52,20.94,20.94,5300,20.82
2009-03-19,21.74,22.20,21.51,21.53,100100,21.37
2009-03-18,20.93,21.70,20.80,21.40,10900,21.24
2009-03-17,20.52,20.74,20.44,20.74,149800,20.58
2009-03-16,20.68,20.97,20.58,20.82,14200,20.66
2009-03-13,20.72,20.72,20.34,20.63,8000,20.47
2009-03-12,19.82,20.55,19.82,20.55,4400,20.39
2009-03-11,20.25,20.25,19.64,19.87,11900,19.72
2009-03-10,18.84,19.58,18.84,19.58,5800,19.43
2009-03-09,18.69,18.69,18.43,18.43,10200,18.29
2009-03-06,18.84,18.87,18.27,18.50,42800,18.36
2009-03-05,19.07,19.19,18.72,18.74,9300,18.60
2009-03-04,19.25,19.64,19.23,19.35,10100,19.20
2009-03-03,19.05,19.17,18.64,19.17,19000,19.03
2009-03-02,19.45,19.48,18.75,18.75,4300,18.61
2009-02-27,19.82,20.32,19.82,20.00,17900,19.85
2009-02-26,21.00,21.00,20.28,20.28,400,20.13
2009-02-25,20.80,20.90,20.56,20.90,2800,20.74
2009-02-24,20.32,20.96,20.32,20.95,17100,20.79
2009-02-23,21.09,21.09,20.10,20.10,4200,19.95
2009-02-20,20.71,20.99,20.64,20.92,12100,20.76
2009-02-19,21.48,21.50,21.05,21.05,11600,20.89
2009-02-18,21.42,21.48,21.22,21.33,3300,21.17
2009-02-17,22.60,22.60,22.60,22.60,000,22.43
2009-02-13,22.67,22.70,22.60,22.60,2900,22.43
2009-02-12,21.88,21.88,21.88,21.88,800,21.71
2009-02-11,22.31,22.39,22.21,22.25,8900,22.08
2009-02-10,23.18,23.39,22.22,22.30,15900,22.13
2009-02-09,23.25,23.36,23.14,23.29,7200,23.11
2009-02-06,23.05,23.32,23.05,23.32,3100,23.14
2009-02-05,21.94,22.68,21.94,22.68,2800,22.51
2009-02-04,22.50,22.50,22.10,22.14,2800,21.97
2009-02-03,21.71,22.17,21.71,22.16,9800,21.99
2009-02-02,21.35,21.66,21.35,21.42,900,21.26
2009-01-30,21.87,21.87,21.64,21.70,7700,21.54
2009-01-29,22.52,22.52,22.24,22.31,1500,22.14
2009-01-28,22.53,23.00,22.53,22.89,8600,22.72
2009-01-27,21.94,22.01,21.94,21.99,4800,21.82
2009-01-26,22.29,22.29,22.12,22.12,800,21.95
2009-01-23,20.99,21.55,20.90,21.54,47900,21.38
2009-01-22,21.38,21.73,21.19,21.73,1900,21.57
2009-01-21,21.32,21.76,20.91,21.76,5900,21.60
2009-01-20,22.12,22.12,21.00,21.21,5300,21.05
2009-01-16,22.25,22.33,21.63,21.63,3400,21.47
2009-01-15,21.77,21.82,21.28,21.28,61200,21.12
2009-01-14,22.33,22.33,21.66,21.71,31400,21.55
2009-01-13,22.62,22.69,22.41,22.51,11800,22.34
2009-01-12,22.90,22.90,22.66,22.66,700,22.49
2009-01-09,23.76,23.76,23.35,23.35,600,23.17
2009-01-08,23.27,23.45,23.27,23.45,700,23.27
2009-01-07,23.87,23.94,23.46,23.48,17600,23.30
2009-01-06,24.29,24.29,24.28,24.29,2200,24.11
2009-01-05,23.87,24.21,23.65,24.21,6300,24.03
2009-01-02,23.06,24.07,22.99,24.07,2300,23.89
2008-12-31,22.52,23.06,22.52,23.06,23500,22.89
2008-12-30,22.00,22.27,22.00,22.26,6900,22.09
2008-12-29,22.47,22.47,21.80,21.88,13300,21.71
2008-12-26,21.91,22.10,21.91,22.10,1400,21.93
2008-12-24,21.82,21.82,21.82,21.82,100,21.66
2008-12-23,22.15,22.22,21.75,21.84,3700,21.68
2008-12-22,22.30,22.30,21.69,21.84,10200,21.68
2008-12-19,22.75,23.03,22.57,22.60,12200,22.43
2008-12-18,22.98,23.10,22.47,22.74,57800,22.50
2008-12-17,22.66,23.04,22.66,23.04,3800,22.80
2008-12-16,22.97,22.97,21.47,22.97,148000,22.73
2008-12-15,22.07,22.07,21.87,21.87,3200,21.64
2008-12-12,21.59,22.32,21.59,22.15,7600,21.92
2008-12-11,22.43,22.90,22.01,22.26,10400,22.03
2008-12-10,22.62,22.72,22.45,22.72,12200,22.48
2008-12-09,21.86,22.86,21.86,22.19,4500,21.96
2008-12-08,21.28,22.62,21.28,22.62,5100,22.38
2008-12-05,20.25,21.50,20.25,21.50,13200,21.28
2008-12-04,21.62,21.62,20.68,20.68,2700,20.46
2008-12-03,20.42,21.56,20.42,21.56,1400,21.34
2008-12-02,20.60,20.85,20.23,20.71,17200,20.49
2008-12-01,21.07,21.07,20.97,20.98,6700,20.76
2008-11-28,22.00,22.09,21.93,21.95,3300,21.72
2008-11-26,21.51,22.15,21.51,22.09,4900,21.86
2008-11-25,21.12,21.43,20.70,21.14,19100,20.92
2008-11-24,19.83,21.34,19.83,21.01,11000,20.79
2008-11-21,19.25,19.25,18.38,18.97,5700,18.77
2008-11-20,19.36,19.96,18.65,18.71,4000,18.51
2008-11-19,20.54,20.54,20.02,20.02,500,19.81
2008-11-18,21.34,21.44,20.91,20.91,11800,20.69
2008-11-17,21.25,21.82,21.25,21.58,10700,21.36
2008-11-14,22.16,22.47,21.85,21.90,12400,21.67
2008-11-13,21.40,22.86,21.17,22.86,15500,22.62
2008-11-12,21.98,21.98,21.23,21.38,8100,21.16
2008-11-11,22.50,22.50,22.20,22.20,2300,21.97
2008-11-10,24.25,24.25,23.17,23.17,1000,22.93
2008-11-07,23.17,23.40,23.05,23.05,24900,22.81
2008-11-06,23.93,23.93,22.93,23.10,13600,22.86
2008-11-05,24.95,25.06,24.13,24.13,14800,23.88
2008-11-04,24.56,25.20,24.56,25.00,7400,24.74
2008-11-03,24.32,24.49,24.21,24.32,8000,24.07
2008-10-31,23.85,24.56,23.85,24.29,28300,24.04
2008-10-30,23.26,24.03,23.26,23.90,4700,23.65
2008-10-29,23.20,24.10,23.06,23.18,10800,22.94
2008-10-28,21.54,22.30,21.20,22.30,2500,22.07
2008-10-27,20.87,21.91,20.87,21.52,2900,21.30
2008-10-24,21.55,21.90,21.52,21.64,30700,21.41
2008-10-23,22.29,22.66,21.27,22.40,12000,22.17
2008-10-22,22.59,23.17,22.17,22.17,10400,21.94
2008-10-21,23.91,24.77,23.91,24.00,4900,23.75
2008-10-20,24.88,24.88,24.13,24.71,2900,24.45
2008-10-17,23.78,24.80,23.63,24.00,13300,23.75
2008-10-16,35.81,35.81,22.50,23.82,4200,23.57
2008-10-15,24.75,24.75,23.75,23.75,5200,23.50
2008-10-14,27.27,27.27,25.34,25.46,6700,25.19
2008-10-13,25.21,25.88,24.26,25.76,7900,25.49
2008-10-10,22.03,23.74,16.97,22.95,19200,22.71
2008-10-09,25.70,25.93,23.26,23.67,3300,23.42
2008-10-08,25.28,26.05,24.95,26.05,3700,25.78
2008-10-07,28.33,28.33,24.96,24.96,9300,24.70
2008-10-06,27.05,27.07,25.72,26.77,7400,26.49
2008-10-03,29.01,29.23,27.93,27.98,50600,27.69
2008-10-02,29.45,29.45,28.54,28.56,135200,28.26
2008-10-01,29.84,30.11,29.66,29.87,84800,29.56
2008-09-30,30.50,30.94,29.53,30.94,10900,30.62
2008-09-29,31.01,31.01,28.14,29.37,16300,29.06
2008-09-26,31.39,31.48,31.27,31.48,10300,31.15
2008-09-25,31.81,31.97,31.80,31.83,2100,31.50
2008-09-24,31.55,31.66,31.51,31.57,5300,31.24
2008-09-23,32.30,32.35,31.82,31.82,22200,31.49
2008-09-22,32.70,32.70,31.98,31.98,16300,31.65
2008-09-19,33.06,33.06,32.50,33.06,126700,32.72
2008-09-18,30.13,32.00,30.13,31.87,10200,31.48
2008-09-17,30.80,32.32,30.63,30.64,43300,30.27
2008-09-16,31.81,32.22,31.14,32.22,31300,31.83
2008-09-15,31.47,32.75,31.46,32.27,7500,31.88
2008-09-12,33.03,33.27,33.03,33.27,2300,32.86
2008-09-11,32.29,32.98,32.29,32.87,1400,32.47
2008-09-10,31.75,32.87,31.75,32.87,6600,32.47
2008-09-09,33.54,33.54,32.49,32.49,43000,32.09
2008-09-08,33.91,33.91,33.21,33.51,5200,33.10
2008-09-05,32.71,33.19,32.60,33.18,57300,32.77
2008-09-04,33.36,33.47,33.05,33.09,3100,32.69
2008-09-03,33.91,33.96,33.91,33.96,1200,33.54
2008-09-02,35.37,35.49,34.19,34.21,5300,33.79
2008-08-29,34.76,34.84,34.46,34.46,10200,34.04
2008-08-28,34.86,34.86,34.85,34.85,27000,34.42
2008-08-27,34.46,34.61,34.46,34.61,700,34.19
2008-08-26,34.21,34.25,34.19,34.19,600,33.77
2008-08-25,34.84,34.84,34.07,34.14,1600,33.72
2008-08-22,34.74,34.78,34.62,34.78,700,34.35
2008-08-21,34.36,34.62,34.33,34.59,1800,34.17
2008-08-20,34.39,34.39,34.37,34.37,1400,33.95
2008-08-19,34.28,34.30,34.19,34.23,106300,33.81
2008-08-18,35.28,35.28,34.42,34.48,8100,34.06
2008-08-15,35.06,35.07,35.02,35.06,900,34.63
2008-08-14,34.71,34.96,34.70,34.91,1100,34.48
2008-08-13,34.51,34.77,34.51,34.77,1200,34.34
2008-08-12,35.02,35.04,34.81,34.81,1500,34.38
2008-08-11,36.22,36.22,34.62,34.81,2900,34.38
2008-08-08,34.14,34.72,34.14,34.72,300,34.30
2008-08-07,34.09,34.42,34.06,34.06,3700,33.64
2008-08-06,34.08,34.46,34.08,34.46,11200,34.04
2008-08-05,33.71,34.13,33.71,34.13,7500,33.71
2008-08-04,33.50,33.50,33.26,33.28,900,32.87
2008-08-01,33.66,33.71,33.66,33.68,400,33.27
2008-07-31,33.87,34.42,33.87,34.07,16000,33.65
2008-07-30,34.20,34.38,34.20,34.38,2100,33.96
2008-07-29,33.77,33.94,33.77,33.93,6500,33.52
2008-07-28,33.43,33.53,33.36,33.36,6600,32.95
2008-07-25,33.50,33.79,33.50,33.79,2300,33.38
2008-07-24,34.77,34.85,33.55,33.55,3600,33.14
2008-07-23,35.09,35.09,34.25,34.25,1900,33.83
2008-07-22,33.97,33.97,33.97,33.97,500,33.55
2008-07-21,33.84,34.02,33.84,34.02,1600,33.60
2008-07-18,34.86,34.86,33.94,33.95,2000,33.53
2008-07-17,33.90,34.01,33.90,34.01,5300,33.59
2008-07-16,32.95,33.49,32.95,33.49,800,33.08
2008-07-15,32.78,33.34,32.78,33.04,700,32.64
2008-07-14,33.65,33.65,33.35,33.35,2200,32.94
2008-07-11,33.23,33.54,33.23,33.46,2200,33.05
2008-07-10,33.24,33.78,33.24,33.49,6700,33.08
2008-07-09,34.47,34.47,33.67,33.67,1300,33.26
2008-07-08,33.87,34.25,33.75,34.25,9900,33.83
2008-07-07,34.09,34.40,33.88,33.88,2500,33.47
2008-07-03,34.31,34.31,34.10,34.11,1100,33.69
2008-07-02,35.12,35.14,34.18,34.18,3200,33.76
2008-07-01,34.59,34.98,34.38,34.98,4700,34.55
2008-06-30,35.17,35.20,34.96,34.96,7800,34.53
2008-06-27,34.87,35.04,34.87,34.94,1800,34.51
2008-06-26,35.24,35.24,34.90,34.90,1700,34.47
2008-06-25,35.88,35.89,35.81,35.81,8600,35.37
2008-06-24,35.73,35.91,35.73,35.91,800,35.47
2008-06-23,36.02,36.07,35.89,35.89,10000,35.45
2008-06-20,36.26,36.26,35.85,35.87,6000,35.43
2008-06-19,36.44,36.49,36.40,36.49,1800,36.00
2008-06-18,36.54,36.54,36.26,36.41,6200,35.92
2008-06-17,36.95,36.98,36.77,36.78,4800,36.28
2008-06-16,36.81,37.03,36.81,36.93,3500,36.43
2008-06-13,36.41,36.80,36.41,36.80,5200,36.30
2008-06-12,36.12,36.12,36.12,36.12,000,35.63
2008-06-11,36.58,36.58,36.12,36.12,4600,35.63
2008-06-10,36.57,36.78,36.56,36.61,4900,36.12
2008-06-09,36.61,36.61,36.61,36.61,200,36.12
2008-06-06,37.63,37.63,36.90,36.98,64700,36.48
2008-06-05,37.28,37.74,37.28,37.54,12900,37.03
2008-06-04,37.01,37.45,37.01,37.15,20600,36.65
2008-06-03,37.28,37.44,36.94,37.10,4300,36.60
2008-06-02,37.50,37.50,36.97,37.19,40300,36.69
2008-05-30,37.46,37.67,37.45,37.67,1700,37.16
2008-05-29,37.47,37.51,37.47,37.51,1700,37.00
2008-05-28,36.92,37.33,36.92,37.33,153500,36.83
2008-05-27,36.92,36.92,36.83,36.83,400,36.33
2008-05-23,36.85,36.85,36.54,36.54,7000,36.05
2008-05-22,36.97,37.16,36.97,37.04,1200,36.54
2008-05-21,37.84,37.84,37.05,37.05,11000,36.55
2008-05-20,37.63,37.74,37.63,37.74,900,37.23
2008-05-19,38.22,38.40,38.00,38.00,2000,37.49
2008-05-16,37.97,38.00,37.88,38.00,16400,37.49
2008-05-15,37.69,37.98,37.69,37.92,63200,37.41
2008-05-14,37.62,37.90,37.62,37.72,6000,37.21
2008-05-13,37.23,37.46,37.23,37.33,1000,36.83
2008-05-12,36.98,37.30,36.98,37.30,2100,36.80
2008-05-09,36.72,36.80,36.72,36.80,800,36.30
2008-05-08,36.97,37.13,36.95,36.97,2200,36.47
2008-05-07,37.48,37.52,37.09,37.09,4100,36.59
2008-05-06,37.02,37.56,36.95,37.53,2700,37.02
2008-05-05,37.03,37.26,37.03,37.05,9800,36.55
2008-05-02,37.36,37.36,37.09,37.13,7000,36.63
2008-05-01,36.67,37.09,36.64,37.04,17900,36.54
2008-04-30,36.84,36.94,36.67,36.67,3900,36.18
2008-04-29,37.01,37.01,36.60,36.76,6500,36.26
2008-04-28,36.86,37.07,36.86,36.92,8000,36.42
2008-04-25,36.90,36.92,36.36,36.91,27900,36.41
2008-04-24,36.47,36.67,36.10,36.60,4000,36.11
2008-04-23,36.54,36.58,36.48,36.51,4000,36.02
2008-04-22,36.54,36.54,36.08,36.27,40000,35.78
2008-04-21,36.81,36.82,36.81,36.82,800,36.32
2008-04-18,36.52,36.84,36.52,36.68,2000,36.19
2008-04-17,36.04,36.09,35.80,36.09,6700,35.60
2008-04-16,35.49,35.94,35.49,35.94,4300,35.46
2008-04-15,35.31,35.31,35.31,35.31,100,34.83
2008-04-14,35.17,35.17,35.17,35.17,000,34.70
2008-04-11,35.42,35.42,35.16,35.17,2300,34.70
2008-04-10,35.59,35.85,35.59,35.82,4400,35.34
2008-04-09,35.75,35.76,35.43,35.51,2000,35.03
2008-04-08,35.85,35.98,35.70,35.85,10600,35.37
2008-04-07,36.24,36.24,35.88,35.88,11600,35.40
2008-04-04,35.91,36.29,35.87,36.07,12400,35.58
2008-04-03,35.91,36.02,35.84,35.84,1400,35.36
2008-04-02,35.70,36.03,35.70,35.79,3900,35.31
2008-04-01,34.94,35.64,34.93,35.64,12500,35.16
2008-03-31,34.37,34.59,34.37,34.59,3600,34.12
2008-03-28,34.78,34.78,34.25,34.25,8700,33.79
2008-03-27,35.55,35.55,34.76,34.87,5600,34.40
2008-03-26,35.07,35.25,35.07,35.07,12200,34.60
2008-03-25,35.22,35.35,35.19,35.22,2600,34.75
2008-03-24,34.13,34.13,34.13,34.13,000,33.67
2008-03-20,33.73,34.13,33.73,34.13,1000,33.67
2008-03-19,34.70,34.70,33.73,33.73,23000,33.23
2008-03-18,33.92,34.07,33.76,34.07,2000,33.57
2008-03-17,33.31,33.47,32.84,32.92,28100,32.44
2008-03-14,34.55,34.55,33.61,33.75,13500,33.25
2008-03-13,33.50,34.56,33.49,34.41,12000,33.90
2008-03-12,34.09,34.54,34.09,34.11,8700,33.61
2008-03-11,33.83,34.12,33.49,34.12,8600,33.62
2008-03-10,33.81,33.81,33.22,33.22,7800,32.73
2008-03-07,34.34,34.40,33.62,34.00,4500,33.50
2008-03-06,34.88,34.88,34.41,34.41,33400,33.90
2008-03-05,35.27,35.34,35.22,35.22,7100,34.70
2008-03-04,34.67,34.96,34.39,34.85,2800,34.34
2008-03-03,34.86,35.07,34.66,35.00,4900,34.49
2008-02-29,35.23,35.23,34.85,34.89,1300,34.38
2008-02-28,36.02,36.04,35.91,36.04,8500,35.51
2008-02-27,36.20,36.53,36.14,36.21,21800,35.68
2008-02-26,35.92,36.28,35.92,36.28,7400,35.75
2008-02-25,35.27,36.08,35.27,36.04,13800,35.51
2008-02-22,35.02,35.02,34.80,34.84,96600,34.33
2008-02-21,35.89,35.89,35.12,35.12,8200,34.60
2008-02-20,35.03,35.77,35.03,35.65,3400,35.13
2008-02-19,35.60,35.64,35.22,35.22,6700,34.70
2008-02-15,35.12,35.18,34.95,35.18,44500,34.66
2008-02-14,35.79,35.79,35.29,35.39,5600,34.87
2008-02-13,35.53,35.74,35.43,35.74,1500,35.21
2008-02-12,35.45,35.48,35.38,35.38,6500,34.86
2008-02-11,34.65,34.69,34.65,34.69,10000,34.18
2008-02-08,34.65,34.81,34.54,34.57,29600,34.06
2008-02-07,34.29,34.58,34.29,34.58,4000,34.07
2008-02-06,34.50,34.50,34.04,34.04,11100,33.54
2008-02-05,34.84,35.06,34.53,34.53,4200,34.02
2008-02-04,35.73,35.73,35.51,35.51,8500,34.99
2008-02-01,35.44,35.79,35.37,35.79,14600,35.26
2008-01-31,34.00,35.06,34.00,35.06,5500,34.54
2008-01-30,34.63,35.20,34.58,35.16,5900,34.64
2008-01-29,34.61,34.76,34.61,34.76,2900,34.25
2008-01-28,33.84,34.45,33.80,34.45,8000,33.94
2008-01-25,34.84,34.87,33.97,34.01,5000,33.51
2008-01-24,34.40,34.54,34.17,34.54,9700,34.03
2008-01-23,33.12,33.79,32.33,33.79,15300,33.29
2008-01-22,32.65,33.47,32.25,33.47,4200,32.98
2008-01-18,34.04,34.27,33.55,33.87,5600,33.37
2008-01-17,34.91,34.91,33.85,33.86,6500,33.36
2008-01-16,34.80,35.28,34.49,34.99,10000,34.48
2008-01-15,35.23,35.28,34.92,34.97,12200,34.46
2008-01-14,36.02,36.02,35.69,35.92,3000,35.39
2008-01-11,35.94,35.97,35.61,35.61,1500,35.09
2008-01-10,35.80,35.80,35.80,35.80,200,35.27
2008-01-09,35.61,35.94,35.21,35.93,4500,35.40
2008-01-08,36.43,36.43,35.53,35.53,7200,35.01
2008-01-07,36.18,36.33,35.94,36.12,2100,35.59
2008-01-04,36.84,36.84,36.20,36.29,1500,35.76
2008-01-03,37.49,37.55,37.19,37.21,3600,36.66
2008-01-02,37.70,37.76,37.36,37.40,40000,36.85
2007-12-31,37.91,37.95,37.87,37.95,800,37.39
2007-12-28,38.30,38.30,38.03,38.06,1300,37.50
2007-12-27,38.48,38.48,38.08,38.08,7600,37.52
2007-12-26,38.50,38.64,38.50,38.63,27900,38.06
2007-12-24,38.48,38.60,38.44,38.60,2200,38.03
2007-12-21,38.17,38.28,38.10,38.28,16800,37.72
2007-12-20,37.75,37.81,37.51,37.81,19100,37.20
2007-12-19,37.63,37.64,37.45,37.59,7700,36.98
2007-12-18,37.66,37.66,37.19,37.54,6000,36.93
2007-12-17,37.67,37.78,37.38,37.38,6500,36.77
2007-12-14,38.04,38.17,37.84,37.84,4500,37.23
2007-12-13,38.06,38.33,38.03,38.32,2400,37.70
2007-12-12,38.77,38.78,37.95,38.24,16600,37.62
2007-12-11,39.00,39.02,38.06,38.06,5800,37.44
2007-12-10,38.97,38.97,38.97,38.97,100,38.34
2007-12-07,38.80,38.80,38.75,38.75,1500,38.12
2007-12-06,38.33,38.78,38.33,38.78,4400,38.15
2007-12-05,38.08,38.30,38.08,38.25,6300,37.63
2007-12-04,37.51,37.80,37.51,37.76,1000,37.15
2007-12-03,37.81,37.81,37.71,37.71,1400,37.10
2007-11-30,38.09,38.19,37.82,37.97,43500,37.35
2007-11-29,37.71,37.87,37.71,37.75,1600,37.14
2007-11-28,37.26,37.87,37.26,37.87,19600,37.26
2007-11-27,36.63,36.88,36.43,36.87,5300,36.27
2007-11-26,37.15,37.15,36.33,36.33,349700,35.74
2007-11-23,36.69,36.99,36.68,36.99,8300,36.39
2007-11-21,36.69,36.69,36.69,36.69,300,36.10
2007-11-20,37.13,37.30,36.58,36.85,41800,36.25
2007-11-19,37.03,37.22,36.81,36.81,368500,36.21
2007-11-16,37.26,37.28,37.06,37.28,9400,36.68
2007-11-15,37.47,37.47,37.03,37.11,5200,36.51
2007-11-14,37.78,37.94,37.52,37.52,7800,36.91
2007-11-13,37.14,37.76,37.14,37.76,13700,37.15
2007-11-12,37.33,37.43,37.08,37.08,12800,36.48
2007-11-09,37.53,37.75,37.42,37.42,6600,36.81
2007-11-08,38.08,38.08,37.35,38.04,14400,37.42
2007-11-07,37.15,38.70,37.15,38.08,8800,37.46
2007-11-06,38.62,39.04,38.62,39.04,1100,38.41
2007-11-05,38.60,38.70,38.52,38.70,1400,38.07
2007-11-02,39.02,39.02,38.67,38.95,181600,38.32
2007-11-01,39.09,39.26,38.76,38.77,153900,38.14
2007-10-31,39.18,39.51,39.17,39.50,6600,38.86
2007-10-30,39.07,39.22,39.03,39.03,9200,38.40
2007-10-29,39.20,39.25,39.14,39.14,1200,38.51
2007-10-26,39.09,39.09,38.74,39.02,11000,38.39
2007-10-25,38.92,38.92,38.49,38.74,7700,38.11
2007-10-24,38.66,38.72,38.15,38.72,46100,38.09
2007-10-23,38.70,38.72,38.70,38.72,2100,38.09
2007-10-22,38.28,38.51,38.28,38.51,53200,37.89
2007-10-19,39.16,39.16,38.28,38.28,4500,37.66
2007-10-18,39.03,39.23,39.03,39.23,1500,38.59
2007-10-17,39.44,39.44,38.84,39.20,7100,38.56
2007-10-16,39.23,39.27,39.12,39.19,4000,38.55
2007-10-15,39.70,39.70,39.35,39.35,4100,38.71
2007-10-12,39.47,39.55,39.47,39.55,2400,38.91
2007-10-11,39.94,40.04,39.26,39.38,20500,38.74
2007-10-10,39.67,39.81,39.56,39.79,17900,39.14
2007-10-09,39.53,39.65,39.48,39.65,4000,39.01
2007-10-08,39.42,39.44,39.34,39.43,13200,38.79
2007-10-05,39.23,39.55,39.23,39.52,4300,38.88
2007-10-04,38.90,39.00,38.90,39.00,2800,38.37
2007-10-03,39.06,39.11,38.98,38.98,2100,38.35
2007-10-02,38.98,38.98,38.88,38.88,3000,38.25
2007-10-01,38.90,39.12,38.90,39.06,1300,38.43
2007-09-28,38.61,38.61,38.59,38.59,1900,37.96
2007-09-27,38.63,38.65,38.58,38.59,1600,37.96
2007-09-26,38.36,38.48,38.34,38.48,14000,37.86
2007-09-25,37.92,38.16,37.92,38.16,1900,37.54
2007-09-24,38.23,38.38,38.17,38.17,6400,37.55
2007-09-21,38.45,38.54,38.41,38.41,10100,37.79
2007-09-20,38.51,38.51,38.36,38.36,21300,37.67
2007-09-19,38.72,38.74,38.52,38.59,3900,37.90
2007-09-18,37.41,38.32,37.41,38.25,11800,37.56
2007-09-17,37.41,37.41,37.26,37.34,1900,36.67
2007-09-14,37.49,37.58,37.49,37.57,1500,36.90
2007-09-13,37.39,37.55,37.39,37.52,9000,36.85
2007-09-12,37.26,37.26,37.26,37.26,100,36.59
2007-09-11,36.91,37.19,36.91,37.19,7400,36.52
2007-09-10,36.92,36.92,36.51,36.58,2300,35.92
2007-09-07,36.86,36.92,36.80,36.80,2700,36.14
2007-09-06,37.38,37.46,37.14,37.46,6500,36.79
2007-09-05,37.29,37.29,37.17,37.17,1700,36.50
2007-09-04,37.37,37.60,37.35,37.60,3900,36.93
2007-08-31,37.03,37.16,37.03,37.16,2000,36.49
2007-08-30,36.54,36.78,36.54,36.71,1100,36.05
2007-08-29,36.27,36.44,36.21,36.44,1600,35.79
2007-08-28,36.92,36.92,36.92,36.92,000,36.26
2007-08-27,36.97,36.97,36.89,36.92,4800,36.26
2007-08-24,36.78,37.07,36.77,37.07,3700,36.41
2007-08-23,36.91,36.91,36.71,36.71,1300,36.05
2007-08-22,36.76,36.80,36.60,36.60,51700,35.94
2007-08-21,36.27,36.48,36.27,36.48,2600,35.83
2007-08-20,36.40,36.42,36.32,36.33,3100,35.68
2007-08-17,36.46,36.46,35.88,36.35,6800,35.70
2007-08-16,35.17,35.69,34.74,35.69,20100,35.05
2007-08-15,36.31,36.47,35.75,35.75,1600,35.11
2007-08-14,36.94,36.94,36.37,36.37,3800,35.72
2007-08-13,37.31,37.31,36.91,36.92,17800,36.26
2007-08-10,36.65,37.07,36.50,37.00,8600,36.34
2007-08-09,37.51,37.69,37.07,37.07,14200,36.41
2007-08-08,37.81,38.15,37.61,37.82,17100,37.14
2007-08-07,37.19,37.64,37.19,37.56,200,36.89
2007-08-06,36.69,37.25,36.48,37.24,24000,36.57
2007-08-03,37.47,37.47,36.54,36.65,7900,35.99
2007-08-02,37.38,37.45,37.22,37.38,2900,36.71
2007-08-01,36.85,37.25,36.65,37.21,8900,36.54
2007-07-31,37.74,37.80,36.98,36.98,89100,36.32
2007-07-30,37.25,37.61,37.09,37.49,154300,36.82
2007-07-27,37.72,37.75,37.11,37.11,4000,36.44
2007-07-26,38.16,38.31,37.42,37.89,30000,37.21
2007-07-25,38.70,38.72,38.49,38.72,4000,38.03
2007-07-24,38.94,38.97,38.46,38.66,7200,37.97
2007-07-23,39.17,39.24,39.17,39.24,600,38.54
2007-07-20,39.51,39.51,39.15,39.17,1700,38.47
2007-07-19,39.65,39.68,39.52,39.68,32100,38.97
2007-07-18,39.30,39.44,39.28,39.44,6400,38.73
2007-07-17,39.50,39.54,39.46,39.46,6600,38.75
2007-07-16,39.45,39.51,39.37,39.37,2900,38.66
2007-07-13,39.43,39.62,39.43,39.62,4000,38.91
2007-07-12,39.15,39.46,39.15,39.46,1700,38.75
2007-07-11,39.00,39.00,38.70,38.96,58900,38.26
2007-07-10,39.00,39.11,38.76,38.76,3100,38.07
2007-07-09,39.32,39.32,39.22,39.22,1400,38.52
2007-07-06,38.97,39.28,38.97,39.24,2700,38.54
2007-07-05,38.86,38.88,38.82,38.83,3200,38.13
2007-07-03,38.90,38.90,38.82,38.84,800,38.14
2007-07-02,38.71,38.78,38.70,38.76,3200,38.07
2007-06-29,38.79,38.79,38.33,38.52,10900,37.83
2007-06-28,38.65,38.65,38.53,38.53,2000,37.84
2007-06-27,38.23,38.52,38.23,38.52,2500,37.83
2007-06-26,38.37,38.37,38.02,38.02,6300,37.34
2007-06-25,38.50,38.57,38.16,38.20,7400,37.52
2007-06-22,38.74,38.78,38.55,38.60,14800,37.91
2007-06-21,38.59,38.86,38.48,38.80,1700,38.10
2007-06-20,39.08,39.19,39.08,39.10,500,38.40
2007-06-19,39.06,39.14,39.03,39.14,2900,38.44
2007-06-18,39.21,39.22,39.20,39.20,2500,38.50
2007-06-15,39.29,39.34,39.20,39.21,11900,38.51
2007-06-14,39.03,39.06,39.01,39.06,3200,38.28
2007-06-13,38.53,38.85,38.46,38.84,7800,38.06
2007-06-12,38.65,38.65,38.38,38.38,3600,37.61
2007-06-11,38.70,38.85,38.70,38.82,3700,38.04
2007-06-08,38.31,38.74,38.31,38.74,2000,37.96
2007-06-07,38.92,38.96,38.36,38.36,2300,37.59
2007-06-06,39.00,39.00,38.89,39.00,5100,38.22
2007-06-05,39.29,39.36,39.23,39.32,2700,38.53
2007-06-04,39.23,39.50,39.23,39.50,8400,38.71
2007-06-01,39.28,39.33,39.21,39.21,2800,38.42
2007-05-31,39.21,39.27,39.16,39.16,3700,38.38
2007-05-30,38.74,39.02,38.68,39.02,1800,38.24
2007-05-29,38.83,38.83,38.65,38.70,2800,37.92
2007-05-25,38.61,38.71,38.61,38.71,1600,37.93
2007-05-24,38.80,39.00,38.62,38.62,11000,37.85
2007-05-23,39.11,39.17,38.94,38.96,1700,38.18
2007-05-22,38.92,39.02,38.92,38.93,2500,38.15
2007-05-21,38.83,39.01,38.83,38.94,3400,38.16
2007-05-18,38.63,38.83,38.62,38.75,3600,37.97
2007-05-17,38.50,38.52,38.44,38.51,7500,37.74
2007-05-16,38.38,38.49,38.26,38.49,10400,37.72
2007-05-15,38.47,38.57,38.18,38.18,12900,37.41
2007-05-14,38.52,38.61,38.29,38.34,6600,37.57
2007-05-11,38.40,38.48,38.30,38.42,42500,37.65
2007-05-10,38.59,38.59,38.24,38.24,1600,37.47
2007-05-09,38.67,38.82,38.60,38.81,10600,38.03
2007-05-08,38.52,38.60,38.41,38.60,5100,37.83
2007-05-07,38.67,38.67,38.62,38.62,2900,37.85
2007-05-04,38.74,38.75,38.54,38.62,2200,37.85
2007-05-03,38.49,38.57,38.49,38.57,3700,37.80
2007-05-02,38.28,38.50,38.28,38.43,2500,37.66
2007-05-01,38.12,38.17,38.00,38.17,16300,37.41
2007-04-30,38.63,38.63,38.27,38.27,3600,37.50
2007-04-27,38.53,38.63,38.53,38.63,1600,37.86
2007-04-26,38.61,38.61,38.55,38.58,9300,37.81
2007-04-25,38.54,38.62,38.38,38.62,3000,37.85
2007-04-24,38.21,38.21,38.00,38.14,3700,37.38
2007-04-23,38.28,38.28,38.14,38.18,5400,37.41
2007-04-20,38.28,38.28,38.08,38.17,6200,37.41
2007-04-19,37.97,37.99,37.90,37.90,700,37.14
2007-04-18,38.00,38.07,37.93,38.06,11100,37.30
2007-04-17,38.18,38.22,38.08,38.13,14000,37.37
2007-04-16,37.88,38.05,37.82,38.05,4900,37.29
2007-04-13,37.53,37.62,37.48,37.61,147600,36.86
2007-04-12,37.20,37.50,37.20,37.50,6100,36.75
2007-04-11,37.36,37.36,37.11,37.11,5800,36.37
2007-04-10,37.34,37.35,37.33,37.34,500,36.59
2007-04-09,37.27,37.38,37.27,37.33,16600,36.58
2007-04-05,37.16,37.31,37.16,37.30,30300,36.55
2007-04-04,37.13,37.13,37.10,37.11,1900,36.37
2007-04-03,36.95,37.13,36.92,37.11,7800,36.37
2007-04-02,36.66,36.75,36.60,36.74,4900,36.00
2007-03-30,36.58,36.58,36.58,36.58,500,35.85
2007-03-29,36.75,36.75,36.34,36.45,7800,35.72
2007-03-28,36.66,36.66,36.47,36.47,1700,35.74
2007-03-27,36.72,36.82,36.71,36.82,14100,36.08
2007-03-26,37.00,37.00,36.63,36.86,5300,36.12
2007-03-23,37.00,37.01,36.98,36.99,4200,36.25
2007-03-22,36.80,36.96,36.80,36.96,2100,36.22
2007-03-21,36.44,37.00,36.41,37.00,6200,36.26
2007-03-20,36.25,36.41,36.25,36.41,2600,35.68
2007-03-19,36.08,36.19,36.01,36.19,8500,35.46
2007-03-16,36.05,36.05,35.78,35.82,13600,35.10
2007-03-15,35.84,35.99,35.84,35.97,13900,35.22
2007-03-14,35.60,35.80,35.38,35.77,46000,35.03
2007-03-13,36.10,36.10,35.57,35.57,5900,34.83
2007-03-12,36.23,36.30,36.15,36.23,5600,35.48
2007-03-09,36.40,36.40,36.15,36.23,28300,35.48
2007-03-08,36.32,36.38,36.19,36.24,10200,35.49
2007-03-07,36.02,36.16,35.91,35.99,6500,35.24
2007-03-06,35.90,36.03,35.73,35.99,6200,35.24
2007-03-05,35.40,35.82,35.40,35.60,6100,34.86
2007-03-02,36.00,36.00,35.85,35.93,10900,35.18
2007-03-01,35.77,36.37,35.77,36.21,6500,35.46
2007-02-28,36.19,36.52,36.19,36.36,16600,35.61
2007-02-27,37.01,37.01,36.27,36.35,19400,35.60
2007-02-26,37.50,37.50,37.34,37.34,1600,36.57
2007-02-23,37.58,37.58,37.43,37.49,1000,36.71
2007-02-22,37.65,37.75,37.48,37.56,5600,36.78
2007-02-21,37.57,37.62,37.53,37.62,2400,36.84
2007-02-20,37.39,37.67,37.39,37.67,9200,36.89
2007-02-16,37.43,37.47,37.42,37.47,5400,36.69
2007-02-15,37.41,37.54,37.41,37.54,7600,36.76
2007-02-14,37.16,37.43,37.16,37.35,315600,36.57
2007-02-13,36.93,37.00,36.93,36.97,1400,36.20
2007-02-12,36.87,36.88,36.76,36.76,1300,36.00
2007-02-09,37.25,37.25,36.89,37.00,17600,36.23
2007-02-08,37.15,37.21,37.11,37.21,4000,36.44
2007-02-07,37.03,37.25,37.03,37.11,3000,36.34
2007-02-06,37.08,37.10,36.93,37.09,62900,36.32
2007-02-05,37.04,37.04,37.00,37.03,1700,36.26
2007-02-02,37.13,37.13,37.06,37.10,1800,36.33
2007-02-01,36.97,37.03,36.90,37.03,2800,36.26
2007-01-31,36.49,36.85,36.41,36.81,12200,36.05
2007-01-30,36.38,36.48,36.37,36.47,5800,35.71
2007-01-29,36.32,36.39,36.24,36.24,19500,35.49
2007-01-26,36.29,36.29,36.18,36.19,18400,35.44
2007-01-25,36.67,37.56,36.23,36.23,7100,35.48
2007-01-24,36.46,36.61,36.46,36.61,1800,35.85
2007-01-23,36.24,36.24,36.24,36.24,1700,35.49
2007-01-22,36.15,36.20,36.11,36.17,104700,35.42
2007-01-19,36.25,36.36,36.25,36.35,500,35.60
2007-01-18,36.22,36.22,36.22,36.22,700,35.47
2007-01-17,36.43,36.45,36.39,36.39,20300,35.63
2007-01-16,36.38,36.40,36.28,36.32,16200,35.57
2007-01-12,36.09,36.39,36.09,36.39,2900,35.63
2007-01-11,36.14,36.30,36.14,36.19,4800,35.44
2007-01-10,35.75,35.92,35.71,35.91,4700,35.16
2007-01-09,35.89,35.89,35.72,35.73,4100,34.99
2007-01-08,35.75,35.77,35.75,35.76,1000,35.02
2007-01-05,35.85,35.85,35.62,35.68,7700,34.94
2007-01-04,35.77,35.85,35.74,35.85,1800,35.11
2007-01-03,36.09,36.09,35.68,35.72,7400,34.98
2006-12-29,36.00,36.00,35.87,35.87,1300,35.13
2006-12-28,36.05,36.08,36.05,36.08,1800,35.33
2006-12-27,36.16,36.16,36.07,36.07,5400,35.32
2006-12-26,35.94,35.95,35.94,35.95,4100,35.16
2006-12-22,36.11,36.11,35.91,35.91,2400,35.13
2006-12-21,36.29,36.29,36.06,36.06,3600,35.27
2006-12-20,36.38,36.38,36.23,36.23,10600,35.44
2006-12-19,36.08,36.30,36.03,36.29,18300,35.50
2006-12-18,36.35,36.35,36.05,36.07,5700,35.28
2006-12-15,36.52,36.55,36.39,36.39,10700,35.60
2006-12-14,36.24,36.52,36.24,36.48,4000,35.68
2006-12-13,36.20,36.20,36.20,36.20,800,35.41
2006-12-12,36.20,36.24,36.06,36.15,6700,35.36
2006-12-11,36.33,36.33,36.27,36.27,2600,35.48
2006-12-08,36.30,36.30,36.21,36.21,1400,35.42
2006-12-07,36.37,36.37,36.30,36.30,1600,35.51
2006-12-06,36.42,36.50,36.42,36.47,4000,35.67
2006-12-05,36.27,36.44,36.27,36.41,3000,35.61
2006-12-04,35.90,36.32,35.90,36.22,3100,35.43
2006-12-01,35.79,35.79,35.73,35.75,1500,34.97
2006-11-30,35.84,36.10,35.84,36.10,19300,35.31
2006-11-29,35.86,35.90,35.72,35.89,20000,35.11
2006-11-28,35.44,35.61,35.34,35.56,4900,34.78
2006-11-27,35.75,35.75,35.50,35.50,4200,34.72
2006-11-24,36.11,36.13,36.10,36.11,1500,35.32
2006-11-22,36.07,36.23,36.06,36.23,268700,35.44
2006-11-21,35.98,36.03,35.94,36.03,1400,35.24
2006-11-20,35.97,35.99,35.88,35.88,3300,35.10
2006-11-17,35.96,35.98,35.86,35.96,5200,35.17
2006-11-16,36.07,36.11,36.03,36.03,4000,35.24
2006-11-15,35.91,36.10,35.91,35.99,3300,35.20
2006-11-14,35.52,35.69,35.34,35.68,4400,34.90
2006-11-13,35.41,35.41,35.34,35.34,200,34.57
2006-11-10,35.17,35.20,35.12,35.20,1700,34.43
2006-11-09,35.42,35.42,35.10,35.10,4000,34.33
2006-11-08,35.18,35.37,35.18,35.33,2100,34.56
2006-11-07,35.30,35.34,35.24,35.32,2500,34.55
2006-11-06,35.18,35.24,35.18,35.22,1400,34.45
2006-11-03,34.89,34.89,34.80,34.82,1800,34.06
2006-11-02,34.81,34.91,34.81,34.87,2400,34.11
2006-11-01,35.33,35.33,34.89,34.89,1600,34.13
2006-10-31,35.26,35.26,35.15,35.20,5500,34.43
2006-10-30,35.23,35.31,35.11,35.25,3800,34.48
2006-10-27,35.43,35.50,35.14,35.22,5100,34.45
2006-10-26,35.41,35.54,35.31,35.54,1500,34.76
2006-10-25,35.24,35.32,35.22,35.29,3200,34.52
2006-10-24,35.13,35.16,35.09,35.16,2100,34.39
2006-10-23,34.73,35.09,34.73,35.09,6500,34.32
2006-10-20,34.91,34.91,34.83,34.85,8300,34.09
2006-10-19,34.90,34.93,34.85,34.92,6800,34.16
2006-10-18,35.18,35.18,34.93,34.94,2600,34.18
2006-10-17,35.02,35.02,34.81,34.95,4000,34.19
2006-10-16,35.01,35.19,35.01,35.16,4200,34.39
2006-10-13,35.04,35.04,34.97,35.02,2500,34.26
2006-10-12,34.90,34.99,34.89,34.99,2100,34.23
2006-10-11,34.76,34.81,34.61,34.70,1700,33.94
2006-10-10,34.85,34.90,34.73,34.84,5900,34.08
2006-10-09,34.64,34.87,34.64,34.82,6400,34.06
2006-10-06,34.61,34.62,34.61,34.62,900,33.86
2006-10-05,34.63,34.82,34.63,34.82,1000,34.06
2006-10-04,33.99,34.61,33.99,34.61,9400,33.85
2006-10-03,34.06,34.07,33.99,33.99,3000,33.25
2006-10-02,34.12,34.18,33.98,34.03,18800,33.29
2006-09-29,34.30,34.33,34.23,34.26,6500,33.51
2006-09-28,34.23,34.31,34.21,34.30,6700,33.55
2006-09-27,34.40,34.42,34.27,34.31,24100,33.56
2006-09-26,34.29,34.31,34.18,34.31,18900,33.56
2006-09-25,33.88,34.14,33.88,34.14,3500,33.39
2006-09-22,33.73,33.81,33.73,33.81,1800,33.07
2006-09-21,34.25,34.25,34.00,34.00,3700,33.26
2006-09-20,34.22,34.25,34.19,34.19,6900,33.44
2006-09-19,34.10,34.10,33.90,33.99,5300,33.25
2006-09-18,34.20,34.31,34.09,34.13,5000,33.38
2006-09-15,34.16,34.25,34.11,34.22,9300,33.47
2006-09-14,33.96,33.99,33.96,33.99,1000,33.18
2006-09-13,33.98,34.10,33.98,34.10,2900,33.28
2006-09-12,33.75,33.97,33.75,33.97,4500,33.16
2006-09-11,33.24,33.37,33.13,33.37,1100,32.57
2006-09-08,33.20,33.32,33.20,33.32,1900,32.52
2006-09-07,33.12,33.18,33.12,33.18,1600,32.38
2006-09-06,33.50,33.50,33.26,33.26,3100,32.46
2006-09-05,33.58,33.58,33.58,33.58,1000,32.78
2006-09-01,33.54,33.54,33.50,33.54,1300,32.74
2006-08-31,33.34,33.41,33.34,33.41,2900,32.61
2006-08-30,33.39,33.40,33.38,33.40,5600,32.60
2006-08-29,33.13,33.30,33.04,33.30,5200,32.50
2006-08-28,33.11,33.19,33.11,33.13,4400,32.34
2006-08-25,32.90,32.91,32.88,32.91,2100,32.12
2006-08-24,32.90,32.90,32.90,32.90,100,32.11
2006-08-23,32.90,32.92,32.86,32.86,1800,32.07
2006-08-22,33.15,33.15,33.06,33.08,1700,32.29
2006-08-21,33.06,33.07,32.99,33.07,2300,32.28
2006-08-18,33.11,33.19,33.11,33.19,2400,32.39
2006-08-17,33.17,33.27,33.08,33.16,69600,32.37
2006-08-16,32.81,33.01,32.81,33.01,15000,32.22
2006-08-15,32.41,32.63,32.41,32.63,700,31.85
2006-08-14,32.37,32.37,32.09,32.11,3400,31.34
2006-08-11,32.26,32.26,32.10,32.15,4900,31.38
2006-08-10,32.35,32.35,32.35,32.35,400,31.57
2006-08-09,32.49,32.60,32.13,32.13,2200,31.36
2006-08-08,32.58,32.58,32.41,32.41,3200,31.63
2006-08-07,32.49,32.49,32.49,32.49,2000,31.71
2006-08-04,32.92,32.92,32.57,32.57,3000,31.79
2006-08-03,32.30,32.75,32.30,32.62,10500,31.84
2006-08-02,32.29,32.65,32.29,32.48,3600,31.70
2006-08-01,32.30,32.30,32.04,32.04,300,31.27
2006-07-31,32.34,32.34,32.34,32.34,000,31.56
2006-07-28,32.34,32.34,32.34,32.34,100,31.56
2006-07-27,31.90,31.97,31.90,31.97,5200,31.20
2006-07-26,32.16,32.16,32.16,32.16,500,31.39
2006-07-25,31.94,32.28,31.94,32.28,6900,31.51
2006-07-24,31.50,31.95,31.50,31.95,31400,31.18
2006-07-21,31.46,31.46,31.33,31.33,5600,30.58
2006-07-20,31.91,31.92,31.66,31.66,60400,30.90
2006-07-19,31.93,32.00,31.93,32.00,700,31.23
2006-07-18,31.38,31.50,31.22,31.50,2100,30.74
2006-07-17,31.49,31.49,31.49,31.49,400,30.74
2006-07-14,31.54,31.58,31.54,31.58,300,30.82
2006-07-13,31.84,31.85,31.70,31.77,20100,31.01
2006-07-12,32.52,32.52,32.11,32.11,21700,31.34
2006-07-11,32.39,32.39,32.39,32.39,000,31.61
2006-07-10,32.57,32.61,32.39,32.39,8100,31.61
2006-07-07,32.62,32.70,32.40,32.45,2400,31.67
2006-07-06,32.63,32.70,32.63,32.70,300,31.92
2006-07-05,32.80,32.80,32.68,32.68,2500,31.90
2006-07-03,32.94,32.98,32.91,32.98,1600,32.19
2006-06-30,32.97,32.97,32.89,32.90,7200,32.11
2006-06-29,32.07,32.07,32.07,32.07,000,31.30
2006-06-28,32.02,32.07,31.96,32.07,900,31.30
2006-06-27,31.97,31.97,31.97,31.97,100,31.20
2006-06-26,32.30,32.30,32.23,32.29,5700,31.52
2006-06-23,32.41,32.41,32.28,32.28,4300,31.51
2006-06-22,32.34,32.34,32.24,32.24,2300,31.47
2006-06-21,32.49,32.56,32.37,32.42,4700,31.64
2006-06-20,32.19,32.19,32.01,32.01,700,31.24
2006-06-19,32.32,32.32,32.14,32.18,5800,31.41
2006-06-16,32.52,32.52,32.48,32.48,4600,31.70
2006-06-15,32.13,32.57,32.13,32.54,1700,31.76
2006-06-14,31.80,31.80,31.72,31.72,7100,30.96
2006-06-13,31.83,31.96,31.68,31.68,3200,30.92
2006-06-12,32.31,32.31,31.94,31.95,6300,31.18
2006-06-09,32.46,32.56,32.34,32.34,2900,31.56
2006-06-08,32.44,32.44,31.98,32.44,2200,31.66
2006-06-07,32.75,32.78,32.43,32.49,12400,31.71
2006-06-06,32.50,32.51,32.41,32.51,700,31.73
2006-06-05,33.09,33.09,32.65,32.65,5600,31.87
2006-06-02,33.32,33.32,33.12,33.18,5700,32.38
2006-06-01,33.13,33.27,33.13,33.27,900,32.47
2006-05-31,32.68,32.68,32.68,32.68,000,31.90
2006-05-30,33.06,33.06,32.68,32.68,800,31.90
2006-05-26,33.13,33.13,33.13,33.13,600,32.34
2006-05-25,32.85,32.97,32.85,32.97,3500,32.18
2006-05-24,32.72,32.72,32.69,32.69,1100,31.91
2006-05-23,32.99,32.99,32.62,32.62,16100,31.84
2006-05-22,32.79,32.79,32.79,32.79,100,32.00
2006-05-19,32.94,32.94,32.94,32.94,100,32.15
2006-05-18,33.13,33.13,32.87,32.87,4100,32.08
2006-05-17,33.36,33.36,33.04,33.04,2800,32.25
2006-05-16,33.60,33.60,33.47,33.47,1300,32.67
2006-05-15,33.51,33.53,33.44,33.53,1300,32.73
2006-05-12,33.83,33.83,33.47,33.47,28200,32.67
2006-05-11,34.28,34.28,33.83,33.83,7800,33.02
2006-05-10,34.43,34.43,34.41,34.41,800,33.59
2006-05-09,34.53,34.53,34.42,34.42,700,33.59
2006-05-08,34.52,34.54,34.52,34.52,500,33.69
2006-05-05,34.41,34.49,34.39,34.49,2900,33.66
2006-05-04,34.17,34.17,34.17,34.17,700,33.35
2006-05-03,34.16,34.16,34.00,34.09,1300,33.27
2006-05-02,34.19,34.22,34.19,34.22,1100,33.40
2006-05-01,34.36,34.36,34.18,34.18,1300,33.36
2006-04-28,34.31,34.31,34.31,34.31,300,33.49
2006-04-27,34.40,34.43,34.36,34.36,2200,33.54
2006-04-26,34.53,34.56,34.49,34.49,1500,33.66
2006-04-25,34.47,34.47,34.41,34.41,1600,33.59
2006-04-24,34.76,34.76,34.76,34.76,000,33.93
2006-04-21,35.00,35.00,34.76,34.76,2400,33.93
2006-04-20,34.75,34.75,34.75,34.75,000,33.92
2006-04-19,34.62,34.75,34.62,34.75,3100,33.92
2006-04-18,34.47,34.66,34.47,34.66,1700,33.83
2006-04-17,34.56,34.56,34.56,34.56,000,33.73
2006-04-13,34.56,34.56,34.56,34.56,000,33.73
2006-04-12,34.56,34.56,34.56,34.56,000,33.73
2006-04-11,34.56,34.56,34.56,34.56,000,33.73
2006-04-10,34.56,34.56,34.56,34.56,1000,33.73
2006-04-07,34.60,34.60,34.57,34.57,1100,33.74
2006-04-06,34.80,34.83,34.80,34.83,10100,34.00
2006-04-05,34.85,34.89,34.85,34.89,400,34.05
2006-04-04,34.63,34.80,34.63,34.80,6900,33.97
2006-04-03,34.79,34.79,34.79,34.79,200,33.96
2006-03-31,34.82,34.82,34.82,34.82,000,33.99
2006-03-30,35.00,35.00,34.70,34.82,900,33.99
2006-03-29,34.73,34.73,34.73,34.73,1800,33.90
2006-03-28,34.67,34.67,34.59,34.60,12600,33.77
2006-03-27,34.60,34.61,34.59,34.59,129500,33.76
2006-03-24,34.59,34.65,34.59,34.65,1800,33.82
2006-03-23,34.51,34.53,34.51,34.53,5000,33.70
2006-03-22,34.44,34.44,34.44,34.44,800,33.61
2006-03-21,34.64,34.64,34.50,34.50,2500,33.67
2006-03-20,34.73,34.73,34.64,34.64,1100,33.81
2006-03-17,34.76,34.76,34.70,34.70,300,33.87
2006-03-16,34.70,34.74,34.70,34.72,1000,33.89
2006-03-15,34.44,34.55,34.44,34.55,2000,33.72
2006-03-14,34.34,34.34,34.34,34.34,500,33.52
2006-03-13,34.10,34.10,34.07,34.07,800,33.25
2006-03-10,34.04,34.04,34.04,34.04,000,33.22
2006-03-09,34.12,34.12,34.04,34.04,2000,33.22
2006-03-08,33.93,33.93,33.93,33.93,000,33.12
2006-03-07,33.95,33.95,33.93,33.93,1000,33.12