2011-05-10,47.42,48.03,47.42,47.88,14500,47.88
2011-05-09,46.72,47.32,46.58,47.19,29000,47.19
2011-05-06,47.27,47.72,46.38,46.67,114500,46.67
2011-05-05,46.61,47.22,45.89,46.37,90100,46.37
2011-05-04,47.75,47.75,46.75,47.11,89000,47.11
2011-05-03,47.96,48.12,47.39,47.79,50000,47.79
2011-05-02,48.74,48.78,47.98,48.15,50000,48.15
2011-04-29,48.11,48.35,48.04,48.31,26000,48.31
2011-04-28,47.58,48.17,47.58,48.11,34800,48.11
2011-04-27,47.40,47.90,47.06,47.77,48100,47.77
2011-04-26,46.63,47.35,46.55,47.13,181600,47.13
2011-04-25,46.43,46.49,46.14,46.36,6500,46.36
2011-04-21,46.45,46.49,46.18,46.44,65300,46.44
2011-04-20,45.84,46.18,45.84,46.00,66400,46.00
2011-04-19,44.45,44.79,44.39,44.78,16900,44.78
2011-04-18,44.27,44.44,43.60,44.27,61200,44.27
2011-04-15,45.13,45.50,44.04,45.30,15300,45.30
2011-04-14,44.42,45.10,44.33,44.99,22300,44.99
2011-04-13,45.39,45.39,44.64,44.97,34700,44.97
2011-04-12,45.05,45.19,44.60,44.93,47000,44.93
2011-04-11,45.96,46.22,45.44,45.63,29700,45.63
2011-04-08,46.60,46.63,45.58,45.87,35300,45.87
2011-04-07,46.23,46.57,45.79,46.21,29200,46.21
2011-04-06,46.54,46.60,46.13,46.40,30100,46.40
2011-04-05,46.06,46.49,45.99,46.13,70500,46.13
2011-04-04,46.31,46.38,45.94,46.11,28500,46.11
2011-04-01,46.26,46.49,45.91,46.04,80200,46.04
2011-03-31,45.74,46.03,45.62,45.68,26700,45.68
2011-03-30,45.71,46.08,45.55,45.83,60800,45.83
2011-03-29,44.50,45.19,44.33,45.19,71000,45.19
2011-03-28,45.10,45.21,44.03,44.57,26400,44.57
2011-03-25,44.82,45.20,44.63,44.81,76600,44.81
2011-03-24,44.19,44.67,43.89,44.56,47100,44.56
2011-03-23,43.24,43.89,42.85,43.79,32800,43.79
2011-03-22,43.80,43.84,43.45,43.50,63500,43.50
2011-03-21,43.57,44.00,43.51,43.77,96400,43.77
2011-03-18,43.23,43.23,42.42,42.55,60200,42.55
2011-03-17,42.34,42.52,41.88,42.19,60800,42.09
2011-03-16,42.45,42.71,40.64,41.12,201700,41.02
2011-03-15,41.50,43.20,41.38,42.76,194500,42.66
2011-03-14,43.72,43.97,43.14,43.82,123600,43.71
2011-03-11,43.41,44.53,43.35,44.35,66500,44.24
2011-03-10,44.40,44.40,43.68,43.71,90300,43.60
2011-03-09,45.29,45.63,44.90,45.41,79300,45.30
2011-03-08,44.84,45.74,44.50,45.50,49000,45.39
2011-03-07,45.60,45.93,44.39,44.67,26500,44.56
2011-03-04,46.06,46.06,44.88,45.45,119400,45.34
2011-03-03,45.45,46.22,45.42,46.11,117200,46.00
2011-03-02,44.26,44.91,44.25,44.59,62500,44.48
2011-03-01,46.24,46.32,44.42,44.42,143600,44.31
2011-02-28,45.73,46.07,45.46,45.95,64600,45.84
2011-02-25,44.77,45.41,44.77,45.37,72500,45.26
2011-02-24,44.38,44.69,43.60,44.37,156500,44.26
2011-02-23,44.99,45.13,43.91,44.51,153700,44.40
2011-02-22,46.15,46.37,44.80,45.05,74300,44.94
2011-02-18,46.82,47.01,46.67,46.92,35300,46.81
2011-02-17,46.22,46.87,46.18,46.77,71500,46.66
2011-02-16,46.17,46.56,46.11,46.39,55000,46.28
2011-02-15,45.93,46.03,45.70,45.93,77200,45.82
2011-02-14,45.92,46.24,45.83,46.22,67500,46.11
2011-02-11,45.04,46.07,45.04,45.91,69400,45.80
2011-02-10,44.88,45.45,44.69,45.27,36400,45.16
2011-02-09,45.37,45.60,44.96,45.37,48300,45.26
2011-02-08,45.15,45.58,45.09,45.58,17600,45.47
2011-02-07,44.86,45.38,44.85,45.19,44100,45.08
2011-02-04,44.40,44.62,44.01,44.62,31000,44.51
2011-02-03,44.01,44.40,43.57,44.32,45800,44.21
2011-02-02,44.04,44.31,44.04,44.10,37200,43.99
2011-02-01,43.49,44.44,43.47,44.34,47900,44.23
2011-01-31,42.55,43.00,42.39,42.95,57400,42.85
2011-01-28,43.98,44.00,42.22,42.26,90300,42.16
2011-01-27,43.66,43.97,43.53,43.84,32900,43.73
2011-01-26,43.55,43.92,43.41,43.72,71200,43.61
2011-01-25,43.02,43.34,42.64,43.27,44000,43.17
2011-01-24,42.76,43.35,42.76,43.29,37300,43.19
2011-01-21,43.08,43.32,42.70,42.79,21700,42.69
2011-01-20,42.49,42.77,42.00,42.54,86600,42.44
2011-01-19,43.54,43.54,42.52,42.61,67300,42.51
2011-01-18,43.39,43.63,43.29,43.57,35500,43.46
2011-01-14,42.70,43.42,42.70,43.41,13600,43.31
2011-01-13,42.95,43.01,42.61,42.80,36800,42.70
2011-01-12,42.73,42.97,42.53,42.90,91300,42.80
2011-01-11,42.19,42.36,41.89,42.17,35400,42.07
2011-01-10,41.64,41.98,41.39,41.97,32400,41.87
2011-01-07,42.34,42.34,41.40,42.01,48500,41.91
2011-01-06,42.32,42.40,41.94,42.15,33300,42.05
2011-01-05,41.62,42.33,41.57,42.30,69700,42.20
2011-01-04,42.17,42.17,41.45,41.88,63600,41.78
2011-01-03,41.87,42.27,41.71,41.98,50900,41.88
2010-12-31,40.95,41.15,40.84,41.15,19200,41.05
2010-12-30,41.11,41.25,40.97,41.07,19600,40.97
2010-12-29,41.27,41.37,41.20,41.21,21500,41.11
2010-12-28,41.20,41.20,40.99,41.17,7700,41.07
2010-12-27,40.67,41.10,40.65,41.04,21800,40.94
2010-12-23,41.06,41.10,40.80,40.95,11600,40.85
2010-12-22,40.96,41.16,40.94,41.13,24200,41.03
2010-12-21,40.63,40.94,40.60,40.86,15900,40.76
2010-12-20,40.41,40.55,40.01,40.38,56600,40.28
2010-12-17,40.02,40.28,39.89,40.19,108200,40.09
2010-12-16,39.82,40.23,39.15,40.21,16800,40.01
2010-12-15,39.99,40.26,39.60,39.72,15100,39.52
2010-12-14,40.16,40.40,39.91,40.07,21100,39.87
2010-12-13,40.37,40.43,40.01,40.04,99000,39.84
2010-12-10,39.75,40.05,39.54,40.05,28200,39.85
2010-12-09,39.65,39.65,39.21,39.45,33000,39.25
2010-12-08,39.02,39.23,38.70,39.23,26100,39.03
2010-12-07,39.65,39.67,38.89,38.93,73100,38.74
2010-12-06,38.93,39.02,38.75,38.96,64900,38.77
2010-12-03,38.49,39.03,38.47,38.97,56200,38.78
2010-12-02,37.89,38.80,37.89,38.78,65000,38.59
2010-12-01,37.30,37.90,37.29,37.77,64000,37.58
2010-11-30,35.95,36.66,35.88,36.24,32900,36.06
2010-11-29,36.27,36.82,35.79,36.71,128800,36.53
2010-11-26,36.65,36.97,36.65,36.78,14600,36.60
2010-11-24,36.70,37.30,36.70,37.30,36600,37.11
2010-11-23,36.41,36.51,36.00,36.21,83000,36.03
2010-11-22,37.01,37.33,36.50,37.28,36300,37.09
2010-11-19,37.10,37.41,36.75,37.38,13700,37.19
2010-11-18,36.83,37.42,36.83,37.16,52000,36.97
2010-11-17,36.09,36.36,35.91,36.09,67000,35.91
2010-11-16,36.76,36.87,35.75,36.10,100900,35.92
2010-11-15,37.57,37.87,37.23,37.23,42600,37.04
2010-11-12,37.72,38.02,36.99,37.34,93100,37.15
2010-11-11,37.85,38.26,37.70,38.25,27100,38.06
2010-11-10,38.26,38.55,37.69,38.55,189700,38.36
2010-11-09,38.98,39.03,37.97,38.19,83200,38.00
2010-11-08,38.68,38.89,38.44,38.77,60700,38.58
2010-11-05,38.75,39.07,38.61,38.93,74100,38.74
2010-11-04,38.07,38.70,37.99,38.64,91800,38.45
2010-11-03,37.02,37.20,36.34,37.20,59200,37.01
2010-11-02,36.89,37.00,36.74,36.90,32500,36.72
2010-11-01,36.69,37.05,35.98,36.37,84500,36.19
2010-10-29,36.18,36.44,36.00,36.32,17300,36.14
2010-10-28,36.72,36.72,36.00,36.34,77200,36.16
2010-10-27,35.92,36.28,35.63,36.27,39700,36.09
2010-10-26,36.07,36.50,36.00,36.40,22900,36.22
2010-10-25,36.74,37.00,36.42,36.43,35200,36.25
2010-10-22,36.30,36.30,36.10,36.21,16600,36.03
2010-10-21,36.27,36.67,35.59,36.11,75700,35.93
2010-10-20,35.38,36.30,35.37,35.97,50300,35.79
2010-10-19,35.59,35.93,34.84,35.26,98000,35.08
2010-10-18,35.89,36.45,35.78,36.36,30500,36.18
2010-10-15,36.24,36.24,35.36,35.87,55200,35.69
2010-10-14,35.96,36.02,35.27,35.74,105100,35.56
2010-10-13,35.89,36.36,35.71,35.99,125200,35.81
2010-10-12,35.00,35.64,34.66,35.47,42200,35.29
2010-10-11,35.31,35.38,35.01,35.22,36900,35.04
2010-10-08,34.91,35.33,34.66,35.16,40800,34.98
2010-10-07,35.16,35.16,34.41,34.79,67300,34.62
2010-10-06,34.88,35.01,34.58,34.81,67100,34.64
2010-10-05,34.16,35.00,34.06,34.86,61400,34.69
2010-10-04,33.88,34.04,33.22,33.52,38700,33.35
2010-10-01,34.27,34.34,33.71,34.04,29300,33.87
2010-09-30,34.27,34.54,33.47,33.84,92700,33.67
2010-09-29,33.93,34.19,33.71,33.88,104900,33.71
2010-09-28,33.95,34.25,33.22,34.16,37700,33.99
2010-09-27,34.18,34.23,33.76,33.80,132800,33.63
2010-09-24,33.58,34.19,33.50,34.11,112200,33.94
2010-09-23,32.75,33.49,32.64,32.80,56100,32.64
2010-09-22,33.64,33.92,33.20,33.38,53200,33.21
2010-09-21,33.91,34.17,33.45,33.71,109500,33.54
2010-09-20,33.09,33.94,32.98,33.83,114200,33.66
2010-09-17,33.14,33.20,32.68,32.90,118200,32.74
2010-09-16,32.63,32.92,32.53,32.92,30600,32.66
2010-09-15,32.47,32.96,32.33,32.91,100000,32.65
2010-09-14,32.58,33.05,32.36,32.71,52400,32.45
2010-09-13,32.61,32.81,32.41,32.68,31400,32.42
2010-09-10,31.83,32.04,31.68,32.02,59900,31.77
2010-09-09,32.11,32.11,31.56,31.68,50900,31.43
2010-09-08,31.05,31.61,31.05,31.33,33700,31.08
2010-09-07,31.42,31.45,30.91,30.98,36600,30.73
2010-09-03,31.50,31.75,31.16,31.68,101500,31.43
2010-09-02,30.42,30.87,30.36,30.86,29300,30.61
2010-09-01,29.40,30.34,29.36,30.31,94900,30.07
2010-08-31,28.42,28.90,28.20,28.57,43200,28.34
2010-08-30,29.27,29.46,28.60,28.60,43000,28.37
2010-08-27,28.95,29.50,28.15,29.44,50600,29.21
2010-08-26,29.23,29.23,28.40,28.52,33400,28.29
2010-08-25,28.40,29.11,28.04,28.97,121100,28.74
2010-08-24,28.96,29.13,28.46,28.74,98100,28.51
2010-08-23,30.13,30.40,29.63,29.64,23700,29.40
2010-08-20,29.83,29.91,29.45,29.85,34100,29.61
2010-08-19,30.83,30.94,29.80,30.07,52500,29.83
2010-08-18,31.00,31.40,30.71,31.18,26400,30.93
2010-08-17,30.75,31.45,30.63,31.01,36800,30.76
2010-08-16,29.88,30.41,29.74,30.29,60200,30.05
2010-08-13,30.31,30.60,30.25,30.33,35200,30.09
2010-08-12,29.94,30.66,29.91,30.50,52300,30.26
2010-08-11,31.64,31.64,30.78,30.88,120400,30.63
2010-08-10,32.47,33.00,32.14,32.65,61900,32.39
2010-08-09,32.97,33.12,32.71,33.04,74600,32.78
2010-08-06,32.26,32.74,31.86,32.67,80900,32.41
2010-08-05,32.59,32.93,32.51,32.92,33400,32.66
2010-08-04,32.67,33.08,32.56,32.97,68400,32.71
2010-08-03,32.69,32.87,32.39,32.58,54500,32.32
2010-08-02,32.46,32.95,32.20,32.85,167900,32.59
2010-07-30,30.82,31.77,30.71,31.49,160900,31.24
2010-07-29,32.34,32.34,30.98,31.46,177600,31.21
2010-07-28,32.08,32.26,31.58,31.78,50400,31.53
2010-07-27,32.55,32.60,32.00,32.21,69000,31.95
2010-07-26,31.68,32.28,31.51,32.27,84700,32.01
2010-07-23,30.91,31.60,30.77,31.55,90000,31.30
2010-07-22,30.41,31.25,30.41,31.03,152500,30.78
2010-07-21,30.78,30.82,29.48,29.68,71700,29.44
2010-07-20,29.02,30.52,28.98,30.49,106900,30.25
2010-07-19,29.72,30.00,29.25,29.82,40100,29.58
2010-07-16,30.84,30.84,29.38,29.45,90500,29.22
2010-07-15,31.15,31.40,30.34,31.23,149900,30.98
2010-07-14,31.01,31.35,30.78,31.21,159800,30.96
2010-07-13,30.93,31.43,30.84,31.16,249000,30.91
2010-07-12,30.04,30.35,29.83,30.29,60800,30.05
2010-07-09,29.77,30.24,29.69,30.23,87000,29.99
2010-07-08,29.74,29.85,29.15,29.78,96100,29.54
2010-07-07,27.60,29.28,27.57,29.20,222700,28.97
2010-07-06,27.91,28.24,27.04,27.45,146600,27.23
2010-07-02,27.66,27.72,26.83,27.19,113100,26.97
2010-07-01,27.65,27.81,26.60,27.46,167900,27.24
2010-06-30,28.05,28.60,27.50,27.62,88000,27.40
2010-06-29,29.28,29.28,27.89,28.23,163300,28.01
2010-06-28,30.40,30.48,29.97,30.11,64700,29.87
2010-06-25,30.25,30.60,29.75,30.34,59600,30.10
2010-06-24,30.78,30.80,29.88,29.93,80400,29.69
2010-06-23,31.31,31.40,30.67,31.04,85400,30.79
2010-06-22,32.34,32.65,31.20,31.26,109600,31.01
2010-06-21,33.37,33.43,32.00,32.30,105900,32.04
2010-06-18,32.63,32.76,32.36,32.55,151700,32.29
2010-06-17,32.66,32.67,32.00,32.57,56500,32.31
2010-06-16,32.12,32.69,32.00,32.44,67800,32.18
2010-06-15,31.50,32.51,31.39,32.48,85000,32.22
2010-06-14,31.60,31.88,30.98,31.01,115900,30.76
2010-06-11,30.28,31.15,30.28,31.15,112500,30.90
2010-06-10,30.12,30.91,30.09,30.87,78200,30.62
2010-06-09,29.80,30.34,28.96,29.19,114600,28.96
2010-06-08,28.90,29.50,28.38,29.49,110100,29.26
2010-06-07,29.76,30.00,28.81,28.85,103700,28.62
2010-06-04,30.65,30.99,29.39,29.66,170700,29.42
2010-06-03,31.81,31.99,31.25,31.87,124500,31.62
2010-06-02,30.37,31.59,30.10,31.59,55900,31.34
2010-06-01,30.45,31.35,29.95,30.02,188400,29.78
2010-05-28,31.85,31.85,30.89,31.09,134500,30.84
2010-05-27,31.01,31.90,30.84,31.90,155900,31.65
2010-05-26,30.64,31.15,29.77,29.89,199200,29.65
2010-05-25,28.75,30.27,28.32,30.22,245200,29.98
2010-05-24,30.55,31.11,30.14,30.16,151900,29.92
2010-05-21,29.19,31.10,29.04,31.00,342900,30.75
2010-05-20,31.21,31.44,30.06,30.06,370600,29.82
2010-05-19,32.55,33.15,31.75,32.58,299500,32.32
2010-05-18,34.41,34.62,32.75,32.94,160800,32.68
2010-05-17,34.03,34.11,32.58,33.92,122900,33.65
2010-05-14,34.56,34.59,33.22,33.83,147600,33.56
2010-05-13,35.88,36.06,35.09,35.13,129500,34.85
2010-05-12,35.37,36.06,35.25,35.96,50500,35.67
2010-05-11,34.54,35.93,34.49,35.00,216000,34.72
2010-05-10,35.05,35.49,34.52,35.24,310100,34.96
2010-05-07,33.22,33.80,31.48,32.23,490100,31.97
2010-05-06,35.37,36.16,26.84,33.44,726800,33.17
2010-05-05,35.52,36.30,35.20,35.68,185600,35.40
2010-05-04,37.11,37.11,35.82,36.21,117700,35.92
2010-05-03,37.35,38.10,37.32,37.95,33000,37.65
2010-04-30,38.34,38.39,37.00,37.00,66100,36.71
2010-04-29,37.86,38.43,37.86,38.25,18200,37.95
2010-04-28,37.17,37.49,36.74,37.34,159100,37.04
2010-04-27,38.24,38.47,36.73,36.88,96600,36.59
2010-04-26,39.00,39.14,38.59,38.62,57500,38.31
2010-04-23,38.41,38.96,38.27,38.96,69000,38.65
2010-04-22,37.69,38.53,37.30,38.44,60700,38.13
2010-04-21,38.39,38.58,37.88,38.27,36700,37.97
2010-04-20,38.20,38.42,37.97,38.35,58600,38.04
2010-04-19,37.23,37.77,36.92,37.77,94500,37.47
2010-04-16,38.36,38.49,37.04,37.43,126900,37.13
2010-04-15,38.47,38.78,38.42,38.66,50600,38.35
2010-04-14,38.00,38.57,37.95,38.56,49300,38.25
2010-04-13,37.58,37.85,37.28,37.72,50900,37.42
2010-04-12,37.67,37.85,37.62,37.67,15400,37.37
2010-04-09,37.21,37.57,37.12,37.57,29900,37.27
2010-04-08,36.54,37.15,36.40,37.08,52600,36.78
2010-04-07,37.07,37.15,36.47,36.81,110400,36.52
2010-04-06,36.88,37.35,36.85,37.25,60900,36.95
2010-04-05,36.77,37.11,36.56,37.09,56500,36.79
2010-04-01,36.48,36.72,36.11,36.47,60500,36.18
2010-03-31,35.97,36.27,35.77,35.96,47900,35.67
2010-03-30,36.28,36.45,35.99,36.22,33600,35.93
2010-03-29,36.06,36.26,36.00,36.16,82900,35.87
2010-03-26,35.89,36.23,35.50,35.76,61200,35.48
2010-03-25,36.41,36.66,35.73,35.74,64400,35.46
2010-03-24,36.00,36.18,35.76,35.86,43300,35.57
2010-03-23,35.85,36.26,35.65,36.26,38100,35.97
2010-03-22,34.96,35.85,34.95,35.71,59100,35.43
2010-03-19,35.95,35.95,35.13,35.37,201900,35.09
2010-03-18,35.84,35.89,35.58,35.77,78700,35.49
2010-03-17,35.64,36.02,35.61,35.84,36900,35.55
2010-03-16,35.09,35.46,34.92,35.42,61900,35.14
2010-03-15,34.70,34.90,34.38,34.88,32700,34.60
2010-03-12,35.11,35.13,34.71,34.85,60500,34.57
2010-03-11,34.38,34.83,34.24,34.83,36100,34.55
2010-03-10,34.30,34.66,34.25,34.54,41400,34.27
2010-03-09,33.89,34.55,33.89,34.26,63800,33.99
2010-03-08,34.13,34.27,34.03,34.09,34000,33.82
2010-03-05,33.63,34.16,33.50,34.09,97000,33.82
2010-03-04,33.07,33.23,32.85,33.19,263000,32.93
2010-03-03,33.05,33.34,32.83,32.94,91800,32.68
2010-03-02,33.04,33.22,32.86,32.90,54300,32.64
2010-03-01,32.30,32.79,32.30,32.75,95200,32.49
2010-02-26,32.06,32.26,31.73,32.08,132900,31.82
2010-02-25,31.15,32.04,31.01,32.03,111200,31.78
2010-02-24,31.74,32.17,31.60,32.11,117000,31.85
2010-02-23,32.17,32.30,31.42,31.53,120000,31.28
2010-02-22,32.57,32.57,32.15,32.27,124700,32.01
2010-02-19,31.99,32.53,31.86,32.31,131400,32.05
2010-02-18,31.70,32.29,31.70,32.19,130600,31.93
2010-02-17,31.77,31.87,31.51,31.78,153700,31.53
2010-02-16,30.98,31.55,30.85,31.51,48000,31.26
2010-02-12,29.91,30.48,29.68,30.48,156400,30.24
2010-02-11,29.90,30.64,29.71,30.55,120200,30.31
2010-02-10,29.98,30.30,29.45,29.98,236400,29.74
2010-02-09,30.04,30.58,29.58,30.10,185600,29.86
2010-02-08,29.79,30.12,29.28,29.31,230300,29.08
2010-02-05,29.74,29.89,28.65,29.81,293500,29.57
2010-02-04,31.15,31.15,29.64,29.68,304800,29.44
2010-02-03,31.65,31.93,31.45,31.63,83800,31.38
2010-02-02,31.31,32.00,31.10,31.98,94200,31.73
2010-02-01,30.70,31.18,30.64,31.14,90800,30.89
2010-01-29,31.18,31.54,30.18,30.27,194000,30.03
2010-01-28,31.85,31.87,30.54,30.93,292200,30.68
2010-01-27,31.27,31.74,30.81,31.65,154100,31.40
2010-01-26,31.36,31.99,31.21,31.35,197500,31.10
2010-01-25,31.86,31.94,31.43,31.63,108800,31.38
2010-01-22,32.49,32.70,31.25,31.33,311100,31.08
2010-01-21,34.07,34.27,32.70,32.74,193500,32.48
2010-01-20,34.32,34.32,33.53,34.09,117500,33.82
2010-01-19,33.89,34.81,33.89,34.81,68000,34.53
2010-01-15,34.58,34.64,33.69,33.96,73100,33.69
2010-01-14,34.46,34.80,34.45,34.71,65100,34.43
2010-01-13,34.11,34.68,33.94,34.54,56300,34.27
2010-01-12,34.18,34.29,33.72,33.98,96900,33.71
2010-01-11,34.83,34.83,34.33,34.63,69900,34.35
2010-01-08,34.10,34.50,33.96,34.50,89800,34.23
2010-01-07,33.86,34.34,33.70,34.27,117100,34.00
2010-01-06,33.84,34.11,33.81,33.98,86800,33.71
2010-01-05,33.71,33.96,33.61,33.96,61100,33.69
2010-01-04,33.22,33.78,33.22,33.72,135200,33.45
2009-12-31,33.47,33.47,32.62,32.62,91400,32.36
2009-12-30,33.12,33.36,33.12,33.31,32100,33.04
2009-12-29,33.57,33.57,33.35,33.35,40100,33.08
2009-12-28,33.50,33.57,33.19,33.44,54100,33.17
2009-12-24,33.11,33.34,33.11,33.32,40100,33.05
2009-12-23,32.97,33.04,32.79,32.99,75600,32.73
2009-12-22,32.78,32.95,32.66,32.83,71800,32.57
2009-12-21,32.25,32.80,32.25,32.60,122100,32.34
2009-12-18,31.95,32.00,31.50,32.00,43100,31.75
2009-12-17,32.01,32.11,31.48,31.72,62600,31.38
2009-12-16,32.67,32.84,32.38,32.50,82800,32.15
2009-12-15,32.50,32.70,32.25,32.35,29200,32.00
2009-12-14,32.67,32.74,32.47,32.73,51100,32.38
2009-12-11,32.26,32.35,32.00,32.21,35600,31.86
2009-12-10,32.02,32.26,31.92,31.99,31200,31.65
2009-12-09,31.42,31.65,31.07,31.60,55700,31.26
2009-12-08,31.68,31.75,31.23,31.42,98500,31.08
2009-12-07,32.16,32.48,31.95,32.08,61000,31.74
2009-12-04,32.73,33.00,31.71,32.20,96500,31.86
2009-12-03,32.58,32.85,31.80,31.87,72800,31.53
2009-12-02,32.39,32.76,32.21,32.40,54400,32.05
2009-12-01,32.24,32.56,32.01,32.36,78700,32.01
2009-11-30,31.33,31.71,31.06,31.61,167400,31.27
2009-11-27,30.75,31.83,30.63,31.43,279300,31.09
2009-11-25,32.34,32.50,32.17,32.47,22400,32.12
2009-11-24,32.25,32.30,31.74,32.20,57200,31.86
2009-11-23,32.05,32.59,32.03,32.21,78800,31.86
2009-11-20,31.25,31.48,31.10,31.35,59900,31.01
2009-11-19,31.98,31.98,31.20,31.56,66200,31.22
2009-11-18,32.39,32.45,32.03,32.44,40700,32.09
2009-11-17,32.22,32.44,31.98,32.44,55200,32.09
2009-11-16,31.89,32.61,31.89,32.35,141700,32.00
2009-11-13,31.27,31.70,31.00,31.46,77600,31.12
2009-11-12,31.68,31.84,30.97,31.10,183100,30.77
2009-11-11,31.88,32.14,31.50,31.73,97200,31.39
2009-11-10,31.25,31.58,31.08,31.39,164600,31.05
2009-11-09,30.50,31.38,30.48,31.37,186200,31.03
2009-11-06,29.54,30.21,29.51,30.01,55000,29.69
2009-11-05,29.22,29.90,29.13,29.90,87300,29.58
2009-11-04,29.18,29.54,28.37,28.75,250000,28.44
2009-11-03,28.15,28.74,28.08,28.70,143300,28.39
2009-11-02,28.43,29.09,27.81,28.52,202600,28.21
2009-10-30,29.68,29.76,28.07,28.22,201900,27.92
2009-10-29,29.06,29.93,28.93,29.85,213100,29.53
2009-10-28,29.57,29.72,28.59,28.61,446600,28.30
2009-10-27,30.11,30.25,29.62,29.77,158200,29.45
2009-10-26,30.74,31.37,29.84,29.95,159000,29.63
2009-10-23,31.59,31.65,30.41,30.69,201100,30.36
2009-10-22,30.73,31.58,30.36,31.41,199700,31.07
2009-10-21,31.21,31.95,30.75,30.75,212600,30.42
2009-10-20,31.80,31.81,31.06,31.34,162100,31.00
2009-10-19,31.25,31.86,31.10,31.71,128900,31.37
2009-10-16,31.10,31.33,30.79,31.12,100800,30.79
2009-10-15,31.14,31.60,31.09,31.60,74200,31.26
2009-10-14,31.09,31.46,30.83,31.39,124900,31.05
2009-10-13,30.34,30.46,29.96,30.35,112100,30.02
2009-10-12,30.52,30.70,30.28,30.48,64200,30.15
2009-10-09,29.92,30.22,29.76,30.21,62900,29.89
2009-10-08,29.87,30.18,29.64,29.87,322700,29.55
2009-10-07,29.12,29.45,29.03,29.41,128100,29.09
2009-10-06,28.87,29.57,28.84,29.25,136500,28.94
2009-10-05,27.80,28.57,27.68,28.42,526600,28.12
2009-10-02,27.38,27.96,27.34,27.65,148300,27.35
2009-10-01,29.23,29.23,27.90,27.90,252200,27.60
2009-09-30,29.80,29.80,28.83,29.38,113300,29.07
2009-09-29,29.88,30.13,29.45,29.62,46900,29.30
2009-09-28,28.99,29.82,28.97,29.72,87000,29.40
2009-09-25,28.91,29.21,28.55,28.74,149000,28.43
2009-09-24,29.81,29.93,28.86,29.11,133500,28.80
2009-09-23,30.38,30.74,29.64,29.64,72500,29.32
2009-09-22,30.23,30.35,30.00,30.20,32800,29.88
2009-09-21,29.59,29.98,29.43,29.89,111300,29.57
2009-09-18,30.24,30.24,29.86,30.03,85400,29.71
2009-09-17,30.10,30.52,29.74,30.07,293200,29.67
2009-09-16,29.50,30.17,29.27,30.17,276900,29.77
2009-09-15,29.13,29.47,28.77,29.28,93000,28.89
2009-09-14,28.22,29.10,28.22,29.03,70300,28.64
2009-09-11,28.87,29.00,28.47,28.74,170000,28.36
2009-09-10,28.20,28.81,27.94,28.81,115400,28.43
2009-09-09,27.82,28.32,27.70,28.19,175700,27.81
2009-09-08,27.78,27.80,27.50,27.75,96100,27.38
2009-09-04,26.61,27.29,26.49,27.29,95700,26.93
2009-09-03,26.37,26.54,25.99,26.47,97300,26.12
2009-09-02,26.06,26.35,25.93,26.04,108500,25.69
2009-09-01,27.23,27.92,26.17,26.29,278500,25.94
2009-08-31,27.44,27.55,27.17,27.52,147500,27.15
2009-08-28,28.44,28.50,27.62,27.99,84200,27.62
2009-08-27,27.82,28.16,27.21,28.02,103600,27.65
2009-08-26,27.74,28.14,27.54,27.88,121400,27.51
2009-08-25,27.98,28.42,27.76,27.90,136700,27.53
2009-08-24,28.00,28.29,27.58,27.71,169200,27.34
2009-08-21,27.18,27.82,27.11,27.71,153700,27.34
2009-08-20,26.22,26.85,26.22,26.76,90900,26.40
2009-08-19,25.31,26.34,25.29,26.20,134400,25.85
2009-08-18,25.44,25.89,25.37,25.73,129600,25.39
2009-08-17,25.61,25.66,25.24,25.32,306200,24.98
2009-08-14,27.03,27.06,26.09,26.65,113100,26.29
2009-08-13,26.91,27.06,26.36,27.02,162000,26.66
2009-08-12,26.02,27.04,26.02,26.69,145700,26.33
2009-08-11,26.51,26.53,25.94,26.06,144500,25.71
2009-08-10,26.60,26.83,26.40,26.73,121900,26.37
2009-08-07,26.75,27.30,26.47,26.88,374200,26.52
2009-08-06,26.73,26.77,25.95,26.17,158400,25.82
2009-08-05,26.64,26.68,26.03,26.47,115400,26.12
2009-08-04,26.23,26.69,26.16,26.57,135800,26.22
2009-08-03,26.21,26.53,25.94,26.44,234700,26.09
2009-07-31,25.58,25.95,25.49,25.68,166400,25.34
2009-07-30,25.67,26.14,25.52,25.59,313800,25.25
2009-07-29,24.92,25.18,24.70,25.03,138500,24.70
2009-07-28,25.04,25.39,24.75,25.30,246700,24.96
2009-07-27,25.19,25.46,24.89,25.40,215900,25.06
2009-07-24,24.78,25.27,24.59,25.27,133500,24.93
2009-07-23,24.01,25.26,24.01,25.04,218900,24.71
2009-07-22,23.68,24.27,23.67,23.98,115200,23.66
2009-07-21,24.17,24.17,23.43,23.97,236100,23.65
2009-07-20,23.56,23.85,23.32,23.75,299800,23.43
2009-07-17,23.25,23.35,23.04,23.31,141100,23.00
2009-07-16,22.76,23.47,22.65,23.29,144500,22.98
2009-07-15,22.18,22.96,22.12,22.90,248300,22.59
2009-07-14,21.52,21.66,21.20,21.66,86500,21.37
2009-07-13,20.51,21.36,20.24,21.35,101100,21.07
2009-07-10,20.25,20.60,20.13,20.36,139400,20.09
2009-07-09,20.67,20.78,20.37,20.49,100300,20.22
2009-07-08,20.60,20.73,19.89,20.42,292700,20.15
2009-07-07,21.17,21.23,20.39,20.45,171100,20.18
2009-07-06,20.85,21.29,20.70,21.29,137300,21.01
2009-07-02,21.89,21.89,21.22,21.37,155400,21.08
2009-07-01,22.51,22.90,22.42,22.45,59800,22.15
2009-06-30,22.66,22.80,22.01,22.36,72200,22.06
2009-06-29,22.40,22.70,22.19,22.66,94600,22.36
2009-06-26,22.21,22.40,22.00,22.22,84900,21.92
2009-06-25,21.22,22.36,21.22,22.32,125000,22.02
2009-06-24,21.47,21.88,21.22,21.40,87000,21.11
2009-06-23,21.12,21.30,20.84,21.09,123300,20.81
2009-06-22,21.95,21.95,21.02,21.08,174400,20.80
2009-06-19,22.67,22.72,22.15,22.41,219500,22.11
2009-06-18,22.02,22.52,21.94,22.18,110300,21.88
2009-06-17,21.97,22.36,21.66,21.95,478100,21.66
2009-06-16,22.85,22.87,22.00,22.06,197800,21.77
2009-06-15,23.23,23.24,22.42,22.82,253800,22.52
2009-06-12,23.44,23.75,23.21,23.74,135000,23.42
2009-06-11,23.51,24.24,23.51,23.55,244800,23.24
2009-06-10,23.91,23.95,22.82,23.45,149400,23.14
2009-06-09,23.55,23.73,23.23,23.51,138400,23.20
2009-06-08,23.12,23.75,22.75,23.35,240700,23.04
2009-06-05,24.00,24.06,23.13,23.45,235300,23.14
2009-06-04,23.23,23.52,22.88,23.39,251300,23.08
2009-06-03,23.24,23.28,22.62,23.17,261500,22.86
2009-06-02,23.46,23.89,23.34,23.70,204400,23.38
2009-06-01,23.05,23.81,22.96,23.57,403100,23.26
2009-05-29,21.99,22.57,21.64,22.57,205300,22.27
2009-05-28,21.54,21.90,20.90,21.66,145900,21.37
2009-05-27,22.02,22.12,21.10,21.21,412000,20.93
2009-05-26,20.58,22.04,20.54,21.86,225600,21.57
2009-05-22,21.10,21.31,20.73,20.89,164700,20.61
2009-05-21,21.05,21.21,20.51,21.07,222100,20.79
2009-05-20,22.31,22.67,21.55,21.61,335100,21.32
2009-05-19,21.89,22.27,21.76,21.88,294000,21.59
2009-05-18,21.15,21.94,21.08,21.81,492500,21.52
2009-05-15,21.07,21.35,20.49,20.84,388400,20.56
2009-05-14,20.78,21.39,20.71,21.01,471500,20.73
2009-05-13,21.23,21.34,20.63,20.70,648700,20.42
2009-05-12,22.16,22.25,21.31,21.87,832700,21.58
2009-05-11,22.19,22.39,21.86,21.90,681000,21.61
2009-05-08,22.44,22.94,22.11,22.79,813800,22.49
2009-05-07,22.90,22.94,21.55,21.94,691900,21.65
2009-05-06,22.23,22.50,21.74,22.35,565200,22.05
2009-05-05,21.71,21.84,21.34,21.77,375700,21.48
2009-05-04,20.74,21.83,20.68,21.83,665600,21.54
2009-05-01,20.27,20.61,19.93,20.44,265700,20.17
2009-04-30,20.79,20.99,20.08,20.24,500200,19.97
2009-04-29,19.81,20.66,19.71,20.18,488300,19.91
2009-04-28,19.13,19.84,19.05,19.34,287800,19.08
2009-04-27,19.43,20.03,19.37,19.65,387700,19.39
2009-04-24,19.63,20.17,19.48,19.94,331000,19.67
2009-04-23,19.05,19.31,18.57,19.24,419500,18.98
2009-04-22,18.80,19.74,18.74,18.98,503700,18.73
2009-04-21,18.21,19.20,18.14,19.14,924000,18.88
2009-04-20,19.42,19.46,18.42,18.49,529300,18.24
2009-04-17,20.05,20.40,19.74,20.13,336000,19.86
2009-04-16,19.65,20.15,19.09,20.03,640600,19.76
2009-04-15,18.68,19.39,18.59,19.30,211600,19.04
2009-04-14,19.22,19.56,18.80,18.90,239600,18.65
2009-04-13,19.22,19.90,19.04,19.48,312600,19.22
2009-04-09,19.15,19.59,18.95,19.59,450000,19.33
2009-04-08,17.96,18.29,17.75,18.16,159800,17.92
2009-04-07,18.05,18.16,17.70,17.70,269200,17.46
2009-04-06,18.52,18.73,18.08,18.64,913100,18.39
2009-04-03,18.62,18.92,18.26,18.92,258700,18.67
2009-04-02,18.45,19.08,18.27,18.52,1014500,18.27
2009-04-01,16.46,17.66,16.39,17.50,430000,17.27
2009-03-31,16.91,17.52,16.72,16.93,405600,16.70
2009-03-30,16.98,17.02,16.23,16.54,582600,16.32
2009-03-27,18.07,18.20,17.70,17.79,387900,17.55
2009-03-26,18.04,18.56,17.77,18.53,1121400,18.28
2009-03-25,17.72,18.25,16.62,17.55,1168100,17.32
2009-03-24,17.69,18.15,17.36,17.37,522300,17.14
2009-03-23,16.71,18.12,16.58,18.12,701900,17.88
2009-03-20,16.68,16.86,15.75,15.81,598400,15.60
2009-03-19,17.54,17.54,16.51,16.58,632900,16.30
2009-03-18,16.19,17.49,15.86,17.02,1140200,16.73
2009-03-17,15.41,16.35,15.20,16.33,374900,16.05
2009-03-16,15.80,16.38,15.33,15.37,1001200,15.11
2009-03-13,15.44,15.60,14.90,15.44,647300,15.18
2009-03-12,14.12,15.33,13.88,15.20,997900,14.94
2009-03-11,14.29,14.56,13.79,14.10,1007200,13.86
2009-03-10,12.96,13.99,12.90,13.93,641500,13.69
2009-03-09,12.43,13.12,12.33,12.45,394900,12.24
2009-03-06,12.92,13.34,12.09,12.70,1139700,12.48
2009-03-05,13.24,13.49,12.47,12.70,786100,12.48
2009-03-04,13.70,14.27,13.43,13.84,549100,13.60
2009-03-03,13.87,13.87,13.03,13.25,487000,13.02
2009-03-02,14.18,14.37,13.35,13.45,1002800,13.22
2009-02-27,14.84,15.44,14.72,14.76,653700,14.51
2009-02-26,16.43,16.65,15.46,15.46,479500,15.20
2009-02-25,16.15,16.64,15.50,16.01,303000,15.74
2009-02-24,15.42,16.46,15.21,16.32,414300,16.04
2009-02-23,16.86,16.86,15.11,15.15,561800,14.89
2009-02-20,16.02,16.62,15.60,16.22,601600,15.94
2009-02-19,17.36,17.43,16.52,16.63,518000,16.35
2009-02-18,17.29,17.41,16.66,17.00,457300,16.71
2009-02-17,17.54,17.69,17.05,17.09,584400,16.80
2009-02-13,19.06,19.34,18.70,18.72,164700,18.40
2009-02-12,18.44,19.18,17.91,19.18,454700,18.85
2009-02-11,19.07,19.28,18.55,19.02,522700,18.69
2009-02-10,20.47,20.66,18.60,18.95,783100,18.63
2009-02-09,20.73,21.03,20.42,20.80,175700,20.44
2009-02-06,19.78,20.83,19.65,20.66,371700,20.31
2009-02-05,18.65,19.88,18.50,19.55,159500,19.22
2009-02-04,19.43,19.94,18.88,19.05,230900,18.72
2009-02-03,19.00,19.49,18.56,19.30,777200,18.97
2009-02-02,18.20,18.90,18.12,18.61,232100,18.29
2009-01-30,19.76,19.85,18.51,18.75,364200,18.43
2009-01-29,20.37,20.43,19.51,19.66,263400,19.32
2009-01-28,20.51,21.18,20.32,20.95,349600,20.59
2009-01-27,19.41,19.88,19.18,19.69,263600,19.35
2009-01-26,19.26,20.00,18.86,19.20,474000,18.87
2009-01-23,17.94,19.37,17.82,19.07,264000,18.74
2009-01-22,18.67,19.43,18.10,18.85,236200,18.53
2009-01-21,18.60,19.45,17.86,19.40,492100,19.07
2009-01-20,19.64,19.69,17.84,17.90,526200,17.59
2009-01-16,20.45,20.45,19.07,20.04,604500,19.70
2009-01-15,19.51,20.08,18.45,19.72,359000,19.38
2009-01-14,20.30,20.32,19.37,19.62,388200,19.28
2009-01-13,20.80,21.26,20.59,20.98,223800,20.62
2009-01-12,21.81,21.81,20.71,21.00,270100,20.64
2009-01-09,23.45,23.45,21.90,21.93,141700,21.56
2009-01-08,22.49,22.96,22.33,22.96,144000,22.57
2009-01-07,23.47,23.60,22.54,22.83,192600,22.44
2009-01-06,24.14,24.74,23.87,24.24,154400,23.83
2009-01-05,23.86,24.30,23.42,23.85,134900,23.44
2009-01-02,22.85,24.25,22.58,23.90,238700,23.49
2008-12-31,22.17,23.00,22.12,22.77,171400,22.38
2008-12-30,21.33,22.05,21.22,21.99,149000,21.61
2008-12-29,21.29,21.38,20.45,20.91,117100,20.55
2008-12-26,21.62,21.62,20.91,21.13,86700,20.77
2008-12-24,20.53,21.06,20.53,20.85,43200,20.49
2008-12-23,21.50,21.60,20.60,20.80,125600,20.44
2008-12-22,21.66,22.40,20.43,21.11,269000,20.75
2008-12-19,22.39,22.92,21.78,21.87,281900,21.50
2008-12-18,23.07,23.22,21.53,22.04,206000,21.57
2008-12-17,22.64,23.67,22.50,22.88,275300,22.40
2008-12-16,23.23,23.38,21.55,23.23,240000,22.74
2008-12-15,22.06,22.06,20.65,21.25,184500,20.80
2008-12-12,20.33,21.95,20.15,21.92,234400,21.46
2008-12-11,22.08,23.00,21.19,21.40,147100,20.95
2008-12-10,22.72,23.29,22.00,22.69,197000,22.21
2008-12-09,22.53,23.56,22.00,22.24,222500,21.77
2008-12-08,22.82,23.64,22.42,22.92,490100,22.43
2008-12-05,19.50,21.70,18.90,21.62,380700,21.16
2008-12-04,20.58,21.62,19.58,20.15,389300,19.72
2008-12-03,19.16,21.50,19.16,21.38,425100,20.93
2008-12-02,19.51,20.32,18.90,20.26,472400,19.83
2008-12-01,21.90,21.90,18.80,18.92,397800,18.52
2008-11-28,22.84,22.84,22.06,22.68,128100,22.20
2008-11-26,19.89,22.36,19.89,22.32,402400,21.85
2008-11-25,20.96,21.65,19.82,21.65,448800,21.19
2008-11-24,19.70,21.30,18.72,20.32,587600,19.89
2008-11-21,18.49,18.50,15.77,18.42,741400,18.03
2008-11-20,18.56,19.49,16.10,16.63,798400,16.28
2008-11-19,21.00,21.89,18.80,19.54,530900,19.13
2008-11-18,21.05,21.76,19.84,21.32,216600,20.87
2008-11-17,22.00,22.50,20.85,21.05,225300,20.60
2008-11-14,22.86,24.25,21.87,22.27,301600,21.80
2008-11-13,21.78,24.00,19.50,23.95,661700,23.44
2008-11-12,23.60,23.60,21.26,21.57,495800,21.11
2008-11-11,24.15,24.60,22.83,23.63,268000,23.13
2008-11-10,26.52,27.00,24.03,24.78,137800,24.25
2008-11-07,24.84,25.35,24.00,25.25,183700,24.71
2008-11-06,26.38,26.59,23.64,23.64,404700,23.14
2008-11-05,29.00,29.41,26.50,26.59,612800,26.03
2008-11-04,28.95,29.75,28.28,29.52,197000,28.89
2008-11-03,27.31,27.98,26.37,27.54,162000,26.96
2008-10-31,26.79,28.35,25.37,27.58,215400,27.00
2008-10-30,27.40,27.50,25.31,26.90,303900,26.33
2008-10-29,25.18,27.51,24.90,25.06,369600,24.53
2008-10-28,23.01,25.90,21.26,25.90,438600,25.35
2008-10-27,21.76,23.90,21.10,21.10,275400,20.65
2008-10-24,22.00,24.00,21.51,22.40,416500,21.93
2008-10-23,24.40,25.56,22.05,24.80,379300,24.27
2008-10-22,26.45,26.45,23.01,24.40,600500,23.88
2008-10-21,27.72,29.25,27.15,27.40,131800,26.82
2008-10-20,28.38,29.38,26.99,29.00,217100,28.39
2008-10-17,25.25,29.49,25.01,26.21,259500,25.65
2008-10-16,25.98,27.01,22.57,26.20,297100,25.64
2008-10-15,29.00,29.18,24.25,24.70,390500,24.18
2008-10-14,34.26,36.47,28.76,31.00,1018400,30.34
2008-10-13,29.94,33.00,27.00,31.00,642900,30.34
2008-10-10,25.27,30.00,21.81,26.00,836600,25.45
2008-10-09,32.58,40.00,25.85,25.85,397600,25.30
2008-10-08,29.54,44.63,29.01,30.71,311000,30.06
2008-10-07,37.15,40.00,31.40,31.40,158800,30.73
2008-10-06,35.86,36.00,30.15,34.50,218500,33.77
2008-10-03,41.33,42.31,37.75,38.00,168500,37.19
2008-10-02,41.37,42.20,38.80,40.00,221500,39.15
2008-10-01,43.11,45.24,41.00,43.90,203200,42.97
2008-09-30,41.34,44.70,41.00,43.45,99600,42.53
2008-09-29,45.01,45.06,38.19,39.16,189400,38.33
2008-09-26,44.43,47.45,44.31,47.45,157700,46.44
2008-09-25,45.40,47.10,45.20,46.17,182700,45.19
2008-09-24,45.48,46.12,44.09,44.86,98500,43.91
2008-09-23,45.49,46.83,44.29,45.02,109100,44.07
2008-09-22,49.22,51.60,45.89,45.90,37200,44.93
2008-09-19,52.99,53.21,47.00,49.00,145100,47.96
2008-09-18,44.80,47.00,40.72,45.90,66300,44.82
2008-09-17,45.35,45.89,42.73,43.98,136300,42.94
2008-09-16,43.20,46.80,43.20,46.36,122000,45.27
2008-09-15,47.13,49.86,45.09,45.09,246900,44.03
2008-09-12,48.61,50.34,48.61,50.34,130800,49.15
2008-09-11,46.86,49.61,46.76,49.61,28600,48.44
2008-09-10,49.14,49.41,47.72,48.33,308500,47.19
2008-09-09,51.83,51.83,47.82,47.82,230900,46.69
2008-09-08,51.90,52.49,49.84,51.23,98300,50.02
2008-09-05,47.81,49.40,47.29,49.38,154300,48.21
2008-09-04,51.36,51.36,48.88,48.91,108500,47.76
2008-09-03,51.90,52.30,51.18,51.97,22700,50.74
2008-09-02,54.40,55.25,51.74,52.07,20200,50.84
2008-08-29,53.39,53.63,52.55,52.56,27600,51.32
2008-08-28,53.13,53.88,52.99,53.88,32500,52.61
2008-08-27,51.73,52.68,51.73,52.41,11400,51.17
2008-08-26,51.00,51.92,50.98,51.64,15900,50.42
2008-08-25,52.05,52.72,51.20,51.35,55200,50.14
2008-08-22,52.71,53.37,52.55,53.37,110100,52.11
2008-08-21,50.47,52.25,50.47,52.12,9600,50.89
2008-08-20,51.48,52.05,50.89,51.81,18300,50.59
2008-08-19,52.14,52.14,51.00,51.11,38900,49.90
2008-08-18,54.19,54.19,52.00,52.23,16700,51.00
2008-08-15,53.99,54.19,53.50,53.88,60200,52.61
2008-08-14,52.97,53.82,51.98,53.39,64900,52.13
2008-08-13,52.60,53.35,51.93,52.90,63800,51.65
2008-08-12,53.75,54.08,53.01,53.20,21900,51.94
2008-08-11,54.00,55.09,53.25,54.34,38500,53.06
2008-08-08,50.85,53.99,50.85,53.99,47500,52.72
2008-08-07,52.05,52.57,51.13,51.20,59800,49.99
2008-08-06,51.74,53.30,51.74,53.11,49100,51.86
2008-08-05,50.07,53.10,50.07,52.75,79900,51.50
2008-08-04,51.36,51.36,49.82,50.13,92100,48.95
2008-08-01,52.33,52.33,50.43,50.93,47400,49.73
2008-07-31,52.50,52.83,51.40,51.41,72700,50.20
2008-07-30,52.43,52.72,51.27,52.68,60700,51.44
2008-07-29,49.25,50.89,49.23,50.89,20400,49.69
2008-07-28,51.22,51.22,48.72,48.96,42800,47.80
2008-07-25,51.41,51.41,50.25,50.63,36000,49.43
2008-07-24,51.95,52.75,50.30,50.48,38000,49.29
2008-07-23,53.11,54.47,52.00,52.54,192700,51.30
2008-07-22,50.50,52.19,50.00,51.90,38700,50.67
2008-07-21,51.32,51.56,50.55,50.92,22300,49.72
2008-07-18,50.72,51.00,50.21,51.00,63400,49.80
2008-07-17,51.39,51.45,49.34,50.65,58000,49.45
2008-07-16,47.20,49.68,47.08,49.68,62100,48.51
2008-07-15,47.55,48.87,46.31,47.04,107600,45.93
2008-07-14,49.90,53.95,48.47,48.47,11300,47.33
2008-07-11,49.20,50.54,48.30,49.00,34300,47.84
2008-07-10,50.00,51.33,49.10,50.43,24500,49.24
2008-07-09,52.50,52.50,49.99,50.08,42100,48.90
2008-07-08,51.64,52.16,49.50,52.11,37400,50.88
2008-07-07,51.97,52.15,49.50,50.52,41800,49.33
2008-07-03,52.54,52.54,50.32,51.07,14600,49.86
2008-07-02,53.81,53.81,51.11,51.29,93000,50.08
2008-07-01,52.49,53.22,51.03,53.22,30300,51.96
2008-06-30,52.70,53.46,52.14,52.66,40100,51.42
2008-06-27,53.96,53.96,52.15,53.01,61900,51.76
2008-06-26,54.38,55.02,52.81,52.81,94900,51.56
2008-06-25,56.51,57.04,56.14,56.15,10200,54.82
2008-06-24,56.50,56.51,54.68,55.13,24300,53.83
2008-06-23,57.60,57.60,55.62,55.70,8900,54.39
2008-06-20,56.60,57.12,55.79,55.98,66400,54.66
2008-06-19,57.99,58.52,57.28,57.84,6800,56.29
2008-06-18,58.43,58.43,57.45,57.86,46600,56.31
2008-06-17,61.31,61.31,59.00,59.00,5500,57.42
2008-06-16,59.15,60.06,59.12,59.59,8200,57.99
2008-06-13,58.81,59.65,58.24,59.65,73400,58.05
2008-06-12,58.75,58.97,57.40,57.40,10200,55.86
2008-06-11,59.50,59.50,57.65,57.66,18800,56.11
2008-06-10,59.37,59.66,59.30,59.66,1700,58.06
2008-06-09,60.04,60.52,58.89,59.19,11000,57.60
2008-06-06,62.05,62.13,59.86,59.88,67000,58.27
2008-06-05,62.00,63.40,61.80,63.40,5500,61.70
2008-06-04,60.63,62.09,60.63,61.44,43100,59.79
2008-06-03,62.94,62.94,60.93,61.30,41600,59.66
2008-06-02,62.32,62.59,61.50,61.50,12900,59.85
2008-05-30,63.14,63.55,63.14,63.48,3700,61.78
2008-05-29,63.26,63.68,63.20,63.68,34800,61.97
2008-05-28,62.55,62.55,61.50,62.30,2200,60.63
2008-05-27,60.51,62.14,60.51,62.14,12900,60.47
2008-05-23,62.16,62.27,61.04,61.21,6700,59.57
2008-05-22,62.60,63.04,62.60,62.93,6500,61.24
2008-05-21,64.84,64.84,62.43,62.43,64200,60.76
2008-05-20,65.09,65.15,64.23,64.63,8800,62.90
2008-05-19,66.37,66.89,65.35,65.63,8300,63.87
2008-05-16,65.94,65.94,64.90,65.65,5800,63.89
2008-05-15,64.05,65.37,64.05,65.26,6700,63.51
2008-05-14,64.25,65.20,64.25,64.53,4700,62.80
2008-05-13,63.85,63.85,63.19,63.55,11400,61.84
2008-05-12,62.36,63.57,62.22,63.57,4000,61.86
2008-05-09,61.75,62.57,61.75,62.12,6400,60.45
2008-05-08,62.81,63.42,62.67,62.96,11800,61.27
2008-05-07,64.78,64.85,62.62,63.00,5000,61.31
2008-05-06,63.15,65.02,63.15,65.00,3600,63.26
2008-05-05,64.13,64.45,63.72,63.95,16400,62.23
2008-05-02,65.52,65.52,63.98,64.34,17700,62.61
2008-05-01,62.00,64.13,62.00,64.08,8400,62.36
2008-04-30,62.84,63.59,61.96,61.96,27300,60.30
2008-04-29,62.71,63.01,62.09,62.61,13800,60.93
2008-04-28,63.20,63.55,63.00,63.18,6300,61.48
2008-04-25,62.70,63.04,61.60,63.03,18800,61.34
2008-04-24,61.93,63.10,61.02,62.18,10700,60.51
2008-04-23,61.21,61.99,61.20,61.64,2300,59.99
2008-04-22,61.47,61.47,60.81,61.33,17600,59.68
2008-04-21,62.21,62.45,61.65,62.19,11000,60.52
2008-04-18,62.63,62.92,62.00,62.38,21500,60.71
2008-04-17,59.72,60.80,59.72,60.80,2300,59.17
2008-04-16,58.90,60.33,58.90,60.31,14000,58.69
2008-04-15,57.95,57.95,55.99,57.67,68800,56.12
2008-04-14,57.56,57.74,57.02,57.22,18400,55.68
2008-04-11,59.31,59.31,57.45,57.60,101300,56.05
2008-04-10,59.47,60.54,59.16,59.83,17300,58.22
2008-04-09,60.07,60.15,59.17,59.38,5700,57.79
2008-04-08,60.20,60.64,60.00,60.50,11300,58.88
2008-04-07,61.91,62.14,60.83,61.02,18700,59.38
2008-04-04,60.45,61.75,60.14,60.92,5100,59.29
2008-04-03,59.95,61.22,59.90,60.54,27500,58.92
2008-04-02,60.59,61.51,60.02,60.44,39900,58.82
2008-04-01,58.11,60.65,58.11,60.65,41900,59.02
2008-03-31,55.90,57.20,55.87,56.99,28400,55.46
2008-03-28,57.47,57.82,55.96,56.14,31600,54.63
2008-03-27,58.30,58.60,57.00,57.00,55000,55.47
2008-03-26,58.37,58.73,57.95,58.44,90600,56.87
2008-03-25,60.40,60.40,58.10,59.49,116200,57.89
2008-03-24,57.21,60.23,57.15,58.98,111800,57.40
2008-03-20,54.80,57.44,52.61,57.43,108400,55.89
2008-03-19,59.04,59.05,55.00,55.00,38700,53.38
2008-03-18,55.66,57.20,54.69,57.20,73600,55.52
2008-03-17,53.00,56.42,51.80,53.41,41700,51.84
2008-03-14,56.90,56.90,53.10,54.00,28700,52.41
2008-03-13,54.88,57.08,53.75,56.71,88600,55.04
2008-03-12,57.04,57.71,55.61,55.61,41400,53.98
2008-03-11,56.35,56.51,54.00,56.51,58900,54.85
2008-03-10,54.32,54.50,52.70,52.97,37800,51.41
2008-03-07,54.95,56.13,53.70,54.48,43300,52.88
2008-03-06,57.12,57.24,55.34,55.34,45900,53.71
2008-03-05,57.83,58.61,57.09,57.65,16800,55.96
2008-03-04,57.10,57.58,55.71,57.33,29100,55.65
2008-03-03,57.00,57.85,56.85,57.70,4800,56.00
2008-02-29,59.96,59.96,57.36,57.67,13200,55.98
2008-02-28,60.78,61.46,60.63,61.06,1400,59.27
2008-02-27,61.65,62.69,61.60,62.10,3200,60.28
2008-02-26,60.80,62.51,60.80,62.11,30900,60.29
2008-02-25,59.84,61.50,59.11,61.50,35800,59.69
2008-02-22,59.05,59.17,57.46,58.80,15600,57.07
2008-02-21,60.71,60.74,58.64,58.64,1700,56.92
2008-02-20,57.58,60.46,57.58,60.02,6600,58.26
2008-02-19,60.99,60.99,59.00,59.00,3100,57.27
2008-02-15,59.02,59.28,58.40,59.28,23200,57.54
2008-02-14,60.75,60.85,59.09,59.30,8900,57.56
2008-02-13,60.32,61.16,59.68,60.85,7700,59.06
2008-02-12,59.87,60.21,58.87,59.79,21600,58.03
2008-02-11,57.35,58.82,57.00,58.77,9100,57.04
2008-02-08,57.70,58.50,57.24,57.80,13900,56.10
2008-02-07,56.69,58.30,56.40,58.29,7800,56.58
2008-02-06,59.00,59.20,57.12,57.13,17000,55.45
2008-02-05,60.29,60.38,58.39,58.39,20800,56.67
2008-02-04,63.00,63.00,61.96,61.96,21300,60.14
2008-02-01,62.74,63.55,62.34,63.47,28200,61.61
2008-01-31,58.20,62.41,57.85,61.59,20500,59.78
2008-01-30,59.50,62.51,59.33,59.94,64400,58.18
2008-01-29,60.70,60.70,59.92,60.52,32600,58.74
2008-01-28,57.65,59.07,57.04,58.96,9600,57.23
2008-01-25,61.59,61.59,57.59,58.48,12000,56.76
2008-01-24,59.60,60.00,58.14,59.85,24000,58.09
2008-01-23,54.38,59.00,52.73,58.90,33400,57.17
2008-01-22,63.68,63.68,54.00,56.00,38500,54.35
2008-01-18,59.20,59.45,56.50,57.88,26700,56.18
2008-01-17,61.18,61.18,58.10,58.35,7100,56.64
2008-01-16,62.60,63.21,61.18,62.09,3900,60.27
2008-01-15,63.00,63.50,62.72,62.72,7500,60.88
2008-01-14,65.10,65.76,64.78,65.76,1600,63.83
2008-01-11,64.71,65.38,64.14,64.60,4000,62.70
2008-01-10,64.10,66.77,64.10,66.38,5400,64.43
2008-01-09,64.00,65.02,63.00,65.02,2400,63.11
2008-01-08,67.00,67.08,63.26,63.26,3100,61.40
2008-01-07,66.05,66.05,64.63,65.86,7400,63.93
2008-01-04,66.86,66.86,65.70,66.23,4900,64.28
2008-01-03,69.58,69.58,68.84,68.84,600,66.82
2008-01-02,70.10,70.10,68.50,68.79,5000,66.77
2007-12-31,71.38,71.81,70.75,70.75,3200,68.67
2007-12-28,72.68,72.68,71.75,71.97,900,69.86
2007-12-27,72.58,72.58,72.39,72.44,500,70.31
2007-12-26,73.00,73.26,73.00,73.25,3300,71.10
2007-12-24,73.68,73.81,73.67,73.67,14400,71.27
2007-12-21,72.18,72.28,72.18,72.20,1800,69.85
2007-12-20,69.65,70.39,69.65,70.32,1200,68.03
2007-12-19,69.78,70.15,69.38,69.96,800,67.68
2007-12-18,70.00,70.00,69.00,69.61,3900,67.35
2007-12-17,70.64,70.74,69.52,69.63,4900,67.37
2007-12-14,72.42,72.42,71.44,71.44,600,69.12
2007-12-13,71.50,72.38,71.50,72.05,39100,69.71
2007-12-12,74.61,74.61,72.27,72.27,4100,69.92
2007-12-11,76.35,76.86,72.11,72.25,26100,69.90
2007-12-10,75.40,76.10,75.28,75.90,8200,73.43
2007-12-07,75.32,75.41,74.96,75.41,1900,72.96
2007-12-06,73.39,75.24,73.22,75.12,6900,72.68
2007-12-05,72.45,72.50,72.28,72.50,3200,70.14
2007-12-04,71.22,71.43,71.11,71.43,1300,69.11
2007-12-03,72.15,72.44,72.10,72.10,8800,69.75
2007-11-30,73.40,73.40,72.51,72.51,18700,70.15
2007-11-29,71.30,71.50,71.15,71.15,38800,68.84
2007-11-28,68.98,71.55,68.98,71.55,1400,69.22
2007-11-27,66.35,68.05,66.35,68.05,3000,65.84
2007-11-26,69.15,69.30,66.82,66.82,1400,64.65
2007-11-23,67.85,68.54,67.85,68.54,700,66.31
2007-11-21,67.23,68.28,67.23,67.24,600,65.05
2007-11-20,69.45,69.68,68.85,69.09,1600,66.84
2007-11-19,69.70,69.70,68.20,68.39,1300,66.17
2007-11-16,69.77,70.70,69.77,70.70,1400,68.40
2007-11-15,71.46,71.46,71.01,71.01,200,68.70
2007-11-14,73.62,73.62,72.95,72.95,500,70.58
2007-11-13,70.25,72.64,70.25,72.64,1100,70.28
2007-11-12,70.86,70.86,70.86,70.86,200,68.56
2007-11-09,70.46,71.75,70.46,71.10,2100,68.79
2007-11-08,71.85,71.85,70.32,70.32,300,68.03
2007-11-07,75.40,75.40,73.90,73.90,2700,71.50