2011-05-10,40.85,40.95,40.73,40.81,702200,40.81
2011-05-09,40.54,40.81,40.36,40.71,271000,40.71
2011-05-06,40.84,41.05,40.29,40.54,307300,40.54
2011-05-05,40.43,40.57,40.00,40.19,637100,40.19
2011-05-04,41.30,41.30,40.57,40.67,393200,40.67
2011-05-03,41.33,41.43,40.90,41.13,300000,41.13
2011-05-02,41.70,41.73,41.47,41.52,793800,41.52
2011-04-29,41.23,41.55,41.23,41.46,763000,41.46
2011-04-28,41.07,41.27,41.05,41.26,724600,41.26
2011-04-27,40.78,41.13,40.49,41.10,1037900,41.10
2011-04-26,40.52,40.74,40.40,40.66,592300,40.66
2011-04-25,40.36,40.41,40.11,40.34,263100,40.34
2011-04-21,40.28,40.36,40.13,40.34,540200,40.34
2011-04-20,39.83,39.93,39.76,39.91,232500,39.91
2011-04-19,39.13,39.29,39.04,39.25,188600,39.25
2011-04-18,38.94,39.02,38.55,38.95,302700,38.95
2011-04-15,39.49,39.65,39.37,39.53,193300,39.53
2011-04-14,39.13,39.46,39.00,39.41,364200,39.41
2011-04-13,39.37,39.42,39.03,39.09,203000,39.09
2011-04-12,39.13,39.22,38.91,38.97,595400,38.97
2011-04-11,39.54,39.62,39.21,39.28,738100,39.28
2011-04-08,39.65,39.68,39.35,39.57,583100,39.57
2011-04-07,39.41,39.49,39.02,39.15,268600,39.15
2011-04-06,39.60,39.71,39.52,39.69,172600,39.69
2011-04-05,39.27,39.48,39.20,39.40,451000,39.40
2011-04-04,39.43,39.43,39.20,39.38,297300,39.38
2011-04-01,39.21,39.43,39.01,39.39,605200,39.39
2011-03-31,39.01,39.10,38.88,39.03,1139400,39.03
2011-03-30,38.89,39.19,38.80,39.06,170300,39.06
2011-03-29,38.46,38.76,38.31,38.63,357300,38.63
2011-03-28,38.76,38.84,38.48,38.59,333200,38.59
2011-03-25,38.96,39.03,38.76,38.76,186300,38.76
2011-03-24,38.95,39.24,38.84,39.19,316300,39.19
2011-03-23,38.44,38.88,38.34,38.78,174600,38.78
2011-03-22,38.54,38.59,38.32,38.44,214800,38.44
2011-03-21,38.45,38.73,38.32,38.72,200600,38.72
2011-03-18,37.67,37.95,37.60,37.82,404600,37.82
2011-03-17,37.15,37.34,36.97,37.13,441700,36.94
2011-03-16,36.92,37.06,35.74,36.20,1026500,36.02
2011-03-15,36.26,37.35,36.00,37.13,1356500,36.94
2011-03-14,37.93,38.22,37.80,38.18,566900,37.99
2011-03-11,38.58,38.99,38.56,38.91,210700,38.71
2011-03-10,39.20,39.23,38.80,38.87,230900,38.67
2011-03-09,39.68,39.87,39.61,39.77,621200,39.57
2011-03-08,39.47,39.85,39.39,39.64,625200,39.44
2011-03-07,40.05,40.11,39.46,39.55,274600,39.35
2011-03-04,39.98,40.02,39.58,39.86,328800,39.66
2011-03-03,39.68,39.92,39.52,39.84,289800,39.64
2011-03-02,39.43,39.62,39.39,39.50,302200,39.30
2011-03-01,39.98,40.01,39.19,39.30,502900,39.10
2011-02-28,39.88,40.01,39.71,39.94,680300,39.74
2011-02-25,39.09,39.42,39.07,39.41,661300,39.21
2011-02-24,38.84,38.86,38.41,38.72,319100,38.52
2011-02-23,38.74,38.86,38.34,38.71,293500,38.52
2011-02-22,38.89,39.01,38.40,38.50,578600,38.31
2011-02-18,39.44,39.55,39.36,39.45,382500,39.25
2011-02-17,39.12,39.38,39.01,39.34,244000,39.14
2011-02-16,38.66,39.02,38.66,39.01,332400,38.81
2011-02-15,38.63,38.68,38.45,38.53,429700,38.34
2011-02-14,38.50,38.77,38.50,38.75,231700,38.55
2011-02-11,38.37,38.73,38.31,38.67,317800,38.48
2011-02-10,38.50,38.69,38.35,38.66,189400,38.47
2011-02-09,39.00,39.05,38.77,38.95,272600,38.75
2011-02-08,39.25,39.35,39.10,39.32,264900,39.12
2011-02-07,39.23,39.35,39.16,39.29,396100,39.09
2011-02-04,39.34,39.35,39.04,39.18,523300,38.98
2011-02-03,39.40,39.42,39.02,39.42,240300,39.22
2011-02-02,39.27,39.42,39.20,39.36,986100,39.16
2011-02-01,39.17,39.57,39.08,39.48,372100,39.28
2011-01-31,38.78,38.85,38.62,38.78,346000,38.58
2011-01-28,39.13,39.15,38.40,38.46,251100,38.27
2011-01-27,39.17,39.20,38.94,39.13,217800,38.93
2011-01-26,39.22,39.28,39.05,39.23,375100,39.03
2011-01-25,38.81,39.10,38.65,39.10,851300,38.90
2011-01-24,38.68,38.97,38.61,38.89,197000,38.69
2011-01-21,38.85,38.85,38.51,38.62,196000,38.43
2011-01-20,38.74,38.76,38.30,38.63,158300,38.44
2011-01-19,39.39,39.39,38.92,39.03,248300,38.83
2011-01-18,39.23,39.30,39.08,39.24,141300,39.04
2011-01-14,38.93,39.26,38.76,39.24,200700,39.04
2011-01-13,39.10,39.26,38.99,38.99,233900,38.79
2011-01-12,38.75,38.96,38.56,38.93,249200,38.73
2011-01-11,38.33,38.39,38.18,38.35,193200,38.16
2011-01-10,38.07,38.20,37.77,38.19,196700,38.00
2011-01-07,38.54,38.54,38.05,38.31,576500,38.12
2011-01-06,38.94,38.98,38.39,38.43,241600,38.24
2011-01-05,38.93,39.10,38.79,38.99,405300,38.79
2011-01-04,39.38,39.38,38.80,39.08,343000,38.88
2011-01-03,39.06,39.43,39.06,39.28,431100,39.08
2010-12-31,38.74,39.03,38.65,38.93,218900,38.73
2010-12-30,38.72,38.72,38.52,38.67,188700,38.48
2010-12-29,38.63,38.73,38.49,38.64,165500,38.45
2010-12-28,38.40,38.52,38.15,38.27,240200,38.08
2010-12-27,38.09,38.31,37.98,38.29,1217300,38.10
2010-12-23,38.07,38.10,37.95,38.05,202000,37.86
2010-12-22,37.94,38.01,37.86,38.00,241300,37.81
2010-12-21,37.61,37.73,37.57,37.73,261100,37.54
2010-12-20,37.40,37.49,37.20,37.39,350200,37.20
2010-12-17,37.34,37.34,37.00,37.20,127700,37.01
2010-12-16,40.21,40.23,39.95,40.18,108800,37.38
2010-12-15,40.45,40.51,40.04,40.18,146400,37.38
2010-12-14,40.62,40.75,40.46,40.59,208000,37.76
2010-12-13,40.36,40.58,40.19,40.41,150100,37.59
2010-12-10,39.94,40.06,39.80,40.03,191100,37.24
2010-12-09,40.03,40.03,39.71,39.89,138500,37.11
2010-12-08,39.92,39.99,39.66,39.95,166700,37.16
2010-12-07,40.35,40.35,39.84,39.85,312300,37.07
2010-12-06,39.73,39.95,39.60,39.84,151800,37.06
2010-12-03,39.64,40.10,39.61,40.00,188100,37.21
2010-12-02,38.97,39.83,38.97,39.77,324200,36.99
2010-12-01,38.51,38.97,38.51,38.93,260200,36.21
2010-11-30,37.82,38.08,37.66,37.91,245400,35.26
2010-11-29,38.06,38.45,37.86,38.38,267300,35.70
2010-11-26,38.48,38.50,38.25,38.28,108800,35.61
2010-11-24,38.81,38.87,38.60,38.78,169200,36.07
2010-11-23,38.55,38.56,38.11,38.32,180300,35.65
2010-11-22,39.04,39.31,38.71,39.25,203700,36.51
2010-11-19,39.33,39.45,38.95,39.40,177900,36.65
2010-11-18,39.44,39.72,39.44,39.61,180400,36.85
2010-11-17,39.11,39.27,38.84,38.99,575500,36.27
2010-11-16,39.51,39.55,38.70,38.92,244200,36.20
2010-11-15,40.03,40.07,39.69,39.71,128700,36.94
2010-11-12,40.10,40.29,39.53,39.71,221600,36.94
2010-11-11,40.32,40.33,40.03,40.25,246000,37.44
2010-11-10,40.87,40.87,40.23,40.79,228000,37.94
2010-11-09,41.59,41.59,40.59,40.72,202500,37.88
2010-11-08,41.47,41.50,41.18,41.40,156500,38.51
2010-11-05,41.81,41.86,41.58,41.80,133900,38.88
2010-11-04,41.68,41.99,41.68,41.93,283600,39.00
2010-11-03,41.07,41.20,40.62,41.18,563900,38.31
2010-11-02,41.18,41.18,40.95,41.09,131200,38.22
2010-11-01,40.75,40.81,40.29,40.55,139600,37.72
2010-10-29,40.28,40.40,40.17,40.39,165900,37.57
2010-10-28,40.55,40.55,40.18,40.42,175300,37.60
2010-10-27,40.33,40.33,39.82,40.24,131500,37.43
2010-10-26,40.31,40.48,40.22,40.46,170600,37.64
2010-10-25,40.72,40.72,40.37,40.46,161200,37.64
2010-10-22,40.20,40.44,40.20,40.35,99100,37.53
2010-10-21,40.49,40.65,39.92,40.15,107600,37.35
2010-10-20,39.99,40.60,39.90,40.50,155800,37.67
2010-10-19,40.05,40.09,39.47,39.65,266600,36.88
2010-10-18,40.52,40.94,40.34,40.94,539200,38.08
2010-10-15,41.05,41.05,40.53,40.62,189300,37.79
2010-10-14,40.83,40.92,40.60,40.86,143200,38.01
2010-10-13,40.55,40.81,40.35,40.58,262900,37.75
2010-10-12,40.02,40.32,39.72,40.23,186100,37.42
2010-10-11,40.26,40.26,40.01,40.10,166600,37.30
2010-10-08,39.99,40.21,39.73,40.17,223600,37.37
2010-10-07,40.18,40.32,39.70,39.91,198800,37.12
2010-10-06,39.87,39.99,39.73,39.88,762400,37.10
2010-10-05,39.18,39.73,39.18,39.58,289000,36.82
2010-10-04,39.02,39.06,38.60,38.74,674200,36.04
2010-10-01,39.10,39.12,38.79,39.11,341300,36.38
2010-09-30,38.67,38.87,38.24,38.49,369000,35.80
2010-09-29,38.54,38.60,38.30,38.48,146400,35.79
2010-09-28,38.15,38.59,37.83,38.46,138200,35.78
2010-09-27,38.19,38.28,37.98,38.06,144200,35.40
2010-09-24,37.98,38.31,37.89,38.30,110400,35.63
2010-09-23,37.37,37.63,37.17,37.32,273000,34.72
2010-09-22,37.76,38.00,37.55,37.73,114700,35.10
2010-09-21,37.70,37.99,37.36,37.73,103600,35.10
2010-09-20,37.24,37.73,37.16,37.64,107800,35.01
2010-09-17,37.20,37.20,36.85,37.00,261300,34.42
2010-09-16,37.37,37.58,37.22,37.54,197000,34.62
2010-09-15,37.48,37.75,37.33,37.68,120700,34.75
2010-09-14,37.23,37.85,37.22,37.64,167600,34.71
2010-09-13,37.50,37.66,37.44,37.62,308800,34.69
2010-09-10,37.01,37.10,36.89,37.07,101600,34.19
2010-09-09,37.14,37.22,36.84,37.01,105900,34.13
2010-09-08,36.74,37.00,36.50,36.70,196000,33.84
2010-09-07,36.84,36.85,36.45,36.51,285700,33.67
2010-09-03,36.80,37.02,36.71,37.00,165600,34.12
2010-09-02,36.50,36.61,36.29,36.61,97800,33.76
2010-09-01,36.12,36.52,36.06,36.40,251700,33.57
2010-08-31,35.25,35.50,35.02,35.43,157600,32.67
2010-08-30,35.40,35.41,35.09,35.14,90900,32.41
2010-08-27,35.12,35.57,34.84,35.44,181200,32.68
2010-08-26,35.05,35.10,34.67,34.77,86600,32.07
2010-08-25,34.48,34.97,34.41,34.87,68300,32.16
2010-08-24,34.71,34.76,34.39,34.60,111600,31.91
2010-08-23,35.00,35.24,34.87,34.91,130100,32.19
2010-08-20,34.75,34.97,34.65,34.86,85600,32.15
2010-08-19,35.55,35.55,34.91,35.12,120700,32.39
2010-08-18,35.55,35.67,35.30,35.53,58900,32.77
2010-08-17,35.23,35.58,35.14,35.37,129100,32.62
2010-08-16,34.66,34.90,34.50,34.70,150600,32.00
2010-08-13,34.50,34.75,34.50,34.60,55300,31.91
2010-08-12,34.39,34.60,34.21,34.57,101900,31.88
2010-08-11,34.97,35.02,34.53,34.61,103200,31.92
2010-08-10,35.66,35.91,35.31,35.82,177300,33.03
2010-08-09,36.01,36.25,35.99,36.21,354900,33.39
2010-08-06,35.90,36.11,35.68,35.99,129600,33.19
2010-08-05,36.00,36.06,35.79,36.01,144800,33.21
2010-08-04,36.09,36.13,35.84,36.02,445800,33.22
2010-08-03,35.94,36.07,35.69,35.90,392600,33.11
2010-08-02,35.74,36.28,35.74,36.21,445400,33.39
2010-07-30,34.72,35.29,34.70,35.15,322400,32.42
2010-07-29,35.35,35.42,34.79,35.11,76100,32.38
2010-07-28,35.12,35.18,34.86,34.95,122800,32.23
2010-07-27,35.58,35.58,35.06,35.28,115500,32.54
2010-07-26,34.73,35.23,34.73,35.21,254600,32.47
2010-07-23,34.50,34.93,34.39,34.89,127400,32.18
2010-07-22,34.15,34.60,34.11,34.42,79900,31.74
2010-07-21,34.29,34.29,33.29,33.48,177600,30.88
2010-07-20,33.23,33.96,33.22,33.93,78600,31.29
2010-07-19,33.34,33.51,33.06,33.46,165000,30.86
2010-07-16,33.57,33.57,32.85,32.99,72400,30.42
2010-07-15,33.79,33.85,33.26,33.74,67100,31.12
2010-07-14,33.56,33.72,33.37,33.67,68300,31.05
2010-07-13,33.49,33.72,33.24,33.56,91300,30.95
2010-07-12,33.04,33.17,32.88,33.12,207900,30.54
2010-07-09,33.03,33.15,32.90,33.09,98800,30.52
2010-07-08,33.14,33.22,32.74,33.08,102800,30.51
2010-07-07,32.19,33.08,32.18,33.07,117800,30.50
2010-07-06,32.14,32.39,31.73,31.91,184400,29.43
2010-07-02,31.73,31.79,31.40,31.54,237700,29.09
2010-07-01,31.45,31.64,31.08,31.59,151500,29.13
2010-06-30,31.55,31.63,31.13,31.17,115200,28.75
2010-06-29,31.84,31.95,31.36,31.43,248300,28.98
2010-06-28,32.55,32.58,32.28,32.34,93400,29.82
2010-06-25,32.41,32.72,32.15,32.60,61900,30.06
2010-06-24,32.73,32.73,32.16,32.22,94900,29.71
2010-06-23,32.83,32.96,32.36,32.68,75400,30.14
2010-06-22,33.03,33.20,32.50,32.52,108900,29.99
2010-06-21,33.17,33.29,32.54,32.77,113300,30.22
2010-06-18,32.80,32.81,32.53,32.70,143500,30.16
2010-06-17,33.27,33.27,32.85,33.21,113600,30.36
2010-06-16,32.98,33.27,32.93,33.20,99700,30.35
2010-06-15,32.83,33.37,32.71,33.34,98100,30.48
2010-06-14,32.77,32.80,32.31,32.37,87200,29.59
2010-06-11,31.89,32.32,31.84,32.31,60900,29.54
2010-06-10,31.91,32.29,31.88,32.25,93200,29.48
2010-06-09,31.35,31.60,30.90,31.07,109500,28.40
2010-06-08,30.74,30.99,30.45,30.95,156900,28.29
2010-06-07,30.98,31.18,30.54,30.59,134800,27.96
2010-06-04,31.62,31.62,30.77,30.85,120400,28.20
2010-06-03,32.43,32.44,31.87,32.16,88300,29.40
2010-06-02,31.61,32.25,31.46,32.25,130300,29.48
2010-06-01,31.32,31.87,31.09,31.10,439000,28.43
2010-05-28,31.99,32.05,31.41,31.43,209600,28.73
2010-05-27,31.28,31.94,31.17,31.94,180800,29.20
2010-05-26,30.70,30.86,30.23,30.38,94200,27.77
2010-05-25,29.94,30.69,29.70,30.66,438400,28.03
2010-05-24,31.16,31.50,30.91,30.92,96200,28.27
2010-05-21,30.43,31.47,30.43,31.46,280100,28.76
2010-05-20,31.09,31.30,30.60,30.83,158900,28.18
2010-05-19,32.08,32.15,31.50,32.02,281400,29.27
2010-05-18,33.03,33.10,32.00,32.09,132400,29.34
2010-05-17,33.00,33.00,32.21,32.80,146900,29.99
2010-05-14,33.29,33.29,32.51,32.81,166300,29.99
2010-05-13,33.82,33.88,33.38,33.38,138900,30.52
2010-05-12,33.87,33.87,33.48,33.73,140000,30.84
2010-05-11,33.40,33.85,33.07,33.37,348900,30.51
2010-05-10,33.52,34.05,33.21,33.85,279900,30.95
2010-05-07,32.88,32.88,30.60,32.21,443700,29.45
2010-05-06,33.76,33.76,27.84,32.04,430200,29.29
2010-05-05,33.97,34.24,33.63,33.91,241200,31.00
2010-05-04,35.05,35.07,34.37,34.44,183200,31.48
2010-05-03,35.79,35.96,35.49,35.90,258100,32.82
2010-04-30,35.76,35.93,35.35,35.36,150300,32.33
2010-04-29,35.44,35.72,35.26,35.57,163600,32.52
2010-04-28,35.30,35.30,34.63,35.01,176000,32.01
2010-04-27,35.57,35.75,34.79,34.79,173000,31.80
2010-04-26,36.14,36.17,35.95,35.98,96700,32.89
2010-04-23,35.64,36.03,35.50,36.02,97000,32.93
2010-04-22,35.48,35.79,35.26,35.77,105300,32.70
2010-04-21,35.94,35.94,35.60,35.85,127200,32.77
2010-04-20,35.86,35.86,35.70,35.80,142400,32.73
2010-04-19,35.44,35.55,35.16,35.51,108600,32.46
2010-04-16,36.31,36.32,35.63,35.69,209400,32.63
2010-04-15,36.43,36.55,36.35,36.48,129500,33.35
2010-04-14,36.34,36.55,36.25,36.46,206800,33.33
2010-04-13,36.09,36.11,35.79,36.00,183800,32.91
2010-04-12,36.01,36.05,35.92,35.98,87600,32.89
2010-04-09,35.78,36.00,35.61,36.00,137100,32.91
2010-04-08,35.39,35.64,35.21,35.62,99300,32.56
2010-04-07,35.75,35.75,35.36,35.36,123200,32.33
2010-04-06,35.76,35.95,35.50,35.93,133100,32.85
2010-04-05,35.79,35.97,35.71,35.95,218100,32.86
2010-04-01,35.52,35.76,35.50,35.76,392400,32.69
2010-03-31,35.33,35.38,35.08,35.08,218600,32.07
2010-03-30,35.66,35.67,35.34,35.42,82100,32.38
2010-03-29,35.11,35.52,35.11,35.52,178700,32.47
2010-03-26,34.67,34.94,34.63,34.78,117600,31.80
2010-03-25,34.79,34.83,34.35,34.38,96000,31.43
2010-03-24,34.48,34.50,34.25,34.41,220500,31.46
2010-03-23,34.86,34.95,34.65,34.94,177300,31.94
2010-03-22,34.55,35.06,34.54,35.03,118300,32.02
2010-03-19,35.37,35.37,34.80,34.80,144100,31.81
2010-03-18,35.63,35.64,35.41,35.53,295100,32.48
2010-03-17,35.67,35.76,35.56,35.61,262200,32.55
2010-03-16,35.25,35.65,35.07,35.65,358900,32.59
2010-03-15,34.88,35.07,34.76,35.06,121100,32.05
2010-03-12,35.28,35.28,34.96,35.00,184000,32.00
2010-03-11,34.76,35.05,34.69,34.98,120200,31.98
2010-03-10,34.98,35.09,34.69,34.74,474300,31.76
2010-03-09,34.93,35.30,34.93,35.06,346700,32.05
2010-03-08,35.30,35.39,35.10,35.10,129300,32.09
2010-03-05,34.88,35.29,34.81,35.27,163100,32.24
2010-03-04,34.70,34.78,34.45,34.56,160100,31.59
2010-03-03,34.70,34.88,34.56,34.60,222500,31.63
2010-03-02,34.45,34.72,34.44,34.71,117700,31.73
2010-03-01,34.06,34.29,34.00,34.19,208100,31.26
2010-02-26,33.62,33.99,33.49,33.90,166100,30.99
2010-02-25,33.27,33.67,33.03,33.62,155500,30.73
2010-02-24,33.59,33.89,33.57,33.77,128200,30.87
2010-02-23,33.73,33.90,33.31,33.45,125300,30.58
2010-02-22,33.79,33.84,33.54,33.74,138900,30.84
2010-02-19,33.47,33.76,33.33,33.65,99800,30.76
2010-02-18,33.53,33.98,33.53,33.98,152300,31.06
2010-02-17,33.89,33.89,33.65,33.79,135900,30.89
2010-02-16,33.47,33.87,33.28,33.72,123100,30.83
2010-02-12,33.05,33.36,32.78,33.27,146700,30.41
2010-02-11,33.06,33.60,32.92,33.48,161600,30.61
2010-02-10,33.32,33.45,32.98,33.24,101400,30.39
2010-02-09,33.23,33.52,32.78,33.28,137100,30.42
2010-02-08,32.89,33.13,32.53,32.53,191600,29.74
2010-02-05,33.08,33.34,32.52,33.32,596500,30.46
2010-02-04,33.79,34.02,33.25,33.28,478400,30.42
2010-02-03,34.20,34.40,34.10,34.19,542600,31.26
2010-02-02,34.25,34.73,33.96,34.71,365200,31.73
2010-02-01,33.65,33.93,33.53,33.92,609000,31.01
2010-01-29,33.90,34.05,33.36,33.38,406200,30.52
2010-01-28,34.08,34.29,33.51,33.61,175100,30.73
2010-01-27,33.79,33.85,33.46,33.80,323100,30.90
2010-01-26,34.00,34.30,33.78,33.92,203200,31.01
2010-01-25,34.19,34.40,34.09,34.39,207700,31.44
2010-01-22,34.36,34.53,33.70,33.71,411100,30.82
2010-01-21,35.00,35.06,34.28,34.36,190200,31.41
2010-01-20,35.33,35.55,34.91,35.03,203400,32.02
2010-01-19,35.46,35.97,35.46,35.95,131900,32.86
2010-01-15,35.70,35.81,35.29,35.40,193300,32.36
2010-01-14,35.68,35.85,35.59,35.82,150600,32.75
2010-01-13,35.70,35.90,35.44,35.83,214100,32.76
2010-01-12,35.65,35.78,35.35,35.54,259800,32.49
2010-01-11,35.99,36.01,35.78,35.92,298900,32.84
2010-01-08,35.62,35.78,35.47,35.77,188600,32.70
2010-01-07,35.64,35.67,35.38,35.58,136300,32.53
2010-01-06,35.88,35.98,35.64,35.82,187900,32.75
2010-01-05,35.82,36.04,35.76,36.01,198400,32.92
2010-01-04,35.52,35.82,35.47,35.64,293200,32.58
2009-12-31,34.97,35.19,34.20,34.89,186700,31.90
2009-12-30,34.59,34.84,34.42,34.84,200600,31.85
2009-12-29,34.89,34.95,34.59,34.67,119400,31.69
2009-12-28,34.26,34.64,34.26,34.40,118100,31.45
2009-12-24,34.33,34.33,34.17,34.21,71400,31.27
2009-12-23,33.98,34.18,33.66,34.16,174600,31.23
2009-12-22,34.11,34.11,33.68,33.68,201800,30.79
2009-12-21,33.93,33.97,33.71,33.83,166000,30.93
2009-12-18,33.99,34.09,33.38,33.76,238100,30.86
2009-12-17,34.60,34.76,34.29,34.37,272800,30.93
2009-12-16,35.07,35.22,34.80,34.93,169400,31.43
2009-12-15,34.85,35.01,34.80,34.80,145900,31.32
2009-12-14,34.88,35.11,34.80,35.11,120100,31.59
2009-12-11,35.10,35.10,34.67,34.79,142000,31.31
2009-12-10,35.07,35.34,34.91,34.95,94300,31.45
2009-12-09,34.85,35.17,34.77,35.17,159000,31.65
2009-12-08,35.25,35.25,34.71,34.77,116400,31.29
2009-12-07,35.73,35.89,35.60,35.61,143600,32.04
2009-12-04,36.11,36.29,35.51,35.78,109000,32.20
2009-12-03,36.24,36.32,35.75,35.82,152600,32.23
2009-12-02,36.17,36.28,35.98,36.16,87600,32.54
2009-12-01,35.72,36.31,35.72,36.11,276600,32.49
2009-11-30,34.87,35.30,34.87,35.18,183600,31.66
2009-11-27,34.38,35.09,34.38,34.73,136900,31.25
2009-11-25,35.89,35.93,35.60,35.82,169500,32.23
2009-11-24,35.85,35.85,35.39,35.55,120900,31.99
2009-11-23,35.93,36.17,35.81,35.84,165700,32.25
2009-11-20,35.33,35.54,35.08,35.50,87400,31.95
2009-11-19,35.81,35.99,35.51,35.71,191100,32.13
2009-11-18,36.66,36.66,36.26,36.41,162600,32.76
2009-11-17,36.60,36.77,36.26,36.68,138900,33.01
2009-11-16,36.63,37.29,36.57,36.91,161000,33.21
2009-11-13,36.26,36.64,36.11,36.57,156900,32.91
2009-11-12,36.45,36.48,35.88,35.89,128300,32.30
2009-11-11,36.63,36.88,36.50,36.50,182400,32.85
2009-11-10,36.11,36.23,35.81,36.13,303100,32.51
2009-11-09,35.99,36.69,35.80,36.69,183200,33.02
2009-11-06,35.29,35.51,34.95,35.40,106200,31.86
2009-11-05,35.30,35.55,35.00,35.42,278800,31.87
2009-11-04,35.22,35.58,34.99,35.18,116800,31.66
2009-11-03,34.46,34.85,34.37,34.82,140700,31.33
2009-11-02,34.90,35.37,34.52,34.93,161800,31.43
2009-10-30,35.24,35.59,34.49,34.49,214700,31.04
2009-10-29,34.60,35.48,34.60,35.27,197900,31.74
2009-10-28,35.02,35.17,34.11,34.14,398300,30.72
2009-10-27,36.02,36.04,35.48,35.60,278100,32.04
2009-10-26,36.81,37.08,36.04,36.09,192800,32.48
2009-10-23,37.17,37.17,36.52,36.66,132300,32.99
2009-10-22,37.06,37.60,36.70,37.60,139600,33.84
2009-10-21,37.39,37.70,37.10,37.14,170800,33.42
2009-10-20,37.67,37.71,37.13,37.38,203800,33.64
2009-10-19,37.01,37.60,37.01,37.34,128200,33.60
2009-10-16,36.67,36.85,36.39,36.57,141100,32.91
2009-10-15,36.97,37.22,36.67,37.15,326900,33.43
2009-10-14,36.73,37.33,36.66,37.33,126500,33.59
2009-10-13,36.57,36.57,35.92,36.10,91100,32.49
2009-10-12,36.48,36.58,36.19,36.35,149500,32.71
2009-10-09,36.29,36.35,35.95,36.21,228100,32.58
2009-10-08,36.38,36.63,36.12,36.30,178300,32.67
2009-10-07,35.78,36.17,35.68,35.97,194500,32.37
2009-10-06,35.58,35.79,35.34,35.45,231100,31.90
2009-10-05,34.60,34.95,34.27,34.90,358700,31.41
2009-10-02,34.25,34.86,33.86,34.86,259100,31.37
2009-10-01,35.44,35.44,34.60,34.63,160200,31.16
2009-09-30,35.77,35.88,35.17,35.34,302600,31.80
2009-09-29,35.67,35.67,35.27,35.45,106300,31.90
2009-09-28,35.29,35.74,35.17,35.67,113900,32.10
2009-09-25,35.07,35.23,34.89,35.16,205400,31.64
2009-09-24,36.03,36.03,34.90,35.19,170300,31.67
2009-09-23,36.54,36.54,35.75,35.84,914300,32.25
2009-09-22,36.42,36.48,36.11,36.48,271800,32.83
2009-09-21,35.84,35.98,35.54,35.91,152500,32.31
2009-09-18,36.51,36.65,36.09,36.45,251000,32.80
2009-09-17,36.92,36.95,36.45,36.62,178900,32.60
2009-09-16,36.67,37.07,36.55,37.07,298200,33.00
2009-09-15,36.13,36.51,35.86,36.35,136000,32.36
2009-09-14,35.65,36.20,35.40,36.20,137400,32.23
2009-09-11,36.12,36.19,35.84,36.03,124600,32.08
2009-09-10,35.69,36.19,35.47,36.19,199800,32.22
2009-09-09,35.55,35.84,35.33,35.74,156100,31.82
2009-09-08,34.82,35.31,34.82,35.08,174200,31.23
2009-09-04,34.00,34.51,33.74,34.49,94300,30.71
2009-09-03,33.50,33.81,33.43,33.81,100700,30.10
2009-09-02,33.08,33.44,33.07,33.29,105400,29.64
2009-09-01,33.85,34.07,33.00,33.09,197500,29.46
2009-08-31,34.21,34.22,33.91,34.06,110800,30.32
2009-08-28,34.70,34.71,34.22,34.29,114900,30.53
2009-08-27,33.66,34.35,33.65,34.31,259800,30.55
2009-08-26,33.92,34.10,33.77,34.04,155000,30.31
2009-08-25,33.99,34.28,33.88,33.98,138000,30.25
2009-08-24,33.54,33.94,33.54,33.66,170200,29.97
2009-08-21,33.00,33.55,33.00,33.49,187600,29.82
2009-08-20,32.60,33.00,32.52,33.00,105500,29.38
2009-08-19,32.25,32.76,32.11,32.47,295500,28.91
2009-08-18,32.18,32.95,32.10,32.95,164600,29.33
2009-08-17,32.27,32.29,32.00,32.21,298800,28.68
2009-08-14,33.69,33.77,32.97,33.36,241600,29.70
2009-08-13,33.28,33.33,33.01,33.25,170900,29.60
2009-08-12,32.47,33.25,32.47,33.06,197100,29.43
2009-08-11,32.39,32.41,32.08,32.13,291900,28.60
2009-08-10,33.08,33.08,32.51,32.69,145700,29.10
2009-08-07,32.98,32.98,32.57,32.78,247100,29.18
2009-08-06,33.25,33.25,32.59,32.75,362900,29.16
2009-08-05,32.63,32.86,32.20,32.70,463200,29.11
2009-08-04,32.30,32.61,31.83,32.61,285000,29.03
2009-08-03,32.29,32.54,32.04,32.46,281600,28.90
2009-07-31,31.19,31.78,31.19,31.55,362500,28.09
2009-07-30,30.79,31.28,30.77,30.89,159100,27.50
2009-07-29,30.65,30.65,30.27,30.39,81300,27.06
2009-07-28,30.55,30.84,30.45,30.67,318200,27.31
2009-07-27,30.43,30.78,30.33,30.50,134100,27.15
2009-07-24,30.68,30.93,30.47,30.86,117400,27.47
2009-07-23,30.27,30.96,30.23,30.84,188100,27.46
2009-07-22,30.15,30.46,30.06,30.19,112800,26.88
2009-07-21,30.50,30.52,30.09,30.32,315600,26.99
2009-07-20,30.35,30.45,30.04,30.45,125800,27.11
2009-07-17,29.73,29.85,29.55,29.80,127700,26.53
2009-07-16,29.35,30.07,29.17,30.07,77700,26.77
2009-07-15,29.12,29.55,28.97,29.34,374900,26.12
2009-07-14,28.35,28.74,28.17,28.74,118700,25.59
2009-07-13,27.47,28.16,27.23,28.06,133700,24.98
2009-07-10,27.67,27.82,27.46,27.81,73600,24.76
2009-07-09,27.84,27.92,27.52,27.71,149400,24.67
2009-07-08,27.74,27.85,27.21,27.49,122300,24.47
2009-07-07,28.39,28.39,27.78,27.78,121500,24.73
2009-07-06,28.70,28.81,28.45,28.81,116900,25.65
2009-07-02,28.78,28.94,28.42,28.55,129300,25.42
2009-07-01,29.14,29.34,29.07,29.18,135000,25.98
2009-06-30,29.02,29.05,28.52,28.73,139900,25.58
2009-06-29,29.16,29.38,29.00,29.29,105100,26.08
2009-06-26,29.14,29.27,28.85,29.12,88800,25.93
2009-06-25,28.19,28.84,28.05,28.84,192900,25.68
2009-06-24,27.92,28.25,27.75,27.89,95400,24.83
2009-06-23,27.86,27.86,27.47,27.75,92100,24.71
2009-06-22,27.69,28.24,27.44,27.57,202600,24.55
2009-06-19,28.39,28.46,28.16,28.36,192800,25.25
2009-06-18,28.51,28.67,28.30,28.41,319700,25.00
2009-06-17,28.51,28.70,28.13,28.54,249800,25.11
2009-06-16,28.92,28.92,28.40,28.41,183100,25.00
2009-06-15,29.19,29.20,28.61,28.84,169800,25.38
2009-06-12,29.10,29.57,29.10,29.57,88300,26.02
2009-06-11,29.29,29.70,29.22,29.38,312900,25.85
2009-06-10,29.59,29.62,28.79,29.21,142500,25.70
2009-06-09,28.97,29.14,28.72,29.08,121500,25.59
2009-06-08,28.52,28.83,28.24,28.65,85300,25.21
2009-06-05,29.20,29.28,28.66,28.66,192700,25.22
2009-06-04,29.49,29.49,28.88,29.32,100100,25.80
2009-06-03,29.62,29.62,28.93,29.24,100100,25.73
2009-06-02,29.37,29.82,29.26,29.79,181100,26.21
2009-06-01,29.49,30.00,29.37,29.38,229900,25.85
2009-05-29,28.69,28.94,28.53,28.85,105700,25.39
2009-05-28,27.93,27.99,27.47,27.93,83300,24.58
2009-05-27,27.99,28.12,27.51,27.52,94900,24.22
2009-05-26,26.97,27.92,26.97,27.84,91700,24.50
2009-05-22,27.07,27.08,26.78,26.95,81900,23.71
2009-05-21,26.61,26.81,26.37,26.81,144700,23.59
2009-05-20,27.03,27.42,27.02,27.09,91100,23.84
2009-05-19,26.44,27.05,26.44,26.81,128100,23.59
2009-05-18,25.78,26.94,25.78,26.36,106400,23.20
2009-05-15,25.85,25.96,25.42,25.67,108800,22.59
2009-05-14,25.20,25.80,25.20,25.77,81400,22.68
2009-05-13,26.50,26.50,25.40,25.53,100600,22.47
2009-05-12,26.80,27.01,26.32,26.68,91900,23.48
2009-05-11,26.77,26.91,26.53,26.68,123300,23.48
2009-05-08,26.87,27.52,26.61,27.45,175800,24.15
2009-05-07,27.25,27.33,26.55,26.67,159700,23.47
2009-05-06,26.59,27.05,26.45,26.87,155400,23.64
2009-05-05,25.93,26.11,25.73,25.95,102400,22.83
2009-05-04,25.12,26.35,25.12,25.89,103100,22.78
2009-05-01,24.73,25.09,24.57,24.92,86600,21.93
2009-04-30,24.68,25.18,24.64,24.93,116000,21.94
2009-04-29,24.42,24.77,24.42,24.62,70700,21.66
2009-04-28,23.73,24.18,23.56,23.92,89300,21.05
2009-04-27,23.92,24.34,23.88,24.03,91300,21.15
2009-04-24,24.91,24.91,24.42,24.50,207400,21.56
2009-04-23,24.33,24.64,23.97,24.58,82800,21.63
2009-04-22,24.04,24.46,23.66,24.03,209200,21.15
2009-04-21,23.37,24.14,23.32,24.12,88200,21.22
2009-04-20,24.49,24.49,23.67,23.67,192200,20.83
2009-04-17,25.34,25.34,24.92,25.15,99400,22.13
2009-04-16,25.20,25.28,24.69,25.13,123000,22.11
2009-04-15,24.86,25.18,24.24,25.18,112800,22.16
2009-04-14,24.77,25.36,24.77,25.05,159400,22.04
2009-04-13,25.31,25.31,24.65,24.87,67000,21.88
2009-04-09,25.37,25.37,24.44,24.74,125300,21.77
2009-04-08,23.24,24.46,23.15,23.74,92100,20.89
2009-04-07,23.49,23.55,23.07,23.16,86900,20.38
2009-04-06,23.53,24.80,23.29,23.52,183400,20.70
2009-04-03,23.80,24.00,23.50,23.87,194100,21.00
2009-04-02,22.96,24.05,22.11,23.75,109800,20.90
2009-04-01,21.82,22.50,21.60,22.32,99800,19.64
2009-03-31,21.98,22.11,21.50,22.06,125300,19.41
2009-03-30,21.99,21.99,21.32,21.52,57500,18.94
2009-03-27,22.98,22.98,22.59,22.72,109900,19.99
2009-03-26,22.64,23.85,22.44,22.80,86300,20.06
2009-03-25,22.51,22.73,22.05,22.44,94500,19.75
2009-03-24,21.66,23.31,21.31,22.49,70200,19.79
2009-03-23,22.76,22.76,20.97,22.29,208600,19.61
2009-03-20,21.87,21.87,21.21,21.41,77800,18.84
2009-03-19,22.39,22.65,22.11,22.12,85800,19.10
2009-03-18,21.80,22.46,21.33,22.26,72200,19.22
2009-03-17,21.18,21.59,20.94,21.59,78700,18.64
2009-03-16,20.98,21.34,20.77,20.91,162700,18.05
2009-03-13,20.15,20.48,20.07,20.43,149300,17.64
2009-03-12,19.29,19.95,19.01,19.85,94200,17.14
2009-03-11,18.93,19.50,18.83,19.11,169500,16.50
2009-03-10,18.06,18.99,18.06,18.81,113600,16.24
2009-03-09,17.63,18.07,17.48,17.55,169500,15.15
2009-03-06,18.68,19.03,18.14,18.37,167700,15.86
2009-03-05,19.31,19.42,18.59,18.72,115100,16.16
2009-03-04,19.56,19.77,19.23,19.55,160200,16.88
2009-03-03,19.84,19.84,19.05,19.26,254800,16.63
2009-03-02,19.75,19.80,19.08,19.15,287800,16.53
2009-02-27,20.48,20.72,20.20,20.44,251000,17.65
2009-02-26,20.34,20.69,20.15,20.15,163600,17.40
2009-02-25,20.47,20.47,19.74,19.92,307800,17.20
2009-02-24,19.78,20.49,19.78,20.49,460900,17.69
2009-02-23,20.75,20.76,19.75,19.94,217100,17.21
2009-02-20,20.55,20.95,20.15,20.69,241200,17.86
2009-02-19,21.39,21.39,20.67,20.69,104000,17.86
2009-02-18,21.37,21.52,21.00,21.23,178200,18.33
2009-02-17,22.51,22.51,21.53,21.64,263400,18.68
2009-02-13,23.66,23.66,23.13,23.25,69000,20.07
2009-02-12,23.23,23.51,22.85,23.51,273900,20.30
2009-02-11,23.91,24.00,23.43,23.58,190800,20.36
2009-02-10,24.38,24.54,23.37,23.55,320200,20.33
2009-02-09,24.55,24.96,24.38,24.73,159400,21.35
2009-02-06,23.87,24.64,23.51,24.43,695800,21.09
2009-02-05,23.49,23.81,23.10,23.49,225900,20.28
2009-02-04,23.57,23.99,23.25,23.48,778500,20.27
2009-02-03,23.69,23.88,23.34,23.84,127100,20.58
2009-02-02,23.50,23.76,23.19,23.50,86100,20.29
2009-01-30,24.11,24.11,23.61,23.61,121500,20.38
2009-01-29,24.45,24.45,23.80,23.90,113900,20.63
2009-01-28,24.66,24.95,24.34,24.64,375700,21.27
2009-01-27,23.89,24.49,23.89,24.21,78700,20.90
2009-01-26,23.55,24.38,23.55,24.14,282200,20.84
2009-01-23,23.61,24.06,23.32,23.97,195300,20.69
2009-01-22,24.13,24.35,23.50,24.32,613900,20.99
2009-01-21,23.31,24.09,23.05,24.05,438400,20.76
2009-01-20,23.55,23.93,22.62,22.69,271900,19.59
2009-01-16,24.53,25.01,24.14,24.69,134900,21.31
2009-01-15,24.18,24.76,23.81,24.57,151000,21.21
2009-01-14,25.19,25.50,24.26,24.53,134700,21.18
2009-01-13,25.93,26.19,25.59,25.74,190400,22.22
2009-01-12,27.61,27.61,26.62,26.74,332400,23.08
2009-01-09,28.28,28.28,27.55,27.61,117800,23.84
2009-01-08,28.18,28.31,27.79,28.21,118600,24.35
2009-01-07,28.39,28.75,28.17,28.21,172000,24.35
2009-01-06,28.25,28.77,28.04,28.58,336100,24.67
2009-01-05,27.99,28.12,27.64,27.82,267100,24.02
2009-01-02,27.13,28.12,27.13,28.02,181900,24.19
2008-12-31,26.60,27.22,26.37,27.08,276400,23.38
2008-12-30,26.74,26.94,26.32,26.84,223300,23.17
2008-12-29,26.79,26.95,26.32,26.54,171500,22.91
2008-12-26,26.14,26.81,26.13,26.30,157000,22.66
2008-12-24,26.27,26.70,26.27,26.40,116000,22.74
2008-12-23,26.30,27.09,26.20,26.45,404200,22.79
2008-12-22,28.00,28.14,25.64,25.86,913800,22.28
2008-12-19,27.22,27.25,26.45,26.75,192600,23.05
2008-12-18,27.15,27.60,26.66,26.99,267700,23.25
2008-12-17,26.98,27.28,26.65,26.87,934700,23.15
2008-12-16,27.12,27.22,25.63,27.12,229300,23.36
2008-12-15,26.03,26.68,25.88,26.42,408700,22.76
2008-12-12,25.22,26.30,24.75,26.04,185500,22.43
2008-12-11,26.60,26.67,25.59,25.95,199500,22.36
2008-12-10,25.37,26.25,25.37,26.07,478200,22.46
2008-12-09,24.66,25.26,24.58,24.88,282300,21.43
2008-12-08,24.71,25.06,23.94,24.90,259100,21.45
2008-12-05,23.53,24.00,22.89,23.75,260800,20.46
2008-12-04,23.65,24.03,23.14,23.69,279800,20.41
2008-12-03,23.61,24.59,23.61,24.53,252300,21.13
2008-12-02,23.81,24.75,23.81,24.69,224100,21.27
2008-12-01,24.65,25.10,23.50,23.72,183200,20.43
2008-11-28,25.63,26.22,25.18,25.74,79100,22.18
2008-11-26,23.56,24.96,23.55,24.84,272000,21.40
2008-11-25,24.89,24.89,23.41,23.89,322000,20.58
2008-11-24,21.73,23.45,21.73,23.40,360800,20.16
2008-11-21,22.04,22.58,21.40,22.41,295400,19.31
2008-11-20,22.28,22.34,20.50,21.51,349200,18.53
2008-11-19,23.60,24.09,22.23,22.26,332700,19.18
2008-11-18,24.39,24.73,23.93,24.39,274200,21.01
2008-11-17,25.44,25.44,24.60,24.71,290300,21.29
2008-11-14,25.44,26.23,25.14,25.25,156100,21.75
2008-11-13,25.32,26.72,24.83,26.72,259900,23.02
2008-11-12,25.22,26.36,25.22,25.59,127400,22.05
2008-11-11,26.63,27.20,26.05,26.35,200800,22.70
2008-11-10,28.98,28.98,27.14,27.24,180800,23.47
2008-11-07,29.91,29.91,27.81,28.78,190300,24.79
2008-11-06,28.51,29.30,27.41,27.95,175700,24.08
2008-11-05,30.74,30.74,29.07,29.11,338700,25.08
2008-11-04,29.24,30.61,29.24,30.23,368200,26.04
2008-11-03,29.66,29.66,28.50,29.20,274400,25.16
2008-10-31,27.59,28.99,27.59,28.50,186300,24.55
2008-10-30,27.65,27.99,27.10,27.93,194200,24.06
2008-10-29,26.40,27.37,25.86,26.68,295700,22.98
2008-10-28,24.88,26.37,24.40,26.32,256700,22.67
2008-10-27,25.24,25.78,24.79,25.40,1294600,21.88
2008-10-24,26.02,26.27,25.40,25.84,566800,22.26
2008-10-23,28.75,28.75,26.74,27.93,282500,24.06
2008-10-22,30.28,30.28,27.30,28.75,438900,24.77
2008-10-21,32.62,32.62,30.09,30.31,396700,26.11
2008-10-20,31.26,31.70,30.37,31.65,207800,27.27
2008-10-17,31.37,31.37,29.30,29.80,492200,25.67
2008-10-16,28.47,31.14,28.47,30.81,284400,26.54
2008-10-15,32.00,32.00,29.36,29.42,415500,25.35
2008-10-14,32.86,33.14,31.46,32.36,645300,27.88
2008-10-13,30.09,31.40,28.65,31.00,228800,26.71
2008-10-10,26.10,28.30,26.00,28.00,566000,24.12
2008-10-09,31.26,32.90,28.74,28.90,435700,24.90
2008-10-08,31.11,32.71,30.90,31.41,395000,27.06
2008-10-07,33.70,34.79,32.36,32.80,341900,28.26
2008-10-06,32.58,35.49,31.40,32.86,230800,28.31
2008-10-03,36.01,38.60,35.81,35.81,265800,30.85
2008-10-02,37.33,38.50,36.57,36.59,168600,31.52
2008-10-01,39.11,39.11,37.66,38.52,121300,33.19
2008-09-30,37.01,39.27,37.01,38.16,168400,32.88
2008-09-29,40.74,40.74,36.65,37.55,282500,32.35
2008-09-26,39.38,41.84,39.37,41.60,344700,35.84
2008-09-25,40.21,41.60,40.21,41.36,300900,35.63
2008-09-24,41.98,41.98,40.20,40.60,148900,34.98
2008-09-23,41.24,41.39,40.33,40.85,194600,35.19
2008-09-22,41.77,43.25,41.49,41.51,102100,35.76
2008-09-19,40.26,42.70,40.26,42.27,115900,36.42
2008-09-18,38.32,41.46,38.31,40.14,311900,34.18
2008-09-17,40.01,41.07,39.00,39.35,293900,33.51
2008-09-16,40.01,41.32,40.00,40.91,255500,34.84
2008-09-15,42.01,43.59,41.58,41.65,108700,35.47
2008-09-12,42.81,44.44,42.81,43.74,137400,37.25
2008-09-11,42.46,43.06,42.15,43.02,131900,36.64
2008-09-10,44.18,44.18,43.01,43.37,106500,36.93
2008-09-09,42.87,43.47,42.34,42.34,97600,36.06
2008-09-08,44.50,44.50,42.73,43.20,281300,36.79
2008-09-05,42.00,42.28,41.25,42.10,162800,35.85
2008-09-04,43.36,43.69,41.79,41.89,123600,35.67
2008-09-03,43.70,44.07,43.37,43.73,143700,37.24
2008-09-02,43.95,44.71,43.85,44.05,142200,37.51
2008-08-29,44.22,44.90,44.21,44.29,76200,37.72
2008-08-28,43.48,44.17,43.30,44.17,101100,37.62
2008-08-27,44.47,44.50,43.18,43.65,82700,37.17
2008-08-26,43.31,43.70,43.30,43.30,206700,36.87
2008-08-25,44.87,44.87,43.31,43.49,90600,37.04
2008-08-22,43.30,43.93,43.30,43.39,139600,36.95
2008-08-21,43.45,43.52,42.94,43.00,123600,36.62
2008-08-20,42.71,43.55,42.71,43.50,53200,37.05
2008-08-19,43.39,43.39,42.60,42.80,134800,36.45
2008-08-18,44.64,45.53,43.76,43.80,109900,37.30
2008-08-15,44.09,44.39,43.75,44.10,118800,37.56
2008-08-14,45.63,45.63,43.82,44.25,136800,37.68
2008-08-13,45.75,45.75,44.50,44.90,103900,38.24
2008-08-12,45.72,46.65,45.72,45.77,130100,38.98
2008-08-11,47.02,47.02,45.75,45.99,115100,39.17
2008-08-08,45.60,45.99,44.99,45.69,114200,38.91
2008-08-07,46.09,46.17,45.50,45.60,94500,38.83
2008-08-06,46.60,47.25,46.26,46.76,102600,39.82
2008-08-05,45.53,46.92,45.52,46.50,107500,39.60
2008-08-04,46.37,46.41,45.55,45.55,113500,38.79
2008-08-01,46.61,46.79,46.21,46.59,165700,39.68
2008-07-31,46.89,47.00,46.41,46.75,114600,39.81
2008-07-30,47.47,47.47,46.59,47.00,129400,40.03
2008-07-29,45.84,46.49,45.51,46.09,84600,39.25
2008-07-28,46.68,47.05,45.94,45.99,85900,39.17
2008-07-25,47.59,47.59,46.50,46.50,131800,39.60
2008-07-24,49.02,49.02,47.15,47.71,109800,40.63
2008-07-23,47.28,48.06,46.94,48.06,137400,40.93
2008-07-22,46.76,46.80,46.14,46.60,158600,39.69
2008-07-21,46.00,46.92,46.00,46.35,117000,39.47
2008-07-18,45.93,45.93,45.01,45.60,177200,38.83
2008-07-17,44.29,45.71,44.29,45.25,160800,38.54
2008-07-16,43.92,44.48,43.06,44.28,258800,37.71
2008-07-15,43.88,44.18,42.81,43.60,397300,37.13
2008-07-14,45.74,45.74,44.14,44.59,418000,37.97
2008-07-11,45.06,45.25,44.21,44.76,276800,38.12
2008-07-10,45.24,45.94,45.19,45.70,224600,38.92
2008-07-09,46.96,46.97,45.33,45.52,222800,38.77
2008-07-08,46.09,46.30,45.14,45.85,246600,39.05
2008-07-07,46.50,46.86,45.01,45.95,268000,39.13
2008-07-03,46.76,46.76,45.80,45.96,202000,39.14
2008-07-02,46.83,46.91,45.68,46.09,202800,39.25
2008-07-01,45.58,47.00,45.54,46.46,355100,39.57
2008-06-30,48.60,48.60,46.82,46.93,168600,39.97
2008-06-27,47.98,47.98,47.25,47.41,190100,40.37
2008-06-26,49.10,49.10,47.48,47.74,155100,40.66
2008-06-25,47.98,49.15,47.98,48.85,146000,41.60
2008-06-24,48.59,48.63,47.81,48.00,140400,40.88
2008-06-23,48.80,48.80,48.08,48.11,106400,40.97
2008-06-20,49.80,50.32,48.91,49.13,98100,41.84
2008-06-19,50.30,50.61,50.00,50.25,193100,42.29
2008-06-18,50.90,50.95,50.30,50.40,143700,42.42
2008-06-17,51.56,51.56,50.61,50.95,132100,42.88
2008-06-16,50.55,51.06,50.28,50.65,224600,42.63
2008-06-13,50.36,50.37,49.70,50.30,82500,42.33
2008-06-12,50.50,50.50,49.77,49.85,188800,41.96
2008-06-11,51.83,51.83,50.16,50.50,122000,42.50
2008-06-10,52.21,52.21,50.70,50.70,170700,42.67
2008-06-09,52.77,53.25,51.80,52.16,155500,43.90
2008-06-06,53.74,53.99,52.65,52.89,110200,44.51
2008-06-05,54.95,54.95,53.38,54.15,72800,45.58
2008-06-04,53.20,53.90,53.20,53.66,113600,45.16
2008-06-03,53.91,53.94,53.14,53.17,107500,44.75
2008-06-02,54.60,54.60,53.40,53.94,140100,45.40
2008-05-30,55.60,55.60,54.07,54.40,87700,45.79
2008-05-29,54.30,54.50,53.93,54.29,106600,45.69
2008-05-28,53.92,54.56,53.92,54.56,181100,45.92
2008-05-27,55.00,55.00,53.67,54.15,100500,45.58
2008-05-23,54.65,55.07,54.24,54.56,72700,45.92
2008-05-22,54.81,55.10,54.42,55.10,215100,46.37
2008-05-21,55.00,55.44,54.34,54.44,96700,45.82
2008-05-20,55.78,55.78,54.93,55.14,81400,46.41
2008-05-19,56.20,56.20,55.52,55.58,142000,46.78
2008-05-16,56.54,56.54,56.00,56.26,178300,47.35
2008-05-15,55.98,56.16,55.63,56.15,123000,47.26
2008-05-14,55.68,55.78,55.40,55.45,90900,46.67
2008-05-13,55.25,55.50,54.82,55.12,91900,46.39
2008-05-12,55.59,55.69,55.24,55.59,93400,46.79
2008-05-09,55.59,55.59,55.00,55.44,86600,46.66
2008-05-08,55.94,56.34,55.60,55.81,169600,46.97
2008-05-07,56.13,56.30,55.12,55.41,121400,46.64
2008-05-06,56.54,56.80,56.02,56.69,117900,47.71
2008-05-05,55.96,57.15,55.96,56.57,114500,47.61
2008-05-02,56.25,56.70,55.97,56.45,123400,47.51
2008-05-01,55.31,55.85,54.91,55.84,74600,47.00
2008-04-30,54.75,55.84,54.75,55.43,97300,46.65
2008-04-29,55.39,55.39,54.68,54.95,103100,46.25
2008-04-28,55.33,55.43,54.82,54.85,153800,46.16
2008-04-25,54.80,54.80,54.06,54.50,70000,45.87
2008-04-24,54.67,54.67,53.60,54.25,178600,45.66
2008-04-23,54.44,54.97,54.20,54.73,107200,46.06
2008-04-22,54.50,54.84,54.15,54.57,172600,45.93
2008-04-21,54.77,54.81,54.24,54.81,115100,46.13
2008-04-18,55.03,55.03,54.11,54.64,160000,45.99
2008-04-17,55.23,55.95,53.70,54.27,127400,45.68
2008-04-16,53.11,54.60,53.11,54.50,216700,45.87
2008-04-15,53.56,53.56,52.61,52.90,145200,44.52
2008-04-14,52.83,52.83,52.14,52.19,231700,43.93
2008-04-11,53.11,53.35,52.70,52.71,222200,44.36
2008-04-10,53.49,53.55,52.77,53.25,100600,44.82
2008-04-09,54.90,54.90,53.56,53.72,278100,45.21
2008-04-08,54.77,55.00,54.58,54.76,186200,46.09
2008-04-07,55.41,55.60,54.95,55.60,106100,46.80
2008-04-04,54.74,55.19,54.50,55.05,91300,46.33
2008-04-03,55.35,55.35,54.36,55.00,153900,46.29
2008-04-02,54.90,55.45,54.66,55.10,222400,46.37
2008-04-01,53.13,55.25,53.13,55.25,293300,46.50
2008-03-31,52.47,53.30,52.42,52.85,118700,44.48
2008-03-28,52.90,52.90,51.65,51.89,65500,43.67
2008-03-27,53.48,53.48,52.00,52.70,151900,44.35
2008-03-26,52.99,52.99,52.00,52.70,120500,44.35
2008-03-25,52.39,52.90,51.56,52.90,297600,44.52
2008-03-24,50.90,52.73,47.95,52.40,173000,44.10
2008-03-20,50.14,50.42,48.77,50.42,102300,42.44
2008-03-19,50.17,51.59,49.75,50.50,109400,42.26
2008-03-18,50.53,51.71,50.36,51.50,133300,43.10
2008-03-17,50.90,50.90,48.50,49.90,218400,41.76
2008-03-14,52.09,53.00,50.10,51.70,106800,43.27
2008-03-13,51.68,52.15,50.82,52.00,113400,43.52
2008-03-12,52.75,52.75,51.91,52.12,156300,43.62
2008-03-11,51.67,53.20,51.31,53.20,113600,44.52
2008-03-10,51.76,51.76,50.25,50.90,98300,42.60
2008-03-07,50.79,52.10,50.71,51.80,214300,43.35
2008-03-06,53.00,53.31,52.17,52.39,108500,43.85
2008-03-05,53.05,53.50,52.70,53.24,88000,44.56
2008-03-04,52.91,52.91,51.60,52.40,102100,43.85
2008-03-03,53.00,54.15,52.52,53.25,116100,44.57
2008-02-29,54.10,54.10,52.83,53.16,233800,44.49
2008-02-28,54.59,55.22,54.59,55.00,114600,46.03
2008-02-27,54.76,55.44,54.68,55.30,104500,46.28
2008-02-26,54.24,54.86,53.20,54.75,199700,45.82
2008-02-25,53.22,54.00,52.70,54.00,95800,45.19
2008-02-22,53.44,53.44,51.80,53.25,218700,44.57
2008-02-21,53.80,53.80,52.63,52.99,85000,44.35
2008-02-20,53.43,53.52,51.95,53.35,156400,44.65
2008-02-19,54.00,54.46,53.46,54.05,250900,45.24
2008-02-15,53.00,53.16,52.62,53.15,536000,44.48
2008-02-14,53.69,53.69,52.51,53.25,214200,44.57
2008-02-13,53.31,53.95,52.38,53.30,305600,44.61
2008-02-12,52.26,53.50,52.26,52.85,94800,44.23
2008-02-11,52.20,52.20,51.08,52.15,144100,43.64
2008-02-08,51.94,52.15,51.23,52.15,106400,43.64
2008-02-07,51.26,52.05,51.02,52.05,131200,43.56
2008-02-06,52.49,53.24,51.70,52.50,151300,43.94
2008-02-05,53.29,53.46,52.20,52.50,177000,43.94
2008-02-04,55.00,55.35,54.59,54.89,145900,45.94
2008-02-01,54.48,55.15,53.80,55.10,231000,46.11
2008-01-31,52.35,54.19,52.27,54.00,651200,45.19
2008-01-30,53.47,53.67,52.47,53.10,197300,44.44
2008-01-29,53.86,53.95,53.11,53.95,179400,45.15
2008-01-28,53.85,53.85,52.18,53.85,170700,45.07
2008-01-25,53.26,54.25,52.55,53.95,224600,45.15
2008-01-24,51.10,52.75,51.10,52.45,241000,43.90
2008-01-23,49.20,51.20,48.21,51.00,397500,42.68
2008-01-22,49.90,50.66,45.00,50.36,533900,42.15
2008-01-18,51.01,52.27,50.66,51.30,695900,42.93
2008-01-17,52.09,52.14,50.42,50.94,735800,42.63
2008-01-16,50.86,51.68,50.67,51.50,415300,43.10
2008-01-15,52.07,52.19,51.16,51.36,206300,42.98
2008-01-14,52.20,53.42,52.20,53.00,195800,44.36
2008-01-11,53.40,53.40,51.80,52.20,236000,43.69
2008-01-10,53.37,53.71,52.60,53.55,157800,44.82
2008-01-09,53.54,54.67,52.59,53.45,235200,44.73
2008-01-08,54.75,54.75,53.10,53.15,209600,44.48
2008-01-07,55.10,55.10,53.71,54.35,235700,45.49
2008-01-04,56.20,56.20,54.59,55.25,280100,46.24
2008-01-03,56.35,56.65,56.00,56.49,197800,47.28
2008-01-02,57.43,57.43,56.13,56.70,96300,47.45
2007-12-31,56.24,57.33,56.00,56.95,430900,47.66
2007-12-28,55.91,56.99,55.91,56.88,503400,47.60
2007-12-27,56.81,56.81,55.98,56.00,272500,46.87
2007-12-26,57.75,58.25,56.15,57.40,323800,48.04
2007-12-24,54.57,57.67,54.24,56.55,355600,47.33
2007-12-21,55.99,56.00,54.68,55.50,593100,46.45
2007-12-20,55.00,55.92,54.63,55.25,602400,45.85
2007-12-19,55.51,55.75,54.63,55.60,411600,46.14
2007-12-18,55.11,55.83,54.38,55.05,424000,45.69
2007-12-17,56.00,57.35,54.30,54.90,639000,45.56
2007-12-14,58.55,58.55,57.29,57.80,213100,47.97
2007-12-13,60.80,60.80,58.72,59.85,182300,49.67
2007-12-12,61.89,62.50,60.22,60.85,236800,50.50
2007-12-11,62.45,62.45,60.44,60.85,133000,50.50
2007-12-10,62.02,62.26,61.41,62.25,134300,51.66
2007-12-07,62.00,62.08,61.46,62.00,98600,51.45
2007-12-06,61.14,61.84,60.50,61.84,138000,51.32
2007-12-05,60.27,61.01,59.75,61.01,317900,50.63
2007-12-04,59.88,59.88,59.36,59.71,74000,49.55
2007-12-03,60.20,60.75,60.20,60.52,101900,50.22
2007-11-30,61.74,62.84,60.00,60.30,447400,50.04
2007-11-29,60.08,60.08,59.10,59.94,875100,49.74
2007-11-28,57.26,60.33,57.26,59.86,274700,49.68
2007-11-27,57.99,58.95,57.57,58.95,223900,48.92
2007-11-26,58.52,58.96,57.19,57.19,129200,47.46
2007-11-23,57.68,59.00,57.40,58.90,47700,48.88
2007-11-21,57.22,57.44,56.22,56.84,172500,47.17
2007-11-20,56.90,58.61,56.90,58.14,113300,48.25
2007-11-19,58.12,58.74,56.84,57.25,108800,47.51
2007-11-16,59.08,61.84,57.91,58.90,104700,48.88
2007-11-15,59.55,59.55,58.46,59.15,95800,49.09
2007-11-14,60.82,60.95,60.04,60.25,214900,50.00
2007-11-13,59.99,60.91,59.18,60.90,78400,50.54
2007-11-12,60.89,60.89,58.55,58.55,235100,48.59
2007-11-09,60.70,60.70,59.41,60.10,130600,49.88
2007-11-08,61.27,61.69,59.77,61.35,119200,50.91
2007-11-07,62.89,62.89,60.73,61.57,188000,51.10
2007-11-06,62.98,62.98,62.02,62.80,56800,52.12
2007-11-05,65.32,65.32,61.70,62.25,106200,51.66
2007-11-02,63.62,63.65,62.51,63.49,63000,52.69
2007-11-01,64.75,64.75,63.71,63.99,109500,53.10
2007-10-31,65.00,66.07,64.64,65.75,116100,54.56
2007-10-30,64.15,64.50,64.14,64.34,150600,53.39
2007-10-29,65.00,65.00,63.80,64.55,101000,53.57
2007-10-26,63.95,64.34,63.26,64.34,69600,53.39
2007-10-25,63.18,63.20,62.59,63.16,45700,52.42
2007-10-24,61.95,62.64,61.60,62.34,122500,51.73
2007-10-23,62.75,62.75,61.75,62.35,180200,51.74
2007-10-22,60.16,61.30,60.08,61.25,109600,50.83
2007-10-19,62.50,62.54,61.20,61.28,69700,50.86
2007-10-18,63.00,63.10,62.40,63.00,73600,52.28
2007-10-17,64.94,64.94,62.53,63.35,59300,52.57
2007-10-16,63.61,63.61,62.75,63.05,81900,52.32
2007-10-15,64.89,64.89,63.75,64.45,67500,53.49
2007-10-12,64.40,65.05,64.40,65.00,52100,53.94
2007-10-11,65.49,65.71,64.71,64.95,72500,53.90
2007-10-10,64.77,65.38,64.77,65.21,153000,54.12
2007-10-09,64.13,65.30,64.13,65.30,192700,54.19
2007-10-08,64.30,64.30,63.95,64.20,46800,53.28
2007-10-05,63.94,64.83,63.94,64.80,135800,53.78
2007-10-04,64.20,64.28,63.95,64.20,81500,53.28
2007-10-03,64.60,64.84,64.17,64.50,65800,53.53
2007-10-02,64.70,64.77,64.20,64.40,108000,53.44
2007-10-01,64.14,64.57,63.55,64.57,257400,53.59
2007-09-28,61.98,64.48,61.98,64.25,173000,53.32
2007-09-27,63.84,64.25,63.55,63.80,158200,52.95
2007-09-26,62.05,63.19,62.05,63.09,130800,52.36
2007-09-25,62.00,62.28,61.67,62.04,116700,51.49
2007-09-24,61.75,62.06,61.34,61.90,78400,51.37
2007-09-21,61.55,62.12,61.55,61.99,118200,51.44
2007-09-20,60.45,62.60,60.45,61.75,164800,50.78
2007-09-19,62.29,62.90,62.01,62.28,141700,51.21
2007-09-18,59.19,61.10,58.99,61.10,93900,50.24
2007-09-17,59.99,60.05,59.12,59.45,94600,48.89
2007-09-14,61.40,61.40,59.51,60.96,297500,50.13
2007-09-13,60.81,61.40,60.80,61.40,79800,50.49
2007-09-12,60.55,61.06,60.36,60.81,177300,50.00
2007-09-11,59.35,60.25,59.31,60.20,303000,49.50
2007-09-10,59.40,59.45,58.25,59.08,90000,48.58
2007-09-07,60.69,60.69,59.00,59.95,101700,49.30
2007-09-06,61.05,61.35,60.52,60.95,82500,50.12
2007-09-05,61.48,61.50,60.60,61.27,77400,50.38
2007-09-04,61.73,62.63,61.59,62.58,99800,51.46
2007-08-31,61.50,62.25,61.20,61.60,75200,50.65
2007-08-30,60.35,61.20,60.28,60.75,66900,49.95
2007-08-29,60.35,61.30,59.93,61.30,86300,50.41
2007-08-28,61.00,61.00,59.70,59.99,112200,49.33
2007-08-27,61.85,61.85,61.18,61.35,62700,50.45
2007-08-24,60.68,61.80,60.03,61.80,160600,50.82
2007-08-23,61.42,61.42,59.80,60.65,186100,49.87
2007-08-22,59.90,60.25,59.55,60.09,113400,49.41
2007-08-21,57.59,58.24,57.39,58.24,169700,47.89
2007-08-20,57.90,57.94,56.38,57.60,108900,47.36
2007-08-17,63.85,68.00,56.35,57.57,195500,47.34
2007-08-16,56.20,56.57,54.60,56.35,272700,46.34
2007-08-15,58.76,59.09,57.25,57.61,223000,47.37
2007-08-14,60.16,60.33,59.07,59.37,130700,48.82
2007-08-13,61.35,61.35,60.46,60.67,225900,49.89
2007-08-10,60.50,61.21,60.00,60.95,132700,50.12
2007-08-09,60.71,62.15,60.71,61.41,146900,50.50
2007-08-08,62.79,63.79,61.52,62.60,153500,51.48
2007-08-07,60.00,61.05,59.82,60.90,133000,50.08
2007-08-06,61.61,61.79,58.50,59.95,272600,49.30
2007-08-03,60.98,61.04,59.61,59.89,234000,49.25
2007-08-02,60.51,61.00,60.20,60.80,100200,50.00
2007-08-01,60.01,60.95,59.55,60.50,255400,49.75
2007-07-31,62.05,62.08,60.80,61.09,116400,50.23
2007-07-30,60.91,60.91,59.71,60.35,151700,49.63
2007-07-27,61.20,61.20,59.40,59.86,388000,49.22
2007-07-26,63.01,63.01,60.10,61.00,321000,50.16
2007-07-25,66.94,66.94,63.05,63.65,214400,52.34
2007-07-24,64.50,64.53,63.42,63.45,161900,52.17
2007-07-23,65.01,65.01,64.60,64.75,72400,53.24
2007-07-20,65.15,65.70,65.08,65.25,108600,53.65
2007-07-19,65.30,65.48,65.05,65.20,90000,53.61
2007-07-18,65.01,65.45,64.69,65.10,144100,53.53
2007-07-17,65.51,65.53,65.06,65.20,84800,53.61
2007-07-16,65.70,66.10,65.58,65.78,106100,54.09
2007-07-13,65.60,66.07,65.52,66.05,86400,54.31
2007-07-12,64.85,65.76,64.85,65.57,71600,53.92
2007-07-11,64.80,65.25,64.63,65.03,126400,53.47
2007-07-10,65.26,65.26,64.55,64.74,192900,53.24
2007-07-09,65.76,65.80,65.25,65.54,166900,53.89
2007-07-06,65.70,66.13,65.55,66.11,191500,54.36
2007-07-05,66.09,66.10,65.30,65.30,345200,53.70
2007-07-03,65.70,65.78,65.30,65.73,93500,54.05
2007-07-02,64.81,65.85,64.81,65.70,205800,54.02
2007-06-29,65.25,65.45,64.50,64.98,242200,53.43
2007-06-28,64.95,65.40,64.66,65.13,67400,53.56
2007-06-27,64.01,64.55,63.55,64.55,151700,53.08
2007-06-26,65.00,65.09,64.35,64.35,178100,52.91
2007-06-25,65.01,65.55,64.10,64.20,244700,52.79
2007-06-22,65.80,65.90,65.11,65.60,203500,53.94
2007-06-21,65.99,66.45,65.55,66.25,145900,54.48
2007-06-20,67.00,67.01,66.00,66.00,143400,54.27
2007-06-19,66.01,66.80,66.01,66.75,712300,54.89
2007-06-18,66.55,66.60,66.00,66.26,143800,54.48
2007-06-15,66.26,66.73,65.86,66.48,139400,54.67
2007-06-14,66.00,66.50,65.83,66.49,328000,54.23
2007-06-13,65.91,66.51,65.40,66.40,165500,54.15
2007-06-12,66.76,66.76,65.37,65.62,396200,53.52
2007-06-11,66.95,66.99,66.22,66.80,117600,54.48
2007-06-08,66.76,67.05,65.00,67.05,137000,54.68
2007-06-07,67.76,68.00,66.51,66.98,171300,54.63
2007-06-06,69.40,69.44,68.60,68.60,238900,55.95
2007-06-05,70.30,70.35,69.55,69.97,171100,57.06
2007-06-04,70.80,70.80,70.14,70.59,108700,57.57
2007-06-01,70.25,70.27,69.85,70.10,166700,57.17
2007-05-31,69.90,70.14,69.70,69.89,218100,57.00
2007-05-30,68.20,68.65,67.70,68.65,131700,55.99
2007-05-29,68.40,68.45,68.01,68.22,150400,55.64
2007-05-25,68.30,68.35,67.80,68.26,103500,55.67
2007-05-24,69.10,69.10,67.96,68.24,82700,55.65
2007-05-23,69.39,69.45,68.85,69.09,146900,56.35
2007-05-22,68.99,69.10,68.75,68.95,288700,56.23
2007-05-21,68.99,69.00,68.75,68.91,322500,56.20
2007-05-18,69.25,69.30,69.00,69.00,131900,56.27
2007-05-17,69.24,69.43,68.99,69.27,128100,56.49
2007-05-16,70.00,70.05,69.24,69.89,145500,57.00
2007-05-15,70.20,70.50,69.93,70.40,123200,57.41
2007-05-14,70.40,70.40,69.70,70.20,138000,57.25
2007-05-11,69.51,70.89,69.51,70.48,149800,57.48
2007-05-10,70.60,70.65,69.50,69.50,145000,56.68
2007-05-09,70.15,70.20,69.86,70.03,425900,57.11
2007-05-08,70.50,70.55,69.80,69.95,160900,57.05
2007-05-07,70.90,71.12,70.45,70.81,277100,57.75
2007-05-04,70.25,70.69,70.10,70.44,210000,57.45
2007-05-03,69.80,70.10,69.62,70.00,266400,57.09
2007-05-02,68.80,69.80,68.80,69.80,208200,56.93
2007-05-01,68.75,68.75,67.75,68.42,82000,55.80
2007-04-30,68.80,69.00,68.50,68.65,126100,55.99
2007-04-27,68.75,68.85,68.50,68.80,99500,56.11
2007-04-26,69.20,69.20,68.60,68.85,99000,56.15
2007-04-25,68.60,69.32,68.60,69.23,133200,56.46
2007-04-24,68.74,68.75,68.30,68.60,324500,55.95
2007-04-23,69.19,69.20,68.90,69.10,100400,56.35
2007-04-20,68.99,69.25,68.99,69.25,416900,56.48
2007-04-19,68.49,68.83,68.30,68.82,279100,56.13
2007-04-18,68.82,69.15,68.78,69.08,371300,56.34
2007-04-17,69.20,69.35,69.00,69.20,106000,56.44
2007-04-16,69.25,69.66,69.13,69.58,196000,56.75
2007-04-13,68.28,69.41,67.95,68.50,210000,55.87
2007-04-12,68.11,68.80,68.00,68.73,203600,56.05
2007-04-11,69.12,69.13,68.23,68.35,294700,55.74
2007-04-10,68.77,69.25,68.77,69.12,124300,56.37
2007-04-09,68.90,68.95,68.70,68.70,120400,56.03
2007-04-05,68.19,68.70,68.10,68.69,98800,56.02
2007-04-04,68.40,69.00,68.00,68.39,80700,55.78
2007-04-03,68.06,68.50,67.90,68.45,153000,55.82
2007-04-02,67.75,68.06,67.40,68.06,62800,55.51
2007-03-30,67.00,67.75,67.00,67.70,139700,55.21
2007-03-29,67.00,67.05,66.50,66.85,231000,54.52
2007-03-28,66.00,66.40,66.00,66.30,97800,54.07
2007-03-27,66.69,66.80,66.45,66.80,102500,54.48
2007-03-26,67.25,67.27,66.80,67.24,86300,54.84
2007-03-23,67.25,67.60,67.00,67.47,321000,55.03
2007-03-22,67.75,67.80,67.24,67.50,101400,55.05
2007-03-21,66.65,67.90,66.35,67.90,294400,55.38
2007-03-20,66.10,66.40,65.95,66.39,104200,54.14
2007-03-19,65.51,65.52,65.00,65.40,86000,53.34
2007-03-16,64.30,64.50,63.90,64.15,72500,52.32
2007-03-15,64.40,65.00,64.25,64.60,69700,52.50
2007-03-14,63.50,65.00,63.10,63.85,140900,51.89
2007-03-13,66.24,66.35,65.00,65.13,110500,52.93
2007-03-12,66.30,66.43,66.11,66.40,94100,53.96
2007-03-09,65.84,65.95,65.55,65.93,98700,53.58
2007-03-08,65.10,65.30,64.95,65.20,146000,52.99
2007-03-07,64.45,65.20,63.11,64.96,115800,52.79
2007-03-06,63.80,64.25,63.45,64.20,167600,52.17
2007-03-05,61.51,62.94,60.80,62.44,216600,50.74
2007-03-02,64.59,64.95,63.50,63.90,168500,51.93