2011-05-10,23.22,23.39,23.13,23.36,27000,23.36
2011-05-09,22.95,23.16,22.90,23.15,8700,23.15
2011-05-06,23.01,23.15,22.80,22.87,8400,22.87
2011-05-05,22.82,23.04,22.58,22.85,13800,22.85
2011-05-04,23.12,23.12,22.77,22.96,5600,22.96
2011-05-03,23.36,23.36,23.03,23.08,20000,23.08
2011-05-02,23.67,23.67,23.34,23.37,94000,23.37
2011-04-29,23.50,23.62,23.49,23.59,73000,23.59
2011-04-28,23.32,23.51,22.98,23.50,103600,23.50
2011-04-27,23.38,23.39,23.13,23.37,314000,23.37
2011-04-26,23.21,23.27,23.10,23.16,63100,23.16
2011-04-25,23.15,23.15,23.00,23.06,35100,23.06
2011-04-21,23.11,23.15,22.96,23.14,24500,23.14
2011-04-20,22.88,22.93,22.66,22.93,12100,22.93
2011-04-19,22.37,22.86,22.32,22.51,22000,22.51
2011-04-18,22.37,22.42,22.13,22.36,11400,22.36
2011-04-15,22.49,22.70,22.49,22.70,17900,22.70
2011-04-14,22.32,22.52,22.30,22.52,11400,22.52
2011-04-13,22.59,23.06,22.33,22.49,14800,22.49
2011-04-12,22.53,22.58,22.33,22.44,200300,22.44
2011-04-11,22.88,23.03,22.64,22.71,11600,22.71
2011-04-08,23.11,23.30,22.77,22.84,33100,22.84
2011-04-07,23.01,23.20,23.00,23.11,11400,23.11
2011-04-06,23.08,23.20,22.94,23.12,18500,23.12
2011-04-05,23.08,23.20,23.05,23.12,12000,23.12
2011-04-04,23.08,23.12,22.93,23.07,62400,23.07
2011-04-01,23.18,23.18,22.95,23.01,9400,23.01
2011-03-31,22.91,22.97,22.82,22.94,5000,22.94
2011-03-30,22.77,22.94,22.70,22.94,10600,22.94
2011-03-29,22.42,22.68,22.42,22.67,12200,22.67
2011-03-28,22.65,22.65,22.46,22.46,7800,22.46
2011-03-25,22.38,22.72,22.38,22.65,16200,22.65
2011-03-24,22.26,22.48,22.16,22.46,23000,22.46
2011-03-23,22.11,22.29,22.09,22.25,15100,22.25
2011-03-22,22.25,22.25,22.06,22.16,5000,22.16
2011-03-21,22.12,22.25,22.12,22.18,67200,22.18
2011-03-18,22.04,22.08,21.81,21.88,32300,21.88
2011-03-17,21.89,21.90,21.69,21.85,54900,21.85
2011-03-16,21.86,21.86,21.56,21.59,12900,21.59
2011-03-15,21.39,21.86,21.25,21.82,8800,21.82
2011-03-14,21.78,21.92,21.70,21.85,18400,21.85
2011-03-11,21.72,21.98,21.70,21.95,18400,21.95
2011-03-10,22.00,22.00,21.78,21.83,20000,21.83
2011-03-09,22.30,22.36,22.29,22.31,12900,22.31
2011-03-08,22.29,22.49,22.19,22.41,7400,22.41
2011-03-07,22.85,22.85,22.13,22.27,10600,22.27
2011-03-04,22.53,22.53,22.33,22.50,14400,22.50
2011-03-03,22.52,22.62,22.51,22.61,27100,22.61
2011-03-02,22.08,22.23,22.05,22.19,7900,22.19
2011-03-01,22.70,22.70,22.08,22.08,26100,22.08
2011-02-28,22.66,22.79,22.39,22.57,11400,22.57
2011-02-25,22.39,22.62,22.28,22.62,13600,22.62
2011-02-24,22.03,22.14,21.95,22.10,7300,22.10
2011-02-23,22.33,22.33,21.74,21.99,8300,21.99
2011-02-22,22.61,22.71,22.21,22.26,33500,22.26
2011-02-18,22.81,22.96,22.81,22.88,25000,22.88
2011-02-17,22.63,22.88,22.56,22.82,30900,22.82
2011-02-16,22.63,22.73,22.60,22.65,113400,22.65
2011-02-15,22.61,22.61,22.45,22.51,11500,22.51
2011-02-14,22.61,22.67,22.56,22.59,25000,22.59
2011-02-11,22.34,22.60,22.20,22.57,15200,22.57
2011-02-10,22.18,22.31,22.13,22.31,11700,22.31
2011-02-09,22.28,22.28,22.09,22.16,12700,22.16
2011-02-08,22.15,22.28,22.07,22.24,12200,22.24
2011-02-07,22.12,22.31,22.10,22.20,40000,22.20
2011-02-04,21.92,22.04,21.84,21.97,8600,21.97
2011-02-03,21.88,21.94,21.64,21.94,19800,21.94
2011-02-02,21.95,22.00,21.88,21.93,13900,21.93
2011-02-01,21.72,21.99,21.72,21.89,10900,21.89
2011-01-31,21.41,21.60,21.39,21.56,11600,21.56
2011-01-28,21.87,21.87,21.36,21.36,13800,21.36
2011-01-27,21.63,21.78,21.62,21.75,17900,21.75
2011-01-26,21.43,21.65,21.30,21.56,10700,21.56
2011-01-25,21.20,21.30,21.07,21.30,6500,21.30
2011-01-24,21.15,21.35,21.15,21.27,8400,21.27
2011-01-21,21.25,21.31,21.16,21.19,16200,21.19
2011-01-20,21.28,21.28,21.06,21.21,29700,21.21
2011-01-19,21.69,21.70,21.28,21.28,12000,21.28
2011-01-18,21.67,21.70,21.59,21.70,13700,21.70
2011-01-14,21.56,21.69,21.56,21.69,27100,21.69
2011-01-13,21.56,21.62,21.49,21.51,14300,21.51
2011-01-12,21.43,21.61,21.43,21.56,12000,21.56
2011-01-11,21.27,21.40,21.26,21.35,7100,21.35
2011-01-10,21.04,21.25,21.04,21.25,5700,21.25
2011-01-07,21.17,21.23,20.93,21.15,14000,21.15
2011-01-06,21.29,21.29,21.11,21.14,11100,21.14
2011-01-05,21.00,21.24,20.94,21.18,12500,21.18
2011-01-04,21.25,21.25,20.87,20.98,27900,20.98
2011-01-03,21.14,21.37,21.14,21.28,18900,21.28
2010-12-31,21.01,21.10,21.01,21.03,14100,21.03
2010-12-30,21.03,21.14,21.02,21.12,8200,21.12
2010-12-29,21.09,21.09,21.01,21.08,9900,21.08
2010-12-28,20.96,21.00,20.96,20.99,2200,20.99
2010-12-27,21.00,21.04,20.85,21.04,11600,21.04
2010-12-23,20.99,21.08,20.95,21.03,13200,21.03
2010-12-22,21.00,21.10,20.98,21.06,16000,21.06
2010-12-21,20.71,20.96,20.71,20.96,7000,20.96
2010-12-20,20.69,21.16,20.62,20.71,12700,20.71
2010-12-17,20.57,20.70,20.56,20.66,5900,20.66
2010-12-16,20.43,20.61,20.43,20.54,18300,20.54
2010-12-15,20.49,20.68,20.40,20.43,19600,20.43
2010-12-14,20.67,20.70,20.53,20.54,6500,20.54
2010-12-13,20.82,20.82,20.64,20.67,8800,20.67
2010-12-10,20.57,20.75,20.48,20.70,38100,20.70
2010-12-09,20.44,20.46,20.34,20.46,7000,20.46
2010-12-08,20.31,20.43,20.28,20.38,22600,20.38
2010-12-07,20.57,21.46,20.33,20.36,54000,20.36
2010-12-06,20.22,20.40,20.19,20.36,23700,20.36
2010-12-03,20.03,20.27,20.03,20.27,14100,20.27
2010-12-02,19.80,20.16,19.80,20.11,21200,20.11
2010-12-01,19.63,19.81,19.63,19.80,20400,19.80
2010-11-30,19.43,19.50,19.28,19.37,19500,19.37
2010-11-29,19.39,19.58,19.28,19.58,5700,19.58
2010-11-26,19.44,19.62,19.44,19.56,4400,19.56
2010-11-24,19.46,19.67,19.46,19.65,6300,19.65
2010-11-23,19.30,19.32,19.18,19.25,5600,19.25
2010-11-22,19.34,19.51,19.25,19.51,3600,19.51
2010-11-19,19.26,19.40,19.15,19.39,7400,19.39
2010-11-18,19.27,19.35,19.25,19.29,12300,19.29
2010-11-17,18.95,18.98,18.89,18.93,19900,18.93
2010-11-16,19.10,19.13,18.82,18.91,6600,18.91
2010-11-15,19.36,19.38,19.25,19.27,2500,19.27
2010-11-12,19.49,19.55,19.23,19.27,3000,19.27
2010-11-11,19.37,19.60,19.37,19.58,9600,19.58
2010-11-10,19.22,19.57,19.20,19.55,13800,19.55
2010-11-09,19.59,19.63,19.36,19.36,22300,19.36
2010-11-08,19.49,19.59,19.47,19.54,13500,19.54
2010-11-05,19.46,19.60,19.46,19.59,11600,19.59
2010-11-04,19.18,19.42,19.18,19.41,34300,19.41
2010-11-03,18.90,18.99,18.79,18.99,3000,18.99
2010-11-02,18.77,18.89,18.77,18.88,9600,18.88
2010-11-01,18.74,18.84,18.58,18.58,3100,18.58
2010-10-29,18.56,18.74,18.56,18.72,9900,18.72
2010-10-28,18.90,18.90,18.52,18.61,6700,18.61
2010-10-27,18.45,18.61,18.43,18.61,5200,18.61
2010-10-26,18.53,18.65,18.53,18.60,3500,18.60
2010-10-25,18.66,18.67,18.54,18.54,33500,18.54
2010-10-22,18.38,18.44,18.35,18.44,3400,18.44
2010-10-21,18.38,18.54,18.15,18.29,13100,18.29
2010-10-20,18.16,18.39,18.12,18.31,8400,18.31
2010-10-19,18.25,18.38,18.08,18.17,10000,18.17
2010-10-18,18.43,18.52,18.43,18.52,2000,18.52
2010-10-15,18.57,18.57,18.35,18.41,41000,18.41
2010-10-14,18.55,18.58,18.38,18.46,12900,18.46
2010-10-13,18.51,18.70,18.51,18.58,4500,18.58
2010-10-12,18.32,18.49,18.21,18.49,14900,18.49
2010-10-11,18.37,18.41,18.33,18.33,2500,18.33
2010-10-08,18.21,18.32,18.14,18.32,2300,18.32
2010-10-07,18.20,18.20,18.07,18.14,6800,18.14
2010-10-06,18.19,18.21,18.09,18.09,4800,18.09
2010-10-05,18.35,18.35,17.99,18.24,21500,18.24
2010-10-04,17.99,17.99,17.69,17.75,7400,17.75
2010-10-01,17.93,17.99,17.89,17.99,1500,17.99
2010-09-30,18.02,18.07,17.81,17.95,7500,17.95
2010-09-29,17.75,17.97,17.75,17.93,10300,17.93
2010-09-28,17.59,17.81,17.59,17.81,4500,17.81
2010-09-27,17.73,17.78,17.65,17.67,7500,17.67
2010-09-24,17.64,17.74,17.64,17.74,8900,17.74
2010-09-23,17.28,17.51,17.28,17.29,3300,17.29
2010-09-22,17.49,17.50,17.33,17.42,28300,17.42
2010-09-21,17.72,17.80,17.60,17.73,3600,17.73
2010-09-20,17.35,17.65,17.35,17.65,3600,17.65
2010-09-17,16.94,17.36,16.94,17.34,9800,17.34
2010-09-16,17.17,17.24,17.16,17.24,1200,17.24
2010-09-15,17.22,17.33,17.22,17.33,12000,17.33
2010-09-14,17.24,17.39,17.24,17.26,8400,17.26
2010-09-13,17.24,17.35,17.24,17.34,7400,17.34
2010-09-10,17.00,17.01,17.00,17.01,500,17.01
2010-09-09,17.01,17.01,16.89,16.89,11400,16.89
2010-09-08,16.90,16.93,16.81,16.81,3800,16.81
2010-09-07,16.78,16.84,16.73,16.73,4300,16.73
2010-09-03,17.09,17.09,16.89,17.04,5100,17.04
2010-09-02,16.59,16.77,16.59,16.77,6900,16.77
2010-09-01,16.30,16.52,16.23,16.52,20500,16.52
2010-08-31,16.05,16.06,15.90,15.95,12600,15.95
2010-08-30,16.21,16.21,16.01,16.01,3100,16.01
2010-08-27,15.71,16.24,15.71,16.24,20500,16.24
2010-08-26,16.05,16.14,15.85,15.85,4600,15.85
2010-08-25,15.71,16.24,15.24,16.03,30600,16.03
2010-08-24,15.91,16.03,15.68,15.90,14400,15.90
2010-08-23,16.33,16.33,16.14,16.14,6000,16.14
2010-08-20,16.35,16.35,16.11,16.33,13900,16.33
2010-08-19,16.63,16.65,16.32,16.39,6400,16.39
2010-08-18,16.61,16.77,16.49,16.74,9300,16.74
2010-08-17,16.53,16.73,16.53,16.65,4800,16.65
2010-08-16,16.34,16.42,16.33,16.42,7100,16.42
2010-08-13,16.37,16.42,16.30,16.30,5000,16.30
2010-08-12,16.35,16.49,16.35,16.44,14900,16.44
2010-08-11,16.76,16.76,16.47,16.49,73600,16.49
2010-08-10,17.27,17.27,17.06,17.21,20200,17.21
2010-08-09,17.44,17.51,17.35,17.51,4200,17.51
2010-08-06,17.33,17.36,17.16,17.36,1600,17.36
2010-08-05,17.42,17.46,17.38,17.44,3900,17.44
2010-08-04,17.41,17.52,17.40,17.51,2700,17.51
2010-08-03,17.41,17.49,17.34,17.34,4300,17.34
2010-08-02,17.52,17.58,17.47,17.55,3800,17.55
2010-07-30,16.98,17.23,16.97,17.23,5300,17.23
2010-07-29,17.25,17.29,16.97,17.19,7100,17.19
2010-07-28,17.49,17.49,17.21,17.27,22600,17.27
2010-07-27,17.67,17.83,17.52,17.54,6300,17.54
2010-07-26,17.47,17.72,17.44,17.72,7100,17.72
2010-07-23,17.05,17.42,17.05,17.42,5000,17.42
2010-07-22,17.01,17.18,17.01,17.18,16700,17.18
2010-07-21,16.93,16.98,16.63,16.66,6200,16.66
2010-07-20,16.52,16.99,16.46,16.99,9800,16.99
2010-07-19,16.57,16.68,16.46,16.64,12300,16.64
2010-07-16,16.72,16.77,16.50,16.56,7700,16.56
2010-07-15,17.21,17.21,16.88,17.15,10200,17.15
2010-07-14,17.25,17.27,17.07,17.18,16100,17.18
2010-07-13,16.90,17.22,16.90,17.22,3600,17.22
2010-07-12,16.80,16.85,16.66,16.73,4800,16.73
2010-07-09,16.68,16.77,16.65,16.77,15300,16.77
2010-07-08,16.57,16.62,16.44,16.62,18900,16.62
2010-07-07,16.10,16.46,16.09,16.46,23200,16.46
2010-07-06,16.39,16.40,15.80,15.87,7800,15.87
2010-07-02,16.20,16.20,15.92,16.01,13000,16.01
2010-07-01,16.13,16.17,15.73,16.16,90900,16.16
2010-06-30,16.26,16.54,16.10,16.17,48700,16.17
2010-06-29,16.75,16.75,16.30,16.32,7600,16.32
2010-06-28,17.08,17.15,17.03,17.11,7700,17.11
2010-06-25,16.85,17.03,16.81,17.01,5800,17.01
2010-06-24,17.04,17.04,16.78,16.78,50200,16.78
2010-06-23,17.07,17.19,16.98,17.14,11200,17.14
2010-06-22,17.50,17.57,17.13,17.13,13700,17.13
2010-06-21,17.90,17.91,17.49,17.56,12000,17.56
2010-06-18,17.66,17.75,17.62,17.63,12300,17.63
2010-06-17,17.54,17.57,17.53,17.54,1600,17.54
2010-06-16,17.53,17.77,17.53,17.67,8100,17.67
2010-06-15,17.31,17.73,17.31,17.69,24600,17.69
2010-06-14,17.32,17.54,17.24,17.24,12500,17.24
2010-06-11,16.82,17.20,16.82,17.20,14900,17.20
2010-06-10,16.74,16.94,16.73,16.91,8300,16.91
2010-06-09,16.51,16.79,16.39,16.39,4600,16.39
2010-06-08,16.31,16.46,16.10,16.32,22700,16.32
2010-06-07,16.69,16.82,16.30,16.30,17100,16.30
2010-06-04,17.01,17.21,16.74,16.74,9600,16.74
2010-06-03,17.40,17.42,17.20,17.41,8600,17.41
2010-06-02,16.81,17.24,16.81,17.22,11600,17.22
2010-06-01,17.05,17.21,16.76,16.76,4500,16.76
2010-05-28,17.33,17.42,17.26,17.29,1900,17.29
2010-05-27,17.20,17.47,17.20,17.47,7500,17.47
2010-05-26,16.78,17.17,16.78,16.80,43000,16.80
2010-05-25,16.21,16.77,16.18,16.74,20000,16.74
2010-05-24,16.93,16.93,16.70,16.71,4400,16.71
2010-05-21,16.42,17.00,15.36,16.93,141500,16.93
2010-05-20,17.00,17.05,16.56,16.56,27900,16.56
2010-05-19,17.46,17.46,17.04,17.32,10700,17.32
2010-05-18,17.90,18.02,17.48,17.48,19600,17.48
2010-05-17,17.82,17.82,17.42,17.80,8300,17.80
2010-05-14,17.93,17.93,17.65,17.79,51900,17.79
2010-05-13,18.42,18.46,18.25,18.25,23200,18.25
2010-05-12,17.95,18.43,17.95,18.39,13100,18.39
2010-05-11,17.83,18.19,17.83,17.95,18800,17.95
2010-05-10,17.75,17.98,17.75,17.98,13800,17.98
2010-05-07,19.00,20.00,16.86,17.11,226500,17.11
2010-05-06,18.06,18.06,15.90,17.38,29000,17.38
2010-05-05,18.14,18.32,17.93,18.15,19700,18.15
2010-05-04,18.74,18.74,18.29,18.35,27700,18.35
2010-05-03,18.67,18.93,18.59,18.93,50900,18.93
2010-04-30,19.11,19.30,18.61,18.61,12700,18.61
2010-04-29,18.94,19.04,18.90,19.04,19600,19.04
2010-04-28,18.76,18.77,18.71,18.77,1900,18.77
2010-04-27,19.14,19.14,18.72,18.72,6400,18.72
2010-04-26,19.37,19.37,19.23,19.23,20900,19.23
2010-04-23,19.17,19.32,19.09,19.30,22700,19.30
2010-04-22,18.77,19.17,18.74,19.17,30200,19.17
2010-04-21,19.50,19.50,18.76,18.89,50800,18.89
2010-04-20,18.65,18.83,18.62,18.83,14100,18.83
2010-04-19,18.55,18.58,18.32,18.52,30500,18.52
2010-04-16,18.88,18.88,18.46,18.66,18400,18.66
2010-04-15,18.88,18.98,18.87,18.91,6900,18.91
2010-04-14,18.60,18.89,18.60,18.89,14600,18.89
2010-04-13,18.45,18.46,18.36,18.46,11000,18.46
2010-04-12,18.42,18.51,18.42,18.46,7600,18.46
2010-04-09,18.32,18.41,18.32,18.41,7900,18.41
2010-04-08,18.16,18.33,18.06,18.31,8300,18.31
2010-04-07,18.27,18.35,18.17,18.23,18700,18.23
2010-04-06,18.24,18.36,18.24,18.35,5500,18.35
2010-04-05,18.00,18.25,18.00,18.25,6500,18.25
2010-04-01,17.85,17.97,17.85,17.92,14200,17.92
2010-03-31,17.84,17.92,17.78,17.78,3000,17.78
2010-03-30,17.74,17.86,17.71,17.85,17800,17.85
2010-03-29,17.72,17.79,17.70,17.79,4200,17.79
2010-03-26,17.79,18.00,17.60,17.65,4100,17.65
2010-03-25,17.88,17.97,17.67,17.67,58100,17.67
2010-03-24,17.87,17.88,17.76,17.76,20500,17.76
2010-03-23,17.78,17.95,17.73,17.93,14800,17.93
2010-03-22,17.35,17.78,17.35,17.78,5700,17.78
2010-03-19,17.77,17.78,17.54,17.62,174400,17.62
2010-03-18,17.88,17.89,17.76,17.84,380300,17.84
2010-03-17,17.85,18.02,17.85,17.93,159300,17.93
2010-03-16,17.69,17.83,17.66,17.83,21800,17.83
2010-03-15,17.64,17.70,17.52,17.68,66200,17.68
2010-03-12,17.84,17.84,17.66,17.69,20200,17.69
2010-03-11,17.64,17.76,17.60,17.75,20200,17.75
2010-03-10,17.59,17.75,17.59,17.74,69200,17.74
2010-03-09,17.44,17.64,17.44,17.54,7000,17.54
2010-03-08,17.34,17.58,17.34,17.57,18600,17.57
2010-03-05,17.23,17.45,17.23,17.42,6000,17.42
2010-03-04,17.21,17.22,17.09,17.19,7400,17.19
2010-03-03,17.21,17.30,17.15,17.15,3800,17.15
2010-03-02,17.09,17.19,17.06,17.06,14500,17.06
2010-03-01,16.88,17.04,16.88,17.04,3400,17.04
2010-02-26,16.74,16.80,16.70,16.76,15500,16.76
2010-02-25,16.30,16.70,16.30,16.69,9000,16.69
2010-02-24,16.72,16.78,16.68,16.68,2800,16.68
2010-02-23,16.72,16.72,16.55,16.64,9600,16.64
2010-02-22,17.56,17.56,16.78,16.78,9100,16.78
2010-02-19,16.68,16.85,16.68,16.82,6400,16.82
2010-02-18,16.64,16.74,16.61,16.74,17100,16.74
2010-02-17,16.65,16.65,16.55,16.57,1900,16.57
2010-02-16,16.48,16.48,16.39,16.47,6400,16.47
2010-02-12,15.93,16.25,15.93,16.25,11000,16.25
2010-02-11,15.85,16.13,15.73,16.13,17000,16.13
2010-02-10,15.77,15.89,15.70,15.86,16500,15.86
2010-02-09,15.85,15.95,15.69,15.81,5100,15.81
2010-02-08,15.81,15.82,15.66,15.66,4400,15.66
2010-02-05,15.56,16.03,15.14,15.67,23700,15.67
2010-02-04,16.00,16.00,15.73,15.73,8100,15.73
2010-02-03,16.37,16.37,16.30,16.30,9100,16.30
2010-02-02,16.20,16.50,16.20,16.45,6600,16.45
2010-02-01,16.06,16.26,16.06,16.26,5100,16.26
2010-01-29,16.26,16.32,15.90,15.94,34800,15.94
2010-01-28,16.42,16.42,16.05,16.26,11100,16.26
2010-01-27,16.29,16.37,16.16,16.32,6500,16.32
2010-01-26,16.30,16.47,16.29,16.34,17200,16.34
2010-01-25,16.39,16.45,16.27,16.41,11100,16.41
2010-01-22,16.51,16.57,16.38,16.38,55000,16.38
2010-01-21,16.77,16.83,16.58,16.60,5500,16.60
2010-01-20,16.71,16.75,16.61,16.72,11900,16.72
2010-01-19,16.64,16.88,16.64,16.88,8300,16.88
2010-01-15,16.98,17.58,16.60,16.62,12200,16.62
2010-01-14,16.87,16.92,16.82,16.91,4200,16.91
2010-01-13,16.57,16.84,16.57,16.84,9700,16.84
2010-01-12,16.73,16.75,16.57,16.57,5900,16.57
2010-01-11,17.00,17.00,16.75,16.82,5000,16.82
2010-01-08,16.80,16.91,16.80,16.91,12000,16.91
2010-01-07,16.71,16.91,16.71,16.91,5600,16.91
2010-01-06,16.78,16.97,16.78,16.81,16900,16.81
2010-01-05,16.71,16.76,16.69,16.75,6400,16.75
2010-01-04,16.19,16.79,16.19,16.72,26900,16.72
2009-12-31,16.58,16.97,16.51,16.51,36100,16.51
2009-12-30,16.55,16.63,16.48,16.53,19200,16.53
2009-12-29,16.71,16.71,16.59,16.66,16000,16.66
2009-12-28,16.66,16.70,16.59,16.59,9500,16.59
2009-12-24,16.62,16.70,16.58,16.69,99700,16.69
2009-12-23,16.41,16.55,16.41,16.52,12300,16.52
2009-12-22,16.24,16.40,16.24,16.40,8400,16.40
2009-12-21,16.22,16.28,16.22,16.22,5600,16.22
2009-12-18,16.03,16.04,15.88,16.01,18500,16.01
2009-12-17,15.97,15.99,15.87,15.94,27900,15.94
2009-12-16,16.00,16.11,16.00,16.04,9600,16.04
2009-12-15,15.87,16.04,15.87,15.90,14800,15.90
2009-12-14,15.88,16.00,15.81,15.99,13200,15.99
2009-12-11,15.76,15.80,15.64,15.75,16500,15.75
2009-12-10,15.70,15.77,15.63,15.65,9100,15.65
2009-12-09,15.61,15.67,15.54,15.63,11700,15.63
2009-12-08,15.56,15.71,15.56,15.63,6000,15.63
2009-12-07,15.77,15.80,15.38,15.74,7700,15.74
2009-12-04,15.73,15.80,15.53,15.66,10200,15.66
2009-12-03,15.55,15.66,15.37,15.56,19600,15.56
2009-12-02,15.51,15.75,15.51,15.59,7700,15.59
2009-12-01,15.47,15.58,15.43,15.50,6600,15.50
2009-11-30,15.20,15.25,15.09,15.25,2700,15.25
2009-11-27,15.00,15.25,15.00,15.25,800,15.25
2009-11-25,15.46,15.51,15.46,15.51,5600,15.51
2009-11-24,15.45,15.46,15.30,15.44,5300,15.44
2009-11-23,15.36,15.96,15.36,15.44,4300,15.44
2009-11-20,15.27,15.27,15.13,15.24,12300,15.24
2009-11-19,15.28,15.36,15.26,15.36,4100,15.36
2009-11-18,15.35,15.64,15.35,15.63,5400,15.63
2009-11-17,15.57,15.63,15.50,15.63,8300,15.63
2009-11-16,15.69,15.69,15.58,15.58,4700,15.58
2009-11-13,15.21,15.34,15.21,15.25,5000,15.25
2009-11-12,15.24,15.94,15.15,15.15,12200,15.15
2009-11-11,15.35,15.89,15.30,15.43,30300,15.43
2009-11-10,15.25,15.35,15.17,15.19,7500,15.19
2009-11-09,14.91,15.30,14.91,15.30,3400,15.30
2009-11-06,14.84,14.98,14.84,14.94,2400,14.94
2009-11-05,14.79,14.96,14.37,14.96,1600,14.96
2009-11-04,14.65,14.95,14.45,14.72,10900,14.72
2009-11-03,14.51,14.75,14.41,14.71,23100,14.71
2009-11-02,14.65,14.79,14.41,14.57,23200,14.57
2009-10-30,14.89,14.89,14.48,14.56,8300,14.56
2009-10-29,14.77,15.36,14.73,14.92,23500,14.92
2009-10-28,14.49,15.00,14.49,14.58,14100,14.58
2009-10-27,15.11,15.22,15.03,15.03,12300,15.03
2009-10-26,15.43,15.49,15.15,15.16,5500,15.16
2009-10-23,15.62,15.70,15.39,15.39,3300,15.39
2009-10-22,15.34,15.67,15.34,15.63,2400,15.63
2009-10-21,15.69,15.80,15.69,15.78,2600,15.78
2009-10-20,15.80,15.80,15.60,15.68,10300,15.68
2009-10-19,15.67,15.90,15.67,15.80,8400,15.80
2009-10-16,15.67,15.74,15.55,15.66,12100,15.66
2009-10-15,15.70,15.84,15.66,15.84,15400,15.84
2009-10-14,15.73,15.82,15.72,15.80,6300,15.80
2009-10-13,15.53,15.56,15.44,15.53,2100,15.53
2009-10-12,15.62,15.63,15.56,15.56,1100,15.56
2009-10-09,15.40,15.49,15.40,15.48,2300,15.48
2009-10-08,15.18,15.45,15.18,15.34,13100,15.34
2009-10-07,15.16,15.24,15.15,15.20,3500,15.20
2009-10-06,15.02,15.35,15.02,15.16,6500,15.16
2009-10-05,14.70,15.02,14.49,14.97,13700,14.97
2009-10-02,13.51,15.70,13.51,14.76,21900,14.76
2009-10-01,15.26,15.26,14.83,14.83,23900,14.83
2009-09-30,15.46,15.46,15.32,15.39,4000,15.39
2009-09-29,15.36,15.60,14.58,15.35,1900,15.35
2009-09-28,14.51,15.40,14.51,15.40,10200,15.40
2009-09-25,14.50,15.13,13.80,15.02,5300,15.02
2009-09-24,15.48,15.48,15.13,15.21,2800,15.21
2009-09-23,15.59,15.70,15.59,15.62,1800,15.62
2009-09-22,15.60,15.65,15.57,15.60,9800,15.60
2009-09-21,15.41,15.60,15.33,15.60,2100,15.60
2009-09-18,15.50,15.56,15.38,15.56,14600,15.56
2009-09-17,15.57,15.66,15.38,15.38,33500,15.38
2009-09-16,15.17,15.49,15.17,15.49,5700,15.49
2009-09-15,15.03,15.20,14.98,15.15,14300,15.15
2009-09-14,14.83,15.02,14.83,15.02,3700,15.02
2009-09-11,14.99,14.99,14.88,14.98,9300,14.98
2009-09-10,14.69,14.77,14.69,14.77,2300,14.77
2009-09-09,14.58,14.77,14.58,14.67,7800,14.67
2009-09-08,14.52,14.57,14.50,14.53,1900,14.53
2009-09-04,13.62,14.31,13.62,14.30,5800,14.30
2009-09-03,14.02,14.07,13.97,14.07,5300,14.07
2009-09-02,13.90,14.00,13.86,13.88,13600,13.88
2009-09-01,13.58,14.38,13.58,14.01,17200,14.01
2009-08-31,14.23,14.27,14.15,14.26,19200,14.26
2009-08-28,14.60,14.60,14.40,14.42,9300,14.42
2009-08-27,14.46,14.56,14.18,14.42,11600,14.42
2009-08-26,14.41,14.55,14.37,14.44,3800,14.44
2009-08-25,14.53,14.63,14.48,14.48,2200,14.48
2009-08-24,14.72,14.72,14.52,14.52,4800,14.52
2009-08-21,14.26,14.58,14.26,14.54,9400,14.54
2009-08-20,14.08,14.27,14.08,14.26,10400,14.26
2009-08-19,13.86,14.18,13.86,14.02,6300,14.02
2009-08-18,13.76,14.05,13.76,14.03,30600,14.03
2009-08-17,13.51,13.87,13.46,13.75,21900,13.75
2009-08-14,14.45,14.45,14.11,14.20,5600,14.20
2009-08-13,14.37,14.48,14.23,14.47,2600,14.47
2009-08-12,14.40,14.40,14.35,14.36,8200,14.36
2009-08-11,14.36,14.36,14.07,14.21,10600,14.21
2009-08-10,14.42,14.49,14.33,14.33,1600,14.33
2009-08-07,14.39,14.63,14.33,14.53,21700,14.53
2009-08-06,14.42,14.42,14.18,14.29,17200,14.29
2009-08-05,14.63,14.63,13.38,14.39,11800,14.39
2009-08-04,14.43,14.63,14.40,14.57,8700,14.57
2009-08-03,14.28,14.50,14.28,14.37,16000,14.37
2009-07-31,14.20,14.31,14.17,14.25,5400,14.25
2009-07-30,14.13,15.18,14.11,14.18,27300,14.18
2009-07-29,14.08,14.08,13.85,14.02,11500,14.02
2009-07-28,13.99,14.18,13.96,14.18,4700,14.18
2009-07-27,13.86,14.10,13.86,14.00,5700,14.00
2009-07-24,13.85,13.92,13.74,13.88,6400,13.88
2009-07-23,13.39,13.90,13.39,13.83,11700,13.83
2009-07-22,13.28,13.46,13.28,13.46,4800,13.46
2009-07-21,13.48,13.48,13.22,13.36,11900,13.36
2009-07-20,13.34,13.47,13.29,13.47,20100,13.47
2009-07-17,13.16,13.24,13.13,13.18,6800,13.18
2009-07-16,13.10,13.31,13.07,13.31,2400,13.31
2009-07-15,13.00,13.22,13.00,13.16,2600,13.16
2009-07-14,12.70,12.80,12.58,12.69,4300,12.69
2009-07-13,12.20,12.66,12.20,12.60,3400,12.60
2009-07-10,12.27,12.29,12.19,12.27,2300,12.27
2009-07-09,12.25,12.36,11.73,12.34,3700,12.34
2009-07-08,12.00,12.16,11.69,12.15,26800,12.15
2009-07-07,12.26,12.26,12.15,12.15,4400,12.15
2009-07-06,12.40,12.44,12.22,12.22,2600,12.22
2009-07-02,12.56,12.56,12.50,12.50,4500,12.50
2009-07-01,12.92,13.01,12.92,13.01,3400,13.01
2009-06-30,12.77,12.86,12.77,12.86,4600,12.86
2009-06-29,12.79,12.93,12.68,12.89,3100,12.89
2009-06-26,12.71,12.77,12.71,12.77,4200,12.77
2009-06-25,12.34,12.69,12.34,12.69,17200,12.69
2009-06-24,12.57,12.57,12.45,12.45,500,12.45
2009-06-23,12.18,12.31,12.18,12.31,2200,12.31
2009-06-22,12.48,12.48,12.19,12.29,1900,12.29
2009-06-19,12.75,12.78,12.68,12.78,6700,12.78
2009-06-18,12.50,12.66,12.50,12.63,2700,12.63
2009-06-17,12.53,12.65,12.36,12.65,4600,12.65
2009-06-16,12.81,12.91,12.56,12.66,15400,12.66
2009-06-15,12.97,12.97,12.79,12.79,1300,12.79
2009-06-12,13.01,13.16,12.98,13.16,1400,13.16
2009-06-11,13.10,13.24,13.10,13.22,9600,13.22
2009-06-10,13.32,13.32,13.04,13.12,1300,13.12
2009-06-09,13.11,13.16,13.09,13.09,3600,13.09
2009-06-08,12.89,12.93,12.89,12.93,3000,12.93
2009-06-05,13.05,13.06,12.97,12.98,6300,12.98
2009-06-04,12.89,13.02,12.89,13.02,5100,13.02
2009-06-03,12.86,12.86,12.71,12.78,7300,12.78
2009-06-02,12.97,13.18,12.97,13.09,10200,13.09
2009-06-01,12.52,13.08,12.52,13.04,3000,13.04
2009-05-29,12.47,12.64,12.43,12.64,1400,12.64
2009-05-28,12.14,12.46,12.14,12.43,5500,12.43
2009-05-27,12.43,12.58,12.33,12.33,4000,12.33
2009-05-26,12.03,12.46,12.03,12.45,4400,12.45
2009-05-22,12.15,12.25,12.11,12.11,4200,12.11
2009-05-21,11.87,12.10,11.87,12.05,10800,12.05
2009-05-20,12.33,12.67,12.32,12.32,17800,12.32
2009-05-19,12.27,12.42,12.27,12.42,1200,12.42
2009-05-18,11.76,12.25,11.40,12.25,20500,12.25
2009-05-15,12.00,12.04,11.80,11.86,17800,11.86
2009-05-14,11.86,12.07,11.86,12.00,9000,12.00
2009-05-13,12.04,12.04,11.81,11.81,8400,11.81
2009-05-12,12.22,12.38,12.22,12.36,2700,12.36
2009-05-11,12.45,12.72,12.45,12.60,6400,12.60
2009-05-08,13.37,13.37,12.57,12.76,10900,12.76
2009-05-07,12.85,12.95,12.38,12.38,10200,12.38
2009-05-06,12.51,12.69,12.51,12.68,7400,12.68
2009-05-05,12.50,12.50,12.30,12.42,3800,12.42
2009-05-04,12.17,12.41,12.17,12.41,2000,12.41
2009-05-01,11.69,12.04,11.69,12.04,10800,12.04
2009-04-30,12.08,12.13,11.86,11.86,3500,11.86
2009-04-29,11.84,12.00,11.84,11.86,5700,11.86
2009-04-28,11.51,11.62,11.51,11.62,2600,11.62
2009-04-27,11.54,11.69,11.48,11.50,3700,11.50
2009-04-24,11.72,11.72,11.59,11.59,1300,11.59
2009-04-23,11.16,11.36,11.16,11.33,2700,11.33
2009-04-22,11.44,11.44,11.43,11.43,1900,11.43
2009-04-21,11.28,11.33,11.26,11.33,5500,11.33
2009-04-20,11.27,11.38,11.27,11.32,1700,11.32
2009-04-17,11.67,11.80,11.67,11.79,4700,11.79
2009-04-16,11.34,11.55,11.28,11.55,4700,11.55
2009-04-15,11.11,11.30,11.10,11.30,3900,11.30
2009-04-14,11.38,11.42,11.12,11.16,4600,11.16
2009-04-13,11.23,11.40,11.23,11.38,4200,11.38
2009-04-09,11.11,11.38,11.11,11.31,6000,11.31
2009-04-08,10.61,10.74,10.59,10.72,2500,10.72
2009-04-07,10.72,10.72,10.49,10.49,9400,10.49
2009-04-06,10.79,10.79,10.67,10.67,3600,10.67
2009-04-03,10.66,11.00,10.66,11.00,1400,11.00
2009-04-02,10.78,10.96,10.78,10.83,5300,10.83
2009-04-01,10.26,10.41,10.26,10.37,3700,10.37
2009-03-31,10.25,10.37,10.13,10.17,9000,10.17
2009-03-30,10.11,10.11,9.95,10.04,1700,10.04
2009-03-27,10.53,10.59,10.43,10.56,4800,10.56
2009-03-26,10.56,10.67,10.50,10.66,900,10.66
2009-03-25,10.48,10.53,10.13,10.33,7700,10.33
2009-03-24,10.36,10.43,10.29,10.36,8200,10.36
2009-03-23,9.73,10.17,9.73,10.17,2000,10.17
2009-03-20,9.95,9.95,9.62,9.62,3400,9.62
2009-03-19,10.11,10.12,10.03,10.08,9400,10.08
2009-03-18,9.50,10.01,9.50,10.00,22400,10.00
2009-03-17,9.35,9.59,9.35,9.53,2600,9.53
2009-03-16,9.49,9.54,9.24,9.24,5200,9.24
2009-03-13,9.29,9.42,9.28,9.42,8700,9.42
2009-03-12,9.06,9.29,9.06,9.29,6100,9.29
2009-03-11,7.90,9.00,7.90,8.78,5600,8.78
2009-03-10,8.50,8.73,8.50,8.73,5900,8.73
2009-03-09,8.06,8.36,8.06,8.11,9400,8.11
2009-03-06,7.94,8.30,7.94,8.15,29000,8.15
2009-03-05,8.31,8.58,8.24,8.27,7600,8.27
2009-03-04,8.35,8.77,8.35,8.75,12000,8.75
2009-03-03,8.37,8.57,8.33,8.40,6200,8.40
2009-03-02,8.63,8.63,7.95,8.45,25000,8.45
2009-02-27,9.10,9.16,8.99,8.99,7500,8.99
2009-02-26,9.33,9.42,9.11,9.11,2100,9.11
2009-02-25,9.20,9.37,8.97,9.27,10100,9.27
2009-02-24,9.02,9.35,8.96,9.33,5000,9.33
2009-02-23,9.36,9.36,8.91,8.99,16300,8.99
2009-02-20,9.07,9.28,8.94,9.22,33000,9.22
2009-02-19,9.66,9.78,9.28,9.28,12700,9.28
2009-02-18,9.55,9.64,9.55,9.57,5900,9.57
2009-02-17,9.86,9.87,9.63,9.74,35000,9.74
2009-02-13,10.33,10.44,10.31,10.42,18000,10.42
2009-02-12,10.00,10.24,10.00,10.24,4000,10.24
2009-02-11,10.27,10.27,10.05,10.17,4700,10.17
2009-02-10,10.84,10.84,10.25,10.25,3400,10.25
2009-02-09,10.69,10.72,10.58,10.71,4000,10.71
2009-02-06,10.58,10.68,10.45,10.63,5600,10.63
2009-02-05,9.94,10.33,9.94,10.26,14400,10.26
2009-02-04,10.15,10.31,10.07,10.07,7300,10.07
2009-02-03,10.01,10.08,10.00,10.08,3400,10.08
2009-02-02,9.83,9.91,9.81,9.91,3200,9.91
2009-01-30,10.36,10.36,9.99,10.10,5000,10.10
2009-01-29,10.30,10.35,10.20,10.23,6800,10.23
2009-01-28,10.46,10.58,10.44,10.58,7100,10.58
2009-01-27,10.13,10.28,10.13,10.28,2900,10.28
2009-01-26,9.95,10.23,9.91,10.15,5800,10.15
2009-01-23,9.52,10.01,9.52,10.01,3600,10.01
2009-01-22,9.92,10.00,9.76,9.89,6000,9.89
2009-01-21,9.64,10.02,9.64,10.01,3900,10.01
2009-01-20,10.09,10.09,9.65,9.67,4200,9.67
2009-01-16,10.44,10.44,10.16,10.28,7600,10.28
2009-01-15,10.00,10.20,9.83,10.16,5500,10.16
2009-01-14,10.47,10.47,10.11,10.17,12300,10.17
2009-01-13,10.61,10.61,10.61,10.61,5300,10.61
2009-01-12,10.61,10.61,10.61,10.61,200,10.61
2009-01-09,11.03,11.09,10.99,11.00,2400,11.00
2009-01-08,10.87,11.28,10.87,11.25,25500,11.25
2009-01-07,11.43,11.44,11.15,11.18,44300,11.18
2009-01-06,11.49,11.70,11.40,11.70,10500,11.70
2009-01-05,10.80,11.20,10.80,11.15,23100,11.15
2009-01-02,10.56,10.91,10.56,10.90,13200,10.90
2008-12-31,10.17,10.59,10.17,10.56,23300,10.56
2008-12-30,10.05,10.20,9.86,10.20,34800,10.20
2008-12-29,10.20,10.20,9.72,9.80,14600,9.80
2008-12-26,9.85,9.85,9.78,9.80,4000,9.80
2008-12-24,9.70,9.77,9.67,9.76,7000,9.76
2008-12-23,9.81,10.02,9.70,9.75,29800,9.72
2008-12-22,10.02,10.02,9.81,9.82,3300,9.79
2008-12-19,10.25,10.47,8.68,10.32,17500,10.29
2008-12-18,10.38,10.55,10.18,10.18,16200,10.15
2008-12-17,10.37,10.51,10.29,10.41,7300,10.37
2008-12-16,9.81,10.43,9.81,10.41,13800,10.37
2008-12-15,10.13,10.30,9.65,9.70,6600,9.67
2008-12-12,9.70,10.21,9.70,10.20,16500,10.17
2008-12-11,9.98,10.38,9.87,9.87,27700,9.84
2008-12-10,10.24,10.35,10.15,10.15,31400,10.12
2008-12-09,9.85,10.25,9.85,10.03,18200,10.00
2008-12-08,9.90,10.04,9.80,10.02,13500,9.99
2008-12-05,9.06,9.49,8.95,9.49,7000,9.46
2008-12-04,9.49,9.69,9.20,9.29,12800,9.26
2008-12-03,9.13,9.58,9.13,9.54,5900,9.51
2008-12-02,9.29,9.43,9.21,9.43,7600,9.40
2008-12-01,9.52,9.54,9.20,9.20,7900,9.17
2008-11-28,9.99,10.10,9.99,10.10,1100,10.07
2008-11-26,9.04,10.08,9.04,10.08,15300,10.05
2008-11-25,9.25,9.41,9.19,9.41,65500,9.38
2008-11-24,8.67,9.29,8.63,9.29,21300,9.26
2008-11-21,8.02,8.36,7.86,8.36,103700,8.33
2008-11-20,8.57,8.64,7.91,7.96,16200,7.93
2008-11-19,9.54,9.68,9.00,9.00,25000,8.97
2008-11-18,9.58,9.84,9.43,9.54,11800,9.51
2008-11-17,9.89,10.05,9.76,9.76,23200,9.73
2008-11-14,10.12,10.44,10.09,10.18,21900,10.15
2008-11-13,9.65,10.25,9.52,10.24,21600,10.21
2008-11-12,10.32,10.32,9.74,9.74,15500,9.71
2008-11-11,10.61,10.75,10.47,10.67,22600,10.63
2008-11-10,10.99,11.42,10.90,10.90,6700,10.86
2008-11-07,10.92,11.07,10.85,10.86,26900,10.82
2008-11-06,11.28,11.28,10.84,10.87,21300,10.83
2008-11-05,11.87,11.91,11.50,11.51,14700,11.47
2008-11-04,12.00,12.17,11.52,12.09,10300,12.05
2008-11-03,11.60,11.78,11.57,11.68,6000,11.64
2008-10-31,11.26,11.68,11.03,11.56,10500,11.52
2008-10-30,10.95,11.24,10.90,11.04,5500,11.00
2008-10-29,10.56,10.98,10.55,10.95,313000,10.91
2008-10-28,10.18,10.20,9.68,10.19,4200,10.16
2008-10-27,10.15,10.26,9.80,9.80,33800,9.77
2008-10-24,10.06,10.34,10.02,10.34,13100,10.31
2008-10-23,10.88,10.96,10.17,10.40,18300,10.36
2008-10-22,11.26,11.27,9.44,10.73,51000,10.69
2008-10-21,11.61,11.92,11.61,11.73,20100,11.69
2008-10-20,11.50,11.71,11.46,11.71,6500,11.67
2008-10-17,11.10,11.80,11.10,11.40,53800,11.36
2008-10-16,10.63,11.00,10.34,10.87,9700,10.83
2008-10-15,11.60,11.72,10.67,10.86,12100,10.82
2008-10-14,13.00,13.08,11.64,11.94,41600,11.90
2008-10-13,10.86,11.95,10.86,11.94,106800,11.90
2008-10-10,10.12,10.60,8.13,10.33,101000,10.30
2008-10-09,11.75,11.96,10.81,10.81,57700,10.77
2008-10-08,11.30,11.88,11.20,11.77,91000,11.73
2008-10-07,12.31,12.92,11.87,11.88,788400,11.84
2008-10-06,12.79,12.88,12.04,12.63,288600,12.59
2008-10-03,14.18,14.19,13.49,13.49,43800,13.44
2008-10-02,14.45,14.45,13.79,13.79,54700,13.74
2008-10-01,14.63,14.80,14.56,14.66,41400,14.61
2008-09-30,14.41,14.80,14.41,14.80,108400,14.75
2008-09-29,15.08,15.08,14.05,14.31,26400,14.26
2008-09-26,15.43,15.60,15.39,15.56,51900,15.51
2008-09-25,15.52,15.88,15.52,15.80,37400,15.75
2008-09-24,15.97,15.97,15.50,15.52,432100,15.47
2008-09-23,15.92,16.16,15.68,15.68,40100,15.63
2008-09-22,16.37,16.38,16.19,16.24,15500,16.19
2008-09-19,17.75,18.37,15.75,16.44,147400,16.38
2008-09-18,15.48,15.63,14.70,15.54,501000,15.49
2008-09-17,15.43,15.43,14.88,14.95,781300,14.90
2008-09-16,14.75,15.52,14.54,15.49,537300,15.44
2008-09-15,15.82,15.82,15.31,15.31,46200,15.26
2008-09-12,16.04,16.33,16.01,16.25,368500,16.20
2008-09-11,15.77,16.11,15.43,16.11,252500,16.06
2008-09-10,15.99,16.23,15.88,16.10,427500,16.05
2008-09-09,16.60,16.68,15.91,15.91,93900,15.86
2008-09-08,16.80,16.84,16.53,16.67,41600,16.61
2008-09-05,16.53,16.74,16.31,16.74,318400,16.68
2008-09-04,16.80,17.16,16.62,16.70,154900,16.64
2008-09-03,17.32,17.39,17.12,17.22,112200,17.16
2008-09-02,17.72,17.78,17.40,17.45,88700,17.39
2008-08-29,17.72,17.78,17.62,17.62,22900,17.56
2008-08-28,17.49,17.84,17.49,17.84,18500,17.78
2008-08-27,17.34,17.55,17.25,17.55,42700,17.49
2008-08-26,17.31,17.35,17.22,17.34,24600,17.28
2008-08-25,17.55,17.55,17.23,17.27,9200,17.21
2008-08-22,17.45,17.72,17.45,17.69,29200,17.63
2008-08-21,17.20,17.56,17.19,17.44,92100,17.38
2008-08-20,17.23,17.33,17.14,17.33,8900,17.27
2008-08-19,17.11,17.20,17.02,17.14,21200,17.08
2008-08-18,17.63,17.63,17.23,17.29,23500,17.23
2008-08-15,17.45,17.60,17.45,17.59,86700,17.53
2008-08-14,17.19,17.40,17.18,17.37,11600,17.31
2008-08-13,17.13,17.26,17.05,17.21,8900,17.15
2008-08-12,17.23,17.27,17.10,17.12,7200,17.06
2008-08-11,17.19,17.45,17.09,17.30,10200,17.24
2008-08-08,16.80,17.25,16.80,17.21,17000,17.15
2008-08-07,16.95,16.97,16.85,16.86,39700,16.80
2008-08-06,16.79,17.00,16.67,16.91,83500,16.85
2008-08-05,16.66,16.79,16.65,16.78,81000,16.72
2008-08-04,16.76,16.76,16.58,16.61,18500,16.55
2008-08-01,16.94,17.01,16.76,16.82,12100,16.76
2008-07-31,16.77,16.97,16.72,16.82,34800,16.76
2008-07-30,16.87,16.90,16.75,16.80,27100,16.74
2008-07-29,16.45,16.70,16.45,16.70,18900,16.64
2008-07-28,16.67,16.79,16.40,16.45,19800,16.39
2008-07-25,16.64,16.85,16.63,16.64,12500,16.58
2008-07-24,16.98,16.98,16.60,16.63,21400,16.57
2008-07-23,17.02,17.15,16.86,16.97,33300,16.91
2008-07-22,16.73,17.20,16.73,17.20,33500,17.14
2008-07-21,16.80,16.94,16.80,16.89,274200,16.83
2008-07-18,16.92,16.92,16.76,16.81,11700,16.75
2008-07-17,16.86,17.03,16.83,16.91,37400,16.85
2008-07-16,16.43,16.79,16.37,16.76,12200,16.70
2008-07-15,16.50,16.70,16.11,16.49,16100,16.43
2008-07-14,16.83,16.85,16.52,16.56,26600,16.50
2008-07-11,16.50,16.83,16.44,16.72,19200,16.66
2008-07-10,16.68,16.81,16.53,16.75,10900,16.69
2008-07-09,17.03,17.08,16.64,16.65,18600,16.59
2008-07-08,16.67,16.97,16.38,16.97,45100,16.91
2008-07-07,17.00,17.04,16.51,16.74,30200,16.68
2008-07-03,16.99,17.12,16.81,17.00,9000,16.94
2008-07-02,17.48,17.57,17.15,17.15,211300,17.09
2008-07-01,17.31,17.46,17.23,17.46,32100,17.40
2008-06-30,17.55,17.63,17.46,17.46,24000,17.40
2008-06-27,17.66,17.69,17.42,17.60,33200,17.54
2008-06-26,17.93,17.98,17.67,17.73,44000,17.67
2008-06-25,18.14,18.25,18.11,18.11,29500,18.05
2008-06-24,18.10,18.23,17.97,18.10,41600,18.04
2008-06-23,18.27,18.31,18.14,18.14,11400,18.08
2008-06-20,18.41,18.51,18.25,18.27,17700,18.21
2008-06-19,18.47,18.56,18.42,18.52,27000,18.46
2008-06-18,18.53,18.56,18.43,18.49,69100,18.43
2008-06-17,18.76,18.76,18.65,18.66,17400,18.60
2008-06-16,18.50,18.74,18.50,18.68,7100,18.62
2008-06-13,18.28,18.55,18.28,18.55,19000,18.49
2008-06-12,18.41,18.51,18.22,18.24,19100,18.18
2008-06-11,18.56,18.57,18.30,18.36,114700,18.30
2008-06-10,18.51,18.60,18.44,18.60,11900,18.54
2008-06-09,18.92,18.92,18.54,18.63,29100,18.57
2008-06-06,19.00,19.04,18.86,18.89,36200,18.83
2008-06-05,18.75,19.07,18.75,19.05,18500,18.99
2008-06-04,18.60,18.78,18.60,18.71,15600,18.65
2008-06-03,18.67,18.77,18.52,18.70,25500,18.64
2008-06-02,18.78,18.80,18.60,18.65,55000,18.59
2008-05-30,18.82,18.83,18.74,18.78,12300,18.72
2008-05-29,18.70,18.91,18.65,18.80,43200,18.74
2008-05-28,18.59,18.73,18.52,18.73,35700,18.67
2008-05-27,18.35,18.55,18.35,18.54,37500,18.48
2008-05-23,18.59,18.59,18.27,18.33,39100,18.27
2008-05-22,18.46,18.76,18.46,18.66,52500,18.60
2008-05-21,18.53,18.75,18.43,18.51,39000,18.45
2008-05-20,18.67,18.71,18.59,18.66,38000,18.60
2008-05-19,18.77,18.94,18.69,18.82,38800,18.76
2008-05-16,18.69,18.81,18.58,18.70,51100,18.64
2008-05-15,18.45,18.65,18.45,18.64,105900,18.58
2008-05-14,18.37,18.62,18.27,18.40,200800,18.34
2008-05-13,18.05,18.46,17.93,18.36,465500,18.30
2008-05-12,16.89,17.15,16.89,17.15,24200,17.09
2008-05-09,16.72,16.94,16.72,16.89,27500,16.83
2008-05-08,16.86,16.95,16.82,16.95,39400,16.89
2008-05-07,17.10,17.17,16.84,16.85,46300,16.79
2008-05-06,16.79,17.10,16.77,17.07,38600,17.01
2008-05-05,16.92,16.97,16.88,16.96,36300,16.90
2008-05-02,16.96,17.05,16.91,16.98,21900,16.92
2008-05-01,16.59,16.90,16.59,16.75,28200,16.69
2008-04-30,16.66,16.75,16.54,16.59,80700,16.53
2008-04-29,16.57,16.67,16.57,16.63,17800,16.57
2008-04-28,16.52,16.70,16.52,16.68,23500,16.62
2008-04-25,16.40,16.56,16.39,16.56,29200,16.50
2008-04-24,16.30,16.44,16.14,16.42,13100,16.36
2008-04-23,16.15,16.28,16.12,16.27,18600,16.21
2008-04-22,16.32,16.32,16.07,16.12,40500,16.07
2008-04-21,15.95,16.39,15.95,16.39,55400,16.33
2008-04-18,16.15,16.46,16.15,16.35,35100,16.29
2008-04-17,15.97,16.13,15.96,16.11,41300,16.06
2008-04-16,15.68,16.13,15.68,16.10,17400,16.05
2008-04-15,15.70,15.78,15.55,15.67,14300,15.62
2008-04-14,15.59,15.76,15.59,15.68,30200,15.63
2008-04-11,15.83,15.83,15.66,15.66,14300,15.61
2008-04-10,15.85,16.00,15.85,15.99,62500,15.94
2008-04-09,16.12,16.19,15.84,15.84,151500,15.79
2008-04-08,15.95,16.19,15.95,16.08,48700,16.03
2008-04-07,16.27,16.33,16.01,16.17,56100,16.12
2008-04-04,16.23,16.28,16.07,16.11,94700,16.06
2008-04-03,15.98,16.17,15.97,16.11,12500,16.06
2008-04-02,15.97,16.10,15.84,16.03,13700,15.98
2008-04-01,15.58,16.00,15.58,16.00,13600,15.95
2008-03-31,15.44,15.62,15.34,15.54,13600,15.49
2008-03-28,15.53,15.67,15.49,15.49,13200,15.44
2008-03-27,15.89,15.89,15.59,15.68,15700,15.63
2008-03-26,15.77,15.90,15.72,15.85,19000,15.80
2008-03-25,15.74,15.87,15.72,15.85,7300,15.80
2008-03-24,15.40,15.83,15.40,15.66,12800,15.61
2008-03-20,15.04,15.31,14.99,15.30,14800,15.25
2008-03-19,15.40,15.43,15.05,15.05,15900,15.00
2008-03-18,15.12,15.42,14.86,15.35,20400,15.30
2008-03-17,14.73,14.93,14.52,14.86,76800,14.81
2008-03-14,15.44,15.44,15.06,15.16,24700,15.11
2008-03-13,15.14,15.52,15.02,15.43,6900,15.38
2008-03-12,15.45,15.54,15.37,15.40,10600,15.35
2008-03-11,15.15,15.44,15.12,15.44,82400,15.39
2008-03-10,15.27,15.27,14.93,14.93,21300,14.88
2008-03-07,15.42,15.55,15.20,15.28,13600,15.23
2008-03-06,15.76,15.79,15.51,15.51,12700,15.46
2008-03-05,15.70,16.02,15.70,15.86,15600,15.81
2008-03-04,15.62,15.81,15.55,15.77,12100,15.72
2008-03-03,15.76,15.91,15.63,15.76,37800,15.71
2008-02-29,16.12,16.12,15.82,15.82,8200,15.77
2008-02-28,16.39,16.50,16.28,16.34,18900,16.28
2008-02-27,16.32,16.52,16.31,16.42,16200,16.36
2008-02-26,16.21,16.50,16.20,16.42,11400,16.36
2008-02-25,15.95,16.31,15.92,16.25,16900,16.20
2008-02-22,15.98,16.00,15.75,15.97,29200,15.92
2008-02-21,16.34,16.38,15.94,15.97,14800,15.92
2008-02-20,16.00,16.34,16.00,16.26,24600,16.20
2008-02-19,16.25,16.36,16.05,16.15,33300,16.10
2008-02-15,16.08,16.13,16.00,16.13,17700,16.08
2008-02-14,16.46,16.49,16.12,16.12,41700,16.07
2008-02-13,16.29,16.51,16.29,16.46,34300,16.40
2008-02-12,16.25,16.38,16.16,16.16,29600,16.11
2008-02-11,15.98,16.18,15.90,16.15,22900,16.10
2008-02-08,15.94,16.11,15.90,15.94,20500,15.89
2008-02-07,15.77,16.10,15.69,15.97,34000,15.92
2008-02-06,16.02,16.22,15.77,15.80,68900,15.75
2008-02-05,16.34,16.38,15.96,15.96,86600,15.91
2008-02-04,16.70,16.70,16.45,16.45,73500,16.39
2008-02-01,16.34,16.59,16.34,16.57,29900,16.51
2008-01-31,15.75,16.38,15.75,16.19,47900,16.14
2008-01-30,16.00,16.27,15.90,15.90,28500,15.85
2008-01-29,15.99,16.14,15.97,16.07,34100,16.02
2008-01-28,15.54,15.96,15.51,15.90,15400,15.85
2008-01-25,15.84,16.04,15.57,15.57,36400,15.52
2008-01-24,15.56,15.86,15.56,15.68,46800,15.63
2008-01-23,14.82,15.44,14.63,15.43,96000,15.38
2008-01-22,14.52,15.25,14.45,15.10,66900,15.05
2008-01-18,15.68,15.68,15.12,15.23,46500,15.18
2008-01-17,15.76,15.88,15.32,15.70,38700,15.65
2008-01-16,15.65,15.86,15.55,15.73,25900,15.68
2008-01-15,15.95,15.95,15.67,15.79,26800,15.74
2008-01-14,16.10,16.14,15.98,16.12,11400,16.07
2008-01-11,16.15,16.18,16.00,16.06,47400,16.01
2008-01-10,15.97,16.36,15.97,16.26,22800,16.20
2008-01-09,16.20,16.24,15.78,16.17,62600,16.12
2008-01-08,16.53,16.67,16.20,16.20,46800,16.15
2008-01-07,16.59,16.70,16.40,16.59,26900,16.53
2008-01-04,16.85,16.90,16.55,16.55,49100,16.49
2008-01-03,17.22,17.38,17.08,17.08,26800,17.02
2008-01-02,17.37,17.54,17.17,17.17,32200,17.11
2007-12-31,17.70,17.70,17.30,17.30,70500,17.24
2007-12-28,17.69,17.98,17.60,17.73,120200,17.67
2007-12-27,17.85,17.91,17.58,17.58,64200,17.52
2007-12-26,17.70,17.89,17.67,17.86,43900,17.80
2007-12-24,17.57,17.72,17.57,17.72,77900,17.66
2007-12-21,18.00,18.00,17.24,17.59,68600,17.53
2007-12-20,18.78,18.88,18.60,18.88,135500,18.82
2007-12-19,18.53,18.66,18.53,18.62,27900,18.56
2007-12-18,18.65,18.66,18.45,18.58,39300,18.52
2007-12-17,18.76,18.81,18.54,18.54,61800,18.48
2007-12-14,18.91,19.05,18.81,18.92,11900,18.86
2007-12-13,18.81,19.11,18.81,19.05,64000,18.99
2007-12-12,19.45,19.60,18.86,18.98,46300,18.92
2007-12-11,19.63,19.72,18.91,18.91,87900,18.85
2007-12-10,19.34,19.65,19.34,19.58,37300,19.51
2007-12-07,19.31,19.51,19.31,19.33,36500,19.26
2007-12-06,19.03,19.45,19.03,19.33,38100,19.26
2007-12-05,18.86,19.12,18.86,19.01,24300,18.95
2007-12-04,18.72,18.85,18.69,18.69,40600,18.63
2007-12-03,19.01,19.12,18.96,18.96,18900,18.90
2007-11-30,18.91,19.16,18.91,18.94,28200,18.88
2007-11-29,18.85,19.02,18.81,18.85,31100,18.79
2007-11-28,18.43,18.95,18.43,18.85,42700,18.79
2007-11-27,18.38,18.45,18.20,18.36,30700,18.30
2007-11-26,18.61,18.77,18.23,18.23,31700,18.17
2007-11-23,18.49,18.69,18.45,18.54,21700,18.48
2007-11-21,18.33,18.54,18.29,18.32,49100,18.26
2007-11-20,18.61,18.86,18.40,18.58,43500,18.52
2007-11-19,18.99,18.99,18.63,18.64,43900,18.58
2007-11-16,19.01,19.12,18.93,19.12,42100,19.06
2007-11-15,19.11,19.26,18.95,19.00,38800,18.94
2007-11-14,19.51,19.54,19.28,19.28,29200,19.21
2007-11-13,19.21,19.45,19.15,19.42,32900,19.35
2007-11-12,19.15,19.28,18.94,19.10,23700,19.04
2007-11-09,19.44,19.45,19.20,19.26,45200,19.19
2007-11-08,19.57,19.60,19.30,19.47,17700,19.40
2007-11-07,19.73,19.87,19.50,19.50,24500,19.43
2007-11-06,19.80,19.98,19.68,19.98,21600,19.91
2007-11-05,19.52,19.77,19.52,19.72,13100,19.65
2007-11-02,19.90,19.90,19.48,19.75,20200,19.68
2007-11-01,20.01,20.06,19.82,19.83,81700,19.76
2007-10-31,20.01,20.22,20.00,20.13,68100,20.06
2007-10-30,19.97,20.11,19.96,20.00,18500,19.93
2007-10-29,20.00,20.08,19.96,20.02,19600,19.95
2007-10-26,19.66,19.97,19.66,19.96,21600,19.89
2007-10-25,19.71,19.88,19.55,19.66,25600,19.59
2007-10-24,19.76,19.84,19.50,19.84,38800,19.77
2007-10-23,19.87,19.92,19.74,19.91,20300,19.84
2007-10-22,19.41,19.75,19.39,19.70,48300,19.63
2007-10-19,20.00,20.04,19.61,19.62,61500,19.55
2007-10-18,20.13,20.28,19.99,20.20,39700,20.13
2007-10-17,20.20,20.25,20.01,20.17,41400,20.10
2007-10-16,20.11,20.19,20.11,20.13,29900,20.06
2007-10-15,20.55,20.55,20.22,20.28,30600,20.21
2007-10-12,20.31,20.50,20.28,20.37,25200,20.30
2007-10-11,20.41,20.62,20.28,20.37,74500,20.30
2007-10-10,20.21,20.47,20.21,20.43,144200,20.36
2007-10-09,20.10,20.29,20.10,20.29,25600,20.22
2007-10-08,20.18,20.28,20.06,20.06,60300,19.99
2007-10-05,20.07,20.29,20.05,20.23,74600,20.16
2007-10-04,20.05,20.05,19.89,20.01,27600,19.94
2007-10-03,19.95,20.08,19.94,19.97,82000,19.90
2007-10-02,19.87,20.04,19.87,20.03,51700,19.96
2007-10-01,19.63,19.96,19.63,19.87,67500,19.80
2007-09-28,19.83,19.83,19.61,19.61,25300,19.54
2007-09-27,19.65,19.80,19.65,19.79,19100,19.72
2007-09-26,19.71,19.71,19.56,19.69,22300,19.62
2007-09-25,19.61,19.68,19.45,19.66,46400,19.59
2007-09-24,19.91,19.91,19.73,19.73,27200,19.66
2007-09-21,19.77,19.92,19.77,19.92,31100,19.85
2007-09-20,19.84,19.88,19.70,19.71,40800,19.64
2007-09-19,19.85,19.99,19.80,19.82,46500,19.75
2007-09-18,19.15,19.71,19.15,19.71,31400,19.64
2007-09-17,19.22,19.22,19.12,19.12,26000,19.06
2007-09-14,19.16,19.28,19.15,19.26,22400,19.19
2007-09-13,19.22,19.37,19.22,19.26,25200,19.19
2007-09-12,19.13,19.27,19.13,19.20,22100,19.14
2007-09-11,19.12,19.26,19.06,19.23,57000,19.16
2007-09-10,19.12,19.26,18.93,19.08,27000,19.02
2007-09-07,19.28,19.28,19.11,19.18,75200,19.12
2007-09-06,19.37,19.54,19.23,19.42,347500,19.35
2007-09-05,19.38,19.43,19.29,19.36,32000,19.29
2007-09-04,19.28,19.63,19.28,19.48,34700,19.41
2007-08-31,19.15,19.33,19.15,19.27,31300,19.20
2007-08-30,18.90,19.13,18.90,19.03,50100,18.97
2007-08-29,18.72,19.11,18.72,19.01,139700,18.95
2007-08-28,19.00,19.01,18.74,18.81,34700,18.75
2007-08-27,19.20,19.20,19.09,19.09,17100,19.03
2007-08-24,19.04,19.25,19.00,19.22,22400,19.15
2007-08-23,19.20,19.20,19.04,19.06,23300,19.00
2007-08-22,19.12,19.19,18.99,19.15,34700,19.09
2007-08-21,18.88,19.01,18.77,18.98,25700,18.92
2007-08-20,18.90,18.92,18.71,18.88,33900,18.82
2007-08-17,18.54,18.80,18.28,18.80,27400,18.74
2007-08-16,18.04,18.18,16.39,18.04,155500,17.98
2007-08-15,18.40,18.67,18.18,18.18,59500,18.12
2007-08-14,18.90,18.98,18.58,18.64,41300,18.58
2007-08-13,19.11,19.11,18.96,18.96,49000,18.90
2007-08-10,18.71,19.13,18.58,18.92,81600,18.86
2007-08-09,18.90,19.18,18.83,18.88,120900,18.82
2007-08-08,19.12,19.39,19.12,19.20,56400,19.14
2007-08-07,18.57,19.09,18.50,18.96,59100,18.90
2007-08-06,18.53,18.73,18.19,18.72,121100,18.66
2007-08-03,18.98,19.09,18.52,18.52,54500,18.46
2007-08-02,19.01,19.10,18.90,19.00,23600,18.94
2007-08-01,18.70,18.95,18.60,18.93,64800,18.87
2007-07-31,19.08,19.15,18.87,18.87,28800,18.81
2007-07-30,18.91,19.01,18.74,18.96,78900,18.90
2007-07-27,19.09,19.15,18.90,19.00,26300,18.94
2007-07-26,19.30,19.31,18.96,19.12,120000,19.06
2007-07-25,19.55,19.76,19.40,19.57,27300,19.50
2007-07-24,19.88,19.88,19.51,19.52,69400,19.45
2007-07-23,19.97,20.06,19.97,20.00,43800,19.93
2007-07-20,20.16,20.21,19.93,19.94,75400,19.87
2007-07-19,20.17,20.33,20.17,20.28,62100,20.21
2007-07-18,20.16,20.20,19.99,20.17,62900,20.10
2007-07-17,20.31,20.42,20.31,20.34,29400,20.27
2007-07-16,20.40,20.47,20.27,20.31,52700,20.24
2007-07-13,20.43,20.53,20.41,20.52,89400,20.45
2007-07-12,20.30,20.50,20.25,20.50,121900,20.43
2007-07-11,20.21,20.34,20.12,20.30,55100,20.23
2007-07-10,20.25,20.29,20.22,20.22,89400,20.15
2007-07-09,20.33,20.41,20.28,20.39,21400,20.32
2007-07-06,20.16,20.30,20.16,20.25,19000,20.18
2007-07-05,20.06,20.22,20.06,20.14,39100,20.07
2007-07-03,20.10,20.11,20.01,20.10,27700,20.03
2007-07-02,19.98,20.06,19.96,20.04,45200,19.97
2007-06-29,19.93,20.01,19.90,19.93,45900,19.86
2007-06-28,19.91,20.10,19.91,19.97,41200,19.90
2007-06-27,19.55,19.98,19.50,19.93,84500,19.86
2007-06-26,19.75,19.86,19.70,19.70,46900,19.63
2007-06-25,19.83,19.96,19.78,19.78,47000,19.71
2007-06-22,20.02,20.03,19.87,19.88,29300,19.81
2007-06-21,19.95,20.08,19.91,20.02,70000,19.95
2007-06-20,20.10,20.22,19.95,19.96,204400,19.89
2007-06-19,19.98,20.15,19.94,20.10,50300,20.03
2007-06-18,20.06,20.15,19.99,20.10,22900,20.03
2007-06-15,19.93,20.21,19.93,20.10,38800,20.03
2007-06-14,19.75,19.98,19.75,19.85,34000,19.78
2007-06-13,19.60,19.80,19.57,19.74,36500,19.67
2007-06-12,19.63,19.70,19.50,19.50,34300,19.43
2007-06-11,19.67,19.82,19.56,19.72,28000,19.65
2007-06-08,19.56,19.75,19.50,19.73,29700,19.66
2007-06-07,19.81,19.97,19.55,19.60,59400,19.53
2007-06-06,19.97,19.97,19.80,19.89,43500,19.82
2007-06-05,20.09,20.12,20.01,20.06,44900,19.99
2007-06-04,19.86,20.18,19.86,20.13,49500,20.06
2007-06-01,20.00,20.15,20.00,20.01,74500,19.94
2007-05-31,19.84,20.00,19.83,19.93,67200,19.86
2007-05-30,19.50,19.82,19.50,19.79,42600,19.72
2007-05-29,19.49,19.61,19.49,19.57,41200,19.50
2007-05-25,19.40,19.46,19.38,19.45,36300,19.38
2007-05-24,19.58,19.77,19.35,19.35,94600,19.28
2007-05-23,19.63,19.80,19.63,19.64,76300,19.57
2007-05-22,19.55,19.69,19.55,19.65,47800,19.58
2007-05-21,19.35,19.64,19.35,19.57,69000,19.50
2007-05-18,19.34,19.48,19.33,19.46,24800,19.39
2007-05-17,19.20,19.38,19.20,19.32,19400,19.25
2007-05-16,19.23,19.28,19.21,19.27,69100,19.20
2007-05-15,19.22,19.40,19.20,19.21,46300,19.14
2007-05-14,19.41,19.42,19.26,19.27,20300,19.20
2007-05-11,19.16,19.42,19.13,19.34,58300,19.27
2007-05-10,19.38,19.43,19.23,19.25,63600,19.18
2007-05-09,19.34,19.47,19.31,19.43,41800,19.36
2007-05-08,19.34,19.37,19.23,19.34,36600,19.27
2007-05-07,19.38,19.45,19.38,19.40,36400,19.33
2007-05-04,19.45,19.49,19.34,19.41,59000,19.34
2007-05-03,19.26,19.45,19.26,19.40,44800,19.33
2007-05-02,19.05,19.33,19.05,19.28,52200,19.21
2007-05-01,19.10,19.10,18.92,19.04,37100,18.98
2007-04-30,19.25,19.25,19.07,19.08,85000,19.02
2007-04-27,19.25,19.31,19.20,19.25,65600,19.18
2007-04-26,19.18,19.28,19.18,19.27,73000,19.20
2007-04-25,19.06,19.19,19.05,19.17,54100,19.11
2007-04-24,19.00,19.06,18.88,19.02,35700,18.96
2007-04-23,18.89,19.00,18.87,18.95,53000,18.89
2007-04-20,18.83,18.97,18.83,18.91,71600,18.85
2007-04-19,18.69,18.82,18.67,18.80,42300,18.74
2007-04-18,18.81,18.92,18.81,18.86,67500,18.80
2007-04-17,19.03,19.03,18.94,18.98,19200,18.92
2007-04-16,18.86,19.03,18.86,18.98,64800,18.92
2007-04-13,18.61,18.84,18.61,18.84,71400,18.78
2007-04-12,18.45,18.72,18.41,18.64,105100,18.58
2007-04-11,18.48,18.49,18.40,18.43,111400,18.37
2007-04-10,18.38,18.49,18.38,18.45,62200,18.39
2007-04-09,18.36,18.45,18.35,18.39,60900,18.33
2007-04-05,18.21,18.47,18.19,18.33,52700,18.27
2007-04-04,18.21,18.29,18.20,18.25,54400,18.19
2007-04-03,18.16,18.36,18.15,18.24,64500,18.18
2007-04-02,18.04,18.20,18.03,18.12,49500,18.06
2007-03-30,18.09,18.21,18.00,18.05,54600,17.99
2007-03-29,18.01,18.05,17.95,18.03,59200,17.97
2007-03-28,18.08,18.08,17.94,17.96,37900,17.90
2007-03-27,18.14,18.17,18.05,18.09,62000,18.03
2007-03-26,18.18,18.24,18.06,18.20,63700,18.14
2007-03-23,18.14,18.23,18.14,18.18,91200,18.12
2007-03-22,18.19,18.22,18.14,18.15,117600,18.09
2007-03-21,17.88,18.18,17.88,18.14,103400,18.08
2007-03-20,17.73,17.94,17.73,17.87,33400,17.81
2007-03-19,17.72,17.80,17.70,17.79,48800,17.73
2007-03-16,17.76,17.83,17.58,17.64,27500,17.58
2007-03-15,17.71,17.79,17.65,17.76,31400,17.70
2007-03-14,17.58,17.72,17.45,17.67,81200,17.61
2007-03-13,17.78,17.79,17.46,17.59,71900,17.53
2007-03-12,17.75,17.93,17.75,17.88,30700,17.82
2007-03-09,17.83,17.93,17.73,17.81,50500,17.75
2007-03-08,17.84,17.98,17.79,17.83,126200,17.77
2007-03-07,17.80,17.91,17.73,17.76,23400,17.70
2007-03-06,17.70,17.90,17.70,17.79,27700,17.73
2007-03-05,17.61,17.84,17.50,17.57,41600,17.51
2007-03-02,18.03,18.03,17.81,17.87,38000,17.81
2007-03-01,17.90,18.16,17.77,18.07,53700,18.01
2007-02-28,17.98,18.15,17.90,18.15,87100,18.09
2007-02-27,18.40,18.40,17.80,17.98,108700,17.92
2007-02-26,18.47,18.49,18.40,18.42,54100,18.36
2007-02-23,18.46,18.46,18.39,18.44,85800,18.38
2007-02-22,18.46,18.50,18.40,18.43,141600,18.37
2007-02-21,18.42,18.48,18.40,18.43,73400,18.37
2007-02-20,18.35,18.48,18.35,18.47,153000,18.41
2007-02-16,18.38,18.43,18.32,18.40,72900,18.34
2007-02-15,18.43,18.46,18.36,18.41,89500,18.35
2007-02-14,18.36,18.46,18.36,18.46,49200,18.40
2007-02-13,18.31,18.39,18.30,18.39,177500,18.33
2007-02-12,18.42,18.44,18.31,18.37,40600,18.31
2007-02-09,18.46,18.58,18.30,18.47,52600,18.41
2007-02-08,18.44,18.53,18.37,18.51,48000,18.45
2007-02-07,18.40,18.45,18.36,18.41,39800,18.35
2007-02-06,18.40,18.43,18.31,18.41,36800,18.35
2007-02-05,18.42,18.45,18.31,18.38,21500,18.32
2007-02-02,18.30,18.40,18.30,18.37,39100,18.31
2007-02-01,18.25,18.38,18.25,18.36,35900,18.30
2007-01-31,18.00,18.26,18.00,18.26,48700,18.20
2007-01-30,18.04,18.08,17.98,18.07,58500,18.01
2007-01-29,17.87,18.06,17.87,18.00,42500,17.94
2007-01-26,17.92,18.00,17.76,18.00,54300,17.94
2007-01-25,18.10,18.10,17.84,17.99,57400,17.93
2007-01-24,17.97,18.15,17.97,18.10,46100,18.04
2007-01-23,17.80,17.97,17.80,17.95,65300,17.89
2007-01-22,17.86,17.93,17.74,17.87,52600,17.81
2007-01-19,17.77,17.86,17.70,17.85,40900,17.79
2007-01-18,17.89,17.91,17.77,17.83,65300,17.77
2007-01-17,17.92,18.00,17.86,17.91,77400,17.85
2007-01-16,18.05,18.13,17.89,18.00,132200,17.94
2007-01-12,17.96,18.20,17.94,18.12,58500,18.06
2007-01-11,17.95,18.20,17.95,18.15,72900,18.09
2007-01-10,18.15,18.15,18.00,18.09,38200,18.03
2007-01-09,18.26,18.28,17.99,18.21,48400,18.15
2007-01-08,18.31,18.34,18.16,18.26,42600,18.20
2007-01-05,18.45,18.47,18.21,18.35,131500,18.29
2007-01-04,18.54,18.54,18.34,18.45,46000,18.39
2007-01-03,18.40,18.60,18.21,18.56,114300,18.50
2006-12-29,18.42,18.45,18.24,18.44,148400,18.38
2006-12-28,18.33,18.49,18.25,18.40,88500,18.34
2006-12-27,18.45,18.45,18.34,18.38,58500,18.32
2006-12-26,18.30,18.45,18.25,18.45,56800,18.39
2006-12-22,18.22,18.37,18.15,18.37,112500,18.31
2006-12-21,18.31,18.40,18.11,18.31,100800,18.25
2006-12-20,18.50,18.50,18.25,18.38,64000,18.32
2006-12-19,18.30,18.49,18.17,18.49,114100,18.43
2006-12-18,18.53,18.60,18.45,18.50,62800,18.44
2006-12-15,18.46,18.60,18.46,18.48,87200,18.42
2006-12-14,18.36,18.57,18.36,18.55,67700,18.49
2006-12-13,18.37,18.54,18.37,18.38,67500,18.32
2006-12-12,18.63,18.64,18.45,18.52,66600,18.46
2006-12-11,18.67,18.72,18.56,18.57,64200,18.51
2006-12-08,18.60,18.71,18.60,18.71,74100,18.65
2006-12-07,18.82,18.87,18.56,18.65,71500,18.59
2006-12-06,18.69,18.89,18.65,18.82,53000,18.76
2006-12-05,18.60,18.83,18.55,18.74,45600,18.68
2006-12-04,18.64,18.70,18.59,18.60,41100,18.54
2006-12-01,18.48,18.64,18.48,18.63,100200,18.57
2006-11-30,18.30,18.60,18.30,18.59,62000,18.53
2006-11-29,18.19,18.36,18.17,18.31,53000,18.25
2006-11-28,17.97,18.13,17.97,18.12,53100,18.06
2006-11-27,18.13,18.16,17.95,18.00,109400,17.94
2006-11-24,18.25,18.25,18.17,18.25,10500,18.19
2006-11-22,18.01,18.28,18.00,18.20,31800,18.14
2006-11-21,17.99,18.11,17.92,17.97,61700,17.91
2006-11-20,17.90,18.06,17.90,17.95,64500,17.89
2006-11-17,18.00,18.05,17.90,17.94,70600,17.88
2006-11-16,18.28,18.42,17.97,18.09,43000,18.03
2006-11-15,17.93,18.30,17.93,18.22,37800,18.16
2006-11-14,17.84,18.10,17.84,18.02,50700,17.96
2006-11-13,17.87,17.90,17.79,17.80,68600,17.74
2006-11-10,17.81,17.86,17.71,17.83,44700,17.77
2006-11-09,17.91,18.09,17.86,17.90,76000,17.84
2006-11-08,17.95,18.00,17.87,17.94,16300,17.88
2006-11-07,17.87,18.02,17.84,18.02,53400,17.96
2006-11-06,17.70,18.08,17.70,17.91,49600,17.85
2006-11-03,17.73,17.80,17.61,17.61,36700,17.55
2006-11-02,17.85,17.86,17.72,17.73,8400,17.67
2006-11-01,17.83,18.03,17.80,17.90,55000,17.84
2006-10-31,17.94,17.99,17.81,17.88,34900,17.82
2006-10-30,17.86,18.00,17.86,18.00,31800,17.94
2006-10-27,18.15,18.15,17.96,18.01,46000,17.95
2006-10-26,18.37,18.41,18.06,18.20,37500,18.14
2006-10-25,18.04,18.50,18.04,18.34,41500,18.28
2006-10-24,18.15,18.19,18.00,18.11,42500,18.05
2006-10-23,18.16,18.27,18.07,18.23,15000,18.17
2006-10-20,18.10,18.16,17.94,18.16,43700,18.10
2006-10-19,17.98,18.15,17.85,18.15,54700,18.09
2006-10-18,18.17,18.24,17.96,18.08,53600,18.02
2006-10-17,18.05,18.18,17.92,18.14,23400,18.08
2006-10-16,17.80,18.18,17.76,18.17,72100,18.11
2006-10-13,18.00,18.06,17.86,17.97,13100,17.91
2006-10-12,17.94,18.25,17.79,18.07,39400,18.01
2006-10-11,17.96,17.96,17.78,17.89,41500,17.83
2006-10-10,17.95,17.98,17.85,17.98,27900,17.92
2006-10-09,17.79,17.92,17.68,17.92,42500,17.86
2006-10-06,17.51,17.90,17.51,17.84,43600,17.78
2006-10-05,17.45,18.00,17.45,17.89,85300,17.83
2006-10-04,17.53,17.84,17.53,17.84,44600,17.78
2006-10-03,17.64,17.69,17.50,17.63,20900,17.57
2006-10-02,17.58,17.64,17.49,17.64,14000,17.58
2006-09-29,17.63,17.63,17.49,17.59,21700,17.53
2006-09-28,17.52,17.63,17.50,17.59,17900,17.53
2006-09-27,17.54,17.69,17.50,17.62,17000,17.56
2006-09-26,17.51,17.57,17.47,17.52,37600,17.46
2006-09-25,17.47,17.54,17.30,17.54,22600,17.48
2006-09-22,17.46,17.55,17.38,17.50,30000,17.44
2006-09-21,17.53,17.58,17.44,17.48,30000,17.42
2006-09-20,17.49,17.69,17.44,17.56,29700,17.50
2006-09-19,17.61,17.61,17.20,17.48,50400,17.42
2006-09-18,17.55,17.58,17.46,17.54,46700,17.48
2006-09-15,17.49,17.55,17.46,17.51,38700,17.45
2006-09-14,17.24,17.46,17.24,17.41,21300,17.35
2006-09-13,17.23,17.40,17.00,17.34,55000,17.28
2006-09-12,16.99,17.26,16.85,17.26,30000,17.20
2006-09-11,16.89,17.50,16.86,16.95,36800,16.89
2006-09-08,17.10,17.15,16.87,17.01,56500,16.95
2006-09-07,17.20,17.20,17.06,17.10,21900,17.04
2006-09-06,17.47,17.50,17.10,17.20,58600,17.14
2006-09-05,17.53,17.53,17.45,17.52,12400,17.46
2006-09-01,17.53,17.56,17.45,17.50,15200,17.44
2006-08-31,17.46,17.51,17.36,17.51,15500,17.45
2006-08-30,17.44,17.52,17.35,17.41,30300,17.35
2006-08-29,17.23,17.44,17.23,17.44,19400,17.38
2006-08-28,17.25,17.31,17.16,17.27,35100,17.21
2006-08-25,17.13,17.30,17.12,17.30,18900,17.24
2006-08-24,17.00,17.23,17.00,17.23,31700,17.17
2006-08-23,17.00,17.05,16.82,16.90,31000,16.84
2006-08-22,17.14,17.25,16.87,17.02,50100,16.96
2006-08-21,17.26,17.26,17.10,17.12,12000,17.06
2006-08-18,17.15,17.30,17.10,17.28,35600,17.22
2006-08-17,17.35,17.42,17.15,17.20,52300,17.14
2006-08-16,17.23,17.44,17.15,17.38,31800,17.32
2006-08-15,17.14,17.29,17.06,17.20,17600,17.14
2006-08-14,17.25,17.25,16.94,17.09,26700,17.03
2006-08-11,17.09,17.09,16.80,17.05,16000,16.99
2006-08-10,17.00,17.10,16.95,17.04,27200,16.98
2006-08-09,17.20,17.33,17.04,17.18,17500,17.12
2006-08-08,17.25,17.35,17.10,17.20,27100,17.14
2006-08-07,17.21,17.36,17.11,17.11,16800,17.05
2006-08-04,17.28,17.45,17.13,17.33,21800,17.27
2006-08-03,17.28,17.49,17.16,17.24,31300,17.18
2006-08-02,17.54,17.54,17.27,17.46,24400,17.40
2006-08-01,17.53,17.54,17.37,17.54,20400,17.48
2006-07-31,17.53,17.60,17.24,17.47,12400,17.41
2006-07-28,17.10,17.60,17.09,17.52,13700,17.46
2006-07-27,17.05,17.09,16.90,16.93,51100,16.87
2006-07-26,16.75,16.94,16.52,16.84,47100,16.78
2006-07-25,16.90,17.15,16.40,16.40,51300,16.34
2006-07-24,16.95,17.00,16.36,16.85,42300,16.79
2006-07-21,17.60,17.60,16.35,16.88,61500,16.82
2006-07-20,17.95,18.11,17.50,17.57,20900,17.51
2006-07-19,17.79,18.15,17.55,17.95,19200,17.89
2006-07-18,17.65,17.95,17.35,17.74,27100,17.68
2006-07-17,18.40,18.40,16.55,17.45,149400,17.39
2006-07-14,18.65,18.86,18.50,18.65,21700,18.59
2006-07-13,19.15,19.15,18.60,19.00,17700,18.94
2006-07-12,19.55,19.65,19.05,19.30,9300,19.23
2006-07-11,19.70,19.80,19.55,19.60,8800,19.53
2006-07-10,19.30,19.60,19.30,19.50,6200,19.43
2006-07-07,19.50,19.75,19.45,19.55,6500,19.48
2006-07-06,19.65,19.75,19.25,19.40,7500,19.33
2006-07-05,19.25,19.75,18.11,19.75,44600,19.68
2006-07-03,20.43,20.43,19.25,19.25,29300,19.18
2006-06-30,20.27,20.45,20.27,20.44,8700,20.37
2006-06-29,20.55,20.55,20.35,20.50,2700,20.43
2006-06-28,20.50,20.75,20.45,20.55,11900,20.48
2006-06-27,20.60,20.65,20.50,20.55,8800,20.48
2006-06-26,21.10,21.15,20.85,20.85,7700,20.78
2006-06-23,21.00,21.23,20.80,21.23,11900,21.16
2006-06-22,20.50,20.90,20.40,20.90,18300,20.83
2006-06-21,20.75,21.00,20.75,20.75,7400,20.68
2006-06-20,21.00,21.08,20.80,20.80,5900,20.73
2006-06-19,21.35,21.35,20.95,20.95,5700,20.88
2006-06-16,21.05,22.65,21.05,21.35,40000,21.28
2006-06-15,20.40,20.98,20.40,20.98,10400,20.91
2006-06-14,20.25,20.35,20.10,20.35,8000,20.28
2006-06-13,20.40,20.40,20.16,20.20,13300,20.13
2006-06-12,20.85,20.85,20.35,20.35,3800,20.28
2006-06-09,20.60,21.00,20.60,20.85,9000,20.78
2006-06-08,20.53,20.55,20.05,20.55,12600,20.48
2006-06-07,20.40,20.60,20.01,20.48,21700,20.41
2006-06-06,21.00,21.00,20.30,20.30,12800,20.23
2006-06-05,21.60,21.60,21.00,21.05,14600,20.98
2006-06-02,21.75,21.75,21.55,21.55,5100,21.48
2006-06-01,22.00,22.00,21.75,21.75,10100,21.68
2006-05-31,21.95,22.20,21.51,22.10,22200,22.03
2006-05-30,22.00,22.00,21.80,21.85,3300,21.78
2006-05-26,22.00,22.05,21.65,22.00,16200,21.93
2006-05-25,21.65,22.20,21.65,22.00,8700,21.93
2006-05-24,22.47,22.48,21.70,21.70,18900,21.63