2011-05-10,55.45,55.65,55.45,55.62,1800,55.62
2011-05-09,54.68,54.83,54.58,54.78,12000,54.78
2011-05-06,54.93,54.93,54.78,54.90,500,54.90
2011-05-05,54.35,54.35,54.15,54.20,1500,54.20
2011-05-04,54.88,54.88,54.66,54.66,4200,54.66
2011-05-03,54.29,55.07,54.29,54.90,1500,54.90
2011-05-02,54.94,54.94,54.52,54.54,2200,54.54
2011-04-29,54.46,54.52,54.23,54.52,2200,54.52
2011-04-28,53.83,54.32,53.83,54.32,3200,54.32
2011-04-27,53.58,53.75,53.54,53.75,1300,53.75
2011-04-26,52.93,53.36,52.93,53.36,6000,53.36
2011-04-25,52.75,52.93,52.64,52.90,900,52.90
2011-04-21,52.72,52.81,51.70,52.81,1400,52.81
2011-04-20,52.47,52.79,52.47,52.73,6700,52.73
2011-04-19,52.05,52.05,51.99,51.99,900,51.99
2011-04-18,52.10,52.26,52.00,52.01,4100,52.01
2011-04-15,52.43,52.67,52.43,52.59,5700,52.59
2011-04-14,51.99,52.18,51.97,52.18,1900,52.18
2011-04-13,52.04,52.17,52.04,52.17,500,52.17
2011-04-12,51.81,51.89,51.68,51.77,3900,51.77
2011-04-11,52.33,52.33,51.95,52.03,2800,52.03
2011-04-08,52.60,52.61,52.43,52.43,1500,52.43
2011-04-07,52.47,52.60,52.44,52.60,2100,52.60
2011-04-06,52.68,52.68,52.64,52.64,400,52.64
2011-04-05,52.50,52.66,52.50,52.51,3000,52.51
2011-04-04,52.57,52.60,52.57,52.60,300,52.60
2011-04-01,52.57,52.79,52.52,52.57,33100,52.57
2011-03-31,52.52,52.57,52.44,52.50,6100,52.50
2011-03-30,52.34,52.54,52.27,52.54,15400,52.54
2011-03-29,51.57,51.84,51.57,51.84,15700,51.84
2011-03-28,51.81,51.89,51.50,51.50,4800,51.50
2011-03-25,51.58,51.78,51.52,51.58,3700,51.58
2011-03-24,51.24,51.53,51.24,51.53,3100,51.53
2011-03-23,50.97,51.30,50.97,51.30,900,51.30
2011-03-22,51.33,51.40,51.27,51.40,2000,51.40
2011-03-21,51.05,51.16,51.05,51.13,1100,51.13
2011-03-18,51.18,51.18,50.99,50.99,200,50.99
2011-03-17,50.78,51.02,50.78,51.02,1500,50.63
2011-03-16,50.81,50.92,50.35,50.78,6900,50.39
2011-03-15,50.79,51.43,50.79,51.43,1800,51.04
2011-03-14,51.87,52.06,51.76,52.06,1600,51.66
2011-03-11,52.62,52.63,52.42,52.61,700,52.21
2011-03-10,52.87,52.87,52.40,52.41,2200,52.01
2011-03-09,52.97,52.99,52.97,52.99,400,52.59
2011-03-08,52.13,52.67,52.13,52.67,1100,52.27
2011-03-07,52.25,52.27,51.94,51.97,2100,51.57
2011-03-04,52.24,52.24,51.55,51.62,2700,51.23
2011-03-03,52.10,52.10,52.00,52.10,1600,51.70
2011-03-02,51.53,51.60,51.50,51.60,500,51.21
2011-03-01,51.99,52.09,51.48,51.48,3500,51.09
2011-02-28,51.46,52.07,51.46,51.80,3200,51.41
2011-02-25,50.99,51.22,50.99,51.22,1500,50.83
2011-02-24,51.19,51.19,50.88,50.88,1400,50.49
2011-02-23,51.45,51.45,50.51,51.10,4800,50.71
2011-02-22,51.73,51.76,51.30,51.45,3000,51.06
2011-02-18,52.23,52.23,51.85,51.93,800,51.53
2011-02-17,51.67,51.99,51.67,51.99,9800,51.59
2011-02-16,52.25,52.25,51.79,51.84,4300,51.44
2011-02-15,52.02,52.07,51.80,52.07,6600,51.67
2011-02-14,52.41,52.41,51.80,52.02,7800,51.62
2011-02-11,52.17,52.42,52.16,52.32,4700,51.92
2011-02-10,52.24,52.26,52.09,52.26,2200,51.86
2011-02-09,51.94,52.05,51.88,52.05,1800,51.65
2011-02-08,52.03,52.09,51.99,52.09,3200,51.69
2011-02-07,51.95,52.12,51.94,52.12,11100,51.72
2011-02-04,51.61,51.78,51.61,51.78,44300,51.39
2011-02-03,51.55,51.79,51.55,51.79,1300,51.40
2011-02-02,52.12,52.12,51.79,51.85,1900,51.45
2011-02-01,51.72,51.98,51.72,51.96,5700,51.56
2011-01-31,51.53,51.57,51.43,51.43,4300,51.04
2011-01-28,51.83,51.83,51.42,51.42,3100,51.03
2011-01-27,52.07,52.24,52.07,52.24,25900,51.84
2011-01-26,51.89,51.89,51.89,51.89,200,51.49
2011-01-25,51.91,51.91,51.63,51.78,27500,51.39
2011-01-24,51.66,51.84,51.60,51.76,4600,51.37
2011-01-21,51.43,51.58,51.43,51.58,3200,51.19
2011-01-20,51.27,51.59,51.27,51.52,800,51.13
2011-01-19,51.37,51.37,51.12,51.12,1500,50.73
2011-01-18,51.69,51.69,51.33,51.44,3100,51.05
2011-01-14,51.30,51.45,51.30,51.43,3400,51.04
2011-01-13,51.25,51.38,51.25,51.30,2600,50.91
2011-01-12,51.30,51.50,51.23,51.25,10200,50.86
2011-01-11,51.26,51.26,51.02,51.14,5600,50.75
2011-01-10,51.45,51.45,51.00,51.17,1700,50.78
2011-01-07,51.10,51.14,51.05,51.13,2000,50.74
2011-01-06,51.21,51.21,51.10,51.10,2900,50.71
2011-01-05,51.55,51.55,51.55,51.55,200,51.16
2011-01-04,51.66,51.72,51.35,51.60,2700,51.21
2011-01-03,51.47,51.51,51.17,51.45,4900,51.06
2010-12-31,51.10,51.10,51.10,51.10,1000,50.71
2010-12-30,51.00,51.00,50.98,50.98,700,50.59
2010-12-29,51.06,51.12,51.02,51.09,5200,50.70
2010-12-28,51.06,51.13,50.99,51.05,8600,50.66
2010-12-27,51.09,51.09,51.09,51.09,100,50.70
2010-12-23,51.03,51.03,50.97,50.97,600,50.58
2010-12-22,50.75,51.02,50.75,51.01,2200,50.62
2010-12-21,50.75,50.75,50.75,50.75,200,50.36
2010-12-20,50.72,50.72,50.44,50.64,1700,50.25
2010-12-17,50.24,50.33,50.06,50.33,2300,49.95
2010-12-16,50.28,50.51,50.27,50.51,2000,49.61
2010-12-15,50.95,50.95,50.60,50.60,6800,49.70
2010-12-14,50.92,51.09,50.92,51.09,1700,50.18
2010-12-13,50.54,50.83,50.54,50.83,2700,49.93
2010-12-10,50.50,50.50,50.38,50.43,400,49.53
2010-12-09,50.02,50.30,50.02,50.29,3100,49.40
2010-12-08,50.30,50.31,49.89,50.10,2800,49.21
2010-12-07,50.45,50.65,50.12,50.18,2300,49.29
2010-12-06,50.31,50.43,50.22,50.43,10000,49.53
2010-12-03,50.19,50.29,49.95,50.29,10800,49.40
2010-12-02,49.94,50.17,49.87,50.17,4200,49.28
2010-12-01,50.02,50.02,49.81,49.88,2200,48.99
2010-11-30,49.30,49.44,49.25,49.44,1100,48.56
2010-11-29,49.04,49.41,49.04,49.41,1300,48.53
2010-11-26,49.57,49.57,49.57,49.57,400,48.69
2010-11-24,49.69,49.69,49.67,49.67,1500,48.79
2010-11-23,49.42,49.50,49.30,49.48,2600,48.60
2010-11-22,49.96,49.96,49.57,49.95,5700,49.06
2010-11-19,49.74,49.84,49.74,49.82,2400,48.93
2010-11-18,49.89,50.06,49.89,50.05,11500,49.16
2010-11-17,49.58,49.69,49.50,49.59,5800,48.71
2010-11-16,49.73,49.73,49.14,49.47,15400,48.59
2010-11-15,50.29,50.51,50.21,50.21,14100,49.32
2010-11-12,50.24,50.24,49.94,49.97,8000,49.08
2010-11-11,50.44,50.47,50.44,50.47,1600,49.57
2010-11-10,50.72,50.72,50.30,50.51,2100,49.61
2010-11-09,51.07,51.07,50.63,50.63,6100,49.73
2010-11-08,50.79,50.89,50.75,50.85,1500,49.95
2010-11-05,50.93,50.97,50.91,50.95,1100,50.04
2010-11-04,50.83,51.08,50.83,51.02,3900,50.11
2010-11-03,50.66,50.66,50.43,50.50,500,49.60
2010-11-02,50.44,50.60,50.44,50.60,900,49.70
2010-11-01,50.66,50.66,49.97,50.01,8500,49.12
2010-10-29,50.08,50.19,50.08,50.19,3800,49.30
2010-10-28,50.31,50.31,50.05,50.05,800,49.16
2010-10-27,49.81,49.93,49.70,49.93,1200,49.04
2010-10-26,50.42,50.42,50.37,50.39,600,49.49
2010-10-25,50.59,50.67,50.58,50.66,2200,49.76
2010-10-22,51.00,51.00,50.39,50.52,1000,49.62
2010-10-21,51.17,51.17,50.52,50.57,11000,49.67
2010-10-20,50.73,51.06,50.73,50.95,1400,50.04
2010-10-19,50.58,50.84,50.47,50.70,900,49.80
2010-10-18,50.81,50.83,50.81,50.83,1400,49.93
2010-10-15,50.53,50.53,50.27,50.33,800,49.44
2010-10-14,50.61,50.61,50.56,50.56,400,49.66
2010-10-13,50.69,50.69,50.40,50.51,5600,49.61
2010-10-12,50.28,50.30,50.06,50.18,1000,49.29
2010-10-11,50.35,50.35,50.35,50.35,100,49.45
2010-10-08,50.25,50.38,50.04,50.34,10600,49.44
2010-10-07,50.19,50.25,50.19,50.25,300,49.36
2010-10-06,50.18,50.18,50.18,50.18,200,49.29
2010-10-05,50.28,50.48,50.25,50.47,4800,49.57
2010-10-04,50.19,50.19,49.65,49.65,600,48.77
2010-10-01,49.79,49.82,49.75,49.82,1600,48.93
2010-09-30,49.69,49.73,49.61,49.61,1000,48.73
2010-09-29,49.58,49.91,49.58,49.91,900,49.02
2010-09-28,49.67,49.85,49.64,49.80,7600,48.91
2010-09-27,49.86,49.86,49.51,49.75,10500,48.87
2010-09-24,49.37,49.55,49.37,49.49,31000,48.61
2010-09-23,49.19,49.19,48.76,48.77,23400,47.90
2010-09-22,49.13,49.36,49.08,49.36,4800,48.48
2010-09-21,49.01,49.17,48.96,48.98,2400,48.11
2010-09-20,48.40,49.17,48.40,49.17,3000,48.30
2010-09-17,48.49,48.56,48.29,48.38,3100,47.52
2010-09-16,49.06,49.06,48.74,48.74,1300,47.46
2010-09-15,49.07,49.14,49.04,49.14,1000,47.85
2010-09-14,49.26,49.26,49.26,49.26,100,47.97
2010-09-13,49.44,49.44,49.20,49.22,1000,47.93
2010-09-10,48.97,49.00,48.93,49.00,800,47.72
2010-09-09,49.03,49.11,49.03,49.11,2400,47.82
2010-09-08,48.69,48.69,48.69,48.69,800,47.41
2010-09-07,49.05,49.07,48.83,48.83,4300,47.55
2010-09-03,48.95,48.97,48.95,48.96,1400,47.68
2010-09-02,48.77,48.77,48.51,48.67,6900,47.39
2010-09-01,48.00,48.66,48.00,48.59,5500,47.32
2010-08-31,47.28,47.77,47.09,47.45,6200,46.21
2010-08-30,47.98,47.98,47.48,47.48,3200,46.24
2010-08-27,47.49,48.03,47.49,48.03,5900,46.77
2010-08-26,47.34,47.39,47.22,47.22,3600,45.98
2010-08-25,46.88,47.48,46.88,47.45,2900,46.21
2010-08-24,46.89,47.57,46.89,47.28,2300,46.04
2010-08-23,47.48,47.51,47.48,47.51,1400,46.26
2010-08-20,46.86,46.86,46.86,46.86,2500,45.63
2010-08-19,47.06,47.20,47.06,47.12,3200,45.89
2010-08-18,47.98,48.02,47.96,47.96,2400,46.70
2010-08-17,48.02,48.24,48.02,48.09,2800,46.83
2010-08-16,47.30,47.61,47.04,47.51,2000,46.26
2010-08-13,47.63,47.65,47.46,47.56,8700,46.31
2010-08-12,47.25,47.47,47.10,47.41,7000,46.17
2010-08-11,47.92,47.92,47.50,47.50,3100,46.26
2010-08-10,48.17,48.34,47.61,48.33,4100,47.06
2010-08-09,48.21,48.35,48.21,48.32,6200,47.05
2010-08-06,47.88,48.06,47.88,48.06,1100,46.80
2010-08-05,47.85,47.99,47.85,47.99,1200,46.73
2010-08-04,47.88,47.90,47.58,47.90,1800,46.64
2010-08-03,47.93,48.10,47.90,47.90,3100,46.64
2010-08-02,47.89,48.00,47.89,47.98,1500,46.72
2010-07-30,47.00,47.13,46.97,47.13,400,45.89
2010-07-29,48.18,48.18,47.42,47.42,1400,46.18
2010-07-28,48.12,48.12,47.95,47.95,1300,46.69
2010-07-27,47.95,48.31,47.95,48.29,16500,47.02
2010-07-26,47.61,47.61,47.61,47.61,2300,46.36
2010-07-23,47.22,47.25,47.10,47.10,2400,45.87
2010-07-22,47.03,47.15,47.03,47.15,600,45.91
2010-07-21,46.79,46.79,46.17,46.17,1100,44.96
2010-07-20,45.96,46.84,45.96,46.84,300,45.61
2010-07-19,46.27,46.31,46.17,46.30,1500,45.09
2010-07-16,46.13,46.13,45.84,45.84,500,44.64
2010-07-15,46.58,46.63,46.24,46.63,4100,45.41
2010-07-14,46.50,46.51,46.39,46.39,2600,45.17
2010-07-13,46.50,46.50,46.50,46.50,100,45.28
2010-07-12,45.84,45.84,45.84,45.84,200,44.64
2010-07-09,45.99,45.99,45.99,45.99,300,44.78
2010-07-08,45.43,45.43,45.43,45.43,000,44.24
2010-07-07,45.09,45.43,45.09,45.43,600,44.24
2010-07-06,44.07,44.07,44.07,44.07,200,42.92
2010-07-02,43.61,43.71,43.51,43.67,3100,42.53
2010-07-01,43.68,43.77,43.54,43.59,1700,42.45
2010-06-30,44.12,44.12,44.12,44.12,000,42.96
2010-06-29,44.50,44.50,44.06,44.12,2500,42.96
2010-06-28,45.26,45.26,45.26,45.26,300,44.07
2010-06-25,44.56,44.70,44.50,44.70,1100,43.53
2010-06-24,44.96,45.00,44.96,45.00,800,43.82
2010-06-23,45.44,45.44,44.77,44.92,1600,43.74
2010-06-22,46.35,46.35,46.35,46.35,300,45.14
2010-06-21,47.20,47.20,46.51,46.51,4400,45.29
2010-06-18,46.96,46.96,46.58,46.62,900,45.40
2010-06-17,46.84,46.98,46.53,46.98,1000,45.75
2010-06-16,46.94,46.94,46.75,46.75,500,45.52
2010-06-15,46.42,46.42,46.42,46.42,200,45.20
2010-06-14,45.25,45.25,45.25,45.25,000,44.06
2010-06-11,45.32,45.32,45.25,45.25,200,44.06
2010-06-10,45.15,45.30,45.15,45.30,300,44.11
2010-06-09,44.50,44.50,44.50,44.50,600,43.33
2010-06-08,44.00,44.20,44.00,44.20,15700,43.04
2010-06-07,44.25,44.25,44.25,44.25,200,43.09
2010-06-04,44.69,44.69,44.11,44.11,700,42.95
2010-06-03,45.22,45.22,45.07,45.19,1000,44.01
2010-06-02,44.39,44.66,44.38,44.66,400,43.49
2010-06-01,44.32,44.55,44.32,44.55,2600,43.38
2010-05-28,44.78,44.78,44.78,44.78,000,43.61
2010-05-27,44.78,44.79,44.54,44.78,11500,43.61
2010-05-26,44.47,44.50,44.21,44.27,1300,43.11
2010-05-25,42.95,43.50,42.95,43.50,900,42.36
2010-05-24,43.79,43.79,43.79,43.79,000,42.64
2010-05-21,43.78,43.79,43.50,43.79,3000,42.64
2010-05-20,44.13,44.40,44.13,44.40,500,43.24
2010-05-19,45.87,45.87,45.87,45.87,000,44.67
2010-05-18,46.57,46.66,45.87,45.87,2000,44.67
2010-05-17,46.55,46.55,45.72,46.32,3200,45.11
2010-05-14,46.24,46.24,46.24,46.24,100,45.03
2010-05-13,46.71,46.71,46.71,46.71,000,45.49
2010-05-12,46.19,46.71,46.19,46.71,1600,45.49
2010-05-11,45.85,46.54,45.85,46.17,1200,44.96
2010-05-10,45.21,45.85,45.21,45.48,2200,44.29
2010-05-07,44.19,45.01,44.19,44.50,6200,43.33
2010-05-06,46.01,46.04,39.59,45.10,1300,43.92
2010-05-05,46.38,46.49,46.30,46.30,1100,45.09
2010-05-04,46.88,46.88,46.50,46.50,600,45.28
2010-05-03,47.02,47.56,47.02,47.56,1300,46.31
2010-04-30,47.16,47.16,47.04,47.04,1200,45.81
2010-04-29,46.83,46.97,46.81,46.86,6800,45.63
2010-04-28,46.40,46.72,46.28,46.72,5300,45.50
2010-04-27,46.97,46.97,46.97,46.97,200,45.74
2010-04-26,47.30,47.30,47.12,47.13,1400,45.89
2010-04-23,47.11,47.15,47.11,47.15,800,45.91
2010-04-22,46.61,46.90,46.61,46.86,10100,45.63
2010-04-21,46.68,46.68,46.68,46.68,1000,45.46
2010-04-20,46.76,46.76,46.49,46.71,600,45.49
2010-04-19,46.21,46.21,46.21,46.21,100,45.00
2010-04-16,46.58,46.58,46.17,46.19,1100,44.98
2010-04-15,46.46,46.77,46.46,46.77,2800,45.54
2010-04-14,46.55,46.59,46.55,46.55,800,45.33
2010-04-13,46.72,46.72,46.72,46.72,000,45.50
2010-04-12,46.79,46.79,46.72,46.72,21800,45.50
2010-04-09,46.49,46.49,46.18,46.39,600,45.17
2010-04-08,46.19,46.34,46.16,46.34,1900,45.13
2010-04-07,46.44,46.44,46.31,46.38,500,45.16
2010-04-06,46.52,46.87,46.52,46.81,2200,45.58
2010-04-05,46.31,46.55,46.31,46.55,500,45.33
2010-04-01,46.05,46.22,46.05,46.22,500,45.01
2010-03-31,45.84,45.84,45.61,45.61,300,44.41
2010-03-30,45.84,45.84,45.78,45.78,1700,44.58
2010-03-29,45.74,45.74,45.74,45.74,300,44.54
2010-03-26,45.22,45.36,45.22,45.27,2100,44.08
2010-03-25,45.82,45.83,45.20,45.20,1800,44.02
2010-03-24,47.04,47.04,45.67,45.68,2500,44.48
2010-03-23,45.82,45.97,45.77,45.88,16700,44.68
2010-03-22,45.77,45.79,45.74,45.79,300,44.59
2010-03-19,46.20,46.20,45.76,45.91,1400,44.71
2010-03-18,46.55,46.55,46.44,46.44,5600,45.22
2010-03-17,46.38,46.44,46.38,46.44,400,45.22
2010-03-16,45.69,45.69,45.69,45.69,000,44.49
2010-03-15,45.79,45.79,45.63,45.69,1700,44.49
2010-03-12,45.80,45.80,45.80,45.80,100,44.60
2010-03-11,45.79,45.79,45.79,45.79,000,44.59
2010-03-10,45.92,45.94,45.79,45.79,600,44.59
2010-03-09,45.79,45.79,45.79,45.79,000,44.59
2010-03-08,45.80,45.80,45.78,45.79,9300,44.59
2010-03-05,45.28,45.60,45.28,45.60,1100,44.41
2010-03-04,45.05,45.06,45.00,45.00,2300,43.82
2010-03-03,45.13,45.31,45.13,45.15,2900,43.97
2010-03-02,45.21,45.25,45.08,45.08,1000,43.90
2010-03-01,44.95,45.00,44.95,44.96,600,43.78
2010-02-26,44.42,44.42,44.42,44.42,200,43.26
2010-02-25,44.56,44.64,44.56,44.64,600,43.47
2010-02-24,44.57,44.76,44.53,44.76,4900,43.59
2010-02-23,44.74,44.88,44.67,44.67,3900,43.50
2010-02-22,45.32,45.32,45.15,45.15,400,43.97
2010-02-19,45.38,45.38,45.38,45.38,200,44.19
2010-02-18,44.58,44.58,44.58,44.58,000,43.41
2010-02-17,44.58,44.58,44.58,44.58,100,43.41
2010-02-16,44.14,44.23,44.14,44.23,900,43.07
2010-02-12,43.41,43.41,43.41,43.41,200,42.27
2010-02-11,43.56,43.56,43.56,43.56,200,42.42
2010-02-10,43.62,43.62,43.39,43.39,11200,42.25
2010-02-09,43.68,43.85,43.68,43.76,900,42.61
2010-02-08,43.94,43.94,43.48,43.48,1600,42.34
2010-02-05,43.47,43.52,43.03,43.10,4500,41.97
2010-02-04,44.61,44.61,43.88,43.90,1900,42.75
2010-02-03,45.11,45.11,45.11,45.11,000,43.93
2010-02-02,44.87,45.11,44.87,45.11,2700,43.93
2010-02-01,44.62,44.79,44.62,44.79,2200,43.62
2010-01-29,44.64,44.68,44.44,44.44,3200,43.28
2010-01-28,44.64,44.86,44.64,44.86,900,43.68
2010-01-27,44.62,44.80,44.62,44.80,400,43.63
2010-01-26,45.17,45.23,45.15,45.23,3400,44.04
2010-01-25,45.37,45.37,45.37,45.37,200,44.18
2010-01-22,45.50,45.50,44.95,44.95,1200,43.77
2010-01-21,45.85,45.97,45.71,45.97,1100,44.77
2010-01-20,46.73,46.73,46.73,46.73,200,45.51
2010-01-19,46.50,47.00,46.50,47.00,1000,45.77
2010-01-15,46.60,46.71,46.13,46.41,3700,45.19
2010-01-14,46.87,47.01,46.86,46.89,18100,45.66
2010-01-13,46.64,46.86,46.63,46.86,1200,45.63
2010-01-12,46.73,46.81,46.55,46.58,1100,45.36
2010-01-11,46.80,46.85,46.80,46.85,1700,45.62
2010-01-08,46.38,46.38,46.25,46.25,400,45.04
2010-01-07,46.76,46.76,46.62,46.66,2200,45.44
2010-01-06,46.86,47.06,46.86,46.87,1900,45.64
2010-01-05,47.17,47.18,46.70,46.92,2800,45.69
2010-01-04,47.33,47.42,47.10,47.42,5000,46.18
2009-12-31,47.58,47.58,47.10,47.10,6000,45.87
2009-12-30,47.48,47.52,47.48,47.52,300,46.27
2009-12-29,47.65,47.65,47.65,47.65,100,46.40
2009-12-28,47.60,47.65,47.52,47.64,2400,46.39
2009-12-24,47.14,47.14,47.14,47.14,000,45.90
2009-12-23,46.84,47.21,46.84,47.14,5900,45.90
2009-12-22,47.30,47.31,47.06,47.10,3000,45.87
2009-12-21,47.04,47.41,47.04,47.41,8900,46.17
2009-12-18,46.99,47.06,46.64,46.77,3800,45.54
2009-12-17,47.11,47.25,47.11,47.25,300,45.49
2009-12-16,47.65,47.65,47.40,47.40,4500,45.63
2009-12-15,47.59,47.59,47.38,47.41,2700,45.64
2009-12-14,47.85,47.85,47.48,47.61,18700,45.84
2009-12-11,47.09,47.29,47.00,47.28,2100,45.52
2009-12-10,46.57,46.75,46.57,46.75,400,45.01
2009-12-09,46.27,46.27,46.19,46.19,400,44.47
2009-12-08,46.54,46.55,45.92,46.37,3400,44.64
2009-12-07,46.42,46.75,46.37,46.75,3100,45.01
2009-12-04,46.59,46.59,45.55,45.55,1200,43.85
2009-12-03,47.07,47.07,45.90,45.99,7300,44.28
2009-12-02,45.67,45.91,45.67,45.91,2800,44.20
2009-12-01,45.08,45.21,45.08,45.20,9500,43.52
2009-11-30,44.44,44.44,44.44,44.44,100,42.78
2009-11-27,44.94,44.94,44.94,44.94,000,43.27
2009-11-25,44.59,44.97,44.59,44.94,9900,43.27
2009-11-24,44.15,44.48,44.15,44.48,2800,42.82
2009-11-23,44.25,44.29,44.25,44.29,1200,42.64
2009-11-20,43.73,43.78,43.73,43.76,3500,42.13
2009-11-19,43.66,43.74,43.57,43.62,6300,42.00
2009-11-18,44.36,44.37,44.31,44.31,400,42.66
2009-11-17,44.27,44.27,44.25,44.25,2500,42.60
2009-11-16,44.28,44.28,44.25,44.25,400,42.60
2009-11-13,43.43,43.70,43.39,43.70,5400,42.07
2009-11-12,43.57,43.57,43.39,43.39,1600,41.77
2009-11-11,44.21,44.21,43.86,43.90,4500,42.26
2009-11-10,43.84,43.98,43.84,43.92,2800,42.28
2009-11-09,43.15,43.38,43.15,43.36,1600,41.74
2009-11-06,42.99,42.99,42.99,42.99,600,41.39
2009-11-05,42.84,42.89,42.84,42.89,1000,41.29
2009-11-04,42.59,42.59,42.28,42.33,3000,40.75
2009-11-03,41.89,42.11,41.89,42.04,11200,40.47
2009-11-02,42.32,42.32,41.70,41.99,3400,40.43
2009-10-30,42.83,42.83,42.81,42.81,400,41.22
2009-10-29,42.74,42.88,42.74,42.88,1400,41.28
2009-10-28,42.67,42.67,42.57,42.57,2000,40.98
2009-10-27,42.87,42.87,42.87,42.87,000,41.27
2009-10-26,43.78,43.89,42.87,42.87,2400,41.27
2009-10-23,44.30,44.31,44.30,44.31,3100,42.66
2009-10-22,43.94,44.23,43.94,44.23,600,42.58
2009-10-21,44.17,44.17,44.17,44.17,000,42.52
2009-10-20,44.71,44.71,44.17,44.17,800,42.52
2009-10-19,44.22,44.22,44.22,44.22,000,42.57
2009-10-16,43.99,44.22,43.87,44.22,1900,42.57
2009-10-15,43.97,43.97,43.88,43.88,400,42.25
2009-10-14,43.72,43.87,43.72,43.87,2800,42.24
2009-10-13,43.82,43.82,43.67,43.70,3500,42.07
2009-10-12,43.89,44.00,43.89,44.00,3100,42.36
2009-10-09,43.59,43.73,43.59,43.72,800,42.09
2009-10-08,43.67,43.67,43.58,43.58,1500,41.96
2009-10-07,43.54,43.54,43.54,43.54,000,41.92
2009-10-06,43.63,43.63,43.54,43.54,500,41.92
2009-10-05,42.74,42.74,42.74,42.74,2100,41.15
2009-10-02,42.48,42.48,42.48,42.48,200,40.90
2009-10-01,43.25,43.25,43.24,43.24,600,41.63
2009-09-30,43.91,43.91,43.91,43.91,100,42.27
2009-09-29,44.27,44.27,44.27,44.27,1500,42.62
2009-09-28,44.11,44.18,44.11,44.18,1200,42.53
2009-09-25,43.66,43.66,43.66,43.66,000,42.03
2009-09-24,43.74,43.74,43.66,43.66,1400,42.03
2009-09-23,44.30,44.31,44.30,44.31,400,42.66
2009-09-22,43.81,43.81,43.81,43.81,000,42.18
2009-09-21,43.81,43.81,43.81,43.81,400,42.18
2009-09-18,43.88,43.93,43.88,43.93,2400,42.29
2009-09-17,44.38,44.50,44.24,44.24,1000,42.14
2009-09-16,44.53,44.53,44.53,44.53,300,42.42
2009-09-15,43.73,44.06,43.69,44.06,900,41.97
2009-09-14,43.58,43.64,43.58,43.64,900,41.57
2009-09-11,43.19,43.23,43.14,43.22,1100,41.17
2009-09-10,42.86,43.03,42.85,43.03,2300,40.99
2009-09-09,42.83,42.84,42.82,42.84,900,40.81
2009-09-08,42.62,42.85,42.60,42.85,5300,40.82
2009-09-04,42.42,42.63,42.42,42.58,7500,40.56
2009-09-03,43.06,43.06,43.06,43.06,000,41.02
2009-09-02,43.06,43.06,43.06,43.06,000,41.02
2009-09-01,42.87,43.08,42.86,43.06,6100,41.02
2009-08-31,43.09,43.09,42.85,42.85,3100,40.82
2009-08-28,43.41,43.41,43.17,43.17,5300,41.12
2009-08-27,43.34,43.36,43.32,43.36,1300,41.31
2009-08-26,43.51,43.51,43.51,43.51,000,41.45
2009-08-25,43.78,43.80,43.49,43.51,6600,41.45
2009-08-24,43.60,43.74,43.43,43.43,600,41.37
2009-08-21,43.25,43.37,43.25,43.37,2700,41.31
2009-08-20,42.45,42.61,42.41,42.55,1100,40.53
2009-08-19,42.20,42.44,42.14,42.40,6200,40.39
2009-08-18,42.04,42.16,42.03,42.14,4700,40.14
2009-08-17,42.13,42.18,42.13,42.16,300,40.16
2009-08-14,42.42,42.42,42.42,42.42,100,40.41
2009-08-13,42.89,42.89,42.89,42.89,000,40.86
2009-08-12,42.89,42.89,42.89,42.89,100,40.86
2009-08-11,42.51,42.55,42.51,42.55,3500,40.53
2009-08-10,42.61,42.61,42.61,42.61,000,40.59
2009-08-07,42.60,42.61,42.60,42.61,1100,40.59
2009-08-06,42.95,42.95,42.95,42.95,000,40.91
2009-08-05,42.95,42.95,42.95,42.95,000,40.91
2009-08-04,42.95,42.95,42.95,42.95,1000,40.91
2009-08-03,42.73,43.20,42.73,43.09,900,41.05
2009-07-31,43.11,43.11,42.79,42.94,700,40.90
2009-07-30,43.10,43.10,43.10,43.10,100,41.06
2009-07-29,42.44,42.44,42.10,42.10,1200,40.10
2009-07-28,42.71,42.71,42.43,42.65,500,40.63
2009-07-27,43.03,43.19,42.95,43.19,1500,41.14
2009-07-24,42.68,42.68,42.68,42.68,800,40.66
2009-07-23,42.64,42.64,42.54,42.54,1100,40.52
2009-07-22,41.43,41.61,41.42,41.61,4600,39.64
2009-07-21,41.62,41.62,41.61,41.61,4000,39.64
2009-07-20,41.00,41.08,41.00,41.08,300,39.13
2009-07-17,41.04,41.04,41.04,41.04,100,39.09
2009-07-16,40.63,40.63,40.63,40.63,100,38.70
2009-07-15,40.63,40.63,40.63,40.63,100,38.70
2009-07-14,40.22,40.22,40.22,40.22,300,38.31
2009-07-13,39.38,39.85,39.38,39.85,300,37.96
2009-07-10,39.24,39.43,39.24,39.33,500,37.47
2009-07-09,39.36,39.45,39.33,39.34,2500,37.48
2009-07-08,39.50,39.50,39.50,39.50,100,37.63
2009-07-07,39.80,39.80,39.80,39.80,300,37.91
2009-07-06,40.27,40.27,40.27,40.27,300,38.36
2009-07-02,40.29,40.29,40.29,40.29,1000,38.38
2009-07-01,41.26,41.60,41.25,41.60,4600,39.63
2009-06-30,41.20,41.24,40.92,41.06,6100,39.11
2009-06-29,40.79,40.79,40.79,40.79,000,38.86
2009-06-26,40.81,40.81,40.79,40.79,500,38.86
2009-06-25,40.85,40.89,40.82,40.82,1000,38.89
2009-06-24,40.26,40.49,40.23,40.32,2700,38.41
2009-06-23,40.27,40.27,40.27,40.27,000,38.36
2009-06-22,40.11,40.27,40.11,40.27,1300,38.36
2009-06-19,41.13,41.13,40.33,40.33,2200,38.42
2009-06-18,41.17,41.22,41.17,41.21,5200,39.26
2009-06-17,40.66,40.72,40.58,40.58,600,38.66
2009-06-16,41.19,41.19,40.61,40.88,5200,38.94
2009-06-15,41.63,41.63,40.86,40.98,1200,39.04
2009-06-12,41.29,41.98,41.15,41.98,1200,39.99
2009-06-11,40.61,41.51,40.61,41.51,1400,39.54
2009-06-10,40.38,40.38,40.38,40.38,300,38.47
2009-06-09,40.12,40.20,39.81,40.02,1900,38.12
2009-06-08,40.36,40.39,39.90,40.23,4000,38.32
2009-06-05,40.79,40.79,40.49,40.49,1300,38.57
2009-06-04,40.21,40.34,40.20,40.34,5200,38.43
2009-06-03,40.13,40.13,40.13,40.13,400,38.23
2009-06-02,40.84,40.99,40.83,40.94,4300,39.00
2009-06-01,40.21,41.08,40.21,41.04,7500,39.09
2009-05-29,39.76,39.76,39.46,39.46,1600,37.59
2009-05-28,38.84,39.44,38.84,39.44,1700,37.57
2009-05-27,39.26,39.27,38.88,38.88,2900,37.04
2009-05-26,38.30,38.30,38.23,38.23,400,36.42
2009-05-22,38.14,38.46,38.14,38.46,500,36.64
2009-05-21,38.42,38.42,38.26,38.26,400,36.45
2009-05-20,39.57,39.59,39.57,39.59,3000,37.71
2009-05-19,38.86,39.35,38.86,39.35,5600,37.49
2009-05-18,38.60,38.60,38.42,38.59,2000,36.76
2009-05-15,39.04,39.04,39.04,39.04,200,37.19
2009-05-14,39.50,39.51,39.26,39.50,3100,37.63
2009-05-13,40.10,40.13,39.50,39.50,2500,37.63
2009-05-12,40.54,40.56,40.46,40.46,1000,38.54
2009-05-11,44.90,44.90,40.54,40.58,1400,38.66
2009-05-08,40.82,41.04,40.75,40.75,2600,38.82
2009-05-07,39.88,39.88,39.88,39.88,200,37.99
2009-05-06,41.68,41.68,39.83,39.83,200,37.94
2009-05-05,40.35,40.35,39.52,39.85,4600,37.96
2009-05-04,40.16,40.16,39.41,39.42,1600,37.55
2009-05-01,38.17,38.72,38.14,38.72,13400,36.88
2009-04-30,38.28,38.28,37.81,37.81,1100,36.02
2009-04-29,37.83,38.11,37.76,37.76,5900,35.97
2009-04-28,37.39,37.62,37.36,37.45,14100,35.68
2009-04-27,37.72,37.72,37.72,37.72,300,35.93
2009-04-24,37.94,37.94,36.48,37.18,3400,35.42
2009-04-23,37.14,37.14,36.98,36.98,1200,35.23
2009-04-22,37.44,37.45,37.37,37.37,800,35.60
2009-04-21,37.03,37.03,37.03,37.03,000,35.28
2009-04-20,37.03,37.03,37.03,37.03,200,35.28
2009-04-17,38.15,38.15,38.03,38.03,800,36.23
2009-04-16,37.96,38.12,37.96,38.12,400,36.31
2009-04-15,37.34,37.57,37.34,37.57,2200,35.79
2009-04-14,37.73,37.73,37.36,37.40,7400,35.63
2009-04-13,37.65,37.84,37.65,37.84,1400,36.05
2009-04-09,38.60,38.61,38.14,38.14,3500,36.33
2009-04-08,37.87,37.96,37.54,37.81,1300,36.02
2009-04-07,37.86,37.86,37.86,37.86,000,36.07
2009-04-06,38.02,38.19,37.68,37.86,1900,36.07
2009-04-03,38.19,38.19,38.09,38.16,1800,36.35
2009-04-02,38.13,38.45,37.81,38.31,2100,36.49
2009-04-01,37.13,37.54,36.99,37.54,3700,35.76
2009-03-31,36.31,36.31,36.31,36.31,000,34.59
2009-03-30,36.38,36.63,36.31,36.31,500,34.59
2009-03-27,37.63,37.63,37.40,37.45,3800,35.68
2009-03-26,37.05,37.13,37.05,37.05,400,35.29
2009-03-25,37.60,37.83,37.33,37.34,2700,35.57
2009-03-24,38.50,38.50,37.78,37.78,300,35.99
2009-03-23,37.41,38.24,37.41,38.24,600,36.43
2009-03-20,37.45,37.48,37.07,37.37,1900,35.60
2009-03-19,37.09,37.37,36.97,37.37,1000,35.24
2009-03-18,35.91,36.81,35.91,36.81,700,34.72
2009-03-17,35.43,35.75,35.43,35.75,600,33.72
2009-03-16,35.69,35.69,35.45,35.45,300,33.43
2009-03-13,34.58,34.58,34.58,34.58,200,32.61
2009-03-12,34.12,34.31,34.12,34.31,12400,32.36
2009-03-11,33.52,33.52,33.52,33.52,100,31.61
2009-03-10,33.20,33.20,33.05,33.15,5100,31.26
2009-03-09,32.28,32.40,31.87,31.87,10000,30.06
2009-03-06,32.88,33.52,31.87,32.20,32200,30.37
2009-03-05,33.27,33.31,32.42,32.56,15100,30.71
2009-03-04,33.51,34.56,33.47,33.99,2400,32.06
2009-03-03,34.79,34.79,33.22,33.29,3500,31.40
2009-03-02,35.59,35.61,34.32,34.32,2300,32.37
2009-02-27,35.75,36.63,35.67,36.63,1400,34.55
2009-02-26,37.23,37.56,37.06,37.07,6700,34.96
2009-02-25,37.19,37.60,36.90,37.29,4800,35.17
2009-02-24,36.31,37.32,36.26,37.31,2700,35.19
2009-02-23,37.40,37.40,36.02,36.02,8800,33.97
2009-02-20,37.32,37.49,36.34,36.96,23600,34.86
2009-02-19,37.63,38.40,36.86,37.68,22500,35.54
2009-02-18,38.43,38.43,37.28,37.46,29000,35.33
2009-02-17,39.25,39.25,38.24,38.26,12000,36.08
2009-02-13,40.24,40.54,40.12,40.42,9500,38.12
2009-02-12,39.34,40.06,39.12,40.04,16200,37.76
2009-02-11,40.00,40.39,39.90,40.13,13600,37.85
2009-02-10,41.63,41.80,40.24,40.41,16500,38.11
2009-02-09,42.00,42.00,41.65,41.85,12800,39.47
2009-02-06,41.49,42.42,41.49,42.19,8600,39.79
2009-02-05,41.23,41.80,41.07,41.57,12500,39.21
2009-02-04,41.40,41.44,41.07,41.34,8700,38.99
2009-02-03,40.83,41.48,40.83,41.38,13400,39.03
2009-02-02,40.43,40.85,40.43,40.85,2800,38.53
2009-01-30,41.98,41.98,40.47,40.52,15900,38.22
2009-01-29,42.46,42.48,41.48,41.59,31500,39.22
2009-01-28,42.68,42.68,41.87,42.25,9400,39.85
2009-01-27,41.50,42.11,41.50,42.10,3300,39.71
2009-01-26,42.07,42.15,41.65,41.76,8000,39.38
2009-01-23,40.68,40.89,40.64,40.88,2500,38.55
2009-01-22,40.14,40.81,40.14,40.62,6200,38.31
2009-01-21,39.74,40.54,39.45,40.54,1400,38.23
2009-01-20,40.69,40.69,40.69,40.69,000,38.38
2009-01-16,40.65,40.73,39.94,40.69,6400,38.38
2009-01-15,39.47,39.97,38.96,39.97,1400,37.70
2009-01-14,40.51,40.51,40.51,40.51,000,38.21
2009-01-13,40.43,40.69,40.33,40.51,8100,38.21
2009-01-12,41.58,41.58,40.94,40.95,1900,38.62
2009-01-09,41.72,41.91,41.46,41.80,5200,39.42
2009-01-08,41.36,41.88,41.24,41.88,4400,39.50
2009-01-07,41.24,41.24,41.24,41.24,100,38.89
2009-01-06,42.01,42.11,41.80,41.80,1400,39.42
2009-01-05,41.53,41.53,41.53,41.53,200,39.17
2009-01-02,40.66,40.66,40.66,40.66,000,38.35
2008-12-31,40.07,40.66,40.07,40.66,2900,38.35
2008-12-30,39.02,39.02,39.02,39.02,000,36.80
2008-12-29,39.35,39.35,38.90,39.02,6700,36.80
2008-12-26,38.93,38.93,38.93,38.93,000,36.72
2008-12-24,38.47,38.93,38.47,38.93,200,36.72
2008-12-23,39.28,39.28,38.87,38.87,1100,36.66
2008-12-22,39.73,39.73,39.73,39.73,000,37.47
2008-12-19,40.03,40.21,39.73,39.73,8600,37.47
2008-12-18,40.24,40.24,40.24,40.24,200,37.41
2008-12-17,40.45,40.51,40.26,40.45,1700,37.60
2008-12-16,40.24,40.24,40.01,40.24,300,37.41
2008-12-15,39.49,39.49,39.13,39.13,300,36.38
2008-12-12,39.46,39.46,39.46,39.46,200,36.68
2008-12-11,40.00,40.00,40.00,40.00,100,37.18
2008-12-10,40.26,40.49,40.20,40.38,2600,37.54
2008-12-09,40.68,42.00,39.65,40.05,18100,37.23
2008-12-08,44.86,44.86,40.29,41.05,41800,38.16
2008-12-05,39.00,39.00,38.34,38.34,1800,35.64
2008-12-04,41.36,41.36,41.36,41.36,000,38.45
2008-12-03,41.36,41.36,41.36,41.36,1000,38.45
2008-12-02,39.18,39.89,39.00,39.00,1400,36.25
2008-12-01,40.10,40.10,39.58,39.59,2800,36.80
2008-11-28,39.96,39.96,39.96,39.96,000,37.15
2008-11-26,39.96,39.96,39.96,39.96,000,37.15
2008-11-25,40.52,40.55,39.96,39.96,4400,37.15
2008-11-24,39.18,39.40,39.07,39.24,1800,36.48
2008-11-21,36.77,37.51,35.42,37.51,2800,34.87
2008-11-20,37.80,37.92,35.92,35.92,10800,33.39
2008-11-19,39.98,39.98,38.35,38.35,1100,35.65
2008-11-18,39.13,40.07,38.84,38.84,1400,36.11
2008-11-17,39.34,40.93,39.34,40.20,8500,37.37
2008-11-14,40.29,41.08,39.58,41.08,1300,38.19
2008-11-13,38.89,40.97,38.62,40.97,3400,38.09
2008-11-12,38.64,38.64,38.45,38.45,5500,35.74
2008-11-11,39.07,39.54,39.07,39.29,9300,36.52
2008-11-10,41.66,41.66,40.11,40.11,2700,37.29
2008-11-07,40.41,40.90,40.40,40.90,900,38.02
2008-11-06,39.46,39.47,39.25,39.25,1500,36.49
2008-11-05,42.65,42.77,42.10,42.10,4900,39.14
2008-11-04,43.16,43.16,42.54,42.57,3000,39.57
2008-11-03,41.54,41.95,41.54,41.95,2900,39.00
2008-10-31,41.34,42.01,40.88,41.24,9100,38.34
2008-10-30,41.73,41.73,40.31,41.17,1500,38.27
2008-10-29,40.67,40.98,40.64,40.98,2900,38.10
2008-10-28,38.97,40.47,37.91,40.47,2000,37.62
2008-10-27,37.94,38.50,36.18,36.18,9500,33.63
2008-10-24,37.40,39.22,37.40,39.22,4300,36.46
2008-10-23,39.47,40.15,38.20,40.09,44400,37.27
2008-10-22,40.52,40.52,38.50,38.50,1000,35.79
2008-10-21,41.68,42.90,41.47,42.03,3600,39.07
2008-10-20,43.01,43.01,43.01,43.01,1000,39.98
2008-10-17,38.17,38.17,38.17,38.17,000,35.48
2008-10-16,39.25,39.25,37.74,38.17,1100,35.48
2008-10-15,39.78,39.78,38.44,38.70,2900,35.98
2008-10-14,39.12,43.00,39.12,42.49,700,39.50
2008-10-13,38.61,39.96,38.61,39.96,500,37.15
2008-10-10,42.90,42.90,34.21,36.76,5600,34.17
2008-10-09,42.90,42.90,40.75,40.75,300,37.88
2008-10-08,42.90,42.90,41.23,42.09,900,39.13
2008-10-07,44.52,45.16,41.96,41.96,8200,39.01
2008-10-06,44.00,44.00,43.35,43.35,1700,40.30
2008-10-03,47.46,47.47,47.07,47.13,6200,43.81
2008-10-02,47.40,47.40,47.29,47.29,1000,43.96
2008-10-01,47.81,48.23,47.70,48.13,14900,44.74
2008-09-30,47.51,47.51,47.51,47.51,200,44.17
2008-09-29,48.68,48.76,46.69,46.69,13800,43.40
2008-09-26,49.58,50.01,49.58,49.80,4300,46.29
2008-09-25,50.25,50.25,50.25,50.25,200,46.71
2008-09-24,48.89,48.89,48.89,48.89,100,45.45
2008-09-23,49.82,49.82,48.86,48.86,2600,45.42
2008-09-22,49.39,49.39,49.39,49.39,1000,45.91
2008-09-19,50.02,50.02,50.02,50.02,000,46.50
2008-09-18,49.55,50.02,48.74,50.02,10200,46.02
2008-09-17,50.63,50.63,50.63,50.63,000,46.58
2008-09-16,51.00,51.00,48.99,50.63,30200,46.58
2008-09-15,51.95,52.68,51.58,51.58,7200,47.45
2008-09-12,53.02,53.18,53.02,53.18,7000,48.93
2008-09-11,51.76,51.91,51.75,51.91,500,47.76
2008-09-10,52.36,52.36,52.36,52.36,200,48.17
2008-09-09,52.98,52.98,52.96,52.96,3000,48.72
2008-09-08,53.09,53.09,53.09,53.09,2000,48.84
2008-09-05,52.23,52.23,51.78,51.78,700,47.64
2008-09-04,52.84,52.84,52.83,52.83,2200,48.60
2008-09-03,53.52,53.59,53.52,53.58,4600,49.29
2008-09-02,54.07,54.07,54.00,54.00,3100,49.68
2008-08-29,54.70,54.70,54.70,54.70,200,50.32
2008-08-28,54.96,54.96,54.96,54.96,1000,50.56
2008-08-27,54.28,54.28,54.28,54.28,000,49.94
2008-08-26,54.19,54.29,54.19,54.28,5500,49.94
2008-08-25,53.87,53.87,53.86,53.86,400,49.55
2008-08-22,54.47,54.47,54.46,54.46,1200,50.10
2008-08-21,54.14,54.14,54.14,54.14,200,49.81
2008-08-20,53.65,53.65,53.65,53.65,2000,49.36
2008-08-19,53.68,53.68,53.68,53.68,300,49.39
2008-08-18,53.39,53.39,53.39,53.39,000,49.12
2008-08-15,53.39,53.39,53.39,53.39,000,49.12
2008-08-14,53.36,53.39,53.32,53.39,1800,49.12
2008-08-13,53.84,53.88,53.84,53.88,4400,49.57
2008-08-12,53.91,53.91,53.91,53.91,2000,49.60
2008-08-11,54.68,54.68,54.55,54.55,3800,50.19
2008-08-08,53.10,53.10,53.10,53.10,000,48.85
2008-08-07,53.10,53.10,53.10,53.10,2000,48.85
2008-08-06,51.28,51.28,51.28,51.28,000,47.18
2008-08-05,51.28,51.28,51.28,51.28,300,47.18
2008-08-04,52.97,52.97,52.97,52.97,000,48.73
2008-08-01,52.96,52.97,52.96,52.97,800,48.73
2008-07-31,53.77,54.26,53.77,54.26,54900,49.92
2008-07-30,53.75,54.06,53.75,54.06,2600,49.74
2008-07-29,53.25,53.25,53.25,53.25,200,48.99
2008-07-28,53.38,53.38,53.38,53.38,000,49.11
2008-07-25,53.57,53.61,53.31,53.38,3200,49.11
2008-07-24,54.04,54.06,53.54,53.54,3400,49.26
2008-07-23,54.59,54.63,54.59,54.63,400,50.26
2008-07-22,54.66,54.66,54.64,54.64,2000,50.27
2008-07-21,54.66,54.86,54.60,54.78,7100,50.40
2008-07-18,54.14,54.34,54.14,54.34,1200,49.99
2008-07-17,53.07,54.03,52.99,53.77,6400,49.47
2008-07-16,55.34,55.34,55.34,55.34,000,50.91
2008-07-15,55.34,55.34,55.34,55.34,000,50.91
2008-07-14,55.34,55.34,55.34,55.34,400,50.91
2008-07-11,55.69,55.69,55.46,55.59,9900,51.14
2008-07-10,56.12,56.12,56.12,56.12,4000,51.63
2008-07-09,56.17,56.17,56.17,56.17,2200,51.68
2008-07-08,55.62,55.98,55.28,55.98,25800,51.50
2008-07-07,56.17,56.32,54.96,54.96,20700,50.56
2008-07-03,55.77,55.83,55.77,55.83,2400,51.36
2008-07-02,56.86,56.86,56.44,56.44,2600,51.93
2008-07-01,56.52,56.99,56.52,56.99,9800,52.43
2008-06-30,55.49,55.49,55.49,55.49,000,51.05
2008-06-27,55.49,55.49,55.49,55.49,4100,51.05
2008-06-26,56.14,56.14,56.08,56.08,2600,51.59
2008-06-25,57.15,57.50,57.15,57.50,6800,52.90
2008-06-24,56.75,57.23,56.75,57.23,6800,52.65
2008-06-23,57.06,57.06,56.73,56.73,1800,52.19
2008-06-20,57.15,57.17,56.80,56.80,5100,52.26
2008-06-19,57.68,58.10,57.56,57.96,17500,52.91
2008-06-18,57.96,58.01,57.45,57.68,13700,52.66
2008-06-17,58.10,58.25,57.98,58.05,33100,52.99
2008-06-16,57.46,57.55,57.34,57.45,5800,52.45
2008-06-13,57.93,57.95,57.37,57.95,8600,52.90
2008-06-12,57.42,57.43,57.42,57.43,400,52.43
2008-06-11,58.08,58.08,57.56,57.56,3200,52.55
2008-06-10,57.89,58.28,57.89,58.22,8700,53.15
2008-06-09,58.23,58.25,58.13,58.13,4400,53.07
2008-06-06,58.36,58.36,57.78,57.78,7000,52.75
2008-06-05,58.79,58.79,58.79,58.79,2000,53.67
2008-06-04,58.15,58.41,57.86,58.41,13700,53.32
2008-06-03,58.44,58.54,57.75,57.95,15400,52.90
2008-06-02,58.23,58.31,58.02,58.31,11800,53.23
2008-05-30,58.85,58.90,58.78,58.82,3900,53.70
2008-05-29,58.38,58.89,58.38,58.89,500,53.76
2008-05-28,57.55,57.55,57.55,57.55,000,52.54
2008-05-27,57.47,57.55,57.47,57.55,400,52.54
2008-05-23,57.72,57.72,57.36,57.45,3800,52.45
2008-05-22,58.48,58.58,58.12,58.44,11500,53.35
2008-05-21,58.78,58.82,58.10,58.24,22200,53.17
2008-05-20,58.24,58.31,58.24,58.31,10200,53.23
2008-05-19,57.58,57.58,57.58,57.58,000,52.57
2008-05-16,57.58,57.58,57.58,57.58,200,52.57
2008-05-15,57.44,57.44,57.44,57.44,200,52.44
2008-05-14,56.31,56.31,56.31,56.31,000,51.41
2008-05-13,56.31,56.31,56.31,56.31,000,51.41
2008-05-12,56.31,56.31,56.31,56.31,000,51.41
2008-05-09,56.31,56.31,56.31,56.31,000,51.41
2008-05-08,55.97,56.31,55.97,56.31,200,51.41
2008-05-07,57.00,57.00,56.79,56.79,300,51.84
2008-05-06,56.26,56.26,56.26,56.26,100,51.36
2008-05-05,56.93,56.93,56.62,56.62,3900,51.69
2008-05-02,57.23,57.23,57.23,57.23,800,52.25
2008-05-01,56.25,56.25,56.25,56.25,2000,51.35
2008-04-30,56.15,56.15,55.82,55.82,8200,50.96
2008-04-29,55.82,55.86,55.81,55.81,2800,50.95
2008-04-28,55.69,55.69,55.69,55.69,000,50.84
2008-04-25,55.69,55.69,55.69,55.69,100,50.84
2008-04-24,55.45,55.45,55.45,55.45,000,50.62
2008-04-23,55.45,55.45,55.45,55.45,100,50.62
2008-04-22,55.06,55.06,55.06,55.06,100,50.27
2008-04-21,55.68,55.68,55.68,55.68,000,50.83
2008-04-18,55.64,55.68,55.64,55.68,200,50.83
2008-04-17,54.58,54.58,54.58,54.58,000,49.83
2008-04-16,54.58,54.58,54.58,54.58,200,49.83
2008-04-15,54.20,54.30,54.11,54.30,1600,49.57
2008-04-14,54.07,54.07,54.07,54.07,000,49.36
2008-04-11,54.07,54.07,54.07,54.07,100,49.36
2008-04-10,54.28,54.28,54.28,54.28,100,49.55
2008-04-09,54.75,54.75,54.75,54.75,000,49.98
2008-04-08,53.07,54.89,53.07,54.75,16600,49.98
2008-04-07,54.72,54.72,54.56,54.56,4300,49.81
2008-04-04,54.45,54.45,54.43,54.43,500,49.69
2008-04-03,54.30,54.30,54.30,54.30,10000,49.57
2008-04-02,54.82,54.82,54.82,54.82,100,50.05
2008-04-01,53.97,53.97,53.83,53.83,7500,49.14
2008-03-31,52.40,52.40,52.40,52.40,000,47.84
2008-03-28,53.21,53.21,52.40,52.40,17300,47.84
2008-03-27,52.72,52.72,52.72,52.72,000,48.13
2008-03-26,52.72,52.72,52.72,52.72,200,48.13
2008-03-25,52.87,52.90,52.76,52.90,21600,48.29
2008-03-24,52.60,52.60,52.60,52.60,10000,48.02
2008-03-20,51.93,52.50,51.74,52.50,3600,47.93
2008-03-19,53.66,53.66,52.47,52.47,15700,47.56
2008-03-18,52.63,53.37,52.63,53.36,42300,48.36
2008-03-17,51.72,51.90,51.72,51.90,10100,47.04
2008-03-14,52.99,52.99,52.06,52.56,48000,47.64
2008-03-13,52.32,53.02,52.32,53.02,35000,48.06
2008-03-12,53.88,53.88,53.30,53.30,30900,48.31
2008-03-11,52.84,52.84,52.71,52.71,5100,47.77
2008-03-10,52.35,52.65,52.16,52.23,43200,47.34
2008-03-07,52.55,52.94,52.29,52.81,18300,47.86
2008-03-06,54.00,54.00,53.06,53.06,12300,48.09
2008-03-05,53.85,54.19,53.85,53.95,25100,48.90
2008-03-04,54.10,54.10,53.75,53.79,30000,48.75
2008-03-03,53.14,53.14,53.14,53.14,000,48.16
2008-02-29,53.64,53.65,52.91,53.14,13400,48.16
2008-02-28,54.90,55.14,54.73,54.97,37300,49.82
2008-02-27,55.93,55.95,55.20,55.21,44000,50.04
2008-02-26,55.54,56.20,55.17,56.20,30400,50.94
2008-02-25,55.34,55.69,55.34,55.69,15000,50.47
2008-02-22,54.95,54.95,54.58,54.80,20400,49.67
2008-02-21,54.77,54.77,54.72,54.72,10000,49.60
2008-02-20,55.47,55.47,55.47,55.47,5000,50.28
2008-02-19,57.13,57.13,57.13,57.13,200,51.78
2008-02-15,55.89,56.20,55.67,56.20,19100,50.94
2008-02-14,56.79,56.79,55.78,56.03,15100,50.78
2008-02-13,56.67,56.75,56.67,56.75,10000,51.44
2008-02-12,56.13,56.39,55.98,55.98,19600,50.74
2008-02-11,55.26,55.59,55.04,55.51,13000,50.31
2008-02-08,55.17,55.33,55.00,55.33,23300,50.15
2008-02-07,55.50,55.50,54.98,54.98,10000,49.83
2008-02-06,56.28,56.46,55.68,55.68,23600,50.47
2008-02-05,57.27,57.27,56.12,56.14,13600,50.88
2008-02-04,57.29,57.38,57.29,57.38,10000,52.01
2008-02-01,56.51,57.02,56.51,57.02,13600,51.68
2008-01-31,54.67,56.62,54.64,56.62,37000,51.32
2008-01-30,55.43,55.43,55.43,55.43,5000,50.24
2008-01-29,55.55,55.63,55.29,55.50,7200,50.30
2008-01-28,54.14,54.77,54.05,54.77,6100,49.64
2008-01-25,54.80,54.80,54.80,54.80,000,49.67
2008-01-24,55.71,55.71,54.69,54.80,2200,49.67
2008-01-23,53.14,55.80,53.09,55.80,8300,50.57
2008-01-22,54.02,54.35,54.02,54.04,15000,48.98
2008-01-18,56.66,57.16,55.61,55.66,7300,50.45
2008-01-17,58.86,58.86,58.54,58.54,15700,53.06
2008-01-16,59.68,59.88,59.05,59.05,23600,53.52
2008-01-15,60.32,60.32,60.00,60.00,1000,54.38
2008-01-14,60.81,60.81,60.46,60.50,1400,54.83
2008-01-11,60.39,60.67,60.33,60.67,10400,54.99
2008-01-10,60.50,60.78,60.50,60.75,5300,55.06
2008-01-09,60.35,60.35,60.00,60.35,17700,54.70
2008-01-08,61.00,61.00,61.00,61.00,000,55.29
2008-01-07,60.49,61.00,60.49,61.00,5600,55.29
2008-01-04,60.22,60.33,60.16,60.24,10200,54.60
2008-01-03,60.65,60.65,60.65,60.65,100,54.97
2008-01-02,61.15,61.15,60.25,60.39,8000,54.73
2007-12-31,61.26,61.26,61.05,61.05,1000,55.33
2007-12-28,61.77,61.77,61.77,61.77,000,55.99
2007-12-27,61.75,61.77,61.75,61.77,10000,55.99
2007-12-26,61.96,61.96,61.90,61.91,37100,56.11
2007-12-24,62.02,62.03,61.96,61.96,32000,56.16
2007-12-21,61.79,62.06,61.73,62.06,55700,56.25
2007-12-20,61.38,61.38,61.38,61.38,000,55.19
2007-12-19,61.38,61.38,61.38,61.38,000,55.19
2007-12-18,61.50,61.83,61.38,61.38,7900,55.19
2007-12-17,61.34,61.34,61.34,61.34,100,55.16
2007-12-14,62.59,62.59,62.59,62.59,900,56.28
2007-12-13,62.43,62.67,62.31,62.64,9300,56.33
2007-12-12,62.69,63.19,62.69,63.19,800,56.82
2007-12-11,63.51,63.51,62.75,62.75,16800,56.42
2007-12-10,63.23,63.23,63.23,63.23,000,56.86
2007-12-07,63.14,63.25,63.12,63.23,9200,56.86
2007-12-06,63.02,63.02,63.02,63.02,100,56.67
2007-12-05,62.85,62.85,62.85,62.85,200,56.51
2007-12-04,62.16,62.16,62.16,62.16,000,55.89
2007-12-03,62.16,62.16,62.16,62.16,100,55.89
2007-11-30,61.62,61.62,61.62,61.62,100,55.41
2007-11-29,60.55,60.55,60.55,60.55,000,54.45
2007-11-28,60.55,60.55,60.55,60.55,000,54.45
2007-11-27,60.43,60.55,60.38,60.55,1100,54.45
2007-11-26,61.10,61.10,61.10,61.10,4000,54.94
2007-11-23,60.76,60.76,60.76,60.76,2000,54.64
2007-11-21,60.83,60.83,60.61,60.61,3100,54.50
2007-11-20,60.35,60.35,60.35,60.35,000,54.27
2007-11-19,60.35,60.35,60.35,60.35,000,54.27
2007-11-16,60.35,60.35,60.35,60.35,000,54.27
2007-11-15,60.52,60.52,60.35,60.35,3600,54.27
2007-11-14,60.90,60.90,60.90,60.90,100,54.76
2007-11-13,60.25,60.25,60.07,60.07,2300,54.01
2007-11-12,60.63,60.78,60.63,60.78,1000,54.65
2007-11-09,60.70,60.70,60.70,60.70,000,54.58
2007-11-08,60.70,60.70,60.70,60.70,100,54.58
2007-11-07,61.13,61.13,60.57,60.57,300,54.46
2007-11-06,61.55,61.55,61.55,61.55,1600,55.35
2007-11-05,61.77,61.77,61.77,61.77,100,55.54
2007-11-02,61.07,61.28,61.07,61.28,4000,55.10
2007-11-01,61.59,61.77,60.99,60.99,12000,54.84
2007-10-31,62.12,62.31,62.12,62.31,15100,56.03
2007-10-30,61.82,61.82,61.78,61.80,6000,55.57
2007-10-29,61.55,61.55,61.55,61.55,000,55.35
2007-10-26,61.29,61.55,61.29,61.55,500,55.35
2007-10-25,60.61,61.30,60.49,61.02,9100,54.87
2007-10-24,59.92,59.92,59.44,59.87,21600,53.83
2007-10-23,59.90,59.90,59.90,59.90,10000,53.86
2007-10-22,59.40,59.62,59.38,59.62,6200,53.61
2007-10-19,61.57,61.57,61.57,61.57,000,55.36
2007-10-18,61.57,61.57,61.57,61.57,000,55.36
2007-10-17,61.57,61.57,61.57,61.57,000,55.36
2007-10-16,61.57,61.57,61.57,61.57,000,55.36
2007-10-15,62.23,63.98,61.57,61.57,12500,55.36
2007-10-12,62.20,62.20,62.20,62.20,100,55.93
2007-10-11,62.24,62.24,62.24,62.24,100,55.97
2007-10-10,61.64,61.64,61.64,61.64,000,55.43
2007-10-09,61.64,61.64,61.64,61.64,100,55.43
2007-10-08,62.00,62.00,61.70,61.70,400,55.48
2007-10-05,61.76,61.76,61.76,61.76,1200,55.53
2007-10-04,60.89,60.89,60.89,60.89,000,54.75
2007-10-03,60.88,60.89,60.86,60.89,1900,54.75
2007-10-02,61.21,61.21,61.21,61.21,000,55.04
2007-10-01,61.21,61.21,61.21,61.21,000,55.04
2007-09-28,61.21,61.21,61.21,61.21,000,55.04
2007-09-27,61.21,61.21,61.21,61.21,000,55.04
2007-09-26,61.19,61.39,61.18,61.21,800,55.04
2007-09-25,60.98,60.98,60.98,60.98,100,54.83
2007-09-24,61.46,61.46,61.46,61.46,000,55.26
2007-09-21,61.46,61.46,61.46,61.46,000,55.26
2007-09-20,61.68,61.84,61.46,61.46,3200,54.72
2007-09-19,60.72,60.72,60.72,60.72,000,54.06
2007-09-18,60.68,60.72,60.68,60.72,200,54.06
2007-09-17,60.04,60.04,60.04,60.04,000,53.45
2007-09-14,60.04,60.04,60.04,60.04,100,53.45
2007-09-13,60.03,60.03,60.03,60.03,100,53.44
2007-09-12,59.29,59.29,59.29,59.29,000,52.78
2007-09-11,59.29,59.29,59.29,59.29,000,52.78
2007-09-10,59.29,59.29,59.29,59.29,000,52.78
2007-09-07,59.29,59.29,59.29,59.29,200,52.78
2007-09-06,59.70,59.78,59.70,59.78,500,53.22
2007-09-05,59.54,59.54,59.54,59.54,1500,53.01
2007-09-04,59.44,59.44,59.44,59.44,000,52.92
2007-08-31,59.44,59.44,59.44,59.44,2000,52.92
2007-08-30,59.20,59.20,59.07,59.07,2200,52.59
2007-08-29,59.29,59.29,59.29,59.29,000,52.78
2007-08-28,59.29,59.29,59.29,59.29,000,52.78
2007-08-27,59.88,59.88,59.29,59.29,600,52.78
2007-08-24,59.54,59.54,59.54,59.54,000,53.01
2007-08-23,59.54,59.54,59.54,59.54,000,53.01
2007-08-22,59.54,59.54,59.54,59.54,100,53.01
2007-08-21,58.92,58.92,58.92,58.92,000,52.45
2007-08-20,58.91,58.92,58.91,58.92,4000,52.45
2007-08-17,59.22,59.22,58.14,58.75,13200,52.30
2007-08-16,56.94,56.94,56.01,56.25,6200,50.08
2007-08-15,57.75,57.75,57.75,57.75,100,51.41
2007-08-14,58.42,58.81,58.30,58.30,4300,51.90
2007-08-13,59.54,59.54,59.54,59.54,100,53.01
2007-08-10,58.81,58.81,58.81,58.81,1000,52.36
2007-08-09,59.74,59.74,59.12,59.12,5200,52.63
2007-08-08,61.12,61.12,60.11,60.62,16100,53.97
2007-08-07,59.73,60.05,59.73,60.05,4100,53.46
2007-08-06,58.13,59.26,57.67,59.26,12200,52.76
2007-08-03,58.50,58.50,57.91,57.91,6200,51.56
2007-08-02,59.94,59.94,59.94,59.94,6000,53.36
2007-08-01,58.51,59.64,58.40,59.64,39200,53.10
2007-07-31,59.14,59.14,58.32,58.32,10900,51.92
2007-07-30,58.33,58.33,58.05,58.08,10300,51.71
2007-07-27,59.16,59.16,58.50,58.50,3000,52.08
2007-07-26,60.20,60.20,58.68,59.30,28900,52.79
2007-07-25,61.29,61.29,60.15,60.86,9000,54.18
2007-07-24,60.59,60.59,60.59,60.59,100,53.94
2007-07-23,62.74,62.83,62.52,62.53,12500,55.67
2007-07-20,62.77,62.79,62.32,62.32,1200,55.48
2007-07-19,62.30,63.01,62.30,63.01,7400,56.10
2007-07-18,61.81,62.05,61.69,62.05,2500,55.24
2007-07-17,61.80,61.80,61.80,61.80,000,55.02
2007-07-16,62.50,62.50,61.80,61.80,600,55.02
2007-07-13,61.93,62.65,61.86,62.61,60700,55.74
2007-07-12,61.44,61.93,61.33,61.93,27300,55.13
2007-07-11,60.76,61.09,60.76,61.09,37200,54.39
2007-07-10,61.28,61.55,60.71,60.71,21800,54.05
2007-07-09,61.73,61.78,61.50,61.50,32800,54.75
2007-07-06,61.41,61.41,61.04,61.04,3400,54.34
2007-07-05,61.68,61.71,61.62,61.62,2700,54.86
2007-07-03,62.20,62.23,61.89,61.90,1900,55.11
2007-07-02,61.51,61.78,61.51,61.78,300,55.00
2007-06-29,61.28,61.28,60.40,60.88,24300,54.20
2007-06-28,60.96,61.52,60.83,60.83,10800,54.16
2007-06-27,60.22,60.85,60.22,60.85,800,54.17
2007-06-26,61.17,61.17,60.18,60.18,5200,53.58
2007-06-25,60.33,61.03,60.33,60.44,8600,53.81
2007-06-22,60.58,60.58,60.21,60.33,1300,53.71
2007-06-21,60.57,61.26,60.57,61.06,22500,54.36
2007-06-20,62.03,62.03,61.44,61.44,8400,54.70
2007-06-19,61.89,62.17,61.79,61.92,13200,55.13
2007-06-18,62.40,62.40,62.08,62.14,7800,55.32
2007-06-15,62.47,62.66,62.47,62.61,3100,55.74
2007-06-14,62.14,62.21,62.14,62.18,11500,55.01
2007-06-13,61.79,61.79,61.74,61.74,400,54.62
2007-06-12,61.21,61.41,60.96,61.05,10800,54.01
2007-06-11,61.76,61.92,61.60,61.60,13000,54.50
2007-06-08,60.63,61.20,60.63,60.84,16200,53.83
2007-06-07,62.07,62.09,60.71,60.71,11200,53.71
2007-06-06,62.97,62.97,62.40,62.40,7400,55.21
2007-06-05,63.66,63.66,63.32,63.32,6200,56.02
2007-06-04,63.78,63.78,63.78,63.78,200,56.43
2007-06-01,64.65,64.65,63.98,63.98,200,56.60
2007-05-31,64.52,64.52,64.46,64.46,600,57.03
2007-05-30,63.92,64.28,63.92,64.28,300,56.87
2007-05-29,63.65,64.17,63.65,64.17,6100,56.77
2007-05-25,63.53,63.53,63.18,63.41,600,56.10
2007-05-24,64.81,64.81,63.33,63.33,3200,56.03
2007-05-23,64.97,64.97,64.83,64.83,200,57.36
2007-05-22,65.57,65.64,65.44,65.44,2900,57.90
2007-05-21,65.28,65.28,65.28,65.28,000,57.75
2007-05-18,65.20,65.28,65.16,65.28,2300,57.75
2007-05-17,65.09,65.12,65.09,65.12,500,57.61
2007-05-16,65.11,65.19,65.11,65.19,1400,57.67
2007-05-15,65.16,65.62,65.02,65.02,9600,57.52
2007-05-14,64.96,64.98,64.96,64.98,2000,57.49
2007-05-11,64.62,64.62,64.62,64.62,000,57.17
2007-05-10,64.62,64.62,64.62,64.62,000,57.17
2007-05-09,64.62,64.62,64.62,64.62,000,57.17
2007-05-08,64.61,64.62,64.61,64.62,1100,57.17
2007-05-07,64.68,64.86,64.68,64.86,200,57.38
2007-05-04,64.42,64.42,64.42,64.42,100,56.99
2007-05-03,64.35,64.35,64.35,64.35,1800,56.93
2007-05-02,64.18,64.21,64.10,64.21,600,56.81
2007-05-01,63.25,63.70,63.20,63.70,4000,56.36
2007-04-30,63.74,63.74,63.10,63.14,600,55.86
2007-04-27,63.75,63.75,63.65,63.65,300,56.31
2007-04-26,64.23,64.34,64.00,64.00,2400,56.62
2007-04-25,64.06,64.06,64.06,64.06,100,56.67
2007-04-24,63.51,63.51,63.46,63.46,12400,56.14
2007-04-23,63.48,63.50,63.48,63.50,6100,56.18
2007-04-20,63.10,63.10,63.05,63.05,6000,55.78
2007-04-19,62.75,62.75,62.75,62.75,300,55.52
2007-04-18,62.86,62.86,62.86,62.86,000,55.61
2007-04-17,62.85,62.86,62.85,62.86,200,55.61
2007-04-16,62.49,62.50,62.49,62.50,1300,55.29
2007-04-13,62.15,62.15,62.15,62.15,000,54.99
2007-04-12,62.15,62.15,62.15,62.15,100,54.99
2007-04-11,62.67,62.67,62.51,62.51,400,55.30
2007-04-10,62.62,62.62,62.62,62.62,100,55.40
2007-04-09,62.45,62.45,62.45,62.45,100,55.25
2007-04-05,62.20,62.20,62.20,62.20,400,55.03
2007-04-04,61.94,61.94,61.94,61.94,100,54.80
2007-04-03,62.14,62.14,62.14,62.14,800,54.98
2007-04-02,61.93,61.93,61.83,61.83,400,54.70
2007-03-30,61.05,61.05,60.92,60.92,1800,53.90
2007-03-29,61.15,61.15,61.15,61.15,200,54.10
2007-03-28,61.13,61.14,61.13,61.14,500,54.09
2007-03-27,60.94,60.94,60.88,60.88,600,53.86
2007-03-26,60.81,60.81,60.81,60.81,1000,53.80
2007-03-23,60.64,60.94,60.64,60.94,2500,53.91
2007-03-22,60.27,60.27,60.27,60.27,000,53.32
2007-03-21,60.04,60.27,60.04,60.27,200,53.32
2007-03-20,59.46,59.56,59.46,59.56,1300,52.69
2007-03-19,59.24,59.24,59.24,59.24,100,52.41
2007-03-16,58.91,58.91,58.85,58.85,2000,52.07
2007-03-15,59.40,59.40,59.40,59.40,200,52.30
2007-03-14,58.68,58.68,58.54,58.54,4200,51.54
2007-03-13,59.21,59.21,58.44,58.44,1300,51.45
2007-03-12,59.30,59.30,59.30,59.30,400,52.21
2007-03-09,58.57,58.57,58.57,58.57,000,51.57
2007-03-08,58.57,58.57,58.57,58.57,000,51.57
2007-03-07,58.63,58.63,58.57,58.57,1900,51.57
2007-03-06,58.12,58.12,58.12,58.12,100,51.17
2007-03-05,58.01,58.01,57.56,57.56,1500,50.68
2007-03-02,58.73,58.73,58.73,58.73,000,51.71
2007-03-01,58.35,58.73,58.33,58.73,4000,51.71
2007-02-28,59.38,59.38,59.22,59.24,900,52.16
2007-02-27,58.91,58.91,58.91,58.91,1400,51.87
2007-02-26,61.21,61.21,60.66,60.66,300,53.41
2007-02-23,59.27,59.27,59.27,59.27,000,52.19
2007-02-22,59.27,59.27,59.27,59.27,000,52.19
2007-02-21,59.27,59.27,59.27,59.27,000,52.19
2007-02-20,59.27,59.27,59.27,59.27,000,52.19
2007-02-16,59.27,59.27,59.27,59.27,000,52.19
2007-02-15,59.27,59.27,59.27,59.27,000,52.19
2007-02-14,59.30,59.30,59.27,59.27,5300,52.19
2007-02-13,58.40,58.40,58.40,58.40,000,51.42
2007-02-12,58.36,58.40,58.36,58.40,2100,51.42
2007-02-09,58.49,58.49,58.49,58.49,100,51.50
2007-02-08,58.66,58.66,58.66,58.66,100,51.65
2007-02-07,58.24,58.41,58.22,58.37,1400,51.39
2007-02-06,58.15,58.22,58.15,58.22,800,51.26
2007-02-05,57.98,57.98,57.98,57.98,200,51.05
2007-02-02,57.57,57.57,57.55,57.55,300,50.67
2007-02-01,57.40,57.40,57.40,57.40,100,50.54
2007-01-31,57.20,57.20,57.20,57.20,100,50.36
2007-01-30,56.96,56.96,56.96,56.96,000,50.15
2007-01-29,56.96,56.96,56.96,56.96,000,50.15
2007-01-26,56.96,56.96,56.96,56.96,000,50.15
2007-01-25,56.96,56.96,56.96,56.96,000,50.15
2007-01-24,56.78,56.96,56.78,56.96,1400,50.15
2007-01-23,56.19,56.19,56.19,56.19,000,49.47
2007-01-22,56.19,56.19,56.19,56.19,000,49.47
2007-01-19,56.19,56.19,56.19,56.19,600,49.47
2007-01-18,56.15,56.15,56.15,56.15,000,49.44
2007-01-17,56.15,56.15,56.15,56.15,000,49.44
2007-01-16,55.87,56.20,55.87,56.15,23400,49.44
2007-01-12,55.86,55.86,55.86,55.86,000,49.18
2007-01-11,55.86,55.86,55.86,55.86,000,49.18
2007-01-10,55.84,55.86,55.83,55.86,500,49.18
2007-01-09,56.23,56.23,56.23,56.23,000,49.51
2007-01-08,56.23,56.23,56.23,56.23,000,49.51
2007-01-05,56.15,56.23,56.15,56.23,700,49.51
2007-01-04,57.13,57.13,57.13,57.13,400,50.30
2007-01-03,57.13,57.13,57.13,57.13,000,50.30
2006-12-29,57.13,57.13,57.13,57.13,000,50.30
2006-12-28,57.13,57.13,57.13,57.13,000,50.30
2006-12-27,57.13,57.13,57.13,57.13,000,50.30
2006-12-26,57.13,57.13,57.13,57.13,100,50.06
2006-12-22,56.88,56.88,56.88,56.88,100,49.84
2006-12-21,57.11,57.11,56.99,56.99,400,49.93
2006-12-20,57.08,57.09,57.04,57.05,1300,49.99
2006-12-19,57.13,57.13,57.13,57.13,000,50.06
2006-12-18,57.13,57.13,57.13,57.13,000,50.06
2006-12-15,57.13,57.13,57.13,57.13,000,50.06
2006-12-14,57.13,57.13,57.13,57.13,000,50.06
2006-12-13,57.01,57.18,57.01,57.13,5900,50.06
2006-12-12,56.83,56.83,56.83,56.83,000,49.79
2006-12-11,56.83,56.83,56.83,56.83,000,49.79
2006-12-08,56.83,56.83,56.83,56.83,000,49.79
2006-12-07,56.83,56.83,56.83,56.83,000,49.79
2006-12-06,56.90,56.93,56.83,56.83,94100,49.79
2006-12-05,55.35,55.35,55.35,55.35,000,48.50
2006-12-04,55.35,55.35,55.35,55.35,000,48.50
2006-12-01,55.35,55.35,55.35,55.35,000,48.50
2006-11-30,55.35,55.35,55.35,55.35,000,48.50
2006-11-29,55.35,55.35,55.35,55.35,000,48.50
2006-11-28,55.35,55.35,55.35,55.35,000,48.50
2006-11-27,55.35,55.35,55.35,55.35,000,48.50
2006-11-24,55.35,55.35,55.35,55.35,200,48.50
2006-11-22,55.40,55.44,55.40,55.42,40500,48.56
2006-11-21,55.38,55.39,55.38,55.39,300,48.53
2006-11-20,55.14,55.14,55.14,55.14,000,48.31
2006-11-17,55.14,55.14,55.14,55.14,000,48.31
2006-11-16,55.14,55.14,55.14,55.14,000,48.31
2006-11-15,55.14,55.14,55.14,55.14,000,48.31
2006-11-14,55.14,55.14,55.14,55.14,100,48.31
2006-11-13,55.30,55.30,55.28,55.28,65000,48.44
2006-11-10,55.06,55.06,55.06,55.06,100,48.24
2006-11-09,54.71,54.71,54.71,54.71,000,47.94
2006-11-08,54.71,54.71,54.71,54.71,000,47.94
2006-11-07,54.70,54.71,54.70,54.71,2000,47.94