2011-05-10,32.28,32.50,32.23,32.45,189000,32.45
2011-05-09,32.04,32.25,31.98,32.16,317300,32.16
2011-05-06,32.20,32.33,31.90,32.02,363100,32.02
2011-05-05,31.96,32.18,31.75,31.89,249300,31.89
2011-05-04,32.36,32.36,32.00,32.16,252000,32.16
2011-05-03,32.44,32.49,32.21,32.37,152000,32.37
2011-05-02,32.72,32.74,32.45,32.52,318600,32.52
2011-04-29,32.51,32.58,32.45,32.55,166000,32.55
2011-04-28,32.34,32.52,32.31,32.49,135400,32.49
2011-04-27,32.22,32.40,32.09,32.36,333100,32.36
2011-04-26,31.99,32.21,31.97,32.16,166500,32.16
2011-04-25,31.91,31.94,31.79,31.88,194600,31.88
2011-04-21,31.92,31.92,31.80,31.92,151700,31.92
2011-04-20,31.70,31.80,31.66,31.75,223500,31.75
2011-04-19,31.19,31.32,31.11,31.31,156000,31.31
2011-04-18,31.18,31.19,30.90,31.14,269400,31.14
2011-04-15,31.42,31.56,31.34,31.50,370600,31.50
2011-04-14,31.19,31.42,31.08,31.38,229500,31.38
2011-04-13,31.48,31.50,31.23,31.35,244400,31.35
2011-04-12,31.42,31.42,31.23,31.34,823600,31.34
2011-04-11,31.74,31.80,31.50,31.58,655000,31.58
2011-04-08,31.94,31.94,31.57,31.69,148800,31.69
2011-04-07,31.83,31.94,31.65,31.80,331600,31.80
2011-04-06,31.95,31.97,31.75,31.87,248800,31.87
2011-04-05,31.73,31.93,31.73,31.79,235300,31.79
2011-04-04,31.85,31.88,31.71,31.80,246500,31.80
2011-04-01,31.83,31.90,31.70,31.77,250400,31.77
2011-03-31,31.62,31.70,31.59,31.62,365300,31.62
2011-03-30,31.59,31.74,31.56,31.65,147200,31.65
2011-03-29,31.20,31.42,31.09,31.42,223900,31.42
2011-03-28,31.37,31.43,31.21,31.21,170300,31.21
2011-03-25,31.28,31.43,31.20,31.29,186200,31.29
2011-03-24,31.06,31.22,30.89,31.18,189500,31.18
2011-03-23,30.73,30.94,30.57,30.88,146300,30.88
2011-03-22,30.91,30.91,30.77,30.80,134400,30.80
2011-03-21,30.81,30.95,30.78,30.91,301700,30.91
2011-03-18,30.83,30.83,30.51,30.57,351500,30.44
2011-03-17,30.51,30.58,30.29,30.44,247300,30.31
2011-03-16,30.55,30.62,29.87,30.06,369500,29.94
2011-03-15,30.18,30.79,30.11,30.63,583200,30.50
2011-03-14,30.98,31.05,30.74,30.98,329500,30.85
2011-03-11,30.85,31.27,30.83,31.16,210200,31.03
2011-03-10,31.22,31.22,30.92,30.95,344700,30.82
2011-03-09,31.51,31.61,31.34,31.52,188600,31.39
2011-03-08,31.36,31.66,31.23,31.57,186700,31.44
2011-03-07,31.89,31.89,31.14,31.29,275500,31.16
2011-03-04,31.79,31.79,31.37,31.54,521100,31.41
2011-03-03,31.54,31.82,31.53,31.78,203300,31.65
2011-03-02,31.14,31.37,31.11,31.25,195500,31.12
2011-03-01,31.83,31.83,31.18,31.18,347200,31.05
2011-02-28,31.64,31.74,31.53,31.70,1163000,31.57
2011-02-25,31.29,31.53,31.29,31.52,268900,31.39
2011-02-24,31.13,31.26,30.85,31.15,240900,31.02
2011-02-23,31.38,31.45,30.96,31.17,578800,31.04
2011-02-22,31.71,31.89,31.31,31.40,316900,31.27
2011-02-18,32.04,32.09,31.95,32.06,271700,31.93
2011-02-17,31.82,32.04,31.80,32.01,309700,31.88
2011-02-16,31.81,31.94,31.76,31.90,244000,31.77
2011-02-15,31.73,31.76,31.63,31.69,243300,31.56
2011-02-14,31.73,31.83,31.68,31.81,241800,31.68
2011-02-11,31.43,31.75,31.41,31.72,235700,31.59
2011-02-10,31.33,31.55,31.29,31.52,248900,31.39
2011-02-09,31.51,31.60,31.38,31.49,315100,31.36
2011-02-08,31.48,31.60,31.39,31.58,386400,31.45
2011-02-07,31.33,31.53,31.32,31.45,358700,31.32
2011-02-04,31.18,31.24,31.04,31.24,155400,31.11
2011-02-03,31.06,31.20,30.88,31.16,232300,31.03
2011-02-02,31.08,31.16,31.05,31.09,469700,30.96
2011-02-01,30.86,31.18,30.85,31.14,398200,31.01
2011-01-31,30.52,30.69,30.45,30.67,333300,30.54
2011-01-28,30.99,31.03,30.39,30.41,237600,30.28
2011-01-27,30.91,31.01,30.85,30.97,161900,30.84
2011-01-26,30.83,30.97,30.78,30.89,174000,30.76
2011-01-25,30.68,30.75,30.51,30.74,264400,30.61
2011-01-24,30.56,30.76,30.54,30.74,144000,30.61
2011-01-21,30.70,30.74,30.53,30.56,152400,30.43
2011-01-20,30.49,30.56,30.27,30.50,200100,30.37
2011-01-19,30.86,30.86,30.47,30.55,185000,30.42
2011-01-18,30.80,30.89,30.75,30.88,209900,30.75
2011-01-14,30.56,30.82,30.55,30.81,170500,30.68
2011-01-13,30.66,30.66,30.52,30.60,184400,30.47
2011-01-12,30.54,30.66,30.50,30.64,225000,30.51
2011-01-11,30.37,30.43,30.26,30.37,213000,30.24
2011-01-10,30.18,30.30,30.07,30.26,158300,30.14
2011-01-07,30.39,30.41,30.05,30.29,214800,30.17
2011-01-06,30.44,30.44,30.26,30.34,197200,30.21
2011-01-05,30.15,30.41,30.12,30.39,184600,30.26
2011-01-04,30.37,30.37,30.04,30.22,596700,30.10
2011-01-03,30.23,30.39,30.18,30.28,217000,30.16
2010-12-31,29.93,29.99,29.87,29.96,192300,29.84
2010-12-30,29.95,30.03,29.92,29.97,129200,29.85
2010-12-29,30.00,30.07,29.99,30.01,175100,29.89
2010-12-28,29.97,29.99,29.90,29.96,151000,29.84
2010-12-27,29.83,29.96,29.79,29.94,112700,29.82
2010-12-23,29.95,29.96,29.85,29.92,130000,29.80
2010-12-22,29.90,29.98,29.89,29.97,111000,29.85
2010-12-21,29.79,29.89,29.76,29.87,115600,29.75
2010-12-20,29.71,29.75,29.54,29.69,139800,29.57
2010-12-17,29.68,29.77,29.64,29.75,102200,29.50
2010-12-16,29.55,29.70,29.42,29.69,94600,29.44
2010-12-15,29.62,29.72,29.47,29.52,201100,29.27
2010-12-14,29.67,29.77,29.55,29.64,161900,29.39
2010-12-13,29.80,29.80,29.61,29.62,658000,29.37
2010-12-10,29.53,29.64,29.44,29.62,182800,29.37
2010-12-09,29.51,29.51,29.31,29.44,136600,29.19
2010-12-08,29.30,29.36,29.15,29.33,219300,29.08
2010-12-07,29.51,29.54,29.22,29.25,183900,29.00
2010-12-06,29.22,29.30,29.17,29.23,216800,28.98
2010-12-03,29.09,29.29,29.06,29.25,223000,29.00
2010-12-02,28.86,29.18,28.83,29.17,1018800,28.92
2010-12-01,28.63,28.84,28.61,28.80,254000,28.56
2010-11-30,28.11,28.37,28.07,28.21,157700,27.97
2010-11-29,28.23,28.44,28.05,28.38,198500,28.14
2010-11-26,28.38,28.52,28.34,28.43,110900,28.19
2010-11-24,28.39,28.62,28.38,28.62,184300,28.38
2010-11-23,28.29,28.31,28.10,28.19,291700,27.95
2010-11-22,28.50,28.61,28.29,28.60,243100,28.36
2010-11-19,28.51,28.62,28.37,28.62,189000,28.38
2010-11-18,28.37,28.61,28.37,28.53,144500,28.29
2010-11-17,28.10,28.21,28.05,28.12,153900,27.88
2010-11-16,28.39,28.39,27.97,28.10,360000,27.86
2010-11-15,28.68,28.78,28.52,28.54,120800,28.30
2010-11-12,28.72,28.83,28.46,28.57,198000,28.33
2010-11-11,28.78,28.96,28.71,28.92,80300,28.67
2010-11-10,28.90,29.03,28.69,29.03,229100,28.78
2010-11-09,29.20,29.22,28.80,28.91,176500,28.67
2010-11-08,29.08,29.14,28.98,29.12,225600,28.87
2010-11-05,29.10,29.20,29.04,29.16,131900,28.91
2010-11-04,28.79,29.05,28.77,29.05,155700,28.80
2010-11-03,28.46,28.50,28.19,28.50,173000,28.26
2010-11-02,28.40,28.45,28.30,28.38,138900,28.14
2010-11-01,28.31,28.45,28.01,28.16,202400,27.92
2010-10-29,28.11,28.20,28.06,28.15,67800,27.91
2010-10-28,28.26,28.28,28.00,28.13,88900,27.89
2010-10-27,27.99,28.12,27.86,28.12,101300,27.88
2010-10-26,28.04,28.20,27.98,28.17,102900,27.93
2010-10-25,28.28,28.40,28.16,28.16,146500,27.92
2010-10-22,28.08,28.10,28.00,28.10,54500,27.86
2010-10-21,28.10,28.24,27.82,28.01,147400,27.77
2010-10-20,27.75,28.07,27.73,27.96,125100,27.72
2010-10-19,27.82,27.95,27.52,27.69,207800,27.46
2010-10-18,27.96,28.15,27.90,28.08,150300,27.84
2010-10-15,28.08,28.08,27.72,27.93,130500,27.69
2010-10-14,27.97,28.00,27.72,27.89,155800,27.65
2010-10-13,27.95,28.13,27.88,27.98,215000,27.74
2010-10-12,27.59,27.85,27.44,27.78,150600,27.54
2010-10-11,27.71,27.74,27.60,27.68,139800,27.45
2010-10-08,27.55,27.72,27.44,27.65,138900,27.42
2010-10-07,27.64,27.64,27.34,27.47,125700,27.24
2010-10-06,27.55,27.59,27.41,27.50,132200,27.27
2010-10-05,27.26,27.60,27.21,27.54,194700,27.31
2010-10-04,27.18,27.26,26.88,26.99,176600,26.76
2010-10-01,27.30,27.33,27.04,27.21,153800,26.98
2010-09-30,27.30,27.45,26.96,27.09,193500,26.86
2010-09-29,27.15,27.26,27.07,27.15,89300,26.92
2010-09-28,27.14,27.27,26.86,27.22,127500,26.99
2010-09-27,27.22,27.27,27.08,27.11,99200,26.88
2010-09-24,27.00,27.23,26.96,27.22,176700,26.99
2010-09-23,26.68,26.93,26.62,26.67,136100,26.44
2010-09-22,26.97,27.10,26.81,26.89,157400,26.66
2010-09-21,27.10,27.21,26.91,27.01,165600,26.78
2010-09-20,26.77,27.11,26.70,27.07,208200,26.84
2010-09-17,26.94,26.94,26.73,26.82,109000,26.45
2010-09-16,26.73,26.82,26.64,26.80,73400,26.43
2010-09-15,26.64,26.84,26.55,26.80,111400,26.43
2010-09-14,26.65,26.84,26.56,26.70,97100,26.34
2010-09-13,26.69,26.75,26.58,26.70,423400,26.34
2010-09-10,26.35,26.45,26.29,26.41,103300,26.05
2010-09-09,26.47,26.47,26.23,26.28,137500,25.92
2010-09-08,26.05,26.26,26.05,26.13,179500,25.77
2010-09-07,26.16,26.19,25.98,26.00,176300,25.65
2010-09-03,26.22,26.31,26.06,26.28,236400,25.92
2010-09-02,25.77,25.95,25.72,25.95,183100,25.60
2010-09-01,25.31,25.72,25.28,25.71,175200,25.36
2010-08-31,24.87,25.11,24.77,24.97,120900,24.63
2010-08-30,25.27,25.33,24.97,24.97,347200,24.63
2010-08-27,25.09,25.34,24.73,25.32,145400,24.97
2010-08-26,25.23,25.24,24.86,24.97,141100,24.63
2010-08-25,24.85,25.18,24.70,25.09,224400,24.75
2010-08-24,25.09,25.20,24.87,25.01,162500,24.67
2010-08-23,25.62,25.71,25.37,25.37,152900,25.02
2010-08-20,25.49,25.52,25.30,25.49,152700,25.14
2010-08-19,25.89,25.92,25.47,25.58,199800,25.23
2010-08-18,25.95,26.14,25.82,26.01,163400,25.65
2010-08-17,25.87,26.14,25.80,25.97,124900,25.62
2010-08-16,25.49,25.72,25.38,25.64,109500,25.29
2010-08-13,25.66,25.79,25.63,25.64,114900,25.29
2010-08-12,25.49,25.85,25.47,25.74,226500,25.39
2010-08-11,26.19,26.19,25.85,25.88,242800,25.53
2010-08-10,26.54,26.72,26.38,26.60,230100,26.24
2010-08-09,26.76,26.81,26.62,26.78,302400,26.41
2010-08-06,26.46,26.67,26.28,26.62,249000,26.26
2010-08-05,26.59,26.74,26.56,26.72,239300,26.36
2010-08-04,26.66,26.78,26.58,26.74,260100,26.38
2010-08-03,26.62,26.68,26.48,26.55,125000,26.19
2010-08-02,26.53,26.73,26.42,26.70,137300,26.34
2010-07-30,25.86,26.24,25.80,26.15,180900,25.79
2010-07-29,26.40,26.47,25.90,26.12,146000,25.76
2010-07-28,26.36,26.43,26.17,26.23,128100,25.87
2010-07-27,26.60,26.61,26.33,26.43,180300,26.07
2010-07-26,26.21,26.46,26.13,26.46,156600,26.10
2010-07-23,25.88,26.18,25.80,26.12,96800,25.76
2010-07-22,25.67,26.01,25.66,25.93,128100,25.58
2010-07-21,25.83,25.83,25.27,25.35,186800,25.00
2010-07-20,25.08,25.70,25.05,25.68,176400,25.33
2010-07-19,25.36,25.47,25.18,25.39,240000,25.04
2010-07-16,25.82,25.85,25.21,25.26,201900,24.92
2010-07-15,25.97,26.04,25.64,25.98,137600,25.63
2010-07-14,25.90,26.07,25.79,25.98,157600,25.63
2010-07-13,25.85,26.05,25.79,25.97,320500,25.62
2010-07-12,25.50,25.62,25.39,25.57,110000,25.22
2010-07-09,25.38,25.57,25.37,25.57,88900,25.22
2010-07-08,25.34,25.41,25.10,25.35,130100,25.00
2010-07-07,24.39,25.14,24.39,25.12,221100,24.78
2010-07-06,24.53,24.73,24.14,24.34,277100,24.01
2010-07-02,24.46,24.47,24.10,24.22,184200,23.89
2010-07-01,24.45,24.52,23.97,24.37,293500,24.04
2010-06-30,24.64,24.85,24.40,24.44,186200,24.11
2010-06-29,25.14,25.14,24.55,24.69,378700,24.35
2010-06-28,25.62,25.66,25.40,25.47,221700,25.12
2010-06-25,25.50,25.68,25.29,25.57,176800,25.22
2010-06-24,25.73,25.76,25.40,25.45,196900,25.10
2010-06-23,25.95,26.05,25.70,25.86,336900,25.51
2010-06-22,26.41,26.51,25.94,25.97,87000,25.62
2010-06-21,26.82,26.82,26.25,26.39,249900,26.03
2010-06-18,26.61,26.67,26.50,26.58,80100,26.13
2010-06-17,26.61,26.61,26.31,26.55,142200,26.10
2010-06-16,26.38,26.62,26.35,26.52,140700,26.07
2010-06-15,26.13,26.53,26.08,26.52,178700,26.07
2010-06-14,26.18,26.32,25.91,25.95,431600,25.51
2010-06-11,25.61,25.97,25.59,25.97,107600,25.53
2010-06-10,25.53,25.84,25.50,25.82,162500,25.38
2010-06-09,25.37,25.60,25.00,25.11,115600,24.68
2010-06-08,24.99,25.26,24.75,25.19,226000,24.76
2010-06-07,25.35,25.45,24.93,24.96,223500,24.54
2010-06-04,25.69,25.87,25.21,25.33,190100,24.90
2010-06-03,26.18,26.25,25.95,26.21,173100,25.76
2010-06-02,25.59,26.06,25.50,26.06,270100,25.62
2010-06-01,25.61,26.01,25.40,25.42,266300,24.99
2010-05-28,26.19,26.19,25.79,25.87,135400,25.43
2010-05-27,25.85,26.21,25.75,26.21,445800,25.76
2010-05-26,25.66,25.89,25.29,25.34,258700,24.91
2010-05-25,24.82,25.47,24.67,25.47,246600,25.04
2010-05-24,25.66,25.85,25.45,25.46,128700,25.03
2010-05-21,25.03,25.83,24.97,25.78,400000,25.34
2010-05-20,25.82,25.96,25.41,25.41,303200,24.98
2010-05-19,26.39,26.62,26.09,26.42,193500,25.97
2010-05-18,27.18,27.24,26.49,26.56,186700,26.11
2010-05-17,27.00,27.08,26.43,26.93,155300,26.47
2010-05-14,27.21,27.24,26.70,26.94,166800,26.48
2010-05-13,27.72,27.82,27.40,27.44,177400,26.97
2010-05-12,27.49,27.78,27.44,27.76,189200,27.29
2010-05-11,27.15,27.70,27.14,27.37,189000,26.91
2010-05-10,27.36,27.54,27.15,27.40,319000,26.93
2010-05-07,26.60,26.85,25.89,26.34,404500,25.89
2010-05-06,27.50,30.00,10.61,26.66,455000,26.21
2010-05-05,27.54,27.84,26.78,27.59,607900,27.12
2010-05-04,28.12,28.13,27.66,27.77,295400,27.30
2010-05-03,28.24,28.53,28.20,28.47,267600,27.99
2010-04-30,28.59,28.61,28.10,28.10,152400,27.62
2010-04-29,28.43,28.62,28.39,28.56,249600,28.07
2010-04-28,28.18,28.28,27.98,28.21,224800,27.73
2010-04-27,28.57,28.67,27.97,28.02,275700,27.54
2010-04-26,28.83,28.88,28.67,28.69,272800,28.20
2010-04-23,28.59,28.82,28.54,28.80,287700,28.31
2010-04-22,28.33,28.62,28.15,28.61,272200,28.12
2010-04-21,28.60,28.64,28.37,28.52,258800,28.04
2010-04-20,28.50,28.59,28.40,28.56,345400,28.07
2010-04-19,28.13,28.33,28.00,28.33,357700,27.85
2010-04-16,28.59,28.62,28.10,28.25,331400,27.77
2010-04-15,28.63,28.74,28.61,28.68,315800,28.19
2010-04-14,28.47,28.66,28.40,28.66,326200,28.17
2010-04-13,28.33,28.39,28.16,28.34,253700,27.86
2010-04-12,28.33,28.38,28.27,28.32,212900,27.84
2010-04-09,28.16,28.27,28.10,28.26,207300,27.78
2010-04-08,27.93,28.12,27.82,28.09,230100,27.61
2010-04-07,28.14,28.15,27.88,27.99,238200,27.51
2010-04-06,28.03,28.21,27.99,28.14,254100,27.66
2010-04-05,27.98,28.10,27.89,28.09,228900,27.61
2010-04-01,27.88,27.94,27.69,27.85,155300,27.38
2010-03-31,27.66,27.78,27.59,27.67,130700,27.20
2010-03-30,27.80,27.85,27.65,27.74,122600,27.27
2010-03-29,27.70,27.77,27.66,27.74,165400,27.27
2010-03-26,27.63,27.74,27.46,27.58,406600,27.11
2010-03-25,27.80,27.90,27.56,27.56,237900,27.09
2010-03-24,27.66,27.74,27.58,27.62,193900,27.15
2010-03-23,27.62,27.77,27.52,27.76,174100,27.29
2010-03-22,27.27,27.61,27.25,27.56,185500,27.09
2010-03-19,27.74,27.74,27.40,27.50,137300,26.93
2010-03-18,27.70,27.72,27.56,27.65,146600,27.08
2010-03-17,27.59,27.76,27.59,27.68,191500,27.11
2010-03-16,27.39,27.54,27.31,27.54,165000,26.97
2010-03-15,27.28,27.31,27.10,27.29,127600,26.73
2010-03-12,27.41,27.41,27.21,27.30,158300,26.74
2010-03-11,27.12,27.29,27.03,27.29,99900,26.73
2010-03-10,27.10,27.24,27.06,27.19,166600,26.63
2010-03-09,26.93,27.17,26.91,27.06,150700,26.50
2010-03-08,27.05,27.07,26.97,27.01,124600,26.45
2010-03-05,26.79,27.03,26.77,27.00,178500,26.44
2010-03-04,26.64,26.67,26.51,26.65,528800,26.10
2010-03-03,26.63,26.72,26.50,26.56,193700,26.01
2010-03-02,26.58,26.66,26.50,26.55,450400,26.00
2010-03-01,26.31,26.48,26.30,26.45,166300,25.91
2010-02-26,26.19,26.25,26.03,26.21,95700,25.67
2010-02-25,25.83,26.17,25.75,26.14,245100,25.60
2010-02-24,26.04,26.21,25.96,26.18,104800,25.64
2010-02-23,26.23,26.26,25.90,25.95,98100,25.42
2010-02-22,26.40,26.40,26.22,26.24,192500,25.70
2010-02-19,26.16,26.36,26.10,26.29,120600,25.75
2010-02-18,26.04,26.25,26.01,26.23,165800,25.69
2010-02-17,26.07,26.08,25.95,26.06,133700,25.52
2010-02-16,25.76,25.94,25.64,25.92,213400,25.39
2010-02-12,25.26,25.51,25.18,25.50,177800,24.98
2010-02-11,25.24,25.55,25.11,25.53,171200,25.01
2010-02-10,25.27,25.38,25.05,25.27,157300,24.75
2010-02-09,25.29,25.50,25.10,25.30,146800,24.78
2010-02-08,25.20,25.31,24.99,24.99,130000,24.48
2010-02-05,25.16,25.20,24.67,25.20,301000,24.68
2010-02-04,25.73,25.73,25.10,25.10,158500,24.58
2010-02-03,25.92,26.05,25.86,25.93,96700,25.40
2010-02-02,25.80,26.08,25.71,26.05,137400,25.51
2010-02-01,25.54,25.74,25.51,25.73,352800,25.20
2010-01-29,25.75,25.89,25.35,25.36,123300,24.84
2010-01-28,26.01,26.01,25.46,25.65,120700,25.12
2010-01-27,25.74,25.94,25.60,25.91,113600,25.38
2010-01-26,25.82,26.05,25.74,25.80,78400,25.27
2010-01-25,26.02,26.05,25.82,25.90,151500,25.37
2010-01-22,26.26,26.32,25.75,25.79,152800,25.26
2010-01-21,26.87,26.93,26.31,26.36,227600,25.82
2010-01-20,26.96,26.96,26.64,26.85,228100,26.30
2010-01-19,26.78,27.12,26.76,27.10,170000,26.54
2010-01-15,27.06,27.06,26.69,26.78,167400,26.23
2010-01-14,26.99,27.11,26.97,27.06,108900,26.50
2010-01-13,26.87,27.07,26.72,27.03,159200,26.47
2010-01-12,26.89,26.90,26.69,26.78,146400,26.23
2010-01-11,27.14,27.14,26.93,27.04,178800,26.48
2010-01-08,26.86,27.00,26.81,27.00,174000,26.44
2010-01-07,26.80,26.95,26.70,26.93,89300,26.38
2010-01-06,26.81,26.86,26.74,26.83,92100,26.28
2010-01-05,26.72,26.79,26.64,26.78,130400,26.23
2010-01-04,26.51,26.72,26.48,26.68,242300,26.13
2009-12-31,26.62,26.62,26.28,26.28,196700,25.74
2009-12-30,26.46,26.55,26.45,26.54,150400,25.99
2009-12-29,26.65,26.65,26.55,26.56,110600,26.01
2009-12-28,26.64,26.66,26.50,26.54,96200,25.99
2009-12-24,26.49,26.55,26.47,26.55,61400,26.00
2009-12-23,26.45,26.45,26.32,26.42,107400,25.88
2009-12-22,26.37,26.43,26.32,26.39,111400,25.80
2009-12-21,26.18,26.38,26.18,26.29,91700,25.70
2009-12-18,26.04,26.04,25.82,26.04,133500,25.46
2009-12-17,26.05,26.05,25.87,25.90,125800,25.32
2009-12-16,26.28,26.33,26.15,26.19,58300,25.60
2009-12-15,26.19,26.26,26.09,26.12,78800,25.53
2009-12-14,26.25,26.28,26.14,26.26,127200,25.67
2009-12-11,26.07,26.10,25.96,26.05,95600,25.47
2009-12-10,25.97,26.03,25.90,25.94,125400,25.36
2009-12-09,25.74,25.82,25.60,25.79,159800,25.21
2009-12-08,25.85,25.85,25.66,25.72,303300,25.14
2009-12-07,26.02,26.14,25.94,25.99,196800,25.41
2009-12-04,26.24,26.34,25.83,26.02,219000,25.44
2009-12-03,26.16,26.29,25.86,25.89,77200,25.31
2009-12-02,26.13,26.23,26.00,26.09,78000,25.51
2009-12-01,25.99,26.15,25.99,26.06,240900,25.48
2009-11-30,25.70,25.80,25.56,25.78,179900,25.20
2009-11-27,25.48,25.85,25.39,25.69,172600,25.11
2009-11-25,26.07,26.14,25.99,26.12,131800,25.53
2009-11-24,26.04,26.04,25.82,25.99,123700,25.41
2009-11-23,25.97,26.16,25.93,25.99,110800,25.41
2009-11-20,25.65,25.72,25.57,25.69,125700,25.11
2009-11-19,25.99,25.99,25.60,25.78,173100,25.20
2009-11-18,26.11,26.13,25.95,26.10,139400,25.51
2009-11-17,26.05,26.13,25.95,26.12,121500,25.53
2009-11-16,25.91,26.19,25.89,26.10,203700,25.51
2009-11-13,25.67,25.81,25.53,25.71,217100,25.13
2009-11-12,25.98,25.98,25.54,25.59,96200,25.02
2009-11-11,25.91,26.01,25.75,25.85,117500,25.27
2009-11-10,25.66,25.80,25.60,25.69,99300,25.11
2009-11-09,25.52,26.46,25.39,25.70,149200,25.12
2009-11-06,24.99,25.31,24.91,25.14,96500,24.58
2009-11-05,24.83,25.10,24.78,25.09,45500,24.53
2009-11-04,24.80,24.96,24.60,24.62,41000,24.07
2009-11-03,24.32,24.70,23.50,24.53,53300,23.98