2011-05-10,46.74,46.87,46.68,46.80,6900,46.80
2011-05-09,46.41,46.63,46.20,46.63,18000,46.63
2011-05-06,46.63,46.90,46.31,46.41,6400,46.41
2011-05-05,46.21,46.22,45.70,45.80,19300,45.80
2011-05-04,46.18,46.18,46.00,46.18,4300,46.18
2011-05-03,46.37,46.67,46.24,46.24,9700,46.24
2011-05-02,46.57,46.66,46.30,46.43,17000,46.43
2011-04-29,46.11,46.40,46.11,46.24,7400,46.24
2011-04-28,45.74,46.19,45.74,46.19,38900,46.19
2011-04-27,44.69,44.76,44.51,44.76,8200,44.76
2011-04-26,44.76,45.10,44.76,45.09,7700,45.09
2011-04-25,44.78,44.94,44.71,44.83,2400,44.83
2011-04-21,44.99,44.99,44.73,44.78,5500,44.78
2011-04-20,44.60,44.79,44.56,44.76,11700,44.76
2011-04-19,44.07,44.29,43.96,44.29,12300,44.29
2011-04-18,43.75,43.93,43.65,43.91,6500,43.91
2011-04-15,43.99,44.17,43.93,44.09,6000,44.09
2011-04-14,43.68,43.96,43.68,43.96,3800,43.96
2011-04-13,43.38,43.38,43.00,43.21,6400,43.21
2011-04-12,42.94,42.94,42.66,42.83,10800,42.83
2011-04-11,43.35,43.36,42.92,43.01,13200,43.01
2011-04-08,42.91,43.12,42.83,42.83,8100,42.83
2011-04-07,42.66,42.66,41.90,42.18,22700,42.18
2011-04-06,42.90,43.01,42.68,42.80,32800,42.80
2011-04-05,43.57,43.69,43.25,43.46,32700,43.46
2011-04-04,44.85,44.85,44.51,44.55,13300,44.55
2011-04-01,45.04,45.28,44.88,45.20,15700,45.20
2011-03-31,45.92,45.92,45.68,45.68,13800,45.68
2011-03-30,45.72,46.05,45.72,45.99,10800,45.99
2011-03-29,44.78,45.14,44.77,45.11,9700,45.11
2011-03-28,45.19,45.20,44.67,44.67,22500,44.67
2011-03-25,45.20,45.32,44.81,44.81,48900,44.81
2011-03-24,45.31,46.03,45.31,45.96,19500,45.96
2011-03-23,45.31,45.85,45.09,45.62,36400,45.62
2011-03-22,45.68,45.74,45.11,45.74,69400,45.74
2011-03-21,44.99,45.64,44.74,45.63,132500,45.63
2011-03-18,43.40,44.42,43.35,44.28,73200,44.28
2011-03-17,42.54,42.97,42.00,42.41,251200,42.41
2011-03-16,40.89,41.00,39.05,39.95,121800,39.95
2011-03-15,38.11,41.88,38.00,41.47,344700,41.47
2011-03-14,41.05,42.36,40.88,42.32,134200,42.32
2011-03-11,45.91,46.31,45.80,46.04,207200,46.04
2011-03-10,47.17,47.20,46.93,46.98,10000,46.98
2011-03-09,48.24,48.24,47.85,48.08,3600,48.08
2011-03-08,47.97,48.27,47.87,48.24,3200,48.24
2011-03-07,48.78,48.87,48.08,48.12,5600,48.12
2011-03-04,48.83,48.93,48.56,48.84,6600,48.84
2011-03-03,49.20,49.38,49.07,49.38,3300,49.38
2011-03-02,48.76,49.02,48.75,48.91,16300,48.91
2011-03-01,49.75,49.75,49.03,49.15,17700,49.15
2011-02-28,49.62,49.68,49.30,49.55,25400,49.55
2011-02-25,48.52,48.80,48.52,48.70,68300,48.70
2011-02-24,48.10,48.11,47.70,47.99,6900,47.99
2011-02-23,48.47,48.57,48.10,48.42,29500,48.42
2011-02-22,48.50,48.78,48.19,48.19,24600,48.19
2011-02-18,49.25,49.33,49.08,49.31,33200,49.31
2011-02-17,49.14,49.36,49.14,49.16,13500,49.16
2011-02-16,48.75,49.09,48.75,49.07,21200,49.07
2011-02-15,48.70,48.73,48.48,48.54,8400,48.54
2011-02-14,48.81,48.87,48.67,48.86,6800,48.86
2011-02-11,48.25,48.68,48.25,48.52,10500,48.52
2011-02-10,48.36,48.55,48.25,48.54,6800,48.54
2011-02-09,48.58,48.73,48.49,48.63,10400,48.63
2011-02-08,48.95,49.08,48.83,48.85,12300,48.85
2011-02-07,48.89,49.05,48.82,48.92,24200,48.92
2011-02-04,48.78,48.78,48.41,48.65,27700,48.65
2011-02-03,48.15,48.76,48.00,48.72,7700,48.72
2011-02-02,48.45,48.45,48.17,48.43,4100,48.43
2011-02-01,47.95,48.41,47.94,48.30,5700,48.30
2011-01-31,47.17,47.39,47.17,47.24,1400,47.24
2011-01-28,47.38,47.40,46.95,46.95,1700,46.95
2011-01-27,47.54,47.56,47.35,47.48,6100,47.48
2011-01-26,47.73,47.86,47.71,47.82,6300,47.82
2011-01-25,47.69,47.69,47.42,47.56,8600,47.56
2011-01-24,46.90,47.32,46.90,47.32,2200,47.32
2011-01-21,46.96,47.09,46.75,46.75,16100,46.75
2011-01-20,47.83,47.83,47.47,47.55,600,47.55
2011-01-19,48.38,48.38,47.90,47.90,3700,47.90
2011-01-18,47.94,48.07,47.80,47.87,223600,47.87
2011-01-14,47.30,47.88,47.29,47.70,11700,47.70
2011-01-13,47.88,47.99,47.57,47.57,6600,47.57
2011-01-12,47.11,47.69,47.11,47.66,4300,47.66
2011-01-11,47.15,47.51,47.15,47.48,18700,47.48
2011-01-10,46.69,46.81,46.43,46.78,14000,46.78
2011-01-07,46.93,46.93,46.67,46.75,7300,46.75
2011-01-06,46.98,47.02,46.57,46.57,4300,46.57
2011-01-05,46.68,47.06,46.68,47.06,6200,47.06
2011-01-04,47.14,47.14,46.84,47.07,8400,47.07
2011-01-03,46.60,47.00,46.60,46.92,2700,46.92
2010-12-31,46.44,46.66,46.44,46.66,500,46.66
2010-12-30,46.55,46.55,46.17,46.34,4100,46.34
2010-12-29,46.52,46.56,46.49,46.49,800,46.49
2010-12-28,45.67,45.75,45.67,45.71,2200,45.71
2010-12-27,45.33,45.47,45.33,45.43,2500,45.43
2010-12-23,45.32,45.33,45.07,45.33,1500,45.33
2010-12-22,45.20,45.32,45.12,45.14,1800,45.14
2010-12-21,45.41,45.41,45.22,45.30,3700,45.30
2010-12-20,45.72,45.92,45.63,45.91,5100,45.36
2010-12-17,45.65,46.26,45.60,45.90,4000,45.35
2010-12-16,45.86,46.02,45.74,45.88,5200,45.33
2010-12-15,45.95,45.95,45.95,45.95,000,45.40
2010-12-14,45.72,46.26,45.72,45.95,17500,45.40
2010-12-13,45.30,45.68,45.30,45.60,18100,45.05
2010-12-10,44.50,44.78,44.37,44.73,9200,44.19
2010-12-09,44.69,44.69,44.54,44.58,1700,44.04
2010-12-08,44.68,44.81,44.46,44.76,8500,44.22
2010-12-07,45.38,45.38,44.90,44.90,5500,44.36
2010-12-06,44.51,45.20,44.51,45.16,4100,44.62
2010-12-03,44.31,44.31,44.31,44.31,100,43.78
2010-12-02,43.71,44.38,43.69,44.30,5700,43.77
2010-12-01,43.49,43.50,43.49,43.50,1100,42.98
2010-11-30,42.79,43.04,42.70,42.93,4300,42.41
2010-11-29,43.03,43.03,42.65,42.65,4600,42.14
2010-11-26,43.21,43.21,43.03,43.03,7100,42.51
2010-11-24,43.10,43.30,43.10,43.30,2100,42.78
2010-11-23,42.70,42.70,42.36,42.36,4400,41.85
2010-11-22,43.29,43.29,43.00,43.00,700,42.48
2010-11-19,43.31,43.31,43.29,43.29,800,42.77
2010-11-18,43.32,43.32,43.32,43.32,300,42.80
2010-11-17,42.31,42.38,42.18,42.25,1700,41.74
2010-11-16,42.30,42.30,41.67,41.69,1700,41.19
2010-11-15,42.69,42.69,42.66,42.66,2000,42.15
2010-11-12,42.63,42.63,42.46,42.49,4800,41.98
2010-11-11,42.59,42.70,42.59,42.63,2100,42.12
2010-11-10,42.83,42.86,42.58,42.86,400,42.34
2010-11-09,43.22,43.51,43.02,43.18,1600,42.66
2010-11-08,42.95,43.03,42.88,42.88,5600,42.36
2010-11-05,42.65,42.73,42.60,42.64,1800,42.13
2010-11-04,42.53,42.60,42.34,42.51,76500,42.00
2010-11-03,41.63,41.94,41.51,41.86,4400,41.36
2010-11-02,41.64,41.74,41.64,41.72,2600,41.22
2010-11-01,41.77,41.77,41.52,41.60,900,41.10
2010-10-29,42.00,42.00,41.89,41.89,400,41.39
2010-10-28,41.76,41.90,41.75,41.90,9900,41.40
2010-10-27,41.66,41.88,41.34,41.88,23800,41.38
2010-10-26,42.06,42.06,41.94,41.94,1400,41.43
2010-10-25,42.48,42.81,42.44,42.60,2600,42.09
2010-10-22,42.33,42.34,42.33,42.34,1900,41.83
2010-10-21,42.42,42.46,42.26,42.26,2400,41.75
2010-10-20,42.45,42.70,42.45,42.70,800,42.19
2010-10-19,42.39,42.68,42.19,42.19,1700,41.68
2010-10-18,42.71,42.78,42.69,42.78,800,42.26
2010-10-15,42.28,42.28,42.28,42.28,100,41.77
2010-10-14,42.86,42.91,42.70,42.70,800,42.19
2010-10-13,42.51,42.72,42.48,42.72,3000,42.21
2010-10-12,42.38,42.38,42.24,42.28,600,41.77
2010-10-11,43.37,43.37,43.19,43.25,4300,42.73
2010-10-08,43.15,43.15,43.15,43.15,700,42.63
2010-10-07,43.07,43.10,42.97,43.10,800,42.58
2010-10-06,42.88,42.88,42.71,42.71,5500,42.20
2010-10-05,42.44,42.70,42.44,42.66,6500,42.15
2010-10-04,42.15,42.15,41.55,41.55,4300,41.05
2010-10-01,42.55,42.55,42.26,42.45,2600,41.94
2010-09-30,42.74,42.76,42.52,42.52,1900,42.01
2010-09-29,42.93,43.04,42.93,43.04,900,42.52
2010-09-28,42.12,42.42,42.09,42.42,5900,41.91
2010-09-27,42.23,42.26,42.00,42.07,7100,41.56
2010-09-24,41.78,41.97,41.78,41.87,4700,41.37
2010-09-23,41.39,41.63,41.30,41.47,5500,40.97
2010-09-22,41.92,41.92,41.68,41.68,2800,41.18
2010-09-21,41.92,41.92,41.71,41.73,1300,41.23
2010-09-20,41.78,41.98,41.78,41.98,500,41.47
2010-09-17,41.79,41.83,41.36,41.38,18500,40.88
2010-09-16,41.44,41.48,41.25,41.48,3000,40.98
2010-09-15,41.60,41.80,41.50,41.80,2800,41.30
2010-09-14,42.19,42.37,42.07,42.37,2300,41.86
2010-09-13,41.97,42.17,41.97,42.17,1500,41.66
2010-09-10,41.72,41.72,41.72,41.72,500,41.22
2010-09-09,41.99,41.99,41.67,41.67,1600,41.17
2010-09-08,41.68,41.82,41.68,41.82,1500,41.32
2010-09-07,41.75,41.87,41.62,41.62,4300,41.12
2010-09-03,41.41,41.54,41.35,41.49,3500,40.99
2010-09-02,41.10,41.14,40.80,41.14,7800,40.64
2010-09-01,41.02,41.35,40.88,41.35,6200,40.85
2010-08-31,40.73,40.73,40.53,40.58,1500,40.09
2010-08-30,41.27,41.27,40.96,40.96,2800,40.47
2010-08-27,40.84,41.27,40.84,41.09,18800,40.60
2010-08-26,40.63,40.63,40.43,40.43,600,39.94
2010-08-25,40.20,40.29,40.06,40.15,1200,39.67
2010-08-24,40.16,40.38,40.14,40.25,4200,39.77
2010-08-23,40.50,40.50,40.16,40.16,3800,39.68
2010-08-20,40.27,40.29,40.24,40.27,8700,39.78
2010-08-19,41.12,41.12,40.64,40.75,1800,40.26
2010-08-18,41.05,41.10,41.05,41.06,4200,40.57
2010-08-17,40.99,41.29,40.99,41.27,3900,40.77
2010-08-16,40.69,40.69,40.68,40.68,1000,40.19
2010-08-13,40.47,40.72,40.47,40.53,900,40.04
2010-08-12,40.46,40.46,40.28,40.28,800,39.79
2010-08-11,40.75,40.83,40.51,40.64,16000,40.15
2010-08-10,41.59,42.01,41.50,42.01,2500,41.50
2010-08-09,42.37,42.37,42.26,42.32,1100,41.81
2010-08-06,42.11,42.31,41.81,42.08,3500,41.57
2010-08-05,41.73,41.73,41.73,41.73,500,41.23
2010-08-04,41.85,41.85,41.84,41.84,300,41.34
2010-08-03,42.07,42.07,41.99,41.99,400,41.48
2010-08-02,41.75,42.30,41.75,42.25,4400,41.74
2010-07-30,41.45,41.87,41.40,41.75,13900,41.25
2010-07-29,42.09,42.09,42.09,42.09,100,41.58
2010-07-28,41.80,41.84,41.67,41.84,1000,41.34
2010-07-27,41.72,41.80,41.72,41.77,2600,41.27
2010-07-26,41.37,41.77,41.37,41.77,3700,41.27
2010-07-23,41.21,41.46,41.21,41.42,2500,40.92
2010-07-22,41.28,41.53,41.28,41.35,6400,40.85
2010-07-21,41.09,41.09,41.09,41.09,600,40.60
2010-07-20,40.88,41.39,40.78,41.39,700,40.89
2010-07-19,40.70,40.78,40.70,40.78,900,40.29
2010-07-16,41.23,41.23,40.56,40.62,2500,40.13
2010-07-15,41.39,41.43,41.37,41.37,900,40.87
2010-07-14,41.67,41.67,41.66,41.66,600,41.16
2010-07-13,41.71,41.77,41.51,41.59,4200,41.09
2010-07-12,41.70,41.70,41.70,41.70,100,41.20
2010-07-09,42.24,42.24,42.24,42.24,000,41.73
2010-07-08,42.24,42.24,42.24,42.24,200,41.73
2010-07-07,42.00,42.33,42.00,42.33,5500,41.82
2010-07-06,42.11,42.53,42.11,42.29,5700,41.78
2010-07-02,41.34,41.34,40.85,41.04,2300,40.55
2010-07-01,41.05,41.05,40.47,40.81,4400,40.32
2010-06-30,41.11,41.11,40.90,40.90,2200,40.41
2010-06-29,41.03,41.03,40.52,40.58,8000,40.09
2010-06-28,41.59,41.80,41.48,41.69,8900,41.19
2010-06-25,41.77,41.83,41.70,41.83,2700,41.33
2010-06-24,41.96,41.96,41.96,41.96,600,41.45
2010-06-23,42.27,42.27,41.99,41.99,3800,41.48
2010-06-22,42.92,42.92,42.59,42.59,5100,42.08
2010-06-21,42.63,42.63,42.48,42.48,300,41.97
2010-06-18,42.42,42.42,42.42,42.42,300,41.91
2010-06-17,42.00,42.30,41.86,42.18,5200,41.67
2010-06-16,41.99,41.99,41.91,41.91,3100,41.41
2010-06-15,41.63,42.08,41.62,42.08,5200,41.57
2010-06-14,41.03,41.03,41.03,41.03,000,40.54
2010-06-11,40.79,41.03,40.77,41.03,500,40.54
2010-06-10,41.02,41.23,41.02,41.23,4700,40.73
2010-06-09,40.67,40.67,40.30,40.30,2300,39.81
2010-06-08,40.01,40.44,40.01,40.44,5000,39.95
2010-06-07,40.20,40.47,39.90,39.90,6400,39.42
2010-06-04,40.75,40.75,40.30,40.39,5500,39.90
2010-06-03,41.40,41.40,41.04,41.06,2400,40.57
2010-06-02,40.84,41.33,40.84,41.32,5700,40.82
2010-06-01,41.20,41.37,41.08,41.08,4000,40.59
2010-05-28,40.92,40.92,40.92,40.92,100,40.43
2010-05-27,40.84,41.14,40.79,41.13,9400,40.63
2010-05-26,40.68,40.70,40.35,40.38,25800,39.89
2010-05-25,40.45,40.97,40.22,40.97,17700,40.48
2010-05-24,41.16,41.53,41.16,41.31,5300,40.81
2010-05-21,41.22,41.62,41.12,41.62,1400,41.12
2010-05-20,41.81,42.01,41.41,41.84,21800,41.34
2010-05-19,41.71,41.98,41.71,41.98,3400,41.47
2010-05-18,42.50,42.60,41.82,41.82,5300,41.32
2010-05-17,42.70,42.72,42.45,42.67,5000,42.16
2010-05-14,42.97,43.05,42.63,42.81,8900,42.29
2010-05-13,42.95,43.30,42.92,42.92,4500,42.40
2010-05-12,43.29,43.49,43.20,43.36,4600,42.84
2010-05-11,42.29,43.61,42.29,43.20,3000,42.68
2010-05-10,48.96,48.96,43.74,43.81,17900,43.28
2010-05-07,42.47,43.05,42.22,42.48,11300,41.97
2010-05-06,43.14,43.61,25.51,42.64,36100,42.13
2010-05-05,42.37,42.99,42.29,42.99,5800,42.47
2010-05-04,43.50,43.51,42.80,43.09,15200,42.57
2010-05-03,43.96,44.39,43.96,44.39,900,43.86
2010-04-30,44.55,44.62,44.11,44.11,14800,43.58
2010-04-29,44.26,44.53,44.22,44.52,14100,43.98
2010-04-28,44.18,44.18,43.75,43.99,1400,43.46
2010-04-27,44.67,44.67,43.95,43.97,15300,43.44
2010-04-26,44.96,45.06,44.85,44.87,12300,44.33
2010-04-23,44.37,44.72,44.33,44.64,12500,44.10
2010-04-22,43.79,43.98,43.77,43.93,2800,43.40
2010-04-21,44.22,44.25,44.05,44.17,1500,43.64
2010-04-20,44.12,44.12,43.92,43.92,1100,43.39
2010-04-19,43.75,43.94,43.66,43.94,2000,43.41
2010-04-16,44.20,44.20,43.75,43.99,7100,43.46
2010-04-15,44.47,44.76,44.45,44.70,4600,44.16
2010-04-14,44.24,44.55,44.16,44.55,1800,44.01
2010-04-13,44.20,44.20,44.20,44.20,300,43.67
2010-04-12,44.19,44.56,44.19,44.48,4500,43.94
2010-04-09,44.19,44.39,44.19,44.38,2400,43.85
2010-04-08,43.79,44.27,43.79,44.13,1100,43.60
2010-04-07,43.87,44.15,43.85,44.05,5400,43.52
2010-04-06,43.82,43.95,43.70,43.95,3600,43.42
2010-04-05,43.69,43.95,43.69,43.90,1700,43.37
2010-04-01,43.65,43.86,43.58,43.82,3600,43.29
2010-03-31,43.54,43.57,43.18,43.26,1200,42.74
2010-03-30,43.59,43.89,43.37,43.74,12400,43.21
2010-03-29,42.94,43.21,42.94,43.21,2400,42.69
2010-03-26,42.42,42.94,42.42,42.65,5900,42.14
2010-03-25,42.46,42.56,42.27,42.27,4500,41.76
2010-03-24,42.67,42.67,42.42,42.58,207400,42.07
2010-03-23,43.02,43.11,42.81,43.11,7300,42.59
2010-03-22,42.51,42.92,42.50,42.73,6800,42.22
2010-03-19,43.10,43.10,42.50,42.59,3500,42.08
2010-03-18,43.17,43.17,42.82,42.84,6200,42.32
2010-03-17,43.00,43.28,42.86,43.07,19700,42.55
2010-03-16,42.53,42.77,42.53,42.65,1300,42.14
2010-03-15,42.45,42.51,42.12,42.36,12700,41.85
2010-03-12,42.62,42.62,42.35,42.36,16300,41.85
2010-03-11,42.10,42.19,42.10,42.10,500,41.59
2010-03-10,41.95,42.09,41.92,42.09,1900,41.58
2010-03-09,41.90,42.25,41.90,42.05,3600,41.54
2010-03-08,42.12,42.38,41.99,42.05,7200,41.54
2010-03-05,42.04,42.22,41.86,42.19,5000,41.68
2010-03-04,41.72,41.82,41.60,41.82,1500,41.32
2010-03-03,42.10,42.27,42.09,42.09,1600,41.58
2010-03-02,41.71,42.04,41.71,41.84,6400,41.34
2010-03-01,41.73,41.85,41.55,41.70,4400,41.20
2010-02-26,40.96,41.39,40.96,41.39,2500,40.89
2010-02-25,40.83,40.83,40.52,40.62,1800,40.13
2010-02-24,40.60,40.86,40.60,40.86,1800,40.37
2010-02-23,40.40,40.40,40.25,40.40,5000,39.91
2010-02-22,40.44,40.55,40.42,40.43,2400,39.94
2010-02-19,40.40,40.40,39.99,40.26,31800,39.78
2010-02-18,40.92,40.92,40.54,40.75,1200,40.26
2010-02-17,40.81,40.81,40.70,40.70,2100,40.21
2010-02-16,40.55,40.86,40.55,40.81,1500,40.32
2010-02-12,40.35,40.44,40.25,40.36,9900,39.87
2010-02-11,40.49,40.71,40.49,40.62,700,40.13
2010-02-10,40.75,40.75,40.75,40.75,000,40.26
2010-02-09,40.79,40.90,40.47,40.75,2900,40.26
2010-02-08,40.23,40.74,40.23,40.37,4200,39.88
2010-02-05,40.27,40.68,40.08,40.35,13100,39.86
2010-02-04,40.91,40.91,40.54,40.55,1400,40.06
2010-02-03,41.17,41.17,40.89,40.91,2900,40.42
2010-02-02,41.17,41.52,40.82,41.43,8300,40.93
2010-02-01,40.53,40.56,40.43,40.49,1100,40.00
2010-01-29,40.93,40.96,40.56,40.56,3200,40.07
2010-01-28,41.49,41.49,40.66,40.73,700,40.24
2010-01-27,41.38,41.38,41.00,41.18,2000,40.68
2010-01-26,41.88,41.95,41.60,41.60,1800,41.10
2010-01-25,41.90,41.98,41.60,41.69,3100,41.19
2010-01-22,41.61,41.92,41.46,41.47,3100,40.97
2010-01-21,42.08,42.20,41.53,41.82,3200,41.32
2010-01-20,42.10,42.10,41.65,41.80,34300,41.30
2010-01-19,42.56,42.86,42.54,42.75,23700,42.24
2010-01-15,42.37,42.61,41.99,42.30,7200,41.79
2010-01-14,42.27,42.69,41.80,42.55,14800,42.04
2010-01-13,41.77,42.24,41.77,42.21,6600,41.70
2010-01-12,41.36,41.91,41.36,41.71,7800,41.21
2010-01-11,41.95,41.95,41.24,41.51,3500,41.01
2010-01-08,41.19,41.31,40.91,41.31,3600,40.81
2010-01-07,40.47,40.88,40.47,40.88,9900,40.39
2010-01-06,41.11,41.20,40.84,41.07,33400,40.58
2010-01-05,41.10,41.21,40.98,41.08,6700,40.59
2010-01-04,40.82,41.09,40.72,41.09,6600,40.60
2009-12-31,40.26,40.26,39.99,39.99,1800,39.51
2009-12-30,39.82,40.65,39.82,40.18,5300,39.70
2009-12-29,40.91,40.91,40.65,40.65,7400,40.16
2009-12-28,40.43,40.82,40.43,40.69,24400,40.20
2009-12-24,40.47,40.50,40.47,40.50,2100,40.01
2009-12-23,40.62,40.62,40.36,40.38,1900,39.89
2009-12-22,40.47,40.47,40.08,40.15,4100,39.67
2009-12-21,41.25,41.25,41.00,41.09,5000,40.01
2009-12-18,40.93,41.28,40.81,41.05,5600,39.97
2009-12-17,41.13,41.13,40.85,40.93,2000,39.86
2009-12-16,41.27,41.68,41.27,41.51,2500,40.42
2009-12-15,41.35,41.35,41.19,41.20,2700,40.12
2009-12-14,41.60,41.79,41.33,41.79,5500,40.69
2009-12-11,41.31,41.31,41.17,41.31,1800,40.23
2009-12-10,41.60,41.77,41.40,41.40,4300,40.31
2009-12-09,41.78,41.78,41.50,41.54,3800,40.45
2009-12-08,41.33,41.33,41.11,41.24,1600,40.16
2009-12-07,41.50,41.50,41.24,41.24,400,40.16
2009-12-04,41.74,42.23,41.74,41.83,700,40.73
2009-12-03,42.04,42.27,41.81,41.81,2800,40.71
2009-12-02,42.08,42.08,41.70,41.70,5500,40.61
2009-12-01,41.86,42.03,41.59,42.03,4100,40.93
2009-11-30,40.77,40.80,40.39,40.80,2300,39.73
2009-11-27,39.89,40.61,39.89,40.20,1100,39.15
2009-11-25,39.95,39.95,39.75,39.89,1200,38.84
2009-11-24,39.99,40.21,39.26,39.50,5700,38.46
2009-11-23,40.34,40.77,40.34,40.64,1100,39.57
2009-11-20,40.05,40.15,39.78,40.15,4900,39.10
2009-11-19,39.92,39.93,39.37,39.47,24800,38.43
2009-11-18,40.54,40.54,39.73,40.36,17000,39.30
2009-11-17,40.63,40.69,40.10,40.69,5600,39.62
2009-11-16,41.01,41.55,41.01,41.47,20400,40.38
2009-11-13,41.12,41.38,40.85,41.01,6600,39.93
2009-11-12,41.17,41.20,40.47,40.75,9200,39.68
2009-11-11,42.22,42.22,41.64,41.94,5400,40.84
2009-11-10,42.13,42.36,42.00,42.29,15300,41.18
2009-11-09,42.53,42.68,42.45,42.65,2600,41.53
2009-11-06,41.92,42.02,41.85,41.98,800,40.88
2009-11-05,42.53,42.80,42.29,42.67,9800,41.55
2009-11-04,42.25,42.54,42.10,42.10,14500,41.00
2009-11-03,41.74,42.50,41.74,42.28,8900,41.17
2009-11-02,42.35,42.95,42.16,42.56,3100,41.44
2009-10-30,42.12,42.27,41.50,41.50,3100,40.41
2009-10-29,41.72,42.15,41.72,41.93,9700,40.83
2009-10-28,41.67,42.00,41.50,41.55,8400,40.46
2009-10-27,42.05,42.09,41.53,41.80,2600,40.70
2009-10-26,42.20,42.91,41.98,41.98,7500,40.88
2009-10-23,42.38,42.56,41.86,42.00,5600,40.90
2009-10-22,42.49,43.11,42.38,43.11,7500,41.98
2009-10-21,42.93,43.17,42.93,43.15,1700,42.02
2009-10-20,43.01,43.01,42.50,42.50,1200,41.39
2009-10-19,42.58,43.15,42.58,43.12,2200,41.99
2009-10-16,42.29,42.37,41.85,42.15,19500,41.04
2009-10-15,43.10,43.19,42.61,42.88,13400,41.76
2009-10-14,43.50,43.61,43.28,43.61,4200,42.47
2009-10-13,42.91,43.18,42.91,43.10,600,41.97
2009-10-12,43.62,43.69,43.12,43.15,3500,42.02
2009-10-09,43.20,43.20,42.87,43.14,2300,42.01
2009-10-08,43.00,43.55,43.00,43.14,9500,42.01
2009-10-07,42.39,43.00,42.39,42.60,900,41.48
2009-10-06,42.30,42.80,42.18,42.41,2400,41.30
2009-10-05,41.60,42.20,41.60,42.13,6400,41.02
2009-10-02,41.79,42.39,41.79,41.96,13200,40.86
2009-10-01,43.17,43.17,42.59,42.80,7200,41.68
2009-09-30,44.06,44.22,43.33,43.65,31800,42.51
2009-09-29,43.95,43.95,43.30,43.34,6000,42.20
2009-09-28,43.99,44.74,43.99,44.58,16800,43.41
2009-09-25,44.06,44.06,44.06,44.06,100,42.90
2009-09-24,44.52,44.52,43.41,43.41,8200,42.27
2009-09-23,44.04,44.04,43.29,43.44,25900,42.30
2009-09-22,43.73,43.82,43.60,43.81,3500,42.66
2009-09-21,43.19,43.30,43.00,43.30,2200,42.16
2009-09-18,43.68,44.50,43.64,43.75,2500,42.60
2009-09-17,43.88,43.88,43.41,43.65,4600,42.51
2009-09-16,44.30,44.30,43.75,43.83,6200,42.68
2009-09-15,44.19,44.36,43.79,44.18,3600,43.02
2009-09-14,44.34,44.69,44.13,44.64,12800,43.47
2009-09-11,44.70,44.96,44.65,44.86,9200,43.68
2009-09-10,44.28,44.73,44.13,44.49,25300,43.32
2009-09-09,43.86,44.56,43.85,44.23,5900,43.07
2009-09-08,43.85,43.99,43.49,43.74,108500,42.59
2009-09-04,43.01,43.74,42.96,43.61,6900,42.47
2009-09-03,43.81,43.81,43.28,43.33,4600,42.19
2009-09-02,43.68,44.12,43.37,43.73,14100,42.58
2009-09-01,44.17,44.25,43.25,43.36,7000,42.22
2009-08-31,44.29,44.29,43.99,44.29,2500,43.13
2009-08-28,44.66,44.66,44.06,44.40,5500,43.24
2009-08-27,44.41,44.57,43.90,44.50,4100,43.33
2009-08-26,44.17,44.17,43.86,44.08,13500,42.92
2009-08-25,43.63,44.33,42.36,44.13,6000,42.97
2009-08-24,44.06,44.06,43.28,43.39,13100,42.25
2009-08-21,43.84,44.15,43.55,44.15,31600,42.99
2009-08-20,43.29,43.70,43.00,43.63,4800,42.49
2009-08-19,42.57,43.15,42.57,43.05,2900,41.92
2009-08-18,42.30,42.71,42.30,42.62,2500,41.50
2009-08-17,42.18,42.79,42.05,42.30,12900,41.19
2009-08-14,43.24,43.42,42.50,42.76,7000,41.64
2009-08-13,42.89,42.89,42.65,42.67,3300,41.55
2009-08-12,42.39,42.67,42.15,42.60,17900,41.48
2009-08-11,41.93,42.41,41.93,42.07,6500,40.97
2009-08-10,41.51,41.74,41.50,41.51,2700,40.42
2009-08-07,41.86,42.09,41.61,42.08,4800,40.98
2009-08-06,42.23,42.23,42.00,42.04,1200,40.94
2009-08-05,42.14,42.27,42.01,42.21,5300,41.10
2009-08-04,42.85,42.90,42.43,42.64,7500,41.52
2009-08-03,42.91,43.13,42.91,42.91,300,41.78
2009-07-31,42.29,42.52,42.09,42.52,5700,41.40
2009-07-30,41.77,42.45,41.77,42.29,2900,41.18
2009-07-29,41.62,41.86,41.43,41.49,19600,40.40
2009-07-28,41.51,41.93,41.46,41.60,6900,40.51
2009-07-27,41.34,42.46,41.27,41.85,17200,40.75
2009-07-24,41.68,42.16,41.68,41.96,4000,40.86
2009-07-23,41.59,42.12,41.46,42.10,9000,41.00
2009-07-22,41.45,41.95,41.45,41.66,6200,40.57
2009-07-21,41.50,41.50,41.23,41.23,2000,40.15
2009-07-20,40.43,40.94,40.43,40.90,7900,39.83
2009-07-17,40.36,40.36,40.08,40.23,4500,39.17
2009-07-16,40.23,40.34,40.17,40.26,15000,39.20
2009-07-15,40.68,40.81,40.42,40.81,1300,39.74
2009-07-14,40.32,40.32,40.02,40.02,5100,38.97
2009-07-13,40.01,40.40,39.99,40.34,6300,39.28
2009-07-10,40.95,40.95,40.33,40.84,2600,39.77
2009-07-09,40.80,41.16,39.92,41.11,1500,40.03
2009-07-08,40.92,41.25,40.81,41.02,36300,39.94
2009-07-07,41.43,41.43,40.71,40.71,8400,39.64
2009-07-06,41.11,41.50,41.00,41.33,45600,40.25
2009-07-02,41.11,41.15,40.60,40.70,76800,39.63
2009-07-01,41.56,41.91,41.56,41.74,8700,40.65
2009-06-30,41.45,41.50,40.67,41.07,4900,39.99
2009-06-29,41.69,41.69,41.40,41.64,1900,40.55
2009-06-26,41.31,41.82,41.31,41.78,1900,40.68
2009-06-25,40.53,41.40,40.39,41.40,3800,40.31
2009-06-24,40.70,40.97,40.34,40.35,2100,39.29
2009-06-23,40.00,40.55,39.93,40.42,14000,39.36
2009-06-22,40.64,40.64,39.75,39.80,4300,38.52
2009-06-19,40.01,40.70,40.01,40.49,7200,39.19
2009-06-18,40.82,41.16,40.51,40.72,37900,39.41
2009-06-17,40.43,41.87,40.43,40.69,110400,39.38
2009-06-16,41.49,42.90,39.63,39.68,24300,38.40
2009-06-15,40.60,41.24,39.88,40.11,35800,38.82
2009-06-12,40.23,40.40,40.19,40.19,5900,38.90
2009-06-11,40.68,40.86,38.76,40.49,8100,39.19
2009-06-10,40.26,40.26,39.24,39.97,13200,38.68
2009-06-09,39.72,39.87,39.53,39.87,1600,38.59
2009-06-08,39.36,39.42,38.65,39.42,17500,38.15
2009-06-05,39.19,39.59,39.19,39.35,1800,38.08
2009-06-04,39.83,40.26,39.83,39.86,6500,38.58
2009-06-03,39.64,39.64,39.19,39.19,1600,37.93
2009-06-02,39.60,40.16,39.60,40.05,5000,38.76
2009-06-01,39.68,40.09,39.66,39.78,1800,38.50
2009-05-29,38.89,39.32,38.89,39.32,3300,38.06
2009-05-28,38.75,39.01,38.39,38.97,9200,37.72
2009-05-27,39.11,39.32,38.71,38.71,5800,37.47
2009-05-26,39.02,39.97,39.02,39.95,9100,38.67
2009-05-22,38.58,38.63,38.40,38.57,2100,37.33
2009-05-21,37.85,38.37,37.85,38.11,10700,36.88
2009-05-20,38.86,38.94,38.39,38.58,16700,37.34
2009-05-19,38.68,38.68,37.75,38.07,50000,36.85
2009-05-18,38.08,39.40,37.80,38.39,8100,37.16
2009-05-15,37.69,37.94,37.18,37.50,16100,36.29
2009-05-14,36.82,37.44,36.79,37.00,21000,35.81
2009-05-13,37.01,37.01,36.50,36.65,4800,35.47
2009-05-12,36.84,37.30,36.81,37.08,10700,35.89
2009-05-11,36.21,36.71,36.21,36.29,27000,35.12
2009-05-08,36.28,36.72,36.28,36.72,800,35.54
2009-05-07,36.62,36.62,35.12,35.74,30600,34.59
2009-05-06,36.05,36.79,36.05,36.79,500,35.61
2009-05-05,35.90,36.09,35.90,36.04,3800,34.88
2009-05-04,34.98,36.03,34.98,35.80,3600,34.65
2009-05-01,37.50,37.50,34.81,34.89,35700,33.77
2009-04-30,35.59,35.65,34.85,35.03,19400,33.90
2009-04-29,35.10,35.87,35.10,35.56,6300,34.42
2009-04-28,35.00,35.06,34.92,35.06,800,33.93
2009-04-27,35.79,36.23,35.45,35.70,94800,34.55
2009-04-24,35.55,35.99,35.53,35.76,3100,34.61
2009-04-23,35.02,35.19,35.02,35.19,1200,34.06
2009-04-22,34.71,35.40,34.71,34.99,16700,33.87
2009-04-21,34.12,34.80,34.12,34.79,101500,33.67
2009-04-20,34.34,34.88,34.27,34.34,2300,33.24
2009-04-17,34.90,34.90,34.75,34.75,3000,33.63
2009-04-16,34.72,34.91,34.70,34.91,2500,33.79
2009-04-15,34.19,34.84,34.19,34.84,4200,33.72
2009-04-14,34.34,34.84,34.34,34.84,2100,33.72
2009-04-13,34.41,34.43,34.41,34.43,400,33.32
2009-04-09,34.50,34.52,34.50,34.52,700,33.41
2009-04-08,33.56,33.59,33.47,33.55,4500,32.47
2009-04-07,33.12,33.53,33.12,33.30,6200,32.23
2009-04-06,33.44,33.44,32.97,33.05,2000,31.99
2009-04-03,34.49,34.49,34.08,34.08,24700,32.98
2009-04-02,34.90,36.65,34.77,35.02,6900,33.89
2009-04-01,33.36,34.33,33.36,34.33,3900,33.23
2009-03-31,33.25,33.25,33.25,33.25,000,32.18
2009-03-30,34.00,34.00,33.14,33.25,700,32.18
2009-03-27,34.96,36.01,34.32,34.46,6100,33.35
2009-03-26,34.60,34.91,34.60,34.91,2500,33.79
2009-03-25,33.69,34.79,33.67,34.34,34400,33.24
2009-03-24,33.67,33.89,33.12,33.12,4800,32.06
2009-03-23,33.99,34.06,33.92,34.06,2200,32.96
2009-03-20,33.00,33.00,32.50,32.50,700,31.46
2009-03-19,33.27,33.33,33.27,33.33,6300,32.26
2009-03-18,31.60,32.62,31.60,32.62,3800,31.57
2009-03-17,31.79,32.36,31.47,32.36,5400,31.32
2009-03-16,32.14,32.59,32.14,32.39,2700,31.35
2009-03-13,31.12,31.27,30.73,31.27,6400,30.26
2009-03-12,31.23,31.30,31.23,31.30,800,30.29
2009-03-11,31.30,31.30,31.30,31.30,100,30.29
2009-03-10,31.59,31.73,31.34,31.34,6900,30.33
2009-03-09,30.50,30.59,30.19,30.19,2000,29.22
2009-03-06,30.85,31.13,30.19,30.20,14800,29.23
2009-03-05,31.69,31.69,30.84,30.84,3100,29.85
2009-03-04,30.90,31.90,30.90,31.75,6800,30.73
2009-03-03,30.89,30.89,30.17,30.38,900,29.40
2009-03-02,31.22,31.22,30.23,30.25,6200,29.28
2009-02-27,30.67,31.89,30.67,31.00,8200,30.00
2009-02-26,31.14,32.19,30.85,30.85,3800,29.86
2009-02-25,31.88,32.12,31.10,31.40,8300,30.39
2009-02-24,31.77,32.46,31.45,32.46,8900,31.42
2009-02-23,32.62,32.62,31.43,31.67,5500,30.65
2009-02-20,31.47,32.78,31.47,32.34,13900,31.30
2009-02-19,33.76,34.01,32.85,32.85,8300,31.79
2009-02-18,33.56,33.97,33.49,33.74,7700,32.66
2009-02-17,33.50,34.07,33.27,33.49,12500,32.41
2009-02-13,34.53,34.53,34.30,34.30,1100,33.20
2009-02-12,34.49,34.49,34.33,34.37,1800,33.26
2009-02-11,34.50,34.53,34.50,34.53,6000,33.42
2009-02-10,34.46,34.46,34.46,34.46,200,33.35
2009-02-09,35.35,35.75,35.13,35.51,7300,34.37
2009-02-06,36.10,36.24,35.72,35.97,24800,34.81
2009-02-05,35.87,36.59,35.78,36.48,29600,35.31
2009-02-04,36.66,36.70,36.18,36.43,6400,35.26
2009-02-03,36.13,36.61,36.13,36.35,8600,35.18
2009-02-02,35.73,36.39,35.73,36.18,7500,35.02
2009-01-30,36.35,36.65,35.82,36.00,3800,34.84
2009-01-29,37.14,37.14,36.10,36.10,800,34.94
2009-01-28,37.90,38.17,37.90,38.08,16600,36.86
2009-01-27,37.46,37.66,37.35,37.51,4400,36.30
2009-01-26,36.64,36.64,36.64,36.64,000,35.46
2009-01-23,35.23,36.64,35.23,36.64,5300,35.46
2009-01-22,36.43,36.48,35.61,35.61,4300,34.47
2009-01-21,35.83,36.94,35.83,36.74,6700,35.56
2009-01-20,36.12,36.12,35.14,35.55,1900,34.41
2009-01-16,36.94,36.99,36.42,36.78,6200,35.60
2009-01-15,36.00,36.82,35.10,36.72,9800,35.54
2009-01-14,35.80,35.82,34.94,35.49,2700,34.35
2009-01-13,36.35,36.63,36.35,36.37,11300,35.20
2009-01-12,37.01,37.36,36.04,36.48,29600,35.31
2009-01-09,37.73,37.73,37.25,37.25,1000,36.05
2009-01-08,36.70,37.74,36.70,37.50,4400,36.29
2009-01-07,37.61,37.61,35.86,36.72,4100,35.54
2009-01-06,37.45,38.40,37.08,37.85,6400,36.63
2009-01-05,38.13,38.61,36.99,38.40,8200,37.17
2009-01-02,40.07,40.89,39.50,39.51,10300,38.24
2008-12-31,41.74,41.74,39.02,39.95,6500,38.67
2008-12-30,40.69,40.69,38.79,40.34,5600,39.04
2008-12-29,38.34,39.14,38.34,39.11,20200,37.85
2008-12-26,38.89,38.89,38.31,38.46,15200,37.22
2008-12-24,37.50,37.77,37.50,37.67,2000,36.46
2008-12-23,37.83,37.83,36.73,36.88,3600,35.69
2008-12-22,38.68,38.93,36.89,37.10,15000,35.48
2008-12-19,38.50,38.95,38.04,38.13,13400,36.47
2008-12-18,41.00,41.00,38.60,38.60,4400,36.91
2008-12-17,39.56,40.45,39.56,40.43,13900,38.66
2008-12-16,38.97,40.26,38.97,40.26,6900,38.50
2008-12-15,38.89,38.89,36.92,38.52,16400,36.84
2008-12-12,37.31,38.72,37.31,38.60,6100,36.91
2008-12-11,39.00,39.00,36.68,37.67,5000,36.03
2008-12-10,39.09,39.09,36.45,37.65,60600,36.01
2008-12-09,38.71,38.71,36.20,37.34,8000,35.71
2008-12-08,38.38,38.38,37.30,38.09,30300,36.43
2008-12-05,35.01,36.22,34.49,35.84,5200,34.28
2008-12-04,36.14,36.42,35.49,35.72,4900,34.16
2008-12-03,35.54,36.79,35.52,36.46,5900,34.87
2008-12-02,35.21,36.17,33.63,35.78,6200,34.22
2008-12-01,35.87,35.87,33.65,34.38,19100,32.88
2008-11-28,36.33,36.33,36.00,36.00,50100,34.43
2008-11-26,35.60,36.49,35.57,36.49,6800,34.90
2008-11-25,38.00,38.00,34.82,36.17,16900,34.59
2008-11-24,35.82,37.83,35.82,37.04,137700,35.42
2008-11-21,35.13,35.66,33.31,35.19,11300,33.65
2008-11-20,34.63,34.63,32.90,33.00,12000,31.56
2008-11-19,35.36,35.36,33.55,33.55,6700,32.09
2008-11-18,35.32,36.01,34.84,36.01,13200,34.44
2008-11-17,34.00,35.72,34.00,35.72,10400,34.16
2008-11-14,34.60,36.45,34.60,35.85,58500,34.28
2008-11-13,35.81,36.23,34.67,36.23,109800,34.65
2008-11-12,35.87,35.87,34.80,34.80,104400,33.28
2008-11-11,37.77,37.77,34.92,35.22,5400,33.68
2008-11-10,36.96,37.11,36.35,36.35,6600,34.76
2008-11-07,34.46,36.25,34.46,36.10,5500,34.52
2008-11-06,36.47,36.47,34.36,34.49,4500,32.98
2008-11-05,38.98,38.98,34.77,36.17,39500,34.59
2008-11-04,37.03,37.83,37.03,37.83,13000,36.18
2008-11-03,36.37,36.49,35.30,36.49,6900,34.90
2008-10-31,35.48,35.77,35.00,35.33,6000,33.79
2008-10-30,36.00,36.00,34.76,34.99,2700,33.46
2008-10-29,35.18,35.18,33.32,33.32,3800,31.87
2008-10-28,31.53,35.60,31.53,35.58,16000,34.03
2008-10-27,31.00,31.90,30.40,31.36,7600,29.99
2008-10-24,28.53,33.47,28.53,32.70,14000,31.27
2008-10-23,35.79,35.79,32.50,32.59,15900,31.17
2008-10-22,32.54,34.16,32.00,32.76,18500,31.33
2008-10-21,34.53,34.94,34.29,34.75,8700,33.23
2008-10-20,36.30,36.30,35.20,35.89,4700,34.32
2008-10-17,33.59,34.60,31.51,34.06,18300,32.57
2008-10-16,32.11,33.13,31.76,33.10,11900,31.65
2008-10-15,34.50,34.50,31.77,31.77,13200,30.38
2008-10-14,36.20,36.91,33.20,34.28,5400,32.78
2008-10-13,29.60,33.44,29.05,33.44,7300,31.98
2008-10-10,30.52,31.58,28.27,28.98,10900,27.71
2008-10-09,33.16,35.38,31.45,31.45,7100,30.08
2008-10-08,34.53,34.68,32.70,33.27,7200,31.82
2008-10-07,37.10,37.10,33.00,34.26,20000,32.76
2008-10-06,37.16,37.16,34.17,35.48,34700,33.93
2008-10-03,37.77,37.77,36.48,36.48,5900,34.89
2008-10-02,38.00,38.00,36.74,37.50,22500,35.86
2008-10-01,37.60,39.53,37.60,39.45,9000,37.73
2008-09-30,39.56,39.58,38.52,39.58,11700,37.85
2008-09-29,44.85,44.85,38.13,38.13,17100,36.47
2008-09-26,40.25,40.77,39.97,40.77,4600,38.99
2008-09-25,41.05,41.31,40.72,41.02,13500,39.23
2008-09-24,40.13,40.91,40.12,40.41,26400,38.65
2008-09-23,39.18,40.45,38.80,39.17,41300,37.46
2008-09-22,41.33,41.78,39.99,40.09,5100,38.34
2008-09-19,42.60,42.81,40.08,42.07,2900,40.23
2008-09-18,38.82,41.58,38.82,41.20,20400,39.40
2008-09-17,40.07,41.56,38.57,38.94,17300,37.24
2008-09-16,40.44,40.44,39.84,40.35,15600,38.59
2008-09-15,39.35,40.46,38.90,39.83,12500,38.09
2008-09-12,41.15,41.32,41.11,41.32,17900,39.52
2008-09-11,41.06,41.10,40.30,40.99,58500,39.20
2008-09-10,41.24,41.24,40.82,41.00,11000,39.21
2008-09-09,41.85,41.85,40.80,40.80,14300,39.02
2008-09-08,41.32,41.56,40.78,41.32,26100,39.52
2008-09-05,40.95,41.01,40.64,41.01,7400,39.22
2008-09-04,41.50,41.50,40.75,40.80,10400,39.02
2008-09-03,41.84,41.85,41.58,41.71,9900,39.89
2008-09-02,41.97,42.16,41.82,41.94,20000,40.11
2008-08-29,43.21,43.21,42.86,42.92,4000,41.05
2008-08-28,42.32,42.77,42.32,42.53,13800,40.67
2008-08-27,41.88,42.04,41.85,42.04,5600,40.20
2008-08-26,41.36,42.81,39.67,41.96,16000,40.13
2008-08-25,41.95,41.95,41.55,41.57,3200,39.76
2008-08-22,41.97,42.00,41.97,42.00,5300,40.17
2008-08-21,42.19,42.30,41.00,42.30,10000,40.45
2008-08-20,42.06,42.06,41.68,42.00,9000,40.17
2008-08-19,41.89,41.89,41.18,41.23,7500,39.43
2008-08-18,41.87,42.33,41.87,41.99,900,40.16
2008-08-15,42.11,42.11,41.49,41.54,4500,39.73
2008-08-14,42.04,42.04,41.19,41.84,15300,40.01
2008-08-13,42.88,42.88,41.96,41.96,8600,40.13
2008-08-12,43.77,43.77,42.99,43.04,12300,41.16
2008-08-11,43.68,43.68,43.31,43.56,6500,41.66
2008-08-08,42.79,43.33,42.71,43.33,9100,41.44
2008-08-07,43.75,43.75,42.97,42.97,11000,41.09
2008-08-06,44.95,45.10,43.38,43.38,3300,41.49
2008-08-05,43.20,43.74,43.07,43.60,27100,41.70
2008-08-04,44.01,44.01,43.05,43.24,19400,41.35
2008-08-01,45.47,45.47,44.57,44.57,11100,42.62
2008-07-31,45.35,45.35,45.15,45.15,1400,43.18
2008-07-30,45.50,45.50,45.30,45.30,4700,43.32
2008-07-29,44.75,45.25,44.56,44.90,4100,42.94
2008-07-28,45.50,45.50,44.74,44.84,5000,42.88
2008-07-25,45.00,45.34,45.00,45.21,1700,43.24
2008-07-24,45.36,45.36,44.99,45.10,3800,43.13
2008-07-23,44.77,45.50,44.77,45.00,7400,43.04
2008-07-22,44.97,45.04,44.03,44.67,10200,42.72
2008-07-21,44.31,44.42,44.31,44.42,3900,42.48
2008-07-18,44.68,44.68,43.72,44.05,20600,42.13
2008-07-17,45.31,45.47,44.73,45.47,11800,43.48
2008-07-16,44.73,45.20,44.73,45.20,2300,43.23
2008-07-15,44.90,44.90,43.50,44.46,10400,42.52
2008-07-14,45.98,45.98,44.25,44.41,5000,42.47
2008-07-11,44.95,45.53,43.87,44.40,7000,42.46
2008-07-10,44.51,44.60,44.45,44.47,3800,42.53
2008-07-09,45.19,45.19,44.36,44.51,19600,42.57
2008-07-08,45.22,45.78,44.00,45.75,9800,43.75
2008-07-07,46.44,46.44,45.29,45.49,6900,43.50
2008-07-03,46.29,46.29,45.17,45.30,6100,43.32
2008-07-02,46.51,46.58,45.21,45.40,18200,43.42
2008-07-01,46.69,46.81,46.36,46.80,214100,44.76
2008-06-30,47.46,47.46,47.02,47.15,6500,45.09
2008-06-27,46.40,46.83,45.36,46.57,39100,44.54
2008-06-26,46.57,46.57,45.70,45.92,19100,43.92
2008-06-25,46.45,47.35,46.45,46.85,23400,44.80
2008-06-24,46.70,46.70,46.07,46.49,15600,44.46
2008-06-23,46.73,46.73,46.50,46.56,13000,44.53
2008-06-20,47.70,47.70,46.25,46.47,53100,44.44
2008-06-19,47.50,47.50,46.52,47.32,36500,45.25
2008-06-18,48.72,49.08,47.56,47.69,185700,45.61
2008-06-17,49.47,50.09,48.12,48.14,26600,46.04
2008-06-16,48.45,48.76,47.70,48.30,92600,46.19
2008-06-13,47.29,47.78,47.28,47.78,13400,45.69
2008-06-12,47.56,47.75,47.00,47.26,7000,45.20
2008-06-11,48.61,48.61,47.85,47.85,900,45.76
2008-06-10,48.62,48.62,48.08,48.10,2800,46.00
2008-06-09,49.35,49.35,49.17,49.17,800,47.02
2008-06-06,50.60,50.60,49.54,49.54,7100,47.38
2008-06-05,50.92,51.31,50.92,51.31,7200,49.07
2008-06-04,49.39,51.17,49.39,51.17,2300,48.94
2008-06-03,50.42,50.50,50.27,50.27,1300,48.08
2008-06-02,51.64,51.64,50.72,50.72,3000,48.51
2008-05-30,50.77,50.96,50.50,50.80,11500,48.58
2008-05-29,50.03,50.31,50.03,50.30,3800,48.10
2008-05-28,50.00,50.00,49.36,49.60,10400,47.43
2008-05-27,50.14,50.36,50.14,50.36,5100,48.16
2008-05-23,50.01,51.19,50.01,50.56,11600,48.35
2008-05-22,50.24,50.82,50.24,50.82,5600,48.60
2008-05-21,50.86,50.86,50.26,50.26,1000,48.07
2008-05-20,50.91,51.05,50.60,50.97,2100,48.74
2008-05-19,51.45,52.00,50.39,51.38,20900,49.14
2008-05-16,51.10,51.50,51.10,51.46,9100,49.21
2008-05-15,51.07,51.40,50.90,51.30,18600,49.06
2008-05-14,50.00,50.00,49.41,49.68,4800,47.51
2008-05-13,49.71,49.71,49.30,49.30,1900,47.15
2008-05-12,49.65,49.78,49.56,49.56,3700,47.40
2008-05-09,49.66,49.72,49.60,49.60,1600,47.43
2008-05-08,49.99,50.42,49.99,50.42,5000,48.22
2008-05-07,49.48,49.48,49.21,49.21,300,47.06
2008-05-06,49.71,49.77,49.58,49.77,3000,47.60
2008-05-05,49.57,49.57,49.57,49.57,1000,47.41
2008-05-02,49.18,49.18,48.94,48.94,600,46.80
2008-05-01,48.54,49.00,48.54,49.00,1400,46.86
2008-04-30,48.72,48.72,48.72,48.72,000,46.59
2008-04-29,49.27,49.27,48.72,48.72,2900,46.59
2008-04-28,48.48,48.69,48.48,48.69,1100,46.56
2008-04-25,46.12,48.63,46.12,48.25,4100,46.14
2008-04-24,47.60,47.74,46.74,47.74,3100,45.66
2008-04-23,47.92,47.92,47.64,47.88,3200,45.79
2008-04-22,47.94,47.94,47.54,47.54,700,45.46
2008-04-21,47.79,47.95,47.74,47.95,1000,45.86
2008-04-18,47.99,48.32,47.99,48.16,5300,46.06
2008-04-17,48.39,48.39,47.86,48.00,1100,45.90
2008-04-16,48.38,48.38,48.33,48.33,600,46.22
2008-04-15,47.69,47.69,47.57,47.57,1200,45.49
2008-04-14,47.52,47.52,47.52,47.52,200,45.45
2008-04-11,48.58,48.58,47.35,47.65,2000,45.57
2008-04-10,47.47,47.47,46.87,46.87,1400,44.82
2008-04-09,47.80,47.80,47.30,47.30,500,45.24
2008-04-08,48.44,48.44,48.16,48.16,300,46.06
2008-04-07,49.13,49.13,48.76,48.76,4000,46.63
2008-04-04,48.40,48.40,47.90,48.27,1400,46.16
2008-04-03,48.30,48.80,48.10,48.49,6300,46.37
2008-04-02,48.66,48.70,47.49,47.83,4500,45.74
2008-04-01,48.61,48.66,48.51,48.66,4600,46.54
2008-03-31,46.86,48.07,46.86,47.99,5900,45.89
2008-03-28,48.55,48.55,48.37,48.49,1400,46.37
2008-03-27,47.49,48.30,47.49,47.64,3300,45.56
2008-03-26,47.45,47.51,47.45,47.51,600,45.44
2008-03-25,46.84,46.84,46.84,46.84,100,44.80
2008-03-24,47.00,47.27,46.25,47.27,4200,45.21
2008-03-20,44.24,45.59,44.24,45.59,5400,43.60
2008-03-19,46.11,46.11,44.46,44.58,13300,42.63
2008-03-18,45.37,45.37,44.77,44.99,11900,43.03
2008-03-17,44.98,45.28,44.76,44.76,2400,42.81
2008-03-14,45.78,45.78,45.00,45.00,1500,43.04
2008-03-13,46.15,46.15,45.26,45.85,3400,43.85
2008-03-12,46.65,46.65,46.62,46.62,200,44.58
2008-03-11,46.35,46.35,46.21,46.21,500,44.19
2008-03-10,46.39,46.39,45.49,45.49,1100,43.50
2008-03-07,46.73,46.73,46.04,46.04,2100,44.03
2008-03-06,47.30,47.30,45.84,46.00,4800,43.99
2008-03-05,46.91,46.91,45.79,46.02,2100,44.01
2008-03-04,46.73,46.73,45.91,45.95,3000,43.94
2008-03-03,47.67,47.67,46.94,46.94,5700,44.89
2008-02-29,48.15,48.15,47.67,47.67,1800,45.59
2008-02-28,48.54,48.54,47.27,47.27,18800,45.21
2008-02-27,48.80,48.80,48.24,48.38,4200,46.27
2008-02-26,47.42,47.42,46.87,47.33,2800,45.26
2008-02-25,47.06,48.00,47.06,48.00,2500,45.90
2008-02-22,47.18,47.18,46.76,47.01,1600,44.96
2008-02-21,47.00,47.00,46.96,46.96,2500,44.91
2008-02-20,46.63,46.63,45.83,45.97,5000,43.96
2008-02-19,47.88,47.88,46.98,47.63,11700,45.55
2008-02-15,46.25,47.05,46.25,47.02,5600,44.97
2008-02-14,46.30,46.35,46.07,46.07,3300,44.06
2008-02-13,45.35,45.35,44.98,45.15,8100,43.18
2008-02-12,46.01,46.01,45.42,45.52,13400,43.53
2008-02-11,45.25,46.14,45.25,46.14,3300,44.13
2008-02-08,46.52,46.52,45.90,45.92,3900,43.92
2008-02-07,46.89,46.94,46.45,46.82,19000,44.78
2008-02-06,47.50,47.50,46.61,46.61,10400,44.58
2008-02-05,48.55,48.55,47.48,48.05,9100,45.95
2008-02-04,49.00,49.00,48.78,48.90,6400,46.77
2008-02-01,48.93,48.93,48.24,48.54,22000,46.42
2008-01-31,48.50,48.68,47.99,48.68,9700,46.55
2008-01-30,48.00,48.00,46.54,46.59,7100,44.56
2008-01-29,47.91,47.91,46.85,47.06,25400,45.01
2008-01-28,46.93,47.68,46.37,47.65,25500,45.57
2008-01-25,47.82,47.82,47.10,47.10,1200,45.04
2008-01-24,46.05,46.05,46.05,46.05,100,44.04
2008-01-23,44.23,44.23,44.23,44.23,000,42.30
2008-01-22,44.23,44.23,44.23,44.23,100,42.30
2008-01-18,47.23,47.23,46.87,46.87,900,44.82
2008-01-17,45.62,45.62,45.62,45.62,000,43.63
2008-01-16,45.95,45.95,45.57,45.62,5600,43.63
2008-01-15,49.51,49.51,49.51,49.51,000,47.35
2008-01-14,49.51,49.51,49.51,49.51,000,47.35
2008-01-11,49.51,49.51,49.51,49.51,000,47.35
2008-01-10,49.51,49.51,49.51,49.51,000,47.35
2008-01-09,49.51,49.51,49.51,49.51,100,47.35
2008-01-08,48.91,48.91,48.91,48.91,000,46.77
2008-01-07,48.91,48.91,48.91,48.91,100,46.77
2008-01-04,50.02,50.02,49.94,49.94,1300,47.76
2008-01-03,51.13,51.13,51.13,51.13,000,48.90
2008-01-02,51.11,51.13,51.11,51.13,700,48.90
2007-12-31,50.05,50.05,50.05,50.05,000,47.86
2007-12-28,50.13,50.13,50.05,50.05,500,47.86
2007-12-27,50.75,50.75,50.75,50.75,100,48.53