2011-05-10,55.25,55.60,55.21,55.52,386800,55.52
2011-05-09,54.83,55.15,54.76,55.10,276000,55.10
2011-05-06,55.09,55.30,54.61,54.80,595500,54.80
2011-05-05,54.68,55.00,54.43,54.62,394500,54.62
2011-05-04,55.23,55.23,54.80,54.92,398600,54.92
2011-05-03,55.34,55.37,55.00,55.19,520100,55.19
2011-05-02,55.69,55.69,55.33,55.41,463600,55.41
2011-04-29,55.50,55.54,55.38,55.45,453000,55.45
2011-04-28,55.18,55.50,55.11,55.49,492300,55.49
2011-04-27,55.00,55.24,54.81,55.19,487800,55.19
2011-04-26,54.56,54.99,54.53,54.93,621300,54.93
2011-04-25,54.37,54.50,54.14,54.38,400100,54.38
2011-04-21,54.64,54.64,54.33,54.46,502200,54.46
2011-04-20,54.27,54.49,54.25,54.42,436100,54.42
2011-04-19,53.60,53.76,53.52,53.70,437700,53.70
2011-04-18,53.61,53.68,53.29,53.52,648000,53.52
2011-04-15,53.81,54.19,53.70,54.12,592200,54.12
2011-04-14,53.40,53.79,53.26,53.70,806000,53.70
2011-04-13,53.84,53.86,53.43,53.60,575400,53.60
2011-04-12,53.80,54.03,53.58,53.62,2750800,53.62
2011-04-11,54.20,54.35,53.95,54.05,325500,54.05
2011-04-08,54.67,54.68,53.87,54.11,941400,54.11
2011-04-07,54.64,54.74,54.25,54.48,545300,54.48
2011-04-06,54.73,54.74,54.52,54.69,302300,54.69
2011-04-05,54.49,54.70,54.35,54.49,535900,54.49
2011-04-04,54.58,54.63,54.38,54.52,522300,54.52
2011-04-01,54.24,54.57,54.24,54.41,465200,54.41
2011-03-31,54.12,54.29,54.07,54.15,780700,54.15
2011-03-30,53.86,54.20,53.83,54.13,490000,54.13
2011-03-29,53.30,53.66,53.15,53.63,328900,53.63
2011-03-28,53.53,53.63,53.30,53.31,479700,53.31
2011-03-25,53.35,53.64,53.28,53.41,494000,53.41
2011-03-24,53.18,53.31,52.91,53.21,489800,53.21
2011-03-23,52.85,53.02,52.55,52.93,393600,52.93
2011-03-22,53.16,53.18,52.92,52.94,410600,52.94
2011-03-21,53.03,53.30,52.99,53.16,1662400,53.16
2011-03-18,52.53,52.72,52.28,52.45,654200,52.45
2011-03-17,52.70,52.70,52.21,52.39,593100,52.01
2011-03-16,52.43,52.63,51.67,51.94,1368200,51.57
2011-03-15,52.01,52.89,51.91,52.64,1127300,52.26
2011-03-14,53.22,53.30,52.89,53.16,773000,52.78
2011-03-11,53.20,53.64,53.10,53.50,438500,53.11
2011-03-10,53.79,53.79,53.30,53.36,667100,52.98
2011-03-09,54.04,54.20,53.73,54.14,370700,53.75
2011-03-08,53.57,54.18,53.49,54.08,323200,53.69
2011-03-07,54.06,54.12,53.31,53.49,1080300,53.10
2011-03-04,54.25,54.26,53.55,53.83,819400,53.44
2011-03-03,53.74,54.29,53.74,54.21,636100,53.82
2011-03-02,53.24,53.55,53.12,53.37,393700,52.98
2011-03-01,54.15,54.16,53.23,53.23,979200,52.85
2011-02-28,53.62,54.02,53.62,53.99,668500,53.60
2011-02-25,53.07,53.48,53.07,53.48,384500,53.09
2011-02-24,53.04,53.15,52.57,52.96,724900,52.58
2011-02-23,53.56,53.65,52.94,53.09,730400,52.71
2011-02-22,53.70,54.09,53.48,53.56,662300,53.17
2011-02-18,53.96,54.18,53.91,54.18,849700,53.79
2011-02-17,53.54,53.98,53.54,53.94,638500,53.55
2011-02-16,53.63,53.78,53.53,53.71,476000,53.32
2011-02-15,53.44,53.57,53.37,53.50,381700,53.11
2011-02-14,53.63,53.67,53.50,53.60,549400,53.21
2011-02-11,53.00,53.67,52.96,53.63,763400,53.24
2011-02-10,52.86,53.20,52.84,53.17,526800,52.79
2011-02-09,53.12,53.23,52.91,53.06,710800,52.68
2011-02-08,53.10,53.23,53.00,53.20,2602100,52.82
2011-02-07,52.89,53.04,52.86,53.00,487900,52.62
2011-02-04,52.70,52.79,52.47,52.76,685200,52.38
2011-02-03,52.47,52.73,52.27,52.66,597000,52.28
2011-02-02,52.55,52.65,52.42,52.48,564400,52.10
2011-02-01,52.47,52.89,52.32,52.68,8134600,52.30
2011-01-31,52.09,52.31,52.02,52.17,779300,51.79
2011-01-28,52.78,52.94,51.90,51.98,1287000,51.60
2011-01-27,52.60,52.79,52.52,52.71,654100,52.33
2011-01-26,52.57,52.81,52.48,52.60,1132600,52.22
2011-01-25,52.31,52.47,52.08,52.46,1201000,52.08
2011-01-24,52.02,52.38,52.02,52.30,485700,51.92
2011-01-21,52.30,52.32,51.96,52.01,506500,51.63
2011-01-20,52.14,52.29,51.97,52.07,608900,51.69
2011-01-19,52.58,52.62,52.11,52.20,908300,51.82
2011-01-18,52.42,52.57,52.34,52.56,749700,52.18
2011-01-14,52.16,52.41,52.09,52.38,658400,52.00
2011-01-13,52.22,52.27,52.09,52.22,668300,51.84
2011-01-12,52.14,52.30,52.05,52.20,595400,51.82
2011-01-11,51.96,52.00,51.71,51.87,574200,51.50
2011-01-10,51.57,51.84,51.35,51.74,806200,51.37
2011-01-07,51.99,52.12,51.44,51.72,860900,51.35
2011-01-06,52.16,52.21,51.82,51.93,816800,51.56
2011-01-05,51.92,52.19,51.89,52.09,1013300,51.71
2011-01-04,52.46,52.50,51.83,52.00,1124800,51.62
2011-01-03,52.29,52.43,52.18,52.32,996400,51.94
2010-12-31,52.06,52.16,51.91,51.98,673700,51.60
2010-12-30,52.17,52.23,52.06,52.13,457600,51.75
2010-12-29,52.28,52.29,52.15,52.21,967300,51.83
2010-12-28,52.23,52.23,51.96,52.16,593600,51.78
2010-12-27,52.01,52.13,51.88,52.10,430600,51.72
2010-12-23,52.32,52.32,51.98,52.08,1588900,51.70
2010-12-22,52.11,52.22,52.07,52.21,798000,51.83
2010-12-21,52.05,52.14,51.94,52.02,1291600,51.64
2010-12-20,51.99,52.00,51.73,51.85,664000,51.48
2010-12-17,51.78,51.83,51.54,51.80,656300,51.43
2010-12-16,51.96,52.26,51.80,52.24,1793500,51.37
2010-12-15,51.88,52.11,51.83,51.90,1169300,51.03
2010-12-14,51.78,52.04,51.75,51.90,726700,51.03
2010-12-13,51.76,51.82,51.59,51.70,699900,50.84
2010-12-10,51.42,51.54,51.27,51.52,991200,50.66
2010-12-09,51.41,51.46,51.08,51.27,1511000,50.41
2010-12-08,51.09,51.26,50.96,51.13,800100,50.28
2010-12-07,51.54,51.63,50.90,51.07,1671800,50.22
2010-12-06,51.40,51.42,51.11,51.16,1153300,50.31
2010-12-03,51.43,51.46,51.10,51.41,993100,50.55
2010-12-02,51.60,51.65,51.41,51.48,1025000,50.62
2010-12-01,51.22,51.64,51.20,51.47,520600,50.61
2010-11-30,50.65,50.85,50.32,50.65,665700,49.80
2010-11-29,50.73,50.98,50.25,50.90,761000,50.05
2010-11-26,51.11,51.25,50.93,50.93,508900,50.08
2010-11-24,51.00,51.36,50.94,51.35,758100,50.49
2010-11-23,50.87,50.93,50.50,50.71,1173600,49.86
2010-11-22,50.92,51.31,50.71,51.28,1055700,50.42
2010-11-19,51.02,51.09,50.77,51.07,1384600,50.22
2010-11-18,50.89,51.18,50.85,51.04,615500,50.19
2010-11-17,50.57,50.66,50.38,50.53,536300,49.69
2010-11-16,51.18,51.18,50.26,50.50,1969000,49.66
2010-11-15,51.42,51.74,51.36,51.37,541400,50.51
2010-11-12,51.54,51.60,51.14,51.27,676600,50.41
2010-11-11,51.55,51.80,51.46,51.75,806800,50.89
2010-11-10,51.87,51.91,51.46,51.86,828800,50.99
2010-11-09,52.18,52.22,51.64,51.83,859000,50.96
2010-11-08,52.25,52.26,51.81,52.03,1288500,51.16
2010-11-05,52.34,52.40,52.12,52.32,628200,51.45
2010-11-04,51.97,52.28,51.96,52.27,1603700,51.40
2010-11-03,51.55,51.63,51.05,51.54,709100,50.68
2010-11-02,51.33,51.53,51.23,51.40,1237000,50.54
2010-11-01,51.39,51.53,50.68,50.99,1323300,50.14
2010-10-29,50.91,51.16,50.84,51.06,577800,50.21
2010-10-28,51.27,51.29,50.77,50.96,1267900,50.11
2010-10-27,51.12,51.12,50.51,51.01,530600,50.16
2010-10-26,51.34,51.41,51.03,51.23,581800,50.37
2010-10-25,51.80,51.95,51.42,51.49,755100,50.63
2010-10-22,51.62,51.62,51.32,51.47,737900,50.61
2010-10-21,51.78,51.96,51.19,51.54,1115200,50.68
2010-10-20,51.29,51.76,51.19,51.55,683200,50.69
2010-10-19,51.49,51.67,50.90,51.15,794100,50.30
2010-10-18,51.69,51.95,51.67,51.89,615500,51.02
2010-10-15,51.86,51.95,51.42,51.64,556500,50.78
2010-10-14,51.68,51.84,51.34,51.63,718600,50.77
2010-10-13,51.46,51.90,51.38,51.66,948400,50.80
2010-10-12,51.28,51.42,50.94,51.31,680300,50.45
2010-10-11,51.36,51.45,51.19,51.35,416000,50.49
2010-10-08,51.09,51.39,50.82,51.24,521900,50.38
2010-10-07,51.34,51.34,50.77,51.00,771400,50.15
2010-10-06,51.12,51.18,50.89,51.12,1105300,50.27
2010-10-05,50.54,51.17,50.47,51.11,786800,50.26
2010-10-04,50.35,50.51,49.90,50.14,6751900,49.30
2010-10-01,50.42,50.55,50.04,50.36,1154400,49.52
2010-09-30,50.41,50.75,49.96,50.18,874600,49.34
2010-09-29,50.04,50.36,49.93,50.18,725300,49.34
2010-09-28,50.02,50.30,49.43,50.25,714100,49.41
2010-09-27,50.13,50.13,49.81,49.92,1507500,49.09
2010-09-24,49.69,50.02,49.63,50.00,588100,49.17
2010-09-23,49.12,49.60,49.01,49.10,2128400,48.28
2010-09-22,49.54,49.83,49.32,49.50,2192200,48.67
2010-09-21,49.72,49.88,49.41,49.55,3127100,48.72
2010-09-20,49.15,49.77,48.95,49.70,995900,48.87
2010-09-17,49.05,49.13,48.70,48.93,638300,48.11
2010-09-16,49.18,49.29,48.98,49.23,444100,47.97
2010-09-15,49.02,49.42,48.83,49.36,1476900,48.10
2010-09-14,49.05,49.39,48.89,49.18,1041300,47.92
2010-09-13,49.07,49.13,48.87,49.08,758200,47.83
2010-09-10,48.47,48.68,48.38,48.61,859600,47.37
2010-09-09,48.58,48.59,48.25,48.39,914000,47.15
2010-09-08,48.10,48.36,48.01,48.06,587200,46.83
2010-09-07,48.21,48.30,47.92,47.98,425900,46.75
2010-09-03,48.47,48.50,48.10,48.47,565900,47.23
2010-09-02,47.80,48.02,47.65,47.97,1382800,46.74
2010-09-01,47.01,47.70,46.90,47.66,781600,46.44
2010-08-31,46.35,46.68,46.11,46.42,757000,45.23
2010-08-30,47.05,47.13,46.44,46.45,514600,45.26
2010-08-27,46.81,47.15,46.16,47.15,364700,45.95
2010-08-26,46.84,46.85,46.32,46.44,675600,45.25
2010-08-25,46.12,46.67,45.85,46.58,392400,45.39
2010-08-24,46.08,46.60,45.91,46.33,436600,45.15
2010-08-23,46.99,47.22,46.61,46.66,504400,45.47
2010-08-20,46.74,46.78,46.35,46.71,493700,45.52
2010-08-19,47.52,47.58,46.61,46.79,544400,45.59
2010-08-18,47.77,47.93,47.42,47.72,460600,46.50
2010-08-17,47.66,48.06,47.35,47.83,470300,46.61
2010-08-16,47.01,47.29,46.75,47.21,622000,46.00
2010-08-13,47.24,47.58,47.10,47.27,2464900,46.06
2010-08-12,46.68,47.49,46.68,47.39,432100,46.18
2010-08-11,48.03,48.21,47.55,47.62,376200,46.40
2010-08-10,48.60,49.14,48.40,48.89,413100,47.64
2010-08-09,48.95,49.11,48.80,49.04,574500,47.79
2010-08-06,48.38,48.72,48.01,48.67,328300,47.43
2010-08-05,48.79,48.93,48.63,48.84,314400,47.59
2010-08-04,49.22,49.22,48.79,49.01,709000,47.76
2010-08-03,49.21,49.41,48.90,49.15,1009500,47.89
2010-08-02,49.30,49.35,48.97,49.27,343900,48.01
2010-07-30,48.01,48.68,47.96,48.49,240200,47.25
2010-07-29,49.15,49.25,48.20,48.58,869800,47.34
2010-07-28,49.29,49.32,48.69,48.88,962800,47.63
2010-07-27,49.61,49.61,49.13,49.34,1105200,48.08
2010-07-26,48.70,49.21,48.55,49.19,858100,47.93
2010-07-23,48.00,48.57,47.82,48.47,329700,47.23
2010-07-22,47.47,48.07,47.44,47.98,419900,46.75
2010-07-21,47.67,47.67,46.70,46.93,259600,45.73
2010-07-20,46.23,47.44,46.21,47.40,1816700,46.19
2010-07-19,46.62,46.78,46.21,46.70,308300,45.51
2010-07-16,47.33,47.35,46.27,46.35,210200,45.17
2010-07-15,47.56,47.62,47.02,47.52,544500,46.31
2010-07-14,47.50,47.65,47.19,47.53,206800,46.32
2010-07-13,47.41,47.75,47.30,47.61,321100,46.39
2010-07-12,46.99,47.13,46.64,46.95,503400,45.75
2010-07-09,46.85,47.08,46.70,47.07,468700,45.87
2010-07-08,46.58,46.84,46.29,46.84,198900,45.64
2010-07-07,44.94,46.17,44.86,46.13,507000,44.95
2010-07-06,45.31,45.50,44.60,44.93,282100,43.78
2010-07-02,45.34,45.34,44.61,44.84,307000,43.69
2010-07-01,45.00,45.23,44.37,44.95,425700,43.80
2010-06-30,45.49,45.82,45.05,45.14,314800,43.99
2010-06-29,45.89,46.03,45.25,45.47,310000,44.31
2010-06-28,46.48,46.76,46.14,46.50,119800,45.31
2010-06-25,46.35,46.56,45.91,46.39,285200,45.20
2010-06-24,46.46,46.66,46.10,46.16,157100,44.98
2010-06-23,46.83,47.00,46.36,46.67,307800,45.48
2010-06-22,47.70,47.97,46.89,46.94,290500,45.74
2010-06-21,48.51,48.51,47.45,47.65,393900,46.43
2010-06-18,48.05,48.20,47.72,47.89,326600,46.67
2010-06-17,48.30,48.37,47.84,48.29,207700,46.65
2010-06-16,48.09,48.35,47.91,48.21,308800,46.57
2010-06-15,47.56,48.24,47.45,48.21,271900,46.57
2010-06-14,47.44,47.76,47.17,47.26,508400,45.65
2010-06-11,46.64,47.18,46.50,47.18,191600,45.57
2010-06-10,46.37,46.95,46.28,46.93,281800,45.33
2010-06-09,45.97,46.33,45.56,45.74,318400,44.18
2010-06-08,45.34,45.80,45.00,45.79,307700,44.23
2010-06-07,45.82,46.02,45.23,45.26,244000,43.72
2010-06-04,46.83,46.83,45.64,45.73,304100,44.17
2010-06-03,47.20,47.41,47.02,47.38,206800,45.77
2010-06-02,46.24,47.13,46.09,47.13,342200,45.53
2010-06-01,46.71,47.06,46.08,46.08,484700,44.51
2010-05-28,47.46,47.47,46.75,46.92,271500,45.32
2010-05-27,46.57,47.37,46.57,47.37,351800,45.76
2010-05-26,46.37,46.86,46.00,46.10,360100,44.53
2010-05-25,45.63,46.28,44.97,46.28,577300,44.70
2010-05-24,46.76,47.08,46.41,46.48,280400,44.90
2010-05-21,46.21,46.87,45.67,46.87,477200,45.27
2010-05-20,47.40,47.48,46.52,46.57,590700,44.98
2010-05-19,48.50,48.71,47.80,48.27,376200,46.63
2010-05-18,49.55,49.74,48.62,48.72,449200,47.06
2010-05-17,49.00,49.31,48.24,49.14,293400,47.47
2010-05-14,49.28,49.37,48.51,48.87,296800,47.21
2010-05-13,49.82,49.97,49.43,49.53,254700,47.84
2010-05-12,49.49,49.94,49.27,49.88,299600,48.18
2010-05-11,48.90,49.82,48.72,49.30,605600,47.62
2010-05-10,48.84,49.80,48.58,49.15,486100,47.48
2010-05-07,48.12,48.65,47.04,47.30,1781700,45.69
2010-05-06,49.46,50.15,41.51,48.04,2563700,46.40
2010-05-05,49.76,49.96,49.37,49.56,717200,47.87
2010-05-04,50.56,50.58,49.71,49.96,342300,48.26
2010-05-03,50.60,51.07,50.50,51.03,185400,49.29
2010-04-30,51.10,51.16,50.33,50.34,275100,48.63
2010-04-29,50.82,51.08,50.57,51.00,182700,49.26
2010-04-28,50.44,50.67,50.27,50.53,193300,48.81
2010-04-27,50.98,51.20,50.20,50.27,254300,48.56
2010-04-26,51.35,51.51,51.10,51.12,241500,49.38
2010-04-23,51.06,51.37,50.87,51.37,253600,49.62
2010-04-22,50.55,51.02,50.36,51.00,228200,49.26
2010-04-21,50.73,50.82,50.55,50.81,257300,49.08
2010-04-20,50.50,50.70,50.38,50.70,310500,48.97
2010-04-19,50.12,50.29,49.82,50.29,259700,48.58
2010-04-16,50.53,50.64,49.95,50.18,339800,48.47
2010-04-15,50.48,50.69,50.35,50.65,214000,48.93
2010-04-14,50.33,50.54,50.08,50.54,262600,48.82
2010-04-13,50.04,50.21,49.79,50.20,304700,48.49
2010-04-12,50.26,50.26,49.98,50.07,253500,48.37
2010-04-09,49.88,50.13,49.60,50.13,2444100,48.42
2010-04-08,49.73,49.80,49.50,49.76,449700,48.07
2010-04-07,50.12,50.13,49.65,49.88,740100,48.18
2010-04-06,49.83,50.17,49.78,50.16,276400,48.45
2010-04-05,49.91,50.00,49.67,50.00,360000,48.30
2010-04-01,49.50,49.73,49.35,49.67,250400,47.98
2010-03-31,49.45,49.61,49.25,49.31,380200,47.63
2010-03-30,49.38,49.59,49.27,49.59,986000,47.90
2010-03-29,49.17,49.30,49.04,49.30,321000,47.62
2010-03-26,49.03,49.12,48.81,48.98,264600,47.31
2010-03-25,49.34,49.45,48.82,48.87,238000,47.21
2010-03-24,49.38,49.45,49.01,49.06,207800,47.39
2010-03-23,49.28,49.47,48.99,49.47,376700,47.79
2010-03-22,48.73,49.17,48.60,49.16,203100,47.49
2010-03-19,49.24,49.24,48.62,48.87,191300,47.21
2010-03-18,49.51,49.58,49.38,49.51,207100,47.82
2010-03-17,49.29,49.59,49.13,49.51,832900,47.82
2010-03-16,48.91,49.17,48.75,49.17,219500,47.50
2010-03-15,48.69,48.87,48.54,48.83,278200,47.17
2010-03-12,48.91,48.91,48.53,48.76,197400,47.10
2010-03-11,48.48,48.71,48.18,48.69,319800,47.03
2010-03-10,48.54,48.62,48.30,48.56,420600,46.91
2010-03-09,48.33,48.60,48.31,48.46,516300,46.81
2010-03-08,48.36,48.46,48.28,48.43,512700,46.78
2010-03-05,48.16,48.36,48.00,48.36,1089200,46.71
2010-03-04,47.90,47.96,47.65,47.89,1706300,46.26
2010-03-03,47.85,48.00,47.71,47.83,437100,46.20
2010-03-02,47.69,47.80,47.45,47.78,304900,46.15
2010-03-01,47.08,47.49,46.99,47.47,170900,45.85
2010-02-26,47.12,47.18,46.73,46.94,355100,45.34
2010-02-25,46.63,47.06,46.41,47.06,573200,45.46
2010-02-24,47.04,47.14,46.75,47.12,197000,45.52
2010-02-23,47.17,47.28,46.75,46.89,257800,45.29
2010-02-22,47.42,47.44,47.14,47.23,246100,45.62
2010-02-19,46.97,47.31,46.77,47.23,319300,45.62
2010-02-18,46.68,47.02,46.55,47.02,729500,45.42
2010-02-17,46.52,46.63,46.32,46.63,223000,45.04
2010-02-16,45.94,46.30,45.69,46.29,247800,44.71
2010-02-12,45.32,45.56,45.00,45.56,217500,44.01
2010-02-11,45.05,45.52,44.78,45.52,159300,43.97
2010-02-10,45.16,45.38,44.74,45.09,170200,43.56
2010-02-09,45.10,45.46,44.76,45.15,266100,43.61
2010-02-08,45.01,45.03,44.63,44.63,142300,43.11
2010-02-05,44.90,45.00,44.24,44.97,359800,43.44
2010-02-04,45.71,45.76,44.90,44.96,320400,43.43
2010-02-03,46.00,46.07,45.69,45.90,212500,44.34
2010-02-02,45.55,46.15,45.46,46.15,188700,44.58
2010-02-01,45.24,45.53,45.19,45.53,212800,43.98
2010-01-29,45.65,45.92,45.06,45.13,307400,43.59
2010-01-28,46.12,46.12,45.30,45.56,272200,44.01
2010-01-27,45.93,46.00,45.50,45.99,182300,44.42
2010-01-26,45.91,46.24,45.80,45.92,183700,44.36
2010-01-25,46.00,46.14,45.78,46.02,251600,44.45
2010-01-22,46.38,46.47,45.74,45.78,223200,44.22
2010-01-21,47.24,47.34,46.33,46.50,270200,44.92
2010-01-20,47.26,47.28,46.77,47.22,262600,45.61
2010-01-19,46.97,47.50,46.90,47.50,301300,45.88
2010-01-15,47.31,47.31,46.62,46.88,272900,45.28
2010-01-14,47.19,47.34,47.06,47.32,208600,45.71
2010-01-13,47.00,47.28,46.83,47.22,578100,45.61
2010-01-12,46.87,47.05,46.70,46.88,233400,45.28
2010-01-11,46.86,46.98,46.67,46.98,190100,45.38
2010-01-08,46.69,46.75,46.44,46.75,183400,45.16
2010-01-07,46.58,46.74,46.37,46.74,300500,45.15
2010-01-06,46.60,46.68,46.45,46.63,268800,45.04
2010-01-05,46.82,46.83,46.31,46.50,237000,44.92
2010-01-04,46.50,46.91,46.45,46.84,268600,45.25
2009-12-31,46.98,46.98,46.25,46.25,181100,44.68
2009-12-30,46.80,47.05,46.75,46.90,222100,45.30
2009-12-29,46.97,47.06,46.90,46.94,224600,45.34
2009-12-28,46.91,46.97,46.74,46.91,163300,45.31
2009-12-24,46.69,46.85,46.69,46.84,84300,45.25
2009-12-23,46.59,46.60,46.31,46.57,376400,44.98
2009-12-22,46.32,46.55,46.22,46.42,152000,44.84
2009-12-21,46.00,46.30,45.98,46.14,164100,44.57
2009-12-18,45.95,46.05,45.40,45.78,629600,44.22
2009-12-17,46.42,46.51,46.06,46.15,224400,44.15
2009-12-16,46.76,46.94,46.55,46.58,307800,44.56
2009-12-15,46.77,46.77,46.51,46.61,174900,44.59
2009-12-14,46.76,46.85,46.50,46.79,185600,44.76
2009-12-11,46.28,46.53,46.17,46.49,157400,44.48
2009-12-10,46.13,46.31,45.96,46.06,185400,44.06
2009-12-09,46.00,46.00,45.55,45.93,219700,43.94
2009-12-08,46.26,46.40,45.70,45.98,164000,43.99
2009-12-07,46.51,46.77,46.45,46.55,151700,44.53
2009-12-04,46.49,46.88,46.06,46.48,192200,44.47
2009-12-03,46.80,48.10,46.03,46.11,213100,44.11
2009-12-02,46.10,46.65,46.10,46.50,145800,44.49
2009-12-01,45.79,46.26,45.79,46.10,260600,44.10
2009-11-30,45.55,45.65,45.09,45.55,162900,43.58
2009-11-27,45.47,45.95,45.01,45.49,126000,43.52
2009-11-25,46.12,46.27,45.98,46.25,148600,44.25
2009-11-24,45.94,46.06,45.60,45.99,240800,44.00
2009-11-23,46.08,46.31,45.83,45.98,137300,43.99
2009-11-20,45.32,45.50,45.23,45.45,93700,43.48
2009-11-19,45.86,46.00,45.26,45.49,142800,43.52
2009-11-18,46.25,46.25,45.88,46.11,139300,44.11
2009-11-17,46.06,46.21,45.95,46.21,131200,44.21
2009-11-16,45.73,46.29,45.50,46.15,153400,44.15
2009-11-13,45.38,45.63,45.02,45.50,108900,43.53
2009-11-12,45.77,45.92,45.18,45.25,118900,43.29
2009-11-11,45.99,46.02,45.51,45.74,194600,43.76
2009-11-10,45.48,45.74,45.40,45.57,173500,43.60
2009-11-09,45.01,45.62,45.01,45.59,158300,43.62
2009-11-06,44.48,44.85,44.42,44.74,133000,42.80
2009-11-05,44.05,44.67,44.04,44.59,146000,42.66
2009-11-04,44.08,44.32,43.71,43.74,216800,41.85
2009-11-03,43.58,43.88,43.42,43.84,148000,41.94
2009-11-02,43.65,44.06,43.27,43.74,135100,41.85
2009-10-30,44.38,44.52,43.42,43.50,265500,41.62
2009-10-29,44.32,44.66,44.05,44.50,152000,42.57
2009-10-28,44.55,44.73,43.92,43.99,384100,42.08
2009-10-27,44.82,45.10,44.58,44.61,165500,42.68
2009-10-26,45.22,45.67,44.62,44.74,204100,42.80
2009-10-23,45.85,45.89,45.00,45.23,175400,43.27
2009-10-22,45.05,45.82,44.90,45.74,158400,43.76
2009-10-21,45.56,46.00,45.03,45.03,218600,43.08
2009-10-20,45.94,45.94,45.31,45.60,315200,43.62
2009-10-19,45.40,46.09,45.36,45.93,150500,43.94
2009-10-16,45.39,45.56,45.07,45.42,170400,43.45
2009-10-15,45.29,45.67,45.24,45.67,180600,43.69
2009-10-14,45.11,45.47,44.90,45.46,748000,43.49
2009-10-13,44.72,44.76,44.45,44.76,134100,42.82
2009-10-12,44.76,44.98,44.72,44.88,124600,42.94
2009-10-09,44.42,44.60,44.27,44.60,606700,42.67
2009-10-08,44.21,44.43,44.00,44.35,892600,42.43
2009-10-07,43.63,43.93,43.63,43.90,176600,42.00
2009-10-06,43.63,44.01,43.56,43.84,175400,41.94
2009-10-05,43.01,43.36,42.85,43.32,118600,41.44
2009-10-02,42.90,43.09,42.76,42.88,158900,41.02
2009-10-01,43.98,44.00,43.17,43.18,177400,41.31
2009-09-30,44.55,44.55,43.73,44.10,126800,42.19
2009-09-29,44.32,44.55,44.20,44.40,170800,42.48
2009-09-28,43.57,44.37,43.57,44.24,170400,42.32
2009-09-25,43.70,43.88,43.46,43.54,192800,41.65
2009-09-24,44.19,44.29,43.58,43.74,210800,41.85
2009-09-23,44.50,44.74,44.01,44.03,163600,42.12
2009-09-22,44.48,44.51,44.22,44.36,134400,42.44
2009-09-21,44.12,44.43,44.08,44.29,84000,42.37
2009-09-18,44.52,44.68,44.36,44.58,113800,42.65
2009-09-17,44.85,45.07,44.60,44.72,227900,42.38
2009-09-16,44.27,44.83,44.07,44.80,314700,42.45
2009-09-15,44.04,44.17,43.69,44.15,165800,41.84
2009-09-14,43.23,43.90,43.13,43.89,170100,41.59
2009-09-11,43.51,43.51,43.20,43.38,176100,41.11
2009-09-10,43.14,43.35,42.85,43.35,136600,41.08
2009-09-09,42.76,43.15,42.62,43.04,141300,40.79
2009-09-08,42.66,42.79,42.41,42.70,141700,40.46
2009-09-04,42.25,42.46,41.88,42.45,121100,40.23
2009-09-03,42.27,42.32,41.67,42.11,151100,39.90
2009-09-02,42.31,42.32,41.92,42.07,119300,39.87
2009-09-01,43.05,43.48,42.25,42.38,173400,40.16
2009-08-31,43.36,43.36,43.00,43.22,162500,40.96
2009-08-28,43.77,43.84,43.29,43.60,100100,41.32
2009-08-27,43.57,43.68,42.96,43.57,117700,41.29
2009-08-26,43.27,43.58,43.03,43.48,123400,41.20
2009-08-25,43.36,43.63,43.25,43.29,134700,41.02
2009-08-24,43.48,43.52,43.00,43.17,223600,40.91
2009-08-21,42.65,43.30,42.59,43.25,104000,40.99
2009-08-20,42.21,42.44,42.12,42.43,141500,40.21
2009-08-19,41.41,42.19,41.40,42.14,114800,39.93
2009-08-18,41.58,41.88,41.44,41.74,170300,39.55
2009-08-17,41.90,41.90,41.36,41.47,150300,39.30
2009-08-14,42.60,42.70,41.89,42.25,141700,40.04
2009-08-13,42.59,42.69,42.18,42.59,124800,40.36
2009-08-12,42.00,42.82,42.00,42.54,127700,40.31
2009-08-11,42.42,42.42,41.87,42.08,214500,39.88
2009-08-10,42.45,42.61,42.20,42.52,138800,40.29
2009-08-07,42.14,42.88,42.05,42.62,182500,40.39
2009-08-06,42.25,42.28,41.66,41.84,249400,39.65
2009-08-05,42.44,42.44,41.78,42.12,147900,39.91
2009-08-04,42.00,42.34,41.86,42.34,138400,40.12
2009-08-03,41.79,42.14,41.47,42.12,338400,39.91
2009-07-31,41.65,41.86,41.45,41.65,429400,39.47
2009-07-30,41.55,42.06,41.50,41.71,159800,39.53
2009-07-29,41.28,41.52,41.00,41.28,133800,39.12
2009-07-28,41.41,41.67,41.13,41.43,156600,39.26
2009-07-27,41.01,41.53,40.94,41.53,145600,39.36
2009-07-24,40.65,41.14,40.52,41.14,183400,38.99
2009-07-23,39.78,40.99,39.77,40.82,244400,38.68
2009-07-22,39.39,39.90,39.34,39.71,148000,37.63
2009-07-21,39.70,39.77,39.10,39.51,217400,37.44
2009-07-20,39.12,39.47,39.00,39.41,249900,37.35
2009-07-17,39.24,39.24,38.74,38.92,226200,36.88
2009-07-16,38.77,39.39,38.67,39.23,178000,37.18
2009-07-15,38.08,38.85,38.07,38.80,142900,36.77
2009-07-14,37.55,37.65,37.14,37.64,246400,35.67
2009-07-13,36.69,37.48,36.49,37.42,108900,35.46
2009-07-10,36.48,36.69,36.30,36.60,127800,34.68
2009-07-09,36.86,36.90,36.48,36.62,158500,34.70
2009-07-08,36.91,37.05,36.31,36.67,233500,34.75
2009-07-07,37.43,37.47,36.75,36.79,139000,34.86
2009-07-06,37.15,37.52,37.00,37.52,117000,35.56
2009-07-02,38.08,38.09,37.36,37.49,134600,35.53
2009-07-01,38.10,38.60,38.04,38.43,240400,36.42
2009-06-30,38.31,38.37,37.75,37.96,129100,35.97
2009-06-29,38.05,38.36,37.72,38.35,205000,36.34
2009-06-26,37.83,38.08,37.56,37.97,129600,35.98
2009-06-25,36.89,37.89,36.89,37.88,169700,35.90
2009-06-24,36.95,37.33,36.86,37.04,149300,35.10
2009-06-23,37.14,37.22,36.74,36.83,196200,34.90
2009-06-22,37.53,37.66,37.05,37.06,185800,35.12
2009-06-19,38.84,38.84,37.69,37.84,313500,35.86
2009-06-18,38.09,38.57,37.95,38.45,166900,36.03
2009-06-17,38.12,38.37,37.84,37.96,163600,35.57
2009-06-16,38.78,38.90,38.07,38.11,213900,35.72
2009-06-15,39.20,39.21,38.55,38.75,180100,36.32
2009-06-12,39.33,39.58,39.00,39.57,128400,37.08
2009-06-11,39.34,39.97,39.34,39.54,214800,37.06
2009-06-10,39.55,39.73,38.83,39.43,203100,36.95
2009-06-09,39.39,39.54,39.17,39.37,215000,36.90
2009-06-08,39.39,39.58,38.76,39.25,239800,36.78
2009-06-05,39.99,40.19,39.19,39.29,184200,36.82
2009-06-04,39.25,39.66,38.84,39.66,206200,37.17
2009-06-03,39.29,39.45,38.76,39.03,268000,36.58
2009-06-02,39.56,39.74,39.34,39.52,511300,37.04
2009-06-01,38.86,39.73,38.81,39.45,249200,36.97
2009-05-29,37.95,38.50,37.62,38.50,230400,36.08
2009-05-28,37.55,37.88,36.93,37.87,200700,35.49
2009-05-27,38.50,38.54,37.33,37.36,225900,35.01
2009-05-26,36.81,38.52,36.81,38.50,198300,36.08
2009-05-22,37.30,37.48,37.00,37.06,149000,34.73
2009-05-21,37.36,37.52,36.68,37.19,258400,34.85
2009-05-20,38.90,39.31,37.84,37.94,248500,35.56
2009-05-19,38.86,39.17,38.45,38.58,238800,36.16
2009-05-18,37.70,38.84,37.58,38.80,197000,36.36
2009-05-15,37.79,38.01,37.08,37.34,243200,34.99
2009-05-14,37.50,38.13,37.16,37.83,347000,35.45
2009-05-13,38.44,38.44,37.33,37.40,365100,35.05
2009-05-12,40.15,40.18,38.32,39.04,421600,36.59
2009-05-11,41.12,41.27,39.82,39.87,582500,37.36
2009-05-08,40.33,41.34,40.00,41.34,607400,38.74
2009-05-07,41.49,42.34,39.39,39.59,575200,37.10
2009-05-06,40.29,40.94,39.82,40.71,355600,38.15
2009-05-05,40.09,40.13,39.25,39.73,290600,37.23
2009-05-04,38.59,40.21,38.59,40.19,330500,37.66
2009-05-01,38.35,38.67,38.02,38.38,262400,35.97
2009-04-30,39.03,39.30,38.20,38.26,431800,35.86
2009-04-29,37.74,38.73,37.43,38.44,265100,36.02
2009-04-28,37.24,37.86,36.99,37.31,317700,34.97
2009-04-27,37.36,38.25,37.36,37.61,194400,35.25
2009-04-24,37.20,38.49,37.18,38.13,412000,35.73
2009-04-23,37.01,37.20,36.19,36.93,414200,34.61
2009-04-22,37.24,38.02,36.59,36.86,433400,34.54
2009-04-21,35.66,37.40,35.43,37.40,374200,35.05
2009-04-20,38.50,38.50,36.00,36.05,377900,33.78
2009-04-17,38.15,39.18,37.57,38.85,396400,36.41
2009-04-16,37.66,38.29,36.84,37.97,328900,35.58
2009-04-15,36.04,37.32,35.68,37.30,410600,34.96
2009-04-14,37.33,37.72,36.05,36.14,534900,33.87
2009-04-13,36.99,38.09,36.64,37.84,317200,35.46
2009-04-09,37.04,37.50,35.79,37.50,321200,35.14
2009-04-08,34.86,34.99,34.31,34.84,144800,32.65
2009-04-07,35.12,35.35,34.61,34.65,196300,32.47
2009-04-06,35.94,35.94,35.00,35.64,172300,33.40
2009-04-03,35.68,36.07,35.05,36.07,210300,33.80
2009-04-02,35.54,36.01,35.11,35.55,280800,33.32
2009-04-01,33.54,34.44,33.01,34.35,309700,32.19
2009-03-31,33.29,34.21,33.00,33.68,299900,31.56
2009-03-30,33.89,33.89,32.65,32.95,143900,30.88
2009-03-27,35.18,35.18,34.40,34.58,275200,32.41
2009-03-26,35.36,35.43,34.25,35.28,505000,33.06
2009-03-25,34.06,35.07,33.10,34.51,201600,32.34
2009-03-24,34.58,34.73,33.70,33.73,172400,31.61
2009-03-23,33.79,34.92,32.70,34.92,263400,32.73
2009-03-20,32.98,33.01,31.85,31.98,207900,29.97
2009-03-19,34.40,34.40,32.97,33.16,379400,30.66
2009-03-18,32.59,34.16,31.93,33.87,472200,31.32
2009-03-17,31.89,32.56,31.35,32.55,297300,30.10
2009-03-16,32.02,32.80,31.48,31.51,521000,29.14
2009-03-13,31.74,32.08,30.87,31.56,282600,29.18
2009-03-12,29.95,31.59,29.42,31.46,217800,29.09
2009-03-11,29.72,30.48,29.44,29.80,235300,27.56
2009-03-10,28.07,29.44,27.98,29.41,156100,27.20
2009-03-09,27.26,28.09,27.05,27.30,359500,25.24
2009-03-06,27.81,28.18,26.78,27.53,1389700,25.46
2009-03-05,28.51,28.65,27.29,27.52,809100,25.45
2009-03-04,28.80,29.47,28.21,28.92,579200,26.74
2009-03-03,29.17,29.38,28.16,28.33,659300,26.20
2009-03-02,29.99,29.99,28.90,29.00,553000,26.82
2009-02-27,30.52,31.17,30.24,30.44,323400,28.15
2009-02-26,31.86,32.19,30.89,31.03,178300,28.69
2009-02-25,32.04,32.34,31.06,31.77,221000,29.38
2009-02-24,31.10,32.14,30.63,32.03,260000,29.62
2009-02-23,32.05,32.24,30.78,30.85,197700,28.53
2009-02-20,32.07,32.25,31.09,31.82,370200,29.42
2009-02-19,33.20,33.34,32.18,32.30,195400,29.87
2009-02-18,33.16,33.25,32.44,32.85,361100,30.38
2009-02-17,33.25,33.52,32.87,32.95,392600,30.47
2009-02-13,34.98,35.12,34.33,34.37,283100,31.78
2009-02-12,34.72,34.98,33.75,34.98,594000,32.35
2009-02-11,34.98,35.19,34.50,34.94,286200,32.31
2009-02-10,36.50,36.50,34.53,34.74,254900,32.12
2009-02-09,36.38,36.85,36.14,36.57,235700,33.82
2009-02-06,35.39,36.72,35.35,36.54,186900,33.79
2009-02-05,34.97,35.57,34.30,35.12,173800,32.48
2009-02-04,35.28,35.73,34.85,35.00,319600,32.36
2009-02-03,35.32,35.49,34.66,35.26,290400,32.60
2009-02-02,35.05,35.26,34.53,35.14,277700,32.49
2009-01-30,36.75,36.75,34.94,35.12,345600,32.48
2009-01-29,37.46,37.50,36.50,36.56,183900,33.81
2009-01-28,37.84,37.94,37.14,37.78,239000,34.94
2009-01-27,36.44,36.83,35.98,36.66,147100,33.90
2009-01-26,36.32,36.97,35.70,36.11,315300,33.39
2009-01-23,35.69,36.48,35.00,36.17,444200,33.45
2009-01-22,36.82,36.82,35.30,35.95,252700,33.24
2009-01-21,36.29,36.97,35.34,36.95,254300,34.17
2009-01-20,37.84,37.87,35.86,35.94,315400,33.23
2009-01-16,38.08,38.34,37.05,38.01,279000,35.15
2009-01-15,37.94,38.10,36.46,37.68,421100,34.84
2009-01-14,38.83,38.84,37.45,37.85,324200,35.00
2009-01-13,39.11,39.23,38.58,39.02,304000,36.08
2009-01-12,39.97,39.97,38.75,39.05,199300,36.11
2009-01-09,40.99,40.99,39.63,39.77,226800,36.78
2009-01-08,40.28,40.73,40.08,40.70,155000,37.64
2009-01-07,41.00,41.16,40.21,40.42,242700,37.38
2009-01-06,41.52,41.88,41.10,41.48,328400,38.36
2009-01-05,41.40,41.47,40.73,41.09,328700,38.00
2009-01-02,40.61,41.67,40.23,41.44,166900,38.32
2008-12-31,40.01,40.72,39.64,40.54,190800,37.49
2008-12-30,39.01,39.76,38.86,39.76,136000,36.77
2008-12-29,39.06,39.06,38.02,38.61,187600,35.70
2008-12-26,39.07,39.27,38.55,38.99,169700,36.05
2008-12-24,38.75,38.78,38.28,38.72,176600,35.80
2008-12-23,39.27,39.43,38.21,38.40,301700,35.51
2008-12-22,39.55,39.65,38.25,39.02,171600,36.08
2008-12-19,40.10,40.36,39.28,39.54,251400,36.56
2008-12-18,41.07,41.10,39.73,40.16,223400,37.14
2008-12-17,41.35,41.35,40.35,41.00,285300,37.91
2008-12-16,41.11,41.32,39.48,41.11,144000,38.01
2008-12-15,40.07,40.07,38.33,38.98,108400,36.04
2008-12-12,38.69,39.87,38.34,39.81,185000,36.81
2008-12-11,40.60,40.92,38.81,39.02,228500,36.08
2008-12-10,40.52,41.19,40.15,40.92,164200,37.84
2008-12-09,41.16,41.36,39.94,40.18,149300,37.15
2008-12-08,41.10,41.29,40.12,40.85,235000,37.77
2008-12-05,38.40,40.35,37.83,40.15,149100,37.13
2008-12-04,39.40,40.53,38.39,38.93,127600,36.00
2008-12-03,38.27,40.14,37.99,40.10,123400,37.08
2008-12-02,37.71,38.90,37.24,38.89,181200,35.96
2008-12-01,41.00,41.00,37.02,37.07,228300,34.28
2008-11-28,40.43,41.39,40.23,41.39,53300,38.27
2008-11-26,38.88,40.45,38.64,40.41,118900,37.37
2008-11-25,39.95,39.95,38.15,39.60,157300,36.62
2008-11-24,37.24,39.62,36.60,39.01,221900,36.07
2008-11-21,35.46,36.62,33.57,36.49,201100,33.74
2008-11-20,36.51,37.37,34.39,34.71,164000,32.10
2008-11-19,39.47,39.77,36.90,36.90,118700,34.12
2008-11-18,39.02,39.83,37.90,39.33,132300,36.37
2008-11-17,39.26,40.18,38.76,38.95,194700,36.02
2008-11-14,40.45,41.43,39.50,39.58,150300,36.60
2008-11-13,38.67,41.37,37.25,41.37,721200,38.25
2008-11-12,39.90,40.06,38.50,38.66,143600,35.75
2008-11-11,40.68,41.16,39.85,40.35,131000,37.31
2008-11-10,42.77,42.95,40.59,41.00,109100,37.91
2008-11-07,41.77,42.20,41.15,42.06,432600,38.89
2008-11-06,42.87,43.50,41.26,41.48,578200,38.36
2008-11-05,45.53,45.66,43.29,43.42,170100,40.15
2008-11-04,45.66,45.97,44.99,45.90,239200,42.44
2008-11-03,44.15,44.91,43.73,44.80,317800,41.43
2008-10-31,43.00,44.29,42.70,44.23,117700,40.90
2008-10-30,44.04,44.04,41.81,42.92,117100,39.69
2008-10-29,42.75,43.90,42.00,42.00,157400,38.84
2008-10-28,40.39,42.70,38.64,42.67,133800,39.46
2008-10-27,38.87,40.40,38.25,38.35,131500,35.46
2008-10-24,39.65,40.61,38.50,39.65,172400,36.66
2008-10-23,41.17,41.52,38.66,40.58,139700,37.52
2008-10-22,42.31,42.42,39.90,40.87,197600,37.79
2008-10-21,43.07,44.30,42.84,43.00,277500,39.76
2008-10-20,42.99,43.44,41.82,43.44,248800,40.17
2008-10-17,42.26,43.87,41.69,42.35,211900,39.16
2008-10-16,41.89,42.90,39.22,42.85,160000,39.62
2008-10-15,42.94,43.16,41.45,41.45,116900,38.33
2008-10-14,44.77,46.10,42.48,44.00,129800,40.69
2008-10-13,42.01,43.40,40.20,43.40,239300,40.13
2008-10-10,36.98,40.98,36.16,39.84,226400,36.84
2008-10-09,43.25,43.37,38.25,38.25,230500,35.37
2008-10-08,42.99,44.94,42.16,42.88,121500,39.65
2008-10-07,46.94,47.06,43.95,43.95,102500,40.64
2008-10-06,47.86,47.94,44.64,46.72,198200,43.20
2008-10-03,51.54,51.54,48.61,48.66,84300,45.00
2008-10-02,50.75,50.75,49.50,49.64,118400,45.90
2008-10-01,51.48,51.48,48.68,50.95,386400,47.11
2008-09-30,50.50,50.83,46.60,50.00,106700,46.23
2008-09-29,50.12,52.10,47.50,48.00,93800,44.39
2008-09-26,51.49,54.25,50.39,52.31,125400,48.37
2008-09-25,51.90,53.00,50.63,51.76,247800,47.86
2008-09-24,50.35,51.00,50.17,50.61,39600,46.80
2008-09-23,51.49,52.25,50.77,50.95,39500,47.11
2008-09-22,53.00,53.36,51.50,51.77,36700,47.87
2008-09-19,53.21,56.49,52.69,52.70,160000,48.73
2008-09-18,49.15,53.18,47.91,52.58,161700,48.12
2008-09-17,50.00,50.35,48.29,48.70,142000,44.57
2008-09-16,48.50,50.64,48.38,50.64,200500,46.35
2008-09-15,48.51,50.82,48.51,49.35,139200,45.17
2008-09-12,49.68,51.07,49.57,50.95,60700,46.63
2008-09-11,49.12,50.15,48.39,50.15,102100,45.90
2008-09-10,49.91,50.07,48.69,49.57,96000,45.37
2008-09-09,51.39,51.46,49.71,49.75,68900,45.53
2008-09-08,51.70,51.78,50.07,51.19,106400,46.85
2008-09-05,48.28,49.27,47.78,49.22,36100,45.05
2008-09-04,49.74,49.85,48.58,48.63,41500,44.51
2008-09-03,49.60,50.10,49.15,50.10,42800,45.85
2008-09-02,48.99,50.08,48.99,49.57,145600,45.37
2008-08-29,48.76,48.98,48.45,48.60,57300,44.48
2008-08-28,48.13,48.83,47.84,48.83,56900,44.69
2008-08-27,47.16,47.91,47.16,47.74,34300,43.69
2008-08-26,47.27,47.40,46.82,47.28,21100,43.27
2008-08-25,47.96,47.96,47.07,47.21,21100,43.21
2008-08-22,47.62,48.10,47.37,48.09,35100,44.01
2008-08-21,46.80,47.34,46.80,47.18,23600,43.18
2008-08-20,47.42,47.64,46.69,47.33,33800,43.32
2008-08-19,48.13,48.13,47.12,47.43,27200,43.41
2008-08-18,49.21,49.21,48.14,48.39,56900,44.29
2008-08-15,48.87,49.54,48.83,49.12,34900,44.96
2008-08-14,47.87,48.88,47.74,48.71,124000,44.58
2008-08-13,48.91,48.91,47.44,48.16,542000,44.08
2008-08-12,50.16,50.16,48.78,49.00,129300,44.85
2008-08-11,49.18,50.63,48.97,50.18,118600,45.93
2008-08-08,47.65,49.25,47.65,49.14,128600,44.97
2008-08-07,48.39,48.40,47.40,47.62,20800,43.58
2008-08-06,48.33,48.75,47.95,48.70,494700,44.57
2008-08-05,47.43,48.50,47.17,48.40,93900,44.30
2008-08-04,47.02,47.27,46.12,46.87,117300,42.90
2008-08-01,47.06,47.13,46.41,46.91,88100,42.93
2008-07-31,47.18,47.41,46.70,46.88,259800,42.91
2008-07-30,47.23,47.75,46.64,47.40,29900,43.38
2008-07-29,45.26,46.81,45.21,46.81,54100,42.84
2008-07-28,46.02,46.22,45.00,45.04,36900,41.22
2008-07-25,46.49,46.49,45.74,46.02,20700,42.12
2008-07-24,48.04,48.04,46.15,46.30,155400,42.37
2008-07-23,47.52,48.54,47.16,47.81,145000,43.76
2008-07-22,45.08,47.34,44.58,47.34,158500,43.33
2008-07-21,46.19,46.32,45.40,45.43,184800,41.58
2008-07-18,45.76,46.08,44.93,45.67,206000,41.80
2008-07-17,44.27,45.55,43.77,45.49,491200,41.63
2008-07-16,41.57,43.56,41.42,43.56,201400,39.87
2008-07-15,41.63,42.50,40.71,41.55,202700,38.03
2008-07-14,44.26,44.26,42.08,42.15,215100,38.58
2008-07-11,43.45,44.14,42.94,43.74,101900,40.03
2008-07-10,43.81,44.19,43.40,43.92,118700,40.20
2008-07-09,44.39,44.77,43.31,43.31,77000,39.64
2008-07-08,42.78,44.51,42.78,44.43,297700,40.66
2008-07-07,43.87,43.90,42.34,42.80,97200,39.17
2008-07-03,44.48,44.48,43.35,43.53,58100,39.84
2008-07-02,44.84,45.38,44.00,44.01,61600,40.28
2008-07-01,43.80,44.82,43.80,44.82,90100,41.02
2008-06-30,44.54,44.78,44.16,44.47,87000,40.70
2008-06-27,45.24,45.37,44.55,44.68,53200,40.89
2008-06-26,45.66,45.81,45.11,45.14,75800,41.31
2008-06-25,46.25,47.28,46.14,46.33,95800,42.40
2008-06-24,45.90,46.53,45.42,46.02,85400,42.12
2008-06-23,46.58,46.65,45.93,45.99,43500,42.09
2008-06-20,46.31,47.11,46.16,46.50,94700,42.56
2008-06-19,47.23,47.51,46.71,47.37,88300,42.82
2008-06-18,48.19,48.19,47.26,47.34,130000,42.79
2008-06-17,49.67,49.75,48.64,48.64,49500,43.97
2008-06-16,48.87,49.55,48.69,49.32,45200,44.58
2008-06-13,49.06,49.06,48.33,49.02,71400,44.31
2008-06-12,49.43,49.94,48.64,48.94,74800,44.24
2008-06-11,50.42,50.42,49.21,49.28,100700,44.55
2008-06-10,50.00,50.90,50.00,50.45,139500,45.60
2008-06-09,50.96,51.18,50.09,50.40,102900,45.56
2008-06-06,52.30,52.30,51.00,51.00,73700,46.10
2008-06-05,52.24,52.67,52.11,52.66,29300,47.60
2008-06-04,51.92,52.43,51.78,52.08,165400,47.08
2008-06-03,52.48,52.48,51.55,51.90,176100,46.92
2008-06-02,52.75,52.75,51.98,52.36,126600,47.33
2008-05-30,53.34,53.34,52.81,52.99,69700,47.90
2008-05-29,52.43,53.50,52.43,53.24,34600,48.13
2008-05-28,53.25,53.25,52.29,52.64,138600,47.58
2008-05-27,52.96,53.34,52.75,53.27,46000,48.15
2008-05-23,53.29,53.30,52.83,52.85,62500,47.77
2008-05-22,53.11,53.82,52.90,53.55,259600,48.41
2008-05-21,53.65,54.03,52.97,53.08,122900,47.98
2008-05-20,54.11,54.11,53.50,53.65,83500,48.50
2008-05-19,54.09,54.65,54.02,54.35,27000,49.13
2008-05-16,54.83,54.83,53.88,54.18,26200,48.98
2008-05-15,54.38,54.75,54.10,54.72,66300,49.46
2008-05-14,54.38,54.63,54.38,54.43,29000,49.20
2008-05-13,54.33,54.39,53.86,54.05,38900,48.86
2008-05-12,53.35,54.08,53.24,54.08,40900,48.89
2008-05-09,53.09,53.54,52.92,53.16,45000,48.05
2008-05-08,53.62,53.65,53.11,53.34,50300,48.22
2008-05-07,54.68,54.81,53.51,53.78,73900,48.61
2008-05-06,54.11,54.71,53.62,54.63,120200,49.38
2008-05-05,54.50,54.58,54.17,54.42,44900,49.19
2008-05-02,55.08,55.32,54.44,54.58,92700,49.34
2008-05-01,53.12,54.75,53.12,54.75,35400,49.49
2008-04-30,53.55,53.92,52.94,52.99,135700,47.90
2008-04-29,53.85,53.85,53.31,53.56,35200,48.42
2008-04-28,53.62,53.88,53.35,53.69,32800,48.53
2008-04-25,53.13,53.64,52.68,53.61,34100,48.46
2008-04-24,52.08,53.40,51.97,53.09,57300,47.99
2008-04-23,52.56,52.64,51.76,52.04,46600,47.04
2008-04-22,52.66,53.17,52.10,52.43,68100,47.39
2008-04-21,53.27,53.27,52.65,52.84,88600,47.77
2008-04-18,54.39,54.39,53.51,53.54,40200,48.40
2008-04-17,52.64,53.00,52.10,53.00,46200,47.91
2008-04-16,51.43,52.56,51.43,52.56,29300,47.51
2008-04-15,50.94,51.20,50.78,51.11,39000,46.20
2008-04-14,51.48,51.48,50.48,50.52,43100,45.67
2008-04-11,51.97,52.16,51.40,51.44,33600,46.50
2008-04-10,52.00,52.68,51.88,52.35,22400,47.32
2008-04-09,53.05,53.05,52.21,52.30,15000,47.28
2008-04-08,53.25,53.33,52.80,53.05,33900,47.95
2008-04-07,53.56,53.90,53.22,53.37,20600,48.24
2008-04-04,53.81,53.81,53.17,53.25,32100,48.14
2008-04-03,53.87,53.91,53.33,53.73,31200,48.57
2008-04-02,53.78,54.37,52.47,53.88,38600,48.71
2008-04-01,52.49,53.57,52.40,53.57,48200,48.42
2008-03-31,51.17,51.91,51.05,51.53,19000,46.58
2008-03-28,51.90,51.95,51.00,51.02,39200,46.12
2008-03-27,53.00,53.00,51.65,51.72,59700,46.75
2008-03-26,53.09,53.09,52.22,52.40,72900,47.37
2008-03-25,53.40,54.06,52.90,53.31,62400,48.19
2008-03-24,53.12,53.86,53.12,53.45,36000,48.32
2008-03-20,51.55,52.85,51.45,52.00,35300,47.01
2008-03-19,52.85,53.39,51.88,51.95,44700,46.52
2008-03-18,51.70,52.54,51.17,52.54,88500,47.04
2008-03-17,50.15,51.27,49.76,50.90,48100,45.58
2008-03-14,52.41,52.63,50.41,50.81,217900,45.49
2008-03-13,50.95,52.38,50.67,52.17,75400,46.71
2008-03-12,52.58,53.32,51.70,51.76,46200,46.35
2008-03-11,52.15,53.85,50.14,52.29,106400,46.82
2008-03-10,50.67,50.91,50.01,50.14,130300,44.90
2008-03-07,50.31,51.06,50.00,50.60,102000,45.31
2008-03-06,51.29,51.48,50.45,50.55,132400,45.26
2008-03-05,51.92,52.33,51.23,51.67,118100,46.27
2008-03-04,51.49,51.86,51.06,51.78,45000,46.36
2008-03-03,51.89,51.89,51.25,51.76,36300,46.35
2008-02-29,52.49,52.56,51.31,51.46,84400,46.08
2008-02-28,53.77,53.77,52.85,52.91,55900,47.38
2008-02-27,54.05,54.61,53.50,54.06,71900,48.41
2008-02-26,53.80,54.54,53.76,54.23,132700,48.56
2008-02-25,53.46,54.02,52.89,53.99,196400,48.34
2008-02-22,52.93,53.45,52.23,53.45,49700,47.86
2008-02-21,53.65,53.95,52.62,52.66,89200,47.15
2008-02-20,52.93,53.65,52.50,53.46,142700,47.87
2008-02-19,53.53,53.84,53.00,53.08,81600,47.53
2008-02-15,53.14,53.41,52.75,53.40,93300,47.81
2008-02-14,54.09,54.11,53.24,53.35,94900,47.77
2008-02-13,54.29,54.60,53.75,54.18,74200,48.51
2008-02-12,53.78,54.26,53.50,53.93,83500,48.29
2008-02-11,53.63,53.63,52.92,53.40,145700,47.81
2008-02-08,54.15,54.22,53.23,53.70,128300,48.08
2008-02-07,53.64,54.45,53.62,54.17,79600,48.50
2008-02-06,54.18,54.57,53.70,53.70,90000,48.08
2008-02-05,54.70,54.74,53.90,54.04,75800,48.39
2008-02-04,56.04,56.04,55.33,55.36,125200,49.57
2008-02-01,55.28,56.18,55.28,56.08,81400,50.21
2008-01-31,53.51,55.66,53.09,55.14,57800,49.37
2008-01-30,54.29,55.32,53.79,53.79,61300,48.16
2008-01-29,54.02,54.34,53.55,54.33,80200,48.65
2008-01-28,52.29,53.61,51.98,53.60,110500,47.99
2008-01-25,53.55,53.56,52.00,52.23,110500,46.77
2008-01-24,53.23,53.33,52.55,52.98,72800,47.44
2008-01-23,50.18,53.37,49.80,53.20,68200,47.63
2008-01-22,49.10,51.59,46.00,51.06,99400,45.72
2008-01-18,51.47,51.47,50.08,50.49,45400,45.21
2008-01-17,52.64,52.64,51.01,51.17,70100,45.82
2008-01-16,52.05,53.16,52.04,52.55,41900,47.05
2008-01-15,52.56,52.56,51.83,52.08,37100,46.63
2008-01-14,53.07,53.18,52.65,53.06,23700,47.51
2008-01-11,53.15,53.49,52.64,53.02,66600,47.47
2008-01-10,52.50,53.79,52.08,53.39,42100,47.81
2008-01-09,52.01,52.75,51.54,52.75,48000,47.23
2008-01-08,53.71,53.71,52.09,52.10,51100,46.65
2008-01-07,52.59,53.46,52.51,53.10,115200,47.55
2008-01-04,53.68,53.68,52.50,52.55,85500,47.05
2008-01-03,54.66,54.66,53.76,53.96,37200,48.32
2008-01-02,55.75,56.04,54.20,54.30,55200,48.62
2007-12-31,54.97,55.44,54.95,55.06,50700,49.30
2007-12-28,55.93,56.76,55.15,55.37,157000,49.58
2007-12-27,56.36,56.36,55.39,55.47,70200,49.67
2007-12-26,56.59,56.59,56.11,56.38,95400,50.48
2007-12-24,57.10,57.10,56.33,56.59,18500,50.67
2007-12-21,57.78,57.78,55.20,56.10,227600,50.23
2007-12-20,56.75,56.75,55.75,56.35,118300,49.22
2007-12-19,57.13,57.13,55.95,56.25,45800,49.14
2007-12-18,56.57,56.57,55.76,56.47,62200,49.33
2007-12-17,56.28,56.59,55.92,56.01,31900,48.93
2007-12-14,57.68,57.68,56.50,56.55,70500,49.40
2007-12-13,57.50,57.59,56.67,57.57,27200,50.29
2007-12-12,59.94,59.94,56.75,57.36,47200,50.11
2007-12-11,59.75,59.75,57.60,57.72,85700,50.42
2007-12-10,59.00,59.63,58.65,59.51,42000,51.98
2007-12-07,59.32,59.32,58.65,58.65,163800,51.23
2007-12-06,58.35,58.85,58.03,58.78,42300,51.35
2007-12-05,58.23,58.25,57.70,58.22,35800,50.86
2007-12-04,57.48,57.71,57.25,57.39,38300,50.13
2007-12-03,57.98,58.33,57.59,57.79,42300,50.48
2007-11-30,58.35,58.59,57.77,57.88,54500,50.56
2007-11-29,57.40,57.72,57.19,57.38,46600,50.12
2007-11-28,56.30,57.94,56.30,57.94,42500,50.61
2007-11-27,55.14,56.38,55.14,56.19,22200,49.08
2007-11-26,56.41,56.71,55.13,55.13,64600,48.16
2007-11-23,56.32,56.86,56.24,56.51,12500,49.36
2007-11-21,56.03,56.47,55.65,55.65,14400,48.61
2007-11-20,56.01,56.62,55.40,56.41,27000,49.28
2007-11-19,56.91,56.91,56.01,56.15,20600,49.05
2007-11-16,57.45,57.63,56.55,56.86,11100,49.67
2007-11-15,57.33,57.98,57.05,57.27,25100,50.03
2007-11-14,58.67,58.77,57.84,58.08,13000,50.74
2007-11-13,58.00,58.63,57.48,58.50,15300,51.10
2007-11-12,56.94,58.11,56.94,57.09,29600,49.87
2007-11-09,56.61,57.64,56.43,56.95,48900,49.75
2007-11-08,56.79,57.35,56.25,57.07,27700,49.85
2007-11-07,57.54,57.58,56.40,56.48,29900,49.34
2007-11-06,57.64,58.14,57.21,58.14,41200,50.79
2007-11-05,57.43,57.94,57.07,57.40,44400,50.14
2007-11-02,58.33,58.33,57.46,57.81,50200,50.50
2007-11-01,58.76,58.84,58.07,58.09,24100,50.74
2007-10-31,59.37,59.94,58.94,59.65,18400,52.11
2007-10-30,58.98,59.32,58.89,59.00,37100,51.54
2007-10-29,59.25,59.34,58.90,59.10,18700,51.63
2007-10-26,58.70,59.06,58.34,59.06,18900,51.59
2007-10-25,58.21,58.74,57.77,58.42,57800,51.03
2007-10-24,58.31,58.52,57.47,58.20,39100,50.84
2007-10-23,58.66,58.67,58.17,58.65,8500,51.23
2007-10-22,57.60,58.58,57.60,58.47,32700,51.08
2007-10-19,59.04,59.04,57.77,57.77,28100,50.46
2007-10-18,59.22,59.43,58.95,59.16,55400,51.68
2007-10-17,60.10,60.14,59.13,59.55,14400,52.02
2007-10-16,60.21,60.21,59.63,59.63,22700,52.09
2007-10-15,60.58,61.55,60.09,60.50,16400,52.85
2007-10-12,61.35,61.42,61.08,61.08,5300,53.36
2007-10-11,61.87,61.97,61.34,61.45,11600,53.68
2007-10-10,62.07,62.07,61.61,61.69,11600,53.89
2007-10-09,61.93,62.16,61.57,62.16,11900,54.30
2007-10-08,62.03,62.14,61.73,61.74,15100,53.93
2007-10-05,61.90,62.27,61.68,62.04,23700,54.19
2007-10-04,61.67,61.82,61.48,61.53,8400,53.75
2007-10-03,61.33,61.72,61.28,61.53,17000,53.75
2007-10-02,61.32,61.60,61.27,61.51,14300,53.73
2007-10-01,60.29,61.37,60.29,61.18,15100,53.44
2007-09-28,60.61,60.70,60.09,60.16,13500,52.55
2007-09-27,60.70,60.79,60.53,60.65,12600,52.98
2007-09-26,60.49,60.74,60.29,60.47,25900,52.82
2007-09-25,60.33,60.47,60.11,60.29,7300,52.67
2007-09-24,61.19,61.19,60.54,60.54,17500,52.88
2007-09-21,61.59,61.72,61.10,61.17,23300,53.43
2007-09-20,62.53,62.58,61.84,61.97,10900,53.66
2007-09-19,62.67,63.03,62.59,62.75,17300,54.33
2007-09-18,60.65,62.18,60.65,62.17,59700,53.83
2007-09-17,60.61,60.61,60.36,60.46,14900,52.35
2007-09-14,60.36,60.78,60.33,60.78,3100,52.63
2007-09-13,60.77,60.88,60.49,60.61,7600,52.48
2007-09-12,60.25,60.68,60.18,60.41,3500,52.31
2007-09-11,60.00,60.35,59.90,60.35,62600,52.26
2007-09-10,60.25,60.25,59.40,60.05,9900,52.00
2007-09-07,60.32,60.51,59.92,60.26,8300,52.18
2007-09-06,60.72,61.07,60.55,61.06,11200,52.87
2007-09-05,61.05,61.05,60.50,60.76,16000,52.61
2007-09-04,60.98,61.55,60.98,61.52,4900,53.27
2007-08-31,61.20,61.28,60.64,61.04,7600,52.85
2007-08-30,60.48,61.11,60.42,60.74,11900,52.59
2007-08-29,60.10,61.08,60.03,60.98,7200,52.80
2007-08-28,61.00,61.00,59.84,59.95,7800,51.91
2007-08-27,61.57,61.57,61.32,61.42,8500,53.18
2007-08-24,61.52,61.99,61.29,61.99,12800,53.68
2007-08-23,62.03,62.03,61.14,61.52,46200,53.27
2007-08-22,61.80,61.80,61.15,61.75,9700,53.47
2007-08-21,60.94,61.60,60.88,61.15,12100,52.95
2007-08-20,61.52,61.52,60.45,60.85,21000,52.69
2007-08-17,61.32,61.83,60.23,61.20,81200,52.99
2007-08-16,58.16,59.92,57.09,59.82,78400,51.80
2007-08-15,59.05,60.03,58.37,58.37,41400,50.54
2007-08-14,60.07,60.21,59.15,59.18,32900,51.24
2007-08-13,61.31,61.31,60.11,60.11,12600,52.05
2007-08-10,60.01,61.16,59.75,60.80,15300,52.65
2007-08-09,61.13,61.53,60.55,60.55,22000,52.43
2007-08-08,61.66,62.51,61.22,62.00,45200,53.69
2007-08-07,60.33,61.74,60.27,61.35,29400,53.12
2007-08-06,59.02,60.73,58.58,60.70,117100,52.56
2007-08-03,60.40,60.40,58.51,58.64,106500,50.78
2007-08-02,60.45,60.57,59.94,60.28,19300,52.20
2007-08-01,59.60,60.21,59.10,60.19,34500,52.12
2007-07-31,60.40,60.66,59.34,59.36,22000,51.40
2007-07-30,59.57,60.09,59.09,59.92,22700,51.88
2007-07-27,60.30,60.60,59.33,59.33,31000,51.37
2007-07-26,61.35,61.35,59.88,60.45,54700,52.34
2007-07-25,61.76,61.96,61.07,61.62,32000,53.36
2007-07-24,62.20,62.31,61.21,61.40,32800,53.17
2007-07-23,62.84,63.07,62.58,62.58,9200,54.19
2007-07-20,63.32,63.32,62.46,62.46,26000,54.08
2007-07-19,63.40,63.44,63.17,63.26,23900,54.78
2007-07-18,63.35,63.39,62.72,63.17,21200,54.70
2007-07-17,63.60,63.87,63.60,63.66,34000,55.12
2007-07-16,63.54,63.84,63.49,63.49,25500,54.98
2007-07-13,63.44,63.85,63.44,63.70,7000,55.16
2007-07-12,62.81,63.58,62.81,63.50,28500,54.98
2007-07-11,62.27,62.57,62.14,62.38,28700,54.01
2007-07-10,62.63,62.74,62.15,62.18,13000,53.84
2007-07-09,63.27,63.27,62.99,63.13,6500,54.66
2007-07-06,63.22,63.29,63.00,63.19,8100,54.72
2007-07-05,63.34,63.44,62.95,63.27,17000,54.78
2007-07-03,63.33,63.55,63.27,63.38,4700,54.88
2007-07-02,62.74,63.29,62.74,63.29,46400,54.80
2007-06-29,62.91,63.26,62.32,62.51,11100,54.13
2007-06-28,62.86,63.16,62.01,62.89,19000,54.46
2007-06-27,62.22,62.97,62.03,62.97,8400,54.53
2007-06-26,62.76,62.83,62.38,62.44,15600,54.07
2007-06-25,62.61,62.99,62.18,62.35,11600,53.99
2007-06-22,62.97,63.04,62.36,62.49,21100,54.11
2007-06-21,63.29,63.41,62.91,63.29,20700,54.80
2007-06-20,64.25,64.25,63.24,63.25,29200,54.77
2007-06-19,63.98,64.15,63.77,64.09,21300,55.49
2007-06-18,64.40,64.40,64.00,64.10,13200,55.50
2007-06-15,64.43,64.52,64.24,64.25,20600,55.63
2007-06-14,64.42,64.56,64.24,64.28,7100,55.24
2007-06-13,63.63,64.17,63.56,64.17,12100,55.15
2007-06-12,63.96,64.10,63.36,63.38,20600,54.47
2007-06-11,64.05,64.34,63.89,64.20,6900,55.17
2007-06-08,63.50,64.06,63.44,64.06,14100,55.05
2007-06-07,64.55,64.55,63.50,63.50,23500,54.57
2007-06-06,65.05,65.05,64.60,64.80,20600,55.69
2007-06-05,65.70,65.70,65.19,65.34,13100,56.15
2007-06-04,65.75,65.81,65.54,65.77,10100,56.52
2007-06-01,65.85,65.95,65.54,65.89,27100,56.63
2007-05-31,65.79,65.89,65.38,65.51,3300,56.30
2007-05-30,65.00,65.60,65.00,65.60,13200,56.38
2007-05-29,65.24,65.54,65.16,65.35,14700,56.16
2007-05-25,65.18,65.23,64.90,65.15,22600,55.99
2007-05-24,65.47,65.70,64.89,64.89,40400,55.77
2007-05-23,65.97,66.02,65.58,65.58,13100,56.36
2007-05-22,65.71,66.00,65.61,65.87,11000,56.61
2007-05-21,65.59,65.85,65.55,65.75,9400,56.51
2007-05-18,65.55,65.65,65.41,65.56,5000,56.34
2007-05-17,65.35,65.45,65.17,65.36,6000,56.17
2007-05-16,65.22,65.60,65.08,65.60,13100,56.38
2007-05-15,65.21,65.54,64.90,64.93,13300,55.80
2007-05-14,65.27,65.32,64.90,65.10,11800,55.95
2007-05-11,64.90,65.17,64.90,65.17,28900,56.01
2007-05-10,65.26,65.32,64.68,64.75,10600,55.65
2007-05-09,65.23,65.63,65.14,65.49,15100,56.28
2007-05-08,65.26,65.34,65.04,65.33,13800,56.14
2007-05-07,65.20,65.49,65.20,65.39,19600,56.20
2007-05-04,64.95,65.10,64.80,64.95,31300,55.82
2007-05-03,64.83,64.93,64.69,64.80,18600,55.69
2007-05-02,64.30,64.84,64.19,64.57,174700,55.49
2007-05-01,64.05,64.32,63.88,64.26,28100,55.22
2007-04-30,64.45,64.71,64.11,64.11,13000,55.10
2007-04-27,64.35,64.68,64.30,64.49,19600,55.42
2007-04-26,64.65,64.65,64.26,64.52,9900,55.45
2007-04-25,64.27,64.59,64.07,64.51,13200,55.44
2007-04-24,63.91,64.09,63.62,64.00,19300,55.00
2007-04-23,64.35,64.35,63.93,64.04,19000,55.04
2007-04-20,64.20,64.30,64.00,64.30,7500,55.26
2007-04-19,63.80,64.03,63.73,63.91,14700,54.92
2007-04-18,63.90,64.16,63.79,64.05,25000,55.04
2007-04-17,63.85,64.01,63.81,63.94,15600,54.95
2007-04-16,63.30,63.90,63.30,63.87,16200,54.89
2007-04-13,62.85,63.01,62.82,63.01,8100,54.15
2007-04-12,62.57,62.80,62.22,62.80,49400,53.97
2007-04-11,62.92,62.92,62.34,62.49,13700,53.70
2007-04-10,62.80,62.93,62.75,62.92,21900,54.07
2007-04-09,62.82,62.85,62.64,62.80,75100,53.97
2007-04-05,62.70,62.82,62.59,62.79,83000,53.96
2007-04-04,62.85,62.85,62.60,62.75,15000,53.93
2007-04-03,62.45,62.83,62.45,62.73,8200,53.91
2007-04-02,62.10,62.28,61.97,62.10,17800,53.37
2007-03-30,62.53,62.60,61.78,62.30,17800,53.54
2007-03-29,62.43,62.44,62.00,62.39,43900,53.62
2007-03-28,62.45,62.45,61.91,62.03,22700,53.31
2007-03-27,62.80,62.80,62.47,62.62,13500,53.82
2007-03-26,62.98,63.00,62.45,63.00,40600,54.14
2007-03-23,63.06,63.22,62.96,63.04,14400,54.18
2007-03-22,63.20,63.22,62.88,63.06,20200,54.19
2007-03-21,62.34,63.26,62.10,63.20,29100,54.31
2007-03-20,62.00,62.27,61.86,62.27,30200,53.51
2007-03-19,61.65,61.92,61.59,61.84,31200,53.15
2007-03-16,61.58,62.05,61.25,61.30,44100,52.68
2007-03-15,61.49,62.05,61.49,62.05,15300,53.01
2007-03-14,61.52,61.60,60.66,61.52,26000,52.56
2007-03-13,62.00,62.17,61.27,61.27,22700,52.34
2007-03-12,62.22,62.46,62.08,62.43,26100,53.33
2007-03-09,62.27,62.36,62.02,62.19,29200,53.13
2007-03-08,62.04,62.17,61.85,62.01,17200,52.98
2007-03-07,61.80,61.96,61.59,61.70,23600,52.71
2007-03-06,61.70,62.08,61.34,61.97,24000,52.94
2007-03-05,61.32,61.75,61.07,61.11,47800,52.21
2007-03-02,62.16,62.44,61.89,61.89,26000,52.87
2007-03-01,61.90,62.67,61.56,62.45,29000,53.35
2007-02-28,62.90,62.90,62.24,62.54,51200,53.43
2007-02-27,63.51,63.67,62.09,62.51,56900,53.40
2007-02-26,64.34,64.37,63.88,64.20,20400,54.85
2007-02-23,64.15,64.20,63.88,64.16,23300,54.81
2007-02-22,64.26,64.43,64.08,64.30,24400,54.93
2007-02-21,64.28,64.30,64.12,64.28,21300,54.91
2007-02-20,63.99,64.42,63.73,64.39,82300,55.01
2007-02-16,63.94,64.10,63.81,64.10,25800,54.76
2007-02-15,63.98,64.05,63.76,64.05,88400,54.72
2007-02-14,63.43,64.00,63.43,63.91,23400,54.60
2007-02-13,63.18,63.55,63.14,63.55,9600,54.29
2007-02-12,63.12,63.14,62.96,63.06,23000,53.87
2007-02-09,63.28,63.30,62.89,63.03,32100,53.85
2007-02-08,63.16,63.23,62.99,63.13,12000,53.93
2007-02-07,63.19,63.24,63.03,63.21,11800,54.00
2007-02-06,62.96,63.14,62.89,63.14,13100,53.94
2007-02-05,62.81,62.86,62.67,62.71,11400,53.57
2007-02-02,62.85,62.88,62.75,62.88,10400,53.72
2007-02-01,62.55,62.73,62.55,62.73,12500,53.59
2007-01-31,61.91,62.47,61.83,62.35,34200,53.27
2007-01-30,61.60,62.00,61.60,61.99,7100,52.96
2007-01-29,61.58,61.72,61.51,61.57,14600,52.60
2007-01-26,61.56,61.63,61.28,61.63,17900,52.65
2007-01-25,62.16,62.16,61.54,61.56,19000,52.59
2007-01-24,61.84,62.26,61.84,62.26,40600,53.19
2007-01-23,61.82,62.04,61.61,61.83,16400,52.82
2007-01-22,62.06,62.06,61.63,61.89,19900,52.87
2007-01-19,62.12,62.12,61.85,62.08,19400,53.04
2007-01-18,62.17,62.26,62.02,62.12,24900,53.07
2007-01-17,62.15,62.29,62.00,62.06,14900,53.02
2007-01-16,62.29,62.34,62.02,62.10,27000,53.05
2007-01-12,61.91,62.21,61.91,62.10,15400,53.05
2007-01-11,61.89,62.14,61.86,62.04,13900,53.00
2007-01-10,61.49,61.67,61.40,61.65,26900,52.67
2007-01-09,61.41,61.68,61.15,61.57,23900,52.60
2007-01-08,61.40,61.50,61.06,61.46,35100,52.51
2007-01-05,62.12,62.12,61.38,61.47,18100,52.51
2007-01-04,61.98,62.24,61.83,62.15,20800,53.09
2007-01-03,62.24,62.49,61.75,62.06,56200,53.02
2006-12-29,62.08,62.14,61.75,61.85,11100,52.84
2006-12-28,62.45,62.45,62.20,62.25,7800,53.18
2006-12-27,62.25,62.47,62.15,62.36,9000,53.27
2006-12-26,61.55,62.00,61.46,62.00,5000,52.97
2006-12-22,61.75,61.75,61.39,61.65,6200,52.67
2006-12-21,61.95,62.02,61.60,61.76,11900,52.76
2006-12-20,61.85,61.91,61.68,61.85,17100,52.84
2006-12-19,61.60,61.89,61.50,61.83,18200,52.82
2006-12-18,62.55,62.55,61.62,61.85,18700,52.84
2006-12-15,62.00,62.35,61.80,62.35,13100,53.27
2006-12-14,62.15,62.46,61.97,62.41,11500,52.81
2006-12-13,62.05,62.05,61.85,61.98,11400,52.45
2006-12-12,61.74,61.74,61.45,61.70,9000,52.21
2006-12-11,61.62,61.69,61.50,61.62,12100,52.15
2006-12-08,61.60,61.69,61.35,61.51,20100,52.05
2006-12-07,61.90,61.95,61.61,61.67,9600,52.19
2006-12-06,61.88,61.88,61.64,61.81,99900,52.31
2006-12-05,61.75,61.90,61.66,61.86,7200,52.35
2006-12-04,61.22,61.71,61.22,61.66,8600,52.18
2006-12-01,61.30,61.33,60.76,61.25,15600,51.83
2006-11-30,61.19,61.27,60.97,61.19,14100,51.78
2006-11-29,60.92,61.21,60.87,61.18,13700,51.77
2006-11-28,60.20,60.70,60.20,60.67,13300,51.34
2006-11-27,61.15,61.15,60.37,60.47,23400,51.17
2006-11-24,60.96,61.35,60.96,61.24,11300,51.82
2006-11-22,61.40,61.42,61.13,61.34,73000,51.91
2006-11-21,61.22,61.35,61.19,61.26,19600,51.84
2006-11-20,61.59,61.61,61.40,61.46,15400,52.01
2006-11-17,61.71,61.71,61.40,61.66,15200,52.18
2006-11-16,61.65,61.82,61.49,61.80,24100,52.30
2006-11-15,61.30,61.57,61.22,61.46,19100,52.01
2006-11-14,60.85,61.25,60.55,61.25,10900,51.83
2006-11-13,60.70,60.97,60.70,60.82,20600,51.47
2006-11-10,60.65,60.78,60.45,60.78,12600,51.43
2006-11-09,60.62,60.76,60.48,60.63,13900,51.31
2006-11-08,60.61,61.01,60.55,60.87,12300,51.51
2006-11-07,60.69,61.01,60.56,60.56,21100,51.25
2006-11-06,60.48,60.61,60.42,60.50,9400,51.20
2006-11-03,60.60,60.63,60.01,60.22,9500,50.96
2006-11-02,60.17,60.45,60.14,60.40,7000,51.11
2006-11-01,60.75,61.02,60.53,60.59,28800,51.27
2006-10-31,61.07,61.20,60.67,60.70,7400,51.37
2006-10-30,60.90,60.99,60.65,60.88,60100,51.52
2006-10-27,60.95,61.09,60.80,60.90,23400,51.54
2006-10-26,61.02,61.24,60.80,61.24,10700,51.82
2006-10-25,60.87,60.99,60.69,60.99,7900,51.61
2006-10-24,60.77,60.85,60.63,60.85,16000,51.49
2006-10-23,60.66,61.07,60.66,61.02,32200,51.64
2006-10-20,60.71,60.71,60.39,60.66,36700,51.33
2006-10-19,60.58,60.63,60.42,60.62,12100,51.30
2006-10-18,60.75,60.75,60.46,60.70,35500,51.37
2006-10-17,60.47,60.55,60.29,60.49,17200,51.19
2006-10-16,60.44,60.59,60.40,60.59,11300,51.27
2006-10-13,60.40,60.55,60.34,60.55,19800,51.24
2006-10-12,60.27,60.48,60.25,60.48,19500,51.18
2006-10-11,60.10,60.21,59.90,60.18,9000,50.93
2006-10-10,60.01,60.09,59.83,60.09,18100,50.85
2006-10-09,59.68,59.97,59.54,59.96,35800,50.74
2006-10-06,59.60,59.60,59.17,59.43,36500,50.29
2006-10-05,59.58,59.74,59.50,59.64,10000,50.47
2006-10-04,58.89,59.52,58.78,59.52,14500,50.37
2006-10-03,58.88,59.13,58.68,58.89,13400,49.84
2006-10-02,58.99,59.07,58.63,58.90,15100,49.84
2006-09-29,59.10,59.25,58.90,58.90,9300,49.84
2006-09-28,59.40,59.40,59.01,59.27,10800,50.16
2006-09-27,59.13,59.36,58.93,59.27,46600,50.16
2006-09-26,58.81,59.11,58.74,59.11,53100,50.02
2006-09-25,58.26,58.89,58.13,58.81,12500,49.77
2006-09-22,58.46,58.46,58.20,58.36,15900,49.39
2006-09-21,59.00,59.00,58.36,58.48,12000,49.49
2006-09-20,58.44,59.84,58.44,58.96,10900,49.89
2006-09-19,58.35,58.60,58.22,58.59,10800,49.58
2006-09-18,58.75,58.87,58.42,58.75,54500,49.72
2006-09-15,59.32,59.37,58.70,58.91,993000,49.85
2006-09-14,58.76,59.09,58.76,59.03,15000,49.59
2006-09-13,58.96,59.05,58.83,58.99,50100,49.56
2006-09-12,58.58,59.00,58.35,58.99,10200,49.56
2006-09-11,58.20,58.43,58.02,58.43,4400,49.09
2006-09-08,58.06,58.24,57.88,58.14,6000,48.84
2006-09-07,58.28,58.29,57.93,58.03,14800,48.75
2006-09-06,58.51,58.51,58.28,58.31,17300,48.99
2006-09-05,58.75,58.81,58.64,58.66,6200,49.28
2006-09-01,58.76,58.83,58.56,58.76,18000,49.36
2006-08-31,58.55,58.59,58.45,58.56,5400,49.20
2006-08-30,58.60,58.60,58.39,58.47,19600,49.12
2006-08-29,58.23,58.51,58.13,58.49,6400,49.14
2006-08-28,58.08,58.38,58.00,58.33,16000,49.00
2006-08-25,58.07,58.11,57.90,58.10,12300,48.81
2006-08-24,58.12,58.21,58.00,58.21,5000,48.90
2006-08-23,58.45,58.52,57.93,58.10,47800,48.81
2006-08-22,58.26,58.43,58.21,58.29,22400,48.97
2006-08-21,58.25,58.39,58.22,58.32,9300,48.99
2006-08-18,58.16,58.37,58.15,58.36,40100,49.03
2006-08-17,58.38,58.40,58.19,58.25,36700,48.94
2006-08-16,58.24,58.35,58.01,58.27,62300,48.95
2006-08-15,57.82,57.97,57.70,57.97,10300,48.70
2006-08-14,57.48,57.78,57.25,57.25,10200,48.10
2006-08-11,57.26,57.26,56.95,57.23,117100,48.08
2006-08-10,56.77,57.40,56.77,57.38,11100,48.20
2006-08-09,57.46,57.64,57.00,57.00,13700,47.89
2006-08-08,57.60,57.73,57.20,57.26,28700,48.10
2006-08-07,57.59,57.59,57.30,57.42,15200,48.24
2006-08-04,58.00,58.09,57.41,57.48,12100,48.29
2006-08-03,57.35,57.71,57.20,57.71,2500,48.48
2006-08-02,57.39,57.58,57.25,57.29,17600,48.13
2006-08-01,57.22,57.26,56.87,57.21,10000,48.06
2006-07-31,57.42,57.45,57.12,57.28,9700,48.12
2006-07-28,57.09,57.63,57.09,57.51,10800,48.31
2006-07-27,57.35,57.35,56.75,56.75,44900,47.68
2006-07-26,56.80,57.27,56.77,57.08,11500,47.95
2006-07-25,56.91,57.17,56.71,57.11,9800,47.98
2006-07-24,56.35,56.94,56.35,56.94,23800,47.83
2006-07-21,56.25,56.25,55.92,55.96,7000,47.01
2006-07-20,56.47,56.54,56.17,56.17,14000,47.19
2006-07-19,55.66,56.46,55.66,56.46,13600,47.43
2006-07-18,55.17,55.33,54.82,55.33,21200,46.48
2006-07-17,54.91,55.15,54.72,55.05,8600,46.25
2006-07-14,54.97,54.99,54.50,54.87,65800,46.10
2006-07-13,55.25,55.31,54.81,54.89,10100,46.11
2006-07-12,55.99,55.99,55.38,55.51,7900,46.63
2006-07-11,55.60,56.05,55.44,56.00,7900,47.04
2006-07-10,55.73,55.92,55.73,55.85,10400,46.92
2006-07-07,55.63,55.93,55.50,55.61,11500,46.72
2006-07-06,55.69,55.88,55.60,55.85,18800,46.92
2006-07-05,55.62,55.69,55.44,55.59,34600,46.70
2006-07-03,55.84,56.03,55.80,56.02,7200,47.06
2006-06-30,55.93,55.93,55.63,55.80,15900,46.88
2006-06-29,55.01,55.85,55.01,55.85,16600,46.92
2006-06-28,54.88,54.88,54.50,54.76,6000,46.00
2006-06-27,55.04,55.07,54.56,54.56,7000,45.84
2006-06-26,54.76,55.07,54.72,55.07,14700,46.26
2006-06-23,54.53,54.77,54.40,54.62,13800,45.89
2006-06-22,54.62,54.83,54.60,54.81,18500,46.05
2006-06-21,54.67,55.09,54.67,54.85,18300,46.08
2006-06-20,54.47,54.81,54.47,54.61,16500,45.88
2006-06-19,55.10,55.11,54.40,54.56,14400,45.84
2006-06-16,55.21,55.21,54.99,55.12,5000,46.31
2006-06-15,55.00,55.73,54.93,55.73,19400,46.48
2006-06-14,54.71,54.83,54.35,54.77,15900,45.68
2006-06-13,55.28,55.47,54.77,54.90,16400,45.79
2006-06-12,55.85,55.92,55.42,55.44,9500,46.24
2006-06-09,55.86,56.19,55.78,55.99,11400,46.70
2006-06-08,55.54,55.93,55.18,55.89,37100,46.62
2006-06-07,55.73,56.06,55.55,55.64,47100,46.41
2006-06-06,55.89,55.89,55.31,55.59,8500,46.37
2006-06-05,56.47,56.47,55.66,55.66,9800,46.43
2006-06-02,56.68,56.68,56.46,56.68,4600,47.28
2006-06-01,56.07,56.51,55.96,56.43,4600,47.07
2006-05-31,55.53,55.96,55.42,55.82,5500,46.56
2006-05-30,55.99,55.99,55.49,55.49,10900,46.28
2006-05-26,55.96,56.17,55.96,56.16,14700,46.84
2006-05-25,55.93,55.96,55.73,55.94,14200,46.66
2006-05-24,55.32,55.72,55.04,55.59,16600,46.37
2006-05-23,55.97,56.05,55.49,55.49,22100,46.28
2006-05-22,55.63,56.01,55.52,55.99,18600,46.70
2006-05-19,55.78,56.02,55.47,55.82,8300,46.56
2006-05-18,55.93,56.00,55.67,55.67,11500,46.43
2006-05-17,56.08,56.29,55.62,55.79,7600,46.53
2006-05-16,56.77,56.77,56.40,56.40,15400,47.04
2006-05-15,56.46,56.68,56.24,56.68,7400,47.28
2006-05-12,56.55,56.87,56.32,56.34,8600,46.99
2006-05-11,57.30,57.30,56.73,56.73,41000,47.32
2006-05-10,57.49,57.49,57.27,57.34,5800,47.83
2006-05-09,57.48,57.49,57.37,57.46,5800,47.93
2006-05-08,57.33,57.52,57.33,57.42,10000,47.89
2006-05-05,56.99,57.39,56.99,57.33,25600,47.82
2006-05-04,56.93,57.01,56.86,56.92,4700,47.48
2006-05-03,56.79,56.79,56.52,56.72,1800,47.31
2006-05-02,56.77,56.77,56.59,56.73,5100,47.32
2006-05-01,56.99,57.00,56.39,56.39,11500,47.03
2006-04-28,56.63,56.90,56.54,56.82,4300,47.39
2006-04-27,55.84,56.90,55.84,56.66,5700,47.26
2006-04-26,55.99,56.24,55.99,56.14,7700,46.83
2006-04-25,56.09,56.09,55.70,55.84,6200,46.58
2006-04-24,55.83,56.16,55.77,56.16,9400,46.84
2006-04-21,56.10,56.23,55.98,56.11,3100,46.80
2006-04-20,55.60,56.23,55.60,56.00,4700,46.71
2006-04-19,56.00,56.00,55.79,55.87,24300,46.60
2006-04-18,55.18,55.93,55.14,55.91,5800,46.63
2006-04-17,55.03,55.30,54.93,55.13,6600,45.98
2006-04-13,55.15,55.31,55.05,55.21,3000,46.05
2006-04-12,55.36,55.36,55.07,55.22,7900,46.06
2006-04-11,55.80,55.80,55.15,55.20,12600,46.04
2006-04-10,55.63,55.76,55.41,55.59,12400,46.37
2006-04-07,56.02,56.02,55.50,55.60,8600,46.38
2006-04-06,55.96,56.09,55.80,55.97,5800,46.68
2006-04-05,56.24,56.24,55.91,56.20,8900,46.88
2006-04-04,56.09,56.21,55.92,56.11,8600,46.80
2006-04-03,55.98,56.22,55.86,55.86,8400,46.59
2006-03-31,55.65,55.98,55.58,55.72,40800,46.48
2006-03-30,55.95,56.04,55.52,55.73,10000,46.48
2006-03-29,55.85,56.00,55.59,55.95,7000,46.67
2006-03-28,56.00,56.05,55.64,55.68,7700,46.44
2006-03-27,56.15,56.15,55.95,56.00,14000,46.71
2006-03-24,56.15,56.17,55.85,56.11,6300,46.80
2006-03-23,56.45,56.45,56.05,56.08,16400,46.78
2006-03-22,56.06,56.28,55.94,56.28,4300,46.94
2006-03-21,56.18,56.28,55.84,55.94,18600,46.66
2006-03-20,56.30,56.30,56.02,56.11,14400,46.80
2006-03-17,56.30,56.30,56.09,56.22,10600,46.89
2006-03-16,56.31,56.48,56.30,56.38,22600,46.73
2006-03-15,56.35,56.35,56.00,56.27,73700,46.64
2006-03-14,55.55,56.10,55.55,56.04,14300,46.45
2006-03-13,55.75,55.94,55.65,55.67,10900,46.14
2006-03-10,55.40,55.68,55.40,55.63,7200,46.11
2006-03-09,55.63,55.63,55.17,55.17,8200,45.73
2006-03-08,55.40,55.67,55.12,55.53,55700,46.03
2006-03-07,55.29,55.35,55.20,55.30,7700,45.84
2006-03-06,55.70,55.70,55.15,55.31,17000,45.84
2006-03-03,55.84,56.00,55.52,55.57,15700,46.06
2006-03-02,56.00,56.00,55.63,55.84,10400,46.28
2006-03-01,55.85,56.07,55.71,56.06,13100,46.47
2006-02-28,56.22,56.28,55.74,55.74,5600,46.20
2006-02-27,56.35,56.45,56.22,56.22,16600,46.60
2006-02-24,56.06,56.14,55.99,56.14,2800,46.53
2006-02-23,56.45,56.45,56.02,56.06,14300,46.47
2006-02-22,55.90,56.31,55.90,56.31,43800,46.67
2006-02-21,55.99,56.12,55.62,55.73,9200,46.19
2006-02-17,55.88,55.93,55.70,55.85,2100,46.29
2006-02-16,55.49,55.75,55.45,55.75,6100,46.21
2006-02-15,55.34,55.50,55.18,55.40,5200,45.92
2006-02-14,54.99,55.42,54.86,55.23,9900,45.78
2006-02-13,54.89,54.89,54.61,54.77,15700,45.40
2006-02-10,54.88,54.97,54.52,54.97,8700,45.56
2006-02-09,54.98,55.28,54.95,54.96,15000,45.55
2006-02-08,54.68,54.89,54.56,54.89,25400,45.50
2006-02-07,54.96,54.99,54.62,54.70,49600,45.34
2006-02-06,54.83,54.86,54.61,54.84,12000,45.45
2006-02-03,54.90,55.00,54.67,54.79,10700,45.41
2006-02-02,55.48,55.48,54.95,54.95,19700,45.55
2006-02-01,55.36,55.53,55.29,55.52,22200,46.02
2006-01-31,55.30,55.47,55.18,55.36,10500,45.89
2006-01-30,55.66,55.66,55.35,55.38,24900,45.90
2006-01-27,55.38,55.70,55.38,55.65,156400,46.13
2006-01-26,55.34,55.41,55.20,55.35,66900,45.88
2006-01-25,55.25,55.26,54.87,54.93,18400,45.53
2006-01-24,55.00,55.19,54.93,55.13,15400,45.69
2006-01-23,54.88,55.00,54.75,54.88,17600,45.49
2006-01-20,55.55,55.55,54.65,54.65,19600,45.30
2006-01-19,55.50,55.52,55.20,55.44,12200,45.95
2006-01-18,55.30,55.44,55.08,55.29,11300,45.83
2006-01-17,55.50,55.50,55.10,55.31,14200,45.84
2006-01-13,55.55,55.60,55.38,55.48,24700,45.98
2006-01-12,55.75,55.75,55.30,55.30,31900,45.84
2006-01-11,55.84,55.84,55.42,55.64,35500,46.12
2006-01-10,55.80,55.80,55.56,55.76,27900,46.22
2006-01-09,55.65,55.83,55.54,55.68,34100,46.15
2006-01-06,55.30,55.50,55.06,55.49,35400,45.99
2006-01-05,55.10,55.12,54.95,55.08,27100,45.65
2006-01-04,55.00,55.11,54.88,55.04,27800,45.62
2006-01-03,54.45,54.88,54.00,54.84,110600,45.45
2005-12-30,54.35,54.35,53.96,54.15,19600,44.88
2005-12-29,54.72,54.72,54.40,54.40,21500,45.09
2005-12-28,54.75,54.75,54.52,54.68,26200,45.32
2005-12-27,54.95,55.16,54.58,54.60,21100,45.26
2005-12-23,55.13,55.13,54.98,54.99,24500,45.58
2005-12-22,55.00,55.00,54.67,54.95,113000,45.55
2005-12-21,55.10,55.13,54.72,54.76,32400,45.39
2005-12-20,54.94,54.96,54.72,54.74,10700,45.37
2005-12-19,55.23,55.23,54.80,54.83,17200,45.45
2005-12-16,55.15,55.20,54.94,54.99,11300,45.58
2005-12-15,55.29,55.31,54.98,55.08,16400,45.40
2005-12-14,54.95,55.29,54.95,55.13,14800,45.44
2005-12-13,54.40,54.85,54.39,54.76,14600,45.13
2005-12-12,54.60,54.60,54.00,54.28,24900,44.74
2005-12-09,54.49,54.50,54.26,54.36,24700,44.80
2005-12-08,54.30,54.50,54.00,54.15,27100,44.63
2005-12-07,54.80,54.80,54.13,54.32,223400,44.77
2005-12-06,55.08,55.08,54.69,54.72,29700,45.10
2005-12-05,55.00,55.00,54.59,54.80,27500,45.17
2005-12-02,55.00,55.07,54.87,55.01,18000,45.34
2005-12-01,54.82,55.07,54.77,55.03,18900,45.36
2005-11-30,54.95,54.95,54.40,54.45,24500,44.88
2005-11-29,54.82,55.01,54.75,54.77,14000,45.14
2005-11-28,54.98,54.98,54.56,54.57,16600,44.98
2005-11-25,54.90,54.90,54.75,54.85,12000,45.21
2005-11-23,54.65,54.95,54.62,54.79,21300,45.16
2005-11-22,54.66,54.71,54.28,54.70,33800,45.08
2005-11-21,54.50,54.70,54.39,54.66,35800,45.05
2005-11-18,54.40,54.48,54.08,54.44,67500,44.87
2005-11-17,53.90,54.12,53.82,54.10,58000,44.59
2005-11-16,54.00,54.03,53.65,53.73,20900,44.28
2005-11-15,54.26,54.26,53.85,53.86,53000,44.39