2011-05-10,39.05,39.05,38.97,39.00,18900,39.00
2011-05-09,39.08,39.11,39.04,39.04,11000,39.04
2011-05-06,39.13,39.13,39.08,39.08,12800,39.08
2011-05-05,39.20,39.24,39.19,39.23,20900,39.23
2011-05-04,39.17,39.20,39.10,39.14,6300,39.14
2011-05-03,39.10,39.14,39.10,39.14,900,39.14
2011-05-02,39.15,39.15,39.08,39.11,2800,39.11
2011-04-29,39.17,39.21,39.15,39.17,4200,39.17
2011-04-28,39.27,39.27,39.24,39.24,1500,39.24
2011-04-27,39.31,39.31,39.28,39.28,3700,39.28
2011-04-26,39.35,39.35,39.32,39.32,6100,39.32
2011-04-25,39.36,39.38,39.33,39.34,3100,39.34
2011-04-21,39.48,39.48,39.37,39.37,600,39.37
2011-04-20,39.55,39.55,39.45,39.45,200,39.45
2011-04-19,39.72,39.72,39.66,39.66,1900,39.66
2011-04-18,39.75,39.76,39.72,39.75,3400,39.75
2011-04-15,39.65,39.65,39.57,39.62,28800,39.62
2011-04-14,39.54,39.68,39.54,39.66,13300,39.66
2011-04-13,39.64,39.64,39.57,39.57,2300,39.57
2011-04-12,39.57,39.74,39.57,39.62,24200,39.62
2011-04-11,39.57,39.57,39.54,39.55,2400,39.55
2011-04-08,39.56,39.62,39.53,39.59,35000,39.59
2011-04-07,39.61,39.62,39.54,39.54,40000,39.54
2011-04-06,39.65,39.66,39.58,39.59,86900,39.59
2011-04-05,39.76,39.76,39.62,39.63,61000,39.63
2011-04-04,39.89,39.89,39.65,39.68,51100,39.68
2011-04-01,39.86,39.90,39.79,39.90,58400,39.90
2011-03-31,39.90,39.91,39.86,39.91,20300,39.91
2011-03-30,39.94,39.94,39.84,39.85,67400,39.85
2011-03-29,39.96,40.02,39.80,39.84,41500,39.84
2011-03-28,40.02,40.02,39.92,39.93,99800,39.93
2011-03-25,39.99,39.99,39.95,39.97,3600,39.97
2011-03-24,40.03,40.03,39.93,39.93,1700,39.93
2011-03-23,40.16,40.16,40.00,40.00,5900,40.00
2011-03-22,40.15,40.15,40.00,40.00,7700,40.00