2011-05-10,71.39,72.10,71.39,72.01,3300,72.01
2011-05-09,70.67,71.24,70.20,71.24,4600,71.24
2011-05-06,71.01,71.28,70.38,70.43,1700,70.43
2011-05-05,69.82,71.15,69.61,70.31,4200,70.31
2011-05-04,71.03,71.24,70.00,70.57,2200,70.57
2011-05-03,71.93,71.93,71.00,71.16,5700,71.16
2011-05-02,72.67,72.78,72.16,72.20,5100,72.20
2011-04-29,72.69,72.90,72.47,72.74,4700,72.74
2011-04-28,72.25,72.58,72.17,72.58,1600,72.58
2011-04-27,71.80,72.02,71.80,71.89,5200,71.89
2011-04-26,71.01,72.00,71.01,71.80,7200,71.80
2011-04-25,70.95,70.95,70.61,70.75,2500,70.75
2011-04-21,70.61,70.86,70.56,70.77,2500,70.77
2011-04-20,70.23,70.48,70.02,70.48,3000,70.48
2011-04-19,69.39,69.56,68.81,68.98,2500,68.98
2011-04-18,69.28,69.28,68.59,69.10,3300,69.10
2011-04-15,69.56,70.09,69.32,70.01,5100,70.01
2011-04-14,68.45,69.31,68.45,68.87,2700,68.87
2011-04-13,69.22,69.41,68.68,69.13,2100,69.13
2011-04-12,69.49,69.69,69.15,69.23,9700,69.23
2011-04-11,70.59,70.90,69.83,70.15,13000,70.15
2011-04-08,71.36,71.36,70.16,70.16,13500,70.16
2011-04-07,71.89,72.14,71.50,71.65,2600,71.65
2011-04-06,72.35,72.35,71.66,71.85,5200,71.85
2011-04-05,71.45,72.09,71.45,71.60,24100,71.60
2011-04-04,71.37,71.45,71.37,71.45,2200,71.45
2011-04-01,71.36,71.57,70.99,71.10,15800,71.10
2011-03-31,70.22,70.85,70.11,70.78,19600,70.78
2011-03-30,69.94,70.42,69.84,70.42,7000,70.42
2011-03-29,68.79,69.58,68.34,69.48,1600,69.48
2011-03-28,69.55,69.55,68.93,68.93,2700,68.93
2011-03-25,69.83,69.83,69.58,69.73,8200,69.73
2011-03-24,68.29,68.86,68.29,68.86,4800,68.86
2011-03-23,68.01,68.27,67.27,68.25,3400,68.25
2011-03-22,68.56,68.73,68.03,68.20,3000,68.20
2011-03-21,67.61,68.33,67.61,68.33,4600,68.33
2011-03-18,66.90,66.99,66.72,66.86,4300,66.86
2011-03-17,67.13,67.13,66.28,66.28,4700,66.17
2011-03-16,66.96,66.96,65.99,65.99,3500,65.88
2011-03-15,65.90,66.73,65.55,66.73,7000,66.62
2011-03-14,67.47,67.47,66.96,67.32,4300,67.21
2011-03-11,67.05,67.89,67.05,67.89,3400,67.78
2011-03-10,68.59,68.59,67.56,67.69,5100,67.58
2011-03-09,69.11,69.54,65.86,69.27,9200,69.16
2011-03-08,68.21,69.59,68.17,69.32,6300,69.21
2011-03-07,69.54,69.54,67.64,68.27,9100,68.16
2011-03-04,68.73,69.05,68.62,69.05,4400,68.94
2011-03-03,68.52,69.53,68.52,69.44,2400,69.33
2011-03-02,67.51,68.01,66.70,67.76,4600,67.65
2011-03-01,69.16,69.16,67.41,67.61,13300,67.50
2011-02-28,69.24,69.31,68.47,68.61,7100,68.50
2011-02-25,67.68,68.54,67.68,68.54,7000,68.43
2011-02-24,66.68,67.40,66.51,67.25,10700,67.14
2011-02-23,68.21,68.21,66.74,67.10,9300,66.99
2011-02-22,69.47,69.54,68.27,68.45,4600,68.34
2011-02-18,69.87,70.33,69.70,70.04,4200,69.92
2011-02-17,69.08,70.03,69.08,70.03,20700,69.91
2011-02-16,69.21,69.49,69.07,69.49,6800,69.38
2011-02-15,69.25,69.29,68.76,68.76,5100,68.65
2011-02-14,69.05,69.35,69.05,69.35,4900,69.24
2011-02-11,68.48,69.01,68.48,68.97,57300,68.86
2011-02-10,67.79,68.49,67.79,68.32,3700,68.21
2011-02-09,68.13,68.36,67.72,67.90,3900,67.79
2011-02-08,68.05,68.10,67.76,68.05,3200,67.94
2011-02-07,67.47,68.32,67.47,68.15,4300,68.04
2011-02-04,67.22,67.33,66.86,67.16,7800,67.05
2011-02-03,66.92,67.34,66.20,67.34,8600,67.23
2011-02-02,67.20,67.61,67.00,67.19,11500,67.08
2011-02-01,66.59,67.50,66.00,67.27,15000,67.16
2011-01-31,65.88,66.37,65.44,66.09,7900,65.98
2011-01-28,67.11,67.11,65.50,65.68,5700,65.57
2011-01-27,66.94,67.45,66.78,67.26,3400,67.15
2011-01-26,65.77,67.09,65.76,66.97,8900,66.86
2011-01-25,65.14,65.73,65.14,65.73,5500,65.62
2011-01-24,65.32,65.73,65.09,65.69,2300,65.58
2011-01-21,65.95,65.95,65.06,65.10,7000,64.99
2011-01-20,65.79,65.87,65.35,65.56,4700,65.45
2011-01-19,67.53,67.57,66.01,66.01,9700,65.90
2011-01-18,67.40,67.50,67.09,67.50,5400,67.39
2011-01-14,66.81,67.46,66.81,67.46,4200,67.35
2011-01-13,66.86,67.09,66.75,66.75,4000,66.64
2011-01-12,66.61,67.03,66.61,66.92,3900,66.81
2011-01-11,66.46,66.55,65.97,66.19,4700,66.08
2011-01-10,65.75,66.21,65.17,66.21,19700,66.10
2011-01-07,66.59,66.59,65.12,65.91,8900,65.80
2011-01-06,66.82,66.82,66.18,66.35,13700,66.24
2011-01-05,66.13,66.66,65.91,66.57,20700,66.46
2011-01-04,67.29,67.29,65.60,66.03,15200,65.92
2011-01-03,66.54,67.52,66.54,67.30,6700,67.19
2010-12-31,66.68,66.68,66.00,66.00,14100,65.89
2010-12-30,66.90,67.04,66.75,66.87,20800,66.76
2010-12-29,66.88,66.88,66.63,66.75,10200,66.64
2010-12-28,67.09,67.09,66.48,66.81,3300,66.70
2010-12-27,66.42,66.92,66.31,66.90,3300,66.79
2010-12-23,66.77,66.97,66.55,66.65,25200,66.54
2010-12-22,66.77,66.93,66.63,66.67,20900,66.56
2010-12-21,66.26,66.73,66.26,66.68,9800,66.57
2010-12-20,61.15,71.11,61.15,66.00,4800,65.89
2010-12-17,65.52,65.88,65.27,65.80,25600,65.69
2010-12-16,65.40,65.95,65.14,65.87,23600,65.48
2010-12-15,65.65,66.04,65.30,65.47,66000,65.08
2010-12-14,65.87,65.95,65.56,65.61,5800,65.22
2010-12-13,66.28,66.28,65.67,65.67,30600,65.28
2010-12-10,65.42,65.93,65.26,65.93,14600,65.54
2010-12-09,65.18,65.29,64.98,65.18,14400,64.80
2010-12-08,65.25,65.25,64.79,65.02,6000,64.64
2010-12-07,65.54,65.54,64.92,64.99,7500,64.61
2010-12-06,64.44,64.82,64.32,64.82,10600,64.44
2010-12-03,63.55,64.39,63.55,64.39,9500,64.01
2010-12-02,63.55,63.88,63.55,63.81,2900,63.43
2010-12-01,62.98,63.24,62.89,63.09,7400,62.72
2010-11-30,61.65,62.10,61.40,61.76,19000,61.40
2010-11-29,61.91,62.29,61.36,62.21,29400,61.84
2010-11-26,62.49,62.56,62.33,62.33,5200,61.96
2010-11-24,61.97,62.59,61.97,62.48,4100,62.11
2010-11-23,61.30,61.36,61.07,61.21,8400,60.85
2010-11-22,61.32,61.99,61.13,61.91,17900,61.54
2010-11-19,61.22,61.58,60.92,61.58,15000,61.22
2010-11-18,61.24,61.58,61.17,61.27,28800,60.91
2010-11-17,60.36,60.40,60.22,60.37,4300,60.01
2010-11-16,60.97,60.97,59.85,60.03,5000,59.68
2010-11-15,61.54,61.75,61.23,61.23,6100,60.87
2010-11-12,61.65,62.06,61.10,61.27,17600,60.91
2010-11-11,61.65,62.16,61.52,62.16,4000,61.79
2010-11-10,61.77,62.20,61.46,62.17,3500,61.80
2010-11-09,62.75,62.75,61.66,61.69,4700,61.33
2010-11-08,62.44,62.53,62.14,62.47,12000,62.10
2010-11-05,62.22,62.68,62.22,62.55,11800,62.18
2010-11-04,61.69,62.05,61.61,62.05,25200,61.68
2010-11-03,60.51,60.69,59.98,60.10,11500,59.75
2010-11-02,60.06,60.46,60.06,60.45,1300,60.09
2010-11-01,60.15,60.43,59.62,59.66,2000,59.31
2010-10-29,59.72,59.92,59.71,59.92,2800,59.57
2010-10-28,60.27,60.27,59.45,59.62,5800,59.27
2010-10-27,59.62,59.79,59.26,59.57,3700,59.22
2010-10-26,59.81,60.26,59.66,60.02,3400,59.67
2010-10-25,60.18,60.67,60.18,60.34,8700,59.98
2010-10-22,59.44,59.75,59.40,59.75,9300,59.40
2010-10-21,59.74,60.11,58.76,59.30,5600,58.95
2010-10-20,59.02,59.78,59.02,59.47,18900,59.12
2010-10-19,59.83,59.83,58.54,58.73,2300,58.38
2010-10-18,59.61,59.93,59.48,59.93,12300,59.58
2010-10-15,60.12,60.12,59.32,59.57,7300,59.22
2010-10-14,59.71,59.89,59.49,59.71,6000,59.36
2010-10-13,59.47,60.21,59.36,60.00,6100,59.65
2010-10-12,58.68,59.04,58.40,58.93,1500,58.58
2010-10-11,58.80,59.18,58.80,58.87,16400,58.52
2010-10-08,57.88,58.68,57.85,58.68,2300,58.33
2010-10-07,58.47,58.47,57.75,57.88,2600,57.54
2010-10-06,58.43,58.50,57.95,57.96,4400,57.62
2010-10-05,57.64,58.50,57.36,58.46,2700,58.11
2010-10-04,57.43,57.43,56.81,56.94,1300,56.60
2010-10-01,57.43,57.43,57.34,57.34,1100,57.00
2010-09-30,57.85,58.04,57.15,57.48,4300,57.14
2010-09-29,57.12,57.61,57.12,57.52,5900,57.18
2010-09-28,56.90,57.06,55.97,57.04,31300,56.70
2010-09-27,57.07,57.09,56.64,56.80,6400,56.46
2010-09-24,56.02,56.94,56.02,56.93,5800,56.59
2010-09-23,55.84,56.06,55.48,55.48,800,55.15
2010-09-22,56.68,56.75,55.72,55.79,16500,55.46
2010-09-21,56.75,57.13,56.60,56.64,56700,56.31
2010-09-20,55.67,56.98,55.58,56.98,6300,56.64
2010-09-17,55.72,55.72,55.05,55.62,33000,55.29
2010-09-16,55.66,55.77,55.23,55.54,13200,55.05
2010-09-15,55.11,55.91,55.04,55.81,73400,55.32
2010-09-14,55.54,55.98,55.29,55.81,3700,55.32
2010-09-13,55.02,55.56,55.02,55.54,23200,55.05
2010-09-10,54.35,54.67,54.29,54.55,1800,54.07
2010-09-09,54.95,54.95,54.02,54.25,5800,53.77
2010-09-08,54.22,54.55,54.13,54.23,12000,53.75
2010-09-07,54.61,54.61,53.79,53.83,7400,53.36
2010-09-03,54.87,54.97,54.64,54.64,2200,54.16
2010-09-02,53.15,54.01,53.12,54.01,15500,53.54
2010-09-01,52.14,53.22,52.10,53.21,26600,52.74
2010-08-31,51.29,51.83,51.15,51.22,71500,50.77
2010-08-30,52.43,52.43,51.94,52.06,2100,51.60
2010-08-27,51.22,52.25,50.82,52.23,10200,51.77
2010-08-26,51.71,52.08,51.20,51.20,2200,50.75
2010-08-25,50.51,51.70,50.36,51.70,7200,51.25
2010-08-24,50.83,51.29,50.26,51.23,6300,50.78
2010-08-23,52.59,52.69,51.70,51.70,7500,51.25
2010-08-20,52.03,52.03,51.47,51.82,8300,51.37
2010-08-19,53.42,53.42,52.28,52.28,13800,51.82
2010-08-18,53.37,53.85,53.10,53.65,4000,53.18
2010-08-17,53.10,53.78,53.10,53.58,109300,53.11
2010-08-16,52.10,52.74,52.10,52.47,9800,52.01
2010-08-13,52.46,52.51,52.31,52.41,5200,51.95
2010-08-12,52.22,52.83,51.75,52.45,8000,51.99
2010-08-11,53.89,53.95,53.00,53.03,10900,52.57
2010-08-10,55.41,55.41,54.75,55.21,4200,54.73
2010-08-09,55.79,56.00,55.71,56.00,3300,55.51
2010-08-06,54.90,55.03,54.50,54.78,5100,54.30
2010-08-05,55.91,55.97,55.68,55.83,1600,55.34
2010-08-04,55.87,56.18,55.87,56.18,2000,55.69
2010-08-03,55.76,56.29,55.31,55.82,35500,55.33
2010-08-02,56.01,56.25,55.81,56.25,10500,55.76
2010-07-30,54.25,55.35,54.25,55.35,10000,54.86
2010-07-29,55.64,55.70,54.54,54.54,1600,54.06
2010-07-28,56.19,56.19,55.26,55.26,3000,54.78
2010-07-27,56.94,56.97,55.91,56.18,5100,55.69
2010-07-26,55.38,56.45,55.24,56.43,9500,55.94
2010-07-23,53.76,55.11,53.70,55.09,23000,54.61
2010-07-22,52.99,54.20,52.99,53.78,28300,53.31
2010-07-21,53.25,53.37,52.58,52.58,2000,52.12
2010-07-20,51.41,53.15,51.41,53.15,3200,52.68
2010-07-19,52.22,52.33,51.56,52.13,9600,51.67
2010-07-16,53.63,53.63,51.94,52.05,46100,51.59
2010-07-15,54.27,54.27,53.42,54.11,6900,53.64
2010-07-14,54.48,54.48,54.11,54.37,800,53.89
2010-07-13,53.70,54.63,53.69,54.55,60700,54.07
2010-07-12,53.31,53.31,52.63,52.94,1500,52.48
2010-07-09,52.96,53.23,52.86,53.21,3500,52.74
2010-07-08,52.24,52.41,52.00,52.00,1100,51.54
2010-07-07,50.22,51.86,50.22,51.86,2700,51.41
2010-07-06,51.65,51.65,49.83,49.83,11100,49.39
2010-07-02,51.54,51.54,50.53,50.81,10400,50.36
2010-07-01,51.61,51.61,50.00,51.31,13500,50.86
2010-06-30,52.11,52.63,51.45,51.63,4600,51.18
2010-06-29,53.53,53.53,52.07,52.13,58100,51.67
2010-06-28,54.57,54.73,53.95,54.52,21000,54.04
2010-06-25,53.57,54.62,53.57,54.29,7800,53.81
2010-06-24,54.21,54.45,53.55,53.58,39100,53.11
2010-06-23,54.47,54.74,54.08,54.70,3200,54.22
2010-06-22,56.16,56.18,54.75,54.75,22200,54.27
2010-06-21,57.19,57.29,55.73,55.85,11300,55.36
2010-06-18,56.43,56.62,56.21,56.46,28200,55.96
2010-06-17,56.81,56.81,56.20,56.39,12500,55.74
2010-06-16,56.40,57.06,56.21,56.66,159800,56.00
2010-06-15,55.90,56.78,55.77,56.78,3200,56.12
2010-06-14,55.69,56.34,55.62,56.04,5100,55.39
2010-06-11,53.76,54.82,53.76,54.82,26900,54.18
2010-06-10,53.48,54.31,53.42,54.31,4900,53.68
2010-06-09,53.10,53.66,52.38,52.38,6000,51.77
2010-06-08,52.58,52.58,51.54,52.41,23800,51.80
2010-06-07,54.02,54.11,52.77,52.80,35700,52.19
2010-06-04,54.94,55.46,53.60,53.69,15500,53.07
2010-06-03,55.97,56.55,55.76,56.50,24400,55.84
2010-06-02,54.36,55.20,54.36,55.06,7100,54.42
2010-06-01,55.47,56.01,54.32,54.32,5200,53.69
2010-05-28,56.51,56.68,55.71,56.09,11900,55.44
2010-05-27,55.80,56.70,55.79,56.70,4200,56.04
2010-05-26,54.99,55.48,54.17,54.33,15300,53.70
2010-05-25,52.88,54.07,52.11,54.04,16300,53.41
2010-05-24,54.82,55.14,54.34,54.34,21200,53.71
2010-05-21,53.14,55.19,52.95,54.91,31700,54.27
2010-05-20,55.38,55.55,54.00,54.00,23100,53.37
2010-05-19,57.34,57.82,56.02,56.64,34400,55.98
2010-05-18,59.35,59.35,57.41,57.63,9600,56.96
2010-05-17,58.89,59.12,57.48,58.67,34800,57.99
2010-05-14,59.50,59.50,58.04,58.46,17000,57.78
2010-05-13,60.32,60.84,59.84,59.84,15000,59.14
2010-05-12,59.23,60.44,59.10,60.44,15500,59.74
2010-05-11,57.85,59.37,57.85,58.82,11900,58.14
2010-05-10,58.43,58.48,57.52,58.20,12500,57.52
2010-05-07,56.70,56.80,55.00,55.34,27000,54.70
2010-05-06,58.82,59.38,55.00,57.15,41300,56.49
2010-05-05,59.42,60.03,58.80,59.16,24300,58.47
2010-05-04,61.07,61.07,59.85,59.88,35900,59.18
2010-05-03,60.98,61.95,60.98,61.95,59200,61.23
2010-04-30,62.40,62.43,60.67,60.67,83800,59.97
2010-04-29,61.52,62.37,61.52,62.37,3800,61.65
2010-04-28,61.12,61.35,61.00,61.00,3500,60.29
2010-04-27,62.24,62.68,61.01,61.01,6900,60.30
2010-04-26,62.87,63.09,62.57,62.57,9100,61.84
2010-04-23,62.30,62.74,62.12,62.66,3500,61.93
2010-04-22,60.86,62.23,60.68,62.18,6200,61.46
2010-04-21,61.10,61.32,61.00,61.32,3300,60.61
2010-04-20,60.50,61.01,60.50,61.01,8300,60.30
2010-04-19,60.08,60.63,59.49,60.15,7400,59.45
2010-04-16,61.15,61.25,59.95,60.48,8600,59.78
2010-04-15,61.17,61.41,61.11,61.29,10100,60.58
2010-04-14,60.28,61.16,60.28,61.16,6800,60.45
2010-04-13,59.56,59.90,59.41,59.90,8900,59.20
2010-04-12,59.67,59.84,59.53,59.76,6700,59.07
2010-04-09,59.21,59.51,59.00,59.51,10000,58.82
2010-04-08,58.87,59.13,58.55,59.10,3700,58.41
2010-04-07,59.35,59.44,58.88,59.10,4200,58.41
2010-04-06,58.71,59.23,58.71,59.23,15900,58.54
2010-04-05,58.09,58.80,58.05,58.74,2300,58.06
2010-04-01,57.68,57.97,57.52,57.84,2400,57.17
2010-03-31,57.49,58.02,57.49,57.59,7700,56.92
2010-03-30,57.84,58.01,57.40,57.69,3800,57.02
2010-03-29,57.59,57.70,57.37,57.58,17600,56.91
2010-03-26,57.60,57.83,57.12,57.34,3600,56.67
2010-03-25,58.37,58.48,57.57,57.57,2600,56.90
2010-03-24,58.09,58.16,57.76,57.76,5800,57.09
2010-03-23,57.86,58.31,57.51,58.30,6600,57.62
2010-03-22,56.42,57.65,56.42,57.65,5700,56.98
2010-03-19,57.59,57.59,56.76,56.84,4500,56.18
2010-03-18,57.89,58.03,57.62,57.79,1700,57.12
2010-03-17,57.85,58.22,57.85,58.00,4300,57.33
2010-03-16,57.01,57.31,57.01,57.25,1200,56.59
2010-03-15,56.73,56.82,56.55,56.82,69300,56.16
2010-03-12,57.44,57.44,56.84,57.12,3000,56.46
2010-03-11,56.65,56.83,56.65,56.82,1200,56.16
2010-03-10,56.56,57.02,56.56,56.87,3900,56.21
2010-03-09,56.25,56.76,56.25,56.73,2600,56.07
2010-03-08,56.21,56.32,56.12,56.30,2700,55.65
2010-03-05,55.40,56.16,55.40,56.12,1000,55.47
2010-03-04,54.92,54.95,54.92,54.95,500,54.31
2010-03-03,54.77,55.06,54.66,54.89,6600,54.25
2010-03-02,54.50,54.86,54.50,54.69,5200,54.05
2010-03-01,54.25,54.25,54.16,54.20,3800,53.57
2010-02-26,52.86,53.30,52.86,53.30,1400,52.68
2010-02-25,52.53,53.33,52.53,53.33,1100,52.71
2010-02-24,53.19,53.32,53.12,53.31,4000,52.69
2010-02-23,53.32,53.32,52.67,52.68,6000,52.07
2010-02-22,53.45,53.58,53.45,53.57,1000,52.95
2010-02-19,53.11,53.56,53.11,53.52,2000,52.90
2010-02-18,53.00,53.30,52.77,53.30,1700,52.68
2010-02-17,52.79,52.92,52.58,52.84,3800,52.23
2010-02-16,52.12,52.52,51.83,52.52,9500,51.91
2010-02-12,50.59,51.41,50.59,51.41,1600,50.81
2010-02-11,50.06,51.15,50.06,51.15,5700,50.56
2010-02-10,49.97,50.61,49.93,50.44,6100,49.85
2010-02-09,50.23,50.45,50.15,50.38,1700,49.79
2010-02-08,50.02,50.10,49.62,49.89,2500,49.31
2010-02-05,49.61,49.94,48.96,49.80,8700,49.22
2010-02-04,50.95,50.95,49.99,50.00,9200,49.42
2010-02-03,51.54,51.80,51.54,51.72,9300,51.12
2010-02-02,51.54,52.18,51.50,52.18,2900,51.57
2010-02-01,50.96,51.47,50.94,51.42,23600,50.82
2010-01-29,51.62,51.97,50.85,50.88,3900,50.29
2010-01-28,52.25,52.25,51.06,51.62,3800,51.02
2010-01-27,51.50,52.20,51.24,52.20,5600,51.59
2010-01-26,51.81,52.38,51.81,51.89,1900,51.29
2010-01-25,52.39,52.39,51.94,52.14,1300,51.53
2010-01-22,52.85,53.13,51.94,51.94,14900,51.34
2010-01-21,53.00,53.24,53.00,53.10,4400,52.48
2010-01-20,53.91,54.05,53.57,54.05,2600,53.42
2010-01-19,53.84,54.45,53.83,54.45,4600,53.82
2010-01-15,54.36,54.36,53.56,53.79,1800,53.17
2010-01-14,54.23,54.52,54.23,54.52,1500,53.89
2010-01-13,53.87,54.30,53.45,54.30,3900,53.67
2010-01-12,53.98,54.00,53.42,53.59,6200,52.97
2010-01-11,54.59,54.79,54.18,54.34,7500,53.71
2010-01-08,53.88,54.40,53.88,54.40,9500,53.77
2010-01-07,53.78,54.21,53.35,54.21,5300,53.58
2010-01-06,53.66,53.92,53.61,53.78,9200,53.16
2010-01-05,53.63,53.78,53.33,53.71,18900,53.09
2010-01-04,53.20,53.53,53.20,53.34,26000,52.72
2009-12-31,53.09,53.09,52.54,52.54,1200,51.93
2009-12-30,53.28,53.28,52.67,52.96,3800,52.34
2009-12-29,53.34,53.38,53.08,53.08,2800,52.46
2009-12-28,53.49,53.49,53.05,53.05,1900,52.43
2009-12-24,53.43,53.43,53.14,53.25,600,52.63
2009-12-23,52.92,53.11,52.59,53.11,4800,52.49
2009-12-22,52.15,52.58,52.15,52.47,6500,51.86
2009-12-21,51.57,52.15,51.57,52.15,3200,51.54
2009-12-18,51.26,51.34,50.61,51.24,3400,50.64
2009-12-17,51.14,51.23,50.93,50.93,4100,50.22
2009-12-16,51.55,51.99,51.35,51.35,5300,50.63
2009-12-15,51.22,51.61,51.09,51.27,2900,50.55
2009-12-14,50.90,51.28,50.54,51.28,7700,50.56
2009-12-11,50.43,50.48,50.10,50.43,9600,49.73
2009-12-10,50.26,50.38,50.06,50.20,4800,49.50
2009-12-09,50.03,50.18,49.87,50.16,2800,49.46
2009-12-08,50.09,50.45,49.86,50.12,9300,49.42
2009-12-07,50.76,50.81,50.40,50.59,6700,49.88
2009-12-04,50.61,50.87,50.29,50.29,4400,49.59
2009-12-03,50.25,50.51,49.49,49.49,6500,48.80
2009-12-02,50.36,50.36,49.87,49.99,2300,49.29
2009-12-01,49.03,49.65,49.03,49.49,3900,48.80
2009-11-30,48.15,48.75,47.90,48.75,6100,48.07
2009-11-27,48.53,48.53,48.47,48.47,400,47.79
2009-11-25,49.83,49.87,49.68,49.68,11000,48.99
2009-11-24,49.81,49.81,49.08,49.52,3700,48.83
2009-11-23,49.69,50.24,49.69,49.76,3300,49.07
2009-11-20,48.97,49.12,48.76,49.12,3000,48.43
2009-11-19,50.05,50.05,49.03,49.32,7200,48.63
2009-11-18,50.24,50.47,50.24,50.47,2800,49.77
2009-11-17,50.40,50.66,50.37,50.61,3300,49.90
2009-11-16,49.79,50.79,49.79,50.52,3300,49.81
2009-11-13,48.86,49.56,48.86,49.12,600,48.43
2009-11-12,48.94,48.94,48.91,48.91,1300,48.23
2009-11-11,49.89,49.94,49.60,49.78,4700,49.08
2009-11-10,49.56,49.76,49.15,49.40,9800,48.71
2009-11-09,49.04,49.61,48.96,49.61,3100,48.92
2009-11-06,48.80,48.80,48.36,48.54,8400,47.86
2009-11-05,47.71,48.58,47.63,48.58,11600,47.90
2009-11-04,47.94,48.26,45.36,47.47,9400,46.81
2009-11-03,46.55,47.75,46.55,47.75,2100,47.08
2009-11-02,47.30,47.44,46.29,46.93,22100,46.27
2009-10-30,48.22,48.22,46.79,47.07,19900,46.41
2009-10-29,47.67,48.53,47.67,48.38,11800,47.70
2009-10-28,48.97,48.97,47.15,47.21,19200,46.55
2009-10-27,49.83,50.03,49.09,49.09,6600,48.40
2009-10-26,50.40,51.13,49.54,49.67,4700,48.98
2009-10-23,50.95,51.04,50.25,50.37,4100,49.67
2009-10-22,50.52,51.33,50.13,51.33,3700,50.61
2009-10-21,51.58,51.99,50.61,50.61,3300,49.90
2009-10-20,51.98,51.98,51.05,51.27,4300,50.55
2009-10-19,51.53,52.13,51.53,51.86,5700,51.14
2009-10-16,51.73,51.73,51.18,51.57,4600,50.85
2009-10-15,51.81,52.15,51.73,52.15,2100,51.42
2009-10-14,51.78,52.13,51.51,52.10,2500,51.37
2009-10-13,51.05,51.16,50.74,51.05,5000,50.34
2009-10-12,51.61,51.61,51.08,51.22,8100,50.50
2009-10-09,50.75,51.21,50.72,51.21,7300,50.49
2009-10-08,50.56,51.01,50.42,50.72,3900,50.01
2009-10-07,50.04,50.11,49.94,50.11,1800,49.41
2009-10-06,49.66,50.27,49.52,50.07,8600,49.37
2009-10-05,48.44,49.24,48.43,49.24,4300,48.55
2009-10-02,48.03,48.58,47.96,48.09,8600,47.42
2009-10-01,50.07,50.07,48.62,48.62,9300,47.94
2009-09-30,50.77,50.77,49.88,50.30,12900,49.60
2009-09-29,50.91,51.15,50.83,50.84,8900,50.13
2009-09-28,49.85,50.98,49.85,50.75,12100,50.04
2009-09-25,49.85,49.85,49.54,49.63,5500,48.94
2009-09-24,50.99,51.25,49.75,49.92,11200,49.22
2009-09-23,51.68,51.68,50.97,50.97,7800,50.26
2009-09-22,51.57,51.72,51.43,51.62,4500,50.90
2009-09-21,50.87,51.20,50.73,51.18,11700,50.47
2009-09-18,51.65,51.65,51.04,51.32,6900,50.60
2009-09-17,51.64,51.67,51.28,51.43,8200,50.55
2009-09-16,50.79,51.67,50.70,51.67,7900,50.79
2009-09-15,49.88,50.64,49.81,50.54,5000,49.67
2009-09-14,49.17,50.00,49.17,49.99,7000,49.13
2009-09-11,49.65,49.70,49.33,49.44,1900,48.59
2009-09-10,48.79,49.50,48.41,49.50,6200,48.65
2009-09-09,47.89,48.90,47.80,48.72,10200,47.89
2009-09-08,47.91,47.92,47.63,47.91,2800,47.09
2009-09-04,46.56,47.34,46.55,47.34,3200,46.53
2009-09-03,46.10,46.67,45.90,46.67,4400,45.87
2009-09-02,46.14,46.30,45.79,45.89,42800,45.10
2009-09-01,47.54,47.54,46.30,46.30,1900,45.51
2009-08-31,47.60,47.63,47.33,47.63,3600,46.81
2009-08-28,48.23,48.27,47.98,48.20,2500,47.37
2009-08-27,47.95,48.32,47.27,48.28,13000,47.45
2009-08-26,48.45,48.45,47.92,48.02,2500,47.20
2009-08-25,48.27,48.47,48.16,48.28,4500,47.45
2009-08-24,48.21,48.53,47.81,47.91,4600,47.09
2009-08-21,47.23,48.02,47.23,47.98,7500,47.16
2009-08-20,46.07,46.76,46.04,46.76,3700,45.96
2009-08-19,45.36,46.29,45.21,46.22,10200,45.43
2009-08-18,45.53,46.03,45.34,45.90,5000,45.11
2009-08-17,45.76,45.76,45.10,45.27,5900,44.49
2009-08-14,47.44,47.44,46.26,46.70,6500,45.90
2009-08-13,47.25,47.51,46.81,47.51,3100,46.70
2009-08-12,46.27,47.49,46.27,47.14,7600,46.33
2009-08-11,46.82,46.82,46.16,46.30,8100,45.51
2009-08-10,47.08,47.33,46.86,47.09,6500,46.28
2009-08-07,46.70,47.63,46.47,47.18,3300,46.37
2009-08-06,46.97,47.06,45.95,46.07,8900,45.28
2009-08-05,46.50,46.66,46.26,46.66,1200,45.86
2009-08-04,46.49,46.92,46.47,46.77,2900,45.97
2009-08-03,45.45,46.22,45.45,46.22,9300,45.43
2009-07-31,45.37,45.71,45.32,45.38,8900,44.60
2009-07-30,45.07,45.68,45.07,45.20,3400,44.43
2009-07-29,44.67,44.67,44.34,44.58,3400,43.82
2009-07-28,44.97,45.00,44.31,44.89,5700,44.12
2009-07-27,44.61,44.87,44.35,44.87,10700,44.10
2009-07-24,44.06,44.64,43.84,44.64,20600,43.88
2009-07-23,43.13,44.46,43.13,44.29,12300,43.53
2009-07-22,42.46,43.17,42.43,42.96,7200,42.22
2009-07-21,43.13,43.13,42.28,42.67,2300,41.94
2009-07-20,42.54,42.85,42.54,42.85,2000,42.12
2009-07-17,42.29,42.30,42.20,42.23,1500,41.51
2009-07-16,41.66,42.34,41.66,42.34,1900,41.61
2009-07-15,41.20,41.88,41.19,41.88,9400,41.16
2009-07-14,39.83,40.24,39.83,40.09,2600,39.40
2009-07-13,39.08,39.71,39.08,39.71,1100,39.03
2009-07-10,38.97,38.97,38.65,38.90,900,38.23
2009-07-09,39.06,39.13,39.06,39.06,800,38.39
2009-07-08,38.63,38.63,38.20,38.45,3300,37.79
2009-07-07,39.75,39.75,39.12,39.12,3200,38.45
2009-07-06,40.01,40.13,39.37,40.04,3000,39.35
2009-07-02,41.23,41.23,40.46,40.46,1700,39.77
2009-07-01,41.69,42.13,41.69,41.89,4700,41.17
2009-06-30,41.29,41.37,41.02,41.37,3300,40.66
2009-06-29,41.39,41.55,41.14,41.42,2000,40.71
2009-06-26,40.74,41.31,40.74,41.31,3300,40.60
2009-06-25,39.47,40.87,39.47,40.87,3700,40.17
2009-06-24,39.61,40.19,39.61,39.78,8900,39.10
2009-06-23,39.61,39.75,39.18,39.40,4100,38.73
2009-06-22,40.17,40.17,39.48,39.48,3000,38.80
2009-06-19,41.44,41.45,40.98,41.16,3900,40.46
2009-06-18,40.75,41.17,40.75,41.09,5200,40.22
2009-06-17,40.56,41.20,40.56,40.80,1900,39.94
2009-06-16,42.00,42.03,40.87,40.87,6700,40.01
2009-06-15,42.28,42.28,41.36,41.59,2800,40.71
2009-06-12,42.60,42.88,42.34,42.88,3400,41.97
2009-06-11,43.20,43.37,42.89,42.89,6800,41.98
2009-06-10,43.41,43.41,42.14,42.80,2700,41.89
2009-06-09,42.83,43.21,42.65,43.00,5100,42.09
2009-06-08,42.85,42.85,42.20,42.29,2300,41.40
2009-06-05,43.59,43.63,42.91,43.08,2800,42.17
2009-06-04,42.40,43.10,42.23,43.08,3900,42.17
2009-06-03,42.71,42.71,41.96,42.27,2300,41.38
2009-06-02,42.45,43.08,42.45,43.04,1900,42.13
2009-06-01,42.51,42.81,42.32,42.50,25800,41.60
2009-05-29,40.35,40.65,40.30,40.58,3000,39.72
2009-05-28,40.29,40.29,39.28,40.20,3900,39.35
2009-05-27,40.52,40.76,39.99,40.06,5700,39.21
2009-05-26,40.14,40.72,40.13,40.72,2300,39.86
2009-05-22,39.57,39.57,39.05,39.07,5100,38.24
2009-05-21,39.05,39.32,38.85,39.21,4400,38.38
2009-05-20,40.64,41.38,39.89,39.93,9600,39.09
2009-05-19,40.09,40.76,40.05,40.64,10100,39.78
2009-05-18,39.17,39.83,39.16,39.82,3700,38.98
2009-05-15,38.88,39.28,38.56,38.66,4900,37.84
2009-05-14,38.16,39.53,37.97,39.02,8700,38.19
2009-05-13,39.59,39.59,38.17,38.17,6800,37.36
2009-05-12,41.33,41.33,39.66,40.30,8800,39.45
2009-05-11,40.91,41.35,40.79,41.00,3100,40.13
2009-05-08,41.06,41.92,40.70,41.92,4700,41.03
2009-05-07,42.13,42.13,40.07,40.27,1700,39.42
2009-05-06,41.31,41.36,40.50,41.26,800,40.39
2009-05-05,40.99,40.99,40.47,40.89,2400,40.03
2009-05-04,39.82,41.15,39.82,41.15,3600,40.28
2009-05-01,39.29,39.62,39.29,39.62,700,38.78
2009-04-30,40.06,40.22,39.13,39.13,10600,38.30
2009-04-29,38.39,39.44,38.39,39.44,5700,38.61
2009-04-28,37.39,38.27,37.39,37.94,3500,37.14
2009-04-27,38.12,38.12,36.83,37.73,5500,36.93
2009-04-24,37.81,38.64,37.81,38.64,1500,37.82
2009-04-23,37.63,37.67,36.78,37.43,21500,36.64
2009-04-22,36.80,38.28,36.59,37.76,8400,36.96
2009-04-21,35.56,37.15,35.56,36.86,2800,36.08
2009-04-20,36.56,36.56,35.83,35.83,11500,35.07
2009-04-17,37.86,38.54,37.40,38.24,15300,37.43
2009-04-16,37.32,37.87,37.32,37.85,1000,37.05
2009-04-15,35.70,36.51,35.70,36.51,7500,35.74
2009-04-14,36.51,36.98,35.92,35.92,9200,35.16
2009-04-13,36.34,37.22,36.34,37.09,3900,36.31
2009-04-09,35.34,36.79,35.34,36.79,8000,36.01
2009-04-08,34.40,34.61,33.92,34.61,11500,33.88
2009-04-07,34.58,34.75,34.05,34.12,7400,33.40
2009-04-06,35.25,35.25,34.68,35.16,6900,34.42
2009-04-03,35.04,35.61,34.72,35.59,3800,34.84
2009-04-02,34.40,35.43,34.40,35.14,13200,34.40
2009-04-01,32.04,33.26,32.03,33.26,1600,32.56
2009-03-31,32.79,32.82,32.54,32.82,1900,32.13
2009-03-30,32.44,32.44,32.06,32.22,2400,31.54
2009-03-27,34.13,34.26,33.80,33.82,5800,33.10
2009-03-26,33.55,34.48,33.55,34.37,10300,33.64
2009-03-25,33.81,33.81,32.00,32.00,2900,31.32
2009-03-24,35.22,35.49,32.82,32.82,6400,32.13
2009-03-23,32.61,33.74,31.81,33.74,5500,33.03
2009-03-20,32.39,32.39,31.02,31.29,5400,30.63
2009-03-19,32.85,32.85,32.26,32.32,9800,31.45
2009-03-18,31.39,32.51,31.16,32.03,24500,31.17
2009-03-17,30.27,31.12,30.27,31.12,1400,30.28
2009-03-16,30.81,31.27,30.66,30.66,6000,29.83
2009-03-13,30.48,30.69,30.41,30.69,7400,29.86
2009-03-12,28.74,30.26,28.44,30.26,3900,29.44
2009-03-11,29.27,29.27,28.59,28.88,12100,28.10
2009-03-10,28.12,28.50,28.12,28.50,7700,27.73
2009-03-09,27.01,27.68,26.94,27.00,5300,26.27
2009-03-06,27.59,27.59,26.66,26.66,4200,25.94
2009-03-05,27.87,27.87,27.43,27.46,6300,26.72
2009-03-04,28.49,28.86,28.45,28.86,2300,28.08
2009-03-03,28.73,28.73,28.02,28.44,8300,27.67
2009-03-02,29.55,29.63,28.50,28.67,6800,27.90
2009-02-27,30.11,30.73,30.04,30.40,5000,29.58
2009-02-26,31.38,31.61,30.54,30.65,2700,29.82
2009-02-25,31.15,31.40,30.74,31.11,12000,30.27
2009-02-24,30.63,31.74,30.50,31.71,4700,30.86
2009-02-23,31.77,31.77,30.45,30.45,5000,29.63
2009-02-20,31.63,31.63,30.90,31.04,1300,30.20
2009-02-19,32.71,32.71,31.96,32.04,9000,31.18
2009-02-18,32.58,32.58,32.58,32.58,200,31.70
2009-02-17,31.91,33.21,31.91,33.06,500,32.17
2009-02-13,34.92,34.97,34.92,34.97,700,34.03
2009-02-12,34.11,34.72,33.86,34.72,4300,33.78
2009-02-11,34.55,34.62,34.35,34.61,1900,33.68
2009-02-10,35.50,35.50,34.43,34.43,6900,33.50
2009-02-09,36.40,36.40,35.96,35.96,1400,34.99
2009-02-06,35.27,36.16,35.27,36.04,7200,35.07
2009-02-05,34.34,35.05,34.27,34.97,2400,34.03
2009-02-04,35.18,35.18,34.40,34.40,600,33.47
2009-02-03,34.58,34.90,34.32,34.66,5300,33.73
2009-02-02,34.12,34.50,34.12,34.50,2500,33.57
2009-01-30,34.63,34.63,34.21,34.35,3400,33.42
2009-01-29,35.55,35.66,35.07,35.07,1300,34.12
2009-01-28,35.50,36.36,35.50,36.34,4500,35.36
2009-01-27,35.16,35.16,35.16,35.16,200,34.21
2009-01-26,35.22,35.22,34.21,34.65,1300,33.72
2009-01-23,33.22,34.16,33.22,34.16,2700,33.24
2009-01-22,34.16,34.30,33.54,34.22,2300,33.30
2009-01-21,33.65,33.98,33.44,33.98,4600,33.06
2009-01-20,35.36,35.36,33.38,33.38,44100,32.48
2009-01-16,35.70,35.92,34.72,35.69,7500,34.73
2009-01-15,33.88,35.61,33.88,35.37,4400,34.42
2009-01-14,35.82,35.82,34.77,34.90,5600,33.96
2009-01-13,36.20,36.38,35.92,36.30,13400,35.32
2009-01-12,35.11,36.49,35.11,35.75,6400,34.79
2009-01-09,37.35,37.35,36.91,36.91,7100,35.91
2009-01-08,37.65,38.25,37.65,38.25,3200,37.22
2009-01-07,38.51,38.51,37.74,38.07,1800,37.04
2009-01-06,39.05,39.12,38.82,39.10,21800,38.05
2009-01-05,38.54,38.54,37.68,38.44,4800,37.40
2009-01-02,37.73,38.56,37.67,38.44,6100,37.40
2008-12-31,36.43,37.84,36.43,37.76,29400,36.74
2008-12-30,35.51,35.86,35.50,35.86,5700,34.89
2008-12-29,35.73,35.73,34.94,35.12,13800,34.17
2008-12-26,35.85,35.90,35.49,35.77,8000,34.81
2008-12-24,35.87,35.87,35.05,35.48,26000,34.52
2008-12-23,35.79,35.91,35.13,35.40,13700,34.45
2008-12-22,36.79,36.79,34.90,35.08,5100,34.13
2008-12-19,36.63,37.33,36.28,36.46,44300,35.48
2008-12-18,36.91,37.49,36.19,36.22,24000,35.24
2008-12-17,36.48,37.28,36.40,37.28,15800,36.27
2008-12-16,36.37,36.37,35.09,36.37,18000,35.39
2008-12-15,34.48,35.10,34.01,34.59,6300,33.66
2008-12-12,34.95,35.68,34.64,35.68,7700,34.72
2008-12-11,35.88,36.26,34.53,34.53,7700,33.60
2008-12-10,35.63,36.46,35.58,36.13,25400,35.16
2008-12-09,36.10,37.03,35.29,35.31,15600,34.36
2008-12-08,35.89,37.73,35.74,36.24,33000,35.26
2008-12-05,33.09,34.49,33.00,34.44,10500,33.51
2008-12-04,34.84,34.84,32.99,33.12,4400,32.23
2008-12-03,33.11,34.37,33.11,34.09,8800,33.17
2008-12-02,32.11,33.32,32.11,33.32,10100,32.42
2008-12-01,34.95,35.00,32.49,32.50,9900,31.62
2008-11-28,35.39,36.09,35.39,36.09,5700,35.12
2008-11-26,33.25,35.56,33.13,35.53,77400,34.57
2008-11-25,33.59,33.63,32.58,33.63,20500,32.72
2008-11-24,30.93,33.26,30.93,32.98,21100,32.09
2008-11-21,29.43,30.52,28.63,30.52,25800,29.70
2008-11-20,31.27,31.73,29.03,29.03,19700,28.25
2008-11-19,34.22,34.22,31.48,31.48,3700,30.63
2008-11-18,34.25,34.25,32.96,33.92,5500,33.01
2008-11-17,34.18,35.31,34.18,34.92,11900,33.98
2008-11-14,36.68,36.68,35.20,35.63,8700,34.67
2008-11-13,34.90,36.72,32.93,36.72,22300,35.73
2008-11-12,35.56,35.86,34.50,34.50,41700,33.57
2008-11-11,36.51,38.53,36.47,36.76,23800,35.77
2008-11-10,39.37,39.46,37.52,37.52,5300,36.51
2008-11-07,38.17,38.46,37.82,38.12,22800,37.09
2008-11-06,38.79,38.79,37.94,37.94,3000,36.92
2008-11-05,41.06,41.07,39.29,39.32,41300,38.26
2008-11-04,42.01,42.01,41.14,41.14,4000,40.03
2008-11-03,40.75,41.31,40.66,40.95,5400,39.85
2008-10-31,39.01,41.10,39.01,40.10,900,39.02
2008-10-30,38.43,39.19,38.37,39.19,1300,38.13
2008-10-29,37.42,38.65,36.99,37.41,3600,36.40
2008-10-28,35.15,37.30,33.86,37.30,9300,36.29
2008-10-27,37.62,37.62,34.38,34.38,47600,33.45
2008-10-24,35.31,36.39,35.31,36.19,7100,35.21
2008-10-23,37.79,38.21,36.85,36.85,3200,35.86
2008-10-22,39.64,39.76,37.60,38.10,9100,37.07
2008-10-21,41.04,41.56,40.76,40.76,3200,39.66
2008-10-20,40.36,41.15,40.32,41.15,8200,40.04
2008-10-17,39.40,41.10,39.40,39.82,11000,38.75
2008-10-16,38.68,39.23,37.38,38.30,4600,37.27
2008-10-15,41.66,41.75,38.48,38.48,4300,37.44
2008-10-14,45.08,45.08,41.39,42.58,13800,41.43
2008-10-13,43.67,43.67,40.87,42.41,10400,41.27
2008-10-10,36.82,40.52,36.34,39.24,8800,38.18
2008-10-09,40.93,41.13,39.59,39.59,11400,38.52
2008-10-08,43.22,43.22,41.43,42.32,32500,41.18
2008-10-07,45.60,45.70,43.28,43.28,2300,42.11
2008-10-06,46.48,46.48,43.97,45.59,11800,44.36
2008-10-03,50.05,50.05,47.67,47.67,12500,46.38
2008-10-02,50.20,50.20,49.22,49.22,2300,47.89
2008-10-01,50.51,51.39,50.51,51.39,8300,50.00
2008-09-30,58.25,58.25,49.49,52.02,6700,50.62
2008-09-29,52.13,57.00,51.29,57.00,2500,55.46
2008-09-26,52.90,54.10,52.90,54.10,1700,52.64
2008-09-25,53.85,54.55,53.85,54.55,3500,53.08
2008-09-24,53.66,53.66,53.66,53.66,100,52.21
2008-09-23,54.33,54.49,54.25,54.49,700,53.02
2008-09-22,57.35,57.35,54.76,54.77,50600,53.29
2008-09-19,61.00,61.00,61.00,61.00,11900,59.36
2008-09-18,53.23,76.00,51.66,76.00,500,73.74
2008-09-17,54.11,54.52,52.29,53.10,13900,51.52
2008-09-16,52.70,54.55,52.70,54.55,11400,52.93
2008-09-15,54.32,54.76,53.47,53.53,5800,51.94
2008-09-12,55.38,55.62,55.38,55.62,500,53.96
2008-09-11,54.80,55.35,54.80,55.35,5600,53.70
2008-09-10,55.18,55.52,55.12,55.52,10200,53.87
2008-09-09,56.60,56.78,54.74,54.74,9500,53.11
2008-09-08,57.67,57.67,56.37,56.65,5300,54.96
2008-09-05,55.56,55.56,54.77,55.35,1500,53.70
2008-09-04,55.83,55.83,55.83,55.83,100,54.17
2008-09-03,57.55,57.55,57.33,57.46,2900,55.75
2008-09-02,58.05,58.05,57.10,57.19,5400,55.49
2008-08-29,57.93,58.11,57.61,57.61,5400,55.90
2008-08-28,57.46,58.22,57.46,58.22,8100,56.49
2008-08-27,56.77,57.39,56.69,57.00,10200,55.30
2008-08-26,56.45,56.64,56.18,56.46,12300,54.78
2008-08-25,56.90,56.96,56.16,56.16,31000,54.49
2008-08-22,56.97,57.33,56.97,57.33,600,55.62
2008-08-21,56.57,56.70,56.57,56.70,400,55.01
2008-08-20,56.82,56.82,56.72,56.72,3000,55.03
2008-08-19,57.43,57.43,56.65,56.74,1500,55.05
2008-08-18,58.54,58.54,57.32,57.43,4900,55.72
2008-08-15,58.60,58.84,58.09,58.28,6500,56.55
2008-08-14,57.85,58.33,57.85,58.17,1200,56.44
2008-08-13,57.27,57.72,57.27,57.72,700,56.00
2008-08-12,57.97,58.00,57.52,57.52,10200,55.81
2008-08-11,57.22,58.46,57.17,58.16,15100,56.43
2008-08-08,56.17,57.05,56.17,57.02,3600,55.32
2008-08-07,56.28,56.56,55.73,55.73,3100,54.07
2008-08-06,55.85,56.41,55.85,56.41,4600,54.73
2008-08-05,55.78,55.81,55.54,55.54,4800,53.89
2008-08-04,55.12,55.19,55.12,55.19,300,53.55
2008-08-01,55.50,56.43,55.45,56.23,6600,54.56
2008-07-31,55.85,56.10,55.85,56.10,600,54.43
2008-07-30,55.30,56.08,55.30,56.08,600,54.41
2008-07-29,55.05,55.69,55.05,55.69,1100,54.03
2008-07-28,55.28,55.28,54.48,54.48,1300,52.86
2008-07-25,54.86,55.56,54.86,55.14,35400,53.50
2008-07-24,55.93,55.93,54.60,54.70,2200,53.07
2008-07-23,56.15,56.15,56.06,56.06,1400,54.39
2008-07-22,55.24,55.53,55.22,55.53,600,53.88
2008-07-21,54.73,54.86,54.57,54.86,7100,53.23
2008-07-18,54.44,54.80,54.26,54.45,15500,52.83
2008-07-17,54.34,54.74,53.92,54.40,23100,52.78
2008-07-16,52.26,54.03,52.26,54.03,26600,52.42
2008-07-15,52.30,52.98,51.26,52.27,17300,50.71
2008-07-14,53.05,53.05,52.84,52.84,5900,51.27
2008-07-11,52.70,53.40,52.44,53.40,9000,51.81
2008-07-10,52.99,53.48,52.70,53.26,12800,51.67
2008-07-09,54.15,54.15,54.15,54.15,900,52.54
2008-07-08,52.94,53.85,52.22,53.85,35600,52.25
2008-07-07,53.53,53.53,52.17,52.71,8100,51.14
2008-07-03,53.69,53.69,52.77,53.67,8200,52.07
2008-07-02,55.26,55.64,53.60,53.78,19100,52.18
2008-07-01,54.79,55.33,54.66,55.33,21100,53.68
2008-06-30,55.92,55.96,55.30,55.30,2200,53.65
2008-06-27,55.95,55.95,55.48,55.71,5900,54.05
2008-06-26,56.68,56.72,55.85,56.06,6900,54.39
2008-06-25,57.07,57.45,57.07,57.45,2900,55.74
2008-06-24,56.87,57.54,56.68,56.87,12800,55.18
2008-06-23,58.22,58.22,57.62,57.62,7000,55.90
2008-06-20,58.52,58.64,57.79,58.12,62300,56.39
2008-06-19,58.88,59.32,58.72,59.32,24700,57.29
2008-06-18,59.19,59.19,58.70,59.04,6900,57.02
2008-06-17,59.46,59.46,59.46,59.46,300,57.43
2008-06-16,58.83,59.67,58.83,59.67,6000,57.63
2008-06-13,58.59,58.83,58.59,58.79,2000,56.78
2008-06-12,58.71,58.72,58.71,58.72,2000,56.71
2008-06-11,58.97,59.02,58.37,58.76,6100,56.75
2008-06-10,59.05,59.23,58.79,59.17,12600,57.15
2008-06-09,59.42,59.75,59.13,59.13,6000,57.11
2008-06-06,60.95,60.95,60.24,60.35,4200,58.29
2008-06-05,60.37,61.50,60.37,61.50,11500,59.40
2008-06-04,59.88,60.60,59.88,60.08,7900,58.03
2008-06-03,60.37,60.37,59.38,59.92,16900,57.87
2008-06-02,60.42,60.42,59.55,60.10,9200,58.05
2008-05-30,60.21,60.55,60.21,60.47,14100,58.40
2008-05-29,59.92,60.59,59.92,60.37,800,58.31
2008-05-28,59.39,59.39,59.39,59.39,000,57.36
2008-05-27,58.73,59.39,58.73,59.39,1800,57.36
2008-05-23,58.67,58.81,58.47,58.77,21700,56.76
2008-05-22,59.40,59.72,59.36,59.53,7800,57.50
2008-05-21,60.47,60.47,59.22,59.22,2800,57.20
2008-05-20,59.92,59.92,59.74,59.89,1100,57.84
2008-05-19,60.50,60.96,60.32,60.36,3600,58.30
2008-05-16,60.12,60.12,59.82,59.82,1600,57.78
2008-05-15,59.94,59.94,59.94,59.94,500,57.89
2008-05-14,60.22,60.31,60.22,60.31,500,58.25
2008-05-13,59.45,59.45,59.28,59.28,1000,57.25
2008-05-12,58.57,59.55,58.57,59.55,300,57.51
2008-05-09,58.17,58.43,58.17,58.35,4000,56.36
2008-05-08,58.24,58.24,58.24,58.24,000,56.25
2008-05-07,58.54,58.61,58.24,58.24,1600,56.25
2008-05-06,58.50,58.60,58.50,58.58,900,56.58
2008-05-05,58.64,58.97,58.64,58.69,6100,56.68
2008-05-02,59.68,59.68,58.88,58.88,400,56.87
2008-05-01,58.78,59.13,58.78,59.09,1200,57.07
2008-04-30,58.40,58.69,58.08,58.08,6400,56.09
2008-04-29,58.58,58.58,58.42,58.47,3500,56.47
2008-04-28,58.59,58.63,58.51,58.63,1500,56.63
2008-04-25,58.02,58.39,57.65,58.39,1800,56.39
2008-04-24,56.76,57.73,56.76,57.58,11400,55.61
2008-04-23,57.27,57.27,56.86,56.86,1500,54.92
2008-04-22,57.60,57.60,56.56,56.84,8600,54.90
2008-04-21,57.68,57.84,57.51,57.80,4100,55.82
2008-04-18,57.69,58.05,57.69,57.90,2200,55.92
2008-04-17,56.94,57.00,56.67,57.00,6600,55.05
2008-04-16,56.50,57.05,56.50,57.05,600,55.10
2008-04-15,55.65,55.65,55.23,55.35,700,53.46
2008-04-14,55.50,55.50,55.22,55.33,500,53.44
2008-04-11,56.29,56.29,55.40,55.40,9700,53.51
2008-04-10,56.37,56.37,56.37,56.37,100,54.44
2008-04-09,56.98,56.98,56.13,56.22,4200,54.30
2008-04-08,57.22,57.48,57.16,57.40,11200,55.44
2008-04-07,57.68,57.98,57.44,57.44,7800,55.48
2008-04-04,57.88,57.88,57.41,57.41,2600,55.45
2008-04-03,57.21,57.23,57.21,57.23,1500,55.27
2008-04-02,56.99,57.61,56.96,57.29,3600,55.33
2008-04-01,56.28,56.94,56.21,56.94,14500,54.99
2008-03-31,54.75,55.25,54.75,55.17,16600,53.28
2008-03-28,55.37,55.37,55.11,55.11,300,53.23
2008-03-27,55.77,56.47,55.51,55.51,4900,53.61
2008-03-26,56.46,56.46,55.94,56.18,28900,54.26
2008-03-25,56.69,56.69,55.97,56.53,34800,54.60
2008-03-24,55.07,56.69,54.90,56.30,68100,54.38
2008-03-20,53.79,54.86,53.79,54.46,18900,52.60
2008-03-19,55.61,55.67,53.79,53.79,6500,51.76
2008-03-18,53.89,55.16,53.87,55.16,29400,53.08
2008-03-17,53.16,53.56,52.69,53.18,23900,51.18
2008-03-14,55.28,55.39,53.69,54.22,127600,52.18
2008-03-13,53.69,55.30,53.31,55.18,74600,53.10
2008-03-12,54.76,55.16,54.45,54.91,14400,52.84
2008-03-11,54.25,54.61,53.37,54.61,77000,52.55
2008-03-10,53.88,53.92,52.74,52.95,58600,50.96
2008-03-07,54.46,54.67,53.57,54.05,54300,52.01
2008-03-06,55.72,55.73,54.43,54.43,29700,52.38
2008-03-05,55.83,56.35,55.46,56.03,64900,53.92
2008-03-04,55.42,55.84,54.94,55.84,27000,53.74
2008-03-03,55.91,56.25,55.29,55.88,41800,53.78
2008-02-29,57.00,57.00,55.91,56.15,16600,54.04
2008-02-28,58.11,58.11,57.71,57.71,31400,55.54
2008-02-27,58.41,58.96,58.27,58.27,8900,56.08
2008-02-26,57.99,58.91,57.86,58.48,75900,56.28
2008-02-25,56.94,58.15,56.57,58.15,111500,55.96
2008-02-22,56.53,56.82,55.85,56.81,46100,54.67
2008-02-21,58.05,58.08,56.66,56.76,64300,54.62
2008-02-20,56.80,57.56,56.67,57.42,44000,55.26
2008-02-19,57.76,57.79,56.96,56.96,31500,54.81
2008-02-15,56.87,57.07,56.49,57.07,44300,54.92
2008-02-14,58.14,58.14,57.09,57.09,35800,54.94
2008-02-13,57.75,58.25,57.48,58.25,12400,56.06
2008-02-12,57.12,57.77,56.93,56.93,38300,54.79
2008-02-11,56.65,56.95,56.05,56.74,57400,54.60
2008-02-08,56.77,57.11,56.56,56.75,22400,54.61
2008-02-07,56.04,56.92,55.72,56.92,32600,54.78
2008-02-06,56.91,57.15,56.06,56.06,26000,53.95
2008-02-05,57.65,57.85,57.03,57.05,11100,54.90
2008-02-04,58.90,58.90,58.35,58.49,18700,56.29
2008-02-01,57.91,59.01,57.90,59.01,33000,56.79
2008-01-31,55.60,57.82,55.57,57.41,49300,55.25
2008-01-30,57.01,57.63,56.46,56.46,59100,54.33
2008-01-29,56.64,56.86,56.13,56.86,11800,54.72
2008-01-28,54.94,56.10,54.71,55.96,11200,53.85
2008-01-25,55.92,55.97,55.17,55.17,3300,53.09
2008-01-24,55.34,57.44,55.13,55.51,26400,53.42
2008-01-23,54.12,55.38,52.75,55.38,4000,53.29
2008-01-22,53.30,57.50,47.26,54.04,20000,52.00
2008-01-18,54.76,55.00,53.48,54.07,50800,52.03
2008-01-17,56.18,56.28,54.49,54.49,6400,52.44
2008-01-16,56.27,56.46,56.17,56.46,4200,54.33
2008-01-15,56.55,56.55,55.95,56.12,6500,54.01
2008-01-14,56.91,57.40,56.87,57.40,3100,55.24
2008-01-11,57.28,57.31,57.07,57.13,1000,54.98
2008-01-10,56.46,58.08,56.46,58.08,37300,55.89
2008-01-09,56.67,57.00,55.64,56.97,9000,54.82
2008-01-08,57.92,58.16,57.25,57.25,700,55.09
2008-01-07,58.37,58.51,57.50,57.88,18600,55.70
2008-01-04,59.16,59.16,58.13,58.18,11500,55.99
2008-01-03,60.54,60.85,59.90,59.92,4000,57.66
2008-01-02,61.28,61.56,60.20,60.44,14500,58.16
2007-12-31,61.38,61.59,61.08,61.51,7200,59.19
2007-12-28,62.15,62.15,61.71,61.76,4400,59.43
2007-12-27,62.74,62.74,61.90,61.90,10300,59.57
2007-12-26,62.99,63.31,62.83,63.15,14900,60.77
2007-12-24,62.78,63.08,62.78,63.02,9700,60.65
2007-12-21,62.34,62.44,62.05,62.44,800,60.09
2007-12-20,61.15,61.62,60.43,61.62,7400,59.10
2007-12-19,60.62,60.76,60.29,60.76,6800,58.28
2007-12-18,60.32,60.76,60.32,60.76,4000,58.28
2007-12-17,60.68,60.73,60.04,60.04,3800,57.59
2007-12-14,61.41,61.66,60.90,60.91,6700,58.42
2007-12-13,61.77,61.97,61.38,61.94,11600,59.41
2007-12-12,63.30,63.30,61.59,62.16,11500,59.62
2007-12-11,64.03,64.03,61.89,61.89,13400,59.36
2007-12-10,63.70,63.95,63.66,63.66,1300,61.06
2007-12-07,63.19,63.48,63.19,63.20,1200,60.62
2007-12-06,62.12,63.28,62.12,63.20,2100,60.62
2007-12-05,61.74,62.02,61.48,61.59,7100,59.08
2007-12-04,60.60,61.14,60.58,60.86,6200,58.37
2007-12-03,62.00,62.00,62.00,62.00,300,59.47
2007-11-30,62.54,62.75,62.01,62.22,500,59.68
2007-11-29,61.85,61.85,61.58,61.77,1100,59.25
2007-11-28,61.49,61.73,61.34,61.62,700,59.10
2007-11-27,59.68,59.93,59.68,59.93,600,57.48
2007-11-26,60.16,60.70,59.23,59.23,6000,56.81
2007-11-23,59.94,60.57,59.94,60.57,700,58.10
2007-11-21,59.78,59.98,59.13,59.59,2400,57.16
2007-11-20,60.87,60.92,59.48,60.46,4700,57.99
2007-11-19,61.14,61.14,60.16,60.65,4400,58.17
2007-11-16,61.55,62.00,61.13,61.64,22300,59.12
2007-11-15,62.65,62.65,61.54,61.91,2600,59.38
2007-11-14,63.59,63.59,62.75,62.75,4200,60.19
2007-11-13,61.56,61.56,61.56,61.56,000,59.05
2007-11-12,62.59,62.59,61.56,61.56,7700,59.05
2007-11-09,62.22,62.36,61.83,62.25,29900,59.71
2007-11-08,62.96,62.96,61.96,62.92,12800,60.35
2007-11-07,63.75,63.86,62.64,62.64,1800,60.08
2007-11-06,63.73,64.48,63.53,64.48,5000,61.85
2007-11-05,62.88,63.99,62.88,63.80,15200,61.19
2007-11-02,64.45,64.46,63.60,64.29,14100,61.66
2007-11-01,65.43,65.43,64.21,64.21,16700,61.59
2007-10-31,65.68,66.53,65.06,66.53,17900,63.81
2007-10-30,65.67,65.67,65.29,65.29,5700,62.62
2007-10-29,66.11,66.11,65.73,65.73,600,63.05
2007-10-26,65.72,65.86,64.93,65.86,4200,63.17
2007-10-25,64.78,65.26,64.27,64.95,11000,62.30
2007-10-24,64.42,65.16,64.19,65.16,13500,62.50
2007-10-23,65.27,65.27,64.97,65.12,600,62.46
2007-10-22,63.56,64.69,63.35,64.69,23000,62.05
2007-10-19,65.75,65.75,64.12,64.12,3800,61.50
2007-10-18,65.75,66.10,65.74,66.10,1000,63.40
2007-10-17,65.53,65.71,65.53,65.71,900,63.03
2007-10-16,66.11,66.11,66.11,66.11,200,63.41
2007-10-15,67.14,67.14,66.61,66.75,700,64.02
2007-10-12,67.07,67.27,67.07,67.18,5600,64.44
2007-10-11,67.93,68.09,67.03,67.03,4200,64.29
2007-10-10,67.34,67.34,67.34,67.34,1000,64.59
2007-10-09,67.13,67.13,67.03,67.03,3100,64.29
2007-10-08,67.47,67.47,66.94,67.03,3000,64.29
2007-10-05,67.09,67.42,67.09,67.42,500,64.67
2007-10-04,66.24,66.27,66.08,66.27,3000,63.56
2007-10-03,66.40,66.49,66.40,66.49,200,63.77
2007-10-02,66.18,66.28,66.09,66.15,5400,63.45
2007-10-01,65.16,65.53,65.16,65.53,1400,62.85
2007-09-28,65.14,65.14,64.70,64.70,4400,62.06
2007-09-27,65.12,65.12,65.01,65.12,6500,62.46
2007-09-26,64.84,64.93,64.73,64.82,8700,62.17
2007-09-25,64.16,64.38,64.16,64.35,1400,61.72
2007-09-24,64.80,65.21,64.54,64.54,10500,61.90
2007-09-21,65.09,65.37,65.09,65.37,7100,62.70
2007-09-20,65.42,65.58,64.91,65.01,10400,62.19
2007-09-19,65.88,66.11,65.53,65.53,7600,62.68
2007-09-18,62.98,64.84,62.98,64.84,14700,62.02
2007-09-17,62.89,62.89,62.81,62.81,500,60.08
2007-09-14,62.75,63.03,62.75,63.03,2400,60.29
2007-09-13,62.84,63.20,62.84,62.95,6100,60.22
2007-09-12,62.92,62.92,62.92,62.92,200,60.19
2007-09-11,62.30,62.73,62.30,62.71,9500,59.99
2007-09-10,62.86,62.86,62.86,62.86,400,60.13
2007-09-07,62.81,62.98,62.47,62.77,1700,60.04
2007-09-06,63.58,63.58,63.58,63.58,000,60.82
2007-09-05,63.58,63.58,63.58,63.58,100,60.82
2007-09-04,63.98,64.54,63.98,64.52,1300,61.72
2007-08-31,63.48,63.82,63.26,63.82,2300,61.05
2007-08-30,63.29,63.29,62.85,62.85,2600,60.12
2007-08-29,61.57,61.57,61.57,61.57,000,58.90
2007-08-28,62.58,62.58,61.57,61.57,1400,58.90
2007-08-27,63.77,63.77,63.44,63.44,500,60.68
2007-08-24,62.98,63.59,62.98,63.59,1700,60.83
2007-08-23,62.99,62.99,62.84,62.87,400,60.14
2007-08-22,63.30,63.55,63.30,63.51,2500,60.75
2007-08-21,62.60,62.67,62.52,62.52,600,59.80
2007-08-20,62.32,62.57,62.18,62.37,11000,59.66
2007-08-17,61.59,62.37,61.59,62.17,12900,59.47
2007-08-16,59.93,60.79,59.39,60.79,4100,58.15
2007-08-15,61.20,61.88,59.97,59.97,6100,57.37
2007-08-14,62.69,62.84,61.62,61.72,2200,59.04
2007-08-13,62.94,62.94,62.62,62.75,2500,60.02
2007-08-10,61.31,62.78,61.19,62.56,14400,59.84
2007-08-09,62.58,63.29,62.25,62.25,9700,59.55
2007-08-08,63.40,64.03,62.92,63.68,35600,60.91
2007-08-07,61.63,62.76,61.63,62.47,3800,59.76
2007-08-06,60.99,61.91,60.54,61.91,55700,59.22
2007-08-03,63.00,63.00,61.20,61.20,3300,58.54
2007-08-02,63.25,63.52,63.06,63.42,1500,60.67
2007-08-01,63.24,63.27,62.23,62.42,15100,59.71
2007-07-31,64.15,64.15,62.83,62.83,3200,60.10
2007-07-30,62.89,63.42,62.73,63.42,2900,60.67
2007-07-27,63.21,63.21,62.38,62.39,4800,59.68
2007-07-26,64.18,64.61,63.32,63.73,15500,60.96
2007-07-25,65.28,65.43,64.83,65.43,2300,62.59
2007-07-24,66.63,66.63,65.48,65.48,13200,62.64
2007-07-23,67.37,67.37,67.37,67.37,400,64.44
2007-07-20,68.08,68.08,67.25,67.25,13200,64.33
2007-07-19,68.33,68.35,68.33,68.35,200,65.38
2007-07-18,67.64,67.76,67.38,67.43,22700,64.50
2007-07-17,68.33,68.33,68.09,68.09,2600,65.13
2007-07-16,68.47,68.47,68.02,68.02,1300,65.07
2007-07-13,68.30,68.45,68.30,68.45,2500,65.48
2007-07-12,67.73,67.77,67.73,67.77,4000,64.83
2007-07-11,67.16,67.28,67.00,67.28,2700,64.36
2007-07-10,67.82,67.82,67.20,67.20,10500,64.28
2007-07-09,68.29,68.29,67.91,68.24,1100,65.28
2007-07-06,67.57,68.01,67.57,68.01,1600,65.06
2007-07-05,67.65,67.74,67.43,67.74,2500,64.80
2007-07-03,67.61,67.61,67.61,67.61,100,64.67
2007-07-02,67.16,67.16,67.16,67.16,000,64.24
2007-06-29,67.14,67.25,67.14,67.16,1700,64.24
2007-06-28,66.95,67.03,66.88,67.03,800,64.12
2007-06-27,66.29,66.29,66.29,66.29,200,63.41
2007-06-26,66.13,66.13,65.62,65.62,3200,62.77
2007-06-25,66.38,66.38,66.12,66.12,1000,63.25
2007-06-22,66.82,66.82,66.62,66.62,200,63.73
2007-06-21,66.71,66.71,66.71,66.71,000,63.81
2007-06-20,67.21,67.21,66.71,66.71,800,63.81
2007-06-19,67.34,67.34,67.31,67.31,400,64.39
2007-06-18,67.55,67.55,67.48,67.48,200,64.55
2007-06-15,67.72,67.72,67.72,67.72,100,64.78
2007-06-14,67.19,67.21,67.18,67.18,1100,64.00
2007-06-13,66.18,66.73,66.14,66.73,2000,63.57
2007-06-12,66.62,66.62,66.62,66.62,000,63.46
2007-06-11,66.38,66.68,66.38,66.62,600,63.46
2007-06-08,65.87,66.25,65.87,66.25,300,63.11
2007-06-07,66.74,66.74,66.10,66.25,400,63.11
2007-06-06,67.49,67.49,67.28,67.28,1000,64.09
2007-06-05,68.21,68.21,68.01,68.01,500,64.79
2007-06-04,68.34,68.34,68.34,68.34,000,65.10
2007-06-01,68.36,68.41,68.34,68.34,400,65.10
2007-05-31,67.77,67.77,67.77,67.77,4400,64.56
2007-05-30,66.85,67.27,66.85,67.27,800,64.08
2007-05-29,66.87,66.98,66.87,66.98,1000,63.80
2007-05-25,66.40,66.53,66.40,66.53,200,63.38
2007-05-24,66.93,66.93,65.90,65.90,1300,62.78
2007-05-23,67.57,67.61,67.57,67.61,900,64.41
2007-05-22,66.99,67.23,66.99,67.23,300,64.04
2007-05-21,66.25,67.01,66.25,67.01,700,63.83
2007-05-18,65.78,66.17,65.78,66.17,800,63.03
2007-05-17,65.53,65.59,65.51,65.59,400,62.48
2007-05-16,65.68,65.71,65.68,65.71,200,62.60
2007-05-15,65.77,66.09,65.77,66.09,700,62.96
2007-05-14,66.31,66.31,66.31,66.31,200,63.17
2007-05-11,65.89,66.20,65.89,66.15,6900,63.01
2007-05-10,66.23,66.23,66.23,66.23,000,63.09
2007-05-09,66.23,66.23,66.23,66.23,000,63.09
2007-05-08,65.94,66.23,65.78,66.23,3500,63.09
2007-05-07,66.15,66.15,66.15,66.15,000,63.01
2007-05-04,66.32,66.32,66.15,66.15,200,63.01
2007-05-03,66.12,66.12,66.12,66.12,200,62.99
2007-05-02,65.90,65.91,65.90,65.91,200,62.79
2007-05-01,64.81,65.03,64.51,65.03,2900,61.95
2007-04-30,65.92,65.92,65.19,65.19,1000,62.10
2007-04-27,65.75,66.02,65.75,65.85,1300,62.73
2007-04-26,65.87,66.00,65.87,65.98,500,62.85
2007-04-25,66.17,66.17,66.17,66.17,100,63.03
2007-04-24,65.47,65.48,65.47,65.48,1100,62.38
2007-04-23,65.75,65.75,65.54,65.61,1600,62.50
2007-04-20,65.52,65.63,65.37,65.46,54000,62.36
2007-04-19,64.97,64.97,64.86,64.96,1300,61.88
2007-04-18,65.26,65.46,65.26,65.46,2900,62.36
2007-04-17,65.55,65.75,65.55,65.62,1200,62.51
2007-04-16,65.46,65.46,65.42,65.46,600,62.36
2007-04-13,64.54,64.75,64.54,64.75,600,61.68
2007-04-12,64.14,64.14,64.14,64.14,300,61.10
2007-04-11,64.06,64.08,63.89,63.89,2700,60.86
2007-04-10,64.42,64.42,64.42,64.42,000,61.37
2007-04-09,64.22,64.42,64.15,64.42,700,61.37
2007-04-05,64.22,64.22,64.19,64.19,200,61.15
2007-04-04,64.01,64.07,63.99,64.07,400,61.03
2007-04-03,64.16,64.16,64.16,64.16,200,61.12
2007-04-02,63.47,63.47,63.47,63.47,600,60.46
2007-03-30,63.34,63.38,63.23,63.23,700,60.23
2007-03-29,63.16,63.16,63.16,63.16,000,60.17
2007-03-28,63.19,63.19,63.16,63.16,400,60.17
2007-03-27,63.39,63.41,63.31,63.31,2800,60.31
2007-03-26,63.81,63.87,63.63,63.63,1900,60.61
2007-03-23,63.85,63.85,63.83,63.83,300,60.80
2007-03-22,63.61,63.61,63.61,63.61,300,60.59
2007-03-21,62.60,63.53,62.60,63.53,3900,60.52
2007-03-20,62.01,62.54,62.01,62.54,1200,59.58
2007-03-19,61.87,62.24,61.87,62.05,800,59.11
2007-03-16,61.49,61.89,61.35,61.39,6900,58.48
2007-03-15,61.60,61.99,61.60,61.87,4400,58.73
2007-03-14,61.20,61.54,60.51,61.42,6500,58.31
2007-03-13,62.21,62.21,61.10,61.10,1600,58.00
2007-03-12,62.29,62.52,62.29,62.52,800,59.35
2007-03-09,61.95,62.29,61.95,62.00,2500,58.86
2007-03-08,62.03,62.28,61.84,61.84,13700,58.71
2007-03-07,61.65,61.83,61.37,61.52,3500,58.40
2007-03-06,61.21,61.76,60.90,61.60,6200,58.48
2007-03-05,60.91,61.40,60.36,60.36,7400,57.30
2007-03-02,62.30,62.42,61.70,61.73,6600,58.60
2007-03-01,61.30,62.93,61.30,62.54,9800,59.37
2007-02-28,62.45,62.96,62.45,62.88,1900,59.69
2007-02-27,63.88,63.88,61.95,62.51,98400,59.34
2007-02-26,65.13,65.13,64.51,64.51,2400,61.24
2007-02-23,64.90,64.93,64.90,64.93,400,61.64
2007-02-22,64.95,65.18,64.95,65.18,400,61.88
2007-02-21,64.90,65.10,64.90,65.10,1800,61.80
2007-02-20,64.15,65.01,64.15,65.00,2700,61.71
2007-02-16,64.10,64.10,64.10,64.10,100,60.85
2007-02-15,64.20,64.40,64.14,64.40,1300,61.14
2007-02-14,63.86,64.17,63.84,64.08,1500,60.83
2007-02-13,63.65,63.65,63.60,63.65,1000,60.42
2007-02-12,63.46,63.48,63.46,63.48,400,60.26
2007-02-09,64.00,64.00,63.34,63.34,2900,60.13
2007-02-08,64.10,64.10,64.10,64.10,000,60.85
2007-02-07,64.04,64.10,63.95,64.10,1300,60.85
2007-02-06,63.64,63.64,63.44,63.44,900,60.22
2007-02-05,63.37,63.37,63.37,63.37,100,60.16
2007-02-02,63.39,63.39,63.39,63.39,200,60.18
2007-02-01,63.23,63.23,63.17,63.17,400,59.97
2007-01-31,62.31,62.87,62.31,62.79,4200,59.61
2007-01-30,62.53,62.53,62.53,62.53,100,59.36
2007-01-29,62.23,62.29,61.89,62.04,2000,58.90
2007-01-26,61.40,61.60,61.37,61.60,1000,58.48
2007-01-25,62.09,62.09,61.48,61.54,2500,58.42
2007-01-24,61.90,62.21,61.90,62.21,1700,59.06
2007-01-23,61.79,61.79,61.54,61.54,400,58.42
2007-01-22,61.37,61.37,60.93,61.17,2600,58.07
2007-01-19,61.04,61.52,61.04,61.52,400,58.40
2007-01-18,61.24,61.40,61.07,61.07,10500,57.97
2007-01-17,61.82,61.82,61.82,61.82,1000,58.69
2007-01-16,62.31,62.31,61.74,61.74,16800,58.61
2007-01-12,61.65,61.97,61.65,61.97,7000,58.83
2007-01-11,61.42,61.55,61.33,61.44,20100,58.33
2007-01-10,60.59,60.59,60.52,60.52,400,57.45
2007-01-09,60.52,60.52,60.22,60.22,16300,57.17
2007-01-08,60.45,60.61,60.45,60.55,7200,57.48
2007-01-05,60.48,60.63,60.48,60.63,6000,57.56
2007-01-04,60.96,61.44,60.77,61.32,3600,58.21
2007-01-03,61.49,61.49,60.67,60.99,25600,57.90
2006-12-29,61.76,61.76,61.21,61.22,7400,58.12
2006-12-28,61.79,61.83,61.61,61.76,17100,58.63
2006-12-27,61.86,61.86,61.86,61.86,100,58.72
2006-12-26,60.75,61.17,60.75,61.17,400,58.07
2006-12-22,61.05,61.05,60.67,60.67,2300,57.60
2006-12-21,61.35,61.35,60.94,60.94,2500,57.85
2006-12-20,61.40,61.40,61.38,61.40,10000,58.29
2006-12-19,60.72,60.72,60.72,60.72,100,57.64
2006-12-18,61.75,61.95,61.00,61.00,99400,57.91
2006-12-15,62.08,62.08,61.40,61.59,196000,58.47
2006-12-14,63.27,63.36,63.23,63.23,1900,60.03
2006-12-13,62.81,62.81,62.65,62.65,700,59.47
2006-12-12,62.74,62.86,62.52,62.67,4100,59.49
2006-12-11,63.20,63.24,63.20,63.20,2000,60.00
2006-12-08,62.91,63.25,62.91,63.14,2400,59.94
2006-12-07,63.32,63.54,63.14,63.14,2200,59.94
2006-12-06,63.20,63.51,63.20,63.49,1200,60.27
2006-12-05,63.35,63.54,63.35,63.36,1700,60.15
2006-12-04,62.40,63.01,62.40,63.01,2800,59.82
2006-12-01,62.33,62.33,61.75,62.28,4700,59.12
2006-11-30,62.38,62.42,62.21,62.42,400,59.26
2006-11-29,62.20,62.31,62.11,62.30,2400,59.14
2006-11-28,61.50,61.50,61.25,61.42,1900,58.31
2006-11-27,62.05,62.05,61.58,61.59,3400,58.47
2006-11-24,62.71,62.71,62.71,62.71,000,59.53
2006-11-22,62.86,62.86,62.69,62.71,1500,59.53
2006-11-21,62.35,62.65,62.35,62.65,1700,59.47
2006-11-20,62.44,62.56,62.40,62.43,4200,59.27
2006-11-17,62.09,62.24,62.05,62.24,2000,59.09
2006-11-16,62.60,62.60,62.36,62.41,6300,59.25
2006-11-15,62.28,62.66,62.28,62.40,2300,59.24
2006-11-14,61.53,61.99,61.53,61.99,1300,58.85
2006-11-13,60.96,61.21,60.96,61.17,2900,58.07
2006-11-10,60.57,60.87,60.57,60.86,2600,57.78
2006-11-09,60.94,60.94,60.56,60.56,500,57.49
2006-11-08,60.80,61.11,60.78,61.05,2800,57.96
2006-11-07,60.90,61.21,60.68,60.78,5000,57.70
2006-11-06,59.69,59.69,59.69,59.69,000,56.66
2006-11-03,59.70,59.70,59.69,59.69,500,56.66
2006-11-02,59.61,59.61,59.61,59.61,100,56.59
2006-11-01,60.45,60.45,59.62,59.62,1400,56.60
2006-10-31,60.92,60.92,60.32,60.45,3600,57.39
2006-10-30,60.71,60.71,60.71,60.71,000,57.63
2006-10-27,61.16,61.16,60.71,60.71,1700,57.63
2006-10-26,60.87,60.95,60.87,60.95,400,57.86
2006-10-25,60.73,60.73,60.25,60.58,8400,57.51
2006-10-24,60.20,60.20,60.05,60.05,500,57.01
2006-10-23,60.19,60.19,60.18,60.18,1100,57.13
2006-10-20,60.11,60.20,60.10,60.10,6700,57.05
2006-10-19,60.26,60.26,60.26,60.26,000,57.21
2006-10-18,60.46,60.46,60.26,60.26,500,57.21
2006-10-17,60.39,60.39,60.13,60.14,1200,57.09
2006-10-16,60.17,60.17,60.17,60.17,000,57.12
2006-10-13,59.80,60.20,59.80,60.17,6900,57.12
2006-10-12,59.56,59.84,59.56,59.84,900,56.81
2006-10-11,58.78,58.78,58.78,58.78,800,55.80
2006-10-10,58.89,58.90,58.89,58.90,1700,55.91
2006-10-09,58.43,59.04,58.38,59.04,1300,56.05
2006-10-06,58.55,58.71,58.42,58.69,5700,55.72
2006-10-05,58.41,58.44,58.41,58.42,4000,55.46
2006-10-04,57.13,58.06,57.13,58.06,5000,55.12
2006-10-03,57.14,57.14,57.14,57.14,500,54.24
2006-10-02,57.20,57.20,57.04,57.13,5100,54.23
2006-09-29,58.01,58.01,57.65,57.65,500,54.73
2006-09-28,58.12,58.12,58.11,58.11,400,55.16
2006-09-27,58.11,58.11,58.00,58.00,300,55.06
2006-09-26,57.48,57.78,57.48,57.78,9100,54.85
2006-09-25,56.96,57.50,56.96,57.50,300,54.59
2006-09-22,57.45,57.45,56.81,56.87,1500,53.99
2006-09-21,58.08,58.08,57.57,57.60,4000,54.68
2006-09-20,58.00,58.21,58.00,58.02,4500,55.08
2006-09-19,57.60,57.60,56.88,57.49,12300,54.58
2006-09-18,57.64,57.64,57.64,57.64,000,54.72
2006-09-15,57.77,57.77,57.63,57.64,4300,54.72
2006-09-14,58.02,58.02,58.02,58.02,300,54.81
2006-09-13,58.10,58.10,58.10,58.10,400,54.89
2006-09-12,57.85,57.85,57.62,57.62,600,54.43
2006-09-11,56.41,56.75,56.41,56.48,10200,53.36
2006-09-08,56.80,56.80,56.64,56.64,900,53.51
2006-09-07,56.40,56.93,56.40,56.65,9700,53.52
2006-09-06,57.77,57.77,56.97,56.97,4000,53.82
2006-09-05,57.78,58.05,57.78,58.05,2500,54.84
2006-09-01,57.62,57.71,57.62,57.70,20800,54.51
2006-08-31,57.61,57.61,57.57,57.57,2100,54.39
2006-08-30,57.10,57.39,57.10,57.38,16500,54.21
2006-08-29,56.44,57.02,56.44,57.02,22800,53.87
2006-08-28,56.50,56.52,56.50,56.52,600,53.40
2006-08-25,55.85,56.27,55.85,56.01,7400,52.91
2006-08-24,55.83,56.08,55.83,56.08,4000,52.98
2006-08-23,56.13,56.13,55.96,55.96,400,52.87
2006-08-22,56.67,56.67,56.55,56.63,3200,53.50
2006-08-21,56.62,56.62,56.47,56.55,15600,53.42
2006-08-18,56.55,56.89,56.55,56.89,14300,53.75
2006-08-17,56.87,57.09,56.80,56.89,13100,53.75
2006-08-16,56.25,56.81,56.25,56.78,18700,53.64
2006-08-15,55.56,55.94,55.56,55.94,700,52.85
2006-08-14,55.52,55.52,54.92,54.92,2700,51.88
2006-08-11,54.70,54.75,54.50,54.75,1000,51.72
2006-08-10,54.72,55.22,54.70,55.20,21500,52.15
2006-08-09,55.66,55.85,54.85,54.86,19800,51.83
2006-08-08,55.94,56.20,55.39,55.39,7500,52.33
2006-08-07,55.94,56.01,55.85,55.85,8900,52.76
2006-08-04,57.15,57.28,56.06,56.12,15800,53.02
2006-08-03,55.75,56.42,55.75,56.38,14400,53.26
2006-08-02,55.97,56.17,55.91,55.91,13200,52.82
2006-08-01,55.71,55.71,55.56,55.56,1700,52.49
2006-07-31,55.82,56.19,55.80,56.19,9700,53.08
2006-07-28,55.54,56.06,55.45,56.06,29100,52.96
2006-07-27,55.77,55.88,55.06,55.07,5300,52.03
2006-07-26,55.33,56.04,55.33,55.69,25200,52.61
2006-07-25,55.69,56.08,55.47,55.88,15900,52.79
2006-07-24,54.83,55.36,54.83,55.33,4300,52.27
2006-07-21,54.47,54.47,54.00,54.00,10100,51.01
2006-07-20,56.57,56.57,55.03,55.03,4100,51.99
2006-07-19,55.38,56.28,55.38,56.28,23300,53.17
2006-07-18,54.56,54.72,54.20,54.72,21400,51.70
2006-07-17,54.65,54.97,54.56,54.59,16600,51.57
2006-07-14,55.17,55.17,54.53,55.03,36900,51.99
2006-07-13,56.00,56.12,55.46,55.46,14400,52.39
2006-07-12,56.92,56.93,56.48,56.48,600,53.36
2006-07-11,56.40,57.18,56.40,57.18,20100,54.02
2006-07-10,57.29,57.44,57.01,57.01,12300,53.86
2006-07-07,57.53,57.66,57.09,57.09,9000,53.93
2006-07-06,57.97,58.00,57.57,57.63,17400,54.44
2006-07-05,57.79,57.79,57.44,57.69,77900,54.50
2006-07-03,57.71,57.71,57.71,57.71,000,54.52
2006-06-30,57.67,57.71,57.61,57.71,300,54.52
2006-06-29,56.48,57.46,56.39,57.46,2300,54.28
2006-06-28,55.52,55.67,55.52,55.64,1500,52.56
2006-06-27,56.29,56.29,56.29,56.29,100,53.18
2006-06-26,56.14,56.28,56.14,56.28,300,53.17
2006-06-23,54.91,54.91,54.91,54.91,000,51.87
2006-06-22,54.91,54.91,54.91,54.91,000,51.87
2006-06-21,54.91,54.91,54.91,54.91,000,51.87
2006-06-20,54.91,54.91,54.91,54.91,100,51.87
2006-06-19,55.79,55.79,55.79,55.79,000,52.71
2006-06-16,55.79,55.79,55.79,55.79,100,52.71
2006-06-15,55.04,56.36,55.04,56.36,2700,53.07
2006-06-14,54.51,54.63,54.51,54.63,500,51.44
2006-06-13,55.07,55.26,54.46,54.46,4000,51.28
2006-06-12,55.99,55.99,55.33,55.33,6700,52.10
2006-06-09,56.70,56.82,56.57,56.57,4400,53.27
2006-06-08,56.51,56.87,55.68,56.87,1000,53.55
2006-06-07,57.50,57.72,57.08,57.11,4100,53.78
2006-06-06,57.29,57.34,57.29,57.34,900,53.99
2006-06-05,59.21,59.21,59.21,59.21,000,55.75
2006-06-02,59.13,59.21,59.13,59.21,5100,55.75
2006-06-01,58.65,58.93,58.65,58.93,1100,55.49
2006-05-31,57.72,57.89,57.45,57.89,1600,54.51
2006-05-30,57.76,57.76,57.31,57.32,2800,53.97
2006-05-26,58.50,58.54,58.33,58.54,1900,55.12
2006-05-25,57.74,57.96,57.74,57.87,300,54.49
2006-05-24,57.02,57.27,56.16,57.14,7400,53.80
2006-05-23,58.31,58.31,57.29,57.29,14700,53.95
2006-05-22,57.17,57.50,57.17,57.48,1500,54.12
2006-05-19,57.91,58.13,57.49,58.13,4800,54.74
2006-05-18,58.70,58.70,57.71,57.71,3800,54.34
2006-05-17,58.84,58.90,58.37,58.37,16900,54.96
2006-05-16,59.38,59.38,59.38,59.38,000,55.91
2006-05-15,59.44,59.44,58.88,59.38,10100,55.91
2006-05-12,60.18,60.30,59.66,59.74,500,56.25
2006-05-11,61.92,61.92,60.92,60.92,1000,57.36
2006-05-10,62.16,62.16,62.05,62.05,200,58.43
2006-05-09,62.18,62.42,62.18,62.42,500,58.78
2006-05-08,62.29,62.29,62.29,62.29,200,58.65
2006-05-05,61.97,62.36,61.97,62.35,3500,58.71
2006-05-04,60.99,60.99,60.99,60.99,000,57.43
2006-05-03,61.10,61.10,60.99,60.99,600,57.43
2006-05-02,60.82,61.18,60.78,61.10,3100,57.53
2006-05-01,61.03,61.03,60.72,60.72,6500,57.18
2006-04-28,61.10,61.10,61.04,61.04,200,57.48
2006-04-27,60.83,61.29,60.79,60.79,7900,57.24
2006-04-26,61.27,61.27,61.06,61.06,1200,57.50
2006-04-25,61.17,61.17,60.90,60.90,200,57.34
2006-04-24,60.76,61.02,60.76,61.02,600,57.46
2006-04-21,61.50,61.50,61.23,61.49,1200,57.90
2006-04-20,61.33,61.51,61.28,61.51,1500,57.92
2006-04-19,61.75,61.75,61.75,61.75,100,58.14
2006-04-18,60.80,60.80,60.80,60.80,100,57.25
2006-04-17,59.56,59.71,59.56,59.71,800,56.22
2006-04-13,59.62,59.62,59.62,59.62,000,56.14
2006-04-12,59.40,59.62,59.40,59.62,600,56.14
2006-04-11,59.77,59.77,59.40,59.40,400,55.93
2006-04-10,60.25,60.50,60.12,60.12,700,56.61
2006-04-07,60.67,60.67,60.38,60.38,6200,56.85
2006-04-06,60.93,61.03,60.93,61.03,200,57.47
2006-04-05,60.79,61.06,60.79,61.06,300,57.50
2006-04-04,60.51,60.86,60.51,60.78,600,57.23
2006-04-03,60.84,60.84,60.84,60.84,200,57.29
2006-03-31,60.73,60.73,60.73,60.73,000,57.18
2006-03-30,61.03,61.03,60.73,60.73,300,57.18
2006-03-29,59.94,59.94,59.94,59.94,000,56.44
2006-03-28,60.00,60.37,59.94,59.94,700,56.44
2006-03-27,60.06,60.06,60.04,60.04,400,56.53
2006-03-24,59.50,59.50,59.50,59.50,000,56.03
2006-03-23,59.49,59.50,59.49,59.50,3200,56.03
2006-03-22,59.11,59.11,59.11,59.11,2500,55.66
2006-03-21,59.42,59.42,59.42,59.42,000,55.95
2006-03-20,59.42,59.42,59.42,59.42,000,55.95
2006-03-17,59.42,59.42,59.42,59.42,200,55.95
2006-03-16,59.70,59.82,59.65,59.82,700,56.20
2006-03-15,58.11,58.11,58.11,58.11,000,54.59
2006-03-14,58.11,58.11,58.11,58.11,000,54.59
2006-03-13,58.11,58.11,58.11,58.11,000,54.59
2006-03-10,58.13,58.13,58.11,58.11,200,54.59
2006-03-09,57.95,57.95,57.95,57.95,500,54.44
2006-03-08,57.25,57.25,57.25,57.25,200,53.78
2006-03-07,58.87,58.87,58.87,58.87,000,55.30
2006-03-06,58.87,58.87,58.87,58.87,000,55.30
2006-03-03,58.87,58.87,58.87,58.87,000,55.30
2006-03-02,58.87,58.87,58.87,58.87,400,55.30
2006-03-01,58.76,58.76,58.76,58.76,000,55.20
2006-02-28,58.76,58.76,58.76,58.76,000,55.20
2006-02-27,58.78,58.78,58.76,58.76,1500,55.20
2006-02-24,58.43,58.66,58.42,58.66,3700,55.11
2006-02-23,58.60,58.79,58.60,58.79,300,55.23
2006-02-22,58.25,58.25,58.25,58.25,100,54.72
2006-02-21,58.07,58.07,58.07,58.07,000,54.55
2006-02-17,58.07,58.07,58.07,58.07,000,54.55
2006-02-16,58.04,58.07,58.01,58.07,1100,54.55
2006-02-15,57.40,57.77,57.40,57.77,1000,54.27
2006-02-14,56.90,57.34,56.77,57.34,1600,53.87
2006-02-13,57.05,57.07,56.79,56.79,4200,53.35
2006-02-10,57.74,57.74,57.74,57.74,000,54.24
2006-02-09,57.79,57.79,57.74,57.74,1000,54.24
2006-02-08,57.60,57.60,57.60,57.60,000,54.11
2006-02-07,57.67,57.67,57.60,57.60,1000,54.11
2006-02-06,57.87,57.87,57.83,57.83,1000,54.33
2006-02-03,58.19,58.19,58.19,58.19,000,54.66
2006-02-02,58.39,58.47,58.18,58.19,1900,54.66
2006-02-01,58.43,58.43,58.43,58.43,400,54.89
2006-01-31,58.04,58.26,58.04,58.13,2200,54.61
2006-01-30,57.94,57.94,57.94,57.94,000,54.43
2006-01-27,57.94,57.94,57.94,57.94,000,54.43
2006-01-26,57.65,57.94,57.65,57.94,400,54.43
2006-01-25,57.49,57.49,57.24,57.25,2100,53.78
2006-01-24,56.52,56.52,56.52,56.52,000,53.10
2006-01-23,56.52,56.52,56.52,56.52,200,53.10
2006-01-20,56.61,56.61,56.61,56.61,200,53.18
2006-01-19,56.89,56.89,56.89,56.89,100,53.44
2006-01-18,56.30,56.30,56.30,56.30,000,52.89
2006-01-17,56.47,56.47,56.30,56.30,300,52.89
2006-01-13,56.86,56.86,56.86,56.86,000,53.42
2006-01-12,56.86,56.86,56.86,56.86,000,53.42
2006-01-11,56.86,56.86,56.86,56.86,500,53.42
2006-01-10,56.49,56.86,56.49,56.86,600,53.42
2006-01-09,56.32,56.54,56.32,56.54,4500,53.11
2006-01-06,55.32,55.32,55.32,55.32,000,51.97
2006-01-05,55.32,55.32,55.32,55.32,000,51.97
2006-01-04,55.24,55.32,55.24,55.32,1000,51.97
2006-01-03,54.07,54.70,53.82,54.70,6000,51.39
2005-12-30,54.03,54.03,54.03,54.03,100,50.76
2005-12-29,54.66,54.66,54.66,54.66,000,51.35
2005-12-28,54.46,54.66,54.41,54.66,13100,51.35
2005-12-27,54.98,54.98,54.98,54.98,100,51.65
2005-12-23,55.06,55.06,55.06,55.06,200,51.72
2005-12-22,54.60,54.60,54.60,54.60,5000,51.29
2005-12-21,54.52,54.55,54.45,54.50,17000,51.20
2005-12-20,54.20,54.31,54.20,54.31,1000,51.02
2005-12-19,54.75,54.75,54.75,54.75,000,51.43
2005-12-16,54.75,54.75,54.75,54.75,000,51.43
2005-12-15,55.03,55.03,54.75,54.75,1000,51.36
2005-12-14,55.22,55.22,55.12,55.12,1000,51.70
2005-12-13,55.20,55.31,55.20,55.31,1000,51.88
2005-12-12,54.85,54.85,54.85,54.85,000,51.45
2005-12-09,54.94,54.94,54.85,54.85,10000,51.45
2005-12-08,54.89,54.89,54.55,54.55,6100,51.17
2005-12-07,55.03,55.03,54.57,54.57,10100,51.19
2005-12-06,55.32,55.32,55.32,55.32,100,51.89
2005-12-05,54.88,54.88,54.82,54.82,1000,51.42
2005-12-02,54.64,54.64,54.64,54.64,000,51.25
2005-12-01,54.64,54.64,54.64,54.64,000,51.25
2005-11-30,54.64,54.64,54.64,54.64,000,51.25
2005-11-29,54.64,54.64,54.64,54.64,000,51.25
2005-11-28,54.64,54.64,54.64,54.64,000,51.25
2005-11-25,54.64,54.64,54.64,54.64,000,51.25
2005-11-23,54.64,54.64,54.64,54.64,000,51.25
2005-11-22,54.19,54.64,54.19,54.64,15300,51.25
2005-11-21,53.92,53.92,53.92,53.92,5000,50.58
2005-11-18,53.34,53.34,53.34,53.34,000,50.04
2005-11-17,53.27,53.34,53.27,53.34,20000,50.04
2005-11-16,52.39,52.39,52.39,52.39,5000,49.14
2005-11-15,53.08,53.09,52.83,53.09,10400,49.80