2011-05-10,50.19,50.20,50.09,50.11,6400,50.11
2011-05-09,50.18,50.20,50.18,50.18,1800,50.18
2011-05-06,50.15,50.20,50.15,50.20,2200,50.20
2011-05-05,50.22,50.22,50.22,50.22,200,50.22
2011-05-04,50.19,50.22,50.11,50.22,400,50.22
2011-05-03,50.18,50.19,49.82,50.19,28000,50.19
2011-05-02,50.18,50.18,50.05,50.05,11000,50.05
2011-04-29,50.16,50.16,49.62,49.99,5200,49.99
2011-04-28,50.11,50.21,50.09,50.12,17800,50.08
2011-04-27,50.08,50.18,50.08,50.18,5400,50.14
2011-04-26,50.12,50.18,50.12,50.18,13000,50.14
2011-04-25,50.05,50.16,50.04,50.13,6500,50.09
2011-04-21,50.04,50.11,50.04,50.11,2100,50.07
2011-04-20,50.13,50.13,49.98,50.05,6400,50.01
2011-04-19,50.00,50.13,50.00,50.12,9800,50.08
2011-04-18,50.09,50.09,50.09,50.09,200,50.05
2011-04-15,50.00,50.00,50.00,50.00,1100,49.96
2011-04-14,49.98,49.98,49.98,49.98,000,49.94
2011-04-13,50.06,50.06,49.98,49.98,1200,49.94
2011-04-12,50.04,50.04,50.00,50.02,700,49.98
2011-04-11,49.97,49.97,49.95,49.95,28200,49.91
2011-04-08,50.07,50.07,50.07,50.07,200,50.03
2011-04-07,50.07,50.07,50.07,50.07,500,50.03
2011-04-06,50.07,50.07,50.00,50.06,1200,50.02
2011-04-05,50.05,50.06,50.00,50.00,1900,49.96
2011-04-04,50.04,50.08,50.04,50.07,2700,50.03
2011-04-01,50.04,50.04,50.04,50.04,1000,50.00
2011-03-31,50.04,50.04,49.97,50.04,500,50.00
2011-03-30,50.12,50.12,50.12,50.12,1100,50.03
2011-03-29,50.11,50.11,50.02,50.11,1600,50.02
2011-03-28,50.15,50.15,50.13,50.13,3200,50.04
2011-03-25,50.12,50.12,49.98,50.05,5400,49.96
2011-03-24,50.23,50.23,50.23,50.23,000,50.14
2011-03-23,50.07,50.23,50.00,50.23,9700,50.14
2011-03-22,50.12,50.12,50.00,50.04,5900,49.95
2011-03-21,50.05,50.11,49.97,50.03,3600,49.94
2011-03-18,50.13,50.21,50.13,50.21,7700,50.12
2011-03-17,50.15,50.15,50.05,50.05,300,49.96
2011-03-16,50.13,50.13,50.09,50.09,1000,50.00
2011-03-15,50.10,50.10,50.00,50.02,1000,49.93
2011-03-14,50.04,50.05,49.93,50.05,2000,49.96
2011-03-11,50.04,50.04,50.00,50.00,1300,49.91
2011-03-10,50.03,50.03,49.90,50.00,2800,49.91
2011-03-09,50.01,50.01,50.00,50.00,600,49.91
2011-03-08,49.90,50.00,49.90,49.97,1400,49.88
2011-03-07,49.90,49.99,49.90,49.94,7800,49.85
2011-03-04,49.94,49.94,49.94,49.94,400,49.85
2011-03-03,50.00,50.00,49.90,49.90,700,49.81
2011-03-02,49.91,49.99,49.91,49.99,500,49.90
2011-03-01,50.00,50.00,50.00,50.00,000,49.91
2011-02-28,50.00,50.00,49.97,50.00,1600,49.91
2011-02-25,49.97,49.97,49.97,49.97,000,49.82
2011-02-24,49.97,49.97,49.97,49.97,000,49.82
2011-02-23,49.95,49.97,49.95,49.97,600,49.82
2011-02-22,50.03,50.03,50.03,50.03,300,49.88
2011-02-18,49.93,50.00,49.93,50.00,800,49.85
2011-02-17,50.00,50.00,49.94,49.95,1000,49.80
2011-02-16,50.00,50.00,49.89,49.94,10800,49.79
2011-02-15,49.82,49.82,49.82,49.82,000,49.67
2011-02-14,49.92,49.92,49.82,49.82,9600,49.67
2011-02-11,49.81,49.81,49.81,49.81,000,49.66
2011-02-10,49.88,49.99,49.81,49.81,16200,49.66
2011-02-09,49.87,49.99,49.80,49.80,3600,49.65
2011-02-08,49.88,49.90,49.79,49.87,5700,49.72
2011-02-07,49.89,49.97,49.80,49.97,2200,49.82
2011-02-04,49.89,49.90,49.88,49.90,500,49.75
2011-02-03,49.98,49.98,49.86,49.98,57400,49.83
2011-02-02,49.98,49.98,49.88,49.98,2200,49.83
2011-02-01,49.87,49.98,49.80,49.98,2400,49.83
2011-01-31,49.88,50.00,49.88,49.90,1200,49.75
2011-01-28,50.00,50.00,49.97,49.97,1100,49.77
2011-01-27,50.01,50.13,49.83,50.02,21000,49.82
2011-01-26,50.02,50.02,49.92,49.92,3200,49.72
2011-01-25,49.91,49.94,49.91,49.94,800,49.74
2011-01-24,49.99,49.99,49.90,49.90,800,49.70
2011-01-21,49.86,49.86,49.86,49.86,100,49.66
2011-01-20,50.05,50.05,49.92,49.98,12500,49.78
2011-01-19,49.93,49.97,49.90,49.96,6800,49.76
2011-01-18,49.87,49.95,49.79,49.81,12500,49.61
2011-01-14,49.93,49.93,49.93,49.93,400,49.73
2011-01-13,49.93,49.93,49.92,49.93,1200,49.73
2011-01-12,49.96,49.96,49.91,49.96,500,49.76
2011-01-11,49.84,49.84,49.84,49.84,400,49.64
2011-01-10,49.99,49.99,49.99,49.99,200,49.79
2011-01-07,49.89,50.01,49.89,49.99,4400,49.79
2011-01-06,49.98,49.99,49.84,49.86,3100,49.66
2011-01-05,49.90,49.90,49.50,49.90,8700,49.70
2011-01-04,50.02,50.02,49.90,49.90,6600,49.70
2011-01-03,50.10,50.10,50.02,50.02,6500,49.82
2010-12-31,49.89,49.89,49.89,49.89,100,49.69
2010-12-30,49.88,49.88,49.87,49.87,700,49.67
2010-12-29,49.89,49.98,49.45,49.90,25600,49.70
2010-12-28,49.96,50.08,49.91,49.91,7000,49.64
2010-12-27,50.08,50.16,49.96,49.96,7500,49.69
2010-12-23,49.99,49.99,49.92,49.95,3100,49.68
2010-12-22,50.08,50.08,49.96,49.96,2700,49.69
2010-12-21,50.03,50.15,50.03,50.15,20300,49.88
2010-12-20,50.01,50.01,50.01,50.01,000,49.74
2010-12-17,50.04,50.04,49.85,50.01,2400,49.74
2010-12-16,49.87,49.87,49.84,49.84,400,49.57
2010-12-15,49.98,49.98,49.81,49.81,5700,49.54
2010-12-14,49.99,50.00,48.68,49.81,32800,49.54
2010-12-13,50.11,50.11,50.06,50.09,1300,49.82
2010-12-10,50.11,50.11,49.99,49.99,700,49.72
2010-12-09,49.99,50.11,49.99,50.07,1500,49.80
2010-12-08,50.08,50.08,50.08,50.08,000,49.81
2010-12-07,50.11,50.12,50.08,50.08,4100,49.81
2010-12-06,50.22,50.22,50.11,50.12,4000,49.85
2010-12-03,50.22,50.23,50.10,50.21,4000,49.94
2010-12-02,50.23,50.23,50.22,50.22,400,49.95
2010-12-01,50.08,50.19,50.08,50.16,2500,49.89
2010-11-30,50.15,50.15,50.15,50.15,600,49.88
2010-11-29,50.25,50.25,50.25,50.25,000,49.93
2010-11-26,50.24,50.25,50.13,50.25,5000,49.93
2010-11-24,50.21,50.24,50.21,50.24,700,49.92
2010-11-23,50.23,50.25,50.23,50.25,6000,49.93
2010-11-22,50.12,50.20,50.12,50.20,900,49.88
2010-11-19,50.17,50.17,50.17,50.17,2700,49.85
2010-11-18,50.10,50.17,50.01,50.16,5600,49.84
2010-11-17,50.18,50.21,50.17,50.18,8000,49.86
2010-11-16,50.13,50.24,50.01,50.22,14800,49.90
2010-11-15,50.23,50.30,50.23,50.30,600,49.98
2010-11-12,50.37,50.37,50.37,50.37,5500,50.05
2010-11-11,50.43,50.48,50.43,50.48,1100,50.16
2010-11-10,50.51,50.51,50.47,50.47,7000,50.15
2010-11-09,50.45,50.47,50.45,50.47,600,50.15
2010-11-08,50.51,50.51,50.45,50.45,600,50.13
2010-11-05,50.51,50.51,50.50,50.50,3200,50.17
2010-11-04,50.43,50.50,50.43,50.49,6200,50.17
2010-11-03,50.49,50.49,50.48,50.48,1800,50.16
2010-11-02,50.42,50.49,50.42,50.47,2500,50.15
2010-11-01,50.42,50.49,50.42,50.49,600,50.17
2010-10-29,50.47,50.47,50.47,50.47,500,50.15
2010-10-28,50.49,50.49,50.49,50.49,000,50.13
2010-10-27,50.51,50.51,50.44,50.49,4600,50.13
2010-10-26,50.51,50.52,50.45,50.50,800,50.14
2010-10-25,50.52,50.52,50.51,50.52,2300,50.16
2010-10-22,50.50,50.51,50.50,50.51,2000,50.15
2010-10-21,50.51,50.51,50.51,50.51,100,50.15
2010-10-20,50.51,50.52,50.50,50.52,2400,50.16
2010-10-19,50.51,50.51,50.51,50.51,200,50.15
2010-10-18,50.51,50.51,50.51,50.51,900,50.15
2010-10-15,50.51,50.51,50.49,50.51,1400,50.15
2010-10-14,50.48,50.51,50.47,50.49,1500,50.13
2010-10-13,50.52,50.52,50.52,50.52,2700,50.16
2010-10-12,50.53,50.53,50.51,50.52,5000,50.16
2010-10-11,50.52,50.52,50.49,50.52,3200,50.16
2010-10-08,50.51,50.51,50.46,50.46,3800,50.10
2010-10-07,50.50,50.50,50.42,50.42,300,50.06
2010-10-06,50.51,50.51,50.51,50.51,2500,50.15
2010-10-05,50.47,50.47,50.44,50.45,3400,50.09
2010-10-04,50.47,50.48,50.47,50.48,300,50.12
2010-10-01,50.52,50.52,50.50,50.50,3500,50.14
2010-09-30,50.53,50.53,50.49,50.52,12300,50.16
2010-09-29,50.51,50.68,50.51,50.68,29900,50.26
2010-09-28,50.60,50.60,50.51,50.57,2900,50.15
2010-09-27,50.60,50.60,50.51,50.51,4500,50.09
2010-09-24,50.58,50.58,50.58,50.58,000,50.16
2010-09-23,50.58,50.58,50.58,50.58,200,50.16
2010-09-22,50.59,50.59,50.57,50.57,800,50.15
2010-09-21,50.57,50.58,50.57,50.58,2400,50.16
2010-09-20,50.52,50.58,50.52,50.57,26000,50.15
2010-09-17,50.51,50.51,50.45,50.45,1400,50.04
2010-09-16,50.44,50.52,50.44,50.52,2000,50.10
2010-09-15,50.52,50.52,50.51,50.51,6400,50.09
2010-09-14,50.50,50.52,50.50,50.51,1000,50.09
2010-09-13,50.44,50.51,50.44,50.50,1800,50.08
2010-09-10,50.45,50.50,50.41,50.45,12700,50.04
2010-09-09,50.56,50.56,50.56,50.56,500,50.14
2010-09-08,50.57,50.57,50.51,50.51,1300,50.09
2010-09-07,50.60,50.60,50.60,50.60,700,50.18
2010-09-03,50.58,50.58,50.53,50.54,1200,50.12
2010-09-02,50.61,50.61,50.60,50.60,1100,50.18
2010-09-01,50.63,50.63,50.61,50.61,18800,50.19
2010-08-31,50.66,50.66,50.63,50.64,6800,50.22
2010-08-30,50.69,50.69,50.69,50.69,000,50.27
2010-08-27,50.68,50.69,50.67,50.69,6500,50.27
2010-08-26,50.69,50.69,50.69,50.69,100,50.27
2010-08-25,50.65,50.70,50.65,50.66,10100,50.24
2010-08-24,50.65,50.65,50.62,50.64,700,50.22
2010-08-23,50.59,50.66,50.59,50.65,14700,50.23
2010-08-20,50.62,50.62,50.62,50.62,300,50.20
2010-08-19,50.57,50.57,50.57,50.57,600,50.15
2010-08-18,50.56,50.57,50.54,50.57,2700,50.15
2010-08-17,50.55,50.55,50.55,50.55,000,50.13
2010-08-16,50.55,50.55,50.55,50.55,200,50.13
2010-08-13,50.52,50.54,50.52,50.54,2200,50.12
2010-08-12,50.47,50.47,50.47,50.47,100,50.06
2010-08-11,50.50,50.50,50.50,50.50,000,50.08
2010-08-10,50.52,50.52,50.50,50.50,700,50.08
2010-08-09,50.46,50.48,50.46,50.48,800,50.06
2010-08-06,50.46,50.46,50.46,50.46,000,50.05
2010-08-05,50.46,50.46,50.46,50.46,3400,50.05
2010-08-04,50.46,50.46,50.46,50.46,400,50.05
2010-08-03,50.45,50.45,50.45,50.45,000,50.04
2010-08-02,50.45,50.45,50.45,50.45,3400,50.04
2010-07-30,50.51,50.51,50.51,50.51,000,50.09
2010-07-29,50.51,50.51,50.51,50.51,000,50.05
2010-07-28,50.44,50.51,50.44,50.51,4300,50.05
2010-07-27,50.49,50.53,50.49,50.52,26900,50.06
2010-07-26,50.48,50.49,50.48,50.49,3400,50.03
2010-07-23,50.46,50.46,50.46,50.46,000,50.00
2010-07-22,50.46,50.46,50.46,50.46,200,50.00
2010-07-21,50.43,50.44,50.43,50.44,5600,49.98
2010-07-20,50.38,50.41,50.38,50.41,600,49.95
2010-07-19,50.36,50.38,50.33,50.33,1300,49.87
2010-07-16,50.36,50.36,50.36,50.36,1300,49.90
2010-07-15,50.37,50.37,50.37,50.37,200,49.91
2010-07-14,50.24,50.24,50.24,50.24,800,49.78
2010-07-13,50.22,50.29,50.22,50.29,900,49.83
2010-07-12,50.25,50.25,50.25,50.25,000,49.79
2010-07-09,50.25,50.25,50.25,50.25,500,49.79
2010-07-08,50.19,50.19,50.19,50.19,000,49.73
2010-07-07,50.19,50.19,50.19,50.19,000,49.73
2010-07-06,50.14,50.19,50.14,50.19,600,49.73
2010-07-02,50.12,50.12,50.12,50.12,000,49.66
2010-07-01,50.12,50.12,50.12,50.12,800,49.66
2010-06-30,50.15,50.15,50.14,50.14,2400,49.68
2010-06-29,50.12,50.18,50.12,50.18,900,49.67
2010-06-28,50.12,50.12,50.12,50.12,200,49.61
2010-06-25,50.08,50.14,50.08,50.14,6000,49.63
2010-06-24,50.10,50.11,50.04,50.04,5400,49.53
2010-06-23,50.12,50.12,50.12,50.12,400,49.61
2010-06-22,50.12,50.12,50.12,50.12,100,49.61
2010-06-21,50.08,50.10,50.08,50.10,300,49.59
2010-06-18,50.11,50.11,50.10,50.10,1200,49.59
2010-06-17,50.11,50.11,50.11,50.11,200,49.60
2010-06-16,50.13,50.13,50.13,50.13,400,49.62
2010-06-15,50.10,50.10,50.10,50.10,300,49.59
2010-06-14,50.12,50.14,50.12,50.12,8500,49.61
2010-06-11,50.10,50.10,50.07,50.07,5100,49.56
2010-06-10,50.10,50.13,50.10,50.13,22500,49.62
2010-06-09,50.07,50.09,50.06,50.09,1100,49.58
2010-06-08,50.08,50.08,50.08,50.08,000,49.57
2010-06-07,50.12,50.12,50.08,50.08,700,49.57
2010-06-04,50.08,50.11,50.06,50.11,3600,49.60
2010-06-03,50.06,50.06,50.04,50.04,700,49.53
2010-06-02,50.13,50.13,50.13,50.13,000,49.62
2010-06-01,50.07,50.14,50.07,50.13,900,49.62
2010-05-28,50.12,50.13,49.42,50.13,1000,49.62
2010-05-27,50.18,50.19,50.17,50.17,3400,49.62
2010-05-26,50.18,50.18,50.15,50.15,1300,49.60
2010-05-25,50.14,50.14,50.12,50.14,1800,49.59
2010-05-24,50.17,50.17,50.14,50.14,500,49.59
2010-05-21,50.15,50.15,50.14,50.14,700,49.59
2010-05-20,50.06,50.13,50.05,50.13,2200,49.58
2010-05-19,50.00,50.00,50.00,50.00,000,49.45
2010-05-18,50.00,50.00,50.00,50.00,500,49.45
2010-05-17,50.00,50.05,50.00,50.05,1700,49.50
2010-05-14,50.00,50.00,50.00,50.00,1700,49.45
2010-05-13,50.00,50.00,50.00,50.00,400,49.45
2010-05-12,50.00,50.00,50.00,50.00,000,49.45
2010-05-11,50.00,50.00,50.00,50.00,100,49.45
2010-05-10,50.03,50.03,50.03,50.03,5200,49.48
2010-05-07,49.99,49.99,49.99,49.99,000,49.44
2010-05-06,49.96,50.00,49.96,49.99,1400,49.44
2010-05-05,50.01,50.01,50.01,50.01,2300,49.46
2010-05-04,49.94,49.94,49.94,49.94,900,49.39
2010-05-03,49.94,49.94,49.94,49.94,000,49.39
2010-04-30,50.00,50.00,49.94,49.94,23600,49.39
2010-04-29,50.04,50.04,50.03,50.03,800,49.44
2010-04-28,49.98,49.98,49.98,49.98,000,49.39
2010-04-27,49.98,49.98,49.98,49.98,200,49.39
2010-04-26,49.93,50.01,49.93,50.01,4500,49.42
2010-04-23,49.88,49.88,49.88,49.88,000,49.29
2010-04-22,49.88,49.88,49.88,49.88,000,49.29
2010-04-21,49.88,49.88,49.88,49.88,000,49.29
2010-04-20,49.88,49.88,49.88,49.88,000,49.29
2010-04-19,49.88,49.88,49.88,49.88,000,49.29
2010-04-16,49.88,49.88,49.88,49.88,000,49.29
2010-04-15,49.88,49.88,49.88,49.88,000,49.29
2010-04-14,49.92,49.92,49.86,49.88,500,49.29
2010-04-13,49.89,49.91,49.89,49.91,600,49.32
2010-04-12,49.89,49.89,49.87,49.88,2100,49.29
2010-04-09,49.87,49.87,49.87,49.87,000,49.28
2010-04-08,49.88,49.88,49.87,49.87,3300,49.28
2010-04-07,49.90,49.90,49.90,49.90,000,49.31
2010-04-06,49.94,49.94,49.90,49.90,11400,49.31
2010-04-05,49.90,49.90,49.88,49.89,14500,49.30
2010-04-01,49.86,49.86,49.86,49.86,000,49.27
2010-03-31,49.92,49.92,49.81,49.86,4900,49.27
2010-03-30,49.98,49.99,49.87,49.99,19200,49.35
2010-03-29,49.99,49.99,49.99,49.99,100,49.35
2010-03-26,49.98,49.99,49.98,49.99,2300,49.35
2010-03-25,50.10,50.10,49.96,49.96,36700,49.32
2010-03-24,50.15,50.15,50.11,50.11,1700,49.47
2010-03-23,50.15,50.15,50.15,50.15,000,49.51
2010-03-22,50.15,50.15,50.15,50.15,400,49.51
2010-03-19,50.18,50.19,50.18,50.19,1500,49.55
2010-03-18,50.20,50.21,50.20,50.21,600,49.57
2010-03-17,50.22,50.22,50.21,50.21,5200,49.57
2010-03-16,50.23,50.23,50.21,50.22,1500,49.58
2010-03-15,50.24,50.24,50.18,50.24,7600,49.60
2010-03-12,50.18,50.21,50.18,50.21,1400,49.57
2010-03-11,50.21,50.21,50.17,50.17,800,49.53
2010-03-10,50.16,50.16,50.16,50.16,200,49.52
2010-03-09,50.19,50.19,50.19,50.19,000,49.55
2010-03-08,50.18,50.21,50.18,50.19,5000,49.55
2010-03-05,50.15,50.15,50.15,50.15,1000,49.51
2010-03-04,50.16,50.16,50.15,50.15,500,49.51
2010-03-03,50.12,50.13,50.12,50.13,3300,49.49
2010-03-02,50.13,50.13,50.11,50.13,3600,49.49
2010-03-01,50.13,50.13,50.12,50.12,1600,49.48
2010-02-26,50.11,50.12,50.11,50.11,16600,49.47
2010-02-25,50.10,50.12,50.10,50.12,1500,49.45
2010-02-24,50.11,50.12,50.11,50.12,1300,49.45
2010-02-23,50.11,50.11,50.11,50.11,200,49.44
2010-02-22,50.10,50.10,50.10,50.10,4100,49.43
2010-02-19,50.07,50.09,50.07,50.09,600,49.42
2010-02-18,50.09,50.09,50.09,50.09,800,49.42
2010-02-17,50.12,50.12,50.08,50.09,1300,49.42
2010-02-16,50.15,50.15,50.11,50.13,17200,49.46
2010-02-12,50.06,50.07,50.06,50.06,5600,49.39
2010-02-11,50.08,50.08,50.08,50.08,200,49.41
2010-02-10,50.05,50.07,50.05,50.06,1900,49.39
2010-02-09,50.06,50.07,50.06,50.06,2700,49.39
2010-02-08,50.06,50.06,50.05,50.05,3800,49.38
2010-02-05,50.05,50.06,50.05,50.06,1100,49.39
2010-02-04,50.04,50.06,50.04,50.05,1400,49.38
2010-02-03,50.03,50.05,50.03,50.04,2200,49.37