2011-05-10,102.98,103.04,102.98,102.99,36500,102.99
2011-05-09,102.95,103.03,102.94,103.03,11000,103.03
2011-05-06,102.78,103.01,102.78,102.91,9500,102.91
2011-05-05,103.02,103.06,102.90,102.90,8300,102.90
2011-05-04,103.12,103.19,103.11,103.11,11000,103.11
2011-05-03,103.19,103.21,103.14,103.14,26000,103.14
2011-05-02,103.09,103.27,103.04,103.18,33000,103.18
2011-04-29,103.45,103.53,103.36,103.53,11000,103.17
2011-04-28,103.38,103.46,103.35,103.40,15500,103.04
2011-04-27,103.05,103.21,102.97,103.21,8300,102.85
2011-04-26,102.97,103.09,102.95,103.09,7100,102.73
2011-04-25,102.89,102.95,102.86,102.95,34400,102.59
2011-04-21,102.85,102.86,102.75,102.84,6700,102.49
2011-04-20,102.87,102.88,102.80,102.85,8200,102.50
2011-04-19,102.77,102.90,102.75,102.90,23900,102.55
2011-04-18,102.63,102.79,102.63,102.72,12500,102.37
2011-04-15,102.55,102.67,102.55,102.64,40000,102.29
2011-04-14,102.55,102.56,102.36,102.36,7300,102.01
2011-04-13,102.41,102.54,102.40,102.51,8000,102.16
2011-04-12,102.41,102.48,102.35,102.46,7700,102.11
2011-04-11,102.39,102.42,102.35,102.35,15300,102.00
2011-04-08,102.26,102.41,102.26,102.33,12800,101.98
2011-04-07,102.19,102.27,102.14,102.27,7200,101.92
2011-04-06,102.18,102.18,102.10,102.12,7800,101.77
2011-04-05,102.26,102.26,102.16,102.22,13600,101.87
2011-04-04,102.24,102.30,102.18,102.25,5100,101.90
2011-04-01,101.87,102.07,101.84,102.07,5800,101.72
2011-03-31,102.39,102.39,102.27,102.27,5400,101.59
2011-03-30,102.22,102.29,102.20,102.29,2100,101.61
2011-03-29,102.26,102.26,102.13,102.16,4200,101.48
2011-03-28,102.18,102.24,102.13,102.21,13100,101.53
2011-03-25,102.46,102.46,102.18,102.24,5400,101.56
2011-03-24,102.51,102.53,102.42,102.44,17600,101.75
2011-03-23,102.61,102.61,102.48,102.51,13000,101.82
2011-03-22,102.51,102.52,102.51,102.52,600,101.83
2011-03-21,102.61,102.71,102.61,102.65,2700,101.96
2011-03-18,102.78,102.86,102.69,102.74,5300,102.05
2011-03-17,102.71,102.83,102.71,102.83,9200,102.14
2011-03-16,102.50,102.66,102.50,102.65,5400,101.96
2011-03-15,102.48,102.48,102.33,102.33,6600,101.65
2011-03-14,102.43,102.49,102.39,102.40,21300,101.71
2011-03-11,102.31,102.31,102.22,102.30,50700,101.62
2011-03-10,102.20,102.35,102.13,102.35,7400,101.66
2011-03-09,102.17,102.17,102.07,102.14,12600,101.46
2011-03-08,102.03,102.10,101.99,102.04,16000,101.36
2011-03-07,101.88,102.06,101.88,102.01,15000,101.33
2011-03-04,101.78,101.94,101.78,101.94,16400,101.26
2011-03-03,101.65,101.67,101.59,101.61,5400,100.93
2011-03-02,101.81,101.93,101.81,101.83,13700,101.15
2011-03-01,101.55,101.78,101.52,101.77,15300,101.09
2011-02-28,101.77,101.77,101.66,101.67,15500,100.94
2011-02-25,101.70,101.71,101.58,101.67,11300,100.94
2011-02-24,101.78,101.78,101.68,101.68,11300,100.95
2011-02-23,101.47,101.67,101.40,101.62,18300,100.89
2011-02-22,101.28,101.47,101.25,101.47,79200,100.74
2011-02-18,100.69,100.98,100.67,100.98,25700,100.25
2011-02-17,100.47,100.62,100.47,100.62,103800,99.90
2011-02-16,100.33,100.39,100.23,100.32,14600,99.60
2011-02-15,100.24,100.34,100.21,100.34,106800,99.62
2011-02-14,100.20,100.25,100.20,100.25,2800,99.53
2011-02-11,100.28,100.29,100.18,100.18,4500,99.46
2011-02-10,100.30,100.30,100.15,100.15,17200,99.43
2011-02-09,100.31,100.40,100.24,100.37,4200,99.65
2011-02-08,100.50,100.52,100.26,100.27,7700,99.55
2011-02-07,100.48,100.56,100.40,100.56,7900,99.84
2011-02-04,100.71,100.73,100.53,100.53,7800,99.81
2011-02-03,100.81,100.85,100.77,100.77,15000,100.05
2011-02-02,101.15,101.15,100.90,100.90,4500,100.18
2011-02-01,100.98,101.17,100.96,101.13,48400,100.40
2011-01-31,101.13,101.18,101.09,101.09,4800,100.35
2011-01-28,100.83,101.09,100.83,101.08,8100,100.34
2011-01-27,100.90,100.90,100.78,100.83,10800,100.09
2011-01-26,100.87,100.89,100.74,100.84,11100,100.10
2011-01-25,100.85,100.97,100.77,100.90,15600,100.16
2011-01-24,100.82,100.87,100.82,100.82,6000,100.08
2011-01-21,100.72,100.80,100.63,100.72,10000,99.98
2011-01-20,100.92,100.92,100.72,100.72,7000,99.98
2011-01-19,101.07,101.08,100.98,101.05,10200,100.31
2011-01-18,100.98,101.06,100.92,101.04,10700,100.30
2011-01-14,101.09,101.15,101.04,101.04,7800,100.30
2011-01-13,100.93,101.12,100.86,101.10,90800,100.36
2011-01-12,100.83,101.04,100.78,100.99,48400,100.25
2011-01-11,100.87,100.99,100.84,100.93,10100,100.19
2011-01-10,100.69,100.77,100.69,100.74,2800,100.00
2011-01-07,100.60,100.76,100.60,100.68,1100,99.95
2011-01-06,100.36,100.50,100.31,100.48,11000,99.75
2011-01-05,100.26,100.28,100.22,100.25,3200,99.52
2011-01-04,100.30,100.36,100.28,100.35,16500,99.62
2011-01-03,100.06,100.21,100.00,100.17,4100,99.44
2010-12-31,99.99,100.12,99.99,100.08,8300,99.35
2010-12-30,100.06,100.06,99.92,99.92,3000,99.19
2010-12-29,99.81,100.13,99.79,100.09,6000,99.36
2010-12-28,99.92,99.92,99.77,99.80,5500,99.07
2010-12-27,99.99,99.99,99.84,99.99,5900,99.19
2010-12-23,100.03,100.07,100.03,100.04,700,99.24
2010-12-22,100.07,100.12,100.06,100.11,5200,99.31
2010-12-21,100.11,100.12,100.03,100.07,4500,99.27
2010-12-20,100.05,100.10,99.94,99.96,20700,99.16
2010-12-17,99.87,100.00,99.87,99.98,2600,99.18
2010-12-16,99.54,99.70,99.54,99.69,23100,98.89
2010-12-15,99.62,99.68,99.62,99.68,500,98.88
2010-12-14,99.64,99.64,99.41,99.48,5200,98.68
2010-12-13,99.50,99.68,99.44,99.62,14700,98.82