2011-05-10,54.04,54.04,53.96,53.98,120800,53.98
2011-05-09,53.99,54.03,53.96,54.00,128000,54.00
2011-05-06,53.86,54.00,53.82,53.92,155700,53.92
2011-05-05,54.03,54.06,53.94,53.98,193900,53.98
2011-05-04,54.12,54.15,54.06,54.11,127000,54.11
2011-05-03,54.13,54.13,54.08,54.11,105000,54.11
2011-05-02,54.09,54.15,54.05,54.11,120000,54.11
2011-04-29,54.05,54.09,54.00,54.07,122000,54.07
2011-04-28,54.19,54.29,54.18,54.26,117800,54.05
2011-04-27,54.06,54.14,54.03,54.12,79500,53.91
2011-04-26,53.96,54.06,53.96,54.03,107700,53.82
2011-04-25,53.93,54.00,53.90,53.97,103800,53.76
2011-04-21,53.90,53.90,53.85,53.89,78700,53.68
2011-04-20,53.96,53.96,53.91,53.94,137400,53.73
2011-04-19,53.89,53.98,53.85,53.98,133000,53.77
2011-04-18,53.85,53.90,53.78,53.89,91200,53.68
2011-04-15,53.73,53.79,53.72,53.78,107100,53.57
2011-04-14,53.75,53.76,53.64,53.69,84500,53.48
2011-04-13,53.68,53.76,53.65,53.72,207700,53.51
2011-04-12,53.67,53.72,53.63,53.72,215900,53.51
2011-04-11,53.65,53.68,53.61,53.64,161200,53.43
2011-04-08,53.57,53.65,53.53,53.63,105700,53.42
2011-04-07,53.51,53.60,53.50,53.56,640800,53.35
2011-04-06,53.54,53.55,53.48,53.50,690000,53.29
2011-04-05,53.63,53.65,53.53,53.58,619800,53.37
2011-04-04,53.56,53.65,53.54,53.62,139000,53.41
2011-04-01,53.35,53.50,53.30,53.48,76100,53.27
2011-03-31,53.50,53.50,53.42,53.42,68300,53.21
2011-03-30,53.55,53.66,53.55,53.63,135200,53.21
2011-03-29,53.62,53.64,53.55,53.57,402600,53.15
2011-03-28,53.59,53.63,53.55,53.62,344500,53.20
2011-03-25,53.76,53.77,53.56,53.59,91400,53.17
2011-03-24,53.73,53.81,53.73,53.76,714000,53.34
2011-03-23,53.83,53.85,53.76,53.77,102800,53.35
2011-03-22,53.77,53.82,53.74,53.81,94000,53.39
2011-03-21,53.91,53.91,53.82,53.87,1103700,53.45
2011-03-18,53.89,53.96,53.86,53.92,56100,53.50
2011-03-17,53.89,53.96,53.85,53.94,90300,53.52
2011-03-16,53.77,53.88,53.75,53.85,734400,53.43
2011-03-15,53.76,53.76,53.66,53.69,83800,53.27
2011-03-14,53.69,53.77,53.69,53.70,72500,53.28
2011-03-11,53.66,53.66,53.58,53.64,84500,53.22
2011-03-10,53.61,53.70,53.55,53.69,185500,53.27
2011-03-09,53.58,53.60,53.50,53.57,204800,53.15
2011-03-08,53.51,53.55,53.47,53.53,211000,53.11
2011-03-07,53.39,53.52,53.39,53.48,218200,53.06
2011-03-04,53.35,53.44,53.34,53.43,148600,53.01
2011-03-03,53.30,53.31,53.25,53.26,167100,52.84
2011-03-02,53.39,53.44,53.35,53.39,119200,52.97
2011-03-01,53.22,53.38,53.20,53.38,117200,52.96
2011-02-28,53.32,53.32,53.25,53.25,88000,52.83
2011-02-25,53.31,53.35,53.30,53.35,53800,52.86
2011-02-24,53.36,53.42,53.34,53.35,100000,52.86
2011-02-23,53.22,53.35,53.19,53.32,87400,52.83
2011-02-22,53.11,53.22,53.11,53.21,86400,52.72
2011-02-18,52.77,52.92,52.72,52.92,69000,52.44
2011-02-17,52.66,52.75,52.66,52.75,182100,52.27
2011-02-16,52.58,52.65,52.52,52.61,149700,52.13
2011-02-15,52.52,52.63,52.52,52.63,63400,52.15
2011-02-14,52.50,52.55,52.50,52.52,58800,52.04
2011-02-11,52.54,52.56,52.47,52.50,67700,52.02
2011-02-10,52.58,52.59,52.46,52.48,76100,52.00
2011-02-09,52.60,52.65,52.54,52.62,70100,52.14
2011-02-08,52.66,52.71,52.52,52.54,84100,52.06
2011-02-07,52.68,52.72,52.63,52.72,293100,52.24
2011-02-04,52.79,52.79,52.67,52.73,113600,52.25
2011-02-03,52.84,52.89,52.80,52.83,303600,52.35
2011-02-02,53.06,53.06,52.89,52.95,111900,52.47
2011-02-01,53.01,53.06,52.95,53.02,223300,52.54
2011-01-31,53.02,53.07,52.99,53.06,285100,52.57
2011-01-28,52.87,53.02,52.81,53.01,62100,52.51
2011-01-27,52.92,52.92,52.84,52.89,132700,52.39
2011-01-26,52.90,52.92,52.82,52.89,180000,52.39
2011-01-25,52.85,52.92,52.83,52.89,154200,52.39
2011-01-24,52.84,52.89,52.81,52.82,427000,52.32
2011-01-21,52.80,52.85,52.77,52.85,46400,52.35
2011-01-20,52.92,52.93,52.75,52.77,132800,52.27
2011-01-19,53.01,53.04,52.98,53.00,55100,52.50
2011-01-18,52.97,53.02,52.90,53.01,89900,52.51
2011-01-14,53.04,53.04,52.95,52.97,27700,52.47
2011-01-13,52.97,53.03,52.94,53.03,77600,52.53
2011-01-12,52.94,53.02,52.89,52.98,65000,52.48
2011-01-11,52.92,53.01,52.91,52.96,291000,52.46
2011-01-10,52.88,52.92,52.85,52.92,68900,52.42
2011-01-07,52.75,52.87,52.75,52.83,220400,52.33
2011-01-06,52.69,52.74,52.66,52.69,886400,52.19
2011-01-05,52.61,52.64,52.56,52.61,39300,52.12
2011-01-04,52.65,52.68,52.59,52.63,31800,52.13
2011-01-03,52.54,52.61,52.49,52.57,155100,52.08
2010-12-31,52.44,52.60,52.44,52.58,51500,52.09
2010-12-30,52.45,52.49,52.41,52.47,50700,51.98
2010-12-29,52.32,52.54,52.32,52.52,37800,52.03
2010-12-28,52.45,52.51,52.35,52.40,43100,51.85
2010-12-27,52.46,52.52,52.39,52.51,34700,51.96
2010-12-23,52.51,52.52,52.45,52.50,43000,51.95
2010-12-22,52.48,52.56,52.46,52.56,88900,52.01
2010-12-21,52.54,52.54,52.45,52.52,38300,51.97
2010-12-20,52.50,52.54,52.40,52.48,300000,51.93
2010-12-17,52.32,52.48,52.32,52.46,23000,51.91
2010-12-16,52.25,52.36,52.14,52.35,37800,51.80
2010-12-15,52.23,52.29,52.19,52.24,224600,51.69
2010-12-14,52.21,52.21,52.08,52.15,139400,51.60
2010-12-13,52.12,52.22,52.07,52.20,535400,51.65
2010-12-10,52.18,52.18,52.04,52.04,72000,51.49
2010-12-09,52.26,52.26,52.14,52.17,46200,51.62
2010-12-08,52.25,52.29,52.14,52.21,553800,51.66
2010-12-07,52.52,52.55,52.36,52.41,52800,51.86
2010-12-06,52.51,52.56,52.49,52.56,169400,52.01
2010-12-03,52.40,52.46,52.40,52.43,18500,51.88
2010-12-02,52.32,52.43,52.32,52.37,46700,51.82
2010-12-01,52.41,52.44,52.32,52.33,25900,51.78
2010-11-30,52.57,52.58,52.46,52.46,48200,51.91
2010-11-29,52.53,52.58,52.48,52.57,268600,51.99
2010-11-26,52.45,52.52,52.43,52.52,37200,51.94
2010-11-24,52.55,52.56,52.42,52.47,81800,51.89
2010-11-23,52.67,52.67,52.58,52.60,45400,52.02
2010-11-22,52.50,52.60,52.50,52.60,29100,52.02
2010-11-19,52.45,52.50,52.42,52.43,58200,51.85
2010-11-18,52.47,52.49,52.39,52.49,150000,51.91
2010-11-17,52.41,52.50,52.40,52.46,462000,51.88
2010-11-16,52.49,52.55,52.33,52.44,64500,51.86
2010-11-15,52.56,52.66,52.47,52.48,99500,51.90
2010-11-12,52.83,52.90,52.66,52.66,46800,52.08
2010-11-11,52.98,52.98,52.87,52.98,488500,52.39
2010-11-10,52.87,52.95,52.73,52.95,66200,52.36
2010-11-09,53.05,53.05,52.87,52.89,68300,52.30
2010-11-08,53.06,53.07,53.01,53.01,36000,52.42
2010-11-05,53.07,53.08,53.00,53.04,46100,52.45
2010-11-04,53.12,53.15,53.01,53.02,138400,52.43
2010-11-03,52.90,52.98,52.83,52.94,154800,52.35
2010-11-02,52.85,52.90,52.82,52.85,37600,52.26
2010-11-01,52.88,52.88,52.80,52.87,43800,52.28
2010-10-29,52.84,52.86,52.79,52.82,32600,52.23
2010-10-28,52.84,52.90,52.80,52.87,51800,52.26
2010-10-27,52.84,52.88,52.78,52.80,43400,52.19
2010-10-26,52.99,53.01,52.93,52.96,305000,52.35
2010-10-25,53.06,53.08,53.03,53.07,65200,52.46
2010-10-22,52.97,53.01,52.94,53.00,44600,52.39
2010-10-21,52.96,52.99,52.92,52.97,26900,52.36
2010-10-20,52.96,52.98,52.92,52.96,34100,52.35
2010-10-19,52.90,53.00,52.89,52.97,65300,52.36
2010-10-18,52.98,53.04,52.96,52.98,23200,52.37
2010-10-15,53.12,53.12,52.95,52.98,66100,52.37
2010-10-14,53.01,53.17,53.01,53.11,99700,52.50
2010-10-13,52.91,53.04,52.88,53.04,69900,52.43
2010-10-12,52.88,52.89,52.82,52.85,48500,52.24
2010-10-11,52.88,52.91,52.83,52.89,100400,52.28
2010-10-08,52.77,52.87,52.77,52.86,84200,52.25
2010-10-07,52.77,52.77,52.65,52.71,64200,52.11
2010-10-06,52.79,52.89,52.69,52.69,64400,52.09
2010-10-05,52.45,52.57,52.45,52.56,45400,51.96
2010-10-04,52.40,52.43,52.38,52.42,13100,51.82
2010-10-01,52.31,52.38,52.30,52.33,65400,51.73
2010-09-30,52.28,52.32,52.16,52.31,71100,51.71
2010-09-29,52.26,52.31,52.23,52.27,86600,51.67
2010-09-28,52.24,52.34,52.22,52.31,84800,51.71
2010-09-27,52.18,52.21,52.15,52.21,55800,51.61
2010-09-24,52.17,52.20,52.12,52.16,51700,51.56
2010-09-23,52.21,52.26,52.15,52.18,41100,51.58
2010-09-22,52.28,52.34,52.19,52.19,35900,51.59
2010-09-21,51.98,52.23,51.98,52.23,44700,51.63
2010-09-20,51.95,51.99,51.92,51.95,23100,51.35
2010-09-17,51.99,51.99,51.91,51.92,95100,51.32
2010-09-16,51.97,52.01,51.94,51.98,37100,51.38
2010-09-15,52.00,52.04,51.96,52.00,35000,51.40
2010-09-14,52.01,52.03,51.97,52.00,39000,51.40
2010-09-13,51.87,51.99,51.85,51.98,36100,51.38
2010-09-10,51.77,51.87,51.77,51.84,83200,51.25
2010-09-09,51.81,51.84,51.76,51.82,52700,51.23
2010-09-08,51.88,51.88,51.81,51.85,33300,51.26
2010-09-07,51.83,51.91,51.80,51.91,209800,51.32
2010-09-03,51.80,51.84,51.76,51.78,42900,51.19
2010-09-02,51.85,51.85,51.81,51.84,45600,51.25
2010-09-01,51.82,51.87,51.76,51.87,50400,51.28
2010-08-31,51.94,51.95,51.89,51.94,106900,51.34
2010-08-30,51.85,51.92,51.85,51.91,51400,51.32
2010-08-27,51.91,51.96,51.77,51.80,44900,51.21
2010-08-26,51.83,51.95,51.83,51.93,45500,51.33
2010-08-25,51.89,51.89,51.80,51.82,31000,51.23
2010-08-24,51.83,51.90,51.72,51.83,92900,51.24
2010-08-23,51.80,51.86,51.75,51.80,30600,51.21
2010-08-20,51.83,51.88,51.81,51.84,20500,51.25
2010-08-19,51.84,51.93,51.84,51.85,48800,51.26
2010-08-18,51.94,51.98,51.86,51.88,43200,51.29
2010-08-17,51.96,51.96,51.92,51.96,45300,51.36
2010-08-16,52.05,52.05,51.96,51.99,27600,51.39
2010-08-13,51.99,52.03,51.96,51.97,33600,51.37
2010-08-12,52.13,52.17,51.95,51.95,98500,51.35
2010-08-11,52.22,52.28,52.16,52.17,35900,51.57
2010-08-10,52.10,52.28,52.04,52.22,62300,51.62
2010-08-09,52.09,52.14,52.07,52.09,48600,51.49
2010-08-06,52.21,52.21,52.11,52.17,55800,51.57
2010-08-05,52.10,52.13,52.04,52.13,52500,51.53
2010-08-04,52.07,52.13,52.02,52.03,34700,51.43
2010-08-03,52.09,52.18,52.04,52.18,39400,51.58
2010-08-02,51.94,52.04,51.92,51.95,61200,51.35
2010-07-30,51.86,51.96,51.85,51.95,31000,51.35
2010-07-29,51.86,51.93,51.82,51.85,24400,51.22
2010-07-28,51.72,51.81,51.66,51.79,53400,51.16
2010-07-27,51.65,51.71,51.62,51.71,43400,51.08
2010-07-26,51.59,51.70,51.59,51.69,20900,51.06
2010-07-23,51.65,51.71,51.60,51.60,74400,50.97
2010-07-22,51.63,51.72,51.63,51.68,50500,51.05
2010-07-21,51.61,51.71,51.59,51.67,30800,51.04
2010-07-20,51.63,51.64,51.56,51.61,13700,50.98
2010-07-19,51.66,51.66,51.55,51.60,34400,50.97
2010-07-16,51.68,51.71,51.63,51.66,37500,51.03
2010-07-15,51.74,51.75,51.64,51.70,31200,51.07
2010-07-14,51.68,51.72,51.64,51.71,35100,51.08
2010-07-13,51.56,51.62,51.56,51.61,16400,50.98
2010-07-12,51.64,51.65,51.58,51.64,29700,51.01
2010-07-09,51.55,51.62,51.55,51.57,36800,50.94
2010-07-08,51.55,51.64,51.52,51.58,33300,50.95
2010-07-07,51.59,51.65,51.55,51.55,26700,50.92
2010-07-06,51.66,51.67,51.57,51.65,45400,51.02
2010-07-02,51.66,51.73,51.60,51.64,168100,51.01
2010-07-01,51.79,51.80,51.66,51.68,46000,51.05
2010-06-30,51.82,51.84,51.75,51.83,25600,51.20
2010-06-29,51.86,51.94,51.86,51.93,41500,51.19
2010-06-28,51.88,51.93,51.88,51.93,102700,51.19
2010-06-25,51.80,51.87,51.76,51.87,80500,51.13
2010-06-24,51.86,51.86,51.77,51.81,46100,51.07
2010-06-23,51.83,51.86,51.76,51.85,31300,51.11
2010-06-22,51.76,51.88,51.74,51.84,646100,51.10
2010-06-21,51.66,51.76,51.65,51.76,19900,51.02
2010-06-18,51.71,51.72,51.66,51.71,51400,50.97
2010-06-17,51.70,51.76,51.70,51.74,37600,51.00
2010-06-16,51.63,51.66,51.58,51.66,39000,50.92
2010-06-15,51.62,51.63,51.53,51.58,31500,50.84
2010-06-14,51.53,51.61,51.49,51.61,35300,50.87
2010-06-11,51.55,51.60,51.53,51.58,43800,50.84
2010-06-10,51.55,51.56,51.47,51.51,42800,50.77
2010-06-09,51.51,51.59,51.51,51.59,42400,50.85
2010-06-08,51.61,51.62,51.53,51.58,26100,50.84
2010-06-07,51.66,51.67,51.59,51.67,29100,50.93
2010-06-04,51.67,51.68,51.60,51.68,18000,50.94
2010-06-03,51.44,51.57,51.44,51.54,46200,50.80
2010-06-02,51.54,51.56,51.46,51.48,98200,50.74
2010-06-01,51.56,51.56,51.43,51.54,53400,50.80
2010-05-28,51.45,51.59,51.42,51.58,38700,50.84
2010-05-27,51.54,51.61,51.50,51.59,55300,50.69
2010-05-26,51.57,51.65,51.56,51.65,20500,50.75
2010-05-25,51.73,51.75,51.62,51.65,64800,50.75
2010-05-24,51.77,51.80,51.67,51.73,108600,50.82
2010-05-21,51.81,51.81,51.66,51.72,43900,50.81
2010-05-20,51.77,51.86,51.68,51.86,67200,50.95
2010-05-19,52.06,52.08,51.93,51.95,31300,51.04
2010-05-18,52.04,52.13,52.01,52.10,176000,51.19
2010-05-17,52.09,52.12,52.02,52.02,39500,51.11
2010-05-14,52.09,52.13,52.02,52.09,53300,51.18
2010-05-13,52.09,52.10,51.99,52.07,17500,51.16
2010-05-12,52.04,52.08,51.99,52.05,60800,51.14
2010-05-11,52.04,52.04,51.95,52.02,42500,51.11
2010-05-10,51.93,52.09,51.91,51.96,33600,51.05
2010-05-07,51.98,52.04,51.83,51.97,67600,51.06
2010-05-06,52.04,52.24,51.83,52.21,50600,51.30
2010-05-05,51.99,52.06,51.94,51.98,47400,51.07
2010-05-04,52.00,52.01,51.94,51.99,79000,51.08
2010-05-03,51.94,51.94,51.84,51.90,96000,50.99
2010-04-30,51.98,51.99,51.95,51.98,48600,51.07
2010-04-29,51.92,51.96,51.86,51.95,107200,51.02
2010-04-28,51.83,51.86,51.78,51.86,39600,50.93
2010-04-27,51.81,51.90,51.78,51.89,52900,50.96
2010-04-26,51.69,51.81,51.68,51.78,87600,50.86
2010-04-23,51.71,51.75,51.67,51.74,47000,50.82
2010-04-22,51.84,51.86,51.68,51.75,79200,50.83
2010-04-21,51.82,51.85,51.76,51.85,311200,50.92
2010-04-20,51.76,51.81,51.75,51.81,50200,50.89
2010-04-19,51.81,51.81,51.75,51.80,54400,50.88
2010-04-16,51.82,51.87,51.79,51.84,71200,50.91
2010-04-15,51.70,51.80,51.70,51.79,39700,50.87
2010-04-14,51.69,51.74,51.66,51.71,34600,50.79
2010-04-13,51.74,51.77,51.68,51.73,62600,50.81
2010-04-12,51.70,51.74,51.67,51.71,45400,50.79
2010-04-09,51.63,51.68,51.61,51.68,62300,50.76
2010-04-08,51.73,51.74,51.66,51.68,18600,50.76
2010-04-07,51.58,51.73,51.55,51.72,99900,50.80
2010-04-06,51.51,51.54,51.47,51.54,79000,50.62
2010-04-05,51.49,51.50,51.37,51.45,64600,50.53
2010-04-01,51.53,51.60,51.53,51.58,57600,50.66
2010-03-31,51.51,51.60,51.49,51.60,39600,50.68
2010-03-30,51.47,51.56,51.47,51.55,101700,50.55
2010-03-29,51.55,51.57,51.50,51.54,237600,50.54
2010-03-26,51.49,51.56,51.46,51.55,61000,50.55
2010-03-25,51.50,51.53,51.45,51.51,131100,50.51
2010-03-24,51.60,51.61,51.46,51.50,63300,50.50
2010-03-23,51.70,51.73,51.65,51.68,66700,50.68
2010-03-22,51.61,51.70,51.61,51.68,57000,50.68
2010-03-19,51.74,51.78,51.61,51.64,89400,50.64
2010-03-18,51.86,51.86,51.78,51.80,67400,50.80
2010-03-17,51.86,51.93,51.86,51.92,56500,50.92
2010-03-16,51.81,51.92,51.79,51.91,140000,50.91
2010-03-15,51.80,51.80,51.74,51.79,59300,50.79
2010-03-12,51.76,51.82,51.73,51.75,156800,50.75
2010-03-11,51.76,51.78,51.73,51.76,104400,50.76
2010-03-10,51.76,51.79,51.75,51.76,118200,50.76
2010-03-09,51.82,51.82,51.74,51.79,53800,50.79
2010-03-08,51.73,51.79,51.68,51.76,3226100,50.76
2010-03-05,51.66,51.75,51.64,51.72,60500,50.72
2010-03-04,51.70,51.75,51.68,51.72,82100,50.72
2010-03-03,51.70,51.76,51.70,51.75,74400,50.75
2010-03-02,51.71,51.76,51.69,51.75,114800,50.75
2010-03-01,51.72,51.72,51.66,51.69,64800,50.69
2010-02-26,51.68,51.70,51.66,51.70,42500,50.70
2010-02-25,51.69,51.70,51.64,51.68,42400,50.68
2010-02-24,51.70,51.71,51.61,51.69,35500,50.69
2010-02-23,51.69,51.73,51.67,51.70,48700,50.70
2010-02-22,51.67,51.69,51.61,51.65,47700,50.65
2010-02-19,51.69,51.69,51.64,51.68,102100,50.68
2010-02-18,51.83,51.84,51.75,51.81,143800,50.81
2010-02-17,51.83,51.87,51.77,51.80,179300,50.80
2010-02-16,51.75,51.85,51.71,51.85,102100,50.85
2010-02-12,51.83,51.83,51.76,51.80,101800,50.80
2010-02-11,51.74,51.77,51.71,51.76,67700,50.76
2010-02-10,51.82,51.84,51.70,51.75,94300,50.75
2010-02-09,51.83,51.88,51.78,51.83,53700,50.83
2010-02-08,51.85,51.86,51.80,51.84,61400,50.84
2010-02-05,51.93,51.97,51.82,51.88,73400,50.88
2010-02-04,51.89,51.94,51.85,51.94,69400,50.93
2010-02-03,51.84,51.97,51.80,51.86,104900,50.86
2010-02-02,51.83,51.90,51.82,51.90,52300,50.90
2010-02-01,51.76,51.83,51.70,51.82,74600,50.82
2010-01-29,51.71,51.78,51.69,51.78,78800,50.78
2010-01-28,51.73,51.78,51.71,51.78,68400,50.73
2010-01-27,51.88,51.89,51.73,51.75,94500,50.70
2010-01-26,51.85,51.86,51.80,51.86,79400,50.81
2010-01-25,51.78,51.85,51.75,51.81,66700,50.76
2010-01-22,51.80,51.81,51.72,51.72,105100,50.67
2010-01-21,51.80,51.89,51.80,51.85,55300,50.80
2010-01-20,51.80,51.88,51.80,51.84,93800,50.79
2010-01-19,51.80,51.84,51.72,51.83,66200,50.78
2010-01-15,51.75,51.80,51.73,51.80,34500,50.75
2010-01-14,51.67,51.70,51.63,51.68,105300,50.63
2010-01-13,51.66,51.66,51.58,51.59,53500,50.55
2010-01-12,51.65,51.72,51.65,51.70,49900,50.65
2010-01-11,51.65,51.66,51.60,51.65,45100,50.60
2010-01-08,51.65,51.65,51.56,51.61,63900,50.57
2010-01-07,51.53,51.58,51.51,51.56,46400,50.52
2010-01-06,51.50,51.55,51.45,51.55,66100,50.51
2010-01-05,51.49,51.53,51.44,51.51,61900,50.47
2010-01-04,51.39,51.41,51.30,51.41,57900,50.37
2009-12-31,51.30,52.09,51.20,51.37,35200,50.33
2009-12-30,51.37,51.41,51.35,51.39,84200,50.35
2009-12-29,51.35,51.40,51.22,51.36,41400,50.32
2009-12-28,51.39,51.41,51.34,51.38,67000,50.28
2009-12-24,51.41,51.42,51.35,51.40,31400,50.30
2009-12-23,51.42,51.49,51.42,51.46,49700,50.36
2009-12-22,51.41,51.47,51.41,51.46,36300,50.36
2009-12-21,51.53,51.53,51.44,51.50,109300,50.40
2009-12-18,51.59,51.63,51.55,51.57,55200,50.47
2009-12-17,51.50,51.63,51.50,51.62,35200,50.52
2009-12-16,51.49,52.80,51.45,51.53,54900,50.43
2009-12-15,51.44,51.48,51.41,51.48,33000,50.38
2009-12-14,51.44,51.44,51.35,51.42,21400,50.32
2009-12-11,51.39,51.40,51.33,51.40,31800,50.30
2009-12-10,51.39,51.42,51.30,51.42,30500,50.32
2009-12-09,51.48,51.53,51.39,51.42,39300,50.32
2009-12-08,51.58,51.59,51.51,51.53,63100,50.43
2009-12-07,51.45,51.53,51.44,51.51,14400,50.41
2009-12-04,51.55,51.55,51.45,51.47,40600,50.37
2009-12-03,51.66,51.67,51.63,51.66,48900,50.56
2009-12-02,51.74,51.78,51.69,51.71,28900,50.61
2009-12-01,51.70,51.75,51.67,51.73,31400,50.63
2009-11-30,51.73,51.75,51.58,51.73,6100,50.63
2009-11-27,51.76,51.76,51.62,51.75,13000,50.59
2009-11-25,51.66,51.74,51.65,51.74,33000,50.58
2009-11-24,51.64,51.73,51.59,51.67,81100,50.51
2009-11-23,51.56,51.62,51.51,51.62,26200,50.46
2009-11-20,51.74,51.74,51.48,51.57,74600,50.41
2009-11-19,51.59,51.61,51.50,51.59,42600,50.43
2009-11-18,51.58,51.59,51.54,51.56,38600,50.40
2009-11-17,51.40,51.50,51.39,51.50,88900,50.34
2009-11-16,51.35,51.48,51.28,51.47,31100,50.31
2009-11-13,51.31,51.33,51.23,51.31,78000,50.16
2009-11-12,51.42,51.42,51.26,51.34,60100,50.19
2009-11-11,51.43,51.51,51.39,51.42,34500,50.26
2009-11-10,51.41,51.41,51.30,51.37,47200,50.22
2009-11-09,51.35,51.38,51.27,51.38,60000,50.22
2009-11-06,51.20,51.25,51.12,51.24,67100,50.09
2009-11-05,51.16,51.19,51.15,51.19,39200,50.04
2009-11-04,51.05,51.12,51.04,51.11,21400,49.96
2009-11-03,51.00,51.09,51.00,51.06,45400,49.91
2009-11-02,51.09,51.12,50.95,51.07,127800,49.92
2009-10-30,51.04,51.09,51.01,51.06,45400,49.91
2009-10-29,51.01,51.05,50.93,51.05,32600,49.79
2009-10-28,51.05,51.08,50.96,51.04,69500,49.78
2009-10-27,50.90,51.05,50.89,51.04,45300,49.78
2009-10-26,50.82,50.90,50.74,50.83,30300,49.58
2009-10-23,50.81,50.85,50.81,50.83,18000,49.58
2009-10-22,50.85,50.85,50.80,50.83,29100,49.58
2009-10-21,50.95,50.95,50.85,50.89,37600,49.64
2009-10-20,51.08,51.08,50.92,50.97,36700,49.72
2009-10-19,50.86,50.97,50.85,50.96,38700,49.71
2009-10-16,50.82,50.86,50.75,50.86,30700,49.61
2009-10-15,50.77,50.82,50.71,50.80,100300,49.55
2009-10-14,50.77,50.79,50.72,50.75,45300,49.50
2009-10-13,50.77,50.80,50.70,50.80,43300,49.55
2009-10-12,50.84,50.84,50.63,50.72,23800,49.47
2009-10-09,50.63,50.65,50.57,50.65,40900,49.40
2009-10-08,50.74,50.74,50.67,50.73,70800,49.48
2009-10-07,50.63,50.71,50.61,50.71,20500,49.46
2009-10-06,50.51,50.64,50.51,50.62,19100,49.38
2009-10-05,50.62,50.62,50.51,50.61,26500,49.37
2009-10-02,50.57,50.60,50.52,50.55,9200,49.31
2009-10-01,50.56,50.62,50.44,50.62,46800,49.38
2009-09-30,50.41,50.52,50.37,50.50,32700,49.26
2009-09-29,50.35,50.42,50.34,50.39,57900,49.15
2009-09-28,50.41,50.45,50.32,50.45,48100,49.21
2009-09-25,50.40,50.42,50.30,50.41,88600,49.17
2009-09-24,50.45,50.45,50.37,50.41,35000,49.17
2009-09-23,50.30,50.45,50.26,50.43,47200,49.19
2009-09-22,50.34,50.40,50.32,50.38,65000,49.14
2009-09-21,50.35,50.37,50.23,50.30,38800,49.06
2009-09-18,50.46,50.46,50.30,50.34,41900,49.10
2009-09-17,50.50,50.50,50.31,50.45,64000,49.21
2009-09-16,50.51,50.51,50.37,50.47,85600,49.23
2009-09-15,50.41,50.46,50.39,50.45,32100,49.21
2009-09-14,50.44,50.50,50.40,50.42,42600,49.18
2009-09-11,50.43,50.57,50.40,50.46,59500,49.22
2009-09-10,50.41,50.44,50.33,50.41,45800,49.17
2009-09-09,50.28,50.37,50.25,50.36,82100,49.12
2009-09-08,50.33,50.37,50.25,50.29,46300,49.05
2009-09-04,50.19,50.24,50.09,50.16,26300,48.93
2009-09-03,49.98,50.13,49.96,50.13,21200,48.90
2009-09-02,50.07,50.08,50.00,50.06,19800,48.83
2009-09-01,49.96,50.04,49.90,50.02,34700,48.79
2009-08-31,49.97,50.07,49.87,49.93,33500,48.70
2009-08-28,49.95,50.05,49.94,50.02,29500,48.67
2009-08-27,49.98,50.04,49.94,49.97,26500,48.62
2009-08-26,50.04,50.59,49.94,49.98,37400,48.63
2009-08-25,49.96,50.01,49.89,49.95,000,48.60
2009-08-24,49.96,50.01,49.93,50.01,000,48.66
2009-08-21,50.01,50.01,49.97,49.97,000,48.62