2011-05-10,8.20,8.26,8.13,8.24,135200,8.24
2011-05-09,8.15,8.18,8.06,8.15,780100,8.15
2011-05-06,8.15,8.16,8.04,8.10,408200,8.10
2011-05-05,7.99,8.10,7.99,8.00,650800,8.00
2011-05-04,8.27,8.27,8.08,8.11,1732600,8.11
2011-05-03,8.56,8.57,8.37,8.39,1302000,8.39
2011-05-02,8.80,8.81,8.60,8.60,352100,8.60
2011-04-29,8.87,8.87,8.70,8.80,1600000,8.80
2011-04-28,8.32,8.45,8.24,8.45,429000,8.45
2011-04-27,8.28,8.40,8.23,8.39,374000,8.39
2011-04-26,8.20,8.32,8.18,8.31,1383000,8.31
2011-04-25,8.24,8.24,8.16,8.23,277500,8.23
2011-04-21,8.26,8.26,8.16,8.22,442300,8.22
2011-04-20,8.18,8.22,8.12,8.21,1284600,8.21
2011-04-19,8.07,8.10,7.96,8.05,571600,8.05
2011-04-18,8.16,8.19,7.98,8.09,1668600,8.09
2011-04-15,8.41,8.41,8.28,8.31,430500,8.31
2011-04-14,8.41,8.41,8.30,8.37,333100,8.37
2011-04-13,8.50,8.54,8.40,8.46,753000,8.46
2011-04-12,8.45,8.46,8.28,8.38,481700,8.38
2011-04-11,8.60,8.60,8.40,8.43,519000,8.43
2011-04-08,8.63,8.67,8.43,8.46,1015900,8.46
2011-04-07,8.64,8.65,8.55,8.58,529200,8.58
2011-04-06,8.71,8.78,8.63,8.78,1600900,8.78
2011-04-05,8.69,8.75,8.61,8.72,1340400,8.72
2011-04-04,8.82,8.85,8.64,8.68,475800,8.68
2011-04-01,8.89,8.90,8.69,8.75,852800,8.75
2011-03-31,8.77,8.83,8.69,8.80,803300,8.80
2011-03-30,8.75,8.77,8.67,8.74,613300,8.74
2011-03-29,8.58,8.67,8.48,8.62,1007500,8.62
2011-03-28,8.54,8.65,8.52,8.56,540400,8.56
2011-03-25,8.27,8.32,8.26,8.28,282100,8.28
2011-03-24,8.30,8.35,8.24,8.29,1092600,8.29
2011-03-23,8.19,8.30,8.15,8.29,376500,8.29
2011-03-22,8.30,8.30,8.10,8.15,242900,8.15
2011-03-21,8.21,8.26,8.13,8.25,1158900,8.25
2011-03-18,8.27,8.31,8.04,8.10,812000,8.10
2011-03-17,8.27,8.39,8.22,8.22,2923200,8.22
2011-03-16,8.44,8.46,8.09,8.18,2805800,8.18
2011-03-15,8.00,8.49,8.00,8.45,3935300,8.45
2011-03-14,7.75,7.88,7.70,7.77,2134400,7.77
2011-03-11,7.37,7.43,7.31,7.37,1497300,7.37
2011-03-10,7.64,7.67,7.45,7.52,1554900,7.52
2011-03-09,7.86,7.87,7.78,7.83,222400,7.83
2011-03-08,7.85,7.87,7.76,7.84,796800,7.84
2011-03-07,8.14,8.14,7.79,7.86,1088900,7.86
2011-03-04,8.13,8.15,8.00,8.05,447200,8.05
2011-03-03,8.24,8.30,8.05,8.11,1052800,8.11
2011-03-02,8.12,8.14,8.01,8.09,551200,8.09
2011-03-01,8.21,8.25,8.03,8.08,1653800,8.08
2011-02-28,8.53,8.60,8.16,8.21,688300,8.21
2011-02-25,8.69,8.72,8.46,8.50,1077100,8.50
2011-02-24,8.53,8.70,8.50,8.69,794000,8.69
2011-02-23,8.68,8.74,8.35,8.47,986800,8.47
2011-02-22,8.87,8.91,8.62,8.65,1065700,8.65
2011-02-18,9.10,9.16,8.97,9.00,1857400,9.00
2011-02-17,8.85,8.96,8.85,8.92,292100,8.92
2011-02-16,8.74,8.83,8.70,8.82,460100,8.82
2011-02-15,8.68,8.75,8.62,8.62,613700,8.62
2011-02-14,8.50,8.69,8.47,8.64,562500,8.64
2011-02-11,8.20,8.46,8.18,8.46,188000,8.46
2011-02-10,8.23,8.27,8.08,8.24,872800,8.24
2011-02-09,8.36,8.41,8.24,8.28,552800,8.28
2011-02-08,8.43,8.43,8.32,8.39,297700,8.39
2011-02-07,8.41,8.54,8.39,8.44,662200,8.44
2011-02-04,8.38,8.38,8.22,8.30,356700,8.30
2011-02-03,8.59,8.59,8.33,8.51,1006900,8.51
2011-02-02,8.21,8.57,8.21,8.56,935900,8.56
2011-02-01,8.07,8.20,8.01,8.13,254200,8.13
2011-01-31,7.89,7.96,7.83,7.96,267100,7.96
2011-01-28,8.10,8.10,7.81,7.83,444100,7.83
2011-01-27,8.04,8.12,8.01,8.08,227000,8.08
2011-01-26,8.22,8.25,8.00,8.03,569700,8.03
2011-01-25,8.32,8.37,8.07,8.09,1137500,8.09
2011-01-24,8.11,8.40,8.06,8.40,1023900,8.40
2011-01-21,8.11,8.15,8.00,8.08,833500,8.08
2011-01-20,7.89,8.05,7.81,8.02,506700,8.02
2011-01-19,8.27,8.27,7.96,7.99,605400,7.99
2011-01-18,7.91,8.22,7.82,8.20,648800,8.20
2011-01-14,7.86,7.87,7.77,7.82,285800,7.82
2011-01-13,7.97,7.99,7.87,7.89,1332800,7.89
2011-01-12,7.81,7.96,7.81,7.93,383100,7.93
2011-01-11,7.80,7.80,7.69,7.76,1214900,7.76
2011-01-10,7.50,7.67,7.49,7.65,544900,7.65
2011-01-07,7.48,7.50,7.33,7.46,214600,7.46
2011-01-06,7.42,7.54,7.42,7.43,265900,7.43
2011-01-05,7.34,7.46,7.33,7.43,229900,7.43
2011-01-04,7.42,7.48,7.34,7.43,380600,7.43
2011-01-03,7.37,7.46,7.37,7.39,293000,7.39
2010-12-31,7.30,7.31,7.25,7.30,560400,7.30
2010-12-30,7.27,7.32,7.24,7.28,277400,7.28
2010-12-29,7.27,7.28,7.24,7.25,636600,7.25
2010-12-28,7.44,7.44,7.23,7.23,160800,7.23
2010-12-27,7.25,7.41,7.25,7.34,220100,7.34
2010-12-23,7.37,7.45,7.37,7.43,232300,7.40
2010-12-22,7.40,7.42,7.36,7.38,284200,7.35
2010-12-21,7.37,7.43,7.36,7.38,528400,7.35
2010-12-20,7.30,7.33,7.25,7.29,337700,7.26
2010-12-17,7.35,7.41,7.27,7.30,339600,7.27
2010-12-16,7.43,7.43,7.29,7.38,200600,7.35
2010-12-15,7.50,7.53,7.35,7.38,254000,7.35
2010-12-14,7.54,7.55,7.44,7.46,262800,7.43
2010-12-13,7.58,7.60,7.45,7.45,442000,7.42
2010-12-10,7.47,7.58,7.45,7.57,372700,7.54
2010-12-09,7.47,7.55,7.39,7.47,132600,7.44
2010-12-08,7.35,7.44,7.30,7.44,266700,7.41
2010-12-07,7.56,7.64,7.35,7.37,643300,7.34
2010-12-06,7.39,7.52,7.39,7.51,850300,7.48
2010-12-03,7.25,7.40,7.23,7.37,420800,7.34
2010-12-02,7.07,7.25,7.06,7.24,440300,7.21
2010-12-01,7.07,7.08,7.00,7.04,546900,7.01
2010-11-30,6.99,6.99,6.83,6.85,594400,6.82
2010-11-29,7.23,7.23,7.02,7.10,771400,7.07
2010-11-26,7.25,7.29,7.23,7.26,169900,7.23
2010-11-24,7.25,7.33,7.24,7.30,205200,7.27
2010-11-23,7.23,7.26,7.16,7.18,608600,7.15
2010-11-22,7.41,7.49,7.30,7.36,367400,7.33
2010-11-19,7.41,7.47,7.25,7.45,644300,7.42
2010-11-18,7.42,7.49,7.36,7.37,601500,7.34
2010-11-17,7.50,7.52,7.25,7.26,3753400,7.23
2010-11-16,7.90,7.90,7.53,7.59,2309900,7.56
2010-11-15,8.09,8.09,7.90,7.90,1474900,7.87
2010-11-12,8.15,8.19,7.90,7.96,984600,7.93
2010-11-11,8.28,8.28,8.14,8.20,2250000,8.17
2010-11-10,8.61,8.61,8.36,8.49,223500,8.46
2010-11-09,8.95,8.95,8.59,8.60,513000,8.57
2010-11-08,8.67,8.81,8.67,8.78,412800,8.75
2010-11-05,8.72,8.78,8.61,8.70,195200,8.67
2010-11-04,8.67,8.72,8.60,8.67,895700,8.64
2010-11-03,8.47,8.54,8.34,8.52,215400,8.49
2010-11-02,8.42,8.46,8.32,8.44,197900,8.41
2010-11-01,8.55,8.55,8.22,8.30,358900,8.27
2010-10-29,8.55,8.55,8.38,8.41,493000,8.38
2010-10-28,8.76,8.76,8.59,8.69,200200,8.66
2010-10-27,8.51,8.63,8.47,8.61,310800,8.58
2010-10-26,8.60,8.66,8.52,8.63,295200,8.60
2010-10-25,8.55,8.64,8.52,8.58,196000,8.55
2010-10-22,8.51,8.52,8.41,8.44,135200,8.41
2010-10-21,8.57,8.62,8.33,8.46,279000,8.43
2010-10-20,8.53,8.66,8.48,8.55,2900400,8.52
2010-10-19,8.75,8.77,8.21,8.42,2627000,8.39
2010-10-18,8.84,8.99,8.76,8.89,2500500,8.86
2010-10-15,9.27,9.27,8.87,8.91,1433400,8.88
2010-10-14,9.01,9.34,8.97,9.16,1886400,9.12
2010-10-13,8.88,8.99,8.84,8.96,466100,8.93
2010-10-12,8.71,8.83,8.66,8.75,1406300,8.72
2010-10-11,8.61,8.84,8.60,8.74,456000,8.71
2010-10-08,8.54,8.56,8.42,8.47,435700,8.44
2010-10-07,8.53,8.59,8.45,8.59,309800,8.56
2010-10-06,8.41,8.49,8.39,8.41,119700,8.38
2010-10-05,8.46,8.47,8.36,8.42,249400,8.39
2010-10-04,8.55,8.55,8.26,8.28,503300,8.25
2010-10-01,8.70,8.70,8.48,8.52,496200,8.49
2010-09-30,8.58,8.67,8.46,8.61,674100,8.58
2010-09-29,8.22,8.54,8.22,8.46,700700,8.43
2010-09-28,8.25,8.28,8.10,8.25,898100,8.22
2010-09-27,8.21,8.26,8.18,8.23,186300,8.20
2010-09-24,8.10,8.25,8.06,8.22,408000,8.19
2010-09-23,7.94,8.03,7.83,7.93,201200,7.90
2010-09-22,8.00,8.09,7.92,7.97,1960600,7.94
2010-09-21,8.01,8.07,7.96,7.99,351700,7.96
2010-09-20,8.00,8.00,7.88,7.96,225800,7.93
2010-09-17,7.99,8.01,7.88,7.91,88400,7.88
2010-09-16,7.91,8.03,7.91,8.00,454600,7.97
2010-09-15,7.90,7.96,7.83,7.90,288300,7.87
2010-09-14,7.83,8.05,7.83,7.95,241800,7.92
2010-09-13,7.87,7.93,7.84,7.85,148000,7.82
2010-09-10,7.78,7.88,7.74,7.77,254800,7.74
2010-09-09,7.84,7.90,7.72,7.76,155300,7.73
2010-09-08,7.73,7.81,7.72,7.73,316900,7.70
2010-09-07,7.74,7.74,7.63,7.66,269800,7.63
2010-09-03,7.78,7.85,7.73,7.84,251800,7.81
2010-09-02,7.57,7.76,7.57,7.73,238400,7.70
2010-09-01,7.45,7.59,7.44,7.56,158800,7.53
2010-08-31,7.15,7.34,7.13,7.29,155600,7.26
2010-08-30,7.27,7.35,7.16,7.16,390200,7.13
2010-08-27,7.07,7.33,6.99,7.29,1378100,7.26
2010-08-26,7.18,7.21,7.01,7.01,404700,6.98
2010-08-25,6.94,7.07,6.85,7.05,2003200,7.02
2010-08-24,7.12,7.15,6.96,7.03,1723400,7.00
2010-08-23,7.44,7.49,7.26,7.29,208500,7.26
2010-08-20,7.40,7.40,7.24,7.39,180200,7.36
2010-08-19,7.68,7.68,7.41,7.46,128200,7.43
2010-08-18,7.70,7.75,7.64,7.73,110500,7.70
2010-08-17,7.60,7.69,7.58,7.63,134300,7.60
2010-08-16,7.45,7.63,7.42,7.55,407700,7.52
2010-08-13,7.54,7.67,7.49,7.50,226200,7.47
2010-08-12,7.70,7.70,7.42,7.58,426400,7.55
2010-08-11,7.80,7.80,7.47,7.47,771300,7.44
2010-08-10,7.92,8.04,7.88,7.95,341500,7.92
2010-08-09,8.45,8.45,8.03,8.18,255600,8.15
2010-08-06,7.96,8.07,7.90,8.07,227900,8.04
2010-08-05,7.91,8.02,7.91,8.00,357100,7.97
2010-08-04,7.92,7.96,7.84,7.96,340900,7.93
2010-08-03,8.00,8.00,7.86,7.90,242100,7.87
2010-08-02,7.73,7.87,7.73,7.86,426100,7.83
2010-07-30,7.66,7.68,7.57,7.62,1150400,7.59
2010-07-29,8.00,8.07,7.76,7.88,224900,7.85
2010-07-28,8.02,8.05,7.91,7.93,1799600,7.90
2010-07-27,8.19,8.24,7.98,7.99,1544900,7.96
2010-07-26,8.10,8.20,8.06,8.19,228300,8.16
2010-07-23,8.01,8.11,7.93,8.09,500100,8.06
2010-07-22,7.84,8.00,7.84,8.00,351000,7.97
2010-07-21,7.85,7.88,7.66,7.69,197000,7.66
2010-07-20,7.55,7.82,7.51,7.76,245500,7.73
2010-07-19,7.60,7.72,7.52,7.71,182100,7.68
2010-07-16,7.73,7.73,7.55,7.56,143000,7.53
2010-07-15,7.71,7.78,7.57,7.74,185200,7.71
2010-07-14,7.67,7.73,7.55,7.66,482300,7.63
2010-07-13,7.58,7.69,7.58,7.62,1068300,7.59
2010-07-12,7.57,7.65,7.44,7.50,289200,7.47
2010-07-09,7.46,7.70,7.46,7.70,700400,7.67
2010-07-08,7.33,7.60,7.33,7.57,837800,7.54
2010-07-07,6.95,7.33,6.95,7.33,686400,7.30
2010-07-06,7.07,7.12,6.87,6.89,327400,6.86
2010-07-02,6.76,6.82,6.65,6.74,359500,6.71
2010-07-01,6.55,6.67,6.40,6.64,392200,6.61
2010-06-30,6.47,6.64,6.45,6.45,162000,6.42
2010-06-29,6.63,6.66,6.45,6.51,408900,6.48
2010-06-28,6.93,7.00,6.83,6.83,164600,6.80
2010-06-25,6.76,6.95,6.72,6.93,375400,6.90
2010-06-24,7.00,7.00,6.78,6.80,305600,6.77
2010-06-23,7.12,7.15,6.92,7.10,219600,7.07
2010-06-22,7.24,7.30,7.05,7.09,192600,7.06
2010-06-21,7.41,7.50,7.24,7.27,364800,7.24
2010-06-18,7.23,7.30,7.20,7.30,450700,7.27
2010-06-17,7.28,7.32,7.17,7.25,452400,7.22
2010-06-16,7.11,7.25,7.08,7.16,288900,7.13
2010-06-15,6.98,7.22,6.96,7.21,432600,7.18
2010-06-14,6.89,7.02,6.79,6.82,466900,6.79
2010-06-11,6.53,6.80,6.53,6.80,297700,6.77
2010-06-10,6.36,6.62,6.36,6.61,337200,6.58
2010-06-09,6.19,6.35,6.08,6.12,240800,6.10
2010-06-08,6.12,6.24,6.02,6.13,386000,6.11
2010-06-07,6.40,6.46,6.10,6.10,302500,6.08
2010-06-04,6.52,6.67,6.40,6.42,536900,6.39
2010-06-03,6.69,6.72,6.53,6.64,392000,6.61
2010-06-02,6.45,6.59,6.35,6.59,283600,6.56
2010-06-01,6.53,6.72,6.40,6.41,409600,6.38
2010-05-28,6.86,6.87,6.57,6.66,430000,6.63
2010-05-27,6.61,6.87,6.60,6.87,896300,6.84
2010-05-26,6.48,6.56,6.33,6.38,469000,6.36
2010-05-25,6.22,6.35,6.11,6.33,1132600,6.31
2010-05-24,6.71,6.71,6.42,6.43,392700,6.40
2010-05-21,6.44,6.81,6.31,6.68,451000,6.65
2010-05-20,6.38,6.67,6.26,6.46,770200,6.43
2010-05-19,6.70,6.75,6.45,6.67,371000,6.64
2010-05-18,7.01,7.12,6.71,6.74,359400,6.71
2010-05-17,7.15,7.17,6.78,6.96,470700,6.93
2010-05-14,7.33,7.41,7.07,7.19,319100,7.16
2010-05-13,7.55,7.60,7.42,7.44,211200,7.41
2010-05-12,7.45,7.58,7.45,7.57,293700,7.54
2010-05-11,7.58,7.59,7.42,7.45,472500,7.42
2010-05-10,7.70,7.73,7.54,7.71,642500,7.68
2010-05-07,7.24,7.39,6.90,7.12,836400,7.09
2010-05-06,7.71,7.77,6.80,7.26,1090300,7.23
2010-05-05,7.88,7.97,7.67,7.76,877000,7.73
2010-05-04,8.36,8.37,8.01,8.04,1046200,8.01
2010-05-03,8.52,8.60,8.41,8.54,402700,8.51
2010-04-30,8.70,8.70,8.41,8.44,453400,8.41
2010-04-29,8.56,8.73,8.56,8.68,640100,8.65
2010-04-28,8.31,8.31,8.11,8.21,421000,8.18
2010-04-27,8.52,8.59,8.26,8.29,303800,8.26
2010-04-26,8.63,8.74,8.59,8.64,222100,8.61
2010-04-23,8.57,8.68,8.50,8.68,548200,8.65
2010-04-22,8.41,8.58,8.30,8.57,642900,8.54
2010-04-21,8.67,8.67,8.45,8.55,425000,8.52
2010-04-20,8.64,8.74,8.60,8.72,260800,8.69
2010-04-19,8.49,8.56,8.35,8.48,475600,8.45
2010-04-16,9.06,9.06,8.60,8.63,1093100,8.60
2010-04-15,8.94,9.12,8.90,9.11,406100,9.07
2010-04-14,8.85,9.00,8.84,8.96,401900,8.93
2010-04-13,8.85,8.87,8.76,8.81,197800,8.78
2010-04-12,8.74,8.84,8.70,8.75,249200,8.72
2010-04-09,8.81,8.85,8.65,8.65,287000,8.62
2010-04-08,8.63,8.77,8.58,8.77,613900,8.74
2010-04-07,8.65,8.81,8.59,8.77,1036700,8.74
2010-04-06,8.50,8.55,8.49,8.54,405100,8.51
2010-04-05,8.60,8.61,8.50,8.58,238400,8.55
2010-04-01,8.62,8.64,8.51,8.58,243400,8.55
2010-03-31,8.59,8.60,8.50,8.56,361400,8.53
2010-03-30,8.51,8.58,8.40,8.57,415500,8.54
2010-03-29,8.41,8.55,8.40,8.55,419800,8.52
2010-03-26,8.21,8.43,8.21,8.40,784700,8.37
2010-03-25,8.25,8.34,8.13,8.15,441200,8.12
2010-03-24,8.20,8.21,8.10,8.15,180600,8.12
2010-03-23,8.03,8.19,8.02,8.19,200500,8.16
2010-03-22,8.00,8.05,7.88,8.05,374600,8.02
2010-03-19,8.20,8.20,8.00,8.10,397300,8.07
2010-03-18,8.35,8.41,8.20,8.23,521800,8.20
2010-03-17,8.49,8.49,8.40,8.43,466300,8.40
2010-03-16,8.38,8.44,8.31,8.40,1315700,8.37
2010-03-15,8.47,8.54,8.32,8.35,447400,8.32
2010-03-12,8.50,8.55,8.46,8.53,448100,8.50
2010-03-11,8.38,8.45,8.28,8.42,496300,8.39
2010-03-10,8.18,8.41,8.18,8.40,564300,8.37
2010-03-09,8.17,8.22,8.08,8.16,430200,8.13
2010-03-08,8.30,8.34,8.19,8.27,309700,8.24
2010-03-05,8.20,8.32,8.18,8.32,288200,8.29
2010-03-04,8.25,8.28,8.11,8.15,463800,8.12
2010-03-03,8.02,8.20,8.02,8.09,714400,8.06
2010-03-02,7.74,7.90,7.72,7.81,415700,7.78
2010-03-01,7.92,7.92,7.70,7.72,372900,7.69
2010-02-26,7.80,7.85,7.70,7.76,124000,7.73
2010-02-25,7.67,7.78,7.55,7.78,417900,7.75
2010-02-24,7.97,8.01,7.75,7.83,668500,7.80
2010-02-23,8.14,8.15,7.90,7.96,575700,7.93
2010-02-22,8.40,8.42,8.21,8.25,576200,8.22
2010-02-19,8.47,8.47,8.30,8.36,333400,8.33
2010-02-18,8.59,8.67,8.55,8.64,99300,8.61
2010-02-17,8.79,8.79,8.55,8.62,273400,8.59
2010-02-16,8.44,8.74,8.38,8.73,490200,8.70
2010-02-12,8.26,8.42,8.05,8.33,540500,8.30
2010-02-11,8.29,8.48,8.16,8.47,629300,8.44
2010-02-10,8.39,8.40,8.11,8.23,505600,8.20
2010-02-09,8.50,8.60,8.39,8.45,458300,8.42
2010-02-08,8.48,8.50,8.24,8.24,196800,8.21
2010-02-05,8.50,8.62,8.27,8.58,497400,8.55
2010-02-04,9.00,9.01,8.55,8.57,424800,8.54
2010-02-03,9.20,9.26,9.13,9.16,234900,9.12
2010-02-02,9.08,9.21,8.97,9.15,243800,9.11
2010-02-01,8.90,9.04,8.86,9.01,273600,8.97
2010-01-29,8.92,9.10,8.67,8.77,351200,8.74
2010-01-28,9.15,9.15,8.78,8.92,255700,8.89
2010-01-27,9.24,9.24,8.82,9.04,566200,9.00
2010-01-26,9.09,9.38,9.02,9.17,417200,9.13
2010-01-25,9.17,9.28,9.03,9.14,446300,9.10
2010-01-22,9.25,9.29,8.81,8.88,860600,8.85
2010-01-21,9.75,9.79,9.35,9.39,790900,9.35
2010-01-20,9.87,9.90,9.59,9.65,1151600,9.61
2010-01-19,9.99,10.06,9.85,10.05,601400,10.01
2010-01-15,10.45,10.48,10.06,10.06,754400,10.02
2010-01-14,11.00,11.17,10.40,10.55,1318000,10.51
2010-01-13,10.96,11.05,10.72,10.94,513000,10.90
2010-01-12,11.17,11.24,10.88,10.91,688000,10.87
2010-01-11,11.42,11.47,11.30,11.30,366600,11.26
2010-01-08,11.16,11.34,11.14,11.28,457600,11.24
2010-01-07,11.10,11.19,10.98,11.08,565400,11.04
2010-01-06,11.06,11.20,11.01,11.03,1125100,10.99
2010-01-05,10.61,11.04,10.60,11.04,1173400,11.00
2010-01-04,10.35,10.59,10.34,10.59,197100,10.55
2009-12-31,10.29,10.30,10.19,10.25,135500,10.21
2009-12-30,10.23,10.27,10.12,10.26,126300,10.22
2009-12-29,10.34,10.35,10.20,10.24,133600,10.20
2009-12-28,10.19,10.31,10.15,10.20,244100,10.16
2009-12-24,10.25,10.34,10.18,10.21,148800,10.17
2009-12-23,10.31,10.37,10.24,10.25,182300,10.21
2009-12-22,10.28,10.44,10.21,10.25,175900,10.21
2009-12-21,10.14,10.34,10.05,10.28,231800,10.24
2009-12-18,9.96,10.05,9.86,10.01,266400,9.97
2009-12-17,10.02,10.08,9.86,9.92,266000,9.88
2009-12-16,10.23,10.30,10.13,10.13,244300,10.09
2009-12-15,10.09,10.28,10.05,10.12,389900,10.08
2009-12-14,9.83,10.07,9.81,10.00,471900,9.96
2009-12-11,9.83,9.88,9.72,9.76,271300,9.72
2009-12-10,9.93,10.00,9.79,9.79,152700,9.75
2009-12-09,9.95,9.99,9.79,9.91,321800,9.87
2009-12-08,10.04,10.12,9.92,10.00,718900,9.96
2009-12-07,9.79,10.12,9.79,10.09,305900,10.05
2009-12-04,9.85,9.93,9.55,9.75,275800,9.71
2009-12-03,9.59,9.79,9.56,9.67,232000,9.63
2009-12-02,9.61,9.64,9.46,9.60,305400,9.56
2009-12-01,9.47,9.65,9.44,9.60,223000,9.56
2009-11-30,9.22,9.35,9.22,9.29,121200,9.25
2009-11-27,9.00,9.24,8.88,9.22,182600,9.18
2009-11-25,9.41,9.43,9.30,9.43,127100,9.39
2009-11-24,9.47,9.48,9.23,9.32,379000,9.28
2009-11-23,9.44,9.50,9.30,9.42,428400,9.38
2009-11-20,9.10,9.19,9.02,9.19,281200,9.15
2009-11-19,9.27,9.28,9.08,9.25,228100,9.21
2009-11-18,9.33,9.42,9.22,9.36,239600,9.32
2009-11-17,9.17,9.23,9.10,9.23,214400,9.19
2009-11-16,9.08,9.31,9.04,9.29,254600,9.25
2009-11-13,8.57,8.93,8.57,8.92,147700,8.89
2009-11-12,8.75,8.82,8.54,8.60,206700,8.57
2009-11-11,8.92,8.92,8.75,8.80,150800,8.77
2009-11-10,8.85,8.93,8.71,8.81,218000,8.78
2009-11-09,8.87,8.93,8.76,8.93,176800,8.90
2009-11-06,8.64,8.75,8.59,8.70,322300,8.67
2009-11-05,8.59,8.83,8.59,8.83,142700,8.80
2009-11-04,8.69,8.73,8.49,8.52,195100,8.49
2009-11-03,8.13,8.58,8.12,8.52,204000,8.49
2009-11-02,8.35,8.50,8.18,8.33,485700,8.30
2009-10-30,8.68,8.76,8.35,8.43,283100,8.40
2009-10-29,8.60,8.84,8.48,8.79,611600,8.76
2009-10-28,8.87,8.94,8.55,8.61,432300,8.58
2009-10-27,9.17,9.27,8.92,9.03,352600,8.99
2009-10-26,9.48,9.60,9.19,9.22,402700,9.18
2009-10-23,9.65,9.68,9.40,9.46,187600,9.42
2009-10-22,9.72,9.77,9.58,9.71,1679400,9.67
2009-10-21,9.76,9.96,9.73,9.80,302700,9.76
2009-10-20,9.89,9.92,9.71,9.88,131300,9.84
2009-10-19,9.60,9.83,9.51,9.83,347100,9.79
2009-10-16,9.66,9.66,9.44,9.60,223800,9.56
2009-10-15,9.90,9.95,9.70,9.76,289300,9.72
2009-10-14,10.08,10.08,9.83,10.00,862900,9.96
2009-10-13,10.03,10.15,9.80,9.88,221300,9.84
2009-10-12,9.98,10.18,9.94,10.10,319800,10.06
2009-10-09,9.82,9.86,9.70,9.86,342100,9.82
2009-10-08,9.83,9.92,9.75,9.83,288600,9.79
2009-10-07,9.67,9.80,9.57,9.77,390400,9.73
2009-10-06,9.48,9.74,9.48,9.61,348400,9.57
2009-10-05,9.26,9.38,9.24,9.32,247000,9.28
2009-10-02,9.14,9.39,9.09,9.14,368000,9.10
2009-10-01,9.72,9.75,9.35,9.38,1044700,9.34
2009-09-30,10.00,10.11,9.79,9.87,676700,9.83
2009-09-29,9.83,9.96,9.77,9.89,215500,9.85
2009-09-28,9.76,9.88,9.69,9.85,215800,9.81
2009-09-25,9.84,9.92,9.72,9.91,228400,9.87
2009-09-24,10.25,10.37,9.83,9.92,434100,9.88
2009-09-23,10.66,10.67,10.29,10.30,325400,10.26
2009-09-22,10.61,10.77,10.59,10.64,352800,10.60
2009-09-21,10.30,10.48,10.14,10.46,279100,10.42
2009-09-18,10.49,10.63,10.39,10.56,450100,10.52
2009-09-17,10.39,10.59,10.15,10.25,434700,10.21
2009-09-16,10.10,10.37,10.09,10.35,689400,10.31
2009-09-15,9.76,10.07,9.73,10.00,388800,9.96
2009-09-14,9.50,9.66,9.42,9.60,211100,9.56
2009-09-11,9.89,9.93,9.55,9.69,294800,9.65
2009-09-10,9.55,9.86,9.50,9.86,1313100,9.82
2009-09-09,9.44,9.65,9.38,9.45,795000,9.41
2009-09-08,8.96,9.39,8.89,9.39,653300,9.35
2009-09-04,8.44,8.64,8.41,8.64,317100,8.61
2009-09-03,8.31,8.53,8.26,8.46,555500,8.43
2009-09-02,8.07,8.24,7.91,8.14,420900,8.11
2009-09-01,8.34,8.53,8.07,8.12,427000,8.09
2009-08-31,8.51,8.65,8.46,8.52,217300,8.49
2009-08-28,8.88,8.91,8.75,8.80,185800,8.77
2009-08-27,8.62,8.74,8.42,8.67,284300,8.64
2009-08-26,8.84,8.86,8.62,8.73,210200,8.70
2009-08-25,8.84,8.94,8.75,8.81,160300,8.78
2009-08-24,8.86,8.96,8.81,8.85,488800,8.82
2009-08-21,9.02,9.11,8.83,8.84,409600,8.81
2009-08-20,8.90,9.05,8.79,8.85,308000,8.82
2009-08-19,8.60,8.85,8.50,8.84,352200,8.81
2009-08-18,8.88,8.97,8.77,8.77,251000,8.74
2009-08-17,9.04,9.04,8.76,8.84,395900,8.81
2009-08-14,9.45,9.51,9.23,9.35,399900,9.31
2009-08-13,9.80,9.80,9.35,9.47,579500,9.43
2009-08-12,9.77,9.85,9.69,9.75,238500,9.71
2009-08-11,10.00,10.06,9.74,9.80,178300,9.76
2009-08-10,9.82,10.00,9.82,9.98,195400,9.94
2009-08-07,10.04,10.09,9.75,9.82,913600,9.78
2009-08-06,10.30,10.30,9.86,9.87,472200,9.83
2009-08-05,10.12,10.21,9.92,10.13,300700,10.09
2009-08-04,10.17,10.30,10.05,10.19,282500,10.15
2009-08-03,10.10,10.30,10.06,10.23,472200,10.19
2009-07-31,9.93,9.94,9.67,9.88,505800,9.84
2009-07-30,10.18,10.25,10.05,10.12,481900,10.08
2009-07-29,9.85,9.97,9.75,9.91,285200,9.87
2009-07-28,10.17,10.21,9.83,10.20,477500,10.16
2009-07-27,10.73,10.73,10.27,10.43,656400,10.39
2009-07-24,10.16,10.56,10.05,10.55,932900,10.51
2009-07-23,9.60,9.90,9.54,9.86,460000,9.82
2009-07-22,9.52,9.57,9.37,9.52,173700,9.48
2009-07-21,9.32,9.60,9.32,9.60,360700,9.56
2009-07-20,9.10,9.28,9.05,9.14,418000,9.10
2009-07-17,8.95,9.07,8.87,8.95,228200,8.92
2009-07-16,8.97,9.10,8.85,9.04,164000,9.00
2009-07-15,8.69,8.96,8.69,8.95,374400,8.92
2009-07-14,8.59,8.59,8.32,8.49,304200,8.46
2009-07-13,8.49,8.64,8.23,8.64,143200,8.61
2009-07-10,8.49,8.54,8.10,8.33,163200,8.30
2009-07-09,8.61,8.80,8.51,8.58,322600,8.55
2009-07-08,8.50,8.59,8.12,8.41,725400,8.38
2009-07-07,8.88,8.93,8.42,8.42,863900,8.39
2009-07-06,9.15,9.22,8.78,8.96,547200,8.93
2009-07-02,9.48,9.56,9.34,9.47,256700,9.43
2009-07-01,9.73,9.78,9.57,9.61,353200,9.57
2009-06-30,9.64,9.68,9.37,9.54,236000,9.50
2009-06-29,9.57,9.69,9.40,9.45,390100,9.41
2009-06-26,9.57,9.63,9.42,9.49,400900,9.45
2009-06-25,9.52,9.69,9.40,9.57,882700,9.53
2009-06-24,9.53,9.77,9.40,9.49,704600,9.45
2009-06-23,9.30,9.38,8.95,9.22,710400,9.18
2009-06-22,9.84,9.90,9.02,9.05,1933600,9.01
2009-06-19,10.14,10.21,9.87,9.90,359900,9.86
2009-06-18,10.01,10.15,9.86,9.97,418300,9.93
2009-06-17,10.44,10.44,9.82,10.08,811300,10.04
2009-06-16,10.66,10.97,10.32,10.40,1238300,10.36
2009-06-15,10.97,10.97,10.40,10.54,704800,10.50
2009-06-12,11.27,11.32,10.90,11.10,1454600,11.06
2009-06-11,11.55,11.67,11.36,11.49,3244200,11.45
2009-06-10,11.23,11.48,11.00,11.46,2155400,11.42
2009-06-09,10.74,10.93,10.59,10.80,433700,10.76
2009-06-08,10.41,10.66,10.14,10.64,624500,10.60
2009-06-05,11.00,11.02,10.53,10.65,782000,10.61
2009-06-04,10.16,10.80,10.12,10.80,398000,10.76
2009-06-03,10.25,10.32,9.79,9.98,848100,9.94
2009-06-02,10.38,10.59,10.26,10.52,601000,10.48
2009-06-01,10.25,10.53,10.17,10.41,463600,10.37
2009-05-29,9.95,10.09,9.70,9.70,655700,9.66
2009-05-28,9.80,9.85,9.39,9.67,263900,9.63
2009-05-27,9.44,10.02,9.44,9.72,600600,9.68
2009-05-26,9.44,9.63,8.91,9.59,407000,9.55
2009-05-22,9.59,9.62,9.25,9.29,331100,9.25
2009-05-21,9.60,9.60,8.53,9.44,715800,9.40
2009-05-20,9.66,10.00,9.57,9.72,963200,9.68
2009-05-19,8.89,9.67,8.85,9.56,739500,9.52
2009-05-18,8.67,8.90,8.59,8.82,258800,8.79
2009-05-15,8.81,8.85,8.46,8.60,385900,8.57
2009-05-14,8.18,8.70,8.18,8.63,538800,8.60
2009-05-13,8.70,8.70,8.10,8.16,630200,8.13
2009-05-12,9.16,9.35,8.84,8.97,862000,8.93
2009-05-11,9.19,9.24,8.75,9.13,369600,9.09
2009-05-08,9.41,9.53,9.10,9.42,345100,9.38
2009-05-07,9.99,10.01,9.02,9.12,720800,9.08
2009-05-06,9.43,9.74,9.40,9.62,578700,9.58
2009-05-05,9.36,9.60,9.16,9.30,1259200,9.26
2009-05-04,8.50,9.34,8.50,9.34,852000,9.30
2009-05-01,8.31,8.43,8.13,8.34,278000,8.31
2009-04-30,8.15,8.48,8.07,8.23,864300,8.20
2009-04-29,7.43,7.88,7.30,7.80,261300,7.77
2009-04-28,7.34,7.34,7.14,7.20,225100,7.17
2009-04-27,7.53,7.60,7.27,7.40,205600,7.37
2009-04-24,7.72,7.85,7.58,7.60,323200,7.57
2009-04-23,7.86,7.86,7.43,7.63,243300,7.60
2009-04-22,7.26,7.85,7.25,7.52,317300,7.49
2009-04-21,7.09,7.34,6.81,7.28,378200,7.25
2009-04-20,7.75,7.75,7.11,7.14,570000,7.11
2009-04-17,8.15,8.15,7.90,7.90,568900,7.87
2009-04-16,8.19,8.27,8.01,8.12,501400,8.09
2009-04-15,7.96,8.13,7.81,8.10,942700,8.07
2009-04-14,7.81,8.14,7.75,7.96,748800,7.93
2009-04-13,7.63,7.92,7.21,7.78,467400,7.75
2009-04-09,7.62,7.90,7.62,7.76,791000,7.73
2009-04-08,7.11,7.38,7.11,7.38,198700,7.35
2009-04-07,7.24,7.43,7.10,7.13,888300,7.10
2009-04-06,7.40,7.65,7.27,7.61,541800,7.58
2009-04-03,7.42,7.58,7.18,7.47,332500,7.44
2009-04-02,7.25,7.70,7.25,7.32,894200,7.29
2009-04-01,6.84,7.18,6.72,7.10,606400,7.07
2009-03-31,6.88,7.31,6.65,6.94,943900,6.91
2009-03-30,6.78,6.97,6.66,6.77,541700,6.74
2009-03-27,7.12,7.38,6.92,7.33,752700,7.30
2009-03-26,6.30,7.56,6.25,7.35,1597000,7.32
2009-03-25,6.25,6.47,5.95,6.18,346200,6.16
2009-03-24,6.35,6.35,6.00,6.15,335700,6.13
2009-03-23,5.90,6.10,5.70,6.08,269000,6.06
2009-03-20,5.87,5.87,5.48,5.54,177300,5.52
2009-03-19,5.50,5.83,5.50,5.78,299600,5.76
2009-03-18,5.35,5.49,5.14,5.31,179000,5.29
2009-03-17,5.25,5.32,5.10,5.27,194800,5.25
2009-03-16,5.60,5.66,5.34,5.34,216500,5.32
2009-03-13,5.58,5.60,5.30,5.52,245500,5.50
2009-03-12,5.15,5.43,5.02,5.40,209800,5.38
2009-03-11,5.40,5.48,5.05,5.18,229700,5.16
2009-03-10,4.77,5.28,4.77,5.22,317700,5.20
2009-03-09,4.68,4.87,4.67,4.68,200800,4.66
2009-03-06,4.86,5.00,4.65,4.83,280300,4.81
2009-03-05,5.16,5.16,4.77,4.83,200100,4.81
2009-03-04,5.11,5.35,5.10,5.22,172900,5.20
2009-03-03,5.00,5.10,4.78,4.87,255700,4.85
2009-03-02,5.25,5.25,4.80,4.89,520000,4.87
2009-02-27,5.36,5.51,5.25,5.35,198300,5.33
2009-02-26,5.71,5.73,5.42,5.48,255400,5.46
2009-02-25,5.68,5.70,5.42,5.55,336500,5.53
2009-02-24,5.62,6.01,5.48,6.00,366800,5.98
2009-02-23,5.94,5.99,5.51,5.56,302000,5.54
2009-02-20,5.94,6.01,5.70,5.93,494200,5.91
2009-02-19,6.57,6.60,6.10,6.11,241300,6.09
2009-02-18,6.69,6.69,6.36,6.38,284800,6.36
2009-02-17,7.08,7.08,6.65,6.72,343100,6.69
2009-02-13,7.23,7.31,7.11,7.18,94100,7.15
2009-02-12,7.00,7.19,6.95,7.14,206400,7.11
2009-02-11,7.50,7.50,7.04,7.20,134400,7.17
2009-02-10,7.68,7.85,7.17,7.21,401600,7.18
2009-02-09,7.49,7.73,7.48,7.68,205500,7.65
2009-02-06,7.24,7.47,7.24,7.39,259600,7.36
2009-02-05,7.21,7.37,7.06,7.23,209800,7.20
2009-02-04,7.06,7.43,7.06,7.16,216500,7.13
2009-02-03,7.03,7.11,6.89,7.07,100000,7.04
2009-02-02,7.07,7.09,6.80,6.94,224400,6.91
2009-01-30,7.30,7.43,7.10,7.25,208200,7.22
2009-01-29,7.54,7.54,7.12,7.13,260300,7.10
2009-01-28,7.59,7.70,7.44,7.57,392200,7.54
2009-01-27,7.30,7.33,7.12,7.33,141900,7.30
2009-01-26,7.20,7.36,6.93,7.06,353300,7.03
2009-01-23,6.66,7.22,6.51,6.98,367000,6.95
2009-01-22,7.07,7.07,6.72,6.97,292900,6.94
2009-01-21,7.34,7.34,6.91,7.34,496900,7.31
2009-01-20,7.69,7.69,7.05,7.05,511300,7.02
2009-01-16,8.16,8.16,7.39,7.81,439500,7.78
2009-01-15,7.46,7.81,7.07,7.70,392700,7.67
2009-01-14,7.71,7.71,7.12,7.30,646600,7.27
2009-01-13,8.00,8.03,7.70,7.86,292100,7.83
2009-01-12,8.90,8.90,7.97,8.05,549300,8.02
2009-01-09,9.15,9.16,8.73,8.91,537000,8.88
2009-01-08,8.60,9.09,8.48,9.09,702100,9.05
2009-01-07,9.05,9.15,8.60,8.70,494600,8.67
2009-01-06,9.41,9.59,9.05,9.48,1113700,9.44
2009-01-05,9.20,9.75,9.05,9.54,850800,9.50
2009-01-02,8.67,9.38,8.60,9.27,758400,9.23
2008-12-31,8.58,8.87,8.50,8.77,495900,8.74
2008-12-30,8.23,8.60,8.05,8.53,211400,8.50
2008-12-29,7.96,8.25,7.91,7.98,198200,7.95
2008-12-26,7.65,7.95,7.65,7.81,109400,7.78
2008-12-24,7.96,7.96,7.69,7.71,38000,7.68
2008-12-23,8.00,8.01,7.72,7.73,117800,7.69
2008-12-22,7.93,8.07,7.62,7.76,137300,7.72
2008-12-19,7.80,8.06,7.72,7.87,143900,7.83
2008-12-18,8.40,8.40,7.67,7.97,347900,7.93
2008-12-17,7.54,8.34,7.44,8.22,471700,8.18
2008-12-16,7.29,7.60,7.12,7.53,438600,7.49
2008-12-15,7.45,7.45,6.95,7.01,192000,6.97
2008-12-12,6.80,7.22,6.69,7.17,245200,7.13
2008-12-11,7.18,7.64,6.98,7.14,761200,7.10
2008-12-10,7.36,7.48,7.16,7.40,253500,7.36
2008-12-09,7.40,7.60,7.05,7.20,306800,7.16
2008-12-08,7.60,8.04,7.60,7.87,340500,7.83
2008-12-05,7.01,7.47,6.79,7.42,276500,7.38
2008-12-04,7.39,7.79,7.12,7.23,234400,7.19
2008-12-03,6.98,7.75,6.80,7.72,207800,7.68
2008-12-02,6.80,7.26,6.80,7.17,266600,7.13
2008-12-01,7.62,7.62,6.62,6.75,348300,6.71
2008-11-28,8.07,8.16,7.94,8.05,172500,8.01
2008-11-26,7.20,8.14,7.00,7.98,680400,7.94
2008-11-25,7.50,7.60,6.99,7.55,644900,7.51
2008-11-24,6.40,7.36,6.32,7.25,856500,7.21
2008-11-21,5.92,5.99,5.49,5.95,408200,5.92
2008-11-20,6.11,6.22,5.40,5.50,711400,5.47
2008-11-19,7.50,7.51,6.75,6.77,439500,6.73
2008-11-18,7.90,8.02,7.55,7.80,310100,7.76
2008-11-17,8.20,8.29,7.91,8.11,210500,8.07
2008-11-14,8.40,8.67,8.13,8.37,247200,8.32
2008-11-13,7.95,8.93,7.50,8.86,760700,8.81
2008-11-12,8.93,8.93,7.95,7.95,694900,7.91
2008-11-11,9.87,9.96,9.21,9.55,389900,9.50
2008-11-10,11.35,11.35,10.00,10.35,528100,10.29
2008-11-07,10.31,10.95,10.31,10.70,491100,10.64
2008-11-06,10.81,10.81,9.75,10.50,1311900,10.44
2008-11-05,12.68,12.68,11.26,11.49,1088100,11.43
2008-11-04,12.98,13.84,12.95,13.55,1879200,13.48
2008-11-03,11.05,12.00,10.90,11.99,699400,11.92
2008-10-31,9.94,10.64,9.67,10.40,122900,10.34
2008-10-30,10.09,10.18,9.46,9.92,201000,9.87
2008-10-29,8.88,9.37,8.59,9.00,222600,8.95
2008-10-28,8.77,8.77,7.77,8.54,187100,8.49
2008-10-27,8.97,8.97,8.10,8.10,244200,8.06
2008-10-24,8.45,9.28,8.25,9.16,293300,9.11
2008-10-23,10.39,10.52,9.27,9.75,207200,9.70
2008-10-22,11.50,11.50,10.50,10.77,140300,10.71
2008-10-21,12.36,12.52,11.90,12.11,144400,12.04
2008-10-20,12.20,12.78,12.01,12.76,108500,12.69
2008-10-17,11.75,12.63,11.26,12.10,156000,12.03
2008-10-16,11.99,12.13,10.75,12.09,126900,12.02
2008-10-15,12.44,12.45,11.23,11.53,153400,11.47
2008-10-14,14.99,14.99,12.63,13.24,289800,13.17
2008-10-13,12.99,13.80,12.50,13.80,144200,13.72
2008-10-10,10.15,11.81,10.01,11.68,251100,11.62
2008-10-09,12.44,13.25,11.10,11.48,184700,11.42
2008-10-08,10.75,12.73,10.75,12.14,340500,12.07
2008-10-07,13.98,14.10,11.90,12.14,342500,12.07
2008-10-06,15.00,15.05,13.29,14.53,356000,14.45
2008-10-03,16.87,18.14,15.80,15.90,431900,15.81
2008-10-02,18.52,18.52,16.63,16.73,301300,16.64
2008-10-01,18.79,18.92,18.10,18.75,231000,18.65
2008-09-30,17.32,18.10,17.00,17.94,270900,17.84
2008-09-29,19.30,19.30,16.21,16.66,421700,16.57
2008-09-26,20.78,20.78,19.95,20.20,235900,20.09
2008-09-25,21.45,21.90,21.15,21.69,122200,21.57
2008-09-24,21.75,22.02,20.96,21.04,254700,20.93
2008-09-23,20.15,21.26,20.14,20.20,113900,20.09
2008-09-22,21.57,21.81,21.03,21.03,85700,20.92
2008-09-19,21.99,22.15,21.00,21.95,202700,21.83
2008-09-18,18.91,20.59,18.91,20.50,219900,20.39
2008-09-17,19.80,20.29,18.51,19.90,422500,19.79
2008-09-16,18.30,19.95,17.89,19.95,343600,19.84
2008-09-15,19.25,20.26,18.26,19.21,210100,19.11
2008-09-12,20.59,21.25,19.87,21.09,146900,20.98
2008-09-11,19.19,20.28,18.93,19.67,343200,19.56
2008-09-10,19.02,20.20,19.02,20.04,311300,19.93
2008-09-09,21.61,21.61,19.20,19.40,434700,19.29
2008-09-08,23.20,23.34,21.38,21.99,228900,21.87
2008-09-05,22.42,22.81,21.54,22.72,231600,22.60
2008-09-04,23.53,23.80,22.56,22.76,212900,22.64
2008-09-03,24.65,24.65,23.25,23.53,325200,23.40
2008-09-02,25.96,25.96,24.50,24.80,170300,24.66
2008-08-29,26.17,26.49,25.94,26.28,150600,26.14
2008-08-28,26.25,26.25,25.65,26.10,107200,25.96
2008-08-27,25.36,26.00,25.02,25.81,135700,25.67
2008-08-26,25.87,25.88,25.00,25.20,194200,25.06
2008-08-25,26.47,26.48,25.51,25.74,152900,25.60
2008-08-22,26.00,26.31,25.54,26.24,180400,26.10
2008-08-21,25.41,25.81,25.15,25.73,298000,25.59
2008-08-20,24.46,25.63,24.29,25.63,365400,25.49
2008-08-19,23.90,24.06,23.55,24.02,68700,23.89
2008-08-18,24.60,24.60,23.54,23.66,145800,23.53
2008-08-15,23.52,24.20,23.52,24.12,215700,23.99
2008-08-14,23.03,23.24,22.70,23.20,42200,23.07
2008-08-13,22.93,23.18,22.42,23.03,72800,22.90
2008-08-12,22.56,23.15,22.56,22.81,150700,22.69
2008-08-11,21.96,22.84,21.96,22.20,201600,22.08
2008-08-08,22.89,22.89,22.50,22.56,66300,22.44
2008-08-07,23.00,23.21,22.85,22.91,66900,22.79
2008-08-06,22.91,23.30,22.70,23.22,133900,23.09
2008-08-05,22.60,22.93,21.78,22.90,133300,22.78
2008-08-04,23.85,23.85,22.60,22.69,68200,22.57
2008-08-01,24.00,24.00,23.17,23.20,98900,23.07
2008-07-31,24.32,24.40,23.50,23.60,158500,23.47
2008-07-30,23.88,23.99,23.50,23.99,221900,23.86
2008-07-29,22.41,23.73,22.39,23.70,363400,23.57
2008-07-28,22.50,22.80,22.26,22.30,215400,22.18
2008-07-25,21.97,22.58,21.97,22.24,249200,22.12
2008-07-24,23.39,23.39,21.97,22.05,482500,21.93
2008-07-23,24.23,24.23,23.53,23.55,136200,23.42
2008-07-22,24.32,24.32,23.50,23.84,204400,23.71
2008-07-21,24.75,24.75,24.15,24.59,159800,24.46
2008-07-18,24.10,24.33,23.71,23.93,123800,23.80
2008-07-17,25.02,25.09,24.10,24.20,407000,24.07
2008-07-16,23.64,24.50,23.60,24.40,391100,24.27
2008-07-15,23.49,23.74,22.54,23.43,112200,23.30
2008-07-14,23.82,23.97,23.43,23.75,78400,23.62
2008-07-11,22.50,23.63,22.50,23.42,148400,23.29
2008-07-10,23.02,23.50,22.59,23.38,144200,23.25
2008-07-09,23.81,24.01,22.87,22.99,216300,22.86
2008-07-08,23.57,23.57,22.51,23.43,234500,23.30
2008-07-07,23.93,24.07,23.02,23.65,201400,23.52
2008-07-03,22.86,23.07,22.02,22.82,236700,22.70
2008-07-02,24.62,24.62,22.58,22.71,469100,22.59
2008-07-01,25.32,25.43,23.99,24.57,434800,24.44
2008-06-30,25.88,26.61,25.74,25.80,151200,25.66
2008-06-27,26.25,26.97,25.88,26.10,261700,25.96
2008-06-26,28.29,28.29,26.64,26.90,406900,26.75
2008-06-25,28.64,28.64,27.81,28.52,110600,28.36
2008-06-24,28.20,28.50,27.71,28.15,327500,28.00
2008-06-23,28.47,28.70,28.05,28.43,314700,28.28
2008-06-20,28.76,28.89,27.77,27.89,157300,27.74
2008-06-19,28.98,29.07,28.42,28.98,187300,28.82
2008-06-18,28.70,28.70,27.86,28.64,237000,28.48
2008-06-17,28.72,29.29,28.60,28.70,479200,28.54
2008-06-16,26.97,28.21,26.93,28.17,175300,28.02
2008-06-13,25.55,26.87,25.55,26.80,88400,26.65
2008-06-12,26.27,26.65,25.81,25.96,124200,25.82
2008-06-11,26.35,26.50,25.82,26.06,234100,25.92
2008-06-10,26.49,26.49,25.77,26.14,435300,26.00
2008-06-09,27.90,27.90,26.54,26.93,285400,26.78
2008-06-06,28.05,28.72,27.68,27.80,228300,27.65
2008-06-05,27.50,28.40,27.50,28.40,174100,28.25
2008-06-04,28.08,28.08,27.53,27.69,124600,27.54
2008-06-03,28.64,28.72,28.00,28.39,207800,28.24
2008-06-02,28.35,28.72,28.00,28.36,225800,28.21
2008-05-30,27.59,28.05,27.50,27.80,296200,27.65
2008-05-29,27.28,27.28,26.27,26.46,458000,26.32
2008-05-28,27.75,28.25,27.25,28.25,385400,28.10
2008-05-27,28.50,28.59,27.52,28.23,318000,28.08
2008-05-23,28.67,29.19,28.41,29.19,166800,29.03
2008-05-22,29.83,29.84,28.57,28.70,620700,28.54
2008-05-21,29.96,30.06,28.98,29.17,428900,29.01
2008-05-20,29.20,29.32,28.76,29.30,397100,29.14
2008-05-19,29.99,30.79,29.10,29.45,968200,29.29
2008-05-16,29.06,29.51,28.75,29.49,614700,29.33
2008-05-15,28.99,29.07,28.12,28.80,543300,28.64
2008-05-14,27.95,29.29,27.75,28.83,922800,28.67
2008-05-13,26.99,27.65,26.66,27.46,248200,27.31
2008-05-12,26.50,26.70,25.95,26.62,135400,26.47
2008-05-09,26.14,26.43,25.87,26.31,214300,26.17
2008-05-08,26.15,26.21,25.81,26.03,160700,25.89
2008-05-07,26.56,26.59,25.51,25.60,150900,25.46
2008-05-06,25.41,26.33,25.00,26.18,248700,26.04
2008-05-05,25.93,25.93,25.41,25.64,76700,25.50
2008-05-02,25.89,25.89,25.41,25.80,240800,25.66
2008-05-01,26.13,26.13,24.87,25.48,278100,25.34
2008-04-30,26.41,26.53,25.90,26.14,392200,26.00
2008-04-29,26.24,26.24,25.60,25.84,248500,25.70
2008-04-28,26.59,26.60,26.18,26.34,185300,26.20
2008-04-25,26.42,26.47,25.80,26.41,279400,26.27
2008-04-24,27.11,27.11,25.75,26.59,353900,26.45
2008-04-23,27.57,27.59,26.84,26.90,484100,26.75
2008-04-22,27.20,27.50,26.89,27.11,341800,26.96
2008-04-21,26.80,27.00,26.33,26.90,302300,26.75
2008-04-18,26.60,26.90,26.24,26.58,376100,26.44
2008-04-17,26.89,27.19,25.87,26.28,670200,26.14
2008-04-16,27.00,27.43,26.75,27.26,1212000,27.11
2008-04-15,25.84,25.97,25.71,25.97,98100,25.83