2011-05-10,38.99,39.20,38.99,39.20,3900,39.20
2011-05-09,39.02,39.17,39.02,39.17,8400,39.17
2011-05-06,39.16,39.24,39.13,39.24,2100,39.24
2011-05-05,39.21,39.21,39.17,39.17,1800,39.17
2011-05-04,39.38,39.43,39.23,39.43,6100,39.43
2011-05-03,39.52,39.52,39.35,39.35,1300,39.35
2011-05-02,39.55,39.62,39.55,39.62,300,39.62
2011-04-29,39.56,39.67,39.50,39.50,7400,39.50
2011-04-28,39.61,39.72,39.53,39.60,4000,39.60
2011-04-27,39.68,40.17,39.68,40.17,8400,40.17
2011-04-26,39.74,39.75,39.68,39.68,4200,39.68
2011-04-25,39.88,39.88,39.81,39.81,2600,39.81
2011-04-21,39.85,39.87,39.78,39.85,1800,39.85
2011-04-20,39.88,39.93,39.87,39.92,3400,39.92
2011-04-19,39.70,39.82,39.70,39.82,500,39.82
2011-04-18,40.00,40.09,39.81,39.99,8800,39.99
2011-04-15,39.86,40.17,39.86,39.98,1100,39.98
2011-04-14,40.18,40.24,40.12,40.23,1700,40.23
2011-04-13,40.35,40.55,40.14,40.14,13100,40.14
2011-04-12,40.51,40.51,40.24,40.24,13400,40.24
2011-04-11,40.52,40.83,40.39,40.83,3500,40.83
2011-04-08,40.73,40.73,40.50,40.53,4000,40.53
2011-04-07,41.53,41.53,40.36,40.47,14400,40.47
2011-04-06,40.26,40.61,40.26,40.40,10600,40.40
2011-04-05,40.14,40.14,40.14,40.14,200,40.14