2011-05-10,30.59,30.68,30.59,30.68,2700,30.68
2011-05-09,30.55,30.58,30.49,30.58,1100,30.58
2011-05-06,30.58,30.58,30.55,30.55,1700,30.55
2011-05-05,30.56,30.59,30.52,30.52,5200,30.52
2011-05-04,30.53,30.55,30.53,30.55,900,30.55
2011-05-03,30.70,30.70,30.68,30.68,1400,30.68
2011-05-02,30.73,30.73,30.71,30.72,1900,30.67
2011-04-29,30.72,30.72,30.65,30.65,600,30.60
2011-04-28,30.68,30.68,30.68,30.68,1000,30.63
2011-04-27,30.56,30.65,30.55,30.63,600,30.58
2011-04-26,30.40,30.60,30.40,30.60,1400,30.55
2011-04-25,30.42,30.42,30.40,30.40,1600,30.35
2011-04-21,30.36,30.36,30.36,30.36,100,30.31
2011-04-20,30.30,30.34,30.30,30.34,800,30.29
2011-04-19,30.13,30.13,30.13,30.13,000,30.08
2011-04-18,30.03,30.13,29.97,30.13,1900,30.08
2011-04-15,30.25,30.25,30.25,30.25,200,30.20
2011-04-14,30.10,30.15,30.10,30.15,2200,30.10
2011-04-13,30.14,30.15,30.14,30.14,2800,30.09
2011-04-12,30.12,30.12,30.12,30.12,1400,30.07
2011-04-11,30.16,30.17,30.09,30.14,1200,30.09
2011-04-08,30.20,30.20,30.15,30.15,600,30.10
2011-04-07,30.19,30.19,30.19,30.19,700,30.14
2011-04-06,30.26,30.26,30.23,30.23,2100,30.18
2011-04-05,30.24,30.24,30.24,30.24,100,30.19
2011-04-04,30.24,30.24,30.24,30.24,000,30.19
2011-04-01,30.24,30.24,30.24,30.24,000,30.10
2011-03-31,30.24,30.24,30.23,30.24,1100,30.10
2011-03-30,30.07,30.11,30.07,30.11,1500,29.98
2011-03-29,30.05,30.05,30.05,30.05,000,29.92
2011-03-28,30.05,30.05,30.05,30.05,000,29.92
2011-03-25,30.05,30.05,30.05,30.05,300,29.92
2011-03-24,30.05,30.05,30.03,30.03,400,29.90
2011-03-23,29.89,29.89,29.89,29.89,000,29.76
2011-03-22,29.89,29.89,29.89,29.89,000,29.76
2011-03-21,29.89,29.89,29.89,29.89,000,29.76
2011-03-18,29.89,29.89,29.89,29.89,000,29.76
2011-03-17,29.89,29.89,29.89,29.89,200,29.76
2011-03-16,29.82,29.83,29.81,29.83,500,29.70
2011-03-15,29.90,29.90,29.90,29.90,100,29.77
2011-03-14,29.97,29.97,29.97,29.97,500,29.84
2011-03-11,30.04,30.04,30.04,30.04,000,29.91
2011-03-10,30.04,30.04,30.04,30.04,100,29.91
2011-03-09,30.11,30.15,30.11,30.15,2500,30.02
2011-03-08,30.08,30.11,30.08,30.11,1900,29.98
2011-03-07,30.00,30.00,30.00,30.00,1600,29.87
2011-03-04,30.10,30.10,30.10,30.10,700,29.97
2011-03-03,30.06,30.14,30.06,30.13,7800,30.00
2011-03-02,30.04,30.05,30.02,30.05,1100,29.92
2011-03-01,30.29,30.29,30.29,30.29,300,30.11
2011-02-28,30.23,30.23,30.23,30.23,200,30.05
2011-02-25,30.09,30.09,30.06,30.07,600,29.89
2011-02-24,29.99,29.99,29.99,29.99,000,29.81
2011-02-23,29.99,29.99,29.99,29.99,200,29.81
2011-02-22,30.04,30.04,29.94,29.94,5200,29.76
2011-02-18,30.12,30.17,30.11,30.15,2200,29.97
2011-02-17,30.16,30.16,30.09,30.09,3100,29.91
2011-02-16,29.91,29.91,29.91,29.91,000,29.74
2011-02-15,29.91,29.91,29.91,29.91,000,29.74
2011-02-14,29.91,29.91,29.91,29.91,000,29.74
2011-02-11,29.91,29.91,29.91,29.91,400,29.74
2011-02-10,29.87,29.87,29.87,29.87,000,29.70
2011-02-09,29.91,29.91,29.87,29.87,700,29.70
2011-02-08,29.85,29.92,29.85,29.92,300,29.75
2011-02-07,29.86,29.86,29.86,29.86,000,29.69
2011-02-04,29.86,29.86,29.86,29.86,200,29.69
2011-02-03,29.92,29.92,29.92,29.92,700,29.75
2011-02-02,29.96,29.98,29.92,29.92,2700,29.75
2011-02-01,29.97,30.01,29.97,30.01,300,29.79
2011-01-31,30.17,30.17,29.89,29.89,600,29.67
2011-01-28,29.99,29.99,29.99,29.99,000,29.77
2011-01-27,29.99,29.99,29.99,29.99,500,29.77
2011-01-26,29.96,30.00,29.96,29.96,1600,29.74
2011-01-25,29.81,29.81,29.81,29.81,000,29.59
2011-01-24,29.81,29.81,29.81,29.81,200,29.59
2011-01-21,29.85,29.85,29.85,29.85,400,29.63
2011-01-20,29.80,29.80,29.80,29.80,200,29.58
2011-01-19,29.99,29.99,29.84,29.89,2600,29.67
2011-01-18,29.93,29.93,29.88,29.88,1900,29.66
2011-01-14,29.95,29.95,29.95,29.95,1800,29.73
2011-01-13,29.90,29.90,29.89,29.89,300,29.67
2011-01-12,29.80,29.84,29.80,29.80,9700,29.58
2011-01-11,29.71,29.71,29.71,29.71,000,29.49
2011-01-10,29.81,29.81,29.63,29.71,12300,29.49
2011-01-07,29.70,29.71,29.70,29.71,300,29.49
2011-01-06,29.73,29.73,29.68,29.68,19000,29.46
2011-01-05,29.65,29.70,29.65,29.70,800,29.48
2011-01-04,29.71,29.71,29.71,29.71,000,29.49
2011-01-03,29.86,29.86,29.71,29.71,900,29.49
2010-12-31,29.70,29.70,29.70,29.70,600,29.48
2010-12-30,29.55,29.63,29.55,29.63,3700,29.41
2010-12-29,29.66,29.66,29.66,29.66,000,29.44
2010-12-28,29.66,29.66,29.66,29.66,3400,29.44
2010-12-27,29.61,29.61,29.61,29.61,000,29.39
2010-12-23,29.68,29.68,29.61,29.61,1300,29.39
2010-12-22,29.70,29.70,29.70,29.70,200,29.48
2010-12-21,29.58,29.58,29.58,29.58,000,29.36
2010-12-20,29.58,29.58,29.58,29.58,200,29.36
2010-12-17,29.45,29.45,29.45,29.45,000,29.23
2010-12-16,29.40,29.45,29.38,29.45,1900,29.23
2010-12-15,29.58,29.58,29.58,29.58,000,29.36
2010-12-14,29.58,29.58,29.58,29.58,000,29.36
2010-12-13,29.58,29.58,29.58,29.58,500,29.36
2010-12-10,29.42,29.53,29.42,29.53,1500,29.31
2010-12-09,29.52,29.52,29.49,29.49,400,29.27
2010-12-08,29.35,29.37,29.33,29.33,6300,29.11
2010-12-07,29.52,29.52,29.52,29.52,000,29.30
2010-12-06,29.55,29.55,29.52,29.52,2400,29.30
2010-12-03,29.44,29.44,29.44,29.44,000,29.22
2010-12-02,29.44,29.44,29.44,29.44,200,29.22
2010-12-01,29.32,29.32,29.32,29.32,000,29.04
2010-11-30,29.31,29.32,29.31,29.32,500,29.04
2010-11-29,29.24,29.40,29.22,29.38,4100,29.10
2010-11-26,29.41,29.42,29.41,29.42,1400,29.14
2010-11-24,29.42,29.43,29.42,29.43,500,29.15
2010-11-23,29.41,29.43,29.40,29.43,1100,29.15
2010-11-22,29.47,29.53,29.47,29.50,500,29.22
2010-11-19,29.46,29.46,29.46,29.46,1700,29.18
2010-11-18,29.40,29.49,29.39,29.49,11400,29.21
2010-11-17,29.25,29.30,29.05,29.05,10400,28.77
2010-11-16,29.22,29.22,29.18,29.18,1100,28.90
2010-11-15,29.54,29.54,29.54,29.54,800,29.26
2010-11-12,29.58,29.58,29.58,29.58,400,29.30
2010-11-11,29.73,29.73,29.73,29.73,000,29.45
2010-11-10,29.73,29.73,29.73,29.73,000,29.45
2010-11-09,29.75,29.75,29.73,29.73,900,29.45
2010-11-08,29.87,29.87,29.87,29.87,000,29.59
2010-11-05,29.90,29.93,29.87,29.87,1700,29.59
2010-11-04,29.84,29.97,29.84,29.96,800,29.67
2010-11-03,29.71,29.71,29.69,29.69,200,29.41
2010-11-02,29.68,29.68,29.67,29.68,2200,29.40
2010-11-01,29.53,29.53,29.53,29.53,000,29.21
2010-10-29,29.53,29.53,29.53,29.53,000,29.21
2010-10-28,29.53,29.53,29.53,29.53,200,29.21
2010-10-27,29.49,29.49,29.49,29.49,100,29.17
2010-10-26,29.62,29.62,29.62,29.62,000,29.30
2010-10-25,29.62,29.62,29.62,29.62,000,29.30
2010-10-22,29.62,29.62,29.62,29.62,500,29.30
2010-10-21,29.51,29.61,29.51,29.55,2000,29.23
2010-10-20,29.40,29.40,29.40,29.40,000,29.08
2010-10-19,29.43,29.43,29.40,29.40,600,29.08
2010-10-18,29.48,29.48,29.46,29.46,1500,29.14
2010-10-15,29.40,29.50,29.40,29.50,1600,29.18
2010-10-14,29.60,29.60,29.45,29.45,4500,29.13
2010-10-13,29.57,29.57,29.57,29.57,900,29.25
2010-10-12,29.38,29.40,29.34,29.38,127500,29.06
2010-10-11,29.50,29.51,29.42,29.46,1100,29.14
2010-10-08,29.35,29.35,29.35,29.35,000,29.03
2010-10-07,29.37,29.37,29.33,29.35,1900,29.03
2010-10-06,29.45,29.45,29.45,29.45,100,29.13
2010-10-05,29.29,29.31,29.27,29.31,2900,28.99
2010-10-04,29.10,29.10,29.07,29.07,200,28.76
2010-10-01,29.14,29.14,29.14,29.14,1000,28.75
2010-09-30,29.16,29.16,29.16,29.16,300,28.77
2010-09-29,29.26,29.26,29.26,29.26,000,28.87
2010-09-28,29.26,29.26,29.26,29.26,2700,28.87
2010-09-27,29.22,29.22,29.22,29.22,200,28.83
2010-09-24,29.01,29.01,29.01,29.01,000,28.63
2010-09-23,29.01,29.01,29.01,29.01,4100,28.63
2010-09-22,28.93,28.93,28.93,28.93,000,28.55
2010-09-21,28.93,28.93,28.93,28.93,000,28.55
2010-09-20,28.86,28.93,28.85,28.93,2400,28.55
2010-09-17,28.91,28.92,28.90,28.92,1300,28.54
2010-09-16,28.83,28.83,28.83,28.83,000,28.45
2010-09-15,28.84,28.84,28.83,28.83,200,28.45
2010-09-14,28.96,28.96,28.96,28.96,1100,28.58
2010-09-13,28.70,28.70,28.70,28.70,000,28.32
2010-09-10,28.82,28.82,28.70,28.70,300,28.32
2010-09-09,28.59,28.70,28.54,28.70,18400,28.32
2010-09-08,28.63,28.63,28.57,28.63,4100,28.25
2010-09-07,28.68,28.68,28.68,28.68,200,28.30
2010-09-03,28.68,28.80,28.68,28.73,28800,28.35
2010-09-02,28.32,28.32,28.32,28.32,000,27.95
2010-09-01,28.32,28.32,28.32,28.32,000,27.91
2010-08-31,28.32,28.32,28.32,28.32,000,27.91
2010-08-30,28.32,28.32,28.32,28.32,000,27.91
2010-08-27,28.32,28.32,28.32,28.32,200,27.91
2010-08-26,28.26,28.26,28.26,28.26,000,27.85
2010-08-25,28.16,28.26,28.15,28.26,5700,27.85
2010-08-24,28.17,28.22,28.17,28.22,600,27.81
2010-08-23,28.34,28.38,28.30,28.30,500,27.89
2010-08-20,28.31,28.31,28.26,28.26,1500,27.85
2010-08-19,28.57,28.57,28.57,28.57,000,28.16
2010-08-18,28.56,28.57,28.56,28.57,400,28.16
2010-08-17,28.54,28.63,28.54,28.63,800,28.22
2010-08-16,28.42,28.46,28.42,28.44,300,28.03
2010-08-13,28.35,28.35,28.35,28.35,000,27.94
2010-08-12,28.35,28.35,28.35,28.35,100,27.94
2010-08-11,28.69,28.69,28.69,28.69,000,28.27
2010-08-10,28.69,28.69,28.69,28.69,200,28.27
2010-08-09,28.81,28.81,28.81,28.81,100,28.39
2010-08-06,28.71,28.71,28.71,28.71,000,28.29
2010-08-05,28.72,28.72,28.71,28.71,400,28.29
2010-08-04,28.70,28.70,28.70,28.70,300,28.28
2010-08-03,28.73,28.73,28.73,28.73,000,28.31
2010-08-02,28.73,28.73,28.73,28.73,200,28.28
2010-07-30,28.56,28.56,28.56,28.56,000,28.11
2010-07-29,28.56,28.56,28.56,28.56,000,28.11
2010-07-28,28.58,28.58,28.56,28.56,2200,28.11
2010-07-27,28.42,28.42,28.42,28.42,000,27.97
2010-07-26,28.42,28.42,28.42,28.42,300,27.97
2010-07-23,28.02,28.02,28.02,28.02,000,27.58
2010-07-22,28.02,28.02,28.02,28.02,000,27.58
2010-07-21,28.02,28.02,28.02,28.02,000,27.58
2010-07-20,28.02,28.02,28.02,28.02,3800,27.58
2010-07-19,28.08,28.08,28.01,28.01,1500,27.57
2010-07-16,28.25,28.25,28.09,28.13,9500,27.69
2010-07-15,28.40,28.40,28.38,28.38,300,27.93
2010-07-14,28.27,28.27,28.25,28.25,400,27.81
2010-07-13,28.29,28.29,28.29,28.29,200,27.84
2010-07-12,28.09,28.09,28.02,28.08,25300,27.64
2010-07-09,28.03,28.03,28.03,28.03,2700,27.59
2010-07-08,28.62,28.96,27.95,28.02,258700,27.58
2010-07-07,27.78,28.09,27.78,27.98,309600,27.54
2010-07-06,27.69,27.69,27.69,27.69,300,27.25
2010-07-02,27.62,27.66,27.60,27.60,3600,27.17
2010-07-01,27.66,27.71,27.66,27.71,9000,27.17
2010-06-30,27.90,27.90,27.90,27.90,100,27.35
2010-06-29,27.88,27.89,27.88,27.89,400,27.34
2010-06-28,28.19,28.23,28.19,28.23,500,27.68
2010-06-25,28.12,28.12,28.12,28.12,000,27.57
2010-06-24,28.22,28.22,28.12,28.12,2300,27.57
2010-06-23,28.39,28.39,28.39,28.39,000,27.83
2010-06-22,28.41,28.41,28.39,28.39,600,27.83
2010-06-21,28.41,28.43,28.30,28.33,6200,27.77
2010-06-18,28.38,28.41,28.35,28.35,2100,27.79
2010-06-17,28.38,28.38,28.38,28.38,000,27.82
2010-06-16,28.26,28.38,28.26,28.38,1900,27.82
2010-06-15,28.22,28.22,28.22,28.22,200,27.67
2010-06-14,28.15,28.15,28.15,28.15,1000,27.60
2010-06-11,27.96,27.96,27.96,27.96,1600,27.41
2010-06-10,27.93,27.99,27.93,27.99,300,27.44
2010-06-09,27.88,27.92,27.88,27.92,700,27.37
2010-06-08,27.79,27.79,27.79,27.79,1800,27.24
2010-06-07,27.86,27.86,27.86,27.86,200,27.31
2010-06-04,27.95,27.95,27.95,27.95,000,27.40
2010-06-03,27.95,27.95,27.95,27.95,000,27.40
2010-06-02,27.87,27.96,27.87,27.95,1500,27.40
2010-06-01,27.94,28.09,27.94,28.01,2700,27.41
2010-05-28,28.08,28.09,28.03,28.09,5000,27.49
2010-05-27,28.09,28.09,28.09,28.09,15600,27.49
2010-05-26,28.00,28.00,28.00,28.00,500,27.40
2010-05-25,27.64,27.81,27.64,27.81,900,27.22
2010-05-24,28.07,28.07,28.07,28.07,500,27.47
2010-05-21,27.96,27.96,27.96,27.96,000,27.36
2010-05-20,27.96,28.00,27.89,27.96,1500,27.36
2010-05-19,28.21,28.22,28.11,28.22,1500,27.62
2010-05-18,28.30,28.34,28.30,28.34,800,27.74
2010-05-17,28.42,28.42,28.18,28.18,1800,27.58
2010-05-14,28.35,28.35,28.30,28.35,600,27.75
2010-05-13,28.61,28.61,28.61,28.61,2200,28.00
2010-05-12,28.52,28.61,28.46,28.60,9400,27.99
2010-05-11,28.53,28.53,28.42,28.42,2600,27.81
2010-05-10,28.39,28.46,28.39,28.44,1200,27.83
2010-05-07,28.06,28.18,28.06,28.09,3200,27.49
2010-05-06,28.44,28.44,28.30,28.30,1800,27.70
2010-05-05,28.56,28.56,28.56,28.56,000,27.95
2010-05-04,28.56,28.56,28.56,28.56,1500,27.95
2010-05-03,28.81,28.81,28.81,28.81,300,28.15
2010-04-30,28.82,28.82,28.82,28.82,3400,28.16
2010-04-29,28.82,28.82,28.82,28.82,2100,28.16
2010-04-28,28.65,28.65,28.65,28.65,3500,27.99
2010-04-27,28.78,28.78,28.77,28.77,300,28.11
2010-04-26,28.86,28.90,28.86,28.90,500,28.24
2010-04-23,28.88,28.88,28.88,28.88,000,28.22
2010-04-22,28.88,28.88,28.88,28.88,200,28.22
2010-04-21,28.84,28.85,28.84,28.85,700,28.19
2010-04-20,28.82,28.84,28.82,28.84,800,28.18
2010-04-19,28.77,28.77,28.77,28.77,000,28.11
2010-04-16,28.74,28.77,28.74,28.77,5700,28.11
2010-04-15,28.79,28.88,28.79,28.88,9000,28.22
2010-04-14,28.76,28.76,28.76,28.76,1800,28.10
2010-04-13,28.68,28.68,28.68,28.68,000,28.02
2010-04-12,28.73,28.76,28.64,28.68,3000,28.02
2010-04-09,28.64,28.64,28.64,28.64,3500,27.98
2010-04-08,28.61,28.61,28.61,28.61,200,27.95
2010-04-07,28.60,28.60,28.60,28.60,300,27.94
2010-04-06,28.55,28.55,28.55,28.55,100,27.89
2010-04-05,28.45,28.48,28.45,28.48,4200,27.83
2010-04-01,28.63,28.63,28.63,28.63,100,27.97
2010-03-31,28.54,28.54,28.54,28.54,000,27.88
2010-03-30,28.55,28.55,28.54,28.54,500,27.88
2010-03-29,28.49,28.49,28.49,28.49,800,27.83
2010-03-26,28.49,28.49,28.49,28.49,1900,27.83
2010-03-25,28.50,28.51,28.50,28.51,600,27.85
2010-03-24,28.59,28.61,28.49,28.51,1700,27.85
2010-03-23,28.64,28.69,28.64,28.69,800,28.03
2010-03-22,28.50,28.62,28.50,28.62,3800,27.96
2010-03-19,28.61,28.61,28.61,28.61,000,27.95
2010-03-18,28.61,28.61,28.61,28.61,000,27.95
2010-03-17,28.61,28.61,28.61,28.61,100,27.95
2010-03-16,28.53,28.54,28.53,28.53,400,27.87
2010-03-15,28.39,28.39,28.39,28.39,000,27.74
2010-03-12,28.39,28.39,28.39,28.39,000,27.74
2010-03-11,28.39,28.39,28.39,28.39,000,27.74
2010-03-10,28.39,28.39,28.39,28.39,500,27.74
2010-03-09,28.26,28.31,28.26,28.31,700,27.66
2010-03-08,28.27,28.32,28.26,28.26,6100,27.61
2010-03-05,28.19,28.20,28.19,28.20,14300,27.55
2010-03-04,28.15,28.15,28.15,28.15,000,27.50
2010-03-03,28.06,28.18,28.06,28.15,8800,27.50
2010-03-02,28.04,28.11,28.04,28.04,7400,27.40
2010-03-01,28.01,28.01,28.01,28.01,000,27.33
2010-02-26,27.99,28.01,27.99,28.01,1300,27.33
2010-02-25,27.93,27.93,27.93,27.93,000,27.25
2010-02-24,27.90,27.95,27.90,27.93,1700,27.25
2010-02-23,27.80,27.81,27.80,27.80,6900,27.13
2010-02-22,27.89,27.97,27.89,27.97,7600,27.29
2010-02-19,27.89,27.96,27.89,27.94,1600,27.26
2010-02-18,27.82,27.92,27.82,27.88,6500,27.20
2010-02-17,27.84,27.84,27.84,27.84,500,27.16
2010-02-16,27.46,27.46,27.46,27.46,000,26.79
2010-02-12,27.46,27.47,27.46,27.46,600,26.79
2010-02-11,27.42,27.56,27.42,27.56,1100,26.89
2010-02-10,27.54,27.59,27.48,27.50,6000,26.83
2010-02-09,27.51,27.51,27.51,27.51,000,26.84
2010-02-08,27.49,27.61,27.49,27.51,5700,26.84
2010-02-05,27.49,27.53,27.47,27.47,4700,26.80
2010-02-04,27.80,27.80,27.66,27.66,1500,26.99
2010-02-03,27.92,27.92,27.86,27.86,3100,27.18
2010-02-02,27.89,27.89,27.89,27.89,300,27.21
2010-02-01,27.81,27.84,27.71,27.84,54700,27.13
2010-01-29,27.79,27.79,27.79,27.79,000,27.08
2010-01-28,27.79,27.79,27.79,27.79,100,27.08
2010-01-27,27.80,27.95,27.80,27.95,7200,27.24
2010-01-26,27.88,27.88,27.88,27.88,000,27.17
2010-01-25,27.88,27.88,27.88,27.88,200,27.17
2010-01-22,27.98,27.98,27.98,27.98,18800,27.27
2010-01-21,28.23,28.23,28.12,28.12,800,27.40
2010-01-20,28.23,28.23,28.23,28.23,2400,27.51
2010-01-19,28.31,28.44,28.23,28.35,1700,27.63
2010-01-15,28.31,28.31,28.31,28.31,300,27.59
2010-01-14,28.28,28.42,28.27,28.42,7500,27.70
2010-01-13,28.29,28.30,28.29,28.30,500,27.58
2010-01-12,28.35,28.35,28.35,28.35,000,27.63
2010-01-11,28.39,28.39,28.30,28.35,2400,27.63
2010-01-08,28.14,28.14,28.14,28.14,000,27.42
2010-01-07,28.13,28.25,27.62,28.14,41900,27.42
2010-01-06,28.15,28.15,28.15,28.15,1000,27.43
2010-01-05,28.12,28.12,28.12,28.12,900,27.40
2010-01-04,28.00,28.12,28.00,28.10,12300,27.38
2009-12-31,27.96,28.02,27.96,28.00,4400,27.29
2009-12-30,28.15,28.15,28.15,28.15,000,27.43
2009-12-29,28.15,28.15,28.15,28.15,000,27.43
2009-12-28,28.17,28.17,28.15,28.15,600,27.33
2009-12-24,28.18,28.18,28.18,28.18,200,27.36
2009-12-23,27.93,27.93,27.93,27.93,000,27.12
2009-12-22,27.93,27.93,27.93,27.93,000,27.12
2009-12-21,27.93,27.93,27.93,27.93,000,27.12
2009-12-18,27.93,27.93,27.93,27.93,800,27.12
2009-12-17,27.96,27.96,27.96,27.96,2200,27.15
2009-12-16,28.02,28.02,28.02,28.02,300,27.21
2009-12-15,28.03,28.03,27.97,28.02,900,27.21
2009-12-14,28.08,28.11,28.05,28.09,1200,27.27
2009-12-11,28.00,28.00,28.00,28.00,400,27.19
2009-12-10,27.99,27.99,27.99,27.99,100,27.18
2009-12-09,27.93,27.93,27.93,27.93,100,27.12
2009-12-08,27.91,27.91,27.91,27.91,700,27.10
2009-12-07,28.12,28.12,28.12,28.12,200,27.30
2009-12-04,28.09,28.09,28.09,28.09,500,27.27
2009-12-03,28.10,28.10,28.10,28.10,000,27.28
2009-12-02,28.13,28.13,28.10,28.10,1100,27.28
2009-12-01,28.75,28.75,28.10,28.17,1700,27.31
2009-11-30,28.03,28.03,27.91,27.95,1000,27.10
2009-11-27,28.13,28.13,28.13,28.13,000,27.27
2009-11-25,28.13,28.13,28.13,28.13,200,27.27
2009-11-24,28.08,28.09,27.96,28.09,6800,27.23
2009-11-23,28.11,28.11,28.05,28.05,7300,27.20
2009-11-20,27.90,27.95,27.90,27.94,1800,27.09
2009-11-19,28.06,28.06,27.95,27.96,500,27.11
2009-11-18,28.11,28.11,28.11,28.11,000,27.25
2009-11-17,28.12,28.13,28.11,28.11,800,27.25
2009-11-16,28.23,28.23,28.23,28.23,2000,27.37
2009-11-13,27.92,27.92,27.92,27.92,100,27.07
2009-11-12,27.83,27.83,27.83,27.83,000,26.98
2009-11-11,27.83,27.83,27.83,27.83,000,26.98
2009-11-10,27.83,27.83,27.83,27.83,000,26.98
2009-11-09,27.83,27.83,27.83,27.83,1000,26.98
2009-11-06,27.65,27.69,27.64,27.69,2400,26.85
2009-11-05,27.53,27.56,27.53,27.56,700,26.72
2009-11-04,27.39,27.54,26.60,27.54,1900,26.70
2009-11-03,27.41,27.41,27.41,27.41,3900,26.58
2009-11-02,27.41,27.41,27.41,27.41,000,26.54
2009-10-30,27.41,27.41,27.41,27.41,100,26.54
2009-10-29,27.57,27.65,27.55,27.65,1000,26.77
2009-10-28,27.65,27.65,27.50,27.51,1000,26.63
2009-10-27,27.80,27.80,27.80,27.80,000,26.91
2009-10-26,27.81,27.81,27.80,27.80,500,26.91
2009-10-23,27.79,27.79,27.79,27.79,100,26.91
2009-10-22,27.77,27.97,27.75,27.78,700,26.90
2009-10-21,28.02,28.02,27.80,27.85,900,26.96
2009-10-20,27.95,27.97,27.95,27.97,800,27.08
2009-10-19,27.99,27.99,27.99,27.99,400,27.10
2009-10-16,27.96,27.96,27.96,27.96,000,27.07
2009-10-15,27.96,27.96,27.96,27.96,000,27.07
2009-10-14,28.24,28.24,27.90,27.96,600,27.07
2009-10-13,27.70,27.70,27.70,27.70,300,26.82
2009-10-12,27.66,27.71,27.66,27.69,1900,26.81
2009-10-09,27.62,27.62,27.62,27.62,400,26.74
2009-10-08,27.74,28.24,26.56,27.62,12100,26.74
2009-10-07,27.32,27.32,27.32,27.32,000,26.45
2009-10-06,27.32,27.32,27.32,27.32,000,26.45
2009-10-05,27.32,27.32,27.32,27.32,000,26.45
2009-10-02,27.32,27.32,27.32,27.32,000,26.45
2009-10-01,27.45,27.45,27.31,27.32,1100,26.45
2009-09-30,27.69,27.69,27.69,27.69,800,26.81
2009-09-29,27.64,27.64,27.64,27.64,100,26.76
2009-09-28,27.73,27.75,27.73,27.75,200,26.87
2009-09-25,27.59,27.59,27.59,27.59,100,26.71
2009-09-24,27.60,27.60,27.60,27.60,000,26.72
2009-09-23,27.60,27.60,27.60,27.60,000,26.72
2009-09-22,27.79,27.82,27.60,27.60,1500,26.72
2009-09-21,28.11,28.25,27.70,27.70,1000,26.82
2009-09-18,27.61,27.61,27.61,27.61,000,26.73
2009-09-17,27.80,27.80,27.61,27.61,800,26.73
2009-09-16,27.38,27.38,27.38,27.38,000,26.51
2009-09-15,27.38,27.38,27.38,27.38,200,26.51
2009-09-14,27.50,27.50,27.50,27.50,000,26.62
2009-09-11,27.49,27.50,27.49,27.50,800,26.62
2009-09-10,27.37,27.37,27.37,27.37,200,26.50
2009-09-09,26.89,26.89,26.89,26.89,000,26.03
2009-09-08,26.89,26.89,26.89,26.89,000,26.03
2009-09-04,26.89,26.89,26.89,26.89,000,26.03
2009-09-03,26.89,26.89,26.89,26.89,000,26.03
2009-09-02,26.89,26.89,26.89,26.89,500,26.03
2009-09-01,27.14,27.14,27.14,27.14,000,26.23
2009-08-31,27.14,27.14,27.14,27.14,100,26.23
2009-08-28,27.22,27.22,27.22,27.22,000,26.30
2009-08-27,27.22,27.22,27.22,27.22,000,26.30
2009-08-26,27.22,27.22,27.22,27.22,000,26.30
2009-08-25,27.22,27.22,27.22,27.22,100,26.30
2009-08-24,27.30,28.14,27.30,27.54,2600,26.61
2009-08-21,28.50,28.99,27.01,27.01,8200,26.10
2009-08-20,26.94,26.94,26.94,26.94,1100,26.03
2009-08-19,26.63,26.63,26.63,26.63,000,25.73
2009-08-18,26.63,26.63,26.63,26.63,900,25.73
2009-08-17,26.67,26.68,26.67,26.68,1100,25.78
2009-08-14,26.75,26.97,26.75,26.88,4300,25.97
2009-08-13,26.05,26.05,26.05,26.05,100,25.17
2009-08-12,26.71,26.71,26.71,26.71,000,25.81
2009-08-11,26.71,26.71,26.71,26.71,000,25.81
2009-08-10,26.71,26.71,26.71,26.71,000,25.81
2009-08-07,26.71,26.71,26.71,26.71,000,25.81
2009-08-06,26.71,26.71,26.71,26.71,000,25.81
2009-08-05,26.71,26.71,26.71,26.71,100,25.81
2009-08-04,26.54,26.54,26.54,26.54,000,25.65
2009-08-03,26.54,26.54,26.54,26.54,000,25.61
2009-07-31,26.54,26.54,26.54,26.54,400,25.61
2009-07-30,26.32,26.32,26.32,26.32,000,25.39
2009-07-29,26.32,26.32,26.32,26.32,000,25.39
2009-07-28,26.35,26.35,26.30,26.32,600,25.39
2009-07-27,26.14,26.14,26.14,26.14,000,25.22
2009-07-24,26.14,26.14,26.14,26.14,000,25.22
2009-07-23,26.14,26.14,26.14,26.14,000,25.22
2009-07-22,26.14,26.14,26.14,26.14,000,25.22
2009-07-21,26.14,26.14,26.14,26.14,000,25.22
2009-07-20,26.14,26.14,26.14,26.14,100,25.22
2009-07-17,22.97,26.02,22.97,26.01,1700,25.09
2009-07-16,25.97,26.06,25.93,26.06,300,25.14
2009-07-15,25.67,25.67,25.67,25.67,000,24.77
2009-07-14,25.67,25.67,25.67,25.67,000,24.77
2009-07-13,25.67,25.67,25.67,25.67,100,24.77
2009-07-10,25.38,25.38,25.38,25.38,000,24.49
2009-07-09,25.38,25.38,25.38,25.38,000,24.49
2009-07-08,25.41,25.41,25.25,25.38,1800,24.49
2009-07-07,25.46,25.46,25.38,25.38,700,24.49
2009-07-06,25.42,25.42,25.42,25.42,500,24.52
2009-07-02,25.98,25.98,25.70,25.70,800,24.79
2009-07-01,25.98,25.98,25.98,25.98,000,24.96
2009-06-30,25.98,25.98,25.98,25.98,000,24.96
2009-06-29,25.85,25.98,25.85,25.98,1000,24.96
2009-06-26,25.46,25.46,25.46,25.46,000,24.46
2009-06-25,25.46,25.46,25.46,25.46,000,24.46
2009-06-24,25.46,25.46,25.46,25.46,000,24.46
2009-06-23,25.46,25.46,25.46,25.46,000,24.46
2009-06-22,25.68,25.68,25.46,25.46,3200,24.46
2009-06-19,25.54,25.54,25.54,25.54,000,24.53
2009-06-18,25.54,25.54,25.54,25.54,000,24.53
2009-06-17,25.54,25.54,25.54,25.54,300,24.53
2009-06-16,25.85,25.85,25.50,25.60,5700,24.59
2009-06-15,25.70,25.70,25.70,25.70,200,24.69
2009-06-12,25.72,25.72,25.72,25.72,000,24.71
2009-06-11,25.72,25.72,25.72,25.72,000,24.71
2009-06-10,25.98,25.98,25.48,25.72,3800,24.71
2009-06-09,25.89,25.89,25.89,25.89,200,24.87
2009-06-08,25.78,25.78,25.78,25.78,000,24.76
2009-06-05,25.78,25.78,25.78,25.78,000,24.76
2009-06-04,25.78,25.78,25.78,25.78,000,24.76
2009-06-03,25.78,25.78,25.78,25.78,000,24.76
2009-06-02,25.78,25.78,25.78,25.78,000,24.76
2009-06-01,25.78,25.78,25.78,25.78,000,24.76
2009-05-29,25.78,25.78,25.78,25.78,300,24.76
2009-05-28,26.75,26.75,26.75,26.75,000,25.70
2009-05-27,26.75,26.75,26.75,26.75,200,25.70
2009-05-26,25.82,25.82,25.82,25.82,300,24.80
2009-05-22,25.50,25.50,25.50,25.50,000,24.50
2009-05-21,25.50,25.50,25.50,25.50,400,24.50
2009-05-20,25.56,25.56,25.56,25.56,000,24.55
2009-05-19,25.66,25.66,24.70,25.56,2500,24.55
2009-05-18,25.00,25.00,25.00,25.00,000,24.02
2009-05-15,25.49,25.49,25.00,25.00,1100,24.02
2009-05-14,25.43,25.43,25.43,25.43,200,24.43
2009-05-13,25.43,25.43,24.93,25.32,1800,24.32
2009-05-12,25.56,25.56,25.56,25.56,000,24.55
2009-05-11,25.57,25.57,25.08,25.56,2100,24.55
2009-05-08,25.58,25.58,25.58,25.58,000,24.57
2009-05-07,25.58,25.58,25.58,25.58,100,24.57
2009-05-06,25.52,26.15,24.98,25.53,1300,24.52
2009-05-05,25.12,25.12,25.12,25.12,000,24.13
2009-05-04,25.12,25.12,25.12,25.12,000,24.13
2009-05-01,25.12,25.12,25.12,25.12,200,24.08
2009-04-30,27.84,27.84,24.61,25.37,3200,24.32
2009-04-29,26.30,26.30,26.30,26.30,300,25.22
2009-04-28,25.07,26.81,24.54,24.58,900,23.57
2009-04-27,25.26,25.26,25.26,25.26,000,24.22
2009-04-24,25.05,26.80,23.80,25.26,1400,24.22
2009-04-23,24.84,24.84,24.84,24.84,000,23.82
2009-04-22,24.84,24.84,24.84,24.84,000,23.82
2009-04-21,24.84,24.84,24.84,24.84,000,23.82
2009-04-20,24.84,24.84,24.84,24.84,000,23.82
2009-04-17,24.84,24.84,24.84,24.84,000,23.82
2009-04-16,24.84,24.84,24.84,24.84,000,23.82
2009-04-15,24.84,24.84,24.84,24.84,400,23.82
2009-04-14,25.85,25.85,25.64,25.64,1000,24.58
2009-04-13,23.45,23.45,23.45,23.45,300,22.48
2009-04-09,24.00,24.00,24.00,24.00,000,23.01
2009-04-08,24.54,24.63,21.81,24.00,2600,23.01
2009-04-07,24.59,24.61,24.59,24.61,400,23.59
2009-04-06,24.74,24.74,24.74,24.74,000,23.72
2009-04-03,24.71,24.74,24.71,24.74,600,23.72
2009-04-02,24.53,24.53,24.53,24.53,000,23.52
2009-04-01,24.53,24.53,24.53,24.53,000,23.43
2009-03-31,24.53,24.53,24.53,24.53,000,23.43
2009-03-30,24.53,24.53,24.53,24.53,000,23.43
2009-03-27,24.55,24.55,24.53,24.53,700,23.43
2009-03-26,24.60,24.60,24.60,24.60,000,23.50
2009-03-25,24.60,24.60,24.60,24.60,000,23.50
2009-03-24,24.60,24.60,24.60,24.60,000,23.50
2009-03-23,27.50,27.50,24.60,24.60,900,23.50
2009-03-20,24.49,24.49,24.49,24.49,000,23.39
2009-03-19,24.45,24.49,24.45,24.49,200,23.39
2009-03-18,23.97,23.97,23.97,23.97,000,22.90
2009-03-17,23.97,23.97,23.97,23.97,000,22.90
2009-03-16,23.97,23.97,23.97,23.97,000,22.90
2009-03-13,23.97,23.97,23.97,23.97,000,22.90
2009-03-12,23.97,23.97,23.97,23.97,500,22.90
2009-03-11,23.63,23.74,22.85,23.74,3300,22.68
2009-03-10,23.22,23.22,23.22,23.22,000,22.18
2009-03-09,23.22,23.22,23.22,23.22,000,22.18
2009-03-06,23.22,23.22,23.22,23.22,400,22.18
2009-03-05,23.62,23.62,23.62,23.62,000,22.56
2009-03-04,23.62,23.62,23.62,23.62,000,22.56
2009-03-03,23.62,23.62,23.62,23.62,000,22.56
2009-03-02,23.69,23.69,23.62,23.62,400,22.53
2009-02-27,23.94,23.94,23.94,23.94,100,22.83
2009-02-26,24.18,24.18,24.18,24.18,000,23.06
2009-02-25,24.20,24.20,24.18,24.18,1200,23.06
2009-02-24,24.19,24.19,24.19,24.19,000,23.07
2009-02-23,24.19,24.19,24.19,24.19,000,23.07
2009-02-20,23.24,24.19,23.24,24.19,900,23.07
2009-02-19,22.50,26.51,22.50,24.40,2700,23.27
2009-02-18,24.49,24.56,24.49,24.56,2000,23.42
2009-02-17,25.33,25.33,25.33,25.33,000,24.16
2009-02-13,26.99,26.99,24.90,25.33,400,24.16
2009-02-12,24.94,24.94,24.94,24.94,000,23.79
2009-02-11,24.94,24.94,24.94,24.94,000,23.79
2009-02-10,24.94,24.94,24.94,24.94,000,23.79
2009-02-09,24.94,24.94,24.94,24.94,000,23.79
2009-02-06,24.94,24.94,24.94,24.94,100,23.79
2009-02-05,25.25,25.25,25.25,25.25,000,24.08
2009-02-04,24.94,25.25,24.94,25.25,2100,24.08
2009-02-03,27.10,27.10,24.87,25.28,800,24.11
2009-02-02,25.16,25.16,25.16,25.16,200,23.96
2009-01-30,25.11,25.11,25.11,25.11,000,23.91
2009-01-29,25.18,25.18,25.11,25.11,1200,23.91
2009-01-28,28.49,28.49,25.13,25.13,500,23.93
2009-01-27,27.49,27.49,24.84,25.05,2100,23.85
2009-01-26,26.99,26.99,24.82,24.82,1800,23.63
2009-01-23,25.15,25.34,24.87,24.87,2900,23.68
2009-01-22,25.23,26.91,24.70,25.24,4300,24.03
2009-01-21,24.85,25.34,24.79,25.34,1800,24.13
2009-01-20,24.95,25.42,24.77,24.77,2900,23.59
2009-01-16,25.68,25.68,25.12,25.58,3900,24.36
2009-01-15,25.57,25.58,25.57,25.58,600,24.36
2009-01-14,25.67,26.80,25.15,25.25,13800,24.04
2009-01-13,25.40,25.42,25.38,25.38,1200,24.17
2009-01-12,26.80,26.80,25.42,25.42,8700,24.21
2009-01-09,25.58,25.58,25.58,25.58,000,24.36
2009-01-08,25.58,25.58,25.58,25.58,900,24.36
2009-01-07,26.15,26.15,26.15,26.15,000,24.90
2009-01-06,26.15,26.15,26.15,26.15,3000,24.90
2009-01-05,26.09,26.09,26.09,26.09,300,24.84
2009-01-02,25.96,25.96,25.92,25.92,300,24.68
2008-12-31,25.80,26.19,25.80,26.19,1000,24.94
2008-12-30,25.73,25.73,25.73,25.73,300,24.50
2008-12-29,24.60,24.60,24.60,24.60,100,23.43
2008-12-26,23.54,23.54,23.54,23.54,000,22.25
2008-12-24,23.54,23.54,23.54,23.54,000,22.25
2008-12-23,23.54,23.54,23.54,23.54,000,22.25
2008-12-22,23.54,23.54,23.54,23.54,000,22.25
2008-12-19,23.54,23.54,23.54,23.54,000,22.25
2008-12-18,25.66,25.81,23.54,23.54,1100,22.25
2008-12-17,25.15,25.15,25.15,25.15,000,23.77
2008-12-16,25.15,25.15,25.15,25.15,000,23.77
2008-12-15,25.27,25.27,25.15,25.15,300,23.77
2008-12-12,25.06,25.06,25.06,25.06,300,23.69
2008-12-11,25.30,25.30,25.30,25.30,000,23.92
2008-12-10,25.30,25.30,25.30,25.30,300,23.92
2008-12-09,29.78,29.78,25.31,25.31,500,23.93
2008-12-08,25.24,25.24,25.24,25.24,800,23.86
2008-12-05,24.60,24.60,24.60,24.60,500,23.25
2008-12-04,24.44,24.44,24.44,24.44,000,23.10
2008-12-03,24.44,24.44,24.44,24.44,000,23.10
2008-12-02,24.43,24.44,24.43,24.44,800,23.10
2008-12-01,24.68,24.68,24.56,24.56,600,23.22
2008-11-28,24.70,24.70,24.70,24.70,000,23.35
2008-11-26,24.70,24.70,24.70,24.70,000,23.35
2008-11-25,26.51,28.10,22.51,24.70,2300,23.35
2008-11-24,24.30,24.30,24.27,24.27,400,22.94
2008-11-21,24.27,24.27,24.27,24.27,000,22.94
2008-11-20,24.27,24.27,24.27,24.27,000,22.94
2008-11-19,24.51,24.51,24.27,24.27,500,22.94