2011-05-10,55.10,55.12,55.02,55.02,5000,55.02
2011-05-09,55.08,55.18,55.08,55.18,6600,55.18
2011-05-06,54.84,55.09,54.84,55.09,3300,55.09
2011-05-05,55.12,55.18,55.01,55.10,19200,55.10
2011-05-04,55.13,55.22,55.10,55.14,10000,55.14
2011-05-03,54.98,55.02,54.91,55.02,12000,55.02
2011-05-02,54.89,55.00,54.87,54.95,4600,54.95
2011-04-29,54.76,54.88,54.74,54.85,13000,54.85
2011-04-28,55.00,55.12,54.92,55.01,29500,54.75
2011-04-27,54.88,54.91,54.75,54.86,15200,54.60
2011-04-26,54.89,54.99,54.89,54.99,5600,54.73
2011-04-25,54.75,54.80,54.72,54.79,4700,54.53
2011-04-21,54.70,54.73,54.61,54.66,12000,54.40
2011-04-20,54.94,54.94,54.81,54.82,2200,54.56
2011-04-19,54.80,54.97,54.79,54.96,3600,54.70
2011-04-18,54.68,54.80,54.55,54.79,19900,54.53
2011-04-15,54.51,54.71,54.49,54.71,9700,54.45
2011-04-14,54.47,54.47,54.34,54.36,1900,54.10
2011-04-13,54.21,54.41,54.19,54.38,2100,54.12
2011-04-12,54.11,54.28,54.08,54.25,15800,53.99
2011-04-11,54.03,54.11,54.01,54.07,9100,53.81
2011-04-08,53.82,54.04,53.81,53.94,6100,53.68
2011-04-07,53.86,53.89,53.75,53.87,3600,53.61
2011-04-06,54.04,54.04,53.81,53.84,4300,53.58
2011-04-05,54.17,54.17,54.13,54.14,1600,53.88
2011-04-04,54.05,54.24,54.05,54.24,1000,53.98
2011-04-01,53.70,54.03,53.70,54.03,3600,53.77
2011-03-31,53.97,53.97,53.75,53.78,4400,53.52
2011-03-30,53.85,54.02,53.85,54.02,3900,53.51
2011-03-29,53.93,53.93,53.79,53.81,6600,53.30
2011-03-28,53.88,54.00,53.88,53.97,1000,53.46
2011-03-25,54.06,54.06,53.90,53.93,6500,53.42
2011-03-24,54.10,54.23,54.01,54.18,9800,53.67
2011-03-23,54.38,54.38,54.10,54.10,8500,53.59
2011-03-22,54.29,54.32,54.28,54.32,2000,53.80
2011-03-21,54.58,54.58,54.43,54.50,20500,53.98
2011-03-18,54.50,54.65,54.50,54.61,12700,54.09
2011-03-17,54.56,54.70,54.48,54.69,2900,54.17
2011-03-16,54.46,56.41,54.46,54.61,13400,54.09
2011-03-15,54.33,54.33,54.21,54.23,8600,53.71
2011-03-14,54.21,54.23,54.19,54.19,34600,53.68
2011-03-11,54.16,54.18,54.00,54.07,2000,53.56
2011-03-10,54.01,54.26,53.93,54.26,9700,53.74
2011-03-09,53.80,53.92,53.80,53.85,2200,53.34
2011-03-08,53.80,53.83,53.74,53.76,7300,53.25
2011-03-07,53.64,53.92,53.56,53.82,3200,53.31
2011-03-04,53.63,53.76,53.63,53.76,1500,53.25
2011-03-03,53.49,53.52,53.39,53.43,3700,52.92
2011-03-02,53.67,53.71,53.67,53.71,400,53.20
2011-03-01,53.39,53.73,53.39,53.71,10800,53.20
2011-02-28,53.61,53.61,53.51,53.55,5900,53.04
2011-02-25,53.59,53.69,53.54,53.69,1400,53.07
2011-02-24,53.59,53.70,53.56,53.60,12600,52.98
2011-02-23,53.27,53.47,53.23,53.33,18200,52.71
2011-02-22,52.95,53.19,52.95,53.16,6200,52.55
2011-02-18,52.44,52.66,52.44,52.61,5800,52.00
2011-02-17,52.25,52.46,52.25,52.46,5100,51.85
2011-02-16,52.25,52.41,52.22,52.28,3600,51.68
2011-02-15,52.28,52.35,52.25,52.34,4900,51.74
2011-02-14,52.20,52.28,52.20,52.22,1900,51.62
2011-02-11,52.15,52.22,52.06,52.15,6800,51.55
2011-02-10,52.24,52.24,52.18,52.18,1300,51.58
2011-02-09,52.17,52.34,52.08,52.29,5100,51.69
2011-02-08,52.37,52.41,52.10,52.10,7500,51.50
2011-02-07,52.32,52.38,52.29,52.33,5100,51.73
2011-02-04,52.48,52.50,52.42,52.46,11500,51.85
2011-02-03,52.85,52.90,52.80,52.83,1200,52.22
2011-02-02,53.16,53.18,52.90,52.93,2700,52.32
2011-02-01,53.08,53.17,53.05,53.12,3500,52.51
2011-01-31,53.22,53.22,53.12,53.12,7400,52.51
2011-01-28,52.90,53.20,52.90,53.16,4800,52.53
2011-01-27,52.97,53.04,52.92,53.00,8000,52.38
2011-01-26,52.94,53.03,52.93,53.01,6400,52.39
2011-01-25,52.93,53.18,52.93,53.15,5100,52.52
2011-01-24,53.07,53.07,52.91,52.91,4200,52.29
2011-01-21,52.82,52.98,52.80,52.98,1800,52.36
2011-01-20,53.19,53.19,52.85,52.91,4400,52.29
2011-01-19,53.34,53.47,53.34,53.38,4700,52.75
2011-01-18,53.21,53.33,53.15,53.33,13100,52.70
2011-01-14,53.63,53.63,53.32,53.32,1100,52.69
2011-01-13,53.26,53.50,53.26,53.50,9900,52.87
2011-01-12,53.26,53.36,53.20,53.36,6600,52.73
2011-01-11,53.31,53.47,53.31,53.42,10300,52.79
2011-01-10,53.34,53.40,53.30,53.32,1200,52.69
2011-01-07,53.16,53.37,53.16,53.30,900,52.67
2011-01-06,53.08,53.14,53.08,53.12,1900,52.49
2011-01-05,53.05,53.07,52.90,52.90,3300,52.28
2011-01-04,53.11,53.20,53.05,53.13,12100,52.50
2011-01-03,52.96,53.14,52.89,53.09,7300,52.47
2010-12-31,53.13,53.13,53.13,53.13,600,52.50
2010-12-30,52.73,52.92,52.73,52.87,16200,52.25
2010-12-29,52.52,52.77,52.52,52.77,6600,52.15
2010-12-28,52.98,52.98,52.62,52.63,18400,51.88
2010-12-27,53.00,53.00,52.87,52.89,1600,52.13
2010-12-23,53.00,53.04,52.97,53.02,1800,52.26
2010-12-22,53.02,53.11,53.00,53.10,4900,52.34
2010-12-21,53.16,53.18,53.01,53.15,19800,52.39
2010-12-20,53.19,53.19,52.97,52.97,700,52.21
2010-12-17,52.98,53.19,52.94,53.14,9300,52.38
2010-12-16,52.59,52.79,52.51,52.79,3600,52.03
2010-12-15,52.57,52.67,52.54,52.54,8100,51.79
2010-12-14,52.53,52.55,52.29,52.30,6900,51.55
2010-12-13,52.55,52.87,52.55,52.87,1900,52.11
2010-12-10,52.65,52.70,52.56,52.56,10200,51.81
2010-12-09,52.94,52.99,52.51,52.81,29100,52.05
2010-12-08,53.32,53.32,52.90,52.93,16700,52.17
2010-12-07,54.16,54.26,53.79,53.86,5400,53.09
2010-12-06,54.29,54.29,54.21,54.21,800,53.43
2010-12-03,54.20,54.24,53.98,54.02,8500,53.25
2010-12-02,54.20,54.28,54.05,54.05,6100,53.28
2010-12-01,54.24,54.24,54.11,54.11,1300,53.34
2010-11-30,54.91,54.91,54.50,54.50,3500,53.72
2010-11-29,54.83,54.83,54.74,54.74,800,53.89
2010-11-26,54.57,54.65,54.57,54.64,2700,53.79
2010-11-24,54.64,54.64,54.38,54.38,4200,53.53
2010-11-23,55.00,55.01,54.83,54.85,3700,53.99
2010-11-22,54.76,54.76,54.72,54.72,5300,53.87
2010-11-19,54.45,54.59,54.45,54.55,15500,53.70
2010-11-18,54.25,54.42,54.10,54.42,1900,53.57
2010-11-17,54.32,54.41,54.28,54.30,3000,53.45
2010-11-16,54.29,54.29,53.99,54.15,2700,53.31
2010-11-15,54.65,54.65,54.13,54.24,3900,53.39
2010-11-12,55.22,55.22,54.89,54.89,3700,54.03
2010-11-11,55.43,55.45,55.39,55.45,2800,54.58
2010-11-10,55.18,55.33,54.89,55.33,3800,54.47
2010-11-09,55.60,55.60,55.23,55.28,7000,54.42
2010-11-08,55.70,55.76,55.60,55.62,2700,54.75
2010-11-05,55.71,55.72,55.62,55.68,8000,54.81
2010-11-04,56.05,56.15,55.79,55.79,8400,54.92
2010-11-03,56.01,56.01,55.53,55.56,4900,54.69
2010-11-02,55.90,55.92,55.76,55.78,3100,54.91
2010-11-01,55.83,55.83,55.56,55.56,3500,54.69
2010-10-29,55.48,55.63,55.48,55.62,14200,54.75
2010-10-28,55.38,55.38,55.28,55.28,2500,54.33
2010-10-27,55.31,55.43,55.31,55.32,7500,54.37
2010-10-26,55.72,55.72,55.63,55.63,2000,54.67
2010-10-25,55.92,55.96,55.82,55.94,4300,54.97
2010-10-22,55.64,55.73,55.58,55.58,13300,54.62
2010-10-21,55.71,55.72,55.65,55.65,2400,54.69
2010-10-20,55.65,55.77,55.65,55.75,2200,54.79
2010-10-19,55.45,55.76,55.38,55.75,2400,54.79
2010-10-18,55.58,55.70,55.58,55.69,3800,54.73
2010-10-15,55.78,55.80,55.51,55.55,2800,54.59
2010-10-14,55.72,56.06,55.72,55.84,8400,54.88
2010-10-13,55.44,55.66,55.39,55.66,1900,54.70
2010-10-12,55.46,55.50,55.38,55.41,26900,54.45
2010-10-11,55.55,55.60,55.55,55.59,3800,54.63
2010-10-08,55.51,55.59,55.41,55.56,8900,54.60
2010-10-07,55.36,55.36,55.08,55.21,2700,54.26
2010-10-06,55.41,55.63,55.29,55.33,3100,54.38
2010-10-05,54.64,54.80,54.64,54.79,1100,53.84
2010-10-04,54.46,54.46,54.38,54.38,600,53.44
2010-10-01,54.16,54.41,54.15,54.30,39900,53.36
2010-09-30,54.32,54.45,54.08,54.27,40900,53.33
2010-09-29,54.61,54.61,54.31,54.44,2800,53.47
2010-09-28,54.59,54.70,54.59,54.66,1300,53.69
2010-09-27,54.17,54.31,54.17,54.24,7500,53.27
2010-09-24,54.26,54.32,54.26,54.32,500,53.35
2010-09-23,54.56,54.56,54.31,54.35,6500,53.38
2010-09-22,54.30,54.30,54.30,54.30,000,53.33
2010-09-21,53.84,54.30,53.84,54.30,2600,53.33
2010-09-20,53.57,53.60,53.50,53.60,6300,52.64
2010-09-17,53.61,53.61,53.44,53.47,1800,52.52
2010-09-16,53.67,53.67,53.47,53.47,13800,52.52
2010-09-15,53.80,53.84,53.73,53.73,1500,52.77
2010-09-14,53.95,53.95,53.84,53.95,1900,52.99
2010-09-13,53.56,53.74,53.53,53.74,1800,52.78
2010-09-10,53.51,53.54,53.51,53.53,1300,52.58
2010-09-09,53.52,53.53,53.44,53.47,5400,52.52
2010-09-08,53.65,53.72,53.61,53.64,3400,52.68
2010-09-07,53.65,53.81,53.65,53.81,8000,52.85
2010-09-03,53.40,53.48,53.40,53.48,1500,52.53
2010-09-02,53.55,53.58,53.54,53.54,500,52.59
2010-09-01,53.65,53.67,53.50,53.63,1000,52.67
2010-08-31,53.82,53.93,53.79,53.93,46900,52.97
2010-08-30,53.51,53.65,53.51,53.65,5800,52.69
2010-08-27,53.69,53.78,53.36,53.36,3700,52.41
2010-08-26,53.57,53.79,53.56,53.79,2500,52.83
2010-08-25,53.49,53.52,53.49,53.51,2700,52.56
2010-08-24,53.52,53.61,53.36,53.45,14000,52.50
2010-08-23,53.21,53.34,53.07,53.28,2800,52.33
2010-08-20,53.30,53.30,53.30,53.30,300,52.35
2010-08-19,53.33,53.43,53.33,53.39,2400,52.44
2010-08-18,53.46,53.48,53.28,53.28,15300,52.33
2010-08-17,53.42,53.50,53.29,53.33,10800,52.38
2010-08-16,53.55,53.55,53.49,53.49,500,52.54
2010-08-13,53.27,53.39,53.25,53.37,6200,52.42
2010-08-12,53.40,53.40,53.25,53.25,300,52.30
2010-08-11,53.54,53.54,53.53,53.53,600,52.58
2010-08-10,53.14,53.47,53.13,53.47,36200,52.52
2010-08-09,53.16,53.17,53.11,53.15,800,52.20
2010-08-06,53.18,53.18,53.18,53.18,200,52.23
2010-08-05,53.06,53.12,53.06,53.06,1000,52.11
2010-08-04,53.11,53.11,52.94,52.94,1300,52.00
2010-08-03,53.09,53.14,53.09,53.14,1100,52.19
2010-08-02,52.92,52.92,52.81,52.91,1700,51.97
2010-07-30,52.78,52.78,52.78,52.78,100,51.84
2010-07-29,52.79,52.79,52.54,52.58,11900,51.57
2010-07-28,52.39,52.61,52.36,52.60,4600,51.59
2010-07-27,52.39,52.41,52.39,52.41,500,51.40
2010-07-26,52.35,52.35,52.35,52.35,100,51.34
2010-07-23,52.59,52.59,52.40,52.40,5700,51.39
2010-07-22,52.57,52.61,52.57,52.58,2200,51.57
2010-07-21,52.47,52.66,52.45,52.66,7200,51.65
2010-07-20,52.36,52.40,52.34,52.40,3300,51.39
2010-07-19,52.47,52.47,52.33,52.33,2700,51.32
2010-07-16,52.63,52.68,52.50,52.50,15400,51.49
2010-07-15,52.76,52.80,52.69,52.73,3200,51.72
2010-07-14,52.61,52.69,52.60,52.69,2200,51.68
2010-07-13,52.46,52.50,52.43,52.45,20300,51.44
2010-07-12,52.58,52.62,52.53,52.53,1200,51.52
2010-07-09,52.49,52.59,52.49,52.51,3800,51.50
2010-07-08,52.38,52.42,52.35,52.39,9500,51.38
2010-07-07,52.59,52.59,52.45,52.45,6300,51.44
2010-07-06,52.43,52.65,52.40,52.65,5200,51.64
2010-07-02,52.66,52.71,52.66,52.70,4100,51.69
2010-07-01,52.76,52.77,52.73,52.76,1800,51.75
2010-06-30,52.95,52.98,52.95,52.96,1200,51.94
2010-06-29,53.13,53.23,53.12,53.23,23600,52.06
2010-06-28,53.13,53.13,52.99,53.12,4100,51.95
2010-06-25,52.94,52.98,52.93,52.93,4700,51.76
2010-06-24,53.01,53.01,52.92,52.92,2900,51.75
2010-06-23,52.94,52.99,52.94,52.98,37400,51.81
2010-06-22,52.88,52.99,52.84,52.99,14100,51.82
2010-06-21,52.56,52.66,52.56,52.66,1500,51.50
2010-06-18,52.80,52.81,52.80,52.81,800,51.65
2010-06-17,52.85,52.87,52.85,52.87,1100,51.70
2010-06-16,52.44,52.44,52.40,52.40,28600,51.25
2010-06-15,52.32,52.41,52.30,52.41,6000,51.26
2010-06-14,52.28,52.31,52.25,52.25,6600,51.10
2010-06-11,52.35,52.44,52.33,52.44,2400,51.28
2010-06-10,52.37,52.43,52.20,52.20,9000,51.05
2010-06-09,52.42,52.42,52.39,52.39,200,51.24
2010-06-08,52.57,52.59,52.57,52.57,1500,51.41
2010-06-07,52.60,52.60,52.56,52.56,900,51.40
2010-06-04,52.47,52.60,52.47,52.60,1400,51.44
2010-06-03,52.22,52.36,52.17,52.35,1200,51.20
2010-06-02,52.39,52.39,52.21,52.24,2500,51.09
2010-06-01,52.43,52.43,52.26,52.32,3000,51.17
2010-05-28,52.25,52.40,52.22,52.40,12700,51.25
2010-05-27,52.39,52.39,52.39,52.39,700,51.04
2010-05-26,52.54,52.58,52.42,52.58,1700,51.22
2010-05-25,52.65,52.67,52.57,52.57,700,51.21
2010-05-24,52.62,52.74,52.60,52.64,3200,51.28
2010-05-21,52.32,52.68,52.32,52.45,1600,51.09
2010-05-20,52.34,52.59,52.22,52.54,3100,51.18
2010-05-19,52.88,52.89,52.72,52.72,1400,51.36
2010-05-18,52.84,53.03,52.83,53.00,3000,51.63
2010-05-17,52.86,52.86,52.69,52.74,3200,51.38
2010-05-14,52.86,52.94,52.84,52.85,27000,51.48
2010-05-13,52.60,52.75,52.60,52.75,1100,51.39
2010-05-12,52.58,52.67,52.58,52.62,2000,51.26
2010-05-11,52.57,52.66,52.55,52.65,2500,51.29
2010-05-10,52.45,52.60,52.37,52.57,4400,51.21
2010-05-07,52.54,52.88,52.54,52.73,16700,51.37
2010-05-06,52.68,52.94,52.58,52.94,3200,51.57
2010-05-05,52.59,52.59,52.45,52.45,2300,51.09
2010-05-04,52.61,52.61,52.50,52.53,2800,51.17
2010-05-03,52.43,52.43,52.37,52.38,1600,51.03
2010-04-30,52.47,52.47,52.47,52.47,000,51.11
2010-04-29,52.32,52.47,52.32,52.47,5600,51.06
2010-04-28,52.29,52.29,52.29,52.29,000,50.88
2010-04-27,52.13,52.31,52.13,52.29,2000,50.88
2010-04-26,52.03,52.03,51.87,51.89,4800,50.50
2010-04-23,51.84,51.84,51.84,51.84,500,50.45
2010-04-22,51.90,51.93,51.82,51.92,4400,50.52
2010-04-21,51.96,52.06,51.92,52.06,4800,50.66
2010-04-20,51.66,51.86,51.64,51.86,2100,50.47
2010-04-19,51.87,51.87,51.75,51.75,5400,50.36
2010-04-16,51.84,51.91,51.75,51.87,4300,50.48
2010-04-15,51.61,51.61,51.61,51.61,700,50.22
2010-04-14,51.67,51.67,51.63,51.63,2000,50.24
2010-04-13,51.62,51.62,51.62,51.62,000,50.23
2010-04-12,51.60,51.62,51.53,51.62,900,50.23
2010-04-09,51.38,51.52,51.31,51.46,4000,50.08
2010-04-08,51.50,51.61,51.38,51.38,3400,50.00
2010-04-07,51.20,51.44,51.20,51.44,2000,50.06
2010-04-06,51.03,51.11,51.03,51.10,2000,49.73
2010-04-05,50.99,50.99,50.69,50.98,7300,49.61
2010-04-01,51.22,51.34,51.22,51.31,13900,49.93
2010-03-31,51.14,51.30,51.13,51.30,12400,49.92
2010-03-30,51.19,51.19,51.19,51.19,000,49.67
2010-03-29,51.25,51.25,51.09,51.19,2400,49.67
2010-03-26,51.17,51.27,51.17,51.26,3400,49.74
2010-03-25,51.22,51.25,51.13,51.21,21400,49.69
2010-03-24,51.44,51.44,51.20,51.23,40200,49.71
2010-03-23,51.64,51.72,51.64,51.64,2600,50.11
2010-03-22,51.70,51.70,51.65,51.65,25600,50.12
2010-03-19,51.70,51.70,51.63,51.65,12100,50.12
2010-03-18,51.83,51.83,51.77,51.77,6300,50.24
2010-03-17,51.83,51.83,51.83,51.83,400,50.29
2010-03-16,51.71,51.75,51.69,51.75,65600,50.22
2010-03-15,51.60,51.62,51.59,51.62,1400,50.09
2010-03-12,51.62,51.63,51.55,51.59,1700,50.06
2010-03-11,51.34,51.50,51.34,51.47,3000,49.94
2010-03-10,51.28,51.28,51.28,51.28,400,49.76
2010-03-09,51.45,51.47,51.40,51.47,1300,49.94
2010-03-08,51.32,51.47,51.32,51.35,10300,49.83
2010-03-05,51.45,51.46,51.30,51.44,3500,49.92
2010-03-04,51.38,51.63,51.37,51.59,3500,50.06
2010-03-03,51.44,51.45,51.40,51.42,2700,49.90
2010-03-02,51.42,51.42,51.39,51.39,2100,49.87
2010-03-01,51.37,51.37,51.33,51.33,1700,49.81
2010-02-26,51.40,51.53,51.38,51.47,4900,49.94
2010-02-25,51.43,51.43,51.28,51.40,21200,49.88
2010-02-24,51.40,51.40,51.29,51.34,6300,49.82
2010-02-23,51.38,51.38,51.31,51.31,11300,49.79
2010-02-22,51.30,51.31,51.21,51.21,3600,49.69
2010-02-19,51.23,51.30,51.23,51.28,500,49.76
2010-02-18,51.55,51.55,51.32,51.42,7600,49.90
2010-02-17,51.67,51.67,51.51,51.60,700,50.07
2010-02-16,51.40,51.64,51.37,51.62,17700,50.09
2010-02-12,51.51,51.51,51.39,51.39,2700,49.87
2010-02-11,51.46,51.48,51.38,51.47,2000,49.94
2010-02-10,51.88,51.88,51.46,51.58,3700,50.05
2010-02-09,52.02,52.02,51.77,51.80,1900,50.26
2010-02-08,51.95,51.95,51.92,51.95,3400,50.41
2010-02-05,52.08,52.10,51.90,51.90,7000,50.36
2010-02-04,51.98,52.15,51.96,52.12,1400,50.58
2010-02-03,51.91,52.00,51.91,52.00,1000,50.46
2010-02-02,52.19,52.19,52.06,52.06,6600,50.52
2010-02-01,52.00,52.10,52.00,52.10,1200,50.56
2010-01-29,51.90,52.07,51.90,52.07,1300,50.53
2010-01-28,51.90,51.99,51.90,51.99,5300,50.38
2010-01-27,51.97,51.97,51.96,51.96,500,50.35
2010-01-26,51.98,52.04,51.88,52.04,4200,50.43
2010-01-25,51.94,52.03,51.94,52.03,9200,50.42
2010-01-22,52.00,52.03,51.89,52.01,2300,50.40
2010-01-21,51.97,52.05,51.97,52.04,900,50.43
2010-01-20,52.02,52.03,51.97,51.97,1900,50.36
2010-01-19,51.85,51.91,51.74,51.90,2100,50.29
2010-01-15,51.97,51.97,51.81,51.81,1400,50.20
2010-01-14,51.81,51.81,51.77,51.77,800,50.17
2010-01-13,51.78,51.81,51.67,51.67,3100,50.07
2010-01-12,51.95,51.97,51.95,51.97,1200,50.36
2010-01-11,51.76,51.76,51.68,51.68,2500,50.08
2010-01-08,51.84,51.84,51.68,51.73,4700,50.13
2010-01-07,51.54,51.74,51.54,51.71,7600,50.11
2010-01-06,51.57,51.63,51.57,51.57,900,49.97
2010-01-05,51.69,51.71,51.67,51.68,2500,50.08
2010-01-04,51.54,51.54,51.43,51.43,1500,49.84
2009-12-31,51.33,51.43,51.30,51.32,10100,49.73
2009-12-30,51.40,51.52,51.40,51.52,6400,49.92
2009-12-29,51.36,51.40,51.26,51.39,8100,49.80
2009-12-28,51.25,51.29,51.25,51.28,1100,49.62
2009-12-24,51.38,51.38,51.33,51.33,3100,49.67
2009-12-23,51.56,51.57,51.44,51.46,4000,49.79
2009-12-22,51.61,51.61,51.51,51.52,1400,49.85
2009-12-21,51.66,51.74,51.63,51.63,3200,49.96
2009-12-18,51.97,52.00,51.93,51.93,2100,50.25
2009-12-17,51.99,52.05,51.97,52.04,4100,50.35
2009-12-16,51.82,51.90,51.77,51.81,2400,50.13
2009-12-15,51.76,51.84,51.70,51.77,5700,50.09
2009-12-14,51.69,51.75,51.69,51.74,5100,50.06
2009-12-11,51.52,51.60,51.38,51.60,3400,49.93
2009-12-10,51.57,51.63,51.50,51.63,1900,49.96
2009-12-09,51.96,51.96,51.66,51.75,6000,50.07
2009-12-08,52.02,52.02,52.02,52.02,200,50.33
2009-12-07,51.89,52.00,51.89,52.00,2000,50.31
2009-12-04,52.15,52.15,51.89,51.89,11000,50.21
2009-12-03,52.34,52.38,52.34,52.37,6500,50.67
2009-12-02,52.64,52.64,52.42,52.42,11300,50.72
2009-12-01,52.50,52.50,52.50,52.50,600,50.80
2009-11-30,52.52,52.52,52.40,52.49,8400,50.79
2009-11-27,52.50,52.60,52.50,52.60,2100,50.81
2009-11-25,52.34,52.54,52.28,52.54,5700,50.76
2009-11-24,52.32,52.38,52.30,52.38,2700,50.60
2009-11-23,52.25,52.29,52.25,52.29,3400,50.51
2009-11-20,52.38,52.38,52.16,52.22,10300,50.45
2009-11-19,52.28,52.38,52.20,52.20,2200,50.43
2009-11-18,52.41,52.41,52.20,52.21,18400,50.44
2009-11-17,52.07,52.25,52.07,52.25,17600,50.48
2009-11-16,51.91,52.20,51.73,52.20,5500,50.43
2009-11-13,51.69,51.73,51.61,51.73,20800,49.97
2009-11-12,51.69,51.71,51.52,51.68,13600,49.92
2009-11-11,51.79,51.95,51.77,51.93,23300,50.17
2009-11-10,51.97,51.97,51.70,51.70,3800,49.94
2009-11-09,51.80,51.84,51.80,51.80,8300,50.04
2009-11-06,51.41,51.56,51.41,51.56,2400,49.81
2009-11-05,51.41,51.45,51.39,51.40,800,49.65
2009-11-04,51.31,51.37,51.30,51.37,2000,49.63
2009-11-03,51.26,51.26,51.26,51.26,200,49.52
2009-11-02,51.46,51.46,51.38,51.38,900,49.63
2009-10-30,51.21,51.34,51.15,51.34,6100,49.60
2009-10-29,51.10,51.17,51.02,51.17,1500,49.31
2009-10-28,51.23,51.29,51.19,51.23,3600,49.36
2009-10-27,50.93,51.15,50.93,51.15,1400,49.29
2009-10-26,50.85,50.91,50.75,50.82,2000,48.97
2009-10-23,50.99,51.02,50.99,51.00,800,49.14
2009-10-22,51.11,51.11,51.01,51.01,4700,49.15
2009-10-21,51.43,51.43,51.27,51.34,2600,49.47
2009-10-20,51.77,51.77,51.54,51.54,1800,49.66
2009-10-19,51.21,51.41,51.21,51.36,500,49.49
2009-10-16,51.13,51.21,51.13,51.21,300,49.34
2009-10-15,50.93,51.06,50.92,51.03,3200,49.17
2009-10-14,51.17,51.17,51.00,51.00,1300,49.14
2009-10-13,50.89,50.89,50.89,50.89,000,49.04
2009-10-12,50.89,50.89,50.89,50.89,500,49.04
2009-10-09,50.85,50.88,50.75,50.75,1900,48.90
2009-10-08,50.97,50.97,50.97,50.97,100,49.11
2009-10-07,50.87,50.87,50.87,50.87,000,49.02
2009-10-06,50.78,50.91,50.78,50.87,3800,49.02
2009-10-05,50.94,50.94,50.86,50.91,2100,49.05
2009-10-02,51.07,51.07,51.07,51.07,000,49.21
2009-10-01,50.98,51.07,50.98,51.07,3500,49.21
2009-09-30,50.83,50.86,50.78,50.86,11700,49.01
2009-09-29,50.63,50.73,50.60,50.62,7500,48.78
2009-09-28,50.67,50.74,50.61,50.74,2600,48.89
2009-09-25,50.53,50.53,50.53,50.53,000,48.69
2009-09-24,50.65,50.65,50.49,50.53,5100,48.69
2009-09-23,50.46,50.46,50.46,50.46,500,48.62
2009-09-22,50.44,50.49,50.44,50.48,2300,48.64
2009-09-21,50.30,50.30,50.27,50.27,1600,48.44
2009-09-18,50.46,50.47,50.35,50.35,1100,48.52
2009-09-17,50.50,50.54,50.33,50.50,11800,48.66
2009-09-16,50.32,50.55,50.32,50.53,6400,48.69
2009-09-15,50.35,50.47,50.35,50.45,1800,48.61
2009-09-14,50.44,50.59,50.43,50.45,1900,48.61
2009-09-11,50.61,50.71,50.56,50.56,000,48.72
2009-09-10,50.23,50.23,50.23,50.23,000,48.40
2009-09-09,50.20,50.26,50.19,50.23,000,48.40