2011-05-10,114.62,114.74,114.33,114.39,136300,114.39
2011-05-09,114.75,115.03,114.72,114.86,33000,114.86
2011-05-06,114.22,115.18,114.20,114.84,79000,114.84
2011-05-05,114.60,115.01,114.40,114.95,30600,114.95
2011-05-04,114.06,114.54,114.06,114.17,3800,114.17
2011-05-03,113.63,113.76,113.50,113.67,2900,113.67
2011-05-02,113.28,113.49,113.07,113.32,24000,113.32
2011-04-29,113.23,113.61,113.12,113.61,16000,113.29
2011-04-28,113.19,113.35,112.96,113.15,6000,112.83
2011-04-27,112.92,113.00,112.67,112.72,4200,112.40
2011-04-26,112.99,113.36,112.95,113.36,8100,113.04
2011-04-25,112.39,112.73,112.33,112.70,11900,112.38
2011-04-21,112.49,112.59,111.56,112.23,15600,111.91
2011-04-20,112.57,112.61,112.18,112.18,3400,111.86
2011-04-19,112.51,112.73,112.42,112.73,8500,112.41
2011-04-18,111.84,112.51,111.52,112.49,106500,112.17
2011-04-15,111.96,112.23,111.84,112.19,16300,111.87
2011-04-14,111.49,111.54,111.10,111.15,11500,110.84
2011-04-13,110.54,111.36,110.53,111.36,56100,111.05
2011-04-12,110.74,111.11,110.72,110.90,8700,110.59
2011-04-11,109.96,110.26,109.84,110.12,10700,109.81
2011-04-08,110.05,110.19,109.85,110.04,4300,109.73
2011-04-07,110.46,110.57,110.29,110.32,3200,110.01
2011-04-06,111.14,111.16,110.51,110.51,8500,110.20
2011-04-05,111.61,111.70,111.25,111.32,5600,111.01
2011-04-04,111.90,112.11,111.79,111.83,11000,111.51
2011-04-01,111.09,111.55,111.09,111.54,12300,111.22
2011-03-31,112.13,112.13,111.67,111.80,8100,111.15
2011-03-30,111.66,111.96,111.66,111.92,4100,111.27
2011-03-29,111.78,112.21,111.42,111.56,12200,110.91
2011-03-28,111.75,112.22,111.72,111.97,28100,111.32
2011-03-25,112.57,112.61,111.95,111.95,11400,111.30
2011-03-24,112.53,112.74,112.23,112.24,7700,111.58
2011-03-23,113.56,113.64,112.82,112.82,22500,112.16
2011-03-22,112.71,113.11,112.71,113.11,5400,112.45
2011-03-21,113.10,113.17,112.66,112.95,5900,112.29
2011-03-18,113.05,113.50,113.05,113.50,18300,112.84
2011-03-17,113.48,113.75,113.16,113.57,18100,112.91
2011-03-16,113.65,114.77,113.39,114.00,75900,113.33
2011-03-15,113.40,113.54,112.87,112.94,11600,112.28
2011-03-14,112.23,112.47,112.06,112.21,4200,111.55
2011-03-11,112.40,112.43,111.94,112.03,12400,111.37
2011-03-10,111.51,112.37,111.39,112.37,15800,111.71
2011-03-09,110.61,111.25,110.44,111.08,4600,110.43
2011-03-08,110.68,110.75,110.38,110.39,3900,109.74
2011-03-07,110.50,111.24,110.47,110.79,4200,110.14
2011-03-04,110.51,111.20,110.51,111.15,17100,110.50
2011-03-03,110.62,110.79,110.31,110.39,56100,109.74
2011-03-02,111.69,111.93,111.24,111.24,9600,110.59
2011-03-01,111.44,112.11,111.44,112.07,5700,111.41
2011-02-28,112.33,112.34,112.14,112.32,16000,111.37
2011-02-25,111.87,112.29,111.81,112.29,8600,111.34
2011-02-24,111.88,112.20,111.75,111.80,7600,110.86
2011-02-23,111.58,111.98,111.40,111.42,14900,110.48
2011-02-22,110.71,111.56,110.68,111.56,17100,110.62
2011-02-18,109.99,110.29,109.81,110.29,7300,109.36
2011-02-17,110.36,110.51,110.24,110.31,8600,109.38
2011-02-16,109.95,110.20,109.76,109.95,10000,109.02
2011-02-15,109.71,110.17,109.71,110.14,127200,109.21
2011-02-14,109.45,110.06,109.45,109.89,10600,108.97
2011-02-11,109.40,109.76,109.18,109.56,3300,108.64
2011-02-10,109.07,109.24,108.80,108.85,8700,107.93
2011-02-09,108.70,109.57,108.35,109.21,38000,108.29
2011-02-08,109.18,109.37,108.40,108.46,72200,107.55
2011-02-07,108.84,109.28,108.78,109.21,278700,108.29
2011-02-04,109.70,109.81,109.02,109.21,32100,108.29
2011-02-03,110.29,110.56,110.04,110.13,7500,109.20
2011-02-02,111.10,111.24,110.38,110.62,12400,109.69
2011-02-01,110.93,111.19,110.64,110.88,17700,109.95
2011-01-31,112.24,112.41,111.60,111.82,15900,110.55
2011-01-28,111.24,112.52,111.24,112.34,38000,111.06
2011-01-27,111.37,111.82,111.02,111.69,8600,110.42
2011-01-26,112.19,112.19,111.29,111.38,14100,110.11
2011-01-25,111.79,112.57,111.40,112.46,13600,111.18
2011-01-24,111.73,111.81,111.42,111.53,5000,110.26
2011-01-21,110.81,111.48,110.76,111.48,8800,110.21
2011-01-20,111.61,111.62,110.75,111.08,16900,109.81
2011-01-19,111.55,112.11,111.55,112.10,291000,110.82
2011-01-18,111.55,111.78,111.16,111.69,19800,110.42
2011-01-14,112.71,112.89,112.13,112.13,11000,110.85
2011-01-13,111.61,112.57,111.53,112.40,14400,111.12
2011-01-12,111.38,111.93,111.26,111.59,71500,110.32
2011-01-11,112.35,112.35,111.58,112.08,7600,110.80
2011-01-10,112.28,112.65,112.02,112.55,61900,111.27
2011-01-07,111.26,112.28,111.10,112.05,34000,110.77
2011-01-06,111.02,111.48,110.82,111.38,10300,110.11
2011-01-05,111.45,111.61,110.54,110.82,52800,109.56
2011-01-04,112.31,112.79,112.14,112.39,25000,111.11
2011-01-03,111.71,112.62,111.56,112.29,19300,111.01
2010-12-31,112.08,112.83,112.08,112.70,5300,111.42
2010-12-30,111.65,112.11,111.43,111.98,9700,110.70
2010-12-29,110.72,112.20,110.58,112.13,6800,110.85
2010-12-28,111.96,111.96,110.53,110.64,28600,109.38
2010-12-27,111.85,112.54,111.57,112.54,12500,110.89
2010-12-23,112.08,112.14,111.66,111.76,38200,110.12
2010-12-22,112.70,112.70,111.99,112.18,20900,110.54
2010-12-21,112.40,112.54,111.88,112.54,151800,110.89
2010-12-20,112.80,113.15,112.02,112.37,98300,110.72
2010-12-17,111.48,112.53,111.48,112.36,152300,110.71
2010-12-16,110.58,111.21,110.13,111.21,27400,109.58
2010-12-15,111.28,111.48,110.19,110.58,45100,108.96
2010-12-14,111.88,111.88,110.73,111.05,53300,109.42
2010-12-13,112.05,113.02,111.81,112.70,22500,111.05
2010-12-10,112.69,112.83,112.24,112.24,22000,110.60
2010-12-09,113.13,113.40,112.53,113.11,82300,111.45
2010-12-08,113.21,113.23,111.99,112.93,63500,111.28
2010-12-07,114.88,114.89,113.46,113.96,868600,112.29
2010-12-06,115.62,116.10,115.53,116.10,23700,114.40
2010-12-03,116.05,116.05,114.99,115.12,39000,113.43
2010-12-02,115.65,115.96,115.30,115.30,27300,113.61
2010-12-01,116.19,116.37,115.59,115.63,49100,113.94
2010-11-30,118.51,118.53,117.83,117.92,14800,115.88
2010-11-29,117.64,117.67,117.22,117.50,19300,115.47
2010-11-26,116.82,117.09,116.71,117.03,4300,115.01
2010-11-24,117.17,117.17,116.28,116.34,6500,114.33
2010-11-23,118.12,118.23,117.77,117.92,19800,115.88
2010-11-22,117.47,117.61,117.09,117.51,28600,115.48
2010-11-19,116.46,116.86,116.46,116.86,7400,114.84
2010-11-18,116.31,116.34,115.71,116.34,6700,114.33
2010-11-17,117.00,117.30,116.55,116.55,7900,114.53
2010-11-16,116.27,117.17,115.61,117.17,35700,115.14
2010-11-15,116.74,117.06,115.61,115.61,30200,113.61
2010-11-12,118.08,118.23,117.40,117.42,23500,115.39
2010-11-11,118.63,118.63,118.23,118.39,30700,116.34
2010-11-10,118.19,118.55,117.24,118.54,30000,116.49
2010-11-09,119.78,119.78,118.20,118.22,17100,116.18
2010-11-08,119.86,120.15,119.50,119.70,13400,117.63
2010-11-05,119.90,120.15,119.57,119.66,61000,117.59
2010-11-04,120.19,120.77,120.19,120.54,37400,118.46
2010-11-03,120.82,121.10,118.97,119.48,29000,117.41
2010-11-02,119.95,120.24,119.95,120.14,7900,118.06
2010-11-01,120.22,120.22,119.25,119.36,69800,117.30
2010-10-29,119.67,120.04,119.64,119.88,35100,117.49
2010-10-28,119.18,119.47,119.01,119.35,69000,116.97
2010-10-27,119.21,119.47,118.81,118.83,28600,116.46
2010-10-26,120.18,120.28,119.58,119.63,15800,117.25
2010-10-25,121.26,121.39,120.84,120.91,6300,118.50
2010-10-22,120.30,120.67,120.30,120.61,6900,118.21
2010-10-21,121.11,121.16,120.52,120.52,10000,118.12
2010-10-20,120.99,121.54,120.79,121.34,7400,118.92
2010-10-19,120.44,121.37,120.44,121.22,7700,118.81
2010-10-18,120.65,121.04,120.55,120.89,16400,118.48
2010-10-15,120.42,120.60,119.78,120.05,73400,117.66
2010-10-14,121.98,122.17,120.89,120.99,69300,118.58
2010-10-13,121.45,121.95,121.27,121.89,49900,119.46
2010-10-12,122.74,122.98,122.01,122.09,64400,119.66
2010-10-11,122.76,122.90,122.53,122.78,39700,120.33
2010-10-08,123.00,123.35,122.59,122.60,854400,120.16
2010-10-07,122.86,122.89,122.65,122.67,19300,120.23
2010-10-06,122.76,123.42,122.76,122.92,13700,120.47
2010-10-05,122.10,122.15,121.70,121.86,24800,119.43
2010-10-04,121.92,122.18,121.82,122.17,10800,119.74
2010-10-01,121.34,121.90,121.08,121.81,237200,119.38
2010-09-30,122.08,122.28,121.32,122.18,142800,119.42
2010-09-29,122.64,122.70,122.19,122.37,22900,119.61
2010-09-28,122.10,122.86,122.09,122.63,56100,119.86
2010-09-27,121.41,122.06,121.41,121.98,53800,119.22
2010-09-24,121.01,121.01,120.62,120.62,44300,117.90
2010-09-23,122.02,122.13,121.30,121.60,25900,118.85
2010-09-22,121.61,121.85,121.32,121.34,80700,118.60
2010-09-21,119.98,121.13,119.82,120.96,24000,118.23
2010-09-20,119.45,119.69,119.21,119.67,37800,116.97
2010-09-17,119.41,119.58,119.05,119.24,18300,116.55
2010-09-16,119.29,119.34,118.83,119.03,41000,116.34
2010-09-15,120.02,120.40,119.61,119.69,12800,116.99
2010-09-14,120.17,120.51,120.06,120.49,7600,117.77
2010-09-13,118.95,119.82,118.95,119.67,32500,116.97
2010-09-10,119.24,119.40,118.96,119.21,21100,116.52
2010-09-09,120.09,120.22,119.51,119.59,81300,116.89
2010-09-08,121.13,121.23,120.58,120.92,81200,118.19
2010-09-07,121.01,121.54,120.90,121.46,80000,118.72
2010-09-03,119.65,120.32,119.55,120.19,64700,117.48
2010-09-02,121.39,121.46,120.94,121.07,34600,118.34
2010-09-01,122.49,122.49,121.00,121.80,51700,119.05
2010-08-31,123.42,123.63,123.12,123.60,165300,120.48
2010-08-30,121.87,122.83,121.81,122.83,18400,119.73
2010-08-27,122.72,122.96,121.21,121.21,84400,118.15
2010-08-26,122.57,123.29,122.52,123.29,30700,120.18
2010-08-25,123.59,123.94,122.37,122.48,27600,119.39
2010-08-24,122.53,123.20,122.39,123.15,30500,120.04
2010-08-23,121.49,121.88,121.37,121.77,19100,118.70
2010-08-20,121.98,122.20,121.57,121.62,21300,118.55
2010-08-19,121.14,122.28,121.10,122.05,26400,118.97
2010-08-18,121.47,121.68,121.08,121.14,9700,118.08
2010-08-17,121.29,121.31,120.78,120.98,25400,117.93
2010-08-16,121.08,121.62,121.08,121.59,45700,118.52
2010-08-13,119.60,120.13,119.50,120.10,14500,117.07
2010-08-12,119.67,119.78,119.20,119.25,30000,116.24
2010-08-11,118.97,119.60,118.94,119.59,168000,116.57
2010-08-10,117.88,119.10,117.87,118.52,102200,115.53
2010-08-09,117.81,118.03,117.75,117.92,68300,114.94
2010-08-06,117.79,118.18,117.70,118.13,68000,115.15
2010-08-05,117.06,117.33,116.86,117.17,58400,114.21
2010-08-04,117.10,117.17,116.50,116.55,37500,113.61
2010-08-03,116.91,117.19,116.78,117.05,222900,114.10
2010-08-02,116.72,116.80,116.38,116.45,75500,113.51
2010-07-30,117.23,117.61,117.11,117.57,23600,114.28
2010-07-29,115.80,116.39,115.71,116.33,30600,113.07
2010-07-28,115.65,116.25,115.55,116.13,61600,112.88
2010-07-27,115.83,116.09,115.69,115.75,33200,112.51
2010-07-26,116.31,116.63,115.94,116.28,71400,113.02
2010-07-23,117.04,117.18,116.41,116.44,45400,113.18
2010-07-22,117.56,117.56,117.09,117.20,92900,113.92
2010-07-21,116.82,118.03,116.82,117.98,23400,114.67
2010-07-20,117.00,117.34,116.77,116.84,12600,113.57
2010-07-19,117.00,117.04,116.49,116.69,18600,113.42
2010-07-16,116.64,117.23,116.56,117.07,30600,113.79
2010-07-15,116.06,116.72,116.06,116.58,51000,113.31
2010-07-14,115.27,115.83,115.00,115.69,38400,112.45
2010-07-13,115.25,115.25,114.80,114.94,64600,111.72
2010-07-12,115.59,115.99,115.44,115.54,30900,112.30
2010-07-09,115.65,115.70,115.45,115.49,27500,112.25
2010-07-08,115.73,116.10,115.58,115.94,64600,112.69
2010-07-07,116.86,116.89,116.23,116.24,34500,112.98
2010-07-06,116.29,116.99,116.28,116.83,163800,113.56
2010-07-02,116.50,116.70,116.29,116.32,49500,113.06
2010-07-01,116.84,117.46,116.67,116.71,103300,113.44
2010-06-30,116.89,117.02,116.48,116.98,216100,113.39
2010-06-29,116.24,116.76,116.24,116.75,52100,113.17
2010-06-28,115.71,116.06,115.62,116.06,47100,112.50
2010-06-25,114.65,115.40,114.65,115.21,15500,111.68
2010-06-24,115.40,115.58,114.68,114.90,26400,111.38
2010-06-23,114.76,115.35,114.76,115.18,45000,111.65
2010-06-22,113.95,114.69,113.75,114.69,35300,111.17
2010-06-21,112.91,113.79,112.90,113.75,21500,110.26
2010-06-18,114.10,114.16,113.87,113.93,14400,110.44
2010-06-17,113.60,114.32,113.60,114.14,16500,110.64
2010-06-16,113.43,113.52,112.97,113.45,29000,109.97
2010-06-15,113.53,113.60,112.85,112.96,78400,109.50
2010-06-14,112.94,113.38,112.80,113.37,7800,109.90
2010-06-11,113.45,113.96,113.12,113.71,86600,110.22
2010-06-10,113.53,113.53,112.70,112.77,14300,109.31
2010-06-09,113.68,114.28,113.53,114.20,11600,110.70
2010-06-08,114.18,114.49,114.09,114.20,20700,110.70
2010-06-07,113.88,114.64,113.79,114.59,103300,111.08
2010-06-04,113.27,113.96,113.27,113.96,39300,110.47
2010-06-03,111.69,112.36,111.64,112.03,148200,108.60
2010-06-02,113.10,113.25,112.32,112.47,38000,109.02
2010-06-01,113.37,113.48,112.66,113.08,68100,109.61
2010-05-28,113.04,113.39,112.76,113.00,13900,109.19
2010-05-27,113.18,113.19,112.50,112.70,96000,108.90
2010-05-26,114.16,114.36,113.70,114.34,52100,110.48
2010-05-25,115.22,115.41,114.51,114.59,86300,110.72
2010-05-24,114.50,114.60,113.99,114.13,82900,110.28
2010-05-21,115.22,115.31,113.96,114.21,78200,110.36
2010-05-20,113.72,114.49,113.60,114.15,51300,110.30
2010-05-19,112.60,113.29,112.56,112.79,41800,108.99
2010-05-18,111.80,112.70,111.66,112.60,42100,108.80
2010-05-17,111.74,112.24,111.44,111.49,33700,107.73
2010-05-14,111.48,112.26,111.48,111.86,63900,108.09
2010-05-13,110.95,110.98,110.19,110.86,11100,107.12
2010-05-12,110.74,110.84,110.34,110.34,8500,106.62
2010-05-11,111.14,111.14,110.47,110.87,13200,107.13
2010-05-10,110.44,111.20,110.32,110.88,62200,107.14
2010-05-07,112.04,113.54,111.78,111.99,145700,108.21
2010-05-06,110.82,113.37,110.49,112.65,15900,108.85
2010-05-05,110.90,111.37,110.36,110.63,16300,106.90
2010-05-04,110.21,110.25,109.85,110.25,4500,106.53
2010-05-03,109.04,109.31,109.04,109.29,4100,105.60
2010-04-30,109.16,109.83,109.16,109.79,18600,105.75
2010-04-29,108.85,109.02,108.59,109.02,6300,105.01
2010-04-28,108.91,109.02,108.55,108.57,8600,104.57
2010-04-27,108.69,109.54,108.65,109.36,13700,105.33
2010-04-26,108.46,108.54,107.93,108.09,57500,104.11
2010-04-23,108.13,108.26,107.96,108.03,12900,104.05
2010-04-22,108.68,108.95,108.41,108.41,13300,104.42
2010-04-21,108.33,108.77,108.24,108.60,7100,104.60
2010-04-20,108.04,108.04,107.85,108.04,5500,104.06
2010-04-19,108.14,108.21,107.85,107.85,6800,103.88
2010-04-16,107.74,108.23,107.66,108.22,15100,104.23
2010-04-15,106.98,107.68,106.98,107.54,21100,103.58
2010-04-14,107.70,107.81,107.25,107.28,7700,103.33
2010-04-13,107.76,107.90,107.57,107.72,20200,103.75
2010-04-12,107.41,107.63,107.31,107.51,9900,103.55
2010-04-09,106.81,107.14,106.59,107.05,13600,103.11
2010-04-08,107.09,107.25,106.83,106.87,12000,102.93
2010-04-07,106.14,107.17,106.00,107.09,42000,103.15
2010-04-06,106.23,106.38,106.00,106.05,13900,102.14
2010-04-05,106.37,106.42,105.82,105.99,28100,102.09
2010-04-01,107.02,107.20,106.90,107.15,22900,103.20
2010-03-31,107.59,107.83,107.49,107.70,26900,103.38
2010-03-30,107.01,107.40,106.90,107.36,7200,103.06
2010-03-29,107.27,107.30,107.08,107.17,10900,102.87
2010-03-26,106.85,107.35,106.85,107.31,24000,103.01
2010-03-25,107.41,107.41,106.79,107.01,19200,102.72
2010-03-24,108.13,108.33,107.50,107.62,14900,103.31
2010-03-23,109.22,109.28,108.96,108.96,7400,104.59
2010-03-22,109.28,109.41,109.22,109.37,5200,104.99
2010-03-19,108.92,109.47,108.88,109.23,8400,104.85
2010-03-18,109.24,109.38,108.97,109.05,8900,104.68
2010-03-17,109.32,109.37,109.08,109.37,5900,104.99
2010-03-16,108.66,109.13,108.55,109.13,15300,104.76
2010-03-15,108.37,108.50,108.19,108.43,9000,104.08
2010-03-12,107.83,108.63,107.83,108.43,25500,104.08
2010-03-11,107.85,108.10,107.74,108.09,6400,103.76
2010-03-10,107.90,108.04,107.63,108.03,8500,103.70
2010-03-09,108.25,108.29,107.89,108.09,13300,103.76
2010-03-08,108.01,108.18,107.93,108.02,79000,103.69
2010-03-05,108.80,108.82,108.21,108.32,28300,103.98
2010-03-04,108.74,109.44,108.74,109.28,8000,104.90
2010-03-03,108.85,108.88,108.57,108.78,10700,104.42
2010-03-02,108.75,109.05,108.59,109.05,13000,104.68
2010-03-01,109.07,109.21,108.85,109.06,4300,104.69
2010-02-26,109.17,109.60,109.10,109.25,11600,104.57
2010-02-25,108.95,108.96,108.74,108.84,13000,104.18
2010-02-24,108.49,108.69,108.30,108.50,10100,103.85
2010-02-23,107.50,108.46,107.36,108.38,10900,103.74
2010-02-22,107.28,107.43,107.13,107.16,21800,102.57
2010-02-19,107.33,107.53,107.13,107.50,10400,102.89
2010-02-18,107.74,107.74,106.84,107.17,72400,102.58
2010-02-17,108.08,108.27,107.51,107.60,12300,102.99
2010-02-16,107.93,108.53,107.79,108.53,18900,103.88
2010-02-12,108.41,108.49,108.15,108.26,7700,103.62
2010-02-11,108.08,108.08,107.74,107.90,13600,103.28
2010-02-10,108.93,109.11,108.16,108.25,69200,103.61
2010-02-09,109.23,109.53,108.77,108.83,10100,104.17
2010-02-08,109.40,109.58,109.24,109.55,76800,104.86
2010-02-05,109.07,109.82,108.96,109.63,44800,104.93
2010-02-04,108.57,109.35,108.57,109.24,24700,104.56
2010-02-03,108.37,108.40,107.99,108.11,54100,103.48
2010-02-02,108.72,108.83,108.57,108.73,17900,104.07
2010-02-01,109.08,109.08,108.50,108.54,12200,103.89
2010-01-29,108.90,109.55,108.79,109.48,32900,104.45
2010-01-28,108.74,109.01,108.74,109.01,7100,104.00
2010-01-27,109.36,109.70,109.06,109.11,29500,104.10
2010-01-26,109.46,109.47,109.08,109.25,19600,104.23
2010-01-25,109.15,109.29,109.03,109.06,8900,104.05
2010-01-22,109.24,109.63,109.17,109.63,8600,104.59
2010-01-21,108.78,109.45,108.78,109.45,12700,104.42
2010-01-20,108.73,108.92,108.66,108.76,9500,103.76
2010-01-19,108.05,108.39,107.93,108.14,10800,103.17
2010-01-15,108.35,108.71,108.35,108.42,38400,103.44
2010-01-14,107.43,108.12,107.40,107.94,118000,102.98
2010-01-13,107.60,107.87,107.08,107.27,44100,102.34
2010-01-12,107.84,108.01,107.56,107.98,17100,103.02
2010-01-11,106.62,106.90,106.55,106.66,29200,101.76
2010-01-08,107.30,107.30,106.48,106.78,98300,101.87
2010-01-07,106.56,106.92,106.56,106.58,22600,101.68
2010-01-06,107.17,107.17,106.39,106.48,10100,101.59
2010-01-05,106.92,107.31,106.89,107.16,15000,102.24
2010-01-04,106.78,106.94,106.51,106.58,35300,101.68
2009-12-31,106.50,106.78,105.99,106.47,64200,101.58
2009-12-30,106.96,107.16,106.77,107.05,11900,102.13
2009-12-29,106.50,106.77,106.35,106.75,10300,101.85
2009-12-28,106.96,106.98,106.63,106.86,7900,101.62
2009-12-24,107.47,107.47,106.95,106.96,36600,101.72
2009-12-23,107.88,108.10,107.50,107.66,27100,102.38
2009-12-22,107.98,108.03,107.56,107.65,26300,102.37
2009-12-21,109.01,109.04,108.12,108.19,138700,102.88
2009-12-18,110.00,110.22,109.53,109.59,3400,104.22
2009-12-17,109.82,110.28,109.43,110.28,7800,104.87
2009-12-16,109.28,109.47,108.88,108.99,21800,103.65
2009-12-15,108.89,109.17,108.75,108.93,131800,103.59
2009-12-14,109.43,109.55,109.23,109.34,15000,103.98
2009-12-11,109.25,109.41,108.92,109.06,15300,103.71
2009-12-10,109.94,109.94,109.14,109.68,11500,104.30
2009-12-09,110.79,110.90,109.97,110.37,10600,104.96
2009-12-08,110.96,111.13,110.48,110.66,15100,105.23
2009-12-07,110.19,110.53,109.95,110.20,45900,104.80
2009-12-04,110.00,110.10,109.63,109.87,20300,104.48
2009-12-03,110.95,111.15,110.86,110.93,12400,105.49
2009-12-02,112.10,112.27,111.69,111.74,12000,106.26
2009-12-01,112.46,112.50,112.02,112.05,7500,106.56
2009-11-30,112.95,113.35,112.87,113.28,12500,107.42
2009-11-27,112.94,113.15,112.58,113.15,11500,107.30
2009-11-25,111.81,112.48,111.49,112.48,11100,106.66
2009-11-24,111.37,111.85,111.31,111.74,57000,105.96
2009-11-23,110.90,111.23,110.56,111.10,9400,105.35
2009-11-20,111.22,111.47,110.98,111.22,9500,105.47
2009-11-19,111.38,111.69,111.15,111.25,25800,105.50
2009-11-18,111.19,111.42,110.80,110.96,37700,105.22
2009-11-17,110.81,111.56,110.68,111.44,11000,105.68
2009-11-16,110.43,111.29,110.39,111.12,81300,105.37
2009-11-13,109.85,110.11,109.61,110.11,9100,104.42
2009-11-12,109.43,109.75,108.37,109.57,18200,103.90
2009-11-11,110.01,110.23,109.61,109.81,7800,104.13
2009-11-10,109.90,109.97,109.16,109.39,8900,103.73
2009-11-09,109.36,109.49,109.11,109.45,21900,103.79
2009-11-06,109.18,109.32,108.60,109.27,24100,103.62
2009-11-05,108.75,109.09,108.75,108.91,5300,103.28
2009-11-04,109.38,109.61,108.73,108.99,18800,103.35
2009-11-03,110.46,110.66,109.45,109.69,207900,104.02
2009-11-02,110.67,110.67,110.18,110.41,36400,104.70
2009-10-30,110.36,111.02,110.22,111.00,41000,104.91
2009-10-29,110.09,110.36,109.53,109.77,19800,103.75
2009-10-28,110.30,110.86,110.13,110.73,28500,104.66
2009-10-27,109.23,110.23,109.23,110.21,8500,104.17
2009-10-26,109.61,109.63,108.84,108.87,12200,102.90
2009-10-23,109.84,110.12,109.72,109.93,9900,103.90
2009-10-22,110.40,111.14,110.20,110.66,11300,104.59
2009-10-21,110.93,110.99,110.41,110.99,14600,104.91
2009-10-20,111.50,111.62,111.25,111.42,7200,105.31
2009-10-19,110.44,111.02,110.31,111.02,14200,104.93
2009-10-16,110.23,110.50,109.90,110.50,9500,104.44
2009-10-15,109.70,110.36,109.56,109.79,53500,103.77
2009-10-14,110.42,110.81,109.94,110.25,8300,104.21
2009-10-13,111.37,111.46,111.11,111.21,12200,105.11
2009-10-12,111.01,111.09,110.75,111.08,26800,104.99
2009-10-09,111.79,111.79,110.38,110.55,75300,104.49
2009-10-08,113.42,113.45,112.04,112.39,138800,106.23
2009-10-07,112.72,113.29,112.69,113.25,23400,107.04
2009-10-06,112.69,112.73,112.08,112.08,12400,105.94
2009-10-05,113.13,113.29,112.59,112.63,26400,106.46
2009-10-02,113.69,113.69,112.52,112.79,27700,106.61
2009-10-01,112.52,113.30,112.40,113.09,23700,106.89
2009-09-30,112.16,112.58,112.01,112.29,8000,105.81
2009-09-29,111.95,112.66,111.77,112.39,14900,105.90
2009-09-28,112.13,112.49,111.75,112.49,20500,106.00
2009-09-25,111.31,111.91,111.13,111.91,8400,105.45
2009-09-24,110.96,111.30,110.58,110.96,35700,104.56
2009-09-23,110.20,110.84,109.87,110.63,12800,104.25
2009-09-22,110.27,110.58,110.00,110.56,15100,104.18
2009-09-21,110.67,110.91,110.04,110.42,12400,104.05
2009-09-18,110.72,110.99,110.27,110.43,167800,104.06
2009-09-17,110.38,111.18,110.16,111.18,13100,104.76
2009-09-16,110.46,110.52,109.59,110.20,12700,103.84
2009-09-15,110.04,110.58,110.02,110.24,18500,103.88
2009-09-14,111.01,111.35,110.69,110.71,7400,104.32
2009-09-11,111.37,112.22,111.19,111.19,20600,104.77
2009-09-10,110.10,111.30,110.10,110.84,19300,104.44
2009-09-09,109.07,109.63,108.91,109.62,20800,103.29
2009-09-08,109.74,110.34,109.54,109.65,43600,103.32
2009-09-04,111.06,111.07,109.87,109.87,7500,103.53
2009-09-03,111.21,111.57,111.07,111.18,8800,104.76
2009-09-02,110.93,111.84,110.70,111.75,19600,105.30
2009-09-01,110.24,110.88,109.62,110.71,11300,104.32
2009-08-31,110.37,110.88,109.96,110.80,14600,104.41
2009-08-28,109.66,110.53,109.66,110.49,8000,104.11
2009-08-27,110.33,110.55,109.82,110.23,20200,103.87
2009-08-26,110.54,110.61,110.14,110.59,17200,104.21
2009-08-25,109.81,110.47,109.44,110.43,13200,104.06
2009-08-24,108.55,109.88,108.54,109.70,14600,103.37
2009-08-21,110.22,110.24,108.78,108.84,28600,102.56
2009-08-20,110.07,110.35,109.70,110.28,11400,103.92
2009-08-19,110.31,110.31,109.50,109.86,25400,103.52
2009-08-18,109.90,109.90,109.27,109.39,11400,103.08
2009-08-17,109.30,109.84,109.14,109.84,22600,103.50
2009-08-14,108.58,109.37,108.42,108.67,140700,102.40
2009-08-13,107.35,108.47,107.26,108.40,134700,102.14
2009-08-12,107.91,107.96,106.77,107.19,27200,101.00
2009-08-11,107.46,107.82,107.07,107.82,17200,101.60
2009-08-10,106.01,106.83,105.68,106.83,15400,100.66
2009-08-07,105.86,106.05,105.49,105.52,22400,99.43
2009-08-06,106.52,106.99,106.14,106.52,5900,100.37
2009-08-05,106.69,107.73,106.22,106.22,13300,100.09
2009-08-04,108.18,108.36,106.91,107.39,17000,101.19
2009-08-03,108.40,108.50,107.25,107.77,120900,101.55
2009-07-31,108.43,109.41,108.13,109.28,154900,102.97
2009-07-30,107.15,107.98,106.70,107.98,100000,101.75
2009-07-29,107.61,107.70,106.61,107.29,9600,101.10
2009-07-28,106.66,107.52,106.45,107.00,26200,100.83
2009-07-27,106.23,106.62,106.13,106.28,35100,100.15
2009-07-24,106.73,107.13,106.61,107.13,9000,100.95
2009-07-23,108.25,108.25,106.57,106.81,11900,100.65
2009-07-22,108.80,108.80,107.89,108.19,12300,101.95
2009-07-21,107.19,109.00,106.87,108.97,32100,102.68
2009-07-20,106.84,107.85,106.62,107.50,10600,101.30
2009-07-17,107.04,107.46,106.77,107.02,219700,100.84
2009-07-16,107.99,108.27,107.66,107.67,9500,101.46
2009-07-15,108.10,108.22,107.20,107.25,32600,101.06
2009-07-14,109.44,109.47,108.84,109.04,8800,102.75
2009-07-13,110.88,110.88,109.83,109.84,13500,103.50
2009-07-10,110.45,110.92,109.98,110.80,9900,104.41
2009-07-09,110.09,110.21,109.32,109.95,25000,103.60
2009-07-08,109.71,111.18,109.46,110.93,37500,104.53
2009-07-07,108.64,109.54,108.60,109.54,128800,103.22
2009-07-06,108.72,109.04,108.37,108.97,27200,102.68
2009-07-02,108.79,109.18,108.62,108.98,10700,102.69
2009-07-01,108.06,108.52,107.83,108.51,9300,102.25
2009-06-30,108.66,109.30,108.28,108.90,750900,102.33
2009-06-29,109.40,109.54,109.04,109.04,29400,102.46
2009-06-26,108.91,109.18,108.70,109.04,53100,102.46
2009-06-25,107.61,108.77,107.02,108.58,29900,102.03
2009-06-24,107.91,108.39,106.96,106.96,10100,100.51
2009-06-23,107.13,108.10,107.13,107.91,32600,101.40
2009-06-22,106.88,107.32,106.60,107.18,31800,100.71
2009-06-19,105.26,106.18,105.22,106.18,8900,99.77
2009-06-18,106.42,106.42,105.33,105.42,27300,99.06
2009-06-17,107.30,107.97,106.90,107.00,338900,100.54
2009-06-16,106.25,107.09,106.06,106.99,46000,100.54
2009-06-15,106.06,106.38,105.98,106.18,21400,99.77
2009-06-12,105.00,105.86,105.00,105.50,18800,99.14
2009-06-11,103.73,105.15,103.64,104.77,27400,98.45
2009-06-10,104.32,104.72,102.24,104.01,114600,97.73
2009-06-09,105.06,105.09,104.34,104.84,10100,98.51
2009-06-08,105.18,105.44,104.14,104.15,28500,97.87
2009-06-05,104.96,105.56,104.50,104.63,22700,98.32
2009-06-04,106.40,106.56,105.24,105.71,14700,99.33
2009-06-03,106.97,107.40,106.56,107.30,9900,100.83
2009-06-02,106.24,106.58,105.73,106.56,32700,100.13
2009-06-01,107.11,107.76,105.57,106.06,12700,99.66
2009-05-29,107.18,108.79,107.05,108.76,65200,101.86
2009-05-28,107.12,107.19,105.99,107.15,29300,100.35
2009-05-27,107.93,107.93,106.13,106.13,16600,99.39
2009-05-26,109.36,109.36,107.62,107.62,39500,100.79
2009-05-22,109.11,109.34,108.69,108.87,42100,101.96
2009-05-21,112.10,112.10,109.43,109.49,25400,102.54
2009-05-20,110.61,111.66,110.61,111.65,8500,104.56
2009-05-19,110.73,110.94,110.16,110.54,14800,103.52
2009-05-18,112.17,112.17,110.61,110.88,15800,103.84
2009-05-15,111.76,111.96,111.29,111.90,39600,104.80
2009-05-14,111.81,112.09,111.59,111.87,27600,104.77
2009-05-13,111.70,112.14,111.51,111.98,19500,104.87
2009-05-12,110.88,111.32,110.62,111.27,9200,104.21
2009-05-11,110.68,111.19,110.30,111.19,7600,104.13
2009-05-08,109.94,110.20,109.50,109.83,18300,102.86
2009-05-07,110.20,110.70,108.70,109.63,18900,102.67
2009-05-06,110.73,111.66,110.69,110.81,20400,103.78
2009-05-05,111.08,111.45,110.69,110.96,48700,103.92
2009-05-04,111.19,111.37,110.67,111.34,35600,104.27
2009-05-01,110.62,111.07,110.37,110.98,17900,103.94
2009-04-30,111.80,111.96,111.27,111.60,13400,104.21
2009-04-29,112.66,113.23,111.59,111.83,20700,104.43
2009-04-28,114.21,114.21,112.34,112.60,13500,105.15
2009-04-27,113.67,113.80,112.75,113.79,13400,106.26
2009-04-24,113.22,113.40,112.73,112.80,20600,105.33
2009-04-23,113.52,113.86,112.98,113.43,11600,105.92
2009-04-22,113.85,114.20,113.07,113.22,14600,105.72
2009-04-21,115.50,115.54,114.00,114.15,11800,106.59
2009-04-20,114.44,114.92,114.27,114.50,28300,106.92
2009-04-17,114.51,114.52,113.55,113.65,21600,106.13
2009-04-16,115.03,115.30,114.57,114.87,12400,107.27
2009-04-15,115.74,115.85,114.80,115.48,15200,107.83
2009-04-14,114.69,115.61,114.55,115.17,11100,107.55
2009-04-13,114.88,115.12,114.53,114.98,10300,107.37
2009-04-09,114.27,114.44,113.65,114.16,10800,106.60
2009-04-08,114.76,115.44,114.74,115.26,7300,107.63
2009-04-07,114.64,114.90,113.99,114.68,40400,107.09
2009-04-06,114.88,115.07,114.10,114.42,10100,106.85
2009-04-03,116.49,116.49,114.50,114.59,10200,107.00
2009-04-02,117.42,117.42,116.39,116.73,28200,109.00
2009-04-01,117.65,117.71,116.79,117.71,18800,109.92
2009-03-31,117.11,117.55,116.74,117.25,11000,109.14
2009-03-30,117.46,117.68,116.41,117.00,34400,108.91
2009-03-27,116.79,117.14,116.09,116.62,12300,108.56
2009-03-26,115.51,116.55,115.05,116.22,23000,108.19
2009-03-25,116.17,116.17,115.43,115.68,13800,107.68
2009-03-24,115.38,116.85,115.01,116.00,18100,107.98
2009-03-23,117.16,117.18,116.24,116.40,11300,108.35
2009-03-20,117.80,117.84,116.76,116.80,25000,108.73
2009-03-19,118.29,118.34,117.08,117.46,71900,109.34
2009-03-18,112.92,118.79,112.52,117.44,26800,109.32
2009-03-17,113.10,113.83,112.34,112.43,29700,104.66
2009-03-16,112.79,113.09,112.57,113.07,22200,105.25
2009-03-13,113.95,114.65,113.34,113.79,22500,105.92
2009-03-12,113.48,114.31,113.27,113.75,41500,105.89
2009-03-11,112.22,113.42,111.60,113.39,17400,105.55
2009-03-10,112.89,112.89,112.24,112.31,15200,104.55
2009-03-09,114.17,114.17,112.87,113.56,11000,105.71
2009-03-06,113.74,114.95,113.52,113.82,23400,105.95
2009-03-05,113.69,114.80,112.80,114.63,55800,106.71
2009-03-04,111.74,112.14,111.33,112.14,19400,104.39
2009-03-03,112.60,113.49,112.32,112.57,15200,104.79
2009-03-02,112.62,113.31,112.15,113.17,22400,105.35
2009-02-27,113.05,113.05,111.86,112.07,19900,104.03
2009-02-26,112.87,112.89,112.36,112.57,8600,104.49
2009-02-25,114.60,114.72,113.02,113.29,47000,105.16
2009-02-24,115.27,115.57,114.26,114.26,25500,106.06
2009-02-23,113.92,114.59,113.54,114.54,54600,106.32
2009-02-20,114.86,115.18,113.95,114.09,25900,105.90
2009-02-19,113.32,114.20,112.84,113.55,15400,105.40
2009-02-18,115.97,115.97,114.66,114.78,14900,106.54
2009-02-17,115.00,115.73,114.90,115.70,118600,107.40
2009-02-13,114.12,114.13,112.54,113.04,96300,104.93
2009-02-12,115.14,115.25,114.16,114.81,12900,106.57
2009-02-11,114.28,115.23,114.28,115.04,8100,106.79
2009-02-10,113.81,114.45,112.92,114.16,15200,105.97
2009-02-09,112.28,112.40,111.37,112.01,10600,103.97
2009-02-06,112.87,112.87,111.85,111.85,29200,103.82
2009-02-05,112.72,113.63,112.59,112.65,8200,104.57
2009-02-04,112.45,113.04,112.06,112.46,19700,104.39
2009-02-03,114.12,114.12,112.73,112.99,14700,104.88
2009-02-02,113.50,114.43,112.80,114.35,31900,106.15
2009-01-30,114.09,114.09,112.95,113.28,15200,104.79
2009-01-29,114.64,114.83,112.74,112.89,27700,104.43
2009-01-28,116.55,116.55,114.62,114.95,21800,106.34
2009-01-27,114.77,116.25,114.77,116.21,10000,107.50
2009-01-26,114.69,115.03,114.12,114.50,23800,105.92
2009-01-23,114.99,115.15,114.21,114.99,94700,106.37
2009-01-22,116.08,116.61,114.67,114.92,24400,106.31
2009-01-21,117.84,117.94,116.33,116.37,65100,107.65
2009-01-20,117.76,119.12,117.23,118.91,13600,110.00
2009-01-16,118.69,120.04,118.53,119.88,11900,110.90
2009-01-15,120.96,121.37,120.38,120.80,10200,111.75
2009-01-14,120.55,121.16,120.41,120.67,17900,111.63
2009-01-13,119.38,119.56,118.84,119.55,13000,110.59
2009-01-12,117.47,119.37,117.47,119.05,40300,110.13
2009-01-09,117.84,118.92,117.70,118.35,9900,109.48
2009-01-08,117.43,118.17,117.38,118.14,6400,109.29
2009-01-07,117.64,117.97,116.97,117.88,14900,109.05
2009-01-06,116.96,118.05,116.22,117.22,26800,108.44
2009-01-05,118.79,119.11,116.26,117.45,47700,108.65
2009-01-02,122.36,122.36,118.66,118.86,40600,109.95
2008-12-31,122.97,123.40,120.92,121.61,21300,112.50
2008-12-30,123.10,123.60,121.26,123.24,19700,114.01
2008-12-29,124.07,124.07,122.15,122.68,23500,113.49
2008-12-26,123.31,123.84,123.31,123.32,3400,113.69
2008-12-24,123.51,123.51,122.83,122.85,3600,113.26
2008-12-23,123.02,123.61,122.76,123.39,55700,113.75
2008-12-22,123.60,123.85,122.77,123.18,29000,113.56
2008-12-19,123.27,123.99,123.01,123.39,17000,113.75
2008-12-18,122.87,124.39,122.85,123.35,33700,113.72
2008-12-17,122.61,122.99,121.74,121.88,29400,112.36
2008-12-16,118.25,120.75,118.08,120.69,11300,111.26
2008-12-15,118.04,118.63,117.75,118.63,14200,109.36
2008-12-12,117.94,118.04,116.03,117.88,63100,108.67
2008-12-11,117.63,117.68,116.24,117.62,12000,108.43
2008-12-10,116.56,117.30,116.06,116.98,46100,107.84
2008-12-09,116.67,117.70,115.79,117.70,17100,108.51
2008-12-08,116.99,117.04,115.95,115.95,19400,106.89
2008-12-05,117.70,118.11,116.26,116.29,18400,107.21
2008-12-04,116.78,118.06,116.46,117.92,12600,108.71
2008-12-03,115.83,116.51,115.08,116.23,12300,107.15
2008-12-02,115.52,116.26,115.06,115.75,59100,106.71
2008-12-01,114.48,116.03,113.64,115.53,35200,106.51
2008-11-28,113.75,113.81,113.34,113.81,5300,104.58
2008-11-26,113.45,113.81,112.70,112.77,12500,103.62
2008-11-25,112.66,112.94,111.84,112.83,7300,103.68
2008-11-24,111.31,111.31,110.11,110.37,26000,101.41
2008-11-21,111.74,112.05,109.97,111.55,89700,102.50
2008-11-20,111.62,113.02,110.78,112.99,93500,103.82
2008-11-19,108.59,109.85,108.59,109.85,22300,100.94
2008-11-18,107.04,108.16,107.04,108.08,13500,99.31
2008-11-17,106.56,106.87,106.22,106.55,3500,97.90
2008-11-14,106.15,106.40,105.69,106.07,10500,97.46
2008-11-13,105.33,105.99,104.33,104.33,10600,95.86
2008-11-12,105.91,106.03,105.43,106.03,19200,97.43
2008-11-11,105.20,105.71,105.16,105.52,5300,96.96
2008-11-10,104.32,105.06,104.27,104.82,4400,96.31
2008-11-07,104.48,104.50,103.77,104.27,10800,95.81
2008-11-06,104.41,104.97,103.77,104.97,12900,96.45
2008-11-05,104.49,105.07,103.94,104.94,6400,96.43
2008-11-04,102.39,103.90,102.09,103.90,19100,95.47
2008-11-03,102.55,102.55,101.93,102.23,26400,93.94
2008-10-31,103.69,103.69,102.21,102.21,30300,93.58
2008-10-30,103.22,103.81,103.07,103.29,25600,94.57
2008-10-29,104.81,105.03,103.60,103.86,12800,95.09
2008-10-28,105.20,105.49,104.46,104.54,10500,95.71
2008-10-27,106.00,106.60,104.98,105.66,10400,96.74
2008-10-24,107.54,107.54,105.30,105.65,11400,96.73
2008-10-23,106.56,107.07,105.60,106.29,44200,97.32
2008-10-22,105.25,106.15,105.19,106.15,7100,97.19
2008-10-21,104.58,105.37,104.26,105.00,15600,96.14
2008-10-20,103.37,103.80,103.18,103.79,14000,95.03
2008-10-17,104.04,104.29,102.84,103.13,8400,94.42
2008-10-16,104.40,104.40,103.57,103.74,16900,94.98
2008-10-15,103.39,104.12,102.96,103.81,14100,95.05
2008-10-14,104.34,104.64,103.29,103.29,22500,94.57
2008-10-13,104.94,104.94,104.02,104.29,9500,95.49
2008-10-10,106.10,106.28,104.53,105.02,39100,96.15
2008-10-09,107.02,107.02,105.80,106.23,18400,97.26
2008-10-08,109.83,109.83,106.45,107.29,45500,98.23
2008-10-07,108.61,109.83,108.61,109.37,50700,100.14
2008-10-06,109.42,110.20,109.28,109.42,21600,100.18
2008-10-03,108.35,108.49,106.74,108.38,10400,99.23
2008-10-02,107.86,108.22,107.70,108.22,10000,99.08
2008-10-01,107.40,108.18,106.59,107.24,19100,98.19
2008-09-30,108.67,108.67,106.40,106.62,20400,97.32
2008-09-29,107.54,109.20,107.54,108.88,22700,99.38
2008-09-26,106.37,107.00,106.37,106.61,7000,97.31
2008-09-25,106.75,106.75,105.84,106.42,13600,97.13
2008-09-24,107.00,107.28,106.47,106.79,10400,97.47
2008-09-23,106.75,106.81,106.21,106.48,14200,97.19
2008-09-22,105.70,106.74,105.67,106.66,38000,97.35
2008-09-19,106.78,107.81,106.67,107.05,15700,97.71
2008-09-18,110.20,110.91,109.35,109.57,42900,100.01
2008-09-17,110.65,111.47,110.19,110.60,54500,100.95
2008-09-16,112.23,112.23,110.05,110.36,134100,100.73
2008-09-15,109.20,110.32,109.07,110.26,9200,100.64
2008-09-12,108.66,108.77,107.62,107.73,10900,98.33
2008-09-11,108.99,109.14,108.49,108.62,30200,99.14
2008-09-10,108.35,108.85,108.23,108.74,12600,99.25
2008-09-09,108.13,109.12,108.06,109.12,5600,99.60
2008-09-08,107.47,108.39,107.23,108.39,19400,98.93
2008-09-05,108.62,108.80,108.05,108.05,10200,98.62
2008-09-04,107.79,108.23,107.67,108.16,9500,98.72
2008-09-03,107.23,107.66,107.19,107.53,20500,98.15
2008-09-02,106.22,107.22,105.95,107.22,9700,97.86
2008-08-29,106.89,106.94,106.50,106.73,9500,97.42
2008-08-28,106.98,107.23,106.68,107.19,9600,97.84
2008-08-27,106.57,107.28,106.57,107.28,5000,97.92
2008-08-26,106.93,107.10,106.77,106.92,5100,97.59
2008-08-25,107.09,107.15,106.93,107.06,52800,97.72
2008-08-22,106.23,106.23,105.92,106.18,4800,96.92
2008-08-21,106.60,106.60,106.09,106.38,15000,97.10
2008-08-20,106.38,106.78,106.38,106.60,23500,97.30
2008-08-19,106.51,106.51,106.16,106.16,2000,96.90
2008-08-18,106.16,106.52,106.16,106.50,18200,97.21
2008-08-15,105.96,106.16,105.95,106.16,14300,96.90
2008-08-14,105.54,105.74,105.40,105.49,10600,96.29
2008-08-13,105.49,105.62,104.82,105.06,7800,95.89
2008-08-12,105.12,105.43,105.10,105.38,20400,96.19
2008-08-11,104.97,104.97,104.17,104.48,18600,95.36
2008-08-08,105.33,105.34,104.96,105.10,9500,95.93
2008-08-07,104.28,105.21,104.24,105.21,21500,96.03
2008-08-06,103.97,103.97,103.47,103.88,44800,94.82
2008-08-05,104.66,104.66,104.05,104.05,18700,94.97
2008-08-04,104.57,104.95,104.55,104.61,6200,95.48
2008-08-01,104.40,104.85,104.40,104.85,8800,95.70
2008-07-31,105.02,105.16,104.78,105.16,3100,95.64
2008-07-30,103.64,104.49,103.64,104.13,2700,94.71
2008-07-29,104.11,104.20,103.68,104.05,3500,94.63
2008-07-28,104.12,104.65,104.12,104.45,3300,95.00
2008-07-25,103.75,104.07,103.44,103.61,3000,94.23
2008-07-24,103.71,104.41,103.71,104.41,2300,94.96
2008-07-23,103.33,103.43,102.96,103.43,27400,94.07
2008-07-22,103.75,103.88,103.35,103.54,17800,94.17
2008-07-21,103.73,103.94,103.55,103.91,24800,94.51
2008-07-18,104.07,104.26,103.67,103.73,3900,94.34
2008-07-17,104.51,104.77,103.92,103.99,4700,94.58
2008-07-16,105.24,105.38,104.66,104.68,9300,95.21
2008-07-15,105.88,106.36,105.82,106.05,2800,96.45
2008-07-14,105.48,105.98,105.28,105.83,10900,96.25
2008-07-11,106.15,106.15,104.89,105.04,47100,95.53
2008-07-10,106.22,106.31,105.73,106.16,52700,96.55
2008-07-09,105.71,106.12,105.57,106.08,8400,96.48
2008-07-08,105.16,105.68,105.16,105.57,14000,96.02
2008-07-07,104.95,105.78,104.55,105.26,4800,95.73
2008-07-03,104.50,104.98,104.38,104.88,6100,95.39
2008-07-02,104.66,105.00,104.66,104.97,29000,95.47
2008-07-01,105.39,105.39,104.55,104.65,18500,95.18
2008-06-30,105.06,105.29,104.80,105.01,2300,95.18
2008-06-27,104.62,105.26,104.36,105.13,26000,95.29
2008-06-26,104.15,104.43,104.00,104.26,3800,94.50
2008-06-25,103.65,103.74,102.96,103.74,12500,94.03
2008-06-24,103.42,103.77,103.26,103.72,4500,94.01
2008-06-23,103.12,103.45,102.95,103.06,7400,93.41
2008-06-20,103.21,103.25,102.90,103.12,6600,93.47
2008-06-19,102.94,102.94,102.36,102.43,5100,92.84
2008-06-18,102.44,103.14,102.44,102.93,23800,93.30
2008-06-17,102.35,102.43,101.94,102.25,10900,92.68
2008-06-16,102.14,102.24,101.85,102.03,10800,92.48
2008-06-13,102.16,102.53,101.87,101.92,9200,92.38
2008-06-12,102.50,102.77,102.08,102.20,10300,92.63
2008-06-11,103.39,103.85,103.00,103.27,12900,93.60
2008-06-10,103.60,103.61,102.92,103.18,28200,93.52
2008-06-09,103.76,104.29,103.37,103.69,8200,93.99
2008-06-06,103.85,104.47,103.67,104.20,23700,94.45
2008-06-05,103.56,103.62,103.18,103.28,49700,93.61
2008-06-04,104.70,104.80,104.05,104.21,20900,94.46
2008-06-03,103.69,104.89,103.52,104.53,27000,94.75
2008-06-02,98.89,104.17,98.89,104.00,18100,94.27
2008-05-30,103.82,103.92,103.64,103.74,41500,94.03
2008-05-29,103.60,103.66,102.89,103.29,88400,93.62
2008-05-28,104.29,104.43,103.89,103.97,13200,94.24
2008-05-27,105.01,105.08,104.75,104.75,4700,94.95
2008-05-23,105.44,105.82,105.35,105.55,13000,95.67
2008-05-22,105.21,105.21,104.58,105.03,8100,95.20
2008-05-21,105.87,106.16,105.61,105.99,6800,96.07
2008-05-20,105.95,106.13,105.64,106.13,8800,96.20
2008-05-19,105.70,105.70,105.21,105.68,3900,95.79
2008-05-16,105.40,106.13,105.34,105.34,11300,95.48
2008-05-15,104.72,105.61,104.72,105.61,25900,95.73
2008-05-14,105.37,105.37,104.38,104.70,23400,94.90
2008-05-13,105.20,105.35,104.80,104.84,6400,95.03
2008-05-12,106.15,106.45,105.82,105.82,4300,95.92
2008-05-09,106.25,106.27,105.80,105.95,4500,96.03
2008-05-08,105.21,105.83,105.16,105.83,10000,95.93
2008-05-07,104.52,104.92,104.21,104.91,18200,95.09
2008-05-06,105.37,105.37,104.43,104.43,4800,94.66
2008-05-05,105.20,105.20,104.75,104.94,12900,95.12
2008-05-02,105.05,105.40,104.88,104.94,5300,95.12
2008-05-01,106.60,106.60,105.63,105.93,4600,96.02
2008-04-30,105.69,106.26,105.31,106.26,16300,95.95
2008-04-29,105.59,106.07,105.47,105.71,37300,95.45
2008-04-28,105.01,105.55,104.97,105.55,5300,95.31
2008-04-25,105.26,105.35,104.79,105.02,19200,94.83
2008-04-24,105.52,105.72,105.13,105.47,38000,95.23
2008-04-23,106.29,106.47,105.83,106.20,7900,95.89
2008-04-22,106.23,106.70,106.10,106.52,10000,96.18
2008-04-21,105.88,106.34,105.75,106.34,10400,96.02
2008-04-18,105.45,106.05,105.10,106.05,9100,95.76
2008-04-17,106.42,106.47,105.83,106.17,16100,95.87
2008-04-16,107.28,107.31,106.18,106.47,12200,96.14
2008-04-15,107.61,107.80,107.28,107.34,10200,96.92
2008-04-14,108.43,108.64,108.08,108.14,10000,97.65
2008-04-11,108.54,108.69,108.40,108.68,23100,98.13
2008-04-10,108.41,108.43,107.60,107.98,6300,97.50
2008-04-09,107.78,108.52,107.78,108.37,3600,97.85
2008-04-08,108.06,108.06,107.45,107.49,17100,97.06
2008-04-07,107.67,107.72,107.00,107.55,9600,97.11
2008-04-04,107.91,108.35,107.85,108.16,22100,97.66
2008-04-03,107.42,107.42,106.90,107.09,36900,96.70
2008-04-02,106.94,107.38,106.84,106.99,58600,96.61
2008-04-01,107.47,107.47,106.70,106.96,96900,96.58
2008-03-31,108.95,108.95,108.46,108.61,7300,98.07
2008-03-28,107.91,108.49,107.83,108.46,4800,97.93
2008-03-27,107.79,108.33,107.52,107.75,16800,97.29
2008-03-26,108.56,108.73,108.07,108.30,7000,97.79
2008-03-25,108.35,108.51,108.01,108.28,4300,97.77
2008-03-24,108.72,108.85,107.92,107.98,21100,97.50
2008-03-20,109.78,110.12,109.65,109.86,22900,99.20
2008-03-19,108.50,109.78,108.41,109.78,11000,99.13
2008-03-18,109.06,109.28,108.54,108.66,17800,98.11
2008-03-17,109.13,109.70,108.91,109.22,27900,98.62
2008-03-14,108.26,109.38,108.26,108.84,16500,98.28
2008-03-13,108.80,108.83,107.42,107.71,34900,97.26
2008-03-12,107.08,108.52,107.08,108.51,12300,97.98
2008-03-11,107.14,107.16,106.39,106.81,7000,96.44
2008-03-10,107.35,108.31,107.35,108.00,9900,97.52
2008-03-07,107.56,107.56,106.41,106.79,24500,96.43
2008-03-06,106.36,106.89,106.36,106.71,47800,96.35
2008-03-05,107.21,107.21,106.03,106.10,69200,95.80
2008-03-04,107.68,107.88,106.88,106.97,19400,96.59
2008-03-03,107.67,107.85,107.37,107.60,8500,97.16
2008-02-29,107.61,108.33,107.56,108.22,66100,97.72
2008-02-28,106.42,106.93,106.35,106.83,12500,96.46
2008-02-27,105.67,105.67,104.91,105.37,19100,95.14
2008-02-26,105.05,105.26,104.85,105.17,6800,94.96
2008-02-25,105.73,105.86,104.84,104.97,10900,94.78
2008-02-22,106.16,106.61,105.83,105.89,3500,95.61
2008-02-21,105.56,106.44,105.56,106.25,19800,95.94
2008-02-20,104.63,105.26,104.63,105.19,112900,94.98
2008-02-19,105.20,105.56,104.85,104.92,11100,94.74
2008-02-15,105.92,106.11,105.79,105.95,24100,95.67
2008-02-14,105.96,106.19,105.06,105.41,120000,95.18
2008-02-13,106.74,107.09,106.43,106.44,19700,96.11
2008-02-12,106.99,107.25,106.67,107.25,7600,96.84
2008-02-11,107.64,108.04,107.52,107.60,5100,97.16
2008-02-08,106.75,107.36,106.75,107.30,5500,96.89
2008-02-07,107.80,107.83,105.99,106.29,36500,95.97
2008-02-06,107.90,107.95,107.65,107.80,6600,97.34
2008-02-05,108.40,108.60,108.04,108.16,20800,97.66
2008-02-04,107.47,107.59,107.30,107.42,7700,97.00
2008-02-01,108.10,108.22,107.78,108.16,44800,97.66
2008-01-31,108.21,108.35,107.82,107.91,11600,97.44
2008-01-30,107.49,107.56,106.80,107.38,36400,96.96
2008-01-29,107.91,107.94,107.38,107.72,20500,97.27
2008-01-28,108.22,108.49,108.03,108.22,11000,97.72
2008-01-25,106.83,108.55,106.83,108.55,11200,98.02
2008-01-24,108.40,108.40,107.22,107.22,9600,96.81
2008-01-23,110.71,110.71,108.54,108.67,52800,98.12
2008-01-22,108.96,109.20,108.02,109.03,20000,98.45
2008-01-18,107.96,108.20,107.71,108.08,38400,97.59
2008-01-17,107.41,108.50,107.30,108.42,22800,97.90
2008-01-16,107.83,108.02,107.18,107.35,40900,96.93
2008-01-15,107.47,107.83,107.31,107.79,30700,97.33
2008-01-14,106.61,106.93,106.54,106.91,18900,96.53
2008-01-11,106.19,106.74,106.18,106.74,27600,96.38
2008-01-10,106.86,106.97,105.86,105.90,80800,95.62
2008-01-09,106.78,107.26,106.64,106.64,11400,96.29
2008-01-08,106.42,106.66,106.05,106.66,11200,96.31
2008-01-07,106.25,106.69,106.18,106.61,8100,96.26
2008-01-04,106.40,106.62,106.23,106.31,44500,95.99
2008-01-03,105.89,106.12,105.61,106.12,9700,95.82
2008-01-02,105.20,106.23,105.10,106.16,51500,95.86
2007-12-31,104.77,105.06,104.71,105.01,15200,94.82
2007-12-28,103.89,104.66,103.80,104.44,11100,94.30
2007-12-27,103.18,103.36,102.91,103.36,21300,93.33
2007-12-26,103.27,103.72,102.80,102.86,13500,92.88
2007-12-24,103.61,103.75,103.49,103.55,1200,93.50
2007-12-21,104.87,104.87,103.91,103.94,68000,93.85
2007-12-20,105.00,105.61,105.00,105.09,17300,94.89
2007-12-19,104.49,105.20,104.07,105.20,12900,94.99
2007-12-18,103.86,104.40,103.86,104.10,5500,94.00
2007-12-17,103.26,103.64,103.26,103.64,6200,93.58
2007-12-14,103.16,103.17,102.94,103.02,3300,93.02
2007-12-13,103.91,104.05,103.42,103.54,11600,93.49
2007-12-12,103.71,104.76,103.64,104.44,25700,94.30
2007-12-11,104.13,105.42,104.01,105.42,3300,95.19
2007-12-10,104.05,104.05,103.35,103.70,11300,93.64
2007-12-07,104.52,104.52,103.89,104.10,21300,94.00
2007-12-06,105.51,105.51,104.90,104.90,5500,94.72
2007-12-05,106.05,106.18,105.80,105.83,31100,95.56
2007-12-04,106.05,106.75,106.02,106.50,14100,96.16
2007-12-03,106.25,106.53,106.18,106.53,64200,96.19
2007-11-30,105.53,106.04,105.53,106.04,291300,95.41
2007-11-29,106.22,106.85,106.22,106.47,90100,95.80
2007-11-28,106.21,106.21,105.45,105.57,10500,94.99
2007-11-27,106.65,106.65,105.69,106.01,38800,95.38
2007-11-26,105.87,107.57,105.87,107.38,50500,96.61
2007-11-23,105.45,105.45,105.41,105.41,2100,94.84
2007-11-21,105.35,105.50,105.33,105.46,14000,94.89
2007-11-20,105.10,105.15,104.80,104.89,4000,94.37
2007-11-19,104.22,105.21,104.22,105.02,7800,94.49
2007-11-16,106.42,106.42,104.30,104.30,2000,93.84
2007-11-15,103.80,104.39,103.63,104.22,21100,93.77
2007-11-14,103.02,103.49,103.02,103.49,4000,93.11
2007-11-13,103.60,103.64,103.32,103.33,5100,92.97
2007-11-12,103.70,103.91,103.58,103.91,9500,93.49
2007-11-09,103.54,103.62,103.50,103.56,9800,93.18
2007-11-08,102.98,103.16,102.89,102.89,6000,92.57
2007-11-07,102.64,102.89,102.62,102.89,13600,92.57
2007-11-06,102.65,103.05,102.52,102.61,3300,92.32
2007-11-05,103.10,103.22,102.85,102.85,20900,92.54
2007-11-02,103.00,103.24,102.99,102.99,17400,92.66
2007-11-01,102.30,102.84,102.30,102.80,48200,92.49
2007-10-31,102.55,102.86,102.55,102.60,15700,92.31
2007-10-30,102.87,102.87,102.71,102.83,1700,92.52
2007-10-29,102.60,103.01,102.60,102.92,3600,92.60
2007-10-26,102.63,103.09,102.63,102.71,2400,92.41
2007-10-25,103.23,103.23,102.97,102.99,1200,92.66
2007-10-24,102.85,103.13,102.83,103.00,2900,92.67
2007-10-23,102.40,102.62,102.33,102.62,5400,92.33
2007-10-22,102.68,102.68,102.22,102.58,6000,92.30
2007-10-19,102.53,102.55,102.34,102.55,2500,92.27
2007-10-18,101.47,101.50,101.42,101.50,900,91.32
2007-10-17,100.43,101.10,100.43,101.10,2800,90.96
2007-10-16,100.13,100.28,100.13,100.28,3400,90.23
2007-10-15,99.72,100.06,99.72,100.00,8000,89.97
2007-10-12,100.04,100.35,99.92,100.01,92400,89.98
2007-10-11,99.88,100.12,99.86,100.12,21300,90.08
2007-10-10,100.14,100.49,100.14,100.36,2200,90.30
2007-10-09,100.39,100.54,100.17,100.24,13000,90.19
2007-10-08,100.24,100.69,100.24,100.64,5600,90.55
2007-10-05,100.66,100.66,100.20,100.29,6300,90.24
2007-10-04,101.09,101.40,101.09,101.40,4100,91.23
2007-10-03,101.44,101.44,100.86,100.86,5500,90.75
2007-10-02,100.98,101.43,100.98,101.31,3800,91.15
2007-10-01,100.78,101.07,100.68,101.00,16800,90.87
2007-09-28,101.49,101.49,100.79,100.79,1600,90.33
2007-09-27,100.66,101.11,100.65,101.08,2600,90.59
2007-09-26,100.13,100.58,100.13,100.45,17800,90.02
2007-09-25,100.92,100.94,100.54,100.58,1400,90.14
2007-09-24,100.54,100.54,100.32,100.52,1300,90.08
2007-09-21,100.29,100.45,100.10,100.45,6600,90.02
2007-09-20,100.60,100.75,99.73,99.83,11400,89.47
2007-09-19,101.07,101.41,101.00,101.41,5000,90.88
2007-09-18,101.83,101.89,101.51,101.75,3100,91.19
2007-09-17,101.90,102.11,101.85,102.06,3000,91.46
2007-09-14,102.60,102.60,101.79,102.02,9000,91.43
2007-09-13,102.31,102.31,101.79,101.88,7100,91.30
2007-09-12,102.68,102.68,102.45,102.55,5200,91.90
2007-09-11,102.93,103.03,102.76,102.83,10900,92.15
2007-09-10,102.48,103.19,102.48,102.99,13900,92.30
2007-09-07,102.00,102.57,102.00,102.49,14600,91.85
2007-09-06,101.62,101.62,101.28,101.28,3500,90.77
2007-09-05,101.44,101.54,101.44,101.53,1900,90.99
2007-09-04,101.00,101.00,100.56,100.83,2700,90.36
2007-08-31,100.88,101.46,100.88,101.29,36700,90.40
2007-08-30,101.28,101.49,101.20,101.37,32700,90.47
2007-08-29,101.40,101.40,100.89,100.93,2100,90.08
2007-08-28,100.93,101.25,100.88,101.25,4200,90.36
2007-08-27,100.72,100.80,100.51,100.80,14200,89.96
2007-08-24,100.45,100.45,100.36,100.40,8700,89.61
2007-08-23,99.89,100.27,99.88,100.15,8000,89.38
2007-08-22,99.93,100.05,99.81,100.00,15100,89.25
2007-08-21,100.26,100.31,99.99,100.17,15100,89.40
2007-08-20,99.77,100.06,99.73,99.81,5600,89.08
2007-08-17,99.10,99.67,99.10,99.66,15300,88.94
2007-08-16,99.70,100.39,99.70,100.00,10600,89.25
2007-08-15,99.40,99.40,99.10,99.37,11200,88.69
2007-08-14,98.81,99.42,98.81,99.30,2900,88.62
2007-08-13,98.48,99.04,98.48,99.04,1800,88.39
2007-08-10,99.00,99.13,98.71,98.71,12600,88.10
2007-08-09,99.21,99.21,98.47,98.90,34800,88.27
2007-08-08,98.64,98.64,98.42,98.54,6500,87.95
2007-08-07,99.57,99.72,99.34,99.34,4100,88.66
2007-08-06,99.90,99.90,99.43,99.44,5600,88.75
2007-08-03,99.66,99.97,99.66,99.97,4200,89.22
2007-08-02,99.22,99.55,99.13,99.55,1500,88.85
2007-08-01,99.00,99.56,99.00,99.49,10500,88.79
2007-07-31,99.59,99.90,99.47,99.90,5500,88.78
2007-07-30,99.60,99.65,99.34,99.34,11700,88.28
2007-07-27,99.41,99.91,99.41,99.71,21600,88.61
2007-07-26,99.25,99.68,99.25,99.60,2000,88.51
2007-07-25,98.60,98.78,98.51,98.70,8900,87.71
2007-07-24,98.45,98.62,98.30,98.57,7500,87.60
2007-07-23,98.22,98.35,98.16,98.20,32700,87.27
2007-07-20,97.85,98.42,97.85,98.36,13200,87.41
2007-07-19,97.40,97.72,97.38,97.69,5400,86.82
2007-07-18,97.42,97.91,97.42,97.73,5200,86.85
2007-07-17,97.24,97.25,97.24,97.25,4200,86.42
2007-07-16,97.17,97.60,97.17,97.60,2500,86.74
2007-07-13,96.76,96.96,96.76,96.96,300,86.17
2007-07-12,96.94,96.94,96.74,96.80,3200,86.02
2007-07-11,97.50,97.63,97.07,97.07,2400,86.26
2007-07-10,97.17,97.53,97.13,97.53,47600,86.67
2007-07-09,96.48,96.54,96.45,96.46,18800,85.72
2007-07-06,96.28,96.28,96.04,96.18,71000,85.47
2007-07-05,96.90,96.90,96.44,96.55,3000,85.80
2007-07-03,97.80,97.80,97.36,97.36,1700,86.52
2007-07-02,97.59,97.80,97.49,97.80,5200,86.91
2007-06-29,97.86,97.86,97.86,97.86,200,86.60
2007-06-28,97.21,97.25,97.05,97.05,1200,85.88
2007-06-27,97.43,97.50,97.14,97.14,4700,85.96
2007-06-26,97.25,97.25,97.00,97.05,5500,85.88
2007-06-25,96.95,97.15,96.90,97.07,9400,85.90
2007-06-22,96.16,96.72,96.04,96.68,9100,85.55
2007-06-21,96.33,96.41,96.33,96.39,1000,85.30
2007-06-20,96.83,96.83,96.55,96.55,6000,85.44
2007-06-19,96.85,97.16,96.68,97.16,16500,85.98
2007-06-18,96.55,96.58,96.28,96.58,40100,85.46
2007-06-15,96.16,96.46,96.16,96.46,5700,85.36
2007-06-14,96.11,96.37,95.98,95.98,5400,84.93
2007-06-13,95.64,96.13,95.64,96.13,36900,85.07
2007-06-12,95.93,96.00,95.39,95.39,29400,84.41
2007-06-11,96.45,96.65,96.45,96.47,3400,85.37
2007-06-08,96.42,96.73,96.32,96.73,41100,85.60
2007-06-07,97.34,97.36,96.50,96.67,28800,85.54
2007-06-06,97.90,97.95,97.89,97.93,4400,86.66
2007-06-05,98.33,98.33,97.91,97.91,13100,86.64
2007-06-04,98.14,98.38,98.14,98.21,9100,86.91
2007-06-01,98.32,98.42,98.00,98.01,51100,86.73
2007-05-31,98.77,99.02,98.63,98.95,5900,87.20
2007-05-30,99.13,99.13,98.93,98.95,14900,87.20
2007-05-29,99.13,99.13,98.93,98.95,10200,87.20
2007-05-25,99.11,99.17,99.02,99.17,2400,87.39
2007-05-24,99.10,99.24,98.67,99.24,51600,87.45
2007-05-23,99.23,99.23,98.91,99.00,5600,87.24
2007-05-22,99.63,99.63,99.18,99.24,4900,87.45
2007-05-21,99.46,99.56,99.37,99.56,3900,87.73
2007-05-18,99.77,99.77,99.40,99.40,1600,87.59
2007-05-17,100.13,100.13,99.86,99.90,4100,88.03
2007-05-16,100.35,100.35,100.27,100.27,1000,88.36
2007-05-15,100.48,100.48,100.06,100.16,1600,88.26
2007-05-14,100.47,100.52,100.30,100.30,4800,88.39
2007-05-11,100.94,100.99,100.52,100.52,6300,88.58
2007-05-10,100.77,100.80,100.74,100.80,5000,88.83
2007-05-09,100.91,100.91,100.58,100.58,8000,88.63
2007-05-08,101.01,101.09,100.92,100.92,700,88.93
2007-05-07,101.02,101.03,100.93,100.93,2800,88.94
2007-05-04,100.80,100.92,100.77,100.77,13100,88.80
2007-05-03,100.65,100.65,100.46,100.52,2200,88.58
2007-05-02,100.69,100.79,100.69,100.69,6500,88.73
2007-05-01,100.93,100.93,100.53,100.64,800,88.69
2007-04-30,100.78,100.96,100.78,100.96,7000,88.97
2007-04-27,100.55,100.55,100.41,100.42,42000,88.49
2007-04-26,100.77,100.77,100.44,100.44,6900,88.51
2007-04-25,100.95,101.05,100.80,100.80,1700,88.83
2007-04-24,100.88,101.14,100.88,101.09,2700,89.08
2007-04-23,100.87,100.87,100.80,100.80,1300,88.83
2007-04-20,100.65,100.65,100.45,100.55,2100,88.61
2007-04-19,100.93,100.93,100.54,100.60,2500,88.65
2007-04-18,100.70,100.75,100.70,100.75,900,88.78
2007-04-17,100.22,100.44,100.22,100.44,500,88.51
2007-04-16,99.88,100.00,99.87,100.00,12700,88.12
2007-04-13,99.71,99.71,99.50,99.65,88300,87.81
2007-04-12,99.94,99.95,99.77,99.86,42700,88.00
2007-04-11,99.95,99.96,99.76,99.76,24200,87.91
2007-04-10,99.97,99.97,99.76,99.76,1000,87.91
2007-04-09,99.60,99.68,99.57,99.62,10300,87.79
2007-04-05,100.52,100.52,100.12,100.12,1600,88.23
2007-04-04,100.55,100.59,100.32,100.40,6000,88.47
2007-04-03,100.46,100.48,100.24,100.27,3600,88.36
2007-04-02,100.78,100.78,100.32,100.47,35700,88.54
2007-03-30,101.13,101.16,100.76,100.76,51100,88.79
2007-03-29,101.00,101.00,100.91,100.91,6800,88.92
2007-03-28,101.30,101.31,100.99,100.99,2600,88.99
2007-03-27,101.19,101.20,100.89,101.11,59200,89.10
2007-03-26,101.00,101.50,100.90,101.15,8500,89.13
2007-03-23,101.11,101.21,101.07,101.07,6300,89.06
2007-03-22,101.51,101.58,101.11,101.26,6700,89.23
2007-03-21,101.48,101.83,101.48,101.83,4700,89.73
2007-03-20,101.74,101.75,101.71,101.71,400,89.63
2007-03-19,101.46,101.55,101.46,101.55,5800,89.49
2007-03-16,101.65,101.79,101.65,101.79,500,89.70
2007-03-15,101.77,101.87,101.77,101.87,300,89.77
2007-03-14,102.23,102.29,101.90,101.90,400,89.80
2007-03-13,102.02,102.07,101.89,101.89,800,89.79
2007-03-12,101.68,101.69,101.59,101.59,900,89.52
2007-03-09,101.20,101.36,101.20,101.33,1400,89.29
2007-03-08,101.86,101.92,101.86,101.91,5700,89.80
2007-03-07,101.85,102.20,101.85,102.18,3000,90.04
2007-03-06,101.72,102.00,101.72,101.74,3300,89.65
2007-03-05,102.13,102.14,101.85,102.00,12000,89.88
2007-03-02,101.60,101.96,101.60,101.94,4300,89.83
2007-03-01,101.84,101.94,101.50,101.50,38700,89.44
2007-02-28,102.05,102.05,101.74,101.90,38000,89.47
2007-02-27,101.75,102.54,101.75,102.38,17800,89.90
2007-02-26,101.08,101.29,101.08,101.29,4300,88.94
2007-02-23,100.87,100.88,100.68,100.70,12800,88.42
2007-02-22,100.44,100.44,100.22,100.27,19600,88.04
2007-02-21,100.45,100.59,100.44,100.59,22700,88.32
2007-02-20,100.60,100.67,100.60,100.67,4300,88.39
2007-02-16,100.63,100.63,100.53,100.62,3500,88.35
2007-02-15,100.57,100.62,100.45,100.45,25900,88.20
2007-02-14,100.03,100.19,99.94,100.19,7600,87.97
2007-02-13,99.56,99.56,99.49,99.49,3200,87.36
2007-02-12,99.66,99.66,99.63,99.64,3000,87.49
2007-02-09,99.76,99.76,99.65,99.71,2700,87.55
2007-02-08,100.17,100.17,100.17,100.17,700,87.96
2007-02-07,100.09,100.15,100.03,100.12,4000,87.91
2007-02-06,99.43,99.44,99.42,99.44,24800,87.31
2007-02-05,99.54,99.54,99.51,99.51,5000,87.38
2007-02-02,99.39,99.39,99.30,99.30,6100,87.19
2007-02-01,99.34,99.34,99.34,99.34,100,87.23
2007-01-31,99.17,99.33,99.17,99.33,5900,87.22
2007-01-30,99.00,99.04,99.00,99.04,1200,86.96
2007-01-29,98.99,98.99,98.85,98.85,2100,86.80
2007-01-26,99.07,99.11,98.94,98.98,11900,86.91
2007-01-25,99.14,99.14,99.03,99.06,1600,86.98
2007-01-24,99.64,99.65,99.58,99.60,7000,87.46
2007-01-23,99.86,99.86,99.64,99.71,4300,87.55
2007-01-22,100.01,100.06,100.01,100.01,1300,87.82
2007-01-19,99.85,99.86,99.83,99.83,4700,87.66
2007-01-18,99.83,100.02,99.78,100.02,4400,87.82
2007-01-17,100.06,100.06,100.06,100.06,1800,87.86
2007-01-16,100.04,100.08,99.97,100.08,2300,87.88
2007-01-12,100.01,100.01,99.90,99.90,700,87.72
2007-01-11,100.38,100.40,100.15,100.40,129700,88.16