2011-05-10,35.09,35.12,35.09,35.12,600,35.12
2011-05-09,35.10,35.10,34.97,34.97,1400,34.97
2011-05-06,35.14,35.14,35.14,35.14,000,35.14
2011-05-05,35.17,35.24,35.14,35.14,10900,35.14
2011-05-04,35.10,35.10,35.00,35.10,1900,35.10
2011-05-03,35.25,35.25,35.25,35.25,000,35.25
2011-05-02,35.19,35.25,35.19,35.25,400,35.25
2011-04-29,35.80,35.80,35.80,35.80,000,35.80
2011-04-28,35.80,35.80,35.80,35.80,000,35.80
2011-04-27,35.80,35.80,35.80,35.80,900,35.80
2011-04-26,35.79,35.79,35.61,35.61,1300,35.61
2011-04-25,35.93,35.97,35.93,35.93,3000,35.93
2011-04-21,35.96,35.96,35.96,35.96,200,35.96
2011-04-20,35.90,35.90,35.90,35.90,000,35.90
2011-04-19,35.90,35.90,35.90,35.90,000,35.90
2011-04-18,36.00,36.01,35.90,35.90,800,35.90
2011-04-15,36.00,36.00,36.00,36.00,500,36.00
2011-04-14,36.39,36.45,36.31,36.42,24800,36.42
2011-04-13,36.71,36.72,36.32,36.38,23000,36.38
2011-04-12,36.65,36.65,36.60,36.60,600,36.60
2011-04-11,36.85,36.97,36.77,36.81,22800,36.81
2011-04-08,37.00,37.14,36.79,36.83,47800,36.83
2011-04-07,37.06,37.06,37.06,37.06,100,37.06
2011-04-06,37.02,37.02,37.02,37.02,100,37.02
2011-04-05,36.70,36.71,36.49,36.65,8200,36.65
2011-04-04,36.78,36.81,36.59,36.60,47400,36.60
2011-04-01,37.29,37.29,36.89,36.89,20700,36.89
2011-03-31,36.94,37.03,36.94,37.03,10300,37.03
2011-03-30,37.42,37.46,37.23,37.23,18900,37.23
2011-03-29,37.29,37.50,37.29,37.36,6600,37.36
2011-03-28,37.34,37.34,37.34,37.34,100,37.34
2011-03-25,36.97,37.28,36.97,37.28,1100,37.28
2011-03-24,37.18,37.18,36.98,36.98,1000,36.98
2011-03-23,37.07,37.07,37.07,37.07,100,37.07
2011-03-22,36.92,36.92,36.92,36.92,200,36.92
2011-03-21,36.62,36.69,36.62,36.69,2000,36.69
2011-03-18,36.46,36.46,36.46,36.46,000,36.46
2011-03-17,36.67,36.67,36.46,36.46,700,36.46
2011-03-16,36.56,36.56,36.29,36.48,4500,36.48
2011-03-15,36.83,37.04,36.83,37.02,2100,37.02
2011-03-14,37.19,37.19,37.15,37.19,1500,37.19
2011-03-11,37.07,37.19,37.06,37.19,9300,37.19
2011-03-10,37.28,37.34,37.28,37.34,900,37.34
2011-03-09,37.66,37.66,37.66,37.66,100,37.66
2011-03-08,37.58,37.60,37.58,37.60,400,37.60
2011-03-07,37.52,37.59,37.51,37.59,7400,37.59
2011-03-04,37.89,37.89,37.83,37.83,2300,37.83
2011-03-03,37.97,38.13,37.97,38.13,5900,38.13
2011-03-02,37.65,37.76,37.51,37.74,9000,37.74
2011-03-01,38.23,38.23,37.78,37.78,3200,37.78
2011-02-28,37.88,37.98,37.83,37.83,8800,37.83
2011-02-25,38.10,38.12,37.88,37.88,16600,37.88
2011-02-24,38.05,38.16,37.96,38.16,10700,38.16
2011-02-23,38.32,38.32,38.32,38.32,500,38.32
2011-02-22,38.95,38.96,38.71,38.72,5300,38.72
2011-02-18,39.94,39.94,39.50,39.50,2900,39.50
2011-02-17,40.10,40.10,39.76,39.76,2000,39.76
2011-02-16,40.07,40.10,40.07,40.10,600,40.10
2011-02-15,40.09,40.09,39.94,40.02,3900,40.02
2011-02-14,40.56,40.56,40.06,40.08,3900,40.08
2011-02-11,40.33,40.33,40.07,40.14,8600,40.14
2011-02-10,40.14,40.43,40.14,40.43,3700,40.43