2011-05-10,15.32,15.32,15.21,15.27,3000,15.27
2011-05-09,15.10,15.10,14.85,15.09,3800,15.09
2011-05-06,14.60,15.06,14.60,14.88,9100,14.88
2011-05-05,15.00,15.00,14.48,14.49,31600,14.49
2011-05-04,15.59,15.59,15.16,15.45,12000,15.45
2011-05-03,16.20,16.20,15.60,15.64,2800,15.64
2011-05-02,16.35,16.59,16.04,16.06,4900,16.06
2011-04-29,16.56,16.63,16.37,16.53,13000,16.53
2011-04-28,16.63,16.73,16.53,16.56,17000,16.56
2011-04-27,16.16,16.36,16.10,16.34,2400,16.34
2011-04-26,16.40,16.40,16.00,16.12,5400,16.12
2011-04-25,16.72,16.72,16.28,16.30,5000,16.30
2011-04-21,16.47,16.55,16.43,16.52,3000,16.52
2011-04-20,16.43,16.50,16.41,16.42,2100,16.42
2011-04-19,16.34,16.34,16.04,16.04,6700,16.04
2011-04-18,16.21,16.36,15.80,16.03,9300,16.03
2011-04-15,16.76,16.78,16.53,16.53,8200,16.53
2011-04-14,16.68,16.76,16.60,16.69,8800,16.69
2011-04-13,16.69,16.89,16.68,16.69,7600,16.69
2011-04-12,16.67,16.85,16.44,16.68,14000,16.68
2011-04-11,17.49,17.50,17.00,17.00,24100,17.00
2011-04-08,17.65,17.66,17.35,17.47,10800,17.47
2011-04-07,17.40,17.51,17.32,17.43,8900,17.43
2011-04-06,17.58,17.60,17.34,17.34,12800,17.34
2011-04-05,17.04,17.33,17.00,17.27,14500,17.27
2011-04-04,17.08,17.08,16.87,17.04,7700,17.04
2011-04-01,16.70,16.82,16.67,16.82,4600,16.82
2011-03-31,16.86,16.86,16.51,16.68,6000,16.68
2011-03-30,16.75,16.75,16.54,16.60,23000,16.60
2011-03-29,16.38,16.55,16.38,16.55,9800,16.55
2011-03-28,16.77,16.77,16.39,16.40,38200,16.40
2011-03-25,17.07,17.07,16.57,16.64,8200,16.64
2011-03-24,16.83,17.03,16.71,16.80,37600,16.80
2011-03-23,16.90,16.91,16.62,16.82,27900,16.82
2011-03-22,16.57,16.83,16.43,16.83,20400,16.83
2011-03-21,16.54,16.57,16.35,16.45,30000,16.45
2011-03-18,16.19,16.19,15.67,16.05,29200,16.05
2011-03-17,15.38,15.75,15.32,15.52,3600,15.52