2011-05-10,66.22,66.48,65.58,66.46,431200,66.46
2011-05-09,67.39,67.80,67.01,67.56,304000,67.56
2011-05-06,68.79,69.08,66.70,66.90,418000,66.90
2011-05-05,68.82,69.34,68.15,68.34,199000,68.34
2011-05-04,70.06,70.06,68.84,68.89,389200,68.89
2011-05-03,69.77,70.59,69.51,70.09,294000,70.09
2011-05-02,70.62,70.66,69.91,69.94,175000,69.94
2011-04-29,69.61,70.66,69.61,70.66,352000,70.66
2011-04-28,68.95,69.43,68.87,69.30,236000,69.30
2011-04-27,68.70,69.22,68.07,69.06,434900,69.06
2011-04-26,69.48,69.68,68.96,69.49,391000,69.49
2011-04-25,69.53,69.70,69.24,69.54,141900,69.54
2011-04-21,69.64,69.85,69.18,69.65,243000,69.65
2011-04-20,69.33,69.53,68.90,69.12,267900,69.12
2011-04-19,67.69,68.48,67.65,68.39,266900,68.39
2011-04-18,67.30,67.78,66.00,66.86,509200,66.86
2011-04-15,69.32,69.94,68.85,69.74,236900,69.74
2011-04-14,68.63,69.40,68.25,68.98,458200,68.98
2011-04-13,69.27,69.30,68.27,68.84,363200,68.84
2011-04-12,68.69,69.25,67.74,68.39,612000,68.39
2011-04-11,68.67,68.96,68.03,68.11,426400,68.11
2011-04-08,69.84,69.91,68.40,68.66,321500,68.66
2011-04-07,70.00,70.74,69.47,69.80,481100,69.80
2011-04-06,69.33,69.70,69.08,69.08,404700,69.08
2011-04-05,68.10,68.49,67.58,68.27,430700,68.27
2011-04-04,66.91,68.10,66.91,68.06,426800,68.06
2011-04-01,64.70,66.03,64.65,65.80,489500,65.80
2011-03-31,63.55,64.12,63.42,63.84,270300,63.84
2011-03-30,62.88,63.95,62.79,63.85,275300,63.85
2011-03-29,62.19,63.25,61.94,63.19,408000,63.19
2011-03-28,63.02,63.30,62.49,62.49,113800,62.49
2011-03-25,63.17,63.31,62.61,62.77,209600,62.77
2011-03-24,62.71,63.60,62.50,63.37,146400,63.37
2011-03-23,61.98,62.88,61.80,62.74,321400,62.74
2011-03-22,62.48,63.12,62.39,62.87,170400,62.87
2011-03-21,62.09,62.11,61.63,61.76,85100,61.76
2011-03-18,61.43,61.81,61.10,61.10,226500,61.10
2011-03-17,61.13,61.34,60.23,60.23,233300,60.23
2011-03-16,61.68,62.36,59.23,59.92,366200,59.92
2011-03-15,60.01,62.69,60.00,62.26,462600,62.26
2011-03-14,61.67,62.63,61.55,62.47,604500,62.47
2011-03-11,60.28,61.73,60.20,61.48,356100,61.48
2011-03-10,61.04,61.04,59.95,60.03,420500,60.03
2011-03-09,59.75,60.33,59.45,60.28,291200,60.28
2011-03-08,58.00,59.29,57.50,59.05,564000,59.05
2011-03-07,57.33,57.57,56.39,56.70,355400,56.70
2011-03-04,58.15,58.43,57.53,58.24,367900,58.24
2011-03-03,57.27,58.32,57.13,57.94,386700,57.94
2011-03-02,56.03,56.37,55.32,55.57,396300,55.57
2011-03-01,57.21,57.28,55.39,55.58,360500,55.58
2011-02-28,58.27,58.77,58.00,58.76,319400,58.76
2011-02-25,58.95,59.20,58.51,58.78,254900,58.78
2011-02-24,58.48,58.58,57.40,57.97,1352600,57.97
2011-02-23,60.68,60.68,59.21,59.66,526500,59.66
2011-02-22,61.73,62.37,60.97,61.07,339100,61.07
2011-02-18,63.82,64.17,63.62,63.95,147500,63.95
2011-02-17,62.57,64.02,62.56,63.82,242100,63.82
2011-02-16,62.50,63.10,62.46,62.98,234000,62.98
2011-02-15,62.01,62.37,61.64,61.74,212300,61.74
2011-02-14,62.07,62.07,61.36,61.44,331600,61.44
2011-02-11,61.25,62.66,61.22,62.58,584400,62.58
2011-02-10,62.00,62.00,61.45,61.69,634400,61.69
2011-02-09,63.31,63.38,62.05,62.30,493000,62.30
2011-02-08,63.05,63.22,62.89,63.15,335300,63.15
2011-02-07,62.34,62.81,62.23,62.36,594800,62.36
2011-02-04,61.53,62.41,61.48,62.26,1353000,62.26
2011-02-03,61.73,61.91,60.15,60.48,2325300,60.48
2011-02-02,62.50,63.11,62.36,62.48,358500,62.48
2011-02-01,61.15,62.73,61.14,62.46,494600,62.46
2011-01-31,59.44,60.04,59.39,59.99,530600,59.99
2011-01-28,60.54,60.54,57.80,58.02,841800,58.02
2011-01-27,63.80,63.80,62.22,62.40,366400,62.40
2011-01-26,63.44,64.00,63.18,63.81,210000,63.81
2011-01-25,63.87,63.87,63.00,63.28,331300,63.28
2011-01-24,63.76,64.14,63.38,63.91,393200,63.91
2011-01-21,64.22,64.50,63.73,63.99,251000,63.99
2011-01-20,63.89,63.89,63.01,63.64,290900,63.64
2011-01-19,66.49,66.56,65.10,65.35,194100,65.35
2011-01-18,66.91,67.09,66.19,66.41,228100,66.41
2011-01-14,67.16,67.40,66.93,67.15,203400,67.15
2011-01-13,67.78,68.18,67.71,67.83,310300,67.83
2011-01-12,66.38,67.11,66.19,67.10,327600,67.10
2011-01-11,66.24,66.25,65.21,65.73,304400,65.73
2011-01-10,66.14,66.14,65.32,65.97,648100,65.97
2011-01-07,67.73,67.88,66.36,66.79,505800,66.79
2011-01-06,69.06,69.10,67.99,68.32,656200,68.32
2011-01-05,67.77,69.18,67.57,69.10,593200,69.10
2011-01-04,67.98,68.05,67.16,67.82,668700,67.82
2011-01-03,66.59,66.84,66.10,66.69,333600,66.69
2010-12-31,66.44,66.44,65.62,66.21,99700,66.21
2010-12-30,66.21,66.39,66.00,66.35,162200,66.35
2010-12-29,65.58,66.12,65.31,66.05,133500,66.05
2010-12-28,65.66,65.66,65.07,65.52,143900,65.52
2010-12-27,65.03,66.05,64.85,66.04,271500,66.04
2010-12-23,65.07,65.89,65.07,65.86,229700,65.86
2010-12-22,64.88,65.30,64.55,65.24,426100,65.24
2010-12-21,63.99,64.40,63.77,63.97,508000,63.97
2010-12-20,63.62,63.78,62.87,63.36,435800,63.04
2010-12-17,64.39,64.39,63.62,64.34,512700,64.02
2010-12-16,66.39,66.39,65.42,66.08,232200,65.75
2010-12-15,66.88,67.26,66.13,66.42,185100,66.09
2010-12-14,68.01,68.34,67.77,67.98,241200,67.64
2010-12-13,68.53,68.67,68.00,68.07,282800,67.73
2010-12-10,67.00,67.23,66.40,67.06,393400,66.72
2010-12-09,69.16,69.18,67.35,67.76,567100,67.42
2010-12-08,70.60,70.88,70.01,70.57,259300,70.21
2010-12-07,71.42,71.93,70.27,70.42,368900,70.07
2010-12-06,70.50,70.84,70.02,70.81,323800,70.45
2010-12-03,70.11,70.68,69.91,70.66,214500,70.30
2010-12-02,68.78,70.41,68.56,70.35,432400,70.00
2010-12-01,68.35,69.30,67.93,69.02,1013800,68.67
2010-11-30,65.42,67.10,65.23,66.94,527000,66.60
2010-11-29,65.90,66.35,64.89,66.31,896500,65.98
2010-11-26,68.47,68.70,67.94,68.09,227100,67.75
2010-11-24,70.13,70.77,69.87,70.32,390700,69.97
2010-11-23,70.06,70.10,68.38,68.63,1242000,68.28
2010-11-22,73.18,73.50,71.51,72.39,386500,72.03
2010-11-19,73.95,74.54,73.51,74.33,224200,73.96
2010-11-18,73.85,74.63,73.85,74.23,155100,73.86
2010-11-17,72.62,73.18,72.18,72.31,526600,71.95
2010-11-16,74.37,74.37,71.61,71.79,947100,71.43
2010-11-15,75.11,75.67,74.80,74.87,186900,74.49
2010-11-12,75.09,75.15,73.90,74.37,838900,74.00
2010-11-11,75.97,76.36,75.32,76.00,676300,75.62
2010-11-10,77.74,78.17,76.40,77.30,496300,76.91
2010-11-09,78.48,79.00,77.49,77.76,201200,77.37
2010-11-08,77.96,78.33,77.38,78.27,186600,77.88
2010-11-05,78.69,78.71,78.06,78.54,264200,78.14
2010-11-04,78.02,78.77,77.44,78.76,411900,78.36
2010-11-03,75.00,76.05,74.52,76.04,252600,75.66
2010-11-02,75.32,75.48,74.53,75.18,217100,74.80
2010-11-01,74.76,74.97,74.02,74.53,570800,74.15
2010-10-29,74.09,74.22,73.76,73.99,213300,73.62
2010-10-28,74.85,74.87,73.59,74.09,273400,73.72
2010-10-27,74.30,74.43,72.88,74.13,659800,73.76
2010-10-26,76.77,76.95,76.40,76.84,215200,76.45
2010-10-25,78.02,78.02,76.74,77.07,296100,76.68
2010-10-22,76.26,77.11,76.25,77.01,207700,76.62
2010-10-21,75.88,77.00,75.14,75.88,207800,75.50
2010-10-20,74.56,75.89,74.56,75.61,307600,75.23
2010-10-19,75.77,75.77,74.01,74.36,739900,73.99
2010-10-18,77.11,77.64,76.74,77.38,319300,76.99
2010-10-15,77.05,77.64,76.37,77.04,303400,76.65
2010-10-14,76.76,76.77,75.57,76.10,307700,75.72
2010-10-13,77.00,77.59,76.76,77.32,413500,76.93
2010-10-12,75.66,76.84,75.46,76.64,475100,76.25
2010-10-11,74.77,75.85,74.77,75.46,416600,75.08
2010-10-08,73.11,74.60,72.75,74.45,254900,74.08
2010-10-07,73.37,73.46,71.72,72.25,327000,71.89
2010-10-06,72.51,73.44,72.48,73.23,504900,72.86
2010-10-05,70.59,72.45,70.47,72.31,610500,71.95
2010-10-04,69.72,70.01,69.03,69.46,393600,69.11
2010-10-01,69.43,70.00,69.35,69.88,903200,69.53
2010-09-30,70.11,70.62,69.30,70.03,225100,69.68
2010-09-29,69.66,70.27,69.37,70.08,249500,69.73
2010-09-28,68.55,70.00,68.38,69.85,258200,69.50
2010-09-27,67.61,68.31,67.56,67.99,256500,67.65
2010-09-24,67.14,67.54,66.41,67.46,170000,67.12
2010-09-23,66.36,67.03,66.00,66.49,331900,66.16
2010-09-22,67.51,67.81,66.68,67.16,193500,66.82
2010-09-21,66.93,67.20,66.21,66.88,213000,66.54
2010-09-20,66.00,67.30,65.75,66.99,332900,66.65
2010-09-17,66.11,66.11,65.51,65.95,629200,65.62
2010-09-16,65.60,66.19,65.08,66.00,236500,65.67
2010-09-15,65.10,65.97,64.53,65.89,223900,65.56
2010-09-14,64.50,65.29,64.06,64.77,449000,64.44
2010-09-13,64.16,64.65,63.94,64.60,301300,64.27
2010-09-10,63.08,63.48,62.88,63.16,367900,62.84
2010-09-09,63.31,63.58,62.50,62.72,344000,62.40
2010-09-08,61.95,62.72,61.95,62.17,241100,61.86
2010-09-07,62.40,62.40,61.88,61.89,153000,61.58
2010-09-03,63.04,63.33,62.61,63.11,283600,62.79
2010-09-02,61.98,62.59,61.85,62.55,163900,62.24
2010-09-01,61.59,62.27,61.08,62.01,215500,61.70
2010-08-31,60.04,61.20,60.01,60.46,243000,60.16
2010-08-30,60.81,60.93,59.89,60.10,179800,59.80
2010-08-27,60.06,61.20,59.84,60.98,104800,60.67
2010-08-26,59.82,60.42,59.31,59.46,404900,59.16
2010-08-25,59.08,59.72,58.02,59.48,114000,59.18
2010-08-24,58.58,59.67,58.11,59.09,193400,58.79
2010-08-23,60.03,60.27,59.18,59.30,190600,59.00
2010-08-20,59.77,60.37,59.69,60.33,102300,60.03
2010-08-19,61.21,61.21,59.62,60.25,130500,59.95
2010-08-18,61.82,61.97,61.04,61.64,174000,61.33
2010-08-17,61.16,62.02,61.16,61.75,232600,61.44
2010-08-16,59.75,60.66,59.75,60.25,187400,59.95
2010-08-13,59.74,59.93,59.32,59.53,122500,59.23
2010-08-12,58.74,59.67,58.74,59.32,621800,59.02
2010-08-11,59.10,59.47,58.67,59.00,441500,58.70
2010-08-10,61.50,61.85,60.68,61.18,697000,60.87
2010-08-09,62.89,62.89,62.22,62.35,435400,62.04
2010-08-06,61.54,62.39,61.31,62.30,393900,61.99
2010-08-05,61.26,61.74,60.81,61.74,443000,61.43
2010-08-04,62.48,62.60,61.63,62.46,790300,62.15
2010-08-03,62.38,62.81,61.85,62.72,1172200,62.40
2010-08-02,62.53,63.21,62.33,63.10,151600,62.78
2010-07-30,61.53,61.94,60.62,61.79,171200,61.48
2010-07-29,62.42,62.50,61.25,61.76,160000,61.45
2010-07-28,61.82,62.04,61.28,61.58,206600,61.27
2010-07-27,61.96,62.34,61.40,62.02,323200,61.71
2010-07-26,60.42,61.34,60.23,61.24,172300,60.93
2010-07-23,60.28,60.89,59.62,60.77,151500,60.46
2010-07-22,60.72,61.46,60.41,61.01,133700,60.70
2010-07-21,59.98,60.17,58.96,59.30,182100,59.00
2010-07-20,58.15,59.90,58.00,59.79,210800,59.49
2010-07-19,58.29,58.92,57.99,58.54,71100,58.25
2010-07-16,58.64,58.64,57.19,57.33,89900,57.04
2010-07-15,58.69,58.72,57.63,58.46,159600,58.17
2010-07-14,58.42,58.77,57.97,58.64,104800,58.34
2010-07-13,58.23,58.79,57.80,58.57,113000,58.28
2010-07-12,57.00,57.20,56.52,57.08,132200,56.79
2010-07-09,56.58,57.34,56.25,57.32,92200,57.03
2010-07-08,57.07,57.45,56.53,57.20,313900,56.91
2010-07-07,55.89,57.23,55.89,57.18,317200,56.89
2010-07-06,56.24,56.49,55.26,55.79,176800,55.51
2010-07-02,54.48,54.99,54.01,54.47,115600,54.20
2010-07-01,52.96,53.50,52.46,53.38,260900,53.11
2010-06-30,53.49,54.32,52.87,52.93,92600,52.66
2010-06-29,54.10,54.17,52.95,53.41,130800,53.14
2010-06-28,55.46,56.00,55.00,55.35,68900,55.07
2010-06-25,54.45,55.45,54.31,55.20,42800,54.92
2010-06-24,54.27,55.24,54.05,54.23,165500,53.96
2010-06-23,55.55,55.88,54.24,55.22,193600,54.94
2010-06-22,57.04,57.59,56.31,56.55,125000,56.27
2010-06-21,57.98,58.13,56.91,57.23,180500,56.94
2010-06-18,57.28,57.70,56.93,57.55,92900,57.26
2010-06-17,57.39,57.72,56.75,57.64,170300,57.35
2010-06-16,56.48,57.20,56.11,56.92,459600,56.63
2010-06-15,55.55,57.25,55.55,57.25,126100,56.96
2010-06-14,55.64,55.97,54.79,54.83,165200,54.55
2010-06-11,54.18,55.13,53.96,55.10,72500,54.82
2010-06-10,53.69,54.90,53.56,54.72,165300,54.44
2010-06-09,53.38,53.74,52.12,52.44,132400,52.18
2010-06-08,52.04,53.04,51.58,52.99,96600,52.72
2010-06-07,52.78,53.00,51.51,51.51,91200,51.25
2010-06-04,53.56,53.56,51.70,51.95,215900,51.69
2010-06-03,55.36,55.47,53.87,54.65,84700,54.37
2010-06-02,53.93,55.35,53.75,55.22,101700,54.94
2010-06-01,53.23,54.14,52.37,52.37,74000,52.11
2010-05-28,54.79,55.02,53.91,54.00,105300,53.73
2010-05-27,54.02,55.28,53.73,55.01,445200,54.73
2010-05-26,52.88,53.70,51.86,51.90,353800,51.64
2010-05-25,50.61,52.28,50.09,52.24,253700,51.98
2010-05-24,53.88,54.20,53.16,53.16,179700,52.89
2010-05-21,52.08,54.20,52.00,53.94,658600,53.67
2010-05-20,53.75,54.22,52.32,52.93,303700,52.66
2010-05-19,54.39,55.11,53.56,54.61,394100,54.34
2010-05-18,57.05,57.68,55.08,55.24,167100,54.96
2010-05-17,56.15,56.58,54.89,56.47,126000,56.19
2010-05-14,57.26,57.54,55.06,55.47,774900,55.19
2010-05-13,58.92,59.45,58.21,58.21,276500,57.92
2010-05-12,57.66,59.43,57.65,59.38,326400,59.08
2010-05-11,56.55,58.15,56.55,57.16,420400,56.87
2010-05-10,57.79,58.00,56.95,57.70,332000,57.41
2010-05-07,53.19,53.51,51.04,52.42,1131400,52.16
2010-05-06,56.52,56.95,44.40,53.63,587800,53.36
2010-05-05,57.40,58.28,56.51,57.36,432400,57.07
2010-05-04,59.21,59.62,58.10,58.77,243600,58.47
2010-05-03,61.72,62.01,60.89,61.43,160400,61.12
2010-04-30,61.98,62.33,61.01,61.38,92600,61.07
2010-04-29,61.15,62.27,61.15,61.93,95700,61.62
2010-04-28,60.07,60.85,59.84,60.57,123800,60.27
2010-04-27,61.18,61.48,59.25,59.28,193900,58.98
2010-04-26,62.80,62.94,62.43,62.46,148000,62.15
2010-04-23,61.97,62.71,61.60,62.65,100100,62.33
2010-04-22,61.35,61.96,60.73,61.96,239200,61.65
2010-04-21,61.76,61.88,61.00,61.45,388300,61.14
2010-04-20,61.84,62.43,61.53,62.36,377200,62.05
2010-04-19,60.05,61.19,60.05,61.19,207400,60.88
2010-04-16,62.01,62.29,60.05,60.74,161000,60.43
2010-04-15,62.56,62.85,62.17,62.57,118500,62.25
2010-04-14,62.11,63.27,61.51,63.23,241500,62.91
2010-04-13,61.05,61.49,60.48,61.29,179600,60.98
2010-04-12,61.84,61.87,61.49,61.62,333000,61.31
2010-04-09,61.70,62.18,61.57,62.09,221100,61.78
2010-04-08,60.24,61.23,59.75,60.98,247500,60.67
2010-04-07,60.55,61.03,60.16,60.53,422900,60.23
2010-04-06,60.08,60.37,59.65,59.82,725100,59.52
2010-04-05,59.95,60.80,59.73,60.70,560500,60.39
2010-04-01,58.03,58.65,58.03,58.55,114300,58.26
2010-03-31,57.64,57.80,57.01,57.31,89400,57.02
2010-03-30,57.10,57.18,56.57,56.98,89100,56.69
2010-03-29,56.65,57.03,56.45,57.03,189300,56.74
2010-03-26,56.87,56.87,55.96,56.37,86200,56.09
2010-03-25,55.46,57.09,55.46,56.15,256400,55.87
2010-03-24,54.43,54.97,54.32,54.46,93500,54.19
2010-03-23,53.85,54.45,53.85,54.45,142900,54.18
2010-03-22,52.90,53.95,52.60,53.70,80500,53.43
2010-03-19,53.72,53.78,53.12,53.61,102400,53.34
2010-03-18,54.36,54.41,53.57,53.77,225100,53.50
2010-03-17,55.00,55.47,54.64,55.15,211000,54.87
2010-03-16,53.00,54.05,52.87,54.02,104000,53.75
2010-03-15,52.38,52.79,52.01,52.73,75200,52.46
2010-03-12,52.66,52.82,52.20,52.34,83000,52.08
2010-03-11,52.60,52.74,52.17,52.70,319800,52.43
2010-03-10,52.65,53.10,52.47,52.81,129500,52.54
2010-03-09,52.70,53.61,52.51,53.40,151500,53.13
2010-03-08,53.46,53.72,53.12,53.66,193400,53.39
2010-03-05,51.77,52.88,51.77,52.70,144100,52.43
2010-03-04,51.38,51.44,50.78,51.05,131900,50.79
2010-03-03,51.77,52.12,51.33,51.56,300700,51.30
2010-03-02,51.57,51.97,51.35,51.45,147900,51.19
2010-03-01,50.09,51.32,50.09,51.13,238600,50.87
2010-02-26,49.00,49.99,48.67,49.81,178000,49.56
2010-02-25,48.08,49.32,47.62,49.32,396600,49.07
2010-02-24,48.63,49.93,48.05,49.65,408000,49.40
2010-02-23,52.41,52.57,50.54,50.88,599600,50.62
2010-02-22,54.18,54.41,53.08,53.36,168400,53.09
2010-02-19,53.69,54.87,53.69,54.59,154400,54.32
2010-02-18,53.34,54.21,53.15,53.91,344300,53.64
2010-02-17,54.53,54.76,54.27,54.76,188300,54.48
2010-02-16,53.16,53.84,52.81,53.72,192900,53.45
2010-02-12,51.83,52.59,51.49,52.28,89300,52.02
2010-02-11,51.69,53.22,51.69,53.07,225000,52.80
2010-02-10,51.91,52.20,51.35,51.89,295200,51.63
2010-02-09,51.59,52.78,51.17,52.04,750600,51.78
2010-02-08,51.12,51.12,49.92,50.05,594700,49.80
2010-02-05,52.60,52.91,49.64,51.64,1393300,51.38
2010-02-04,56.27,56.27,53.91,54.02,266200,53.75
2010-02-03,57.78,57.92,57.12,57.42,156200,57.13
2010-02-02,57.85,58.35,57.25,58.08,266300,57.79
2010-02-01,57.44,58.51,57.38,58.50,168100,58.21
2010-01-29,56.76,56.94,55.30,55.67,214400,55.39
2010-01-28,57.03,57.20,56.04,56.47,379300,56.19
2010-01-27,56.43,56.47,55.56,56.13,154500,55.85
2010-01-26,56.08,57.05,55.34,56.44,253100,56.16
2010-01-25,56.32,56.71,56.03,56.48,107500,56.20
2010-01-22,55.97,56.52,55.14,55.30,253000,55.02
2010-01-21,58.46,58.53,57.03,57.06,189100,56.77
2010-01-20,59.14,59.14,58.13,58.89,481300,58.59
2010-01-19,58.37,59.18,57.87,59.17,188100,58.87
2010-01-15,57.88,58.19,57.20,57.62,119600,57.33
2010-01-14,58.25,58.48,57.84,58.41,284700,58.12
2010-01-13,58.44,58.94,58.25,58.74,198300,58.44
2010-01-12,57.46,57.56,56.83,57.30,497200,57.01
2010-01-11,58.63,58.63,57.42,57.97,251300,57.68
2010-01-08,58.33,58.61,58.00,58.50,292400,58.21
2010-01-07,57.89,58.49,57.48,58.45,262200,58.16
2010-01-06,57.14,57.77,56.90,57.41,337700,57.12
2010-01-05,56.80,57.00,56.28,56.80,198400,56.51
2010-01-04,55.36,56.25,55.09,56.10,206200,55.82
2009-12-31,54.85,54.99,53.90,53.90,175000,53.63
2009-12-30,52.86,53.03,52.67,52.99,156600,52.72
2009-12-29,53.44,53.49,52.91,52.99,86700,52.72
2009-12-28,53.06,53.18,52.57,52.85,98300,52.58
2009-12-24,52.66,52.68,52.28,52.67,40400,52.40
2009-12-23,52.25,52.35,51.79,52.30,110300,52.04
2009-12-22,52.12,52.23,51.83,52.05,84600,51.79
2009-12-21,51.63,52.43,51.63,52.00,73800,51.48
2009-12-18,51.13,51.43,50.48,51.28,106600,50.77
2009-12-17,51.37,51.37,50.70,51.01,348000,50.50
2009-12-16,52.19,52.52,51.89,52.01,105400,51.49
2009-12-15,51.50,51.98,51.33,51.78,77300,51.26
2009-12-14,51.67,52.09,51.48,51.87,87400,51.35
2009-12-11,50.20,51.21,50.20,50.91,71000,50.40
2009-12-10,51.38,51.54,50.82,51.38,155500,50.86
2009-12-09,50.78,51.05,50.20,50.93,311500,50.42
2009-12-08,51.02,51.14,50.50,50.89,132800,50.38
2009-12-07,51.75,52.20,51.55,51.61,102900,51.09
2009-12-04,52.04,52.69,51.01,51.68,144100,51.16
2009-12-03,51.69,52.26,50.90,50.90,234100,50.39
2009-12-02,49.00,49.75,48.72,49.30,163400,48.81
2009-12-01,47.11,47.96,46.86,47.57,137100,47.09
2009-11-30,45.69,46.03,45.31,45.98,248400,45.52
2009-11-27,45.14,46.07,44.15,45.60,619300,45.14
2009-11-25,47.45,47.84,47.03,47.66,141500,47.18
2009-11-24,47.39,47.53,46.83,47.48,171200,47.00
2009-11-23,47.45,47.81,47.20,47.35,238100,46.88
2009-11-20,47.06,47.30,46.50,47.30,293000,46.83
2009-11-19,48.27,48.57,47.72,48.32,569400,47.84
2009-11-18,48.96,49.43,48.50,48.78,450100,48.29
2009-11-17,50.00,50.15,49.29,50.14,257600,49.64
2009-11-16,51.42,51.85,51.06,51.64,213800,51.12
2009-11-13,50.92,51.52,50.55,51.48,139200,50.96
2009-11-12,51.65,51.88,50.53,50.77,161100,50.26
2009-11-11,51.87,52.30,51.39,51.74,184400,51.22
2009-11-10,50.79,51.48,50.43,51.01,254500,50.50
2009-11-09,50.42,51.20,50.19,51.20,485600,50.69
2009-11-06,49.64,49.70,49.00,49.49,155600,48.99
2009-11-05,49.32,49.79,48.96,49.64,167300,49.14
2009-11-04,48.75,49.69,48.58,48.67,218800,48.18
2009-11-03,47.47,48.21,47.30,48.01,339400,47.53
2009-11-02,47.96,49.33,47.77,48.31,369300,47.83
2009-10-30,50.61,51.15,47.25,47.94,538000,47.46
2009-10-29,50.02,51.54,50.01,51.53,335000,51.01
2009-10-28,51.17,51.17,48.92,49.04,547700,48.55
2009-10-27,52.66,52.78,51.51,51.98,242300,51.46
2009-10-26,53.89,54.35,52.28,52.58,264000,52.05
2009-10-23,54.68,54.98,53.56,53.82,199500,53.28
2009-10-22,53.94,54.82,53.54,54.74,146600,54.19
2009-10-21,53.83,54.98,53.75,53.75,204400,53.21
2009-10-20,54.71,54.86,53.80,54.31,158000,53.77
2009-10-19,53.74,54.57,53.50,54.51,175100,53.96
2009-10-16,53.41,53.54,52.96,53.41,97300,52.87
2009-10-15,54.88,55.34,54.56,55.23,354900,54.68
2009-10-14,54.65,55.59,54.60,55.37,239700,54.81
2009-10-13,53.76,53.91,53.15,53.65,388800,53.11
2009-10-12,53.80,54.40,53.77,54.01,188200,53.47
2009-10-09,53.20,53.54,52.77,53.24,489600,52.71
2009-10-08,52.80,53.54,52.65,53.29,178200,52.76
2009-10-07,51.78,52.07,51.31,52.03,215700,51.51
2009-10-06,51.95,52.70,51.83,52.40,322600,51.87
2009-10-05,49.74,50.77,49.63,50.47,97600,49.96
2009-10-02,48.04,49.20,47.92,48.80,516800,48.31
2009-10-01,49.90,49.90,48.55,48.69,366800,48.20
2009-09-30,51.16,51.43,49.71,50.28,215400,49.78
2009-09-29,50.13,50.60,50.00,50.17,116300,49.67
2009-09-28,49.69,50.31,49.48,50.14,98600,49.64
2009-09-25,49.77,49.97,49.22,49.58,71500,49.08
2009-09-24,49.81,50.50,49.13,49.59,278100,49.09
2009-09-23,49.53,50.31,49.05,49.39,174500,48.89
2009-09-22,49.48,49.91,49.47,49.79,74600,49.29
2009-09-21,48.86,49.13,48.27,48.94,162500,48.45
2009-09-18,49.43,49.60,49.07,49.51,263700,49.01
2009-09-17,49.31,49.72,48.86,49.22,117900,48.73
2009-09-16,49.26,49.68,48.48,49.65,185400,49.15
2009-09-15,48.32,48.87,47.78,48.57,648000,48.08
2009-09-14,48.00,48.87,47.86,48.87,438700,48.38
2009-09-11,48.04,48.57,48.04,48.49,193800,48.00
2009-09-10,46.58,47.32,46.10,47.32,363400,46.85
2009-09-09,46.72,46.87,46.31,46.63,431500,46.16
2009-09-08,47.65,47.65,46.71,47.17,240200,46.70
2009-09-04,47.18,47.80,46.50,47.51,193800,47.03
2009-09-03,47.37,47.96,47.08,47.70,244300,47.22
2009-09-02,46.46,47.18,46.05,46.94,204200,46.47
2009-09-01,47.95,48.58,46.68,46.84,396100,46.37
2009-08-31,48.92,48.92,47.88,48.41,370000,47.92
2009-08-28,50.19,50.19,49.05,49.23,677700,48.74
2009-08-27,49.00,51.27,48.59,49.77,833600,49.27
2009-08-26,49.12,49.12,48.45,48.71,147300,48.22
2009-08-25,50.24,50.66,49.97,50.14,189800,49.64
2009-08-24,50.17,50.55,49.46,49.67,296600,49.17
2009-08-21,49.59,50.00,49.22,49.87,153500,49.37
2009-08-20,47.95,49.05,47.91,48.85,170700,48.36
2009-08-19,46.41,47.98,46.41,47.86,239300,47.38
2009-08-18,45.72,46.47,45.49,46.37,58100,45.90
2009-08-17,45.16,45.80,41.11,45.58,270800,45.12
2009-08-14,46.94,46.94,46.25,46.53,55600,46.06
2009-08-13,46.82,47.23,46.30,47.02,84400,46.55
2009-08-12,44.90,45.84,44.81,45.44,62500,44.98
2009-08-11,45.67,45.67,44.53,44.81,195600,44.36
2009-08-10,47.00,47.07,46.19,46.75,89300,46.28
2009-08-07,46.56,48.13,46.52,47.12,145200,46.65
2009-08-06,45.85,46.20,45.16,45.45,1339500,44.99
2009-08-05,47.03,47.32,45.75,46.00,508100,45.54
2009-08-04,47.34,47.97,47.05,47.45,139900,46.97
2009-08-03,48.23,48.23,46.63,47.76,209600,47.28
2009-07-31,44.96,45.52,44.77,45.01,177600,44.56
2009-07-30,44.00,45.36,44.00,44.86,200700,44.41
2009-07-29,42.55,42.79,42.05,42.36,51400,41.94
2009-07-28,42.43,43.00,42.01,42.69,101100,42.26
2009-07-27,42.80,42.80,42.15,42.74,307000,42.31
2009-07-24,41.94,42.50,41.51,42.35,340300,41.93
2009-07-23,40.82,42.17,40.81,41.95,173900,41.53
2009-07-22,39.92,40.81,39.92,40.52,84800,40.11
2009-07-21,40.14,40.46,39.10,39.94,195900,39.54
2009-07-20,39.52,40.46,39.52,40.09,175100,39.69
2009-07-17,39.18,39.39,38.89,39.23,56600,38.84
2009-07-16,39.07,40.00,39.07,39.90,77100,39.50
2009-07-15,38.43,39.93,38.17,39.73,81200,39.33
2009-07-14,37.82,37.82,37.16,37.51,279200,37.13
2009-07-13,37.54,38.49,37.13,38.27,30000,37.89
2009-07-10,37.10,37.28,36.71,37.17,28300,36.80
2009-07-09,37.60,37.92,37.15,37.73,54700,37.35
2009-07-08,37.41,37.76,36.44,37.33,48400,36.96
2009-07-07,37.84,38.05,37.19,37.42,167700,37.04
2009-07-06,36.78,37.70,36.78,37.66,45400,37.28
2009-07-02,38.23,38.23,37.55,37.70,72700,37.32
2009-07-01,38.08,38.63,38.08,38.10,77000,37.72
2009-06-30,38.32,38.36,36.92,37.64,62900,37.26
2009-06-29,37.86,37.90,37.40,37.81,40900,37.43
2009-06-26,37.45,37.94,37.23,37.54,40500,37.16
2009-06-25,36.61,37.43,36.60,37.42,17500,37.04
2009-06-24,35.67,36.53,35.49,35.78,95300,35.42
2009-06-23,34.98,35.91,33.41,34.98,50100,34.63
2009-06-22,36.04,36.04,35.25,35.60,39200,34.66
2009-06-19,37.23,37.28,36.44,36.44,36500,35.48
2009-06-18,35.77,37.10,35.77,37.04,28800,36.07
2009-06-17,35.37,35.95,35.15,35.52,20400,34.59
2009-06-16,35.79,36.13,35.05,35.06,25200,34.14
2009-06-15,36.36,36.36,35.39,35.50,66700,34.57
2009-06-12,35.96,36.78,35.81,36.64,92100,35.68
2009-06-11,35.26,36.56,34.00,36.05,41600,35.10
2009-06-10,35.50,35.50,34.43,34.84,45100,33.92
2009-06-09,34.58,34.90,34.27,34.67,52700,33.76
2009-06-08,34.81,34.95,34.24,34.75,122700,33.84
2009-06-05,36.47,36.47,35.70,35.91,67500,34.97
2009-06-04,35.58,36.08,35.20,35.78,177900,34.84
2009-06-03,35.87,36.48,35.07,35.45,215100,34.52
2009-06-02,37.22,38.69,36.54,37.05,137800,36.08
2009-06-01,37.32,38.18,37.32,38.00,69000,37.00
2009-05-29,36.36,36.61,35.94,36.54,37700,35.58
2009-05-28,36.00,36.00,35.11,35.71,14000,34.77
2009-05-27,36.00,36.11,34.74,35.00,32000,34.08
2009-05-26,35.12,36.50,34.87,36.00,59000,35.05
2009-05-22,35.51,36.46,35.51,35.85,38500,34.91
2009-05-21,35.46,36.50,34.98,35.50,73900,34.57
2009-05-20,35.90,36.93,35.48,35.48,35900,34.55
2009-05-19,35.34,35.78,34.88,35.20,135100,34.28
2009-05-18,33.54,35.20,33.54,35.20,38500,34.28
2009-05-15,33.29,33.90,32.91,33.16,15900,32.29
2009-05-14,32.37,33.49,32.37,32.96,16900,32.09
2009-05-13,32.90,32.90,32.24,32.35,14800,31.50
2009-05-12,32.61,33.70,32.61,33.37,68500,32.49
2009-05-11,32.12,32.66,31.72,31.89,43600,31.05
2009-05-08,32.90,33.71,32.45,32.92,275800,32.06
2009-05-07,35.18,35.23,32.32,32.32,142500,31.47
2009-05-06,34.15,34.89,33.48,34.58,42700,33.67
2009-05-05,33.34,33.61,32.51,33.38,290500,32.50
2009-05-04,31.74,33.00,31.61,33.00,30800,32.13
2009-05-01,30.68,31.22,30.65,31.09,20400,30.27
2009-04-30,31.03,31.09,30.41,30.41,52800,29.61
2009-04-29,29.23,30.78,29.23,30.48,48400,29.68
2009-04-28,28.10,28.82,27.69,28.23,29100,27.49
2009-04-27,28.40,28.86,28.02,28.53,10600,27.78
2009-04-24,28.53,29.21,28.37,28.85,50100,28.09
2009-04-23,27.84,28.25,27.60,27.97,84800,27.24
2009-04-22,27.75,28.31,27.61,27.73,22700,27.00
2009-04-21,26.75,28.00,26.75,28.00,38700,27.26
2009-04-20,27.78,27.78,26.51,26.53,46500,25.83
2009-04-17,28.97,28.97,28.27,28.60,70100,27.85
2009-04-16,28.80,29.36,28.62,29.30,50100,28.53
2009-04-15,27.33,28.15,27.26,28.11,25600,27.37
2009-04-14,28.17,28.18,27.48,27.50,20300,26.78
2009-04-13,28.57,28.92,28.17,28.81,13100,28.05
2009-04-09,28.12,28.85,28.12,28.83,88600,28.07
2009-04-08,26.34,27.59,26.34,27.59,44000,26.87
2009-04-07,26.03,26.20,25.71,25.86,20000,25.18
2009-04-06,26.72,26.75,26.11,26.69,39500,25.99
2009-04-03,26.10,26.72,25.85,26.64,25200,25.94
2009-04-02,26.04,26.94,25.74,26.46,84000,25.76
2009-04-01,24.41,25.77,24.41,25.63,48900,24.96
2009-03-31,23.58,24.51,23.58,24.14,18300,23.51
2009-03-30,22.85,23.03,22.60,22.95,38100,22.35
2009-03-27,23.76,23.93,23.53,23.75,38100,23.13
2009-03-26,23.90,24.19,23.56,24.06,174700,23.43
2009-03-25,23.47,23.99,22.98,23.25,17900,22.64
2009-03-24,22.60,23.80,19.46,23.00,21600,22.40
2009-03-23,20.96,23.90,20.96,23.90,25600,23.27
2009-03-20,22.03,22.40,21.77,22.00,98700,21.42
2009-03-19,21.88,23.08,21.02,21.39,50800,20.83
2009-03-18,21.00,22.19,20.85,21.89,19200,21.31
2009-03-17,21.09,21.87,21.08,21.87,17800,21.30
2009-03-16,21.42,21.84,20.98,20.98,12200,20.43
2009-03-13,21.40,21.43,20.78,21.12,11200,20.57
2009-03-12,20.15,21.68,19.94,21.63,30100,21.06
2009-03-11,20.79,20.85,20.08,20.37,7200,19.83
2009-03-10,19.81,20.86,19.81,20.58,31200,20.04
2009-03-09,19.46,19.85,19.20,19.29,17200,18.78
2009-03-06,20.16,20.22,19.33,19.68,44600,19.16
2009-03-05,20.28,20.51,19.58,20.04,110600,19.51
2009-03-04,21.24,21.92,21.06,21.76,13400,21.19
2009-03-03,20.71,21.26,19.05,20.67,64100,20.13
2009-03-02,21.15,21.34,20.30,20.30,32400,19.77
2009-02-27,21.58,22.52,21.58,22.52,14400,21.93
2009-02-26,22.34,22.37,21.52,21.52,25200,20.95
2009-02-25,22.04,22.38,21.53,22.03,43900,21.45
2009-02-24,21.80,22.80,21.57,22.55,20400,21.96
2009-02-23,21.77,21.79,20.93,20.95,11000,20.40
2009-02-20,21.23,21.84,21.03,21.41,13600,20.85
2009-02-19,22.29,22.43,21.65,21.65,22500,21.08
2009-02-18,21.52,22.09,21.28,21.62,17000,21.05
2009-02-17,23.00,23.00,21.49,21.63,26200,21.06
2009-02-13,23.42,23.74,23.20,23.63,20400,23.01
2009-02-12,23.42,23.79,23.19,23.78,11000,23.16
2009-02-11,23.96,24.16,23.52,23.98,14200,23.35
2009-02-10,25.35,25.35,23.11,23.42,25900,22.80
2009-02-09,25.99,26.24,25.65,25.67,10500,25.00
2009-02-06,25.42,26.03,25.24,25.94,10600,25.26
2009-02-05,24.47,25.37,24.24,25.22,13100,24.56
2009-02-04,24.39,24.77,23.80,24.22,11600,23.58
2009-02-03,23.85,24.52,23.80,24.42,15500,23.78
2009-02-02,23.46,23.96,23.25,23.44,24100,22.82
2009-01-30,24.84,24.84,23.73,23.82,9100,23.19
2009-01-29,25.35,25.35,24.26,24.31,29600,23.67
2009-01-28,26.11,26.14,24.66,25.89,14100,25.21
2009-01-27,24.39,24.79,24.33,24.45,12100,23.81
2009-01-26,24.50,25.20,24.06,24.27,16400,23.63
2009-01-23,23.10,23.75,22.90,23.67,12400,23.05
2009-01-22,23.15,23.52,22.80,23.25,18400,22.64
2009-01-21,23.25,24.29,22.97,24.21,424300,23.57
2009-01-20,23.63,23.63,22.19,22.20,24000,21.62
2009-01-16,24.80,25.02,23.85,24.50,74700,23.86
2009-01-15,23.87,24.51,22.46,24.50,50400,23.86
2009-01-14,24.10,24.10,23.20,23.51,4400,22.89
2009-01-13,25.10,25.26,24.76,25.25,17500,24.59
2009-01-12,25.05,25.19,24.35,24.75,20200,24.10
2009-01-09,26.86,26.87,26.04,26.44,31500,25.75
2009-01-08,26.58,26.58,25.85,26.25,14000,25.56
2009-01-07,28.31,28.31,27.16,27.55,38000,26.83
2009-01-06,29.40,29.57,28.78,29.35,13100,28.58
2009-01-05,28.22,28.85,27.93,28.60,31200,27.85
2009-01-02,27.22,28.23,26.85,27.74,25600,27.01
2008-12-31,26.30,27.28,26.30,27.12,15900,26.41
2008-12-30,26.43,26.72,26.35,26.49,18500,25.79
2008-12-29,27.12,28.36,25.76,26.72,31500,26.02
2008-12-26,26.63,27.07,26.47,26.88,18800,26.17
2008-12-24,26.35,26.45,25.95,26.44,11300,25.75
2008-12-23,26.29,27.04,25.84,26.35,53800,25.66
2008-12-22,26.50,26.51,25.68,26.05,6500,24.99
2008-12-19,26.61,27.21,26.33,26.49,9600,25.41
2008-12-18,27.60,27.63,26.57,26.80,4100,25.71
2008-12-17,26.93,27.88,26.93,27.16,11700,26.06
2008-12-16,26.00,27.94,26.00,27.91,57300,26.78
2008-12-15,25.52,25.62,24.70,25.00,15900,23.99
2008-12-12,24.54,25.40,24.51,25.04,64300,24.02
2008-12-11,26.29,27.04,25.44,25.44,32100,24.41
2008-12-10,24.95,26.66,24.95,26.37,44900,25.30
2008-12-09,25.75,25.80,24.77,24.77,39800,23.76
2008-12-08,25.88,26.11,25.25,25.81,50700,24.76
2008-12-05,23.63,24.91,23.15,24.86,37400,23.85
2008-12-04,24.59,24.94,23.74,23.81,7900,22.84
2008-12-03,23.37,24.85,23.28,24.84,12100,23.83
2008-12-02,23.48,24.58,23.48,24.16,19800,23.18
2008-12-01,23.58,23.67,22.38,22.38,9200,21.47
2008-11-28,25.13,25.92,25.13,25.45,40900,24.42
2008-11-26,23.75,25.25,23.24,24.92,58300,23.91
2008-11-25,23.82,24.37,23.32,24.37,49500,23.38
2008-11-24,23.27,24.80,23.27,24.07,70600,23.09
2008-11-21,20.31,21.73,19.26,21.23,39100,20.37
2008-11-20,19.19,19.82,18.05,18.07,79000,17.34
2008-11-19,20.82,21.00,19.06,19.20,28500,18.42
2008-11-18,22.27,22.67,21.30,21.82,10200,20.93
2008-11-17,23.00,23.52,22.65,23.08,5300,22.14
2008-11-14,24.03,24.76,23.33,24.08,11800,23.10
2008-11-13,23.79,25.69,23.39,25.48,109100,24.45
2008-11-12,23.58,23.98,22.86,22.86,12300,21.93
2008-11-11,25.50,25.70,24.69,25.11,12300,24.09
2008-11-10,27.74,27.74,25.79,25.99,7200,24.94
2008-11-07,26.44,27.45,26.40,26.76,2600,25.67
2008-11-06,27.55,28.35,25.72,25.72,85800,24.68
2008-11-05,29.73,29.73,27.67,27.67,13900,26.55
2008-11-04,29.80,31.80,29.80,30.89,6500,29.64
2008-11-03,28.22,28.44,27.55,28.34,8300,27.19
2008-10-31,27.95,28.74,26.81,28.74,9900,27.57
2008-10-30,27.24,27.59,26.63,27.37,31900,26.26
2008-10-29,28.00,28.70,26.95,28.23,14100,27.08
2008-10-28,25.16,26.77,24.18,26.77,60600,25.68
2008-10-27,22.26,23.70,21.98,22.20,37300,21.30
2008-10-24,20.90,22.43,20.88,21.68,88800,20.80
2008-10-23,22.93,23.99,21.47,23.08,87100,22.14
2008-10-22,25.10,25.10,22.08,22.76,32600,21.84
2008-10-21,27.74,27.74,26.22,26.24,15400,25.18
2008-10-20,27.85,29.28,27.32,28.95,49300,27.78
2008-10-17,26.55,28.71,25.93,27.26,38500,26.15
2008-10-16,28.91,29.13,25.44,29.02,62400,27.84
2008-10-15,33.50,33.50,28.90,28.90,35800,27.73
2008-10-14,34.68,40.00,33.50,33.98,78500,32.60
2008-10-13,32.49,34.63,31.41,34.34,16700,32.95
2008-10-10,29.43,31.74,28.53,31.55,71600,30.27
2008-10-09,34.68,35.00,30.00,30.95,46800,29.69
2008-10-08,33.23,34.45,31.33,32.64,39300,31.32
2008-10-07,39.76,39.76,32.93,33.68,53400,32.31
2008-10-06,35.59,36.06,32.80,35.89,84900,34.43
2008-10-03,39.86,41.68,38.89,38.96,35800,37.38
2008-10-02,42.22,42.22,40.00,40.00,102400,38.38
2008-10-01,43.18,43.92,42.12,43.44,37500,41.68
2008-09-30,43.00,44.60,42.65,44.60,25500,42.79
2008-09-29,44.51,44.51,37.00,42.27,30700,40.55
2008-09-26,45.12,46.49,44.95,46.49,7800,44.60
2008-09-25,45.04,46.32,45.04,45.89,19100,44.03
2008-09-24,44.11,44.28,43.65,43.83,18000,42.05
2008-09-23,44.53,44.72,42.89,43.28,84000,41.52
2008-09-22,46.36,46.36,44.39,44.66,58500,42.85
2008-09-19,44.97,46.34,44.68,45.97,80300,44.10
2008-09-18,38.27,40.64,37.12,39.98,21600,38.36
2008-09-17,40.52,40.52,37.70,39.77,46800,38.16
2008-09-16,40.15,43.05,40.15,43.05,68900,41.30
2008-09-15,42.68,44.00,42.15,42.15,45000,40.44
2008-09-12,45.65,47.59,45.65,47.37,37100,45.45
2008-09-11,46.23,47.19,45.54,47.07,147100,45.16
2008-09-10,49.51,49.51,48.46,48.53,107600,46.56
2008-09-09,53.09,53.98,48.43,48.95,29800,46.96
2008-09-08,51.57,51.61,50.09,51.18,31800,49.10
2008-09-05,49.07,49.29,48.09,49.03,39200,47.04
2008-09-04,50.34,50.42,48.37,48.87,134700,46.89
2008-09-03,51.70,52.05,51.08,51.46,34200,49.37
2008-09-02,53.34,53.52,51.84,52.13,78000,50.01
2008-08-29,52.46,52.48,51.63,52.11,10400,50.00
2008-08-28,52.83,53.04,52.60,52.90,12000,50.75
2008-08-27,51.91,52.61,50.37,52.11,18300,50.00
2008-08-26,52.51,52.97,51.99,52.47,17200,50.34
2008-08-25,53.67,53.67,52.60,52.61,34400,50.47
2008-08-22,53.83,54.25,53.53,54.02,1328700,51.83
2008-08-21,51.31,52.80,51.31,52.73,96500,50.59
2008-08-20,52.34,52.49,51.91,52.10,29400,49.99
2008-08-19,53.17,53.85,52.65,53.15,44800,50.99
2008-08-18,55.66,56.04,54.45,54.90,46900,52.67
2008-08-15,55.82,56.04,55.35,55.54,9100,53.29
2008-08-14,55.07,56.09,55.00,55.57,25500,53.31
2008-08-13,54.08,55.09,54.04,54.84,34500,52.61
2008-08-12,54.67,55.03,54.26,54.32,26000,52.12
2008-08-11,54.93,55.90,54.74,54.83,164300,52.60
2008-08-08,54.32,54.94,51.33,54.87,82200,52.64
2008-08-07,55.65,56.06,54.89,55.00,145100,52.77
2008-08-06,56.12,57.36,56.06,57.36,99600,55.03
2008-08-05,57.53,58.02,57.00,57.67,33700,55.33
2008-08-04,58.76,59.12,57.25,58.18,92600,55.82
2008-08-01,57.83,58.15,57.38,57.53,56000,55.20
2008-07-31,55.99,57.72,55.83,56.78,84600,54.48
2008-07-30,53.70,57.38,51.85,56.46,130600,54.17
2008-07-29,50.95,51.96,50.64,51.75,24800,49.65
2008-07-28,49.18,51.00,48.54,48.54,17200,46.57
2008-07-25,48.75,49.27,46.01,48.85,22400,46.87
2008-07-24,51.00,51.00,49.00,49.00,15600,47.01
2008-07-23,50.92,50.92,50.14,50.56,23700,48.51
2008-07-22,49.67,50.31,49.00,50.31,20600,48.27
2008-07-21,50.88,51.20,50.23,50.23,38500,48.19
2008-07-18,50.15,50.15,49.47,50.07,19600,48.04
2008-07-17,49.79,49.79,48.66,49.09,88700,47.10
2008-07-16,46.58,48.12,46.58,48.12,84400,46.17
2008-07-15,45.37,46.43,44.99,46.24,43800,44.36
2008-07-14,46.37,46.37,45.16,45.69,340500,43.84
2008-07-11,44.63,44.85,44.11,44.53,68800,42.72
2008-07-10,45.66,46.20,45.32,45.82,21300,43.96
2008-07-09,45.93,46.00,44.81,44.81,65800,42.99
2008-07-08,44.40,45.28,44.28,44.85,124900,43.03
2008-07-07,44.91,44.93,43.61,44.25,189300,42.45
2008-07-03,43.12,43.37,42.49,42.90,23000,41.16
2008-07-02,42.08,43.00,41.42,41.56,249000,39.87
2008-07-01,42.15,42.58,41.50,42.31,17000,40.59
2008-06-30,45.51,45.82,44.00,45.34,52400,43.50
2008-06-27,44.59,45.93,44.59,45.89,81200,44.03
2008-06-26,46.00,47.47,38.11,46.60,9000,44.71
2008-06-25,47.76,49.12,47.76,48.90,36700,46.92
2008-06-24,47.36,48.24,47.06,47.71,21500,45.77
2008-06-23,48.00,48.11,47.57,47.98,7100,46.03
2008-06-20,48.60,48.82,48.25,48.25,32900,46.29
2008-06-19,49.19,49.83,48.78,49.06,31700,47.07
2008-06-18,49.35,49.43,48.23,49.32,30500,47.32
2008-06-17,49.91,50.05,49.28,49.61,56700,47.60
2008-06-16,48.12,49.22,47.94,48.78,9600,46.80
2008-06-13,48.51,48.92,48.09,48.41,34200,46.45
2008-06-12,48.18,48.76,47.88,47.88,14700,45.94
2008-06-11,48.22,48.22,47.32,47.32,12300,45.40
2008-06-10,48.99,49.01,48.18,48.81,17500,46.83
2008-06-09,51.07,51.07,50.04,50.52,44300,48.47
2008-06-06,50.65,51.10,49.60,49.60,64700,47.59
2008-06-05,51.82,52.30,51.16,51.82,106400,49.72
2008-06-04,51.27,51.31,50.00,50.64,62700,48.58
2008-06-03,52.36,52.38,51.12,51.58,51300,49.49
2008-06-02,51.92,52.03,51.47,51.71,22200,49.61
2008-05-30,52.00,52.40,51.76,52.24,50200,50.12
2008-05-29,50.36,51.57,50.36,51.34,62700,49.26
2008-05-28,51.44,51.44,50.74,51.38,37000,49.29
2008-05-27,51.02,51.46,50.73,51.46,41000,49.37
2008-05-23,51.06,51.06,50.15,50.36,52200,48.32
2008-05-22,51.45,52.02,51.32,51.62,65400,49.53
2008-05-21,52.45,52.57,51.01,51.10,50200,49.03
2008-05-20,53.70,53.70,52.73,53.17,112800,51.01
2008-05-19,54.91,55.61,54.74,55.10,52000,52.86
2008-05-16,55.30,55.30,54.25,54.72,39700,52.50
2008-05-15,54.34,55.26,53.90,55.10,82300,52.86
2008-05-14,53.52,54.32,53.52,53.85,21800,51.66
2008-05-13,53.06,53.44,52.72,53.33,21100,51.17
2008-05-12,52.73,53.25,52.00,53.10,34600,50.94
2008-05-09,52.54,52.65,51.75,52.34,28600,50.22
2008-05-08,53.16,53.18,52.65,52.89,75900,50.74
2008-05-07,54.70,54.82,53.74,53.77,77100,51.59
2008-05-06,54.00,54.88,53.60,54.74,71800,52.52
2008-05-05,54.84,54.84,54.07,54.44,56600,52.23
2008-05-02,54.83,54.83,54.16,54.48,66400,52.27
2008-05-01,52.67,53.33,52.46,53.33,18200,51.17
2008-04-30,52.36,55.50,52.32,53.34,59300,51.18
2008-04-29,52.62,52.94,52.06,52.18,87400,50.06
2008-04-28,53.63,53.87,53.30,53.42,34100,51.25
2008-04-25,53.10,53.56,52.68,53.39,69000,51.22
2008-04-24,52.72,53.60,52.35,52.95,39700,50.80
2008-04-23,51.94,52.22,51.59,51.96,16800,49.85
2008-04-22,51.58,51.66,51.20,51.59,72400,49.50
2008-04-21,51.27,51.81,51.27,51.78,7800,49.68
2008-04-18,50.86,51.59,50.86,51.44,93900,49.35
2008-04-17,49.33,49.63,49.10,49.53,162000,47.52
2008-04-16,49.97,50.58,49.67,50.39,50200,48.34
2008-04-15,50.52,50.66,49.80,50.05,52600,48.02
2008-04-14,50.54,50.63,50.15,50.33,60100,48.29
2008-04-11,50.83,51.05,50.27,50.32,14600,48.28
2008-04-10,51.81,51.91,50.90,51.47,63700,49.38
2008-04-09,52.52,52.65,51.79,52.10,41400,49.99
2008-04-08,51.78,52.08,51.49,51.90,33400,49.79
2008-04-07,52.27,52.57,51.54,51.81,68200,49.71
2008-04-04,50.24,51.32,50.24,50.82,63800,48.76
2008-04-03,49.78,50.26,48.99,49.65,46800,47.63
2008-04-02,50.60,51.20,49.90,50.50,42700,48.45
2008-04-01,49.13,50.18,48.73,50.07,77900,48.04