2010-11-30,41.35,41.35,41.35,41.35,3000,41.35
2010-11-29,41.24,41.24,41.24,41.24,000,41.24
2010-11-26,41.24,41.24,41.24,41.24,000,41.24
2010-11-24,41.24,41.24,41.24,41.24,000,41.24
2010-11-23,41.24,41.24,41.24,41.24,000,41.24
2010-11-22,41.24,41.24,41.24,41.24,000,41.24
2010-11-19,41.24,41.24,41.24,41.24,000,41.24
2010-11-18,41.24,41.24,41.24,41.24,000,41.24
2010-11-17,41.24,41.24,41.24,41.24,000,41.24
2010-11-16,41.24,41.24,41.24,41.24,000,41.24
2010-11-15,41.24,41.24,41.24,41.24,000,41.24
2010-11-12,41.24,41.24,41.24,41.24,000,41.24
2010-11-11,41.24,41.24,41.24,41.24,300,41.24
2010-11-10,41.35,41.35,41.35,41.35,500,41.35
2010-11-09,41.68,41.68,41.68,41.68,000,41.68
2010-11-08,41.68,41.68,41.68,41.68,000,41.68
2010-11-05,41.68,41.68,41.68,41.68,000,41.68
2010-11-04,41.68,41.68,41.68,41.68,300,41.68
2010-11-03,41.65,41.65,41.65,41.65,000,41.65
2010-11-02,41.65,41.65,41.65,41.65,000,41.65
2010-11-01,41.65,41.65,41.65,41.65,000,41.65
2010-10-29,41.65,41.65,41.65,41.65,100,41.65
2010-10-28,41.56,41.56,41.54,41.55,1000,41.55
2010-10-27,41.58,41.58,41.58,41.58,000,41.58
2010-10-26,41.58,41.58,41.58,41.58,000,41.58
2010-10-25,41.58,41.58,41.58,41.58,000,41.58
2010-10-22,41.58,41.58,41.58,41.58,000,41.58
2010-10-21,41.58,41.58,41.58,41.58,000,41.58
2010-10-20,41.58,41.58,41.58,41.58,000,41.58
2010-10-19,41.58,41.58,41.58,41.58,000,41.58
2010-10-18,41.58,41.58,41.58,41.58,100,41.58
2010-10-15,41.50,41.50,41.50,41.50,000,41.50
2010-10-14,41.50,41.50,41.50,41.50,000,41.50
2010-10-13,41.50,41.50,41.50,41.50,000,41.50
2010-10-12,41.50,41.50,41.50,41.50,000,41.50
2010-10-11,41.50,41.50,41.50,41.50,000,41.50
2010-10-08,41.50,41.50,41.50,41.50,000,41.50
2010-10-07,41.50,41.50,41.50,41.50,000,41.50
2010-10-06,41.50,41.50,41.50,41.50,000,41.50
2010-10-05,41.50,41.50,41.50,41.50,000,41.50
2010-10-04,41.50,41.50,41.50,41.50,100,41.50
2010-10-01,41.22,41.22,41.22,41.22,000,41.22
2010-09-30,41.22,41.22,41.22,41.22,000,41.22
2010-09-29,41.22,41.22,41.22,41.22,000,41.22
2010-09-28,41.22,41.22,41.22,41.22,000,41.22
2010-09-27,41.22,41.22,41.22,41.22,000,41.22
2010-09-24,41.22,41.22,41.22,41.22,000,41.22
2010-09-23,41.22,41.22,41.22,41.22,000,41.22
2010-09-22,41.22,41.22,41.22,41.22,000,41.22
2010-09-21,41.22,41.22,41.22,41.22,000,41.22
2010-09-20,41.22,41.22,41.22,41.22,000,41.22
2010-09-17,41.22,41.22,41.22,41.22,000,41.22
2010-09-16,41.22,41.22,41.22,41.22,000,41.22
2010-09-15,41.22,41.22,41.22,41.22,000,41.22
2010-09-14,41.22,41.22,41.22,41.22,000,41.22
2010-09-13,41.22,41.22,41.22,41.22,000,41.22
2010-09-10,41.22,41.22,41.22,41.22,000,41.22
2010-09-09,41.22,41.22,41.22,41.22,000,41.22
2010-09-08,41.22,41.22,41.22,41.22,000,41.22
2010-09-07,41.22,41.22,41.22,41.22,200,41.22
2010-09-03,41.25,41.25,41.25,41.25,000,41.25
2010-09-02,41.25,41.25,41.25,41.25,000,41.25
2010-09-01,41.25,41.25,41.25,41.25,000,41.25
2010-08-31,41.24,41.25,41.24,41.25,12000,41.25
2010-08-30,41.07,41.07,41.07,41.07,000,41.07
2010-08-27,41.08,41.08,41.07,41.07,12000,41.07
2010-08-26,41.21,41.21,41.18,41.18,12100,41.18
2010-08-25,41.25,41.25,41.25,41.25,000,41.25
2010-08-24,41.25,41.25,41.25,41.25,10000,41.25
2010-08-23,41.12,41.12,41.12,41.12,000,41.12
2010-08-20,41.12,41.12,41.12,41.12,000,41.12
2010-08-19,41.12,41.12,41.12,41.12,000,41.12
2010-08-18,41.12,41.12,41.12,41.12,000,41.12
2010-08-17,41.12,41.12,41.12,41.12,000,41.12
2010-08-16,41.12,41.12,41.12,41.12,000,41.12
2010-08-13,41.12,41.12,41.12,41.12,000,41.12
2010-08-12,41.14,41.14,41.12,41.12,9000,41.12
2010-08-11,41.19,41.19,41.17,41.17,10300,41.17
2010-08-10,41.12,41.12,41.12,41.12,000,41.12
2010-08-09,41.12,41.12,41.12,41.12,000,41.12
2010-08-06,41.12,41.12,41.12,41.12,000,41.12
2010-08-05,41.08,41.12,41.08,41.12,1300,41.12
2010-08-04,41.04,41.04,41.04,41.04,500,41.04
2010-08-03,41.14,41.24,41.14,41.24,13000,41.24
2010-08-02,41.06,41.06,41.06,41.06,100,41.06
2010-07-30,40.96,40.96,40.96,40.96,000,40.96
2010-07-29,40.96,40.96,40.96,40.96,000,40.96
2010-07-28,40.96,40.96,40.96,40.96,000,40.96
2010-07-27,40.96,40.96,40.96,40.96,000,40.96
2010-07-26,40.96,40.96,40.96,40.96,3100,40.96
2010-07-23,41.01,41.01,41.01,41.01,000,41.01
2010-07-22,41.00,41.01,41.00,41.01,600,41.01
2010-07-21,40.94,40.94,40.94,40.94,000,40.94
2010-07-20,40.94,40.94,40.94,40.94,000,40.94
2010-07-19,40.94,40.94,40.94,40.94,000,40.94
2010-07-16,40.94,40.94,40.94,40.94,000,40.94
2010-07-15,40.96,40.96,40.94,40.94,24000,40.94
2010-07-14,40.82,40.82,40.82,40.82,000,40.82
2010-07-13,40.82,40.82,40.82,40.82,000,40.82
2010-07-12,40.82,40.82,40.82,40.82,000,40.82
2010-07-09,40.82,40.82,40.82,40.82,000,40.82
2010-07-08,40.82,40.82,40.82,40.82,000,40.82
2010-07-07,40.82,40.82,40.82,40.82,000,40.82
2010-07-06,40.82,40.82,40.81,40.82,12000,40.82
2010-07-02,40.84,40.84,40.84,40.84,000,40.84
2010-07-01,40.84,40.84,40.84,40.84,000,40.84
2010-06-30,40.89,40.89,40.84,40.84,5000,40.84
2010-06-29,40.87,40.87,40.87,40.87,000,40.87
2010-06-28,40.87,40.87,40.87,40.87,3000,40.87
2010-06-25,40.56,40.56,40.56,40.56,000,40.56
2010-06-24,40.56,40.56,40.56,40.56,000,40.56
2010-06-23,40.56,40.56,40.56,40.56,000,40.56
2010-06-22,40.56,40.56,40.56,40.56,000,40.56
2010-06-21,40.56,40.56,40.56,40.56,000,40.56
2010-06-18,40.56,40.56,40.56,40.56,000,40.56
2010-06-17,40.56,40.56,40.56,40.56,000,40.56
2010-06-16,40.56,40.56,40.56,40.56,24000,40.56
2010-06-15,40.50,40.50,40.50,40.50,000,40.50
2010-06-14,40.50,40.50,40.50,40.50,000,40.50
2010-06-11,40.50,40.50,40.50,40.50,1300,40.50
2010-06-10,40.57,40.57,40.57,40.57,000,40.57
2010-06-09,40.57,40.57,40.57,40.57,000,40.57
2010-06-08,40.57,40.57,40.57,40.57,000,40.57
2010-06-07,40.57,40.57,40.57,40.57,1300,40.57
2010-06-04,40.40,40.40,40.40,40.40,000,40.40
2010-06-03,40.40,40.40,40.40,40.40,000,40.40
2010-06-02,40.40,40.40,40.40,40.40,000,40.40
2010-06-01,40.40,40.40,40.40,40.40,000,40.40
2010-05-28,40.39,40.40,40.39,40.40,400,40.40
2010-05-27,40.44,40.44,40.44,40.44,000,40.44
2010-05-26,40.44,40.44,40.44,40.44,000,40.44
2010-05-25,40.44,40.44,40.44,40.44,2000,40.44
2010-05-24,40.41,40.41,40.41,40.41,000,40.41
2010-05-21,40.41,40.41,40.41,40.41,000,40.41
2010-05-20,40.41,40.41,40.41,40.41,000,40.41
2010-05-19,40.41,40.41,40.41,40.41,000,40.41
2010-05-18,40.41,40.41,40.41,40.41,000,40.41
2010-05-17,40.41,40.41,40.41,40.41,100,40.41
2010-05-14,40.52,40.52,40.52,40.52,100,40.52
2010-05-13,40.26,40.26,40.26,40.26,000,40.26
2010-05-12,40.26,40.26,40.26,40.26,000,40.26
2010-05-11,40.26,40.26,40.26,40.26,500,40.26
2010-05-10,40.44,40.44,40.44,40.44,000,40.44
2010-05-07,40.37,40.44,40.37,40.44,2500,40.44
2010-05-06,40.19,40.19,40.19,40.19,000,40.19
2010-05-05,40.19,40.19,40.19,40.19,100,40.19
2010-05-04,39.82,39.82,39.82,39.82,000,39.82
2010-05-03,39.82,39.82,39.82,39.82,000,39.82
2010-04-30,39.82,39.82,39.82,39.82,000,39.82
2010-04-29,39.82,39.82,39.82,39.82,000,39.82
2010-04-28,39.83,39.83,39.82,39.82,400,39.82
2010-04-27,39.86,39.87,39.86,39.87,6000,39.87
2010-04-26,39.62,39.63,39.62,39.63,10000,39.63
2010-04-23,39.62,39.62,39.62,39.62,000,39.62
2010-04-22,39.62,39.62,39.62,39.62,000,39.62
2010-04-21,39.62,39.62,39.62,39.62,000,39.62
2010-04-20,39.62,39.62,39.62,39.62,000,39.62
2010-04-19,39.62,39.62,39.62,39.62,000,39.62
2010-04-16,39.62,39.62,39.62,39.62,000,39.62
2010-04-15,39.62,39.62,39.62,39.62,000,39.62
2010-04-14,39.62,39.62,39.62,39.62,000,39.62
2010-04-13,39.62,39.62,39.62,39.62,000,39.62
2010-04-12,39.62,39.62,39.62,39.62,100,39.62
2010-04-09,39.55,39.55,39.55,39.55,000,39.55
2010-04-08,39.54,39.55,39.54,39.55,6000,39.55
2010-04-07,39.52,39.52,39.52,39.52,100,39.52
2010-04-06,39.52,39.52,39.52,39.52,000,39.52
2010-04-05,39.52,39.52,39.52,39.52,100,39.52
2010-04-01,39.68,39.68,39.68,39.68,000,39.68
2010-03-31,39.68,39.68,39.68,39.68,000,39.68
2010-03-30,39.68,39.68,39.68,39.68,000,39.68
2010-03-29,39.68,39.68,39.68,39.68,000,39.68
2010-03-26,39.68,39.68,39.68,39.68,000,39.68
2010-03-25,39.68,39.68,39.68,39.68,000,39.68
2010-03-24,39.68,39.68,39.68,39.68,000,39.68
2010-03-23,39.68,39.68,39.68,39.68,000,39.68
2010-03-22,39.67,39.68,39.67,39.68,4600,39.68
2010-03-19,39.72,39.72,39.72,39.72,300,39.72
2010-03-18,39.79,39.79,39.79,39.79,000,39.79
2010-03-17,39.78,39.79,39.78,39.79,4000,39.79
2010-03-16,39.83,39.83,39.83,39.83,1000,39.83
2010-03-15,39.69,39.70,39.69,39.70,4000,39.70
2010-03-12,39.68,39.68,39.68,39.68,200,39.68
2010-03-11,39.88,39.88,39.88,39.88,000,39.88
2010-03-10,39.88,39.88,39.88,39.88,000,39.88
2010-03-09,39.89,39.89,39.88,39.88,4000,39.88
2010-03-08,39.81,39.84,39.81,39.84,5000,39.84
2010-03-05,39.78,39.80,39.78,39.80,5000,39.80
2010-03-04,39.94,39.94,39.94,39.94,5000,39.94
2010-03-03,40.03,40.04,40.03,40.03,4000,40.03
2010-03-02,40.09,40.09,40.09,40.09,000,40.09
2010-03-01,40.09,40.09,40.09,40.09,000,40.09
2010-02-26,40.09,40.09,40.09,40.09,1000,40.09
2010-02-25,40.06,40.06,40.06,40.06,200,40.06