2010-11-30,38.06,38.08,38.00,38.01,31300,38.01
2010-11-29,38.11,38.12,38.10,38.10,34300,38.10
2010-11-26,38.16,38.16,38.16,38.16,300,38.16
2010-11-24,38.10,38.16,38.10,38.16,1600,38.16
2010-11-23,37.97,38.00,37.96,37.96,1400,37.96
2010-11-22,38.16,38.16,38.10,38.10,1000,38.10
2010-11-19,38.16,38.17,38.16,38.17,600,38.17
2010-11-18,38.22,38.22,38.13,38.14,4700,38.14
2010-11-17,38.08,38.13,38.08,38.11,1600,38.11
2010-11-16,38.16,38.23,38.13,38.13,13500,38.13
2010-11-15,38.22,38.22,38.13,38.21,3000,38.21
2010-11-12,38.06,38.13,38.01,38.13,9200,38.13
2010-11-11,38.14,38.17,38.14,38.17,1900,38.17
2010-11-10,38.08,38.08,38.00,38.00,3200,38.00
2010-11-09,37.96,37.99,37.96,37.99,400,37.99
2010-11-08,37.87,37.87,37.87,37.87,000,37.87
2010-11-05,37.87,37.87,37.87,37.87,200,37.87
2010-11-04,37.78,37.79,37.76,37.79,10100,37.79
2010-11-03,37.83,37.83,37.83,37.83,000,37.83
2010-11-02,37.83,37.83,37.81,37.83,11700,37.83
2010-11-01,37.83,37.83,37.83,37.83,000,37.83
2010-10-29,37.86,37.86,37.83,37.83,400,37.83
2010-10-28,37.91,37.91,37.88,37.88,21900,37.88
2010-10-27,37.95,37.96,37.95,37.96,900,37.96
2010-10-26,37.92,37.94,37.91,37.94,3000,37.94
2010-10-25,37.88,37.89,37.86,37.89,1400,37.89
2010-10-22,37.89,37.89,37.89,37.89,1200,37.89
2010-10-21,37.83,37.83,37.83,37.83,000,37.83
2010-10-20,37.83,37.83,37.83,37.83,400,37.83
2010-10-19,37.85,37.85,37.85,37.85,000,37.85
2010-10-18,37.86,37.86,37.85,37.85,2200,37.85
2010-10-15,37.88,37.91,37.88,37.91,900,37.91
2010-10-14,37.95,37.95,37.95,37.95,700,37.95
2010-10-13,37.92,37.92,37.92,37.92,100,37.92
2010-10-12,37.91,37.91,37.88,37.88,300,37.88
2010-10-11,37.92,37.92,37.84,37.91,5800,37.91
2010-10-08,37.87,37.88,37.87,37.88,3000,37.88
2010-10-07,37.93,37.93,37.90,37.90,3100,37.90
2010-10-06,37.96,37.96,37.96,37.96,200,37.96
2010-10-05,38.00,38.00,38.00,38.00,100,38.00
2010-10-04,38.02,38.02,38.02,38.02,500,38.02
2010-10-01,38.04,38.04,38.04,38.04,300,38.04
2010-09-30,38.08,38.08,38.08,38.08,100,38.08
2010-09-29,38.07,38.07,38.07,38.07,100,38.07
2010-09-28,38.06,38.06,38.06,38.06,1000,38.06
2010-09-27,38.11,38.12,38.08,38.08,5000,38.08
2010-09-24,38.09,38.14,38.08,38.14,6800,38.14
2010-09-23,38.05,38.11,37.91,38.11,10900,38.11
2010-09-22,38.13,38.13,38.13,38.13,100,38.13
2010-09-21,38.13,38.13,38.12,38.12,200,38.12
2010-09-20,38.21,38.21,38.21,38.21,400,38.21
2010-09-17,38.24,38.24,38.24,38.24,000,38.24
2010-09-16,38.24,38.24,38.24,38.24,000,38.24
2010-09-15,38.24,38.24,38.24,38.24,400,38.24
2010-09-14,38.46,38.46,38.46,38.46,000,38.46
2010-09-13,38.46,38.46,38.46,38.46,000,38.46
2010-09-10,38.46,38.46,38.46,38.46,200,38.46
2010-09-09,38.40,38.43,38.40,38.43,600,38.43
2010-09-08,38.31,38.34,38.31,38.34,7000,38.34
2010-09-07,38.20,38.31,38.20,38.29,26300,38.29
2010-09-03,38.34,38.34,38.32,38.32,1000,38.32
2010-09-02,38.32,38.32,38.30,38.30,600,38.30
2010-09-01,38.36,38.39,38.29,38.29,22900,38.29
2010-08-31,38.31,38.31,38.31,38.31,100,38.31
2010-08-30,38.44,38.44,38.44,38.44,000,38.44
2010-08-27,38.36,38.53,38.36,38.44,57100,38.44
2010-08-26,38.35,38.36,38.35,38.36,12000,38.36
2010-08-25,38.30,38.30,38.30,38.30,100,38.30
2010-08-24,38.27,38.29,38.27,38.27,600,38.27
2010-08-23,38.33,38.33,38.33,38.33,800,38.33
2010-08-20,38.32,38.33,38.32,38.33,300,38.33
2010-08-19,38.33,38.33,38.31,38.31,600,38.31
2010-08-18,38.36,38.37,38.34,38.36,9200,38.36
2010-08-17,38.39,38.39,38.39,38.39,5000,38.39
2010-08-16,38.35,38.37,38.33,38.33,4200,38.33
2010-08-13,38.44,38.46,38.44,38.46,23300,38.46
2010-08-12,38.45,38.45,38.45,38.45,33400,38.45
2010-08-11,38.34,38.40,38.34,38.40,25400,38.40
2010-08-10,38.48,38.48,38.48,38.48,2600,38.48
2010-08-09,38.43,38.47,38.43,38.47,2300,38.47
2010-08-06,38.37,38.41,38.37,38.39,11100,38.39
2010-08-05,38.51,38.51,38.46,38.46,3200,38.46
2010-08-04,38.53,38.53,38.53,38.53,1400,38.53
2010-08-03,38.45,38.46,38.43,38.46,13900,38.46
2010-08-02,38.50,38.50,38.50,38.50,000,38.50
2010-07-30,38.53,38.53,38.50,38.50,12000,38.50
2010-07-29,38.59,38.64,38.58,38.58,40600,38.58
2010-07-28,38.70,38.71,38.69,38.70,66600,38.70
2010-07-27,38.74,38.74,38.74,38.74,100,38.74
2010-07-26,38.70,38.72,38.67,38.67,4100,38.67
2010-07-23,38.59,38.60,38.59,38.60,600,38.60
2010-07-22,38.63,38.63,38.63,38.63,000,38.63
2010-07-21,38.63,38.63,38.63,38.63,400,38.63
2010-07-20,38.65,38.65,38.65,38.65,200,38.65
2010-07-19,38.69,38.69,38.69,38.69,000,38.69
2010-07-16,38.69,38.69,38.69,38.69,000,38.69
2010-07-15,38.69,38.69,38.69,38.69,6500,38.69
2010-07-14,38.74,38.74,38.74,38.74,200,38.74
2010-07-13,38.83,38.83,38.83,38.83,100,38.83
2010-07-12,38.75,38.75,38.75,38.75,000,38.75
2010-07-09,38.75,38.75,38.75,38.75,000,38.75
2010-07-08,38.80,41.00,38.74,38.75,3500,38.75
2010-07-07,38.74,38.77,38.74,38.77,1300,38.77
2010-07-06,38.77,38.77,38.77,38.77,2000,38.77
2010-07-02,38.78,38.78,38.78,38.78,100,38.78
2010-07-01,38.71,38.74,38.71,38.74,1000,38.74
2010-06-30,38.81,38.81,38.76,38.79,900,38.79
2010-06-29,38.70,38.76,38.70,38.70,1300,38.70
2010-06-28,38.82,38.82,38.82,38.82,000,38.82
2010-06-25,38.82,38.82,38.82,38.82,000,38.82
2010-06-24,38.82,38.82,38.82,38.82,300,38.82
2010-06-23,38.94,38.94,38.94,38.94,000,38.94
2010-06-22,39.02,39.02,38.94,38.94,9600,38.94
2010-06-21,38.99,38.99,38.99,38.99,000,38.99
2010-06-18,38.99,38.99,38.99,38.99,000,38.99
2010-06-17,38.99,38.99,38.99,38.99,200,38.99
2010-06-16,39.10,39.10,39.10,39.10,12000,39.10
2010-06-15,39.16,39.16,39.16,39.16,000,39.16
2010-06-14,39.13,39.19,39.12,39.16,5400,39.16
2010-06-11,39.15,39.15,39.15,39.15,000,39.15
2010-06-10,39.15,39.15,39.15,39.15,300,39.15
2010-06-09,39.15,39.15,39.15,39.15,200,39.15
2010-06-08,39.12,39.13,39.12,39.13,6800,39.13
2010-06-07,39.13,39.13,39.13,39.13,000,39.13
2010-06-04,39.13,39.13,39.13,39.13,3500,39.13
2010-06-03,39.28,39.33,39.28,39.33,900,39.33
2010-06-02,39.18,39.25,39.18,39.25,300,39.25
2010-06-01,39.21,39.21,39.21,39.21,200,39.21
2010-05-28,39.29,39.31,39.18,39.18,400,39.18
2010-05-27,39.40,39.40,39.40,39.40,1000,39.40
2010-05-26,39.34,39.39,39.34,39.39,300,39.39
2010-05-25,39.26,39.26,39.26,39.26,300,39.26
2010-05-24,39.17,39.17,39.17,39.17,000,39.17
2010-05-21,39.13,39.17,39.13,39.17,500,39.17
2010-05-20,39.18,39.19,39.14,39.19,900,39.19
2010-05-19,39.31,39.31,39.19,39.19,500,39.19
2010-05-18,39.33,39.33,39.33,39.33,100,39.33
2010-05-17,39.33,39.33,39.29,39.30,1400,39.30
2010-05-14,39.28,39.28,39.28,39.28,2000,39.28
2010-05-13,39.52,39.52,39.50,39.50,800,39.50
2010-05-12,39.52,39.52,39.49,39.49,1600,39.49
2010-05-11,39.48,39.48,39.48,39.48,1000,39.48
2010-05-10,39.50,39.52,39.50,39.52,4000,39.52
2010-05-07,39.30,39.30,39.30,39.30,000,39.30
2010-05-06,39.51,39.51,37.20,39.30,5900,39.30
2010-05-05,39.62,39.62,39.45,39.54,7200,39.54
2010-05-04,39.78,39.78,39.73,39.74,2200,39.74
2010-05-03,39.95,39.95,39.78,39.90,5700,39.90
2010-04-30,39.87,39.94,39.79,39.79,4100,39.79
2010-04-29,39.96,39.97,39.90,39.90,1900,39.90
2010-04-28,39.99,40.02,39.94,39.98,2200,39.98
2010-04-27,40.06,40.06,39.87,39.87,3000,39.87
2010-04-26,40.07,40.14,40.07,40.14,800,40.14
2010-04-23,40.16,40.16,40.16,40.16,200,40.16
2010-04-22,39.97,40.07,33.59,40.07,4900,40.07
2010-04-21,40.12,40.12,40.03,40.03,1500,40.03
2010-04-20,40.06,40.06,40.06,40.06,500,40.06
2010-04-19,39.95,39.97,39.95,39.97,6800,39.97
2010-04-16,39.95,39.95,39.92,39.92,700,39.92
2010-04-15,40.17,40.17,40.17,40.17,000,40.17
2010-04-14,40.16,40.17,40.16,40.17,2700,40.17
2010-04-13,40.08,40.17,40.08,40.16,3100,40.16
2010-04-12,40.22,40.22,40.16,40.16,800,40.16
2010-04-09,40.30,40.30,40.22,40.25,38300,40.25
2010-04-08,40.13,40.23,40.13,40.23,1800,40.23
2010-04-07,40.39,40.42,40.21,40.24,66100,40.24
2010-04-06,40.50,40.50,40.44,40.45,4100,40.45
2010-04-05,40.53,40.54,40.44,40.53,2900,40.53
2010-04-01,40.22,40.25,40.22,40.25,1100,40.25
2010-03-31,40.22,40.23,40.16,40.16,11400,40.16
2010-03-30,40.28,40.28,40.26,40.28,8000,40.28
2010-03-29,40.25,40.27,40.20,40.26,37700,40.26
2010-03-26,40.37,40.37,40.22,40.25,11200,40.25
2010-03-25,40.38,40.38,40.33,40.33,12400,40.33
2010-03-24,40.28,40.35,40.28,40.35,300,40.35
2010-03-23,40.17,40.17,40.17,40.17,000,40.17
2010-03-22,40.19,40.19,40.16,40.17,2100,40.17
2010-03-19,40.17,40.23,40.17,40.23,400,40.23
2010-03-18,40.12,40.17,40.12,40.15,1700,40.15
2010-03-17,40.05,40.06,40.05,40.05,4200,40.05
2010-03-16,40.15,40.15,40.15,40.15,000,40.15
2010-03-15,40.18,40.18,40.15,40.15,500,40.15
2010-03-12,40.21,40.32,40.19,40.19,6100,40.19
2010-03-11,40.12,40.16,40.12,40.16,500,40.16
2010-03-10,39.96,39.96,39.96,39.96,000,39.96
2010-03-09,39.96,39.96,39.96,39.96,4000,39.96
2010-03-08,40.04,40.04,40.04,40.04,500,40.04
2010-03-05,40.12,40.12,40.02,40.02,8000,40.02
2010-03-04,39.91,39.97,39.91,39.97,6200,39.97
2010-03-03,39.85,39.85,39.85,39.85,000,39.85
2010-03-02,39.85,39.85,39.85,39.85,100,39.85
2010-03-01,39.86,39.86,39.86,39.86,200,39.86
2010-02-26,39.93,39.93,39.85,39.87,12900,39.87
2010-02-25,39.83,39.93,39.80,39.93,12700,39.93