2011-05-10,38.85,39.04,38.85,39.04,16400,39.04
2011-05-09,38.79,38.79,38.79,38.79,100,38.79
2011-05-06,38.63,38.74,38.62,38.74,3100,38.74
2011-05-05,38.81,38.81,38.81,38.81,1800,38.81
2011-05-04,38.94,38.95,38.94,38.94,3000,38.94
2011-05-03,39.26,39.36,39.26,39.36,2500,39.36
2011-05-02,39.40,39.40,39.40,39.40,100,39.40
2011-04-29,39.64,39.65,39.64,39.65,700,39.65
2011-04-28,39.74,39.74,39.63,39.63,5700,39.63
2011-04-27,39.63,39.66,39.63,39.63,6100,39.63
2011-04-26,39.73,39.73,39.53,39.57,127400,39.57
2011-04-25,39.92,39.92,39.92,39.92,1000,39.92
2011-04-21,39.96,39.96,39.96,39.96,000,39.96
2011-04-20,39.96,39.96,39.96,39.96,000,39.96
2011-04-19,39.96,39.96,39.96,39.96,000,39.96
2011-04-18,40.14,40.14,39.96,39.96,2400,39.96
2011-04-15,40.50,40.50,40.50,40.50,000,40.50
2011-04-14,40.52,40.52,40.50,40.50,400,40.50
2011-04-13,40.71,40.71,40.71,40.71,000,40.71
2011-04-12,40.73,40.73,40.71,40.71,300,40.71
2011-04-11,41.25,41.26,41.13,41.13,4100,41.13
2011-04-08,41.26,41.28,41.12,41.25,3600,41.25
2011-04-07,40.98,41.10,40.88,41.09,10600,41.09
2011-04-06,40.64,40.64,40.64,40.64,500,40.64
2011-04-05,40.16,40.16,40.16,40.16,000,40.16
2011-04-04,40.16,40.16,40.16,40.16,600,40.16
2011-04-01,40.52,40.74,40.22,40.22,40400,40.22
2011-03-31,40.24,40.55,40.24,40.44,22700,40.44
2011-03-30,40.62,40.62,40.62,40.62,100,40.62
2011-03-29,40.43,40.43,40.43,40.43,000,40.43
2011-03-28,40.43,40.43,40.43,40.43,000,40.43
2011-03-25,40.43,40.43,40.43,40.43,200,40.43
2011-03-24,40.02,40.02,40.02,40.02,000,40.02
2011-03-23,40.02,40.02,40.02,40.02,100,40.02