2011-05-10,32.10,32.10,32.10,32.10,000,32.10
2011-05-09,31.93,32.10,31.93,32.10,2000,32.10
2011-05-06,32.10,32.10,32.10,32.10,1900,32.10
2011-05-05,32.04,32.04,32.04,32.04,100,32.04
2011-05-04,32.25,32.25,32.25,32.25,000,32.25
2011-05-03,32.25,32.25,32.25,32.25,600,32.25
2011-05-02,32.06,32.06,32.06,32.06,000,32.02
2011-04-29,32.06,32.06,32.06,32.06,000,32.02
2011-04-28,32.06,32.06,32.06,32.06,000,32.02
2011-04-27,32.12,32.12,32.06,32.06,1100,32.02
2011-04-26,31.95,31.95,31.95,31.95,100,31.91
2011-04-25,31.75,31.75,31.75,31.75,000,31.71
2011-04-21,31.75,31.75,31.75,31.75,000,31.71
2011-04-20,31.81,31.81,31.75,31.75,300,31.71
2011-04-19,31.45,31.49,31.45,31.49,10300,31.45
2011-04-18,31.42,31.42,31.42,31.42,400,31.38
2011-04-15,31.67,31.67,31.67,31.67,900,31.63
2011-04-14,31.54,31.54,31.54,31.54,000,31.50
2011-04-13,31.54,31.54,31.54,31.54,000,31.50
2011-04-12,31.54,31.54,31.54,31.54,500,31.50
2011-04-11,31.52,31.54,31.52,31.54,3700,31.50
2011-04-08,31.72,31.72,31.72,31.72,100,31.68
2011-04-07,31.60,31.60,31.60,31.60,300,31.56
2011-04-06,31.69,31.69,31.69,31.69,000,31.65
2011-04-05,31.69,31.69,31.69,31.69,000,31.65
2011-04-04,31.64,31.69,31.62,31.69,2600,31.65
2011-04-01,31.48,31.48,31.48,31.48,000,31.35
2011-03-31,31.48,31.48,31.48,31.48,000,31.35
2011-03-30,31.48,31.48,31.48,31.48,000,31.35
2011-03-29,31.48,31.48,31.48,31.48,000,31.35
2011-03-28,31.48,31.48,31.48,31.48,400,31.35
2011-03-25,31.50,31.50,31.50,31.50,600,31.37
2011-03-24,31.32,31.47,31.32,31.47,12400,31.34
2011-03-23,31.34,31.34,31.34,31.34,7000,31.21
2011-03-22,31.41,31.41,31.41,31.41,000,31.28
2011-03-21,31.44,33.97,31.40,31.41,19800,31.28
2011-03-18,31.15,31.15,31.15,31.15,100,31.02
2011-03-17,31.06,31.06,31.06,31.06,400,30.93
2011-03-16,30.97,30.97,30.97,30.97,300,30.84
2011-03-15,31.01,31.17,31.00,31.17,7500,31.04
2011-03-14,31.35,31.35,31.35,31.35,000,31.22
2011-03-11,31.35,31.35,31.35,31.35,000,31.22
2011-03-10,31.36,31.36,31.35,31.35,600,31.22
2011-03-09,31.58,31.58,31.58,31.58,100,31.45
2011-03-08,31.52,31.52,31.52,31.52,000,31.39
2011-03-07,31.52,31.52,31.52,31.52,000,31.39
2011-03-04,31.43,31.52,31.43,31.52,300,31.39
2011-03-03,31.62,31.65,31.61,31.61,26800,31.48
2011-03-02,31.46,31.46,31.46,31.46,300,31.33
2011-03-01,31.80,31.80,31.80,31.80,100,31.63
2011-02-28,31.65,31.66,31.61,31.65,10900,31.48
2011-02-25,31.43,31.43,31.43,31.43,000,31.26
2011-02-24,31.43,31.43,31.43,31.43,000,31.26
2011-02-23,31.43,31.43,31.43,31.43,000,31.26
2011-02-22,31.43,31.43,31.43,31.43,500,31.26
2011-02-18,31.61,31.63,31.61,31.63,4900,31.46
2011-02-17,31.34,31.34,31.34,31.34,000,31.17
2011-02-16,31.34,31.34,31.34,31.34,000,31.17
2011-02-15,31.34,31.34,31.34,31.34,000,31.17
2011-02-14,31.34,31.34,31.34,31.34,000,31.17
2011-02-11,31.34,31.34,31.34,31.34,200,31.17
2011-02-10,31.20,31.21,31.20,31.21,2800,31.04
2011-02-09,31.26,31.26,31.26,31.26,2200,31.09
2011-02-08,31.36,31.36,31.36,31.36,200,31.19
2011-02-07,31.23,31.26,31.23,31.26,1500,31.09
2011-02-04,31.21,31.21,31.21,31.21,000,31.04
2011-02-03,31.19,31.23,31.18,31.21,1100,31.04
2011-02-02,31.38,31.38,31.38,31.38,000,31.21
2011-02-01,31.40,31.40,31.38,31.38,500,31.17
2011-01-31,31.30,31.30,31.30,31.30,000,31.09
2011-01-28,31.30,31.30,31.30,31.30,000,31.09
2011-01-27,31.27,31.30,31.27,31.30,1600,31.09
2011-01-26,31.12,31.12,31.12,31.12,000,30.91
2011-01-25,31.14,31.14,31.10,31.12,1000,30.91
2011-01-24,31.06,31.18,31.06,31.16,600,30.95
2011-01-21,31.01,31.01,31.01,31.01,000,30.80
2011-01-20,31.01,31.01,31.01,31.01,200,30.80
2011-01-19,31.16,31.16,31.16,31.16,100,30.95
2011-01-18,31.13,31.13,31.13,31.13,000,30.92
2011-01-14,31.13,31.13,31.13,31.13,000,30.92
2011-01-13,31.16,31.16,31.12,31.13,500,30.92
2011-01-12,31.02,31.02,31.02,31.02,500,30.81
2011-01-11,30.96,30.96,30.96,30.96,200,30.75
2011-01-10,30.90,30.90,30.90,30.90,1000,30.69
2011-01-07,30.93,30.93,30.93,30.93,000,30.72
2011-01-06,30.93,30.93,30.93,30.93,000,30.72
2011-01-05,30.93,30.93,30.93,30.93,000,30.72
2011-01-04,30.93,30.93,30.93,30.93,000,30.72
2011-01-03,30.93,30.93,30.93,30.93,000,30.72
2010-12-31,30.85,30.93,30.85,30.93,1400,30.72
2010-12-30,30.81,30.81,30.81,30.81,400,30.60
2010-12-29,30.77,30.77,30.77,30.77,000,30.56
2010-12-28,30.77,30.77,30.77,30.77,1100,30.56
2010-12-27,31.26,31.26,31.26,31.26,000,31.05
2010-12-23,31.26,31.26,31.26,31.26,000,30.44
2010-12-22,31.26,31.26,31.26,31.26,000,30.44
2010-12-21,31.26,31.26,31.26,31.26,000,30.44
2010-12-20,31.26,31.26,31.26,31.26,400,30.44
2010-12-17,31.14,31.14,31.14,31.14,000,30.32
2010-12-16,31.14,31.14,31.14,31.14,000,30.32
2010-12-15,31.04,31.14,31.04,31.14,2300,30.32
2010-12-14,31.21,31.21,31.10,31.10,600,30.29
2010-12-13,31.26,31.26,31.24,31.24,400,30.42
2010-12-10,31.12,31.12,31.12,31.12,000,30.30
2010-12-09,31.12,31.12,31.12,31.12,000,30.30
2010-12-08,31.12,31.12,31.12,31.12,000,30.30
2010-12-07,31.27,31.27,31.12,31.12,2500,30.30
2010-12-06,30.94,30.94,30.94,30.94,000,30.13
2010-12-03,30.94,30.94,30.94,30.94,000,30.13
2010-12-02,30.94,30.94,30.94,30.94,2100,30.13
2010-12-01,30.81,30.83,30.81,30.83,300,30.02
2010-11-30,30.76,30.76,30.76,30.76,000,29.95
2010-11-29,30.62,30.76,30.62,30.76,300,29.95
2010-11-26,30.81,30.81,30.81,30.81,1300,30.00
2010-11-24,30.72,30.72,30.72,30.72,000,29.92
2010-11-23,30.72,30.72,30.72,30.72,200,29.92
2010-11-22,30.94,30.94,30.92,30.92,200,30.11
2010-11-19,30.84,30.93,30.84,30.93,1300,30.12
2010-11-18,30.70,30.70,30.70,30.70,000,29.90
2010-11-17,30.63,30.70,30.63,30.70,700,29.90
2010-11-16,30.90,30.90,30.90,30.90,000,30.09
2010-11-15,30.90,30.90,30.90,30.90,000,30.09
2010-11-12,30.90,30.90,30.90,30.90,400,30.09
2010-11-11,31.24,31.24,31.24,31.24,000,30.42
2010-11-10,31.14,31.24,31.14,31.24,2200,30.42
2010-11-09,31.45,31.45,31.45,31.45,200,30.63
2010-11-08,31.34,31.34,31.34,31.34,000,30.52
2010-11-05,31.34,31.34,31.34,31.34,000,30.52
2010-11-04,31.36,31.36,31.34,31.34,400,30.52
2010-11-03,31.05,31.05,31.05,31.05,400,30.24
2010-11-02,31.02,31.02,31.02,31.02,000,30.21
2010-11-01,31.02,31.02,31.02,31.02,1800,30.21
2010-10-29,30.79,30.79,30.79,30.79,100,29.98
2010-10-28,30.88,30.88,30.71,30.71,300,29.91
2010-10-27,30.89,30.89,30.89,30.89,000,30.08
2010-10-26,30.89,30.89,30.89,30.89,000,30.08
2010-10-25,30.89,30.89,30.89,30.89,800,30.08
2010-10-22,30.65,30.65,30.65,30.65,000,29.85
2010-10-21,30.68,30.68,30.65,30.65,4300,29.85
2010-10-20,30.77,30.77,30.77,30.77,000,29.96
2010-10-19,30.77,30.77,30.77,30.77,000,29.96
2010-10-18,30.77,30.77,30.77,30.77,1700,29.96
2010-10-15,30.68,30.71,30.68,30.71,700,29.91
2010-10-14,30.79,30.79,30.77,30.77,3400,29.96
2010-10-13,30.19,30.19,30.19,30.19,000,29.40
2010-10-12,30.19,30.19,30.19,30.19,000,29.40
2010-10-11,30.19,30.19,30.19,30.19,000,29.40
2010-10-08,30.19,30.19,30.19,30.19,000,29.40
2010-10-07,30.19,30.19,30.19,30.19,000,29.40
2010-10-06,30.19,30.19,30.19,30.19,000,29.40
2010-10-05,30.19,30.19,30.19,30.19,000,29.40
2010-10-04,30.19,30.19,30.19,30.19,100,29.40
2010-10-01,30.34,30.34,30.34,30.34,000,29.55
2010-09-30,30.34,30.34,30.34,30.34,000,29.55
2010-09-29,30.39,30.39,30.34,30.34,2400,29.55
2010-09-28,30.21,30.21,30.21,30.21,000,29.42
2010-09-27,30.33,30.33,30.21,30.21,600,29.42
2010-09-24,30.26,30.27,30.26,30.27,1900,29.48
2010-09-23,30.18,30.18,30.18,30.18,000,29.39
2010-09-22,30.18,30.18,30.18,30.18,000,29.39
2010-09-21,30.11,30.21,30.09,30.18,1000,29.39
2010-09-20,30.16,30.16,30.13,30.13,600,29.34
2010-09-17,29.67,29.67,29.67,29.67,000,28.89
2010-09-16,29.67,29.67,29.67,29.67,5500,28.89
2010-09-15,29.91,29.91,29.91,29.91,200,29.13
2010-09-14,29.95,29.95,29.95,29.95,1900,29.17
2010-09-13,29.65,29.65,29.65,29.65,000,28.87
2010-09-10,29.65,29.65,29.65,29.65,000,28.87
2010-09-09,29.65,29.65,29.65,29.65,000,28.87
2010-09-08,29.65,29.65,29.65,29.65,500,28.87
2010-09-07,29.60,29.60,29.53,29.53,300,28.76
2010-09-03,29.50,29.50,29.50,29.50,000,28.73
2010-09-02,29.49,29.50,29.49,29.50,200,28.73
2010-09-01,28.89,28.89,28.89,28.89,000,28.13
2010-08-31,28.87,28.89,28.87,28.89,1300,28.13
2010-08-30,29.08,29.08,29.08,29.08,000,28.32
2010-08-27,28.97,29.08,28.97,29.08,700,28.32
2010-08-26,29.06,31.31,28.88,28.88,14900,28.12
2010-08-25,28.89,28.90,28.87,28.87,13900,28.11
2010-08-24,28.89,28.89,28.89,28.89,200,28.13
2010-08-23,29.29,29.29,29.29,29.29,000,28.52
2010-08-20,29.29,29.29,29.29,29.29,000,28.52
2010-08-19,29.36,29.36,29.29,29.29,300,28.52
2010-08-18,29.41,29.41,29.41,29.41,100,28.64
2010-08-17,29.20,29.20,29.20,29.20,000,28.44
2010-08-16,29.20,29.20,29.20,29.20,000,28.44
2010-08-13,29.20,29.20,29.20,29.20,200,28.44
2010-08-12,29.16,29.16,29.16,29.16,300,28.40
2010-08-11,29.78,29.78,29.78,29.78,000,29.00
2010-08-10,29.78,29.78,29.78,29.78,000,29.00
2010-08-09,29.78,29.78,29.78,29.78,300,29.00
2010-08-06,29.63,29.73,29.63,29.73,3600,28.95
2010-08-05,29.77,29.77,29.77,29.77,000,28.99
2010-08-04,29.73,29.77,29.73,29.77,1200,28.99
2010-08-03,29.59,29.59,29.59,29.59,2000,28.81
2010-08-02,29.49,29.49,29.49,29.49,000,28.72
2010-07-30,29.49,29.49,29.49,29.49,000,28.72
2010-07-29,29.49,29.49,29.49,29.49,000,28.72
2010-07-28,29.49,29.49,29.49,29.49,000,28.72
2010-07-27,29.49,29.49,29.49,29.49,600,28.72
2010-07-26,29.29,29.29,29.29,29.29,300,28.52
2010-07-23,29.16,29.16,29.16,29.16,000,28.40
2010-07-22,29.16,29.16,29.16,29.16,300,28.40
2010-07-21,28.66,28.66,28.66,28.66,000,27.91
2010-07-20,28.66,28.66,28.66,28.66,400,27.91
2010-07-19,29.07,29.07,29.07,29.07,000,28.31
2010-07-16,29.07,29.07,29.07,29.07,000,28.31
2010-07-15,29.07,29.07,29.07,29.07,300,28.31
2010-07-14,29.09,29.09,29.09,29.09,700,28.33
2010-07-13,29.10,29.10,29.10,29.10,1000,28.34
2010-07-12,28.80,28.91,28.80,28.91,2100,28.15
2010-07-09,28.84,28.84,28.84,28.84,2700,28.08
2010-07-08,28.65,28.65,28.65,28.65,000,27.90
2010-07-07,28.52,28.70,28.52,28.65,28900,27.90
2010-07-06,28.26,28.26,28.26,28.26,000,27.52
2010-07-02,28.26,28.26,28.26,28.26,200,27.52
2010-07-01,28.36,28.36,28.36,28.36,100,27.62
2010-06-30,28.88,28.88,28.88,28.88,000,28.12
2010-06-29,28.88,28.88,28.88,28.88,000,28.12
2010-06-28,28.88,28.88,28.88,28.88,200,28.12
2010-06-25,28.96,28.96,28.96,28.96,000,28.20
2010-06-24,28.96,28.96,28.96,28.96,000,28.20
2010-06-23,28.96,28.96,28.96,28.96,000,28.20
2010-06-22,28.96,28.96,28.96,28.96,500,28.20
2010-06-21,29.34,29.34,29.32,29.32,500,28.55
2010-06-18,29.19,29.20,29.19,29.20,400,28.44
2010-06-17,29.15,29.15,29.15,29.15,2100,28.39
2010-06-16,29.11,29.11,29.11,29.11,000,28.35
2010-06-15,29.11,29.11,29.11,29.11,100,28.35
2010-06-14,28.92,28.92,28.86,28.86,500,28.10
2010-06-11,28.27,28.27,28.27,28.27,000,27.53
2010-06-10,28.27,28.27,28.27,28.27,000,27.53
2010-06-09,28.27,28.27,28.27,28.27,000,27.53
2010-06-08,28.27,28.27,28.27,28.27,100,27.53
2010-06-07,28.55,28.55,28.55,28.55,000,27.80
2010-06-04,28.55,28.55,28.55,28.55,1000,27.80
2010-06-03,28.72,28.72,28.72,28.72,000,27.97
2010-06-02,28.72,28.72,28.72,28.72,000,27.97
2010-06-01,28.72,28.72,28.72,28.72,000,27.97
2010-05-28,28.72,28.72,28.72,28.72,300,27.97
2010-05-27,28.42,28.42,28.42,28.42,000,27.68
2010-05-26,28.56,28.56,28.42,28.42,800,27.68
2010-05-25,28.58,28.58,28.58,28.58,000,27.83
2010-05-24,28.58,28.58,28.58,28.58,000,27.83
2010-05-21,28.61,28.61,28.57,28.58,500,27.83
2010-05-20,28.97,28.97,28.97,28.97,000,28.21
2010-05-19,28.97,28.97,28.97,28.97,100,28.21
2010-05-18,29.30,29.30,29.02,29.03,1600,28.27
2010-05-17,29.17,29.17,29.17,29.17,000,28.41
2010-05-14,29.13,29.17,29.06,29.17,5800,28.41
2010-05-13,29.48,29.48,29.48,29.48,200,28.71
2010-05-12,29.37,29.37,29.37,29.37,000,28.60
2010-05-11,29.37,29.37,29.37,29.37,000,28.60
2010-05-10,29.35,29.37,29.35,29.37,800,28.60
2010-05-07,28.93,28.93,28.71,28.72,2900,27.97
2010-05-06,29.22,29.24,29.00,29.00,2800,28.24
2010-05-05,29.39,29.39,29.39,29.39,200,28.62
2010-05-04,29.56,29.56,29.56,29.56,900,28.79
2010-05-03,29.93,29.93,29.90,29.91,700,29.13
2010-04-30,29.70,29.70,29.70,29.70,800,28.92
2010-04-29,29.92,29.92,29.92,29.92,100,29.14
2010-04-28,29.70,29.70,29.70,29.70,200,28.92
2010-04-27,30.03,30.03,30.03,30.03,000,29.24
2010-04-26,30.03,30.03,30.03,30.03,3000,29.24
2010-04-23,29.90,29.90,29.90,29.90,000,29.12
2010-04-22,29.90,29.90,29.90,29.90,000,29.12
2010-04-21,29.90,29.90,29.90,29.90,200,29.12
2010-04-20,29.93,29.93,29.93,29.93,3300,29.15
2010-04-19,29.67,29.67,29.67,29.67,400,28.89
2010-04-16,29.96,29.96,29.96,29.96,000,29.18
2010-04-15,29.96,29.96,29.96,29.96,000,29.18
2010-04-14,29.93,29.96,29.93,29.96,200,29.18
2010-04-13,29.70,29.70,29.70,29.70,000,28.92
2010-04-12,29.70,29.70,29.70,29.70,000,28.92
2010-04-09,29.68,29.70,29.68,29.70,2000,28.92
2010-04-08,29.62,29.62,29.62,29.62,000,28.84
2010-04-07,29.62,29.62,29.62,29.62,300,28.84
2010-04-06,29.64,29.64,29.61,29.61,500,28.83
2010-04-05,29.53,29.55,29.53,29.55,200,28.78
2010-04-01,29.44,29.44,29.44,29.44,000,28.67
2010-03-31,29.44,29.44,29.44,29.44,000,28.67
2010-03-30,29.44,29.44,29.44,29.44,500,28.67
2010-03-29,29.40,29.40,29.40,29.40,600,28.63
2010-03-26,29.42,29.42,29.42,29.42,000,28.65
2010-03-25,29.42,29.42,29.42,29.42,000,28.65
2010-03-24,29.41,29.42,29.38,29.42,4600,28.65
2010-03-23,29.36,29.36,29.36,29.36,000,28.59
2010-03-22,29.36,29.36,29.36,29.36,600,28.59
2010-03-19,29.28,29.31,29.28,29.31,1400,28.54
2010-03-18,29.44,29.45,29.44,29.45,2000,28.68
2010-03-17,29.35,29.50,29.35,29.47,2400,28.70
2010-03-16,29.32,29.32,29.32,29.32,1500,28.55
2010-03-15,29.22,29.22,29.14,29.17,1900,28.41
2010-03-12,29.22,29.24,29.19,29.24,1700,28.47
2010-03-11,29.15,29.15,29.15,29.15,000,28.39
2010-03-10,29.15,29.15,29.15,29.15,300,28.39
2010-03-09,29.07,29.07,29.07,29.07,000,28.31
2010-03-08,29.09,29.09,29.07,29.07,3700,28.31
2010-03-05,28.73,28.73,28.73,28.73,000,27.98
2010-03-04,28.73,28.73,28.73,28.73,200,27.98
2010-03-03,28.86,28.86,28.86,28.86,600,28.10
2010-03-02,28.70,28.70,28.70,28.70,000,27.95
2010-03-01,28.64,28.70,28.64,28.70,800,27.95
2010-02-26,28.51,28.51,28.51,28.51,000,27.76
2010-02-25,28.51,28.51,28.51,28.51,000,27.76
2010-02-24,28.51,28.51,28.51,28.51,800,27.76
2010-02-23,28.56,28.56,28.56,28.56,000,27.81
2010-02-22,28.56,28.56,28.56,28.56,2000,27.81
2010-02-19,28.46,28.46,28.46,28.46,000,27.71
2010-02-18,28.46,28.46,28.46,28.46,000,27.71
2010-02-17,28.46,28.46,28.46,28.46,300,27.71
2010-02-16,27.79,27.79,27.79,27.79,000,27.06
2010-02-12,27.79,27.79,27.79,27.79,000,27.06
2010-02-11,27.79,27.79,27.79,27.79,000,27.06
2010-02-10,27.79,27.79,27.79,27.79,000,27.06
2010-02-09,27.79,27.79,27.79,27.79,000,27.06
2010-02-08,27.79,27.79,27.79,27.79,000,27.06
2010-02-05,27.97,27.97,27.79,27.79,800,27.06
2010-02-04,28.30,28.30,28.13,28.13,200,27.39
2010-02-03,28.40,28.40,28.40,28.40,000,27.66
2010-02-02,28.40,28.40,28.40,28.40,400,27.66
2010-02-01,28.29,28.29,28.29,28.29,600,27.55
2010-01-29,28.32,28.32,28.17,28.17,400,27.43
2010-01-28,28.37,28.37,28.37,28.37,000,27.63
2010-01-27,28.37,28.37,28.37,28.37,700,27.63
2010-01-26,28.35,28.35,28.35,28.35,200,27.61
2010-01-25,28.40,28.40,28.40,28.40,100,27.66
2010-01-22,28.66,28.66,28.54,28.54,4100,27.79
2010-01-21,29.01,29.01,29.01,29.01,000,28.25
2010-01-20,29.01,29.01,29.01,29.01,000,28.25
2010-01-19,29.01,29.01,29.01,29.01,000,28.25
2010-01-15,29.01,29.01,29.01,29.01,000,28.25
2010-01-14,29.01,29.01,29.01,29.01,000,28.25
2010-01-13,29.01,29.01,29.01,29.01,000,28.25
2010-01-12,29.01,29.01,29.01,29.01,000,28.25
2010-01-11,29.01,29.01,29.01,29.01,000,28.25
2010-01-08,28.95,29.01,28.95,29.01,17200,28.25
2010-01-07,28.81,28.94,28.77,28.94,2200,28.18
2010-01-06,28.90,28.90,28.90,28.90,000,28.14
2010-01-05,28.78,28.90,28.78,28.90,800,28.14
2010-01-04,28.77,28.78,28.68,28.78,1000,28.03
2009-12-31,28.62,28.62,28.62,28.62,000,27.87
2009-12-30,28.71,28.71,28.61,28.62,1200,27.87
2009-12-29,28.78,28.78,28.78,28.78,300,28.03
2009-12-28,29.29,29.29,29.29,29.29,000,28.52
2009-12-24,29.29,29.29,29.29,29.29,000,28.52
2009-12-23,29.29,29.29,29.29,29.29,100,28.52
2009-12-22,29.15,29.15,29.15,29.15,000,28.39
2009-12-21,29.15,29.15,29.15,29.15,000,28.39
2009-12-18,29.15,29.15,29.15,29.15,800,28.39
2009-12-17,29.33,29.33,29.33,29.33,000,28.56
2009-12-16,29.33,29.33,29.33,29.33,200,28.56
2009-12-15,29.23,29.23,29.23,29.23,500,28.46
2009-12-14,29.03,29.03,29.03,29.03,000,28.27
2009-12-11,29.03,29.03,29.03,29.03,000,28.27
2009-12-10,29.03,29.03,29.03,29.03,000,28.27
2009-12-09,29.00,29.03,29.00,29.03,300,28.27
2009-12-08,29.05,29.05,29.05,29.05,100,28.29
2009-12-07,29.38,29.38,29.38,29.38,000,28.61
2009-12-04,29.38,29.38,29.38,29.38,1100,28.61
2009-12-03,29.30,29.30,29.30,29.30,000,28.53
2009-12-02,29.30,29.30,29.30,29.30,300,28.53
2009-12-01,29.01,29.01,29.01,29.01,000,28.25
2009-11-30,29.03,29.03,29.01,29.01,1800,28.25
2009-11-27,28.95,28.95,28.95,28.95,000,28.19
2009-11-25,28.95,28.95,28.95,28.95,000,28.19
2009-11-24,28.95,28.95,28.95,28.95,000,28.19
2009-11-23,28.95,28.95,28.95,28.95,000,28.19
2009-11-20,28.98,28.98,28.95,28.95,400,28.19
2009-11-19,29.34,29.34,29.34,29.34,000,28.57
2009-11-18,29.34,29.34,29.34,29.34,000,28.57
2009-11-17,29.34,29.34,29.34,29.34,000,28.57
2009-11-16,29.10,29.38,29.10,29.34,2100,28.57
2009-11-13,29.11,29.11,29.11,29.11,000,28.35
2009-11-12,29.11,29.11,29.11,29.11,000,28.35
2009-11-11,29.18,29.18,29.11,29.11,600,28.35
2009-11-10,28.59,28.59,28.59,28.59,000,27.84
2009-11-09,28.59,28.59,28.59,28.59,000,27.84
2009-11-06,28.62,28.62,28.59,28.59,400,27.84
2009-11-05,28.31,28.31,28.31,28.31,000,27.57
2009-11-04,28.32,28.32,28.31,28.31,200,27.57
2009-11-03,28.21,28.21,28.21,28.21,000,27.47
2009-11-02,28.21,28.21,28.21,28.21,200,27.47
2009-10-30,28.67,28.67,28.67,28.67,100,27.92
2009-10-29,28.61,28.61,28.61,28.61,000,27.86
2009-10-28,28.61,28.61,28.61,28.61,000,27.86
2009-10-27,28.61,28.61,28.61,28.61,000,27.86
2009-10-26,28.61,28.61,28.61,28.61,600,27.86
2009-10-23,29.08,29.08,29.08,29.08,000,28.32
2009-10-22,29.08,29.08,29.08,29.08,000,28.32
2009-10-21,29.08,29.08,29.08,29.08,300,28.32
2009-10-20,29.00,29.01,29.00,29.01,300,28.25
2009-10-19,29.00,29.00,29.00,29.00,100,28.24
2009-10-16,28.91,28.91,28.91,28.91,200,28.15
2009-10-15,28.88,28.88,28.88,28.88,000,28.12
2009-10-14,28.87,29.04,28.87,28.88,500,28.12
2009-10-13,28.87,28.87,28.87,28.87,000,28.11
2009-10-12,28.87,28.87,28.87,28.87,400,28.11
2009-10-09,28.82,28.82,28.82,28.82,000,28.07
2009-10-08,28.82,28.82,28.82,28.82,300,28.07
2009-10-07,28.37,28.37,28.37,28.37,000,27.63
2009-10-06,28.37,28.37,28.37,28.37,000,27.63
2009-10-05,28.37,28.37,28.37,28.37,000,27.63
2009-10-02,28.37,28.37,28.37,28.37,000,27.63
2009-10-01,28.37,28.37,28.37,28.37,400,27.63
2009-09-30,28.59,28.59,28.59,28.59,000,27.84
2009-09-29,28.59,28.59,28.59,28.59,000,27.84
2009-09-28,28.82,28.82,28.59,28.59,200,27.84
2009-09-25,28.63,28.63,28.63,28.63,000,27.88
2009-09-24,28.74,28.74,28.48,28.63,800,27.88
2009-09-23,28.61,28.61,28.61,28.61,000,27.86
2009-09-22,29.60,30.00,28.61,28.61,1900,27.86
2009-09-21,28.49,28.49,28.49,28.49,000,27.74
2009-09-18,28.57,28.57,28.00,28.49,5000,27.74
2009-09-17,28.22,28.22,28.22,28.22,000,27.48
2009-09-16,28.22,28.22,28.22,28.22,000,27.48
2009-09-15,28.22,28.22,28.22,28.22,000,27.48
2009-09-14,28.22,28.22,28.22,28.22,000,27.48
2009-09-11,28.22,28.22,28.22,28.22,000,27.48
2009-09-10,28.22,28.22,28.22,28.22,400,27.48
2009-09-09,27.91,27.91,27.91,27.91,100,27.18
2009-09-08,27.87,27.88,27.87,27.88,400,27.15
2009-09-04,27.66,27.66,27.66,27.66,900,26.94
2009-09-03,27.54,27.54,27.53,27.53,1000,26.81
2009-09-02,27.94,27.94,27.94,27.94,000,27.21
2009-09-01,27.94,27.94,27.94,27.94,000,27.21
2009-08-31,27.94,27.94,27.94,27.94,000,27.21
2009-08-28,27.94,27.94,27.94,27.94,400,27.21
2009-08-27,28.00,28.00,28.00,28.00,000,27.27
2009-08-26,28.00,28.00,28.00,28.00,000,27.27
2009-08-25,28.00,28.00,28.00,28.00,000,27.27
2009-08-24,27.93,28.00,27.78,28.00,900,27.27
2009-08-21,27.68,27.68,27.68,27.68,500,26.95
2009-08-20,27.39,27.39,27.39,27.39,200,26.67
2009-08-19,27.16,27.16,27.16,27.16,000,26.45
2009-08-18,27.16,27.16,27.16,27.16,000,26.45
2009-08-17,27.16,27.16,27.16,27.16,000,26.45
2009-08-14,27.16,27.16,27.16,27.16,000,26.45
2009-08-13,27.16,27.16,27.16,27.16,000,26.45
2009-08-12,27.16,27.16,27.16,27.16,000,26.45
2009-08-11,27.16,27.16,27.16,27.16,100,26.45
2009-08-10,27.15,27.15,27.15,27.15,000,26.44
2009-08-07,27.15,27.15,27.15,27.15,000,26.44
2009-08-06,27.44,27.44,27.15,27.15,1500,26.44
2009-08-05,27.19,27.19,27.19,27.19,000,26.48
2009-08-04,27.19,27.19,27.19,27.19,000,26.48
2009-08-03,27.19,27.19,27.19,27.19,000,26.48
2009-07-31,27.19,27.19,27.19,27.19,200,26.48
2009-07-30,26.84,26.84,26.84,26.84,000,26.14
2009-07-29,27.23,29.28,26.84,26.84,800,26.14
2009-07-28,25.86,26.79,25.86,26.75,700,26.05
2009-07-27,26.75,26.75,26.75,26.75,200,26.05
2009-07-24,26.05,26.05,26.05,26.05,000,25.37
2009-07-23,26.05,26.05,26.05,26.05,000,25.37
2009-07-22,26.05,26.05,26.05,26.05,000,25.37
2009-07-21,26.05,26.05,26.05,26.05,000,25.37
2009-07-20,26.05,26.05,26.05,26.05,000,25.37
2009-07-17,26.05,26.05,26.05,26.05,000,25.37
2009-07-16,26.08,26.08,26.05,26.05,1000,25.37
2009-07-15,25.62,25.62,25.62,25.62,000,24.95
2009-07-14,25.62,25.62,25.62,25.62,000,24.95
2009-07-13,25.62,25.62,25.62,25.62,000,24.95
2009-07-10,25.62,25.62,25.62,25.62,000,24.95
2009-07-09,25.62,25.62,25.62,25.62,1000,24.95
2009-07-08,25.70,25.70,25.70,25.70,000,25.03
2009-07-07,25.70,25.70,25.70,25.70,000,25.03
2009-07-06,25.70,25.70,25.70,25.70,000,25.03
2009-07-02,25.70,25.70,25.70,25.70,100,25.03
2009-07-01,26.00,26.00,26.00,26.00,000,25.32
2009-06-30,26.00,26.00,26.00,26.00,200,25.32
2009-06-29,26.00,26.00,26.00,26.00,200,25.32
2009-06-26,25.71,25.71,25.71,25.71,000,25.04
2009-06-25,25.71,25.71,25.71,25.71,000,25.04
2009-06-24,25.71,25.71,25.71,25.71,000,25.04
2009-06-23,25.71,25.71,25.71,25.71,000,25.04
2009-06-22,25.71,25.71,25.71,25.71,000,25.04
2009-06-19,25.71,25.71,25.71,25.71,000,25.04
2009-06-18,25.71,25.71,25.71,25.71,000,25.04
2009-06-17,25.74,25.74,25.71,25.71,900,25.04
2009-06-16,25.86,25.98,25.45,25.75,6200,25.08
2009-06-15,25.93,25.93,25.93,25.93,300,25.25
2009-06-12,26.16,26.16,26.16,26.16,000,25.47
2009-06-11,26.16,26.16,26.16,26.16,000,25.47
2009-06-10,26.16,26.16,26.16,26.16,000,25.47
2009-06-09,26.16,26.16,26.16,26.16,000,25.47
2009-06-08,26.16,26.16,26.16,26.16,000,25.47
2009-06-05,26.16,26.16,26.16,26.16,000,25.47
2009-06-04,26.61,26.65,26.16,26.16,2100,25.47
2009-06-03,26.75,26.75,26.75,26.75,000,26.05
2009-06-02,26.25,26.75,26.25,26.75,1800,26.05
2009-06-01,25.68,25.68,25.68,25.68,000,25.01
2009-05-29,25.68,25.68,25.68,25.68,000,25.01
2009-05-28,25.68,25.68,25.68,25.68,000,25.01
2009-05-27,25.67,25.71,25.63,25.68,800,25.01
2009-05-26,25.81,25.82,25.81,25.82,900,25.14
2009-05-22,25.42,25.42,25.42,25.42,000,24.75
2009-05-21,25.62,25.62,25.42,25.42,3100,24.75
2009-05-20,25.25,25.25,25.25,25.25,000,24.59
2009-05-19,25.25,25.25,25.25,25.25,000,24.59
2009-05-18,25.51,25.51,25.25,25.25,5900,24.59
2009-05-15,25.75,25.75,25.75,25.75,000,25.08
2009-05-14,25.75,25.75,25.75,25.75,000,25.08
2009-05-13,25.75,25.75,25.75,25.75,000,25.08
2009-05-12,25.75,25.75,25.75,25.75,000,25.08
2009-05-11,25.75,25.75,25.75,25.75,100,25.08
2009-05-08,25.63,25.63,25.63,25.63,000,24.96
2009-05-07,25.63,25.63,25.63,25.63,000,24.96
2009-05-06,25.63,25.63,25.63,25.63,000,24.96
2009-05-05,25.63,25.63,25.63,25.63,000,24.96
2009-05-04,25.63,25.63,25.63,25.63,400,24.96
2009-05-01,25.75,25.75,25.75,25.75,000,25.08
2009-04-30,25.23,25.75,25.23,25.75,1300,25.08
2009-04-29,24.74,24.74,24.74,24.74,000,24.09
2009-04-28,24.74,24.74,24.74,24.74,000,24.09
2009-04-27,24.74,24.74,24.74,24.74,000,24.09
2009-04-24,24.74,24.74,24.74,24.74,000,24.09
2009-04-23,24.74,24.74,24.74,24.74,000,24.09
2009-04-22,24.74,24.74,24.74,24.74,000,24.09
2009-04-21,24.74,24.74,24.74,24.74,200,24.09
2009-04-20,24.29,24.29,24.29,24.29,000,23.65
2009-04-17,24.29,24.29,24.29,24.29,000,23.65
2009-04-16,24.76,24.76,24.29,24.29,600,23.65
2009-04-15,24.61,24.61,24.61,24.61,400,23.97
2009-04-14,23.45,23.45,23.45,23.45,000,22.84
2009-04-13,23.45,23.45,23.45,23.45,400,22.84
2009-04-09,24.75,24.76,23.95,24.69,1500,24.04
2009-04-08,24.55,24.55,24.55,24.55,000,23.91
2009-04-07,24.55,24.55,24.55,24.55,000,23.91
2009-04-06,24.55,24.55,24.55,24.55,000,23.91
2009-04-03,24.55,24.55,24.55,24.55,000,23.91
2009-04-02,24.50,24.55,24.50,24.55,3800,23.91
2009-04-01,24.28,24.28,24.28,24.28,000,23.64
2009-03-31,24.28,24.28,24.28,24.28,000,23.64
2009-03-30,24.28,24.28,24.28,24.28,000,23.64
2009-03-27,24.27,24.28,24.27,24.28,700,23.64
2009-03-26,24.01,24.01,24.01,24.01,000,23.38
2009-03-25,25.10,26.40,24.01,24.01,1600,23.38
2009-03-24,24.27,24.28,24.26,24.28,300,23.64
2009-03-23,24.07,24.35,24.07,24.35,3800,23.71
2009-03-20,23.91,23.91,23.86,23.86,500,23.23
2009-03-19,23.64,23.64,23.64,23.64,000,23.02
2009-03-18,23.62,23.67,22.91,23.64,3500,23.02
2009-03-17,23.53,23.64,22.67,23.63,3000,23.01
2009-03-16,22.37,22.37,22.37,22.37,000,21.78
2009-03-13,22.37,22.37,22.37,22.37,000,21.78
2009-03-12,22.37,22.37,22.37,22.37,000,21.78
2009-03-11,22.37,22.37,22.37,22.37,000,21.78
2009-03-10,22.37,22.37,22.37,22.37,000,21.78
2009-03-09,22.68,22.68,20.74,22.37,126600,21.78
2009-03-06,22.85,23.96,22.64,22.68,125100,22.09
2009-03-05,23.80,23.80,23.80,23.80,000,23.18
2009-03-04,23.80,23.80,23.80,23.80,000,23.18
2009-03-03,23.80,23.80,23.80,23.80,100,23.18
2009-03-02,23.80,23.80,23.80,23.80,000,23.18
2009-02-27,23.80,23.80,23.80,23.80,000,23.18
2009-02-26,23.80,23.80,23.80,23.80,000,23.18
2009-02-25,23.80,23.80,23.80,23.80,100,23.18
2009-02-24,24.20,24.20,23.71,23.71,200,23.09
2009-02-23,24.08,24.08,24.08,24.08,000,23.45
2009-02-20,24.08,24.08,24.08,24.08,000,23.45
2009-02-19,24.08,24.08,24.08,24.08,000,23.45
2009-02-18,24.08,24.08,24.08,24.08,100,23.45
2009-02-17,24.58,24.60,24.58,24.60,700,23.96
2009-02-13,24.88,24.88,24.88,24.88,000,24.23
2009-02-12,24.38,24.88,24.38,24.88,1100,24.23
2009-02-11,24.49,24.67,24.48,24.65,6200,24.00
2009-02-10,24.68,24.68,24.68,24.68,000,24.03
2009-02-09,24.68,24.68,24.68,24.68,000,24.03
2009-02-06,24.68,24.68,24.68,24.68,900,24.03
2009-02-05,24.53,24.53,24.53,24.53,200,23.89
2009-02-04,25.59,25.59,24.56,24.56,600,23.92
2009-02-03,24.95,24.95,24.95,24.95,400,24.30
2009-02-02,24.31,24.31,24.31,24.31,800,23.67
2009-01-30,24.65,24.65,24.65,24.65,000,24.00
2009-01-29,26.56,26.56,23.75,24.65,2300,24.00
2009-01-28,24.74,24.74,24.74,24.74,100,24.09