2011-05-10,33.55,33.55,33.55,33.55,000,33.55
2011-05-09,33.41,33.55,33.41,33.55,2700,33.55
2011-05-06,33.48,33.48,33.48,33.48,900,33.48
2011-05-05,33.43,33.56,33.38,33.56,3600,33.56
2011-05-04,33.83,33.83,33.83,33.83,000,33.83
2011-05-03,33.83,33.83,33.83,33.83,000,33.83
2011-05-02,33.92,33.92,33.83,33.83,2600,33.83
2011-04-29,33.82,42.41,33.82,33.85,700,33.85
2011-04-28,33.73,33.73,33.66,33.66,800,33.66
2011-04-27,33.50,33.50,33.49,33.49,1200,33.49
2011-04-26,33.45,33.55,33.45,33.55,1700,33.55
2011-04-25,33.40,33.40,33.30,33.33,2900,33.33
2011-04-21,33.30,33.35,33.30,33.33,5300,33.33
2011-04-20,33.15,33.21,33.15,33.15,5400,33.15
2011-04-19,32.74,32.74,32.74,32.74,000,32.74
2011-04-18,32.75,32.75,32.65,32.74,3400,32.74
2011-04-15,32.93,32.99,32.93,32.99,1300,32.99
2011-04-14,32.78,32.94,32.78,32.94,1000,32.94
2011-04-13,32.85,32.86,32.85,32.86,1500,32.86
2011-04-12,32.90,32.90,32.90,32.90,000,32.90
2011-04-11,33.00,33.00,32.90,32.90,500,32.90
2011-04-08,33.20,33.20,33.00,33.00,1700,33.00
2011-04-07,33.10,33.10,33.10,33.10,300,33.10
2011-04-06,33.12,33.12,33.12,33.12,100,33.12
2011-04-05,33.09,33.09,33.09,33.09,200,33.09
2011-04-04,33.13,33.13,33.12,33.12,1100,33.12
2011-04-01,33.09,33.09,33.00,33.03,1900,33.03
2011-03-31,32.96,32.96,32.94,32.95,1500,32.95
2011-03-30,32.76,32.90,32.76,32.90,200,32.90
2011-03-29,32.68,32.68,32.68,32.68,000,32.68
2011-03-28,32.73,32.76,32.67,32.68,600,32.68
2011-03-25,32.85,32.85,32.85,32.85,100,32.72
2011-03-24,32.80,32.80,32.73,32.76,1900,32.63
2011-03-23,32.52,32.54,32.52,32.54,500,32.41
2011-03-22,32.66,32.66,32.62,32.63,2000,32.50
2011-03-21,32.68,32.69,32.64,32.69,1700,32.56
2011-03-18,32.43,32.43,32.43,32.43,200,32.30
2011-03-17,32.27,32.27,32.27,32.27,200,32.14
2011-03-16,32.27,32.27,32.00,32.00,1900,31.87
2011-03-15,32.23,32.39,32.23,32.39,6400,32.26
2011-03-14,32.59,32.59,32.59,32.59,000,32.46
2011-03-11,32.49,32.59,32.49,32.59,1300,32.46
2011-03-10,32.66,32.66,32.66,32.66,200,32.53
2011-03-09,32.95,32.95,32.90,32.93,2100,32.80
2011-03-08,33.00,33.00,32.98,32.98,1400,32.85
2011-03-07,31.94,32.99,31.94,32.74,1200,32.61
2011-03-04,33.08,33.08,32.86,32.92,9700,32.79
2011-03-03,32.99,33.06,32.99,33.05,1200,32.92
2011-03-02,32.79,32.79,32.77,32.77,2000,32.64
2011-03-01,33.11,33.11,32.97,32.97,500,32.84
2011-02-28,33.05,33.05,33.02,33.02,400,32.89
2011-02-25,32.76,32.91,32.76,32.90,7600,32.77
2011-02-24,32.60,32.60,32.60,32.60,200,32.47
2011-02-23,32.54,32.65,32.54,32.65,2100,32.52
2011-02-22,33.01,33.01,32.75,32.75,13300,32.62
2011-02-18,33.06,33.06,33.06,33.06,300,32.93
2011-02-17,32.95,33.09,32.95,33.09,4900,32.96
2011-02-16,32.91,32.92,32.91,32.92,600,32.79
2011-02-15,32.84,32.84,32.80,32.80,2200,32.67
2011-02-14,32.84,32.87,32.84,32.87,4000,32.74
2011-02-11,32.65,32.83,32.65,32.83,1400,32.70
2011-02-10,32.58,32.66,32.58,32.66,1500,32.53
2011-02-09,32.70,32.72,32.68,32.72,1200,32.59
2011-02-08,32.78,32.78,32.68,32.73,3300,32.60
2011-02-07,32.55,32.71,32.55,32.69,4700,32.56
2011-02-04,32.48,32.55,32.48,32.55,1900,32.42
2011-02-03,32.53,32.61,32.53,32.60,1800,32.47
2011-02-02,32.64,32.64,32.64,32.64,4000,32.51
2011-02-01,32.48,32.68,32.48,32.68,6200,32.55
2011-01-31,32.36,32.38,32.36,32.38,800,32.25
2011-01-28,32.62,32.62,32.54,32.54,3400,32.41
2011-01-27,32.53,32.58,32.53,32.58,3100,32.45
2011-01-26,32.52,32.52,32.52,32.52,200,32.39
2011-01-25,32.28,32.38,32.28,32.28,2400,32.15
2011-01-24,32.29,32.38,32.29,32.38,1900,32.25
2011-01-21,32.26,32.26,32.25,32.25,2800,32.12
2011-01-20,32.17,32.17,32.17,32.17,200,32.04
2011-01-19,32.52,32.52,32.35,32.35,1600,32.22
2011-01-18,32.52,32.52,32.47,32.47,1100,32.34
2011-01-14,32.35,32.42,32.35,32.41,9900,32.28
2011-01-13,32.43,32.43,32.30,32.35,45300,32.22
2011-01-12,32.14,32.14,32.14,32.14,000,32.01
2011-01-11,32.13,32.14,32.09,32.14,1600,32.01
2011-01-10,32.05,32.05,31.94,31.94,3500,31.81
2011-01-07,32.00,32.03,32.00,32.03,4900,31.90
2011-01-06,32.19,32.19,32.07,32.09,2200,31.96
2011-01-05,31.98,32.21,31.98,32.16,37400,32.03
2011-01-04,32.17,32.19,32.12,32.12,700,31.99
2011-01-03,32.04,32.04,32.04,32.04,000,31.91
2010-12-31,32.07,32.09,32.04,32.04,1400,31.91
2010-12-30,32.00,32.00,31.96,32.00,900,31.87
2010-12-29,31.95,31.95,31.95,31.95,2800,31.82
2010-12-28,31.92,31.92,31.92,31.92,200,31.79
2010-12-27,31.88,31.88,31.88,31.88,500,31.75
2010-12-23,32.43,32.43,32.43,32.43,000,31.78
2010-12-22,32.43,32.43,32.43,32.43,200,31.78
2010-12-21,32.36,32.40,32.36,32.40,800,31.75
2010-12-20,32.36,32.36,32.25,32.26,7800,31.62
2010-12-17,32.14,32.14,32.14,32.14,000,31.50
2010-12-16,31.99,32.14,31.99,32.14,1600,31.50
2010-12-15,32.07,32.17,32.06,32.17,1400,31.53
2010-12-14,32.15,32.15,32.15,32.15,100,31.51
2010-12-13,32.24,32.30,32.24,32.30,1100,31.65
2010-12-10,32.03,32.03,32.03,32.03,000,31.39
2010-12-09,32.03,32.05,32.03,32.03,2400,31.39
2010-12-08,31.92,31.98,31.92,31.98,500,31.34
2010-12-07,32.20,32.20,32.02,32.02,1700,31.38
2010-12-06,32.03,32.06,32.01,32.02,1200,31.38
2010-12-03,31.97,32.07,31.94,32.07,2300,31.43
2010-12-02,31.91,31.91,31.91,31.91,600,31.27
2010-12-01,31.76,31.76,31.76,31.76,100,31.13
2010-11-30,31.49,31.49,31.49,31.49,000,30.86
2010-11-29,31.34,31.49,31.34,31.49,1000,30.86
2010-11-26,31.59,31.59,31.59,31.59,200,30.96
2010-11-24,31.70,31.70,31.69,31.69,1500,31.06
2010-11-23,31.45,31.45,31.45,31.45,200,30.82
2010-11-22,31.62,31.62,31.62,31.62,200,30.99
2010-11-19,31.71,31.71,31.71,31.71,600,31.08
2010-11-18,31.58,31.73,31.58,31.72,1400,31.09
2010-11-17,31.43,31.49,31.41,31.44,9000,30.81
2010-11-16,31.76,31.76,31.76,31.76,000,31.13
2010-11-15,31.76,31.76,31.76,31.76,000,31.13
2010-11-12,31.83,31.83,31.76,31.76,2000,31.13
2010-11-11,31.97,32.03,31.91,32.03,900,31.39
2010-11-10,32.12,32.12,32.12,32.12,500,31.48
2010-11-09,32.29,32.29,32.29,32.29,000,31.64
2010-11-08,32.27,32.29,32.27,32.29,1200,31.64
2010-11-05,32.37,32.37,32.31,32.31,1900,31.66
2010-11-04,32.14,32.25,32.14,32.25,600,31.61
2010-11-03,31.81,31.81,31.81,31.81,200,31.17
2010-11-02,31.82,31.83,31.80,31.82,3000,31.18
2010-11-01,31.62,31.62,31.60,31.60,1700,30.97
2010-10-29,31.62,31.62,31.62,31.62,700,30.99
2010-10-28,31.59,31.59,31.59,31.59,300,30.96
2010-10-27,31.43,31.53,31.43,31.53,2400,30.90
2010-10-26,31.60,31.60,31.59,31.59,400,30.96
2010-10-25,31.81,31.81,31.81,31.81,200,31.17
2010-10-22,31.62,31.62,31.62,31.62,200,30.99
2010-10-21,31.54,31.54,31.54,31.54,000,30.91
2010-10-20,31.54,31.54,31.54,31.54,000,30.91
2010-10-19,31.54,31.54,31.54,31.54,000,30.91
2010-10-18,31.54,31.54,31.54,31.54,000,30.91
2010-10-15,31.54,31.54,31.54,31.54,000,30.91
2010-10-14,31.67,31.67,31.54,31.54,400,30.91
2010-10-13,31.59,31.59,31.59,31.59,100,30.96
2010-10-12,31.42,31.43,31.35,31.43,1500,30.80
2010-10-11,31.48,31.48,31.48,31.48,300,30.85
2010-10-08,31.41,31.41,31.35,31.35,900,30.72
2010-10-07,31.42,31.42,31.42,31.42,100,30.79
2010-10-06,31.34,31.34,31.31,31.31,300,30.68
2010-10-05,31.10,31.12,31.08,31.12,2200,30.50
2010-10-04,30.84,30.84,30.84,30.84,1100,30.22
2010-10-01,31.08,31.08,30.93,30.93,900,30.31
2010-09-30,30.98,30.98,30.96,30.96,1000,30.34
2010-09-29,31.01,31.03,30.93,30.96,1300,30.34
2010-09-28,30.92,30.92,30.70,30.70,700,30.09
2010-09-27,31.54,31.54,30.88,30.95,1200,30.33
2010-09-24,30.77,30.89,30.77,30.89,1100,30.27
2010-09-23,30.57,30.57,30.57,30.57,1000,29.96
2010-09-22,30.72,30.72,30.72,30.72,1000,30.11
2010-09-21,30.68,30.68,30.68,30.68,000,30.07
2010-09-20,30.65,30.68,30.65,30.68,200,30.07
2010-09-17,30.44,30.44,30.44,30.44,200,29.83
2010-09-16,30.39,30.41,30.39,30.41,800,29.80
2010-09-15,30.49,30.53,30.49,30.53,900,29.92
2010-09-14,30.42,30.50,30.42,30.50,2300,29.89
2010-09-13,30.36,30.36,30.36,30.36,200,29.75
2010-09-10,30.16,30.16,30.16,30.16,300,29.56
2010-09-09,30.19,30.19,30.04,30.09,1300,29.49
2010-09-08,30.14,30.15,30.14,30.15,400,29.55
2010-09-07,30.01,30.02,30.01,30.01,2000,29.41
2010-09-03,29.87,29.87,29.87,29.87,000,29.27
2010-09-02,29.87,29.87,29.87,29.87,200,29.27
2010-09-01,29.77,29.77,29.69,29.69,4000,29.10
2010-08-31,29.29,29.29,29.29,29.29,000,28.70
2010-08-30,29.29,29.29,29.29,29.29,000,28.70
2010-08-27,29.29,29.29,29.29,29.29,000,28.70
2010-08-26,29.29,29.29,29.29,29.29,000,28.70
2010-08-25,29.18,29.29,29.18,29.29,5100,28.70
2010-08-24,29.26,29.27,29.26,29.27,1100,28.68
2010-08-23,29.50,29.50,29.50,29.50,000,28.91
2010-08-20,29.50,29.50,29.50,29.50,100,28.91
2010-08-19,29.89,29.89,29.89,29.89,000,29.29
2010-08-18,29.89,29.89,29.89,29.89,000,29.29
2010-08-17,29.89,29.89,29.89,29.89,1200,29.29
2010-08-16,29.60,29.60,29.60,29.60,000,29.01
2010-08-13,29.60,29.60,29.60,29.60,900,29.01
2010-08-12,30.07,30.07,30.07,30.07,000,29.47
2010-08-11,30.07,30.07,30.07,30.07,000,29.47
2010-08-10,30.07,30.07,30.07,30.07,300,29.47
2010-08-09,30.12,30.12,30.12,30.12,000,29.52
2010-08-06,30.30,30.30,30.12,30.12,6300,29.52
2010-08-05,30.28,30.31,30.28,30.31,600,29.70
2010-08-04,30.22,30.22,30.22,30.22,000,29.62
2010-08-03,30.22,30.22,30.22,30.22,4300,29.62
2010-08-02,29.90,29.90,29.90,29.90,000,29.30
2010-07-30,29.90,29.90,29.90,29.90,100,29.30
2010-07-29,29.93,29.93,29.93,29.93,000,29.33
2010-07-28,29.98,29.99,29.92,29.93,1600,29.33
2010-07-27,30.01,30.01,30.01,30.01,100,29.41
2010-07-26,29.64,29.64,29.64,29.64,000,29.05
2010-07-23,29.64,29.64,29.64,29.64,000,29.05
2010-07-22,29.50,29.64,29.50,29.64,1100,29.05
2010-07-21,29.46,29.46,29.46,29.46,300,28.87
2010-07-20,29.15,29.18,29.15,29.18,1900,28.60
2010-07-19,29.19,29.19,29.19,29.19,300,28.61
2010-07-16,29.27,29.27,29.18,29.18,1000,28.60
2010-07-15,29.56,29.56,29.56,29.56,000,28.97
2010-07-14,29.56,29.56,29.56,29.56,600,28.97
2010-07-13,29.60,29.63,29.60,29.63,400,29.04
2010-07-12,29.28,29.28,29.28,29.28,200,28.69
2010-07-09,29.20,29.28,29.20,29.28,500,28.69
2010-07-08,28.77,28.77,28.77,28.77,000,28.19
2010-07-07,28.78,28.78,28.77,28.77,11400,28.19
2010-07-06,28.46,28.46,28.46,28.46,000,27.89
2010-07-02,28.46,28.48,28.46,28.46,700,27.89
2010-07-01,28.63,28.65,28.63,28.65,1100,28.08
2010-06-30,28.72,28.72,28.70,28.70,400,28.13
2010-06-29,29.25,29.25,29.25,29.25,000,28.67
2010-06-28,29.29,29.30,29.25,29.25,400,28.67
2010-06-25,29.40,29.40,29.40,29.40,000,28.81
2010-06-24,29.40,29.40,29.40,29.40,000,28.81
2010-06-23,30.15,31.00,29.40,29.40,500,28.81
2010-06-22,29.72,29.73,29.51,29.52,5000,28.93
2010-06-21,29.73,29.73,29.73,29.73,000,29.14
2010-06-18,29.69,29.73,29.69,29.73,4500,29.14
2010-06-17,29.65,29.65,29.65,29.65,1000,29.06
2010-06-16,29.69,29.69,29.67,29.68,800,29.09
2010-06-15,29.40,29.45,29.40,29.45,1500,28.86
2010-06-14,29.40,29.40,29.37,29.37,200,28.78
2010-06-11,28.94,28.94,28.94,28.94,600,28.36
2010-06-10,28.98,29.16,28.98,29.16,4000,28.58
2010-06-09,28.74,28.74,28.74,28.74,200,28.17
2010-06-08,28.61,28.61,28.61,28.61,100,28.04
2010-06-07,28.83,28.83,28.83,28.83,000,28.25
2010-06-04,28.83,28.83,28.83,28.83,100,28.25
2010-06-03,29.11,29.11,29.11,29.11,000,28.53
2010-06-02,29.11,29.11,29.11,29.11,000,28.53
2010-06-01,29.11,29.11,29.11,29.11,200,28.53
2010-05-28,29.31,29.31,29.31,29.31,000,28.72
2010-05-27,29.31,29.31,29.31,29.31,100,28.72
2010-05-26,28.95,28.95,28.95,28.95,2700,28.37
2010-05-25,29.12,29.12,29.12,29.12,000,28.54
2010-05-24,29.12,29.12,29.12,29.12,1400,28.54
2010-05-21,28.67,29.04,28.67,29.04,700,28.46
2010-05-20,29.00,29.01,28.91,29.01,8700,28.43
2010-05-19,29.78,29.78,29.78,29.78,000,29.18
2010-05-18,29.78,29.78,29.78,29.78,1600,29.18
2010-05-17,29.83,29.83,29.59,29.62,2500,29.03
2010-05-14,29.98,29.98,29.71,29.71,7900,29.12
2010-05-13,30.18,30.18,30.12,30.12,1100,29.52
2010-05-12,30.11,30.30,30.11,30.30,1500,29.69
2010-05-11,29.87,29.87,29.87,29.87,200,29.27
2010-05-10,30.16,30.16,29.98,29.98,2600,29.38
2010-05-07,29.55,29.55,29.47,29.47,600,28.88
2010-05-06,26.95,29.54,26.95,29.54,500,28.95
2010-05-05,30.24,30.24,30.24,30.24,000,29.64
2010-05-04,30.29,30.29,30.24,30.24,900,29.64
2010-05-03,30.54,30.66,30.54,30.66,1500,30.05
2010-04-30,30.79,30.79,30.53,30.54,6600,29.93
2010-04-29,30.79,30.79,30.79,30.79,200,30.17
2010-04-28,30.57,30.57,30.50,30.50,400,29.89
2010-04-27,30.80,30.80,30.51,30.51,500,29.90
2010-04-26,30.90,30.90,30.90,30.90,200,30.28
2010-04-23,30.80,30.94,30.80,30.94,600,30.32
2010-04-22,30.65,30.66,30.65,30.66,500,30.05
2010-04-21,30.75,30.75,30.75,30.75,000,30.14
2010-04-20,30.75,30.75,30.75,30.75,200,30.14
2010-04-19,30.51,30.54,30.49,30.49,37700,29.88
2010-04-16,30.81,30.81,30.53,30.53,3200,29.92
2010-04-15,30.78,30.78,30.78,30.78,000,30.16
2010-04-14,30.78,30.78,30.78,30.78,300,30.16
2010-04-13,30.65,30.65,30.65,30.65,000,30.04
2010-04-12,30.63,30.65,30.63,30.65,400,30.04
2010-04-09,29.52,29.52,29.52,29.52,200,28.93
2010-04-08,30.25,30.25,30.25,30.25,400,29.65
2010-04-07,30.34,30.34,30.34,30.34,700,29.73
2010-04-06,30.38,30.38,30.38,30.38,100,29.77
2010-04-05,30.42,30.42,30.33,30.33,800,29.72
2010-04-01,30.21,30.21,30.21,30.21,000,29.61
2010-03-31,30.21,30.21,30.21,30.21,5000,29.61
2010-03-30,30.25,30.25,30.21,30.23,1000,29.63
2010-03-29,30.18,30.19,30.16,30.16,400,29.56
2010-03-26,30.20,30.20,30.20,30.20,000,29.60
2010-03-25,30.20,30.20,30.20,30.20,000,29.60
2010-03-24,30.20,30.20,30.20,30.20,000,29.60
2010-03-23,30.22,30.22,30.20,30.20,1200,29.60
2010-03-22,29.97,30.20,29.97,30.20,4200,29.60
2010-03-19,30.19,30.19,30.19,30.19,000,29.59
2010-03-18,30.19,30.19,30.19,30.19,400,29.59
2010-03-17,30.22,30.23,30.14,30.23,6500,29.63
2010-03-16,29.98,30.07,29.98,30.00,1300,29.40
2010-03-15,29.90,29.90,29.82,29.89,1500,29.29
2010-03-12,29.95,29.95,29.95,29.95,200,29.35
2010-03-11,29.75,29.75,29.75,29.75,000,29.16
2010-03-10,29.73,29.75,29.73,29.75,2200,29.16
2010-03-09,29.69,29.76,29.69,29.74,2100,29.15
2010-03-08,29.47,29.47,29.47,29.47,000,28.88
2010-03-05,29.47,29.47,29.47,29.47,000,28.88
2010-03-04,29.47,29.47,29.47,29.47,500,28.88
2010-03-03,29.43,29.43,29.39,29.39,1700,28.80
2010-03-02,29.39,29.39,29.39,29.39,500,28.80
2010-03-01,29.30,29.30,29.29,29.29,4000,28.70
2010-02-26,28.83,28.83,28.83,28.83,000,28.25
2010-02-25,28.82,28.83,28.82,28.83,1200,28.25
2010-02-24,29.08,29.08,29.08,29.08,500,28.50
2010-02-23,29.11,29.11,29.11,29.11,000,28.53
2010-02-22,29.18,29.18,29.11,29.11,500,28.53
2010-02-19,28.99,28.99,28.99,28.99,000,28.41
2010-02-18,28.99,28.99,28.99,28.99,1100,28.41
2010-02-17,29.00,29.00,29.00,29.00,1500,28.42
2010-02-16,28.93,28.94,28.93,28.94,2800,28.36
2010-02-12,28.60,28.60,28.60,28.60,000,28.03
2010-02-11,28.37,28.60,28.37,28.60,5300,28.03
2010-02-10,28.33,28.33,28.33,28.33,000,27.76
2010-02-09,28.33,28.33,28.33,28.33,000,27.76
2010-02-08,28.33,28.33,28.33,28.33,100,27.76
2010-02-05,28.39,28.39,28.12,28.34,1200,27.77
2010-02-04,28.51,28.51,28.51,28.51,200,27.94
2010-02-03,28.84,28.87,28.83,28.87,700,28.29
2010-02-02,29.09,29.09,29.09,29.09,200,28.51
2010-02-01,27.97,28.82,27.97,28.82,1100,28.24
2010-01-29,28.83,28.83,28.83,28.83,400,28.25
2010-01-28,28.70,28.84,28.70,28.84,4100,28.26
2010-01-27,28.90,28.90,28.87,28.87,300,28.29
2010-01-26,28.94,29.10,28.94,29.10,1200,28.52
2010-01-25,29.11,29.11,29.11,29.11,500,28.53
2010-01-22,29.10,29.10,29.10,29.10,200,28.52
2010-01-21,29.45,29.45,29.38,29.38,900,28.79
2010-01-20,29.73,29.74,29.59,29.65,9500,29.06
2010-01-19,29.88,29.88,29.87,29.88,2100,29.28
2010-01-15,29.85,29.85,29.60,29.60,1300,29.01
2010-01-14,29.81,29.86,29.81,29.86,900,29.26
2010-01-13,29.65,29.70,29.62,29.70,4400,29.11
2010-01-12,29.76,29.76,29.76,29.76,000,29.17
2010-01-11,29.76,29.76,29.76,29.76,000,29.17
2010-01-08,29.68,29.76,29.68,29.76,11600,29.17
2010-01-07,29.65,29.65,29.65,29.65,200,29.06
2010-01-06,29.63,29.63,29.56,29.56,400,28.97
2010-01-05,29.53,29.53,29.53,29.53,000,28.94
2010-01-04,29.54,29.54,29.48,29.53,600,28.94
2009-12-31,29.17,29.36,29.16,29.24,5700,28.66
2009-12-30,29.34,29.36,29.34,29.36,2800,28.77
2009-12-29,28.45,29.41,28.45,29.41,600,28.82
2009-12-28,29.38,29.38,29.38,29.38,600,28.79
2009-12-24,29.74,29.74,29.74,29.74,000,29.15
2009-12-23,29.74,29.74,29.74,29.74,000,29.15
2009-12-22,29.62,29.74,29.62,29.74,3300,29.15
2009-12-21,29.70,29.70,29.70,29.70,200,29.11
2009-12-18,29.51,29.51,29.51,29.51,900,28.92
2009-12-17,29.65,29.65,29.65,29.65,000,29.06
2009-12-16,29.65,29.65,29.65,29.65,000,29.06
2009-12-15,29.64,29.73,29.64,29.65,1100,29.06
2009-12-14,29.71,29.73,29.71,29.73,1400,29.14
2009-12-11,29.36,29.36,29.36,29.36,000,28.77
2009-12-10,29.36,29.36,29.36,29.36,000,28.77
2009-12-09,29.36,29.36,29.36,29.36,500,28.77
2009-12-08,29.54,29.54,29.54,29.54,200,28.95
2009-12-07,29.63,29.63,29.63,29.63,000,29.04
2009-12-04,29.79,29.83,29.63,29.63,1800,29.04
2009-12-03,29.72,29.72,29.72,29.72,200,29.13
2009-12-02,29.83,29.83,29.80,29.80,900,29.20
2009-12-01,29.73,29.73,29.70,29.70,700,29.11
2009-11-30,29.12,29.12,29.12,29.12,000,28.54
2009-11-27,29.12,29.12,29.12,29.12,100,28.54
2009-11-25,29.66,29.66,29.66,29.66,100,29.07
2009-11-24,29.62,29.62,29.62,29.62,000,29.03
2009-11-23,29.64,29.64,29.62,29.62,500,29.03
2009-11-20,29.64,29.64,29.64,29.64,000,29.05
2009-11-19,29.64,29.64,29.64,29.64,000,29.05
2009-11-18,29.64,29.64,29.64,29.64,200,29.05
2009-11-17,29.65,29.65,29.65,29.65,1300,29.06
2009-11-16,29.77,29.77,29.77,29.77,3000,29.17
2009-11-13,29.41,29.41,29.41,29.41,000,28.82
2009-11-12,29.41,29.41,29.41,29.41,400,28.82
2009-11-11,29.52,29.52,29.52,29.52,200,28.93
2009-11-10,29.31,29.31,29.31,29.31,200,28.72
2009-11-09,29.28,29.28,29.28,29.28,200,28.69
2009-11-06,28.87,28.87,28.84,28.84,400,28.26
2009-11-05,28.39,28.39,28.39,28.39,000,27.82
2009-11-04,28.39,28.39,28.39,28.39,000,27.82
2009-11-03,28.39,28.39,28.39,28.39,000,27.82
2009-11-02,28.39,28.39,28.39,28.39,000,27.82
2009-10-30,28.60,28.60,28.39,28.39,300,27.82
2009-10-29,28.81,28.81,28.81,28.81,200,28.23
2009-10-28,28.79,28.79,28.49,28.49,1000,27.92
2009-10-27,29.00,29.00,29.00,29.00,100,28.42
2009-10-26,28.99,28.99,28.99,28.99,200,28.41
2009-10-23,29.27,29.27,29.27,29.27,000,28.68
2009-10-22,29.27,29.27,29.27,29.27,000,28.68
2009-10-21,29.48,29.50,29.27,29.27,1100,28.68
2009-10-20,29.48,29.48,29.31,29.41,800,28.82
2009-10-19,29.48,29.48,29.35,29.42,2500,28.83
2009-10-16,29.29,29.29,29.27,29.29,800,28.70
2009-10-15,29.44,29.44,29.44,29.44,1000,28.85
2009-10-14,29.34,29.34,29.34,29.34,200,28.75
2009-10-13,29.08,29.08,29.08,29.08,100,28.50
2009-10-12,29.26,29.26,29.26,29.26,100,28.68
2009-10-09,28.83,28.83,28.83,28.83,000,28.25
2009-10-08,28.83,28.83,28.83,28.83,000,28.25
2009-10-07,28.83,28.83,28.83,28.83,200,28.25
2009-10-06,28.74,28.74,28.65,28.65,1000,28.08
2009-10-05,28.45,28.45,28.45,28.45,000,27.88
2009-10-02,28.45,28.45,28.45,28.45,000,27.88
2009-10-01,28.45,28.45,28.45,28.45,200,27.88
2009-09-30,28.89,28.89,28.89,28.89,000,28.31
2009-09-29,28.89,28.89,28.89,28.89,600,28.31
2009-09-28,28.77,28.90,28.77,28.90,300,28.32
2009-09-25,28.50,28.50,28.50,28.50,300,27.93
2009-09-24,29.10,29.10,29.10,29.10,000,28.52
2009-09-23,29.10,29.10,29.10,29.10,1000,28.52
2009-09-22,29.09,29.09,29.05,29.05,300,28.47
2009-09-21,28.91,28.91,28.91,28.91,000,28.33
2009-09-18,29.07,29.07,28.91,28.91,2000,28.33
2009-09-17,29.00,29.00,29.00,29.00,200,28.42
2009-09-16,28.91,28.91,28.85,28.85,1200,28.27
2009-09-15,28.69,28.69,28.69,28.69,700,28.12
2009-09-14,28.58,28.58,28.58,28.58,000,28.01
2009-09-11,28.43,28.59,28.43,28.58,1300,28.01
2009-09-10,28.13,28.13,28.13,28.13,000,27.57
2009-09-09,28.13,28.13,28.13,28.13,000,27.57
2009-09-08,28.13,28.13,28.13,28.13,1800,27.57
2009-09-04,27.63,27.63,27.63,27.63,000,27.08
2009-09-03,27.63,27.63,27.63,27.63,000,27.08
2009-09-02,27.63,27.63,27.63,27.63,000,27.08
2009-09-01,27.63,27.63,27.63,27.63,400,27.08
2009-08-31,27.88,27.88,27.88,27.88,000,27.32
2009-08-28,27.88,27.88,27.88,27.88,000,27.32
2009-08-27,27.88,27.88,27.88,27.88,100,27.32
2009-08-26,28.08,28.08,28.08,28.08,000,27.52
2009-08-25,28.22,28.22,28.01,28.08,16600,27.52
2009-08-24,28.08,28.08,28.08,28.08,100,27.52
2009-08-21,27.99,27.99,27.98,27.98,300,27.42
2009-08-20,27.67,27.67,27.67,27.67,5000,27.12
2009-08-19,27.08,27.08,27.08,27.08,000,26.54
2009-08-18,27.08,27.08,27.08,27.08,000,26.54
2009-08-17,27.08,27.08,27.08,27.08,5000,26.54
2009-08-14,27.55,27.55,27.55,27.55,000,27.00
2009-08-13,27.55,27.55,27.55,27.55,000,27.00
2009-08-12,27.55,27.55,27.55,27.55,200,27.00
2009-08-11,27.42,27.42,27.37,27.37,1700,26.82
2009-08-10,27.56,27.56,27.56,27.56,000,27.01
2009-08-07,27.56,27.56,27.56,27.56,100,27.01
2009-08-06,27.49,27.49,27.49,27.49,000,26.94
2009-08-05,27.52,27.52,27.49,27.49,200,26.94
2009-08-04,27.51,27.51,27.51,27.51,300,26.96
2009-08-03,27.39,27.49,27.38,27.48,2200,26.93
2009-07-31,26.95,26.95,26.95,26.95,000,26.41
2009-07-30,26.95,26.95,26.95,26.95,000,26.41
2009-07-29,26.95,26.95,26.95,26.95,000,26.41
2009-07-28,26.93,26.95,26.86,26.95,2000,26.41
2009-07-27,26.94,27.01,26.94,27.01,1000,26.47
2009-07-24,26.91,26.91,26.91,26.91,000,26.37
2009-07-23,26.92,26.92,26.91,26.91,400,26.37
2009-07-22,26.42,26.42,26.42,26.42,000,25.89
2009-07-21,26.42,26.42,26.42,26.42,000,25.89
2009-07-20,26.41,26.42,26.41,26.42,900,25.89
2009-07-17,26.35,26.35,26.35,26.35,300,25.82
2009-07-16,26.11,26.11,26.11,26.11,000,25.59
2009-07-15,26.11,26.11,26.11,26.11,800,25.59
2009-07-14,25.67,25.67,25.67,25.67,1000,25.16
2009-07-13,25.22,25.22,25.22,25.22,000,24.72
2009-07-10,25.22,25.22,25.22,25.22,200,24.72
2009-07-09,25.34,25.34,25.34,25.34,600,24.83
2009-07-08,25.30,25.30,25.30,25.30,000,24.79
2009-07-07,25.30,25.30,25.30,25.30,200,24.79
2009-07-06,25.30,25.30,25.30,25.30,200,24.79
2009-07-02,25.99,25.99,25.99,25.99,000,25.47
2009-07-01,26.04,26.05,25.99,25.99,600,25.47
2009-06-30,25.91,25.91,25.91,25.91,200,25.39
2009-06-29,25.91,25.91,25.91,25.91,000,25.39
2009-06-26,25.82,25.91,25.82,25.91,600,25.39
2009-06-25,25.81,25.81,25.81,25.81,400,25.29
2009-06-24,25.53,25.53,25.53,25.53,1600,25.02
2009-06-23,25.50,25.50,25.37,25.37,1800,24.86
2009-06-22,25.66,25.66,25.66,25.66,000,25.15
2009-06-19,25.66,25.66,25.66,25.66,000,25.15
2009-06-18,25.66,25.66,25.66,25.66,000,25.15
2009-06-17,25.66,25.66,25.66,25.66,000,25.15
2009-06-16,25.91,25.91,25.63,25.66,7000,25.15
2009-06-15,26.25,26.25,26.25,26.25,000,25.73
2009-06-12,26.25,26.25,26.25,26.25,300,25.73
2009-06-11,26.39,26.39,26.39,26.39,2300,25.86
2009-06-10,26.21,26.21,26.21,26.21,000,25.69
2009-06-09,26.21,26.21,26.21,26.21,500,25.69
2009-06-08,25.90,25.90,25.81,25.81,800,25.29
2009-06-05,26.06,26.06,26.01,26.01,1600,25.49
2009-06-04,26.34,26.34,26.34,26.34,000,25.81
2009-06-03,26.34,26.34,26.34,26.34,000,25.81
2009-06-02,26.24,26.34,26.23,26.34,1900,25.81
2009-06-01,26.16,26.17,26.16,26.17,500,25.65
2009-05-29,25.57,25.57,25.57,25.57,000,25.06
2009-05-28,25.39,25.57,25.39,25.57,400,25.06
2009-05-27,25.65,25.68,25.65,25.68,1200,25.17
2009-05-26,24.32,25.67,24.32,25.67,400,25.16
2009-05-22,25.46,25.46,25.46,25.46,100,24.95
2009-05-21,25.36,25.36,25.36,25.36,300,24.85
2009-05-20,25.77,25.77,25.77,25.77,000,25.25
2009-05-19,25.77,25.77,25.77,25.77,1000,25.25
2009-05-18,25.51,25.51,25.51,25.51,500,25.00
2009-05-15,25.62,25.62,25.62,25.62,000,25.11
2009-05-14,25.62,25.62,25.62,25.62,000,25.11
2009-05-13,25.62,25.62,25.62,25.62,000,25.11
2009-05-12,25.62,25.62,25.62,25.62,1100,25.11
2009-05-11,25.55,25.55,25.55,25.55,100,25.04
2009-05-08,25.79,25.79,25.79,25.79,500,25.27
2009-05-07,25.54,25.54,25.54,25.54,000,25.03
2009-05-06,25.54,25.54,25.54,25.54,5400,25.03
2009-05-05,25.40,25.40,25.39,25.40,400,24.89
2009-05-04,25.38,25.38,25.30,25.30,1000,24.79
2009-05-01,25.00,25.00,25.00,25.00,000,24.50
2009-04-30,25.00,25.00,25.00,25.00,1200,24.50
2009-04-29,24.89,24.89,24.89,24.89,000,24.39
2009-04-28,24.89,24.89,24.89,24.89,000,24.39
2009-04-27,24.89,24.89,24.89,24.89,000,24.39
2009-04-24,24.74,24.89,24.74,24.89,800,24.39
2009-04-23,24.59,24.59,24.53,24.53,3800,24.04
2009-04-22,24.60,24.60,24.60,24.60,500,24.11
2009-04-21,24.40,24.40,24.40,24.40,200,23.91
2009-04-20,24.32,24.32,24.32,24.32,100,23.83
2009-04-17,24.80,24.80,24.80,24.80,400,24.30
2009-04-16,24.35,24.35,24.35,24.35,000,23.86
2009-04-15,24.35,24.35,24.35,24.35,000,23.86
2009-04-14,24.35,24.35,24.35,24.35,000,23.86
2009-04-13,24.35,24.35,24.35,24.35,000,23.86
2009-04-09,24.35,24.35,24.35,24.35,400,23.86
2009-04-08,23.78,23.78,23.78,23.78,000,23.30
2009-04-07,23.78,23.78,23.78,23.78,000,23.30
2009-04-06,23.78,23.78,23.78,23.78,000,23.30
2009-04-03,23.78,23.78,23.78,23.78,000,23.30
2009-04-02,23.78,23.78,23.78,23.78,000,23.30
2009-04-01,23.78,23.78,23.78,23.78,000,23.30
2009-03-31,23.68,23.78,23.68,23.78,1000,23.30
2009-03-30,23.87,23.87,23.87,23.87,000,23.39
2009-03-27,23.92,23.92,23.87,23.87,2200,23.39
2009-03-26,24.03,24.05,24.03,24.05,4900,23.57
2009-03-25,23.80,23.80,23.80,23.80,200,23.32
2009-03-24,24.75,24.75,24.75,24.75,200,24.26
2009-03-23,23.58,23.58,23.58,23.58,100,23.11
2009-03-20,23.51,23.51,23.51,23.51,400,23.04
2009-03-19,23.69,23.78,23.69,23.72,7200,23.25
2009-03-18,23.12,23.12,23.12,23.12,000,22.66
2009-03-17,23.12,23.12,23.12,23.12,200,22.66
2009-03-16,23.13,23.19,23.01,23.01,7500,22.55
2009-03-13,22.52,22.52,22.52,22.52,000,22.07
2009-03-12,22.52,22.52,22.52,22.52,000,22.07
2009-03-11,22.52,22.52,22.52,22.52,200,22.07
2009-03-10,22.00,22.00,22.00,22.00,000,21.56
2009-03-09,22.00,22.00,22.00,22.00,000,21.56
2009-03-06,22.00,22.00,22.00,22.00,000,21.56
2009-03-05,22.00,22.00,21.91,22.00,1500,21.56
2009-03-04,22.33,22.33,22.20,22.20,500,21.76
2009-03-03,23.15,23.15,23.15,23.15,900,22.69
2009-03-02,23.15,23.15,23.15,23.15,000,22.69
2009-02-27,23.15,23.15,23.15,23.15,000,22.69
2009-02-26,23.15,23.15,23.15,23.15,1000,22.69
2009-02-25,23.02,23.02,23.02,23.02,200,22.56
2009-02-24,23.37,23.37,23.37,23.37,000,22.90
2009-02-23,23.37,23.37,23.37,23.37,000,22.90
2009-02-20,23.37,23.37,23.37,23.37,000,22.90
2009-02-19,23.37,23.37,23.37,23.37,500,22.90
2009-02-18,24.11,24.11,24.11,24.11,000,23.63
2009-02-17,24.11,24.11,24.11,24.11,000,23.63
2009-02-13,24.11,24.11,24.11,24.11,000,23.63
2009-02-12,24.11,24.11,24.11,24.11,000,23.63
2009-02-11,24.11,24.11,24.11,24.11,1000,23.63
2009-02-10,24.09,24.09,24.09,24.09,400,23.61
2009-02-09,24.21,24.21,24.21,24.21,000,23.73
2009-02-06,24.21,24.21,24.21,24.21,000,23.73
2009-02-05,24.21,24.21,24.21,24.21,000,23.73
2009-02-04,24.21,24.21,24.21,24.21,600,23.73
2009-02-03,24.06,24.06,24.06,24.06,400,23.58
2009-02-02,24.10,24.10,24.10,24.10,000,23.62
2009-01-30,24.10,24.10,24.10,24.10,100,23.62
2009-01-29,24.24,24.26,24.24,24.26,900,23.78
2009-01-28,24.50,24.63,24.50,24.63,300,24.14
2009-01-27,24.13,24.24,24.13,24.23,2400,23.75
2009-01-26,24.09,24.09,24.09,24.09,300,23.61
2009-01-23,23.99,23.99,23.99,23.99,000,23.51
2009-01-22,25.90,25.90,23.99,23.99,500,23.51
2009-01-21,24.64,24.64,24.64,24.64,000,24.15
2009-01-20,24.64,24.64,24.64,24.64,000,24.15
2009-01-16,24.64,24.64,24.64,24.64,000,24.15
2009-01-15,24.64,24.64,24.64,24.64,000,24.15
2009-01-14,24.64,24.64,24.64,24.64,000,24.15
2009-01-13,24.64,24.64,24.64,24.64,600,24.15
2009-01-12,24.73,24.73,24.73,24.73,800,24.24
2009-01-09,26.12,26.12,26.12,26.12,000,25.60
2009-01-08,26.12,26.12,26.12,26.12,100,25.60
2009-01-07,25.73,25.73,25.73,25.73,000,25.22
2009-01-06,25.71,25.73,25.70,25.73,5000,25.22
2009-01-05,25.73,25.73,25.73,25.73,600,25.22
2009-01-02,25.02,25.02,25.02,25.02,000,24.52
2008-12-31,25.02,25.02,25.02,25.02,000,24.52
2008-12-30,25.02,25.02,25.02,25.02,100,24.52
2008-12-29,25.37,25.37,25.37,25.37,000,24.86
2008-12-26,25.37,25.37,25.37,25.37,000,24.86
2008-12-24,25.37,25.37,25.37,25.37,000,24.68
2008-12-23,25.37,25.37,25.37,25.37,000,24.68
2008-12-22,25.37,25.37,25.37,25.37,000,24.68
2008-12-19,25.37,25.37,25.37,25.37,000,24.68
2008-12-18,25.37,25.37,25.37,25.37,000,24.68
2008-12-17,25.37,25.37,25.37,25.37,100,24.68
2008-12-16,24.47,24.47,24.47,24.47,000,23.80
2008-12-15,24.47,24.47,24.47,24.47,5200,23.80
2008-12-12,24.72,24.72,24.43,24.43,4000,23.77
2008-12-11,25.20,25.20,25.20,25.20,000,24.51
2008-12-10,25.20,25.20,25.20,25.20,000,24.51
2008-12-09,25.20,25.20,25.20,25.20,100,24.51
2008-12-08,23.95,23.95,23.95,23.95,000,23.30
2008-12-05,23.95,23.95,23.95,23.95,000,23.30
2008-12-04,23.95,23.95,23.95,23.95,000,23.30
2008-12-03,23.95,23.95,23.95,23.95,000,23.30
2008-12-02,23.95,23.95,23.95,23.95,000,23.30
2008-12-01,23.95,23.95,23.95,23.95,1000,23.30
2008-11-28,23.85,23.85,23.85,23.85,000,23.20
2008-11-26,23.85,23.85,23.85,23.85,000,23.20
2008-11-25,23.85,23.85,23.85,23.85,100,23.20
2008-11-24,24.52,24.52,24.52,24.52,000,23.85
2008-11-21,24.52,24.52,24.52,24.52,000,23.85
2008-11-20,24.52,24.52,24.52,24.52,000,23.85
2008-11-19,24.52,24.52,24.52,24.52,000,23.85
2008-11-18,24.52,24.52,24.52,24.52,000,23.85
2008-11-17,24.52,24.52,24.52,24.52,000,23.85
2008-11-14,24.52,24.52,24.52,24.52,000,23.85
2008-11-13,24.52,24.52,24.52,24.52,5000,23.85