2011-05-10,49.81,50.00,49.63,49.82,1700,49.82
2011-05-09,48.65,48.65,48.18,48.53,900,48.53
2011-05-06,48.66,48.66,47.87,47.87,1700,47.87
2011-05-05,47.97,47.97,47.50,47.50,400,47.50
2011-05-04,47.81,48.42,47.81,48.25,4200,48.25
2011-05-03,48.08,48.92,48.08,48.50,1400,48.50
2011-05-02,48.58,48.58,47.96,48.08,4600,48.08
2011-04-29,48.05,48.21,47.87,48.21,4100,48.21
2011-04-28,47.18,48.00,47.18,47.99,3000,47.99
2011-04-27,46.69,47.19,46.69,47.19,1400,47.19
2011-04-26,46.25,46.45,46.25,46.35,1900,46.35
2011-04-25,45.69,45.73,45.52,45.52,500,45.52
2011-04-21,45.69,45.69,45.27,45.48,7900,45.48
2011-04-20,44.78,45.26,44.78,45.26,500,45.26
2011-04-19,44.15,44.15,44.15,44.15,000,44.15
2011-04-18,43.80,44.63,43.80,44.15,1900,44.15
2011-04-15,44.02,45.22,44.02,44.97,2600,44.97
2011-04-14,43.11,43.11,43.11,43.11,900,43.11
2011-04-13,43.75,43.75,43.71,43.71,1800,43.71
2011-04-12,43.70,43.70,43.23,43.41,3900,43.41
2011-04-11,44.78,44.78,43.82,43.88,1800,43.88
2011-04-08,45.30,45.42,44.75,44.85,3000,44.85
2011-04-07,44.94,45.14,44.93,45.12,5900,45.12
2011-04-06,45.56,45.69,45.56,45.69,1000,45.69
2011-04-05,45.29,45.43,45.20,45.43,1700,45.43
2011-04-04,45.52,45.52,45.14,45.29,3000,45.29
2011-04-01,45.12,45.45,45.12,45.45,1100,45.45
2011-03-31,44.48,44.97,44.48,44.92,4000,44.92
2011-03-30,45.00,45.11,44.95,44.95,3000,44.95
2011-03-29,43.16,43.78,42.99,43.78,900,43.78
2011-03-28,43.67,43.97,43.59,43.59,1400,43.59
2011-03-25,43.46,43.48,43.46,43.48,1700,43.48
2011-03-24,43.10,43.10,43.10,43.10,200,43.10
2011-03-23,42.67,43.07,42.52,43.06,4700,43.06
2011-03-22,43.44,43.75,43.44,43.48,2400,43.48
2011-03-21,42.78,43.52,42.78,43.23,6300,43.23
2011-03-18,42.50,42.55,42.12,42.12,1400,42.12
2011-03-17,41.95,42.20,41.35,42.01,5500,42.01
2011-03-16,42.38,42.38,40.99,41.67,3500,41.67
2011-03-15,42.33,43.24,42.33,43.24,8300,43.24
2011-03-14,44.21,44.50,44.12,44.50,8400,44.50
2011-03-11,45.45,45.72,45.09,45.72,1900,45.72
2011-03-10,45.69,45.75,45.42,45.42,1300,45.42
2011-03-09,46.00,46.49,46.00,46.46,4100,46.46
2011-03-08,45.22,45.91,45.22,45.91,3000,45.91
2011-03-07,45.06,45.07,44.78,44.79,700,44.79
2011-03-04,44.96,44.96,44.96,44.96,000,44.96
2011-03-03,44.84,45.00,44.84,44.96,1700,44.96
2011-03-02,43.65,44.10,43.65,43.98,6200,43.98
2011-03-01,44.85,45.00,43.85,43.87,2400,43.87
2011-02-28,44.63,44.63,44.43,44.43,1200,44.43
2011-02-25,43.39,43.66,43.39,43.66,1500,43.66
2011-02-24,43.42,43.42,42.96,42.96,3200,42.96
2011-02-23,43.44,43.82,43.33,43.33,2500,43.33
2011-02-22,43.22,43.88,43.22,43.66,9500,43.66
2011-02-18,43.92,44.06,43.90,44.06,2300,44.06
2011-02-17,44.02,44.08,43.96,43.96,3300,43.96
2011-02-16,43.62,43.74,43.62,43.74,600,43.74
2011-02-15,43.41,43.83,43.41,43.82,5900,43.82
2011-02-14,44.01,44.01,43.24,43.55,8100,43.55
2011-02-11,44.13,44.13,44.06,44.08,700,44.08
2011-02-10,44.08,44.08,43.90,43.91,4300,43.91
2011-02-09,43.73,44.06,43.71,44.06,3300,44.06
2011-02-08,44.05,44.14,44.02,44.02,1400,44.02
2011-02-07,43.97,44.11,43.92,44.11,5600,44.11
2011-02-04,44.10,44.10,43.42,43.47,2400,43.47
2011-02-03,43.60,44.13,43.60,44.13,2400,44.13
2011-02-02,44.33,44.33,43.68,43.69,3100,43.69
2011-02-01,43.67,43.94,43.61,43.94,600,43.94
2011-01-31,43.40,43.40,43.15,43.15,6800,43.15
2011-01-28,44.29,44.29,43.14,43.15,3500,43.15
2011-01-27,43.74,44.33,43.74,44.22,5500,44.22
2011-01-26,44.03,44.03,43.75,43.75,3400,43.75
2011-01-25,44.00,44.28,43.76,44.01,237600,44.01
2011-01-24,43.63,44.43,43.63,44.23,11300,44.23
2011-01-21,44.06,44.06,43.66,43.78,66500,43.78
2011-01-20,43.33,43.98,43.33,43.79,2800,43.79
2011-01-19,43.60,43.60,43.35,43.35,1600,43.35
2011-01-18,43.05,43.54,42.27,43.47,1600,43.47
2011-01-14,43.12,43.35,43.11,43.31,5900,43.31
2011-01-13,42.74,43.00,42.63,42.83,52400,42.83
2011-01-12,43.00,43.19,42.86,42.86,3000,42.86
2011-01-11,42.53,42.68,42.33,42.56,9400,42.56
2011-01-10,42.45,42.45,41.86,42.43,2600,42.43
2011-01-07,42.36,42.77,42.13,42.77,4800,42.77
2011-01-06,42.24,42.40,41.90,42.27,6800,42.27
2011-01-05,42.43,42.56,42.27,42.52,1600,42.52
2011-01-04,42.46,42.92,42.02,42.86,7800,42.86
2011-01-03,42.17,42.62,42.11,42.46,7900,42.46
2010-12-31,42.28,42.34,41.92,42.00,1800,42.00
2010-12-30,42.35,42.35,42.02,42.11,14800,42.11
2010-12-29,42.20,42.38,42.09,42.33,4000,42.33
2010-12-28,41.95,42.39,41.95,42.36,3400,42.36
2010-12-27,41.94,42.35,41.81,42.23,1200,42.23
2010-12-23,42.32,42.32,42.20,42.25,900,42.25
2010-12-22,42.10,42.58,42.10,42.58,7100,42.27
2010-12-21,42.46,42.46,42.04,42.04,900,41.73
2010-12-20,42.04,42.13,41.71,42.02,2300,41.71
2010-12-17,41.27,41.31,41.27,41.31,600,41.01
2010-12-16,40.62,41.27,40.62,41.27,1900,40.97
2010-12-15,41.34,41.54,40.85,40.85,1600,40.55
2010-12-14,41.49,41.71,41.34,41.34,4300,41.04
2010-12-13,41.26,41.39,41.10,41.39,4300,41.09
2010-12-10,40.55,40.88,40.55,40.88,700,40.58
2010-12-09,40.46,40.55,40.31,40.52,7000,40.22
2010-12-08,40.58,40.58,40.13,40.24,3700,39.95
2010-12-07,41.18,41.49,40.38,40.54,6200,40.24
2010-12-06,41.16,41.25,40.95,41.06,2700,40.76
2010-12-03,40.91,41.17,40.91,41.17,1000,40.87
2010-12-02,40.53,41.06,40.53,41.05,8000,40.75
2010-12-01,40.52,40.86,40.37,40.83,14400,40.53
2010-11-30,39.60,39.89,39.50,39.82,19400,39.53
2010-11-29,40.03,40.05,39.25,40.02,3400,39.73
2010-11-26,40.06,40.06,40.06,40.06,100,39.77
2010-11-24,40.40,40.44,40.40,40.41,1400,40.11
2010-11-23,40.04,40.19,39.35,40.10,2400,39.81
2010-11-22,40.18,40.87,40.17,40.78,1800,40.48
2010-11-19,40.35,40.59,40.20,40.59,11600,40.29
2010-11-18,40.80,41.00,40.80,40.94,5100,40.64
2010-11-17,40.27,40.67,40.27,40.50,5300,40.20
2010-11-16,40.65,40.65,40.10,40.10,3300,39.81
2010-11-15,41.52,41.93,41.52,41.69,5700,41.39
2010-11-12,41.32,41.32,41.15,41.27,1900,40.97
2010-11-11,41.60,41.79,41.60,41.75,900,41.45
2010-11-10,41.79,41.89,41.79,41.89,700,41.58
2010-11-09,42.50,42.97,42.33,42.33,1300,42.02
2010-11-08,43.03,43.03,42.14,42.51,3500,42.20
2010-11-05,42.54,43.00,42.54,42.80,3700,42.49
2010-11-04,42.79,42.98,42.63,42.78,3900,42.47
2010-11-03,42.00,42.00,40.74,41.96,900,41.65
2010-11-02,41.99,42.33,41.95,42.19,2100,41.88
2010-11-01,42.26,42.26,40.75,40.95,3400,40.65
2010-10-29,41.50,41.95,41.31,41.93,3000,41.62
2010-10-28,41.93,41.96,41.48,41.81,1000,41.50
2010-10-27,41.39,41.39,40.71,41.13,3900,40.83
2010-10-26,41.50,41.90,41.39,41.74,1900,41.44
2010-10-25,42.25,42.51,41.95,41.95,5200,41.64
2010-10-22,42.02,42.02,41.91,41.92,1300,41.61
2010-10-21,43.47,43.47,42.50,42.50,2300,42.19
2010-10-20,42.90,43.26,42.90,42.90,17700,42.59
2010-10-19,42.52,42.81,42.04,42.04,2800,41.73
2010-10-18,42.06,42.88,42.06,42.88,1900,42.57
2010-10-15,42.47,42.47,41.96,42.04,1700,41.73
2010-10-14,42.30,42.30,41.77,41.77,1600,41.46
2010-10-13,42.39,42.39,41.91,42.06,2200,41.75
2010-10-12,42.48,42.48,41.43,41.58,6100,41.28
2010-10-11,41.95,42.28,41.95,41.95,1700,41.64
2010-10-08,41.38,42.03,41.38,42.01,2000,41.70
2010-10-07,41.77,41.77,41.40,41.62,2300,41.32
2010-10-06,41.64,41.64,41.38,41.43,1100,41.13
2010-10-05,41.54,41.96,41.54,41.96,9200,41.65
2010-10-04,41.35,41.43,40.62,40.72,2900,40.42
2010-10-01,40.94,41.39,40.94,41.34,1900,41.04
2010-09-30,41.40,41.47,40.72,40.73,9700,40.43
2010-09-29,40.80,40.93,40.60,40.78,5400,40.48
2010-09-28,40.72,41.13,40.72,41.12,1000,40.82
2010-09-27,41.00,41.24,40.80,41.07,10000,40.77
2010-09-24,40.41,40.82,40.36,40.73,29000,40.43
2010-09-23,39.81,40.00,39.50,39.51,8000,39.22
2010-09-22,39.36,40.60,39.36,40.45,3600,40.15
2010-09-21,39.96,40.09,39.96,40.09,900,39.80
2010-09-20,40.16,40.54,40.16,40.54,2600,39.99
2010-09-17,39.65,39.69,39.24,39.42,1600,38.88
2010-09-16,39.53,39.78,39.45,39.54,4200,39.00
2010-09-15,39.99,40.05,39.81,40.02,3200,39.47
2010-09-14,40.24,40.61,40.08,40.47,14300,39.92
2010-09-13,40.42,40.75,40.42,40.56,1900,40.01
2010-09-10,40.63,40.63,39.97,40.13,1100,39.58
2010-09-09,40.22,40.56,40.22,40.52,12600,39.97
2010-09-08,40.31,40.31,39.73,39.73,3300,39.19
2010-09-07,40.62,40.70,40.36,40.44,2800,39.89
2010-09-03,40.50,40.60,40.10,40.48,8600,39.93
2010-09-02,40.00,40.15,39.64,39.90,2700,39.35
2010-09-01,39.66,40.31,39.65,40.16,9200,39.61
2010-08-31,37.75,38.58,37.58,38.17,4100,37.65
2010-08-30,39.20,39.20,38.31,38.36,1100,37.84
2010-08-27,38.17,39.33,37.85,39.33,2900,38.79
2010-08-26,38.39,38.39,37.86,37.86,10500,37.34
2010-08-25,37.43,38.13,37.37,38.13,4100,37.61
2010-08-24,37.76,38.65,37.74,38.35,19300,37.83
2010-08-23,37.78,38.69,37.78,38.51,4500,37.98
2010-08-20,37.72,37.80,37.01,37.79,6300,37.27
2010-08-19,37.67,37.67,37.49,37.63,1600,37.12
2010-08-18,39.04,39.04,38.81,38.81,1200,38.28
2010-08-17,39.16,39.56,39.16,39.51,1200,38.97
2010-08-16,37.79,38.38,37.74,38.38,900,37.86
2010-08-13,38.46,38.85,38.46,38.64,1600,38.11
2010-08-12,37.19,38.17,37.16,38.03,4200,37.51
2010-08-11,38.90,38.90,38.24,38.24,7600,37.72
2010-08-10,39.03,40.19,38.78,39.92,5500,39.37
2010-08-09,39.27,39.27,39.27,39.27,000,38.73
2010-08-06,38.99,39.27,38.99,39.27,6300,38.73
2010-08-05,38.21,39.00,38.21,39.00,6000,38.47
2010-08-04,38.68,39.16,38.52,39.16,5700,38.62
2010-08-03,38.99,39.48,38.99,39.13,1300,38.60
2010-08-02,38.97,39.14,38.67,39.01,3500,38.48
2010-07-30,37.45,38.04,37.34,37.76,36700,37.24
2010-07-29,39.64,39.64,38.09,38.16,8200,37.64
2010-07-28,39.99,39.99,39.31,39.35,2000,38.81
2010-07-27,39.37,39.92,38.98,39.92,11000,39.37
2010-07-26,38.29,38.78,38.29,38.78,19100,38.25
2010-07-23,37.73,38.20,37.56,38.20,3100,37.68
2010-07-22,37.85,38.20,37.85,38.16,2800,37.64
2010-07-21,37.70,37.70,36.48,36.48,900,35.98
2010-07-20,36.32,37.74,36.32,37.70,7500,37.18
2010-07-19,36.66,37.25,36.66,37.05,3200,36.54
2010-07-16,36.55,36.55,36.54,36.54,300,36.04
2010-07-15,37.10,37.52,36.49,37.52,2200,37.01
2010-07-14,37.08,37.08,36.46,36.96,4400,36.45
2010-07-13,37.04,37.04,36.74,37.00,3400,36.49
2010-07-12,36.58,36.75,36.58,36.75,2700,36.25
2010-07-09,36.10,36.50,36.10,36.47,2400,35.97
2010-07-08,35.75,36.13,35.48,36.03,30800,35.54
2010-07-07,34.66,35.24,34.56,35.24,11800,34.76
2010-07-06,33.72,33.72,33.06,33.12,2100,32.67
2010-07-02,32.70,33.06,32.66,32.80,15700,32.35
2010-07-01,32.62,32.84,32.23,32.73,8600,32.28
2010-06-30,33.23,33.84,32.84,32.91,14600,32.46
2010-06-29,33.55,33.73,33.23,33.50,6000,33.04
2010-06-28,34.50,35.12,34.50,34.90,4900,34.42
2010-06-25,34.15,34.48,33.95,34.41,1900,33.94
2010-06-24,34.64,34.77,34.13,34.13,2600,33.66
2010-06-23,35.05,35.05,34.33,34.34,2900,33.87
2010-06-22,36.91,36.91,35.07,35.14,36400,34.66
2010-06-21,38.16,38.22,37.41,37.41,13000,36.68
2010-06-18,37.69,37.75,37.58,37.64,2300,36.91
2010-06-17,37.11,37.43,36.64,37.21,6000,36.49
2010-06-16,36.35,37.21,36.35,36.86,4200,36.15
2010-06-15,35.65,36.54,35.61,36.54,9900,35.83
2010-06-14,35.25,35.68,35.25,35.46,6500,34.77
2010-06-11,34.04,34.77,34.04,34.77,15600,34.10
2010-06-10,34.10,34.78,34.10,34.78,4900,34.11
2010-06-09,33.24,33.78,33.24,33.59,1500,32.94
2010-06-08,32.63,33.35,32.31,33.35,7000,32.70
2010-06-07,32.39,33.31,32.39,32.65,2400,32.02
2010-06-04,33.68,33.72,32.19,32.31,4000,31.68
2010-06-03,34.09,34.38,34.00,34.33,3500,33.66
2010-06-02,32.67,33.20,32.66,33.20,2200,32.56
2010-06-01,33.66,33.76,32.38,32.40,8500,31.77
2010-05-28,34.14,34.33,33.81,34.33,7200,33.66
2010-05-27,33.54,33.85,33.40,33.85,3600,33.19
2010-05-26,32.79,33.30,32.43,32.60,20400,31.97
2010-05-25,32.00,32.48,30.76,32.48,10400,31.85
2010-05-24,32.95,33.59,32.94,33.48,1700,32.83
2010-05-21,32.31,33.45,31.79,33.45,7400,32.80
2010-05-20,34.28,34.35,33.28,33.28,7600,32.63
2010-05-19,36.35,36.35,35.25,35.64,4500,34.95
2010-05-18,37.82,37.82,36.35,36.43,4400,35.72
2010-05-17,36.70,37.44,35.97,37.25,8400,36.53
2010-05-14,37.12,37.21,36.67,37.12,5000,36.40
2010-05-13,37.89,38.63,37.70,37.78,16100,37.05
2010-05-12,37.27,38.17,37.25,38.01,33700,37.27
2010-05-11,37.45,38.03,37.25,37.25,62800,36.53
2010-05-10,36.27,37.40,36.27,37.17,15800,36.45
2010-05-07,34.61,35.78,33.91,34.78,22200,34.11
2010-05-06,37.10,39.80,31.90,35.33,68600,34.64
2010-05-05,37.43,38.12,37.26,37.56,6700,36.83
2010-05-04,38.32,38.41,37.75,38.15,3100,37.41
2010-05-03,38.74,39.70,38.66,39.51,5800,38.74
2010-04-30,38.38,39.27,38.38,38.70,2700,37.95
2010-04-29,38.57,38.65,38.17,38.26,6100,37.52
2010-04-28,37.38,38.17,37.38,38.17,7100,37.43
2010-04-27,38.81,38.81,37.38,37.38,3600,36.66
2010-04-26,39.00,39.14,38.74,38.74,6900,37.99
2010-04-23,38.23,38.94,38.20,38.94,11000,38.18
2010-04-22,37.79,38.24,37.58,38.24,800,37.50
2010-04-21,37.92,38.02,37.89,37.99,3900,37.25
2010-04-20,37.49,37.86,37.41,37.86,5800,37.13
2010-04-19,36.90,37.06,36.60,37.06,3700,36.34
2010-04-16,37.73,37.73,36.82,37.10,9300,36.38
2010-04-15,37.74,37.81,37.74,37.79,1800,37.06
2010-04-14,37.70,37.82,37.00,37.82,8600,37.09
2010-04-13,37.85,37.85,37.35,37.75,6600,37.02
2010-04-12,37.80,38.17,37.80,38.12,5900,37.38
2010-04-09,37.21,37.39,36.96,37.28,1700,36.56
2010-04-08,37.50,37.50,37.02,37.27,5200,36.55
2010-04-07,38.50,38.50,37.59,37.71,15000,36.98
2010-04-06,37.59,38.44,37.59,38.38,8500,37.64
2010-04-05,36.95,37.77,36.95,37.77,4000,37.04
2010-04-01,37.32,37.86,36.65,37.08,4600,36.36
2010-03-31,36.72,36.75,36.25,36.50,9900,35.79
2010-03-30,36.39,36.99,36.39,36.64,4900,35.93
2010-03-29,36.20,36.74,36.19,36.68,15300,35.97
2010-03-26,35.66,36.11,35.65,35.83,11700,35.14
2010-03-25,37.09,37.09,35.65,35.66,20100,34.97
2010-03-24,37.25,37.25,36.20,36.35,4900,35.65
2010-03-23,36.72,37.15,36.72,37.15,28400,36.12
2010-03-22,36.95,37.08,36.65,36.88,5500,35.86
2010-03-19,37.73,37.80,36.85,37.29,4300,36.25
2010-03-18,37.60,37.61,37.35,37.37,9700,36.33
2010-03-17,37.66,37.86,37.56,37.60,12600,36.56
2010-03-16,37.00,37.38,37.00,37.27,3100,36.23
2010-03-15,36.50,36.77,36.37,36.75,5100,35.73
2010-03-12,36.95,37.08,36.51,36.53,13900,35.51
2010-03-11,36.51,36.94,36.50,36.92,8800,35.89
2010-03-10,36.66,36.79,36.50,36.77,9200,35.75
2010-03-09,36.92,36.92,36.44,36.60,20700,35.58
2010-03-08,36.94,36.94,36.72,36.78,6900,35.76
2010-03-05,36.43,36.74,36.16,36.50,10200,35.49
2010-03-04,35.87,35.89,35.49,35.89,9300,34.89
2010-03-03,36.02,36.29,35.74,35.88,4200,34.88
2010-03-02,36.04,36.05,35.85,35.85,4500,34.85
2010-03-01,35.15,35.71,34.50,35.56,8600,34.57
2010-02-26,35.38,35.38,34.74,34.74,4700,33.77
2010-02-25,34.53,35.17,34.15,35.14,74300,34.16
2010-02-24,35.34,35.34,34.69,35.24,5100,34.26
2010-02-23,35.63,35.82,35.16,35.21,8700,34.23
2010-02-22,36.90,37.47,35.81,35.81,28600,34.81
2010-02-19,34.60,36.35,33.90,36.22,86100,35.21
2010-02-18,34.53,35.29,33.04,35.28,7000,34.30
2010-02-17,35.33,35.33,34.75,34.90,12500,33.93
2010-02-16,34.38,34.97,34.38,34.97,3600,34.00
2010-02-12,33.37,33.76,33.22,33.75,6500,32.81
2010-02-11,33.40,34.06,33.15,34.01,5100,33.07
2010-02-10,33.52,33.71,33.07,33.51,7000,32.58
2010-02-09,33.73,34.46,33.73,33.94,3000,33.00
2010-02-08,33.65,33.88,33.15,33.15,6500,32.23
2010-02-05,34.00,35.29,33.00,33.82,22700,32.88
2010-02-04,35.26,35.26,34.04,34.04,11000,33.09
2010-02-03,36.24,36.24,35.75,35.95,4300,34.95
2010-02-02,36.00,36.47,35.98,36.41,3300,35.40
2010-02-01,35.46,35.70,35.22,35.68,15400,34.69
2010-01-29,36.00,36.27,35.42,35.48,8400,34.49
2010-01-28,36.98,36.98,35.53,35.91,7600,34.91
2010-01-27,36.08,36.49,35.40,36.49,12500,35.48
2010-01-26,34.04,37.18,34.04,36.91,10100,35.88
2010-01-25,37.00,37.00,36.25,36.75,11900,35.73
2010-01-22,37.42,37.63,36.12,36.33,16100,35.32
2010-01-21,39.30,39.30,37.68,37.84,11800,36.79
2010-01-20,39.06,39.18,38.30,38.96,9600,37.88
2010-01-19,38.45,39.78,38.45,39.78,24400,38.67
2010-01-15,38.91,38.94,38.07,38.82,12000,37.74
2010-01-14,39.34,39.48,38.96,39.27,6100,38.18
2010-01-13,39.15,39.48,38.65,39.48,21400,38.38
2010-01-12,38.86,39.13,38.57,38.64,15600,37.57
2010-01-11,38.83,39.07,38.55,39.01,28300,37.93
2010-01-08,38.20,38.30,37.85,38.29,5700,37.23
2010-01-07,38.34,38.49,38.13,38.34,11600,37.27
2010-01-06,38.11,38.82,38.11,38.68,23400,37.61
2010-01-05,39.00,39.05,37.92,38.24,45100,37.18
2010-01-04,39.05,39.57,38.87,39.04,54800,37.96
2009-12-31,39.94,39.94,38.72,38.77,17600,37.69
2009-12-30,39.62,39.96,39.62,39.95,3400,38.84
2009-12-29,39.92,40.25,39.92,39.96,16900,38.85
2009-12-28,40.01,46.32,39.67,40.00,154800,38.89
2009-12-24,39.53,39.95,39.53,39.86,35800,38.75
2009-12-23,39.61,39.61,38.96,39.28,32400,38.19
2009-12-22,40.47,40.47,39.34,39.44,42200,38.10
2009-12-21,39.28,40.25,38.13,39.82,15200,38.47
2009-12-18,39.77,39.82,38.90,39.41,15000,38.07
2009-12-17,39.25,39.55,38.90,39.29,20200,37.96
2009-12-16,40.00,40.08,39.50,39.66,26100,38.31
2009-12-15,40.09,40.09,39.42,39.83,19300,38.48
2009-12-14,40.30,40.30,39.75,40.04,142000,38.68
2009-12-11,38.88,39.68,38.56,39.65,41800,38.30
2009-12-10,38.06,38.50,37.79,38.46,6900,37.16
2009-12-09,37.19,37.46,36.97,37.46,3500,36.19
2009-12-08,37.00,37.59,36.77,37.32,7100,36.05
2009-12-07,37.56,37.91,37.38,37.58,16900,36.31
2009-12-04,37.95,38.19,36.21,36.90,10600,35.65
2009-12-03,37.33,37.75,36.83,37.08,19200,35.82
2009-12-02,36.25,37.08,36.25,37.03,17100,35.77
2009-12-01,35.53,36.20,35.53,36.20,6100,34.97
2009-11-30,34.86,34.99,34.48,34.91,3500,33.73
2009-11-27,35.32,35.54,34.18,34.49,10200,33.32
2009-11-25,34.96,35.69,34.94,35.62,5400,34.41
2009-11-24,34.58,34.95,34.58,34.93,2300,33.75
2009-11-23,34.09,35.01,34.09,34.66,3700,33.48
2009-11-20,33.26,33.81,33.26,33.81,3300,32.66
2009-11-19,33.84,33.91,33.31,33.47,1600,32.33
2009-11-18,34.87,34.87,34.56,34.59,2400,33.42
2009-11-17,35.13,35.13,34.72,34.90,2500,33.72
2009-11-16,34.15,35.13,34.15,35.05,9800,33.86
2009-11-13,33.48,34.24,33.48,34.14,4600,32.98
2009-11-12,34.72,34.72,33.54,33.57,7200,32.43
2009-11-11,35.02,35.04,34.41,34.49,10000,33.32
2009-11-10,34.18,34.80,34.18,34.65,9500,33.47
2009-11-09,33.81,34.37,33.64,34.37,12600,33.20
2009-11-06,33.13,33.50,33.08,33.15,4900,32.03
2009-11-05,32.08,33.20,32.07,33.13,4200,32.01
2009-11-04,32.33,32.96,32.22,32.70,5300,31.59
2009-11-03,32.10,32.10,31.60,31.91,8600,30.83
2009-11-02,32.03,32.74,31.56,31.93,7900,30.85
2009-10-30,33.10,33.37,32.09,32.09,23800,31.00
2009-10-29,33.51,33.51,32.68,33.42,26600,32.29
2009-10-28,33.30,33.69,32.50,32.77,50300,31.66
2009-10-27,33.65,33.98,33.30,33.53,34300,32.39
2009-10-26,35.00,35.50,33.48,33.69,72900,32.55
2009-10-23,35.75,35.75,34.41,34.67,17900,33.49
2009-10-22,35.22,35.83,35.11,35.83,9100,34.61
2009-10-21,35.58,36.48,35.58,35.63,15200,34.42
2009-10-20,36.85,36.99,35.34,35.63,22400,34.42
2009-10-19,35.59,36.56,35.51,36.45,13200,35.21
2009-10-16,34.82,35.52,34.78,35.48,3800,34.28
2009-10-15,34.50,35.37,34.50,35.37,10000,34.17
2009-10-14,35.03,35.03,34.50,34.77,25200,33.59
2009-10-13,34.57,34.73,34.45,34.54,2700,33.37
2009-10-12,34.50,35.10,34.00,34.90,15800,33.72
2009-10-09,34.01,34.57,34.01,34.49,5300,33.32
2009-10-08,34.02,34.32,33.74,34.15,17800,32.99
2009-10-07,33.68,33.94,33.45,33.88,5500,32.73
2009-10-06,34.33,34.43,33.40,33.98,12100,32.83
2009-10-05,33.02,33.47,32.22,33.42,11800,32.29
2009-10-02,32.53,32.83,32.21,32.78,10900,31.67
2009-10-01,34.08,34.28,33.16,33.20,13200,32.07
2009-09-30,35.00,35.01,34.09,34.42,13400,33.25
2009-09-29,34.76,35.07,34.64,35.04,5200,33.85
2009-09-28,34.47,35.07,34.47,34.80,14600,33.62
2009-09-25,34.35,34.40,34.10,34.14,9900,32.98
2009-09-24,34.65,34.99,34.28,34.43,6600,33.26
2009-09-23,35.10,35.93,34.74,34.79,15100,33.38
2009-09-22,35.35,35.44,35.11,35.27,16100,33.84
2009-09-21,35.52,35.52,34.70,35.24,11300,33.81
2009-09-18,35.61,35.82,35.45,35.59,5800,34.15
2009-09-17,35.75,35.95,35.37,35.45,13400,34.01
2009-09-16,35.07,35.86,34.50,35.78,22500,34.33
2009-09-15,34.45,34.75,33.87,34.71,8300,33.30
2009-09-14,33.73,34.21,33.09,34.21,7400,32.82
2009-09-11,33.70,33.78,33.14,33.21,11900,31.86
2009-09-10,33.32,33.45,32.83,33.45,7900,32.09
2009-09-09,33.23,33.55,33.23,33.23,7200,31.88
2009-09-08,33.20,33.43,33.00,33.27,8100,31.92
2009-09-04,32.77,33.14,32.59,33.04,6900,31.70
2009-09-03,32.86,32.86,32.29,32.78,15100,31.45
2009-09-02,33.00,33.02,32.42,32.63,30400,31.31
2009-09-01,33.42,34.12,32.97,33.13,63400,31.79
2009-08-31,34.01,34.08,33.59,33.65,14400,32.29
2009-08-28,34.83,34.83,34.11,34.51,7700,33.11
2009-08-27,34.55,34.65,34.22,34.54,10800,33.14
2009-08-26,34.40,34.95,33.07,34.77,22700,33.36
2009-08-25,35.19,35.47,34.72,34.72,15400,33.31
2009-08-24,35.23,37.50,34.74,35.06,59100,33.64
2009-08-21,34.00,35.00,34.00,34.91,22600,33.49
2009-08-20,33.40,33.73,33.13,33.69,15600,32.32
2009-08-19,32.40,33.42,32.40,33.33,21200,31.98
2009-08-18,32.50,32.87,31.70,32.74,17300,31.41
2009-08-17,32.79,32.90,32.59,32.78,8600,31.45
2009-08-14,33.48,33.87,33.00,33.58,11500,32.22
2009-08-13,33.94,33.94,33.20,33.67,28000,32.30
2009-08-12,33.19,34.15,33.07,33.71,16900,32.34
2009-08-11,33.60,33.60,33.00,33.34,21300,31.99
2009-08-10,33.03,33.54,32.73,33.53,9000,32.17
2009-08-07,33.06,33.55,32.70,33.32,14000,31.97
2009-08-06,32.50,32.80,32.29,32.68,13100,31.35
2009-08-05,32.52,32.74,32.12,32.57,15600,31.25
2009-08-04,33.29,33.58,32.55,33.07,39300,31.73
2009-08-03,33.60,33.86,33.11,33.76,17000,32.39
2009-07-31,33.61,33.89,33.18,33.31,11700,31.96
2009-07-30,33.43,34.29,33.31,33.82,31700,32.45
2009-07-29,33.24,33.28,32.09,32.95,9000,31.61
2009-07-28,34.31,34.31,32.72,33.27,48100,31.92
2009-07-27,34.00,34.31,33.79,34.21,35700,32.82
2009-07-24,33.21,34.28,33.21,34.27,25900,32.88
2009-07-23,31.51,33.48,31.51,33.22,32700,31.87
2009-07-22,31.73,32.07,31.53,31.64,22100,30.36
2009-07-21,31.58,31.96,31.34,31.90,20300,30.61
2009-07-20,30.95,31.26,30.45,31.22,28300,29.95
2009-07-17,30.75,31.09,30.35,30.78,19400,29.53
2009-07-16,31.08,31.37,30.25,31.22,20500,29.95
2009-07-15,30.28,31.09,30.20,31.01,22300,29.75
2009-07-14,29.23,29.82,29.10,29.82,14300,28.61
2009-07-13,28.52,29.38,28.11,29.28,18300,28.09
2009-07-10,28.18,28.62,27.99,28.51,33100,27.35
2009-07-09,28.94,29.11,28.05,28.72,27000,27.56
2009-07-08,28.95,29.28,28.04,28.49,22300,27.33
2009-07-07,30.00,30.00,28.64,28.66,48500,27.50
2009-07-06,29.29,30.11,29.14,29.96,15700,28.74
2009-07-02,30.60,30.77,29.62,29.78,37100,28.57
2009-07-01,31.08,31.69,31.08,31.66,40700,30.38
2009-06-30,31.00,31.00,29.99,30.71,13900,29.46
2009-06-29,30.27,31.05,30.19,30.99,17100,29.73
2009-06-26,31.34,31.34,29.88,30.19,23300,28.97
2009-06-25,29.14,30.59,29.09,30.40,44800,29.17
2009-06-24,29.75,29.75,29.05,29.37,26800,28.18
2009-06-23,29.91,29.91,28.99,29.19,31700,27.78
2009-06-22,29.76,30.25,29.48,29.91,107100,28.47
2009-06-19,31.22,31.22,29.91,30.00,18300,28.56
2009-06-18,29.73,30.70,29.49,30.62,27300,29.15
2009-06-17,29.20,29.84,29.09,29.34,29300,27.93
2009-06-16,30.01,30.23,29.11,29.52,44400,28.10
2009-06-15,30.69,30.69,29.31,29.68,32600,28.25
2009-06-12,30.26,31.32,29.58,31.10,63700,29.60
2009-06-11,29.16,30.87,29.16,30.26,27300,28.80
2009-06-10,28.99,29.23,28.41,29.00,15400,27.60
2009-06-09,28.60,28.67,28.11,28.27,21300,26.91
2009-06-08,28.94,28.94,27.90,28.48,16200,27.11
2009-06-05,28.88,29.51,28.33,28.76,23700,27.38
2009-06-04,28.89,28.89,28.36,28.76,17700,27.38
2009-06-03,29.00,29.05,27.60,28.17,14300,26.81
2009-06-02,29.27,30.05,29.27,29.29,36000,27.88
2009-06-01,28.56,30.05,26.50,29.84,53800,28.40
2009-05-29,28.15,28.15,27.25,27.75,43100,26.41
2009-05-28,26.66,27.82,26.66,27.53,17100,26.20
2009-05-27,27.70,27.70,26.44,26.48,15300,25.20
2009-05-26,25.68,27.42,25.68,27.42,46800,26.10
2009-05-22,25.75,26.43,25.67,26.27,25800,25.01
2009-05-21,26.46,26.46,25.39,25.69,21200,24.45
2009-05-20,27.75,27.75,26.24,26.25,27000,24.99
2009-05-19,26.26,27.34,26.26,27.02,49700,25.72
2009-05-18,26.68,26.68,25.60,26.06,24900,24.81
2009-05-15,27.43,27.43,25.53,25.99,66600,24.74
2009-05-14,27.26,27.71,26.66,27.25,17800,25.94
2009-05-13,28.26,28.53,27.21,27.38,29900,26.06
2009-05-12,29.25,30.63,27.75,28.84,66100,27.45
2009-05-11,31.73,31.73,28.38,28.68,46100,27.30
2009-05-08,27.99,29.92,27.99,29.00,47500,27.60
2009-05-07,28.10,28.31,27.79,27.98,37600,26.63
2009-05-06,28.11,28.18,27.45,27.60,44100,26.27
2009-05-05,27.41,27.77,27.23,27.76,19600,26.42
2009-05-04,27.24,27.76,26.95,27.76,21400,26.42
2009-05-01,25.89,26.98,25.89,26.98,11100,25.68
2009-04-30,26.74,27.87,25.37,25.86,35600,24.61
2009-04-29,25.84,26.18,25.48,25.83,38800,24.59
2009-04-28,25.00,25.81,24.99,25.30,14500,24.08
2009-04-27,24.47,25.66,24.47,25.17,11600,23.96
2009-04-24,24.41,25.27,24.41,24.60,31700,23.42
2009-04-23,24.82,24.93,24.55,24.84,20200,23.64
2009-04-22,24.95,25.48,24.90,24.90,17000,23.70
2009-04-21,25.64,25.66,24.00,25.47,11200,24.24
2009-04-20,26.10,26.10,25.21,25.21,110500,24.00
2009-04-17,25.89,26.20,25.83,26.02,14800,24.77
2009-04-16,26.49,26.49,25.67,25.89,15800,24.64
2009-04-15,25.49,25.74,24.96,25.69,10700,24.45
2009-04-14,25.05,25.32,24.95,25.03,16500,23.82
2009-04-13,25.70,25.94,25.37,25.81,12400,24.57
2009-04-09,26.98,27.00,25.89,26.33,16200,25.06
2009-04-08,25.61,26.25,25.61,26.25,7700,24.99
2009-04-07,26.38,26.38,25.00,25.51,9000,24.28
2009-04-06,25.74,26.53,25.68,25.95,9500,24.70
2009-04-03,25.83,26.54,24.99,26.31,18800,25.04
2009-04-02,26.21,26.65,25.31,26.07,32700,24.81
2009-04-01,24.59,25.70,24.00,25.45,32800,24.22
2009-03-31,24.78,25.98,24.00,25.25,16700,24.03
2009-03-30,24.46,25.40,24.01,24.60,24200,23.42
2009-03-27,25.87,25.87,25.28,25.42,15000,24.20
2009-03-26,26.00,26.34,25.11,26.27,18600,25.01
2009-03-25,23.60,26.41,23.60,25.47,71400,24.24
2009-03-24,26.35,26.50,25.50,25.56,19500,24.33
2009-03-23,24.71,26.89,24.71,26.89,67900,25.38
2009-03-20,25.50,26.06,24.83,24.92,72400,23.53
2009-03-19,24.90,25.45,24.48,25.28,80800,23.86
2009-03-18,25.13,25.13,22.05,24.55,63300,23.18
2009-03-17,23.42,23.42,22.04,23.29,199300,21.99
2009-03-16,22.05,23.23,22.05,22.50,136900,21.24
2009-03-13,21.01,21.58,21.01,21.51,54400,20.31
2009-03-12,20.29,21.00,19.86,20.79,29700,19.63
2009-03-11,20.52,20.75,20.12,20.29,184800,19.15
2009-03-10,20.19,20.81,19.96,20.33,58300,19.19
2009-03-09,20.24,21.49,19.17,19.42,26800,18.33
2009-03-06,21.50,21.50,19.47,20.41,44000,19.27
2009-03-05,20.15,20.86,19.78,20.23,41700,19.10
2009-03-04,20.90,22.36,20.50,21.90,28200,20.67
2009-03-03,23.08,23.25,21.06,21.07,93400,19.89
2009-03-02,24.46,26.58,22.61,22.66,72300,21.39
2009-02-27,24.62,25.44,23.80,24.61,64800,23.23
2009-02-26,26.21,26.70,25.24,25.35,14100,23.93
2009-02-25,27.17,27.17,25.93,26.21,39900,24.74
2009-02-24,25.77,26.77,25.48,26.59,23400,25.10
2009-02-23,26.40,26.63,24.90,25.05,31100,23.65
2009-02-20,26.77,27.36,25.44,26.42,39600,24.94
2009-02-19,27.84,28.61,27.63,27.83,35400,26.27
2009-02-18,28.34,28.34,27.36,27.64,40400,26.09
2009-02-17,28.65,30.62,28.46,28.54,102200,26.94
2009-02-13,32.02,32.13,31.30,31.60,13800,29.83
2009-02-12,31.01,32.97,30.21,31.66,34600,29.89
2009-02-11,33.31,33.31,31.69,32.08,47500,30.28
2009-02-10,34.07,34.66,32.20,32.63,49900,30.80
2009-02-09,34.93,34.93,34.00,34.54,18100,32.61
2009-02-06,34.14,35.74,34.00,35.20,35400,33.23
2009-02-05,34.06,34.77,33.40,34.48,27900,32.55
2009-02-04,34.05,34.63,33.50,33.99,35100,32.09
2009-02-03,33.34,33.84,32.85,33.49,16500,31.62
2009-02-02,31.62,33.24,31.62,32.98,17200,31.13
2009-01-30,35.36,35.36,32.24,32.53,45400,30.71
2009-01-29,33.98,35.30,33.80,34.04,23700,32.13
2009-01-28,34.50,34.88,33.97,34.50,44000,32.57
2009-01-27,33.87,34.50,33.32,34.02,34500,32.12
2009-01-26,30.96,34.25,30.96,33.88,43100,31.98
2009-01-23,30.76,32.46,30.75,32.31,13700,30.50
2009-01-22,31.27,32.60,31.27,32.04,45600,30.25
2009-01-21,31.85,32.42,30.75,32.42,44700,30.61
2009-01-20,32.88,33.48,31.34,31.34,39300,29.59
2009-01-16,32.19,33.30,31.94,32.97,33400,31.12
2009-01-15,31.25,31.65,30.24,31.48,41600,29.72
2009-01-14,32.97,32.97,29.91,31.20,59100,29.45
2009-01-13,32.72,32.96,31.23,32.19,40200,30.39
2009-01-12,33.37,33.73,33.00,33.23,18400,31.37
2009-01-09,33.32,34.82,33.08,33.37,33200,31.50
2009-01-08,32.69,34.11,32.69,34.03,9700,32.13
2009-01-07,33.73,34.50,33.47,33.71,26500,31.82
2009-01-06,35.87,36.74,34.81,34.86,21700,32.91
2009-01-05,35.54,35.64,34.34,35.50,37000,33.51
2009-01-02,33.81,35.34,33.39,34.94,162000,32.98
2008-12-31,31.66,33.60,31.66,33.51,18500,31.63
2008-12-30,31.69,32.24,30.78,32.05,61800,30.26
2008-12-29,31.50,32.55,30.47,30.71,10200,28.99
2008-12-26,31.27,31.52,31.14,31.29,3800,29.54
2008-12-24,30.10,31.06,30.10,30.69,7900,28.97
2008-12-23,31.46,31.46,30.36,30.70,22200,28.98
2008-12-22,32.64,32.64,30.89,31.74,25800,29.76
2008-12-19,31.10,33.83,31.10,31.96,27800,29.97
2008-12-18,31.74,33.01,31.49,31.91,18900,29.92
2008-12-17,32.76,33.16,31.73,31.73,101800,29.75
2008-12-16,33.44,33.50,30.94,33.44,91100,31.35
2008-12-15,32.01,32.77,30.67,31.47,27000,29.51
2008-12-12,31.46,32.50,30.22,32.46,39400,30.44
2008-12-11,33.20,33.77,31.52,31.84,50200,29.85
2008-12-10,32.86,33.15,31.84,32.57,122600,30.54
2008-12-09,32.00,32.60,31.25,31.56,24200,29.59
2008-12-08,34.24,34.24,31.52,32.40,63000,30.38
2008-12-05,29.68,32.00,28.25,31.81,102100,29.83
2008-12-04,33.34,33.46,29.50,30.71,79700,28.79
2008-12-03,31.57,33.50,31.03,33.42,111300,31.34
2008-12-02,31.13,32.34,30.50,32.24,46300,30.23
2008-12-01,32.76,34.21,30.77,30.80,51600,28.88
2008-11-28,34.86,35.50,34.15,35.50,11600,33.29
2008-11-26,33.13,34.65,31.65,34.28,154900,32.14
2008-11-25,34.08,34.84,32.72,33.95,34000,31.83
2008-11-24,33.06,34.47,31.32,32.99,198400,30.93
2008-11-21,27.53,32.00,27.33,32.00,62600,30.00
2008-11-20,31.40,31.40,26.75,27.36,69500,25.65
2008-11-19,32.19,34.44,30.31,30.31,82200,28.42
2008-11-18,33.26,34.07,31.32,32.81,61700,30.76
2008-11-17,32.50,35.00,32.00,33.00,25200,30.94
2008-11-14,34.79,36.13,32.00,33.12,38600,31.05
2008-11-13,30.38,35.00,29.68,34.92,58000,32.74
2008-11-12,32.28,32.44,30.46,30.84,27800,28.92
2008-11-11,31.96,33.81,31.17,32.84,33100,30.79
2008-11-10,35.89,37.00,31.95,33.02,37300,30.96
2008-11-07,32.32,34.44,32.16,34.38,28400,32.24
2008-11-06,34.66,34.66,30.89,31.59,61300,29.62
2008-11-05,36.75,36.85,34.00,34.29,43500,32.15
2008-11-04,36.99,38.13,35.79,37.34,60800,35.01
2008-11-03,36.80,36.80,34.60,35.39,35000,33.18
2008-10-31,36.72,37.00,34.85,35.67,49500,33.45
2008-10-30,36.33,36.72,33.94,36.72,36300,34.43
2008-10-29,33.49,35.81,32.50,33.48,61400,31.39
2008-10-28,30.10,34.40,28.28,34.22,93600,32.09
2008-10-27,29.74,31.30,28.87,28.87,62400,27.07
2008-10-24,28.74,32.26,28.28,31.31,116100,29.36
2008-10-23,30.33,34.15,28.77,33.31,136900,31.23
2008-10-22,32.60,33.21,28.67,30.77,163600,28.85
2008-10-21,38.26,38.26,34.67,35.09,123000,32.90
2008-10-20,34.32,37.60,32.49,37.48,112300,35.14
2008-10-17,30.00,35.42,29.14,32.30,155800,30.29
2008-10-16,31.08,31.66,26.50,31.66,189500,29.69
2008-10-15,32.81,33.00,29.28,29.34,49500,27.51
2008-10-14,38.55,40.01,32.00,35.28,199700,33.08
2008-10-13,30.76,35.55,30.06,35.20,88000,33.00
2008-10-10,31.10,34.48,22.74,27.90,145300,26.16
2008-10-09,36.28,36.28,30.63,31.35,36300,29.39
2008-10-08,37.09,37.66,33.79,35.19,33800,33.00
2008-10-07,41.48,42.04,36.59,36.82,15800,34.52
2008-10-06,42.77,44.82,37.16,39.65,22800,37.18
2008-10-03,47.79,47.79,44.35,44.49,17700,41.72
2008-10-02,46.38,48.10,45.25,45.46,28500,42.62
2008-10-01,47.50,52.71,46.58,48.40,28400,45.38
2008-09-30,49.00,49.01,46.99,48.76,5500,45.72
2008-09-29,51.30,51.30,46.33,47.79,11900,44.81
2008-09-26,52.51,53.23,51.81,53.08,12200,49.77
2008-09-25,50.20,54.57,50.20,53.88,17600,50.52
2008-09-24,50.87,51.37,50.30,51.26,8900,48.06
2008-09-23,53.30,54.02,51.77,51.80,27200,48.33
2008-09-22,54.73,55.38,53.39,53.39,11000,49.81
2008-09-19,54.81,58.04,53.59,55.55,16900,51.83
2008-09-18,48.91,52.90,48.91,52.81,29800,49.27
2008-09-17,51.66,51.87,49.03,49.09,54200,45.80
2008-09-16,55.01,55.01,49.91,54.83,47100,51.16
2008-09-15,57.01,61.00,55.06,55.22,31600,51.52
2008-09-12,57.90,59.89,57.90,59.38,20200,55.40
2008-09-11,54.98,57.58,54.74,57.58,26700,53.72
2008-09-10,54.51,56.87,54.51,56.56,28500,52.77
2008-09-09,59.40,59.52,55.50,55.50,23800,51.78
2008-09-08,58.40,59.40,58.05,59.40,41700,55.42
2008-09-05,59.45,59.45,56.11,57.20,30300,53.37
2008-09-04,58.53,60.60,58.53,59.00,28600,55.05
2008-09-03,61.50,61.91,59.90,60.53,80100,56.48
2008-09-02,64.74,64.76,61.50,61.50,21400,57.38
2008-08-29,66.46,66.47,64.07,64.07,22600,59.78
2008-08-28,66.26,66.46,65.48,66.40,12800,61.95
2008-08-27,65.24,66.14,65.24,65.72,22700,61.32
2008-08-26,62.79,64.97,62.79,64.84,16600,60.50
2008-08-25,64.22,64.22,62.79,63.42,17100,59.17
2008-08-22,65.00,65.13,64.03,64.03,17800,59.74
2008-08-21,62.70,64.74,62.70,64.36,35300,60.05
2008-08-20,62.61,63.44,62.48,63.35,27300,59.11
2008-08-19,63.24,63.24,62.09,62.57,13700,58.38
2008-08-18,62.50,62.88,61.93,62.19,10400,58.02
2008-08-15,62.77,62.77,61.43,62.03,23300,57.87
2008-08-14,61.41,61.72,60.90,61.29,6400,57.18
2008-08-13,61.53,62.95,61.00,62.49,13800,58.30
2008-08-12,63.56,63.56,60.72,61.21,16900,57.11
2008-08-11,63.89,63.99,62.33,63.56,19800,59.30
2008-08-08,61.27,62.43,60.33,62.43,13300,58.25
2008-08-07,60.72,62.99,60.50,61.13,47200,57.04
2008-08-06,61.16,63.20,61.16,61.88,7900,57.73
2008-08-05,60.38,62.29,60.16,61.73,16800,57.59
2008-08-04,62.16,62.38,60.38,60.38,8700,56.34
2008-08-01,65.70,65.70,62.36,62.96,8500,58.74
2008-07-31,66.51,66.54,65.68,65.68,20800,61.28
2008-07-30,64.15,66.58,64.15,66.45,3600,62.00
2008-07-29,60.92,64.39,60.92,64.39,11700,60.08
2008-07-28,63.66,64.95,63.66,63.70,9800,59.43
2008-07-25,64.84,64.95,64.05,64.19,11900,59.89
2008-07-24,65.70,66.43,63.27,65.00,10600,60.65
2008-07-23,70.48,70.48,65.33,66.00,24500,61.58
2008-07-22,70.20,70.31,68.46,68.69,12500,64.09
2008-07-21,69.20,69.21,67.54,69.11,32800,64.48
2008-07-18,68.31,69.00,66.10,67.40,14900,62.89
2008-07-17,68.30,68.30,65.50,67.02,27800,62.53
2008-07-16,70.93,70.93,68.30,68.78,14400,64.17
2008-07-15,70.36,72.68,70.36,71.31,27300,66.53
2008-07-14,74.12,74.12,72.45,72.99,6600,68.10
2008-07-11,73.61,75.26,73.48,74.73,14500,69.72
2008-07-10,75.28,75.28,74.21,74.82,34600,69.81
2008-07-09,71.64,75.12,71.64,74.24,18600,69.27
2008-07-08,73.25,74.15,71.53,73.11,24100,68.21
2008-07-07,75.09,75.63,72.09,72.88,24700,68.00
2008-07-03,76.29,76.29,74.40,74.40,9200,69.42
2008-07-02,76.29,78.17,76.14,76.14,6400,71.04
2008-07-01,73.88,77.73,73.88,77.73,3700,72.52
2008-06-30,74.50,77.06,74.08,76.94,8300,71.79
2008-06-27,75.43,75.43,73.37,73.55,4300,68.62
2008-06-26,77.54,77.54,74.86,74.98,3200,69.96
2008-06-25,77.90,78.60,77.76,78.42,15900,73.17
2008-06-24,79.81,79.81,77.60,77.67,40900,72.47
2008-06-23,79.11,79.79,78.77,78.77,1200,73.14
2008-06-20,79.50,79.50,77.27,77.47,3100,71.93
2008-06-19,79.30,79.71,78.79,79.57,7200,73.88
2008-06-18,81.45,81.45,78.61,79.60,16200,73.91
2008-06-17,80.00,80.28,80.00,80.28,1100,74.54
2008-06-16,78.77,79.39,77.75,79.32,14800,73.65
2008-06-13,77.70,79.12,77.70,78.95,2600,73.30
2008-06-12,77.09,77.63,76.81,76.81,11300,71.32
2008-06-11,78.61,79.28,77.50,77.87,25700,72.30
2008-06-10,77.34,78.85,77.34,78.85,5700,73.21
2008-06-09,77.89,79.03,77.89,78.30,8200,72.70
2008-06-06,79.83,80.28,77.10,77.27,7700,71.74
2008-06-05,78.79,79.97,77.93,79.97,27900,74.25
2008-06-04,78.08,78.60,76.97,78.37,29100,72.76
2008-06-03,77.66,77.68,76.43,76.69,3300,71.20
2008-06-02,78.08,78.08,76.91,77.77,1900,72.21
2008-05-30,77.65,79.00,77.65,78.97,5200,73.32
2008-05-29,79.25,79.75,78.87,78.88,2800,73.24
2008-05-28,78.03,78.08,77.67,78.08,2200,72.50
2008-05-27,78.83,78.83,77.37,78.01,2000,72.43
2008-05-23,79.18,79.18,76.99,77.06,2000,71.55
2008-05-22,80.00,80.00,78.89,79.82,3300,74.11
2008-05-21,80.40,81.49,79.28,79.28,19600,73.61
2008-05-20,79.67,80.45,79.62,79.62,7100,73.93
2008-05-19,78.51,79.32,78.51,79.13,3400,73.47
2008-05-16,77.00,77.68,77.00,77.38,3100,71.85
2008-05-15,76.26,76.31,76.26,76.31,2200,70.85
2008-05-14,76.50,76.84,76.05,76.50,1600,71.03
2008-05-13,75.40,75.70,75.25,75.60,2100,70.19
2008-05-12,75.13,75.76,74.51,75.70,3400,70.29
2008-05-09,73.48,74.93,73.48,74.93,1000,69.57
2008-05-08,73.18,74.69,73.18,74.25,4300,68.94
2008-05-07,75.11,75.11,73.66,73.66,1900,68.39
2008-05-06,74.61,75.77,74.13,75.77,3400,70.35
2008-05-05,76.25,76.25,75.30,75.35,6200,69.96
2008-05-02,76.29,77.54,76.29,76.95,4300,71.45
2008-05-01,73.71,75.40,73.71,75.25,17100,69.87
2008-04-30,74.98,75.20,73.84,74.46,25500,69.13
2008-04-29,74.95,74.95,74.15,74.15,6200,68.85
2008-04-28,74.75,75.90,74.75,75.57,2300,70.17
2008-04-25,75.34,75.77,74.93,74.99,8500,69.63
2008-04-24,75.30,75.50,74.02,75.19,11300,69.81
2008-04-23,75.41,75.41,75.28,75.28,4500,69.90
2008-04-22,74.88,74.88,74.13,74.13,2300,68.83
2008-04-21,75.07,75.29,74.32,74.78,3700,69.43
2008-04-18,76.10,76.23,75.71,76.23,9700,70.78
2008-04-17,75.52,76.46,75.09,75.57,7200,70.17
2008-04-16,74.39,75.48,72.62,75.46,15500,70.06
2008-04-15,72.20,72.21,71.92,72.03,8300,66.88
2008-04-14,70.71,71.06,70.71,71.06,4100,65.98
2008-04-11,70.13,70.55,70.13,70.55,500,65.50
2008-04-10,70.62,70.67,70.45,70.65,2000,65.60
2008-04-09,72.28,72.28,71.42,71.52,4600,66.40
2008-04-08,71.00,71.58,71.00,71.43,3600,66.32
2008-04-07,70.24,71.30,69.89,70.59,6500,65.54
2008-04-04,69.86,72.12,69.86,70.46,11600,65.42
2008-04-03,69.54,69.90,69.46,69.75,2700,64.76
2008-04-02,69.88,71.23,69.87,70.37,4700,65.34
2008-04-01,66.94,69.45,66.94,69.21,19300,64.26
2008-03-31,65.16,66.59,64.66,65.41,9800,60.73
2008-03-28,66.89,67.03,64.87,64.87,9400,60.23
2008-03-27,66.48,67.46,66.18,66.18,8100,61.45
2008-03-26,64.68,65.98,64.68,65.51,12400,60.82
2008-03-25,65.29,65.61,64.70,64.70,4100,60.07
2008-03-24,65.85,65.89,64.49,65.18,15200,60.16
2008-03-20,64.57,65.57,62.75,65.57,9600,60.52
2008-03-19,69.41,69.41,65.27,65.27,9000,60.24
2008-03-18,67.09,68.01,66.60,67.76,17100,62.54
2008-03-17,64.49,66.01,64.21,66.01,13600,60.92
2008-03-14,67.77,67.77,64.60,66.32,10500,61.21
2008-03-13,65.69,67.86,65.45,67.60,22400,62.39
2008-03-12,69.55,69.92,67.38,67.38,7400,62.19
2008-03-11,68.48,68.73,65.11,68.65,11500,63.36
2008-03-10,65.30,66.21,64.90,65.27,13200,60.24
2008-03-07,66.00,66.40,65.00,66.40,9000,61.28
2008-03-06,69.08,69.32,66.66,66.67,25900,61.53
2008-03-05,68.53,69.89,68.00,69.59,13000,64.23
2008-03-04,67.90,69.50,67.81,68.98,11600,63.66
2008-03-03,66.01,67.78,65.74,67.71,4600,62.49
2008-02-29,68.46,68.46,65.70,66.38,11100,61.26
2008-02-28,70.19,70.51,69.20,70.14,6000,64.73
2008-02-27,72.53,72.69,70.65,70.81,3000,65.35
2008-02-26,71.61,73.09,71.50,73.09,6600,67.46
2008-02-25,71.49,72.00,70.90,71.65,6400,66.13
2008-02-22,70.40,71.17,69.36,71.17,13100,65.68
2008-02-21,70.01,72.23,69.58,69.74,5700,64.36
2008-02-20,70.46,72.28,70.26,71.98,29900,66.43
2008-02-19,72.92,72.92,71.53,71.94,8500,66.39
2008-02-15,71.54,71.54,71.54,71.54,100,66.03
2008-02-14,73.50,73.53,71.45,71.45,2400,65.94
2008-02-13,73.28,73.38,71.92,72.52,2600,66.93
2008-02-12,73.05,73.05,71.99,71.99,6000,66.44
2008-02-11,71.39,71.39,69.64,70.80,7700,65.34
2008-02-08,69.59,70.28,69.17,70.04,4900,64.64
2008-02-07,69.86,71.01,69.29,70.31,6200,64.89
2008-02-06,72.90,72.99,70.76,70.78,9500,65.32
2008-02-05,74.31,74.31,71.30,71.30,29500,65.80
2008-02-04,74.24,76.93,74.24,76.00,19100,70.14
2008-02-01,71.51,73.85,71.51,73.62,29100,67.95
2008-01-31,67.61,72.40,67.61,71.12,9600,65.64
2008-01-30,69.84,71.50,66.31,69.51,49200,64.15
2008-01-29,69.00,70.26,68.79,69.11,15700,63.78
2008-01-28,66.62,68.68,66.62,68.48,12100,63.20
2008-01-25,69.29,69.76,67.00,67.72,14000,62.50
2008-01-24,72.41,72.41,68.72,68.92,12500,63.61
2008-01-23,62.08,72.15,62.08,72.03,18200,66.48
2008-01-22,66.00,70.02,57.48,68.40,22100,63.13
2008-01-18,75.78,75.78,71.91,72.68,28300,67.08
2008-01-17,79.85,80.72,74.82,74.98,33200,69.20
2008-01-16,83.02,84.04,81.00,81.00,10300,74.76
2008-01-15,83.12,85.50,82.97,82.97,9300,76.57
2008-01-14,87.73,87.73,81.50,85.44,10400,78.85
2008-01-11,85.27,85.38,84.72,85.08,9000,78.52
2008-01-10,86.71,87.28,84.77,86.76,21900,80.07
2008-01-09,84.14,86.49,84.14,86.45,12800,79.79
2008-01-08,88.13,88.13,84.60,84.60,17300,78.08
2008-01-07,83.25,85.55,83.25,85.55,28600,78.96
2008-01-04,82.05,82.99,81.78,82.00,7800,75.68
2008-01-03,82.41,83.53,82.18,82.19,7600,75.85
2008-01-02,83.70,84.04,81.43,81.79,15300,75.49
2007-12-31,85.00,85.16,83.34,83.34,8300,76.92
2007-12-28,84.91,85.54,84.91,85.05,2700,78.49
2007-12-27,85.23,85.69,84.09,84.09,3000,77.61
2007-12-26,85.75,85.98,85.07,85.46,14200,78.87
2007-12-24,86.08,86.26,85.77,86.04,16300,79.41
2007-12-21,85.80,86.42,85.66,86.24,21400,79.59
2007-12-20,85.26,85.26,83.75,84.66,9500,78.13
2007-12-19,89.57,90.18,89.07,89.29,2900,78.18
2007-12-18,88.14,89.65,88.14,89.65,6300,78.49
2007-12-17,88.27,88.71,86.68,87.05,39400,76.22
2007-12-14,91.01,91.36,89.00,89.00,11100,77.93
2007-12-13,90.35,92.52,89.77,91.99,9900,80.54
2007-12-12,92.97,92.97,89.05,90.55,13900,79.28
2007-12-11,94.74,95.00,89.95,90.02,38200,78.82
2007-12-10,95.00,95.00,93.51,94.12,38900,82.41
2007-12-07,93.61,94.48,92.49,93.70,51600,82.04
2007-12-06,95.80,95.80,92.00,93.45,14300,81.82
2007-12-05,94.00,94.00,91.24,93.25,10700,81.65
2007-12-04,88.93,91.50,88.75,90.93,8300,79.62
2007-12-03,89.85,89.85,88.49,89.31,10500,78.20
2007-11-30,88.17,88.17,87.36,87.47,3400,76.59
2007-11-29,87.51,87.85,86.62,87.53,4500,76.64
2007-11-28,86.12,87.52,85.53,87.52,4500,76.63
2007-11-27,84.89,85.95,83.69,85.28,18800,74.67
2007-11-26,87.35,87.35,84.29,84.40,9600,73.90
2007-11-23,84.47,85.48,84.47,85.48,27200,74.84
2007-11-21,86.66,86.66,84.96,84.96,5600,74.39
2007-11-20,84.15,88.00,84.15,86.63,8600,75.85
2007-11-19,84.39,85.51,83.99,84.21,37300,73.73
2007-11-16,85.00,85.00,83.00,84.63,1200,74.10
2007-11-15,83.90,84.89,83.15,84.39,10300,73.89
2007-11-14,84.26,85.16,83.72,83.72,5800,73.30
2007-11-13,83.58,84.18,81.34,84.18,7000,73.71
2007-11-12,85.48,85.50,82.84,83.00,4900,72.67
2007-11-09,85.34,87.16,84.86,85.62,7800,74.97
2007-11-08,85.24,87.68,85.24,87.35,8400,76.48
2007-11-07,87.64,87.64,85.00,85.00,4300,74.42
2007-11-06,88.06,88.54,86.72,88.54,5500,77.52
2007-11-05,87.50,88.10,87.20,87.50,8600,76.61
2007-11-02,86.00,86.88,85.70,86.70,21500,75.91
2007-11-01,87.51,88.40,85.69,85.76,28900,75.09
2007-10-31,87.12,89.32,87.12,88.79,10700,77.74
2007-10-30,86.91,87.62,86.48,86.66,3700,75.88
2007-10-29,87.40,87.47,86.46,87.05,5900,76.22
2007-10-26,84.29,85.83,83.86,85.83,12900,75.15
2007-10-25,81.28,83.33,81.14,83.28,40700,72.92
2007-10-24,79.20,80.50,78.44,80.29,4600,70.30
2007-10-23,80.52,80.52,78.86,79.53,35800,69.63
2007-10-22,77.45,79.93,77.45,79.93,27000,69.98
2007-10-19,81.99,81.99,78.63,78.63,6800,68.85
2007-10-18,82.28,82.84,82.28,82.35,1300,72.10
2007-10-17,83.99,84.06,81.55,82.64,7300,72.36
2007-10-16,83.57,84.10,83.45,83.45,1400,73.07
2007-10-15,86.50,86.50,83.00,83.54,6300,73.15
2007-10-12,85.90,86.14,85.40,85.51,7600,74.87
2007-10-11,85.50,86.26,84.10,84.97,5800,74.40
2007-10-10,84.70,84.70,83.75,84.04,2600,73.58
2007-10-09,83.28,85.50,83.28,85.50,2200,74.86
2007-10-08,83.51,83.80,82.96,83.00,2100,72.67
2007-10-05,83.41,84.09,83.00,83.53,8400,73.14
2007-10-04,81.95,82.57,81.95,82.57,1600,72.30
2007-10-03,81.14,81.36,80.46,81.32,12000,71.20
2007-10-02,81.72,81.72,80.78,81.21,2500,71.11
2007-10-01,80.27,81.66,80.27,81.24,5300,71.13
2007-09-28,81.50,81.50,79.24,79.25,7100,69.39
2007-09-27,81.50,81.51,80.98,81.14,5900,71.04
2007-09-26,81.88,82.52,81.78,82.02,5000,71.81
2007-09-25,81.45,81.85,80.71,80.71,3000,70.67
2007-09-24,81.70,82.62,81.60,81.60,2600,71.07
2007-09-21,81.90,82.71,81.80,81.80,900,71.24
2007-09-20,82.19,82.65,80.98,81.05,6100,70.59
2007-09-19,81.34,82.90,81.34,82.86,7600,72.16
2007-09-18,78.00,81.30,77.82,80.65,8300,70.24
2007-09-17,77.60,77.83,76.85,76.85,1600,66.93
2007-09-14,77.20,78.22,77.11,78.14,1700,68.05
2007-09-13,78.10,78.45,77.62,77.62,8900,67.60
2007-09-12,76.51,77.94,76.51,77.76,8300,67.72
2007-09-11,75.64,76.80,75.64,76.46,6500,66.59
2007-09-10,75.57,75.65,73.96,75.57,7300,65.82
2007-09-07,75.90,76.42,74.71,75.44,17900,65.70
2007-09-06,75.80,77.62,75.80,77.11,1600,67.16
2007-09-05,75.96,76.31,75.00,76.31,7000,66.46
2007-09-04,75.27,77.65,75.27,77.65,6000,67.63
2007-08-31,75.75,75.75,73.70,74.70,3500,65.06
2007-08-30,74.69,75.33,73.79,73.79,3000,64.27
2007-08-29,73.56,75.20,72.85,75.20,7100,65.49
2007-08-28,73.84,74.17,71.71,71.71,2200,62.45
2007-08-27,76.20,76.20,73.87,74.00,6600,64.45
2007-08-24,77.00,78.37,76.20,78.37,2400,68.25
2007-08-23,77.51,77.60,76.26,76.88,3500,66.96
2007-08-22,76.70,76.88,75.33,76.72,2900,66.82
2007-08-21,74.12,75.57,74.12,75.03,2300,65.35
2007-08-20,74.80,74.89,73.15,74.78,2800,65.13
2007-08-17,71.56,75.00,70.97,74.70,4600,65.06
2007-08-16,70.65,70.77,66.71,70.15,4600,61.10
2007-08-15,73.87,75.21,71.87,72.24,6800,62.92
2007-08-14,75.82,75.82,74.00,74.07,8900,64.51
2007-08-13,78.31,78.46,76.68,76.68,1400,66.78
2007-08-10,74.70,77.01,74.27,76.66,7700,66.77
2007-08-09,78.63,79.77,77.50,77.50,5100,67.50
2007-08-08,80.95,82.33,79.22,80.18,10800,69.83
2007-08-07,75.40,80.07,75.30,79.53,9400,69.26
2007-08-06,73.32,76.54,70.79,76.54,12500,66.66
2007-08-03,78.76,78.76,72.53,72.53,47400,63.17
2007-08-02,79.93,80.15,76.77,78.18,35700,68.09
2007-08-01,73.43,77.09,73.35,77.09,33300,67.14
2007-07-31,74.91,76.09,72.83,72.99,10200,63.57
2007-07-30,72.00,73.55,71.42,73.30,7000,63.84
2007-07-27,74.20,74.84,72.19,72.19,12400,62.87
2007-07-26,77.30,78.46,73.00,75.35,65900,65.62
2007-07-25,80.99,81.32,77.92,79.59,36000,69.32
2007-07-24,84.06,84.06,79.00,79.15,13800,68.93
2007-07-23,85.13,86.20,85.00,85.06,7500,74.08
2007-07-20,86.76,86.76,84.18,84.18,4900,73.31
2007-07-19,84.68,86.98,84.68,86.98,13500,75.75
2007-07-18,81.76,83.44,81.76,83.20,18900,72.46
2007-07-17,83.61,84.48,82.60,82.60,11100,71.94
2007-07-16,84.94,85.00,82.84,82.84,4100,72.15
2007-07-13,82.99,85.50,82.90,85.07,12700,74.09
2007-07-12,81.65,83.00,81.48,82.99,5200,72.28
2007-07-11,79.94,80.72,79.83,80.72,2900,70.30
2007-07-10,81.92,82.01,80.26,80.26,8600,69.90
2007-07-09,81.91,82.73,81.91,82.38,6200,71.75
2007-07-06,82.12,82.12,80.50,81.79,19500,71.23
2007-07-05,82.90,83.61,80.70,82.38,28100,71.75
2007-07-03,83.68,84.09,82.30,82.84,19700,72.15
2007-07-02,82.00,82.86,81.46,82.86,41500,72.16
2007-06-29,79.89,81.07,78.80,79.86,9300,69.55
2007-06-28,80.31,81.51,79.65,79.65,6100,69.37
2007-06-27,76.72,79.80,76.60,79.80,13700,69.50
2007-06-26,79.56,80.60,77.68,77.68,18300,67.65
2007-06-25,78.64,80.76,78.46,79.07,21100,68.13
2007-06-22,80.28,80.88,78.17,78.59,9300,67.71
2007-06-21,80.05,81.81,79.18,80.79,7500,69.61
2007-06-20,84.65,84.65,80.19,80.19,8400,69.09
2007-06-19,83.74,84.50,83.24,84.35,9600,72.68
2007-06-18,85.57,85.57,83.75,84.40,9700,72.72
2007-06-15,84.71,86.09,84.71,85.82,9700,73.94
2007-06-14,83.58,84.00,82.57,83.14,10600,71.63
2007-06-13,81.34,82.50,81.01,82.31,25500,70.92
2007-06-12,81.13,81.13,79.44,79.51,11500,68.51
2007-06-11,80.69,82.69,80.14,81.80,18000,70.48
2007-06-08,78.58,80.34,78.58,80.07,38600,68.99
2007-06-07,83.75,83.75,78.77,78.84,29500,67.93
2007-06-06,85.24,85.40,83.70,83.76,13700,72.17
2007-06-05,88.80,88.80,86.51,86.90,10400,74.87
2007-06-04,89.24,89.31,87.90,88.92,17900,76.61
2007-06-01,90.62,91.05,89.22,89.40,12200,77.03
2007-05-31,89.98,90.84,89.76,90.47,7300,77.95
2007-05-30,87.02,89.94,87.02,89.84,15400,77.41
2007-05-29,87.17,88.86,87.17,87.90,8300,75.73
2007-05-25,87.53,88.23,85.45,86.40,24600,74.44
2007-05-24,91.40,91.73,86.82,87.01,27900,74.97
2007-05-23,94.19,94.51,91.56,92.00,15500,79.27
2007-05-22,94.82,95.10,94.01,94.01,8300,81.00
2007-05-21,94.62,94.82,94.00,94.63,7200,81.53
2007-05-18,93.83,94.45,93.31,94.45,7500,81.38
2007-05-17,93.71,93.81,93.00,93.34,8100,80.42
2007-05-16,93.79,94.00,93.12,93.98,4300,80.97
2007-05-15,93.38,94.82,92.84,92.84,10100,79.99
2007-05-14,92.49,93.04,92.48,92.71,9900,79.88
2007-05-11,91.19,92.10,91.19,92.10,3600,79.35
2007-05-10,92.37,92.58,90.79,90.79,10400,78.22
2007-05-09,92.14,92.93,92.01,92.87,22900,80.02
2007-05-08,92.79,92.79,91.85,92.19,3600,79.43
2007-05-07,92.63,93.34,92.63,93.20,8300,80.30
2007-05-04,91.95,92.36,91.30,91.44,6100,78.78
2007-05-03,92.29,92.36,90.98,91.61,9400,78.93
2007-05-02,90.78,91.86,90.67,91.83,3900,79.12
2007-05-01,89.89,91.03,89.00,90.88,20800,78.30
2007-04-30,91.44,91.53,88.57,89.00,17500,76.68
2007-04-27,90.97,91.00,90.42,90.54,11800,78.01
2007-04-26,92.89,92.90,92.11,92.11,3700,79.36
2007-04-25,92.33,93.17,92.09,92.86,10600,80.01
2007-04-24,90.65,91.98,90.55,91.59,21100,78.91
2007-04-23,89.83,91.20,89.83,90.58,8200,78.04
2007-04-20,89.27,89.70,88.90,89.02,2600,76.70
2007-04-19,87.83,88.14,87.74,88.09,3300,75.90
2007-04-18,88.27,88.89,88.10,88.89,1200,76.59
2007-04-17,88.15,88.71,87.87,88.57,11400,76.31
2007-04-16,86.83,87.46,86.54,87.46,3400,75.36
2007-04-13,86.29,86.94,85.91,86.40,2300,74.44
2007-04-12,86.76,86.76,85.77,86.17,1900,74.24
2007-04-11,87.92,87.92,86.89,86.92,6400,74.89
2007-04-10,86.98,87.73,86.98,87.70,3200,75.56
2007-04-09,86.13,87.22,86.13,87.10,6600,75.05
2007-04-05,84.74,85.88,84.74,85.88,2200,73.99
2007-04-04,85.86,85.86,84.93,85.12,4300,73.34
2007-04-03,85.85,86.24,85.46,85.80,5800,73.92
2007-04-02,83.00,85.69,83.00,85.69,5900,73.83
2007-03-30,84.00,84.00,81.10,82.17,2100,70.80
2007-03-29,83.55,84.05,82.94,82.94,2700,71.46
2007-03-28,83.88,83.90,83.16,83.16,2300,71.65
2007-03-27,83.00,83.43,82.52,83.15,1500,71.64
2007-03-26,82.40,83.46,82.18,83.37,5400,71.83
2007-03-23,81.62,82.57,81.62,82.57,3300,71.14
2007-03-22,81.98,82.06,81.34,81.92,3400,70.58
2007-03-21,79.49,81.96,79.49,81.68,4600,70.38
2007-03-20,78.86,79.83,78.86,79.83,900,68.78
2007-03-19,77.04,77.09,77.04,77.09,200,66.42
2007-03-16,77.04,77.74,76.52,76.52,5100,65.93
2007-03-15,75.74,77.03,75.74,77.03,600,66.37
2007-03-14,75.23,75.23,75.20,75.21,1100,64.80
2007-03-13,76.62,76.62,76.62,76.62,000,66.02
2007-03-12,75.34,76.62,75.34,76.62,500,66.02
2007-03-09,75.14,75.62,75.14,75.30,1500,64.88
2007-03-08,75.38,75.77,74.95,74.95,1000,64.58
2007-03-07,75.07,75.07,74.71,74.71,200,64.37
2007-03-06,73.46,74.48,73.31,74.48,2200,64.17
2007-03-05,73.45,74.35,73.31,73.31,1000,63.16
2007-03-02,76.25,76.25,75.47,75.47,1100,65.02
2007-03-01,75.35,77.67,74.24,77.38,1900,66.67
2007-02-28,76.70,76.86,76.70,76.85,1900,66.21
2007-02-27,80.14,80.14,76.15,76.47,3600,65.89
2007-02-26,82.94,82.94,80.96,81.02,26000,69.81
2007-02-23,77.41,77.41,77.41,77.41,200,66.70
2007-02-22,76.45,76.45,75.99,75.99,200,65.47
2007-02-21,75.97,75.97,75.55,75.89,3600,65.39
2007-02-20,76.17,76.17,76.17,76.17,200,65.63
2007-02-16,75.65,75.95,75.62,75.95,5900,65.44
2007-02-15,76.07,76.28,76.07,76.22,6100,65.67
2007-02-14,77.39,77.39,76.89,76.89,2200,66.25
2007-02-13,76.03,76.03,76.03,76.03,300,65.51
2007-02-12,75.10,75.14,75.10,75.14,300,64.74
2007-02-09,75.70,75.81,74.79,75.16,4200,64.76
2007-02-08,75.23,75.40,75.23,75.40,800,64.96
2007-02-07,74.86,74.86,74.74,74.74,800,64.40
2007-02-06,72.33,72.33,72.33,72.33,000,62.32
2007-02-05,72.33,72.33,72.33,72.33,100,62.32
2007-02-02,71.79,72.04,71.79,72.04,200,62.07
2007-02-01,70.70,70.70,70.70,70.70,600,60.91