2011-05-10,14.40,14.40,14.10,14.12,254000,14.12
2011-05-09,14.04,14.22,13.83,14.20,219000,14.20
2011-05-06,13.91,14.08,13.71,13.78,366200,13.78
2011-05-05,14.08,14.14,13.68,13.83,485400,13.83
2011-05-04,14.47,14.47,14.05,14.23,325500,14.23
2011-05-03,14.23,14.58,14.14,14.34,344400,14.34
2011-05-02,14.23,14.43,14.18,14.34,228000,14.34
2011-04-29,14.33,14.33,14.17,14.30,311000,14.30
2011-04-28,14.65,14.66,14.37,14.47,707300,14.47
2011-04-27,14.75,14.85,14.53,14.82,264500,14.82
2011-04-26,14.74,14.92,14.72,14.77,264700,14.77
2011-04-25,15.00,15.02,14.71,14.78,315900,14.78
2011-04-21,14.95,15.01,14.83,14.90,193200,14.90
2011-04-20,14.85,14.93,14.77,14.86,349600,14.86
2011-04-19,14.60,14.66,14.49,14.59,316500,14.59
2011-04-18,14.78,14.82,14.44,14.60,724200,14.60
2011-04-15,14.85,14.94,14.78,14.86,607500,14.86
2011-04-14,14.45,14.79,14.35,14.79,1140500,14.79
2011-04-13,14.56,14.64,14.45,14.51,402400,14.51
2011-04-12,14.74,14.75,14.27,14.50,870800,14.50
2011-04-11,15.56,15.60,15.03,15.07,404700,15.07
2011-04-08,15.35,15.57,15.35,15.45,691900,15.45
2011-04-07,15.45,15.59,15.13,15.30,587300,15.30
2011-04-06,15.55,15.66,15.40,15.48,655900,15.48
2011-04-05,15.48,15.48,15.29,15.42,468800,15.42
2011-04-04,15.20,15.32,15.12,15.32,575000,15.32
2011-04-01,15.00,15.12,14.90,15.04,415800,15.04
2011-03-31,14.74,15.00,14.74,14.85,395200,14.85
2011-03-30,14.76,14.90,14.69,14.84,462800,14.84
2011-03-29,14.76,14.88,14.40,14.58,722700,14.58
2011-03-28,15.45,15.60,14.81,14.88,1157900,14.88
2011-03-25,15.93,15.93,15.66,15.69,395400,15.69
2011-03-24,15.98,16.00,15.57,15.67,663400,15.67
2011-03-23,15.92,15.94,15.55,15.84,1051800,15.84
2011-03-22,16.40,16.43,15.81,15.95,1706400,15.95
2011-03-21,15.95,16.25,15.59,16.04,3219500,16.04
2011-03-18,14.27,14.99,14.05,14.85,3873100,14.85
2011-03-17,13.76,13.86,13.46,13.60,3809300,13.60
2011-03-16,14.73,15.13,13.25,13.55,2587200,13.55
2011-03-15,13.66,14.54,13.25,14.50,3839500,14.50
2011-03-14,15.52,15.99,14.38,15.73,2938500,15.73
2011-03-11,18.70,19.20,18.51,19.04,405700,19.04
2011-03-10,19.50,19.50,18.90,18.91,510900,18.91
2011-03-09,20.16,20.30,19.80,19.80,243500,19.80
2011-03-08,20.33,20.39,20.02,20.07,318900,20.07
2011-03-07,20.82,20.99,20.00,20.26,277400,20.26
2011-03-04,20.91,21.05,20.72,20.91,144800,20.91
2011-03-03,20.76,21.00,20.72,20.97,180000,20.97
2011-03-02,20.75,20.93,20.63,20.74,217400,20.74
2011-03-01,21.01,21.01,20.63,20.68,195800,20.68
2011-02-28,21.01,21.14,20.75,20.89,201300,20.89
2011-02-25,20.24,20.88,20.24,20.82,190600,20.82
2011-02-24,20.05,20.38,19.95,20.11,211900,20.11
2011-02-23,20.09,20.16,19.85,20.05,245000,20.05
2011-02-22,20.82,20.97,20.00,20.07,866600,20.07
2011-02-18,21.72,21.72,21.15,21.24,275600,21.24
2011-02-17,21.67,21.67,21.35,21.64,153700,21.64
2011-02-16,21.88,21.88,21.47,21.58,260900,21.58
2011-02-15,22.29,22.35,21.61,21.76,605500,21.76
2011-02-14,21.75,22.20,21.63,22.13,440500,22.13
2011-02-11,21.53,21.70,21.37,21.55,157200,21.55
2011-02-10,21.52,21.61,21.18,21.53,196200,21.53
2011-02-09,22.03,22.03,21.53,21.67,199100,21.67
2011-02-08,21.83,21.89,21.59,21.80,206300,21.80
2011-02-07,21.87,22.02,21.68,21.76,389900,21.76
2011-02-04,22.18,22.18,21.54,21.96,298000,21.96
2011-02-03,22.23,22.23,21.71,22.02,628300,22.02
2011-02-02,22.00,22.42,21.96,22.28,798400,22.28
2011-02-01,21.29,22.00,21.24,21.93,569500,21.93
2011-01-31,20.11,20.88,20.06,20.87,417200,20.87
2011-01-28,20.30,20.30,19.99,19.99,171800,19.99
2011-01-27,20.94,20.94,20.22,20.36,137500,20.36
2011-01-26,20.26,20.71,20.25,20.69,361700,20.69
2011-01-25,20.34,20.39,20.00,20.16,293600,20.16
2011-01-24,20.28,20.53,20.15,20.48,211700,20.48
2011-01-21,20.66,20.68,20.32,20.33,335500,20.33
2011-01-20,20.60,20.61,20.10,20.39,461600,20.39
2011-01-19,21.67,21.89,20.83,20.91,346100,20.91
2011-01-18,20.74,21.34,20.74,21.30,392800,21.30
2011-01-14,20.55,20.69,20.35,20.67,135300,20.67
2011-01-13,20.70,20.90,20.42,20.66,228200,20.66
2011-01-12,20.51,20.55,20.15,20.55,432800,20.55
2011-01-11,19.51,19.83,19.51,19.67,506700,19.67
2011-01-10,19.13,19.49,18.94,19.45,114300,19.45
2011-01-07,19.65,19.65,19.04,19.34,152700,19.34
2011-01-06,19.97,19.97,19.45,19.48,156400,19.48
2011-01-05,19.98,20.02,19.78,19.96,155800,19.96
2011-01-04,20.84,20.91,19.91,20.31,373700,20.31
2011-01-03,20.83,20.97,20.65,20.86,382900,20.86
2010-12-31,20.25,20.54,20.20,20.47,133200,20.47
2010-12-30,20.26,20.34,20.00,20.22,264800,20.22
2010-12-29,19.84,20.24,19.72,20.11,328600,20.11
2010-12-28,19.88,20.15,19.84,20.09,186200,19.70
2010-12-27,19.80,19.83,19.69,19.82,57900,19.44
2010-12-23,19.99,19.99,19.77,19.88,105900,19.50
2010-12-22,20.00,20.05,19.87,19.88,136800,19.50
2010-12-21,19.88,19.95,19.80,19.90,270800,19.51
2010-12-20,19.75,19.88,19.65,19.83,168000,19.45
2010-12-17,19.69,19.69,19.29,19.59,183100,19.21
2010-12-16,19.40,19.64,19.34,19.50,144900,19.12
2010-12-15,19.59,19.67,19.21,19.23,165200,18.86
2010-12-14,20.04,20.04,19.40,19.52,208000,19.14
2010-12-13,20.14,20.16,19.80,19.85,204400,19.47
2010-12-10,19.86,19.86,19.29,19.81,228100,19.43
2010-12-09,19.65,20.00,19.60,19.80,263300,19.42
2010-12-08,20.22,20.22,19.55,19.60,464400,19.22
2010-12-07,20.74,20.74,20.08,20.19,637700,19.80
2010-12-06,20.07,20.19,19.89,20.15,383100,19.76
2010-12-03,20.22,20.22,19.87,20.01,236000,19.62
2010-12-02,20.08,20.27,19.98,20.04,592900,19.65
2010-12-01,19.70,20.06,19.50,19.95,406100,19.56
2010-11-30,19.34,19.49,19.11,19.29,479900,18.92
2010-11-29,19.50,19.50,18.91,19.38,458500,19.00
2010-11-26,19.03,19.38,18.83,19.28,546500,18.91
2010-11-24,17.99,18.64,17.99,18.57,574100,18.21
2010-11-23,17.56,17.67,17.25,17.66,195000,17.32
2010-11-22,17.90,17.90,17.50,17.77,138900,17.43
2010-11-19,17.67,17.80,17.26,17.73,146900,17.39
2010-11-18,17.64,17.81,17.55,17.68,259500,17.34
2010-11-17,16.62,16.96,16.40,16.96,279000,16.63
2010-11-16,17.50,17.50,16.29,16.53,745600,16.21
2010-11-15,18.78,18.78,17.76,17.85,156900,17.50
2010-11-12,18.54,18.59,17.69,18.14,354100,17.79
2010-11-11,19.00,19.02,18.52,18.95,670600,18.58
2010-11-10,18.66,18.85,18.00,18.79,731800,18.43
2010-11-09,19.36,19.92,18.30,18.50,2009800,18.14
2010-11-08,17.45,19.13,17.32,19.13,1530100,18.76
2010-11-05,17.24,17.24,16.58,17.21,289400,16.88