2011-05-10,61.29,62.83,61.27,62.67,499900,62.67
2011-05-09,60.28,61.10,59.80,60.91,387600,60.91
2011-05-06,62.13,62.13,59.90,60.26,848300,60.26
2011-05-05,60.40,62.02,60.25,61.01,732600,61.01
2011-05-04,61.78,61.98,60.69,61.24,389900,61.24
2011-05-03,62.69,63.27,60.53,61.88,555300,61.88
2011-05-02,63.28,63.68,61.87,62.72,393600,62.72
2011-04-29,63.62,63.62,61.35,62.85,509000,62.85
2011-04-28,62.25,63.79,62.02,63.42,469700,63.42
2011-04-27,61.55,62.16,61.00,61.95,289600,61.95
2011-04-26,60.70,61.79,60.13,61.45,415500,61.45
2011-04-25,59.90,60.63,59.29,60.29,394300,60.29
2011-04-21,59.30,59.76,58.42,59.71,511600,59.71
2011-04-20,58.54,58.98,57.71,58.87,548700,58.87
2011-04-19,56.88,57.62,56.80,57.53,385200,57.53
2011-04-18,56.84,56.91,56.00,56.67,435400,56.67
2011-04-15,56.79,57.92,56.72,57.89,536300,57.89
2011-04-14,54.66,56.72,54.59,56.53,441900,56.53
2011-04-13,55.66,55.87,54.81,55.08,235500,55.08
2011-04-12,55.01,55.76,54.97,55.18,315500,55.18
2011-04-11,55.67,56.38,55.15,55.40,257600,55.40
2011-04-08,56.86,57.26,55.20,55.49,538500,55.49
2011-04-07,57.77,57.77,55.90,56.40,511100,56.40
2011-04-06,58.16,58.21,57.35,57.57,189500,57.57
2011-04-05,57.41,58.15,57.38,57.70,212600,57.70
2011-04-04,58.07,58.13,57.40,57.64,170900,57.64
2011-04-01,58.02,58.37,57.13,57.67,555900,57.67
2011-03-31,56.44,57.41,56.34,57.33,310800,57.33
2011-03-30,55.76,56.69,55.41,56.51,383100,56.51
2011-03-29,54.74,55.48,53.79,55.33,383300,55.33
2011-03-28,55.01,55.36,54.54,54.79,322300,54.79
2011-03-25,54.64,55.35,54.20,54.90,214900,54.90
2011-03-24,54.29,54.54,53.11,54.24,262100,54.24
2011-03-23,54.39,54.47,53.00,53.68,515700,53.68
2011-03-22,55.72,55.79,54.56,54.75,174600,54.75
2011-03-21,55.54,56.13,55.21,55.73,341300,55.73
2011-03-18,54.35,54.94,54.06,54.50,291400,54.50
2011-03-17,53.86,54.12,52.74,53.53,288500,53.53
2011-03-16,54.24,54.35,52.00,52.72,515500,52.72
2011-03-15,52.66,54.93,52.28,54.21,733600,54.21
2011-03-14,55.02,55.36,54.46,54.99,351300,54.99
2011-03-11,54.26,55.97,54.10,55.80,449300,55.80
2011-03-10,55.40,55.40,54.44,54.55,488600,54.55
2011-03-09,56.04,56.78,55.37,56.27,287400,56.27
2011-03-08,54.97,56.70,54.86,56.19,401000,56.19
2011-03-07,55.89,56.21,54.09,54.67,541900,54.67
2011-03-04,56.59,56.68,54.92,55.48,501700,55.48
2011-03-03,56.10,56.57,55.73,56.44,573500,56.44
2011-03-02,55.65,56.08,54.57,54.94,882400,54.94
2011-03-01,59.40,59.40,55.82,55.88,894200,55.88
2011-02-28,57.45,59.12,57.40,59.12,629400,59.12
2011-02-25,55.15,56.70,55.03,56.67,332400,56.67
2011-02-24,55.14,55.55,53.75,54.64,496000,54.64
2011-02-23,56.10,56.60,54.59,55.25,581500,55.25
2011-02-22,56.49,57.44,55.96,56.29,971800,56.29
2011-02-18,57.08,57.51,56.80,57.33,346500,57.33
2011-02-17,56.58,57.22,56.57,56.90,302000,56.90
2011-02-16,56.87,57.49,56.21,56.77,494800,56.77
2011-02-15,56.24,56.72,55.75,56.28,257200,56.28
2011-02-14,56.98,57.08,56.04,56.68,307700,56.68
2011-02-11,55.88,56.87,55.56,56.71,404900,56.71
2011-02-10,55.24,56.25,55.22,55.94,449100,55.94
2011-02-09,55.27,55.72,55.08,55.64,396200,55.64
2011-02-08,55.13,55.75,55.07,55.47,436700,55.47
2011-02-07,54.11,55.25,53.98,55.03,480900,55.03
2011-02-04,54.94,55.04,53.60,53.91,552200,53.91
2011-02-03,54.40,55.09,54.09,54.95,377100,54.95
2011-02-02,54.50,55.25,54.42,54.64,358200,54.64
2011-02-01,54.81,54.92,53.50,54.64,670500,54.64
2011-01-31,53.11,54.52,53.04,54.17,669400,54.17
2011-01-28,54.69,55.09,52.56,52.76,778800,52.76
2011-01-27,53.92,54.80,53.43,54.57,671400,54.57
2011-01-26,53.15,53.43,52.40,53.10,563400,53.10
2011-01-25,51.36,52.80,51.19,52.73,1021200,52.73
2011-01-24,51.34,52.22,51.05,51.70,557700,51.70
2011-01-21,51.50,51.50,50.88,51.25,433200,51.25
2011-01-20,50.77,51.74,50.54,50.93,686000,50.93
2011-01-19,52.28,52.29,50.50,50.85,937900,50.85
2011-01-18,51.38,52.29,50.95,52.24,669600,52.24
2011-01-14,50.57,51.35,50.36,51.32,379400,51.32
2011-01-13,50.30,50.94,50.08,50.57,543500,50.57
2011-01-12,50.56,50.70,49.94,50.34,447400,50.34
2011-01-11,50.31,50.66,49.19,49.87,392800,49.87
2011-01-10,49.74,50.30,49.08,50.06,402700,50.06
2011-01-07,50.37,50.78,49.20,50.03,670300,50.03
2011-01-06,50.66,51.07,49.97,50.11,456800,50.11
2011-01-05,49.96,50.90,49.89,50.79,388100,50.79
2011-01-04,52.49,52.60,49.82,50.29,886000,50.29
2011-01-03,51.10,52.37,51.00,52.22,664300,52.22
2010-12-31,50.70,51.18,50.40,50.62,254500,50.62
2010-12-30,50.69,51.08,50.39,50.73,284300,50.73
2010-12-29,50.23,50.66,49.91,50.57,379200,50.57
2010-12-28,50.23,50.40,49.55,50.21,488900,50.21
2010-12-27,48.71,49.97,48.48,49.90,254400,49.90
2010-12-23,49.30,49.52,48.82,48.93,320100,48.93
2010-12-22,48.33,49.80,48.33,49.23,710200,49.23
2010-12-21,47.91,48.64,47.72,48.52,993400,48.52
2010-12-20,46.81,47.82,46.47,47.54,691800,47.54
2010-12-17,45.92,46.54,45.66,46.43,470700,46.43
2010-12-16,45.82,46.18,45.23,45.77,423800,45.77
2010-12-15,46.50,47.10,45.50,45.64,712800,45.64
2010-12-14,47.50,48.41,46.17,46.64,701400,46.64
2010-12-13,47.69,48.01,47.20,47.45,313700,47.45
2010-12-10,46.60,47.70,46.54,47.20,528800,47.20
2010-12-09,47.62,47.90,46.29,46.49,684400,46.49
2010-12-08,48.78,49.03,46.75,47.30,813000,47.30
2010-12-07,49.46,49.60,48.65,48.78,799300,48.78
2010-12-06,48.32,48.82,47.43,48.53,670300,48.53
2010-12-03,47.73,48.67,47.52,48.44,621700,48.44
2010-12-02,47.29,48.44,47.04,48.33,902000,48.33
2010-12-01,47.32,47.50,46.20,47.03,644500,47.03
2010-11-30,45.66,46.87,45.66,46.25,695700,46.25
2010-11-29,46.16,46.88,45.42,46.63,459500,46.63
2010-11-26,46.46,47.08,46.28,46.72,212000,46.72
2010-11-24,45.90,47.04,45.90,46.98,570300,46.98
2010-11-23,44.82,45.38,44.75,45.25,706300,45.25
2010-11-22,45.42,46.21,45.37,45.96,632100,45.96
2010-11-19,45.00,45.90,44.31,45.69,530200,45.69
2010-11-18,46.01,46.16,45.12,45.21,841800,45.21
2010-11-17,44.09,45.16,43.88,44.63,965500,44.63
2010-11-16,46.49,46.52,43.27,43.93,2399700,43.93
2010-11-15,48.26,48.69,46.90,46.95,739500,46.95
2010-11-12,48.31,49.10,47.49,47.94,1311700,47.94
2010-11-11,49.11,49.70,48.58,48.87,586700,48.87
2010-11-10,48.66,49.67,48.50,49.66,937300,49.66
2010-11-09,52.70,52.71,47.74,48.54,2223700,48.54
2010-11-08,52.42,52.82,51.47,52.28,602700,52.28
2010-11-05,52.00,53.43,51.40,52.82,1098500,52.82
2010-11-04,50.26,51.92,50.11,51.78,1696600,51.78
2010-11-03,49.50,49.61,48.56,49.37,718900,49.37
2010-11-02,49.47,49.71,48.87,49.43,564600,49.43
2010-11-01,48.42,49.68,48.21,48.77,687700,48.77
2010-10-29,47.79,48.42,47.62,48.00,677800,48.00
2010-10-28,48.95,49.29,47.08,47.93,1067200,47.93
2010-10-27,49.05,49.30,47.97,48.59,998600,48.59
2010-10-26,49.40,49.76,48.99,49.46,1114900,49.46
2010-10-25,50.57,50.79,50.08,50.17,952000,50.17
2010-10-22,50.26,50.61,49.39,49.97,606900,49.97
2010-10-21,50.50,51.11,49.40,49.98,1665000,49.98
2010-10-20,48.24,50.92,48.24,50.11,2224600,50.11
2010-10-19,48.11,49.57,47.78,48.18,1661700,48.18
2010-10-18,48.00,49.40,47.97,49.40,1129800,49.40
2010-10-15,48.66,49.16,48.04,48.21,1244100,48.21
2010-10-14,48.43,48.98,47.73,48.36,1364100,48.36
2010-10-13,48.26,49.50,47.96,48.62,1234200,48.62
2010-10-12,46.63,47.98,46.36,47.71,1248900,47.71
2010-10-11,47.09,47.35,46.76,46.93,621400,46.93
2010-10-08,46.78,47.29,46.34,47.00,871900,47.00
2010-10-07,47.06,47.40,46.43,46.81,945700,46.81
2010-10-06,46.74,46.95,46.11,46.65,1093600,46.65
2010-10-05,46.38,47.35,45.74,47.01,1838300,47.01
2010-10-04,44.77,45.75,44.73,45.75,930200,45.75
2010-10-01,45.00,45.40,43.95,45.00,1146600,45.00
2010-09-30,44.96,45.78,43.95,44.49,2122300,44.49
2010-09-29,44.85,44.90,44.02,44.37,1159800,44.37
2010-09-28,44.86,45.25,43.46,45.07,1843600,45.07
2010-09-27,46.05,46.05,44.36,44.74,1346400,44.74
2010-09-24,44.40,45.77,44.31,45.62,1816300,45.62
2010-09-23,44.68,44.93,43.02,43.33,2232600,43.33
2010-09-22,45.95,46.65,45.10,45.34,1400200,45.34
2010-09-21,47.98,47.98,46.20,46.30,2395400,46.30
2010-09-20,46.16,48.29,46.06,47.99,3488000,47.85
2010-09-17,45.98,46.25,45.14,45.86,880000,45.73
2010-09-16,45.86,46.20,45.32,45.67,1189500,45.54
2010-09-15,45.05,46.39,44.77,46.11,1456200,45.98
2010-09-14,45.41,46.00,44.92,45.40,1810700,45.27
2010-09-13,45.15,45.80,44.88,45.65,1235700,45.52
2010-09-10,44.27,44.68,43.67,44.30,725000,44.17
2010-09-09,45.66,45.85,43.62,43.91,851700,43.78
2010-09-08,44.79,45.31,44.44,44.66,1001800,44.53
2010-09-07,45.31,45.46,44.47,44.52,1228900,44.39
2010-09-03,45.80,46.00,45.00,45.81,1388400,45.68
2010-09-02,43.63,44.78,43.47,44.65,1327900,44.52
2010-09-01,41.99,43.80,41.96,43.61,1723600,43.49
2010-08-31,40.09,41.24,39.75,41.02,1468300,40.90
2010-08-30,40.80,41.52,40.26,40.32,1206600,40.20
2010-08-27,40.25,41.10,38.60,41.03,1869100,40.91
2010-08-26,40.58,41.21,39.61,39.75,1240100,39.64
2010-08-25,38.56,40.57,38.38,40.20,1575400,40.09
2010-08-24,38.42,39.68,37.80,39.12,1833400,39.01
2010-08-23,40.14,40.53,39.47,39.47,1466200,39.36
2010-08-20,39.78,40.01,39.09,39.85,1607600,39.74
2010-08-19,41.77,41.85,39.71,40.15,2164400,40.04
2010-08-18,42.11,42.64,41.44,42.06,1303600,41.94
2010-08-17,41.03,42.53,40.57,41.94,1670100,41.82
2010-08-16,40.03,40.96,39.52,40.23,1051300,40.12
2010-08-13,40.24,40.96,40.08,40.19,1503000,40.08
2010-08-12,40.35,41.18,40.00,40.32,1940400,40.20
2010-08-11,41.78,42.36,40.64,41.28,2273900,41.16
2010-08-10,43.42,44.24,42.47,43.33,1747100,43.21
2010-08-09,43.58,44.45,43.18,44.20,1034100,44.07
2010-08-06,42.57,43.48,41.90,43.25,1549700,43.13
2010-08-05,44.00,44.63,43.32,43.54,833600,43.42
2010-08-04,44.48,44.74,43.78,44.63,1132600,44.50
2010-08-03,44.60,44.79,43.55,44.17,1043800,44.04
2010-08-02,43.55,45.20,43.30,44.90,1870800,44.77
2010-07-30,40.94,42.81,40.87,42.28,1786000,42.16
2010-07-29,43.32,43.50,41.10,41.97,1598300,41.85
2010-07-28,42.44,43.64,42.19,42.69,1719600,42.57
2010-07-27,43.65,43.88,41.70,42.79,2164600,42.67
2010-07-26,40.85,43.07,40.42,42.97,2201200,42.85
2010-07-23,39.77,40.90,38.53,40.85,2847500,40.73
2010-07-22,38.01,40.40,37.99,39.86,3066000,39.75
2010-07-21,39.04,39.30,36.80,37.14,3000100,37.03
2010-07-20,36.24,38.94,36.00,38.64,2317500,38.53
2010-07-19,36.71,37.77,35.53,37.32,1297600,37.21
2010-07-16,38.46,38.52,35.96,36.54,2144600,36.44
2010-07-15,39.13,39.24,37.43,38.94,1541100,38.83
2010-07-14,39.21,39.81,38.10,39.12,1458100,39.01
2010-07-13,39.00,39.97,38.65,39.63,2136200,39.52
2010-07-12,37.45,38.19,36.78,37.91,1502200,37.80
2010-07-09,36.50,37.80,36.47,37.69,1471400,37.58
2010-07-08,36.73,37.32,35.44,36.70,1658800,36.60
2010-07-07,32.97,36.00,32.86,35.89,2754000,35.79
2010-07-06,35.32,35.83,32.11,32.80,3529900,32.71
2010-07-02,35.74,35.99,33.82,34.16,2320100,34.06
2010-07-01,35.67,36.05,33.72,35.55,2861800,35.45
2010-06-30,36.44,37.50,35.44,35.68,2381800,35.58
2010-06-29,37.65,37.78,35.80,36.45,2966300,36.35
2010-06-28,40.13,40.16,38.55,38.81,1590200,38.70
2010-06-25,38.30,40.08,37.80,39.84,1941400,39.73
2010-06-24,39.22,39.40,37.70,37.97,2718000,37.86
2010-06-23,39.23,40.48,38.20,39.52,2288400,39.41
2010-06-22,41.93,42.31,39.20,39.31,2616900,39.20
2010-06-21,43.80,43.99,41.62,41.88,2669100,41.61
2010-06-18,43.04,43.19,42.17,42.56,2080800,42.28
2010-06-17,42.85,43.21,41.86,42.82,2582000,42.54
2010-06-16,42.69,43.38,42.18,42.75,2288300,42.47
2010-06-15,42.10,43.48,41.48,43.34,3053400,43.06
2010-06-14,41.59,42.41,40.75,41.53,3329900,41.26
2010-06-11,38.90,40.80,38.73,40.59,2111000,40.33
2010-06-10,38.32,40.05,37.60,39.76,3744900,39.50
2010-06-09,37.00,38.80,36.35,36.67,4060600,36.43
2010-06-08,35.35,36.43,33.63,36.28,6212400,36.05
2010-06-07,35.67,37.00,34.98,35.11,3855300,34.88
2010-06-04,38.29,38.90,35.12,35.43,5607200,35.20
2010-06-03,40.20,40.49,39.09,39.77,2885100,39.51
2010-06-02,38.88,40.09,37.63,40.00,3574800,39.74
2010-06-01,38.84,40.25,38.20,38.34,3117100,38.09
2010-05-28,41.00,41.59,39.58,39.87,3188900,39.61
2010-05-27,38.86,41.12,38.09,41.11,3791400,40.84
2010-05-26,38.38,39.45,36.56,36.99,4339500,36.75
2010-05-25,34.40,37.40,33.75,37.30,4114900,37.06
2010-05-24,38.39,38.71,36.48,36.56,2808300,36.32
2010-05-21,34.85,38.33,34.32,38.12,4664400,37.87
2010-05-20,37.80,38.46,35.71,35.77,4206000,35.54
2010-05-19,39.70,41.44,37.66,39.62,3642000,39.36
2010-05-18,43.74,43.95,40.01,40.41,2703400,40.15
2010-05-17,42.73,44.09,40.10,42.59,2834000,42.31
2010-05-14,44.54,44.62,41.58,42.63,3720100,42.35
2010-05-13,46.96,47.10,45.15,45.50,2287500,45.21
2010-05-12,45.90,47.08,45.30,46.69,2348600,46.39
2010-05-11,43.87,46.26,43.62,45.26,3718200,44.97
2010-05-10,43.95,45.26,43.37,45.21,4898100,44.92
2010-05-07,41.70,43.24,38.58,39.90,6497100,39.64
2010-05-06,44.24,44.94,16.20,41.27,6996400,41.00
2010-05-05,44.66,46.55,43.58,44.83,5557900,44.54
2010-05-04,47.20,47.38,45.25,46.14,4430700,45.84
2010-05-03,46.44,49.00,46.38,48.47,4064300,48.16
2010-04-30,48.52,49.29,45.48,45.67,4688300,45.37
2010-04-29,46.36,48.80,46.04,48.74,3966400,48.42
2010-04-28,45.54,45.71,44.53,44.95,4501400,44.66
2010-04-27,47.06,47.62,44.54,44.75,6552800,44.46
2010-04-26,47.43,48.41,47.01,47.70,4119500,47.39
2010-04-23,46.26,47.22,45.35,47.06,4191400,46.76
2010-04-22,44.03,46.25,43.51,45.94,2617300,45.64
2010-04-21,43.00,45.09,42.98,44.52,5453000,44.23
2010-04-20,42.24,43.07,41.36,43.00,3193700,42.72
2010-04-19,40.76,42.31,40.50,41.63,6975200,41.36
2010-04-16,43.00,43.75,41.15,41.30,9078200,41.03
2010-04-15,44.97,45.28,43.15,43.18,8324200,42.90
2010-04-14,9.25,9.25,8.97,9.07,476500,45.06
2010-04-13,8.66,9.13,8.66,9.08,2234700,45.11
2010-04-12,8.84,8.85,8.65,8.66,1723800,43.02
2010-04-09,8.59,8.81,8.51,8.78,2594500,43.62
2010-04-08,8.45,8.57,8.41,8.50,3083200,42.22
2010-04-07,8.86,8.90,8.44,8.52,4069900,42.32
2010-04-06,8.52,8.94,8.45,8.90,3781800,44.21
2010-04-05,8.30,8.57,8.25,8.55,2318300,42.47
2010-04-01,8.25,8.27,8.09,8.21,1407800,40.78
2010-03-31,8.19,8.32,8.12,8.14,1626500,40.44
2010-03-30,8.35,8.38,8.23,8.28,1647500,41.13
2010-03-29,8.35,8.37,8.21,8.30,1745500,41.23
2010-03-26,8.38,8.46,8.18,8.25,2809200,40.98
2010-03-25,8.38,8.60,8.32,8.32,2976800,41.33
2010-03-24,8.15,8.38,8.14,8.27,2700200,41.08
2010-03-23,8.27,8.31,8.09,8.23,3203500,40.78
2010-03-22,8.01,8.34,7.96,8.30,2693200,41.13
2010-03-19,8.29,8.35,8.08,8.08,2456900,40.04
2010-03-18,8.29,8.42,8.25,8.27,2225600,40.98
2010-03-17,8.18,8.38,8.11,8.33,2614700,41.28
2010-03-16,7.79,8.16,7.75,8.10,2870100,40.14
2010-03-15,7.73,7.83,7.57,7.72,1892900,38.26
2010-03-12,7.76,7.85,7.64,7.77,2063500,38.50
2010-03-11,7.50,7.66,7.44,7.64,1672200,37.86
2010-03-10,7.54,7.65,7.45,7.57,2322500,37.51
2010-03-09,7.38,7.69,7.35,7.52,2925000,37.27
2010-03-08,7.29,7.49,7.27,7.43,1698400,36.82
2010-03-05,7.00,7.32,6.98,7.28,2629700,36.08
2010-03-04,6.88,6.97,6.87,6.93,1336400,34.34
2010-03-03,6.94,6.98,6.87,6.88,1344500,34.09
2010-03-02,6.95,6.99,6.89,6.92,1296300,34.29
2010-03-01,6.86,6.98,6.84,6.91,1515600,34.24
2010-02-26,6.82,6.94,6.72,6.79,1064000,33.65
2010-02-25,6.60,6.82,6.52,6.81,1920200,33.75
2010-02-24,6.61,6.75,6.61,6.74,1597500,33.40
2010-02-23,6.65,6.76,6.58,6.60,2157800,32.71
2010-02-22,6.68,6.79,6.64,6.71,1528600,33.25
2010-02-19,6.62,6.75,6.56,6.66,1812600,33.00
2010-02-18,6.44,6.70,6.41,6.64,1810800,32.90
2010-02-17,6.40,6.54,6.40,6.50,1703800,32.21
2010-02-16,6.18,6.40,6.16,6.38,2317700,31.62
2010-02-12,5.81,6.06,5.76,6.06,2562100,30.03
2010-02-11,5.83,5.95,5.70,5.94,2093600,29.44
2010-02-10,5.86,5.99,5.63,5.84,3162200,28.94
2010-02-09,6.01,6.03,5.74,5.85,3130800,28.99
2010-02-08,6.16,6.22,5.85,5.86,2870800,29.04
2010-02-05,5.96,6.19,5.78,6.16,4913600,30.53
2010-02-04,6.29,6.31,5.92,5.94,3603000,29.44
2010-02-03,6.51,6.52,6.32,6.41,3009700,31.77
2010-02-02,6.38,6.62,6.27,6.58,3357000,32.61
2010-02-01,6.23,6.37,6.20,6.34,2144300,31.42
2010-01-29,6.31,6.41,6.06,6.14,3980000,30.43
2010-01-28,6.40,6.43,6.10,6.20,4090200,30.72
2010-01-27,6.26,6.35,6.04,6.33,4170400,31.37
2010-01-26,6.22,6.41,6.19,6.21,3270300,30.77
2010-01-25,6.38,6.39,6.08,6.33,4611700,31.37
2010-01-22,6.49,6.63,6.19,6.23,4747900,30.87
2010-01-21,6.92,7.02,6.50,6.54,5455800,32.41
2010-01-20,6.96,6.97,6.79,6.93,2407100,34.34
2010-01-19,6.79,7.11,6.78,7.08,2557400,35.09
2010-01-15,6.87,6.92,6.76,6.82,2185200,33.80
2010-01-14,6.94,6.99,6.86,6.92,1477600,34.29
2010-01-13,6.74,7.00,6.73,6.97,2286400,34.54
2010-01-12,6.83,6.95,6.66,6.73,2974100,33.35
2010-01-11,6.99,7.04,6.88,6.96,1816100,34.49
2010-01-08,6.96,6.98,6.78,6.91,2085700,34.24
2010-01-07,6.86,7.06,6.72,6.99,2803600,34.64
2010-01-06,6.88,6.97,6.81,6.84,2133800,33.90
2010-01-05,6.86,6.90,6.69,6.89,2676300,34.14
2010-01-04,7.04,7.10,6.76,6.85,3357900,33.95
2009-12-31,7.20,7.28,6.89,6.89,1821000,34.14
2009-12-30,7.10,7.17,7.01,7.17,2023500,35.53
2009-12-29,7.40,7.45,7.14,7.14,2074600,35.38
2009-12-28,7.34,7.50,7.29,7.34,2891400,36.37
2009-12-24,7.19,7.30,7.16,7.28,1334500,36.08
2009-12-23,6.99,7.23,6.97,7.12,2638700,35.28
2009-12-22,6.85,6.96,6.82,6.96,1770200,34.49
2009-12-21,6.70,6.82,6.67,6.80,2201300,33.70
2009-12-18,6.59,6.65,6.43,6.65,2664600,32.95
2009-12-17,6.53,6.63,6.45,6.55,3060700,32.46
2009-12-16,6.62,6.70,6.56,6.63,1958200,32.86
2009-12-15,6.60,6.63,6.50,6.55,2606900,32.46
2009-12-14,6.49,6.70,6.36,6.69,2206300,33.15
2009-12-11,6.29,6.45,6.25,6.45,1602900,31.96
2009-12-10,6.35,6.40,6.18,6.25,1922200,30.97
2009-12-09,6.32,6.40,6.26,6.30,2639200,31.22
2009-12-08,6.25,6.49,6.24,6.31,4425300,31.27
2009-12-07,6.57,6.61,6.27,6.36,3844900,31.52
2009-12-04,6.55,6.70,6.36,6.61,6086300,32.76
2009-12-03,6.45,6.61,6.23,6.27,5233800,31.07
2009-12-02,6.17,6.46,6.15,6.39,3821200,31.67
2009-12-01,6.15,6.27,6.03,6.21,3773100,30.77
2009-11-30,5.67,6.08,5.58,6.04,3961000,29.93
2009-11-27,5.60,5.83,5.55,5.62,3396600,27.85
2009-11-25,5.97,6.04,5.93,5.96,2204200,29.54
2009-11-24,6.08,6.09,5.88,5.92,3887800,29.34
2009-11-23,6.16,6.28,5.99,6.10,4319500,30.23
2009-11-20,5.95,6.02,5.91,5.96,2727000,29.54
2009-11-19,6.17,6.19,5.98,6.03,3910000,29.88
2009-11-18,6.09,6.34,6.07,6.31,4447100,31.27
2009-11-17,6.20,6.35,6.08,6.10,3775800,30.23
2009-11-16,6.09,6.39,6.08,6.25,5218500,30.97
2009-11-13,5.86,6.03,5.84,5.99,3775700,29.68
2009-11-12,5.99,6.07,5.82,5.85,5257400,28.99
2009-11-11,5.87,6.06,5.83,5.99,5333900,29.68
2009-11-10,5.77,5.85,5.61,5.76,4510900,28.54
2009-11-09,5.49,5.85,5.44,5.84,4363300,28.94
2009-11-06,5.34,5.50,5.25,5.34,3953400,26.46
2009-11-05,5.41,5.52,5.30,5.49,4445700,27.21
2009-11-04,5.61,5.65,5.26,5.27,5674800,26.12
2009-11-03,5.18,5.50,5.17,5.49,6127300,27.21
2009-11-02,5.35,5.57,5.03,5.34,6931100,26.46
2009-10-30,5.45,5.51,5.06,5.31,6286400,26.31
2009-10-29,5.25,5.57,5.22,5.52,4590100,27.35
2009-10-28,5.48,5.65,5.07,5.10,6750500,25.27
2009-10-27,5.75,5.80,5.52,5.55,5307700,27.50
2009-10-26,5.78,6.06,5.71,5.73,5549100,28.40
2009-10-23,5.97,5.99,5.73,5.79,5378800,28.69
2009-10-22,5.64,5.95,5.50,5.93,6137200,29.39
2009-10-21,5.71,5.96,5.62,5.64,6411800,27.95
2009-10-20,5.99,5.99,5.72,5.77,4800600,28.59
2009-10-19,5.79,6.01,5.75,5.98,4837800,29.63
2009-10-16,5.87,5.91,5.69,5.74,6103400,28.44
2009-10-15,6.05,6.10,5.97,6.05,4742000,29.98
2009-10-14,5.96,6.19,5.87,6.13,5335200,30.38
2009-10-13,5.85,5.88,5.64,5.71,4827000,28.30
2009-10-12,5.99,6.05,5.85,5.88,3070300,29.14
2009-10-09,5.77,5.93,5.67,5.91,3686400,29.29
2009-10-08,5.77,5.92,5.69,5.80,5354600,28.74
2009-10-07,5.60,5.70,5.46,5.60,5579200,27.75
2009-10-06,5.78,5.90,5.47,5.63,7386000,27.90
2009-10-05,5.45,5.68,5.39,5.65,5651300,28.00
2009-10-02,5.20,5.66,5.18,5.36,10194100,26.56
2009-10-01,5.93,5.95,5.43,5.45,8939100,27.01
2009-09-30,6.14,6.18,5.80,5.98,8257800,29.63
2009-09-29,6.30,6.38,6.01,6.03,7802800,29.88
2009-09-28,5.90,6.28,5.86,6.26,5051700,31.02
2009-09-25,5.72,5.93,5.61,5.82,5832800,28.84
2009-09-24,6.29,6.37,5.71,5.79,10059600,28.69
2009-09-23,6.80,6.80,6.25,6.29,8532600,30.94
2009-09-22,6.50,6.77,6.45,6.75,5365700,33.20
2009-09-21,6.34,6.47,6.23,6.32,5304800,31.09
2009-09-18,6.59,6.71,6.32,6.56,6147900,32.27
2009-09-17,6.62,7.04,6.35,6.54,11250800,32.17
2009-09-16,6.25,6.64,6.20,6.64,7690800,32.66
2009-09-15,5.98,6.30,5.79,6.15,7526800,30.25
2009-09-14,5.45,5.93,5.44,5.92,3964800,29.12
2009-09-11,5.67,5.73,5.46,5.60,3710100,27.54
2009-09-10,5.47,5.64,5.30,5.61,4126600,27.59
2009-09-09,5.28,5.50,5.19,5.50,4714200,27.05
2009-09-08,5.10,5.28,5.03,5.26,3215200,25.87
2009-09-04,4.84,4.96,4.68,4.94,2937100,24.30
2009-09-03,4.76,4.86,4.60,4.83,3145200,23.76
2009-09-02,4.76,4.85,4.66,4.66,4861400,22.92
2009-09-01,5.34,5.42,4.84,4.84,7984600,23.81
2009-08-31,5.36,5.48,5.30,5.40,3928000,26.56
2009-08-28,5.60,5.61,5.38,5.56,4462700,27.35
2009-08-27,5.40,5.50,5.17,5.49,5782300,27.00
2009-08-26,5.32,5.40,5.22,5.39,3989700,26.51
2009-08-25,5.32,5.44,5.25,5.35,5451200,26.31
2009-08-24,5.43,5.45,5.20,5.24,5627300,25.77
2009-08-21,5.20,5.50,5.14,5.29,8146300,26.02
2009-08-20,4.70,5.08,4.69,5.07,4942700,24.94
2009-08-19,4.60,4.75,4.55,4.67,4869000,22.97
2009-08-18,4.69,4.86,4.62,4.76,4565400,23.41
2009-08-17,4.79,4.82,4.59,4.64,6871600,22.82
2009-08-14,5.19,5.22,4.94,5.18,5487900,25.48
2009-08-13,5.33,5.37,5.13,5.27,5249200,25.92
2009-08-12,5.14,5.41,5.13,5.23,6215900,25.72
2009-08-11,5.36,5.40,5.03,5.15,7163300,25.33
2009-08-10,5.68,5.70,5.35,5.47,6989700,26.90
2009-08-07,5.44,5.92,5.27,5.74,8472900,28.23
2009-08-06,5.44,5.67,5.19,5.21,9533400,25.63
2009-08-05,4.89,5.31,4.82,5.28,6271700,25.97
2009-08-04,4.39,4.96,4.34,4.90,6739400,24.10
2009-08-03,4.45,4.47,4.31,4.45,4130700,21.89
2009-07-31,4.25,4.35,4.19,4.28,3641000,21.05
2009-07-30,4.12,4.39,4.11,4.29,6098800,21.10
2009-07-29,4.04,4.10,3.92,4.00,4640500,19.67
2009-07-28,4.07,4.14,3.99,4.10,4420500,20.17
2009-07-27,4.00,4.16,3.95,4.16,4320200,20.46
2009-07-24,3.90,4.03,3.81,4.01,3627900,19.72
2009-07-23,3.70,4.05,3.66,3.96,8883500,19.48
2009-07-22,3.56,3.78,3.55,3.67,4303200,18.05
2009-07-21,3.75,3.75,3.52,3.65,5103600,17.95
2009-07-20,3.52,3.72,3.52,3.68,4934600,18.10
2009-07-17,3.59,3.60,3.41,3.45,4738400,16.97
2009-07-16,3.47,3.68,3.40,3.59,4618300,17.66
2009-07-15,3.42,3.63,3.38,3.56,6055300,17.51
2009-07-14,3.24,3.35,3.13,3.30,3635400,16.23
2009-07-13,3.02,3.27,2.95,3.24,4844500,15.94
2009-07-10,2.94,3.04,2.85,2.98,4354500,14.66
2009-07-09,3.18,3.19,3.00,3.00,4440400,14.76
2009-07-08,3.20,3.23,2.94,3.13,7861400,15.39
2009-07-07,3.42,3.43,3.15,3.19,5580900,15.69
2009-07-06,3.22,3.46,3.18,3.43,4251300,16.87
2009-07-02,3.53,3.53,3.28,3.30,5246300,16.23
2009-07-01,3.59,3.70,3.59,3.64,3052000,17.90
2009-06-30,3.53,3.61,3.48,3.56,3168100,17.51
2009-06-29,3.54,3.55,3.39,3.49,3618800,17.17
2009-06-26,3.41,3.55,3.37,3.49,3144100,17.17
2009-06-25,3.29,3.44,3.23,3.43,4254100,16.87
2009-06-24,3.33,3.40,3.27,3.33,4796800,16.38
2009-06-23,3.21,3.35,3.16,3.25,6866900,15.85
2009-06-22,3.45,3.50,3.18,3.22,6859100,15.71
2009-06-19,3.53,3.58,3.45,3.55,3694300,17.32
2009-06-18,3.42,3.53,3.36,3.46,5470700,16.88
2009-06-17,3.53,3.59,3.34,3.44,7684800,16.78
2009-06-16,3.70,3.74,3.45,3.55,8154600,17.32
2009-06-15,3.91,3.91,3.57,3.67,8501300,17.90
2009-06-12,3.79,4.03,3.75,3.92,4950000,19.12
2009-06-11,3.93,4.00,3.79,3.79,6987300,18.49
2009-06-10,4.18,4.19,3.76,3.91,10161300,19.07
2009-06-09,4.17,4.18,4.04,4.11,4569800,20.05
2009-06-08,4.08,4.22,4.00,4.17,5142300,20.34
2009-06-05,4.36,4.36,4.08,4.11,6322000,20.05
2009-06-04,4.07,4.32,4.01,4.24,6618400,20.68
2009-06-03,3.95,4.03,3.88,4.01,4445000,19.56
2009-06-02,4.09,4.17,3.97,4.02,7804200,19.61
2009-06-01,3.92,4.36,3.90,4.12,13635800,20.10
2009-05-29,3.69,3.83,3.55,3.81,8222900,18.58
2009-05-28,3.58,3.67,3.39,3.60,9435500,17.56
2009-05-27,3.79,3.80,3.43,3.53,7409700,17.22
2009-05-26,3.33,3.80,3.30,3.74,11124100,18.24
2009-05-22,3.57,3.65,3.37,3.37,5489600,16.44
2009-05-21,3.41,3.64,3.35,3.56,7302500,17.36
2009-05-20,3.75,3.92,3.51,3.54,7710300,17.27
2009-05-19,3.72,3.84,3.54,3.63,9998100,17.71
2009-05-18,3.35,3.81,3.32,3.77,10907600,18.39
2009-05-15,3.43,3.52,3.12,3.26,8045400,15.90
2009-05-14,3.22,3.58,3.12,3.47,9968400,16.93
2009-05-13,3.57,3.60,3.22,3.27,10380600,15.95
2009-05-12,3.92,3.97,3.50,3.75,11639300,18.29
2009-05-11,3.90,4.06,3.81,3.86,7094200,18.83
2009-05-08,3.80,4.22,3.70,4.16,13680400,20.29
2009-05-07,4.26,4.27,3.50,3.63,12058200,17.71
2009-05-06,4.07,4.21,3.80,4.15,10392900,20.24
2009-05-05,4.05,4.11,3.80,3.87,7643800,18.88
2009-05-04,3.69,4.18,3.66,4.16,11401400,20.29
2009-05-01,3.81,3.81,3.50,3.56,5802700,17.36
2009-04-30,3.93,4.08,3.77,3.82,5448100,18.63
2009-04-29,3.61,3.90,3.55,3.81,6287800,18.58
2009-04-28,3.30,3.70,3.29,3.56,6286400,17.36
2009-04-27,3.67,3.82,3.26,3.48,8199900,16.97
2009-04-24,3.59,4.13,3.49,3.90,11159700,19.02
2009-04-23,3.31,3.62,3.20,3.59,5805400,17.51
2009-04-22,3.35,3.64,3.23,3.28,9531300,16.00
2009-04-21,2.84,3.53,2.80,3.50,3659500,17.07
2009-04-20,3.49,3.58,2.97,2.97,7604300,14.49
2009-04-17,3.65,4.03,3.51,3.75,9569500,18.29
2009-04-16,3.43,3.97,3.17,3.70,10804200,18.05
2009-04-15,2.92,3.47,2.88,3.43,6684900,16.73
2009-04-14,3.43,3.50,2.96,2.98,7004800,14.54
2009-04-13,3.27,3.68,3.26,3.51,6262500,17.12
2009-04-09,3.02,3.48,2.92,3.44,8395700,16.78
2009-04-08,2.72,2.82,2.61,2.76,4743500,13.46
2009-04-07,2.98,3.03,2.65,2.67,4949200,13.02
2009-04-06,3.09,3.31,2.94,3.13,5601200,15.27
2009-04-03,2.70,3.25,2.65,3.23,7309400,15.75
2009-04-02,2.57,2.83,2.52,2.74,5275500,13.36
2009-04-01,2.31,2.52,2.31,2.41,3276500,11.76
2009-03-31,2.25,2.53,2.21,2.45,4917100,11.95
2009-03-30,2.26,2.31,2.15,2.20,3122900,10.73
2009-03-27,2.51,2.62,2.45,2.45,3052400,11.95
2009-03-26,2.61,2.73,2.38,2.69,5118100,13.12
2009-03-25,2.59,2.69,2.18,2.55,8987800,12.44
2009-03-24,2.71,2.94,2.46,2.50,5889000,12.19
2009-03-23,2.44,2.98,2.42,2.96,5996800,14.17
2009-03-20,2.65,2.66,2.26,2.28,4727500,10.92
2009-03-19,3.13,3.14,2.66,2.69,4405700,12.88
2009-03-18,2.66,3.04,2.52,3.01,6370400,14.41
2009-03-17,2.39,2.77,2.30,2.77,3293800,13.26
2009-03-16,2.86,2.90,2.39,2.39,2841500,11.44
2009-03-13,2.95,2.98,2.63,2.82,3680500,13.50
2009-03-12,2.55,2.98,2.49,2.92,3878700,13.98
2009-03-11,2.69,2.74,2.48,2.53,3270700,12.12
2009-03-10,2.20,2.64,2.15,2.60,4715800,12.45
2009-03-09,1.89,2.09,1.87,2.08,3287800,9.96
2009-03-06,2.10,2.10,1.78,2.03,5395400,9.72
2009-03-05,2.19,2.27,2.00,2.05,3046100,9.82
2009-03-04,2.35,2.44,2.21,2.31,4523500,11.06
2009-03-03,2.31,2.36,2.05,2.25,3238600,10.77
2009-03-02,2.48,2.51,2.13,2.23,3770600,10.68
2009-02-27,2.51,2.75,2.50,2.60,3728400,12.45
2009-02-26,3.10,3.13,2.63,2.69,4478200,12.88
2009-02-25,3.00,3.21,2.74,2.95,6275900,14.13
2009-02-24,2.71,3.11,2.63,3.11,5522900,14.89
2009-02-23,3.22,3.22,2.62,2.66,5777700,12.74
2009-02-20,2.61,3.13,2.57,3.10,6126300,14.84
2009-02-19,3.12,3.19,2.72,2.78,3960900,13.31
2009-02-18,3.09,3.09,2.79,3.03,4282000,14.51
2009-02-17,3.09,3.16,2.91,2.98,4646500,14.27
2009-02-13,3.74,3.77,3.42,3.44,4813000,16.47
2009-02-12,3.67,3.89,3.32,3.86,7260500,18.48
2009-02-11,3.89,3.97,3.60,3.94,4172500,18.87
2009-02-10,4.55,4.60,3.74,3.83,6478500,18.34
2009-02-09,4.50,4.63,4.32,4.59,3152700,21.98
2009-02-06,4.03,4.56,3.99,4.49,4725000,21.50
2009-02-05,3.92,4.22,3.70,3.94,6658100,18.87
2009-02-04,4.26,4.51,4.08,4.08,3966000,19.54
2009-02-03,4.33,4.39,4.13,4.26,2646600,20.40
2009-02-02,4.01,4.37,3.95,4.32,4120500,20.69
2009-01-30,4.62,4.77,4.08,4.25,5462100,20.35
2009-01-29,5.12,5.20,4.50,4.53,3374300,21.69
2009-01-28,4.90,5.43,4.79,5.32,5094100,25.48
2009-01-27,4.53,4.76,4.44,4.62,2760300,22.12
2009-01-26,4.55,4.80,4.30,4.39,4069200,21.02
2009-01-23,4.00,4.59,3.94,4.59,4217300,21.98
2009-01-22,4.36,4.74,4.13,4.29,5165400,20.54
2009-01-21,4.12,4.76,3.87,4.71,5328200,22.55
2009-01-20,4.93,4.93,3.91,3.98,4730500,19.06
2009-01-16,4.98,5.11,4.51,5.07,4478800,24.28
2009-01-15,4.38,4.96,4.01,4.74,7285800,22.70
2009-01-14,4.70,4.70,4.37,4.43,4197700,21.21
2009-01-13,4.56,5.03,4.52,4.96,5820100,23.75
2009-01-12,5.22,5.26,4.55,4.76,4393800,22.79
2009-01-09,5.94,5.94,5.29,5.34,3112800,25.57
2009-01-08,5.74,5.96,5.63,5.92,3225100,28.35
2009-01-07,6.07,6.32,5.88,5.96,3302900,28.54
2009-01-06,6.02,6.49,5.63,6.35,4442800,30.41
2009-01-05,5.94,6.15,5.71,5.84,3054200,27.97
2009-01-02,6.49,6.50,5.99,5.99,3272200,28.68
2008-12-31,5.81,6.48,5.75,6.40,3378000,30.65
2008-12-30,5.47,5.82,5.41,5.80,1967100,27.77
2008-12-29,6.00,6.00,5.17,5.35,2783600,25.62
2008-12-26,5.95,6.00,5.70,5.99,855300,28.68
2008-12-24,5.82,5.87,5.64,5.85,669800,28.01
2008-12-23,5.85,6.07,5.66,5.74,3306600,27.49
2008-12-22,6.16,6.24,5.34,5.89,4618000,28.02
2008-12-19,5.70,6.22,5.62,6.17,5581600,29.35
2008-12-18,6.87,6.98,5.50,5.60,6603900,26.64
2008-12-17,6.02,7.28,5.83,6.70,7198500,31.87
2008-12-16,6.32,6.40,5.15,6.32,5983900,30.06
2008-12-15,5.41,5.50,4.75,5.18,4417400,24.64
2008-12-12,4.35,5.54,4.26,5.00,8426900,23.78
2008-12-11,6.20,6.27,4.51,4.65,5508100,22.12
2008-12-10,5.81,6.54,5.72,6.52,4257800,31.02
2008-12-09,6.37,6.74,5.52,5.59,3991100,26.59
2008-12-08,6.08,6.71,5.80,6.68,3476700,31.78
2008-12-05,4.53,5.70,4.45,5.66,4283700,26.92
2008-12-04,4.70,5.45,4.50,4.76,4085300,22.64
2008-12-03,4.10,5.00,3.95,4.92,3830600,23.40
2008-12-02,3.86,4.53,3.76,4.31,3237800,20.50
2008-12-01,5.49,5.50,3.48,3.77,2329100,17.93
2008-11-28,6.00,6.45,5.73,6.45,691700,30.68
2008-11-26,5.27,6.19,5.24,5.50,1370200,26.16
2008-11-25,5.54,6.05,4.80,6.05,2853200,28.78
2008-11-24,4.28,5.55,3.97,5.23,3166400,24.88
2008-11-21,3.90,4.17,3.07,4.17,3129300,19.84
2008-11-20,4.07,4.59,3.30,3.59,3942100,17.08
2008-11-19,5.54,5.54,4.20,4.33,1727800,20.60
2008-11-18,5.75,5.99,5.01,5.63,1370000,26.78
2008-11-17,6.08,6.34,5.71,5.78,1262000,27.50
2008-11-14,7.31,7.53,6.15,6.41,1780200,30.49
2008-11-13,6.49,7.94,5.90,7.82,1656700,37.20
2008-11-12,7.19,7.19,6.35,6.63,942400,31.54
2008-11-11,7.50,7.91,6.95,7.46,1091900,35.49
2008-11-10,9.64,9.67,7.60,8.03,802900,38.20
2008-11-07,8.56,9.50,8.08,9.41,459600,44.76
2008-11-06,8.98,9.17,8.35,8.36,923200,39.77
2008-11-05,11.10,11.10,9.11,9.99,659000,47.52
2008-11-04,10.60,11.59,10.44,11.49,565000,54.66
2008-11-03,10.97,11.29,10.30,10.45,819000,49.71
2008-10-31,9.78,11.15,9.58,11.08,964800,52.71
2008-10-30,9.85,10.00,9.19,9.85,760100,46.86
2008-10-29,9.41,10.30,8.71,9.00,767200,42.81
2008-10-28,7.89,9.74,7.02,9.71,929900,46.19
2008-10-27,8.09,8.83,7.20,7.30,550700,34.73
2008-10-24,7.34,9.13,7.23,8.25,712900,39.25
2008-10-23,9.66,10.11,7.77,9.50,744100,45.19
2008-10-22,10.85,11.14,9.02,9.75,457200,46.38
2008-10-21,11.81,12.57,11.40,11.45,349000,54.47
2008-10-20,12.52,12.75,11.14,12.27,330500,58.37
2008-10-17,11.75,13.25,11.16,12.08,285100,57.46
2008-10-16,11.69,12.45,10.28,12.11,425100,57.61
2008-10-15,13.98,14.67,10.96,11.02,277600,52.42
2008-10-14,17.50,18.25,13.00,14.85,416200,70.64
2008-10-13,17.09,17.56,15.18,16.59,388300,78.92
2008-10-10,12.00,15.70,11.50,15.58,497500,74.11
2008-10-09,16.51,16.87,12.90,12.99,278400,61.79
2008-10-08,15.65,17.07,15.21,15.61,453800,74.26
2008-10-07,19.67,20.33,16.07,16.07,430600,76.44
2008-10-06,19.69,19.70,17.19,19.48,261800,92.67
2008-10-03,23.50,23.79,20.12,20.44,281700,97.23
2008-10-02,25.51,25.53,22.48,22.67,146600,107.84
2008-10-01,26.16,26.36,25.17,25.77,192500,122.59
2008-09-30,26.90,27.37,24.35,27.00,152800,128.44
2008-09-29,27.50,27.50,24.91,25.50,289700,121.30
2008-09-26,26.00,28.27,25.20,28.27,112900,134.48
2008-09-25,26.71,27.30,25.45,26.66,198800,126.82
2008-09-24,27.74,27.74,25.30,26.33,125800,125.25
2008-09-23,27.48,27.72,26.32,26.55,153500,125.05
2008-09-22,30.00,31.28,26.01,26.52,159900,124.91
2008-09-19,30.85,30.85,30.85,30.85,192500,145.30
2008-09-18,25.80,29.74,23.10,29.46,403600,138.76
2008-09-17,27.01,27.94,24.95,25.22,262200,118.79
2008-09-16,25.13,28.32,24.98,28.20,242100,132.82
2008-09-15,27.94,29.23,26.38,26.96,306500,126.98
2008-09-12,29.21,30.45,28.67,30.36,145100,143.00
2008-09-11,28.05,29.76,27.92,29.67,131500,139.75
2008-09-10,29.27,29.98,27.98,29.19,184600,137.49
2008-09-09,30.88,31.65,28.63,28.78,155400,135.55
2008-09-08,31.04,31.94,30.00,31.36,186500,147.71
2008-09-05,28.25,29.00,27.51,28.92,99100,136.21
2008-09-04,30.02,30.29,28.61,28.61,85500,134.75
2008-09-03,29.54,30.56,29.19,30.53,60400,143.80
2008-09-02,29.91,30.73,28.64,29.61,140000,139.46
2008-08-29,29.18,29.90,28.74,29.19,83300,137.49
2008-08-28,28.37,29.82,28.17,29.70,76200,139.89
2008-08-27,27.28,27.92,27.10,27.77,56000,130.80
2008-08-26,26.88,27.62,26.56,27.41,48900,129.10
2008-08-25,28.16,28.16,26.76,27.00,70500,127.17
2008-08-22,27.49,28.59,27.06,28.44,72900,133.95
2008-08-21,26.99,27.35,26.55,26.90,111900,126.70
2008-08-20,27.61,28.03,26.56,27.62,144400,130.09
2008-08-19,28.20,28.25,27.00,27.61,170100,130.04
2008-08-18,30.28,30.30,28.27,28.89,122100,136.07
2008-08-15,30.45,31.12,29.53,30.01,83500,141.35
2008-08-14,28.80,30.33,28.61,30.18,96200,142.15
2008-08-13,29.43,29.88,28.58,29.27,118200,137.86
2008-08-12,30.93,31.41,29.42,30.21,143600,142.29
2008-08-11,30.30,32.33,29.84,31.43,131800,148.04
2008-08-08,28.53,30.88,27.99,30.22,174300,142.34
2008-08-07,28.76,29.48,27.72,28.21,140500,132.87
2008-08-06,30.50,30.50,28.94,29.80,86500,140.36
2008-08-05,28.18,30.26,27.89,30.10,127500,141.77
2008-08-04,28.43,28.43,27.31,27.35,99500,128.82
2008-08-01,28.35,29.33,27.05,28.37,115500,133.62
2008-07-31,27.98,28.93,27.57,28.22,126900,132.92
2008-07-30,29.73,30.01,27.27,29.04,208300,136.78
2008-07-29,26.59,29.53,26.31,29.40,210400,138.47
2008-07-28,28.13,28.83,26.24,26.64,131000,125.48
2008-07-25,27.04,28.71,26.95,27.87,209800,131.27
2008-07-24,31.49,31.59,26.69,26.99,271700,127.12
2008-07-23,29.94,32.07,29.28,31.31,270700,147.47
2008-07-22,27.46,29.90,27.05,29.40,189400,138.47
2008-07-21,27.74,28.39,27.41,27.99,106100,131.83
2008-07-18,28.27,28.27,26.93,27.78,102200,130.84
2008-07-17,27.49,28.11,25.80,27.63,181800,130.14
2008-07-16,23.80,26.96,23.07,26.59,204800,125.24
2008-07-15,23.76,25.30,22.71,23.54,235200,110.87
2008-07-14,26.81,27.06,23.97,24.04,168700,113.23
2008-07-11,24.85,27.16,24.50,25.86,189000,121.80
2008-07-10,24.89,26.57,24.40,25.74,245900,121.24
2008-07-09,28.96,28.96,24.77,25.20,190600,118.69
2008-07-08,25.43,29.41,25.05,29.24,192600,137.72
2008-07-07,26.99,27.24,25.20,25.48,116600,120.01
2008-07-03,27.38,27.58,26.45,26.66,67700,125.57
2008-07-02,28.98,30.29,27.03,27.15,86400,127.88
2008-07-01,27.39,28.10,26.50,28.10,103200,132.35
2008-06-30,27.95,28.83,27.40,27.99,40800,131.83
2008-06-27,28.53,28.98,27.60,27.92,114300,131.50
2008-06-26,29.38,30.16,28.46,28.46,118400,134.05
2008-06-25,30.08,31.62,30.08,30.64,94100,144.32
2008-06-24,29.22,30.48,28.88,29.77,96200,140.22
2008-06-23,31.50,31.80,29.87,30.00,55700,139.77
2008-06-20,31.99,32.46,31.12,31.16,45700,145.18
2008-06-19,31.57,32.97,31.12,32.94,76000,153.47
2008-06-18,32.03,32.38,31.17,31.80,83800,148.16
2008-06-17,34.81,34.86,32.46,32.55,38600,151.66
2008-06-16,33.23,34.64,33.06,34.63,37400,161.35
2008-06-13,32.69,33.68,32.07,33.68,21400,156.92
2008-06-12,32.51,33.24,31.62,32.47,43200,151.28
2008-06-11,33.24,33.28,31.95,31.95,49300,148.86
2008-06-10,32.12,33.60,31.90,33.07,44400,154.08
2008-06-09,34.88,35.36,32.97,32.98,105600,153.66
2008-06-06,36.92,36.99,34.55,34.55,66900,160.97
2008-06-05,36.19,37.75,36.15,37.56,29000,175.00
2008-06-04,35.35,36.63,35.17,35.89,32400,167.22
2008-06-03,35.48,35.90,34.89,35.49,33600,165.35
2008-06-02,36.17,36.17,34.82,35.33,28400,164.61
2008-05-30,36.89,37.00,36.20,36.41,22000,169.64
2008-05-29,35.75,36.91,35.69,36.89,24800,171.88
2008-05-28,36.15,36.35,35.47,36.01,28300,167.78
2008-05-27,34.77,36.11,34.50,35.74,20800,166.52
2008-05-23,35.00,35.20,34.56,34.95,39600,162.84
2008-05-22,35.69,35.81,35.09,35.19,20800,163.96
2008-05-21,37.46,39.18,35.55,35.69,39600,166.29
2008-05-20,38.13,38.36,37.13,37.64,29600,175.37
2008-05-19,38.56,39.17,38.08,38.65,33300,180.08
2008-05-16,39.01,39.05,38.04,38.40,34600,178.91
2008-05-15,37.78,38.89,37.42,38.88,29500,181.15
2008-05-14,37.64,38.26,37.51,37.83,26000,176.26
2008-05-13,36.80,37.46,36.55,37.44,25500,174.44
2008-05-12,35.39,37.16,35.39,37.09,34000,172.81
2008-05-09,35.29,36.21,34.85,35.52,30800,165.49
2008-05-08,36.47,36.64,35.47,35.96,45500,167.54
2008-05-07,38.31,38.50,36.15,36.24,29200,168.85
2008-05-06,37.34,38.36,37.04,38.30,17800,178.45
2008-05-05,37.95,38.14,37.21,37.83,21000,176.26
2008-05-02,38.80,39.11,37.78,37.97,54900,176.91
2008-05-01,35.77,37.98,35.77,37.95,38200,176.82
2008-04-30,37.37,38.11,36.00,36.25,39100,168.89
2008-04-29,38.16,38.26,37.11,37.40,19100,174.25
2008-04-28,38.37,38.65,37.94,38.40,32400,178.91
2008-04-25,38.56,38.62,37.52,38.35,25900,178.68
2008-04-24,36.30,38.28,36.21,38.14,56000,177.70
2008-04-23,35.85,36.89,35.61,36.43,17100,169.73
2008-04-22,35.89,36.15,35.26,35.66,31300,166.15
2008-04-21,36.31,36.36,35.69,36.20,21600,168.66
2008-04-18,38.23,38.46,36.18,36.65,70000,170.76
2008-04-17,35.80,36.72,35.37,36.66,21500,170.80
2008-04-16,34.22,36.15,33.01,35.65,23600,166.10
2008-04-15,33.40,33.68,32.75,33.53,46200,156.22
2008-04-14,33.04,33.84,32.86,32.88,56300,153.19
2008-04-11,33.30,34.31,33.01,33.01,23500,153.80
2008-04-10,33.58,34.66,33.04,33.96,48000,158.23
2008-04-09,35.33,35.38,33.57,33.59,41200,156.50
2008-04-08,35.91,36.02,35.00,35.23,51000,164.14
2008-04-07,36.42,36.78,35.52,36.17,63800,168.52
2008-04-04,37.13,37.28,35.90,35.90,92500,167.26
2008-04-03,35.47,37.39,35.37,37.39,57700,174.21
2008-04-02,35.97,36.63,34.92,35.92,64100,167.36
2008-04-01,33.76,35.89,33.10,35.85,74500,167.03
2008-03-31,32.24,33.73,31.96,32.45,48800,151.19
2008-03-28,32.72,34.43,31.98,32.25,93400,150.26
2008-03-27,34.06,35.49,32.78,32.78,37900,152.73
2008-03-26,35.46,35.46,33.43,33.44,50400,155.80
2008-03-25,34.60,35.65,31.33,35.65,47700,166.10
2008-03-24,34.04,35.62,34.04,35.00,92800,162.29
2008-03-20,31.66,34.02,31.01,33.30,33700,154.41
2008-03-19,32.24,32.87,31.07,31.19,36600,144.62
2008-03-18,29.42,31.85,29.42,31.85,59500,147.68
2008-03-17,25.72,29.31,25.72,28.75,32800,133.31
2008-03-14,30.64,30.74,27.80,29.04,39100,134.65
2008-03-13,28.01,30.66,27.50,29.22,41400,135.49
2008-03-12,31.19,31.50,29.39,29.39,33300,136.28
2008-03-11,27.83,30.71,27.83,30.70,72100,142.35
2008-03-10,28.52,28.52,26.96,27.01,58900,125.24
2008-03-07,26.46,28.75,26.01,28.03,33800,129.97
2008-03-06,29.78,29.78,27.33,27.33,62100,126.72
2008-03-05,30.54,30.97,29.70,30.29,20100,140.45
2008-03-04,30.09,30.60,29.11,30.06,87000,139.38
2008-03-03,30.01,31.00,29.46,31.00,23700,143.74
2008-02-29,31.58,31.58,30.13,30.50,24100,141.42
2008-02-28,32.04,32.34,31.53,31.59,16700,146.48
2008-02-27,33.17,33.73,32.24,32.82,34300,152.18
2008-02-26,32.02,33.81,32.02,33.25,34700,154.17
2008-02-25,31.82,33.31,30.60,33.09,48300,153.43
2008-02-22,29.88,31.25,29.44,31.20,20500,144.67
2008-02-21,31.78,32.00,29.90,29.95,15900,138.87
2008-02-20,30.23,31.33,29.75,31.15,26900,144.44
2008-02-19,32.09,32.09,30.08,31.00,48800,143.74
2008-02-15,30.16,30.85,29.80,30.85,16100,143.05
2008-02-14,31.23,31.99,30.54,30.60,13200,141.89
2008-02-13,31.94,32.75,30.72,31.59,13500,146.48
2008-02-12,30.59,31.57,30.40,31.19,27600,144.62
2008-02-11,32.20,32.20,29.50,30.10,24500,139.57
2008-02-08,32.64,32.70,30.14,30.83,22900,142.95
2008-02-07,31.43,32.81,30.75,32.73,99700,151.76
2008-02-06,33.54,33.54,31.45,32.60,47600,151.16
2008-02-05,34.02,34.86,32.56,32.82,45600,152.18
2008-02-04,36.25,36.56,34.06,34.86,38500,161.64
2008-02-01,33.77,36.11,33.40,35.70,46300,165.53
2008-01-31,31.78,33.80,30.94,33.10,59500,153.48
2008-01-30,33.33,35.65,31.80,31.80,50500,147.45
2008-01-29,33.85,34.69,32.75,33.00,23100,153.01
2008-01-28,30.98,33.75,30.82,33.75,46000,156.49
2008-01-25,33.91,37.70,31.15,31.52,83700,146.15
2008-01-24,34.91,36.00,31.00,32.70,53400,151.62
2008-01-23,28.45,35.47,28.45,33.85,87200,156.96
2008-01-22,29.43,29.43,25.00,28.76,23500,133.35
2008-01-18,28.01,28.44,26.11,27.24,13700,126.31
2008-01-17,29.50,29.50,27.57,27.67,12500,128.30
2008-01-16,28.75,29.55,27.80,28.67,15500,132.94
2008-01-15,28.20,28.90,27.52,28.90,14600,134.00
2008-01-14,29.97,30.00,27.98,29.35,9400,136.09
2008-01-11,29.00,30.39,28.01,29.56,18200,137.06
2008-01-10,28.22,30.50,27.00,29.63,41800,137.39
2008-01-09,27.07,28.76,25.80,28.63,32500,132.75
2008-01-08,30.94,31.39,27.65,27.65,15400,128.21
2008-01-07,29.21,30.28,28.33,29.92,18500,138.73
2008-01-04,31.00,31.10,29.28,29.28,21700,135.77
2008-01-03,34.02,34.02,31.64,31.86,9600,147.73
2008-01-02,34.25,34.67,33.25,34.01,4100,157.70
2007-12-31,33.44,34.73,33.35,34.50,11100,159.97
2007-12-28,35.00,35.50,33.30,34.24,5000,158.76
2007-12-27,36.12,36.18,34.65,34.66,10700,160.71
2007-12-26,37.56,37.56,36.00,36.74,3900,170.36
2007-12-24,35.80,37.61,35.45,37.61,4700,174.39
2007-12-21,35.50,35.50,34.62,35.22,14000,163.31
2007-12-20,34.67,34.67,33.34,34.18,7700,158.49
2007-12-19,33.65,34.78,33.65,34.60,17400,158.30
2007-12-18,34.14,34.45,32.30,33.86,12800,154.91
2007-12-17,34.83,34.83,33.00,33.34,24900,152.53
2007-12-14,36.52,37.70,35.00,35.00,8900,160.13
2007-12-13,37.74,37.74,36.00,37.35,22000,170.88
2007-12-12,39.57,41.09,37.22,37.91,15800,173.44
2007-12-11,42.66,43.38,38.12,38.42,20500,175.77
2007-12-10,40.73,42.78,40.44,42.78,9700,195.72
2007-12-07,41.42,42.10,40.89,40.98,9500,187.48
2007-12-06,39.10,41.38,38.95,41.38,22600,189.31
2007-12-05,37.77,38.66,37.25,38.66,6100,176.87
2007-12-04,38.25,38.25,36.30,36.58,4200,167.35
2007-12-03,38.22,38.90,37.80,38.27,7900,175.09
2007-11-30,40.58,40.58,38.17,38.94,9400,178.15
2007-11-29,37.08,38.10,36.09,37.25,8800,170.42
2007-11-28,36.40,37.85,36.11,37.73,11300,172.62
2007-11-27,33.33,34.83,33.19,34.83,12800,159.35
2007-11-26,37.59,37.59,33.33,33.33,14200,152.49
2007-11-23,36.01,37.29,36.01,36.94,6400,169.00
2007-11-21,35.25,36.15,34.40,35.97,5200,164.56
2007-11-20,37.44,38.75,34.75,36.28,7700,165.98
2007-11-19,38.88,38.88,37.71,37.87,1700,173.26
2007-11-16,40.21,40.22,38.84,39.58,5200,181.08
2007-11-15,40.35,41.17,39.55,40.63,1900,185.88
2007-11-14,43.78,43.86,41.06,41.11,4000,188.08
2007-11-13,41.01,42.72,41.00,42.72,2300,195.44
2007-11-12,39.90,41.10,39.47,39.84,2300,182.27
2007-11-09,39.05,40.47,38.62,39.78,3900,181.99
2007-11-08,39.91,40.22,38.50,40.08,3800,183.37
2007-11-07,41.10,41.10,39.50,39.66,2800,181.45
2007-11-06,41.75,42.29,40.75,42.29,1400,193.48
2007-11-05,40.77,42.05,40.74,41.75,1100,191.01
2007-11-02,43.96,43.98,41.39,42.77,5100,195.67
2007-11-01,46.45,46.48,44.30,44.51,6900,203.63
2007-10-31,47.00,47.90,44.10,47.90,6700,219.14
2007-10-30,45.53,46.87,45.38,46.43,2000,212.42
2007-10-29,46.59,46.68,45.47,45.77,1200,209.40
2007-10-26,46.30,46.75,45.12,46.30,3000,211.82
2007-10-25,45.95,46.34,44.28,45.45,3900,207.93
2007-10-24,45.30,45.54,43.77,45.45,3500,207.93
2007-10-23,45.74,46.10,45.25,46.02,1800,210.54
2007-10-22,42.50,45.09,42.50,45.05,5200,206.10
2007-10-19,46.12,46.12,43.98,44.15,4400,201.99
2007-10-18,46.06,48.00,45.39,46.98,4300,214.93
2007-10-17,47.61,47.61,45.35,46.94,6500,214.75
2007-10-16,48.29,48.29,47.09,47.21,8300,215.99
2007-10-15,50.28,50.50,48.40,48.49,3600,221.84
2007-10-12,51.75,51.81,50.75,50.83,2200,232.55
2007-10-11,52.47,53.17,51.57,51.68,1800,236.44
2007-10-10,52.86,52.86,51.66,52.34,1200,239.46
2007-10-09,51.99,52.74,50.75,52.74,4300,241.29
2007-10-08,51.93,52.30,51.59,51.98,3400,237.81
2007-10-05,52.20,53.47,51.30,53.47,15000,244.63
2007-10-04,51.03,51.37,50.00,51.37,1500,235.02
2007-10-03,50.90,51.23,50.20,51.07,11200,233.65
2007-10-02,49.94,51.10,49.88,51.00,6300,233.33
2007-10-01,47.85,49.53,47.83,49.53,7300,226.60
2007-09-28,47.96,47.96,47.20,47.85,2300,218.91
2007-09-27,47.96,48.15,47.56,48.06,2800,219.88
2007-09-26,46.81,47.45,46.55,47.45,2100,217.08
2007-09-25,46.94,47.29,46.29,46.78,5200,214.02
2007-09-24,47.72,48.62,47.63,48.51,4900,220.80
2007-09-21,47.50,47.78,47.04,47.39,1300,215.70
2007-09-20,48.20,48.35,46.94,47.14,2300,214.56
2007-09-19,48.18,49.58,48.06,48.72,9600,221.76
2007-09-18,44.52,47.41,44.30,47.20,22000,214.84
2007-09-17,44.30,44.54,43.42,44.26,8200,201.46
2007-09-14,43.09,44.55,43.09,44.55,1500,202.78
2007-09-13,42.90,44.61,42.90,44.12,3800,200.82
2007-09-12,42.16,42.93,42.16,42.58,2000,193.81
2007-09-11,41.96,42.52,41.66,42.52,6700,193.54
2007-09-10,42.36,42.36,40.50,41.51,4500,188.94
2007-09-07,42.65,42.65,41.78,42.24,5400,192.26
2007-09-06,43.80,44.15,42.74,44.04,2400,200.45
2007-09-05,44.76,44.76,43.20,43.75,5300,199.13
2007-09-04,44.60,46.40,44.60,45.69,2600,207.96
2007-08-31,43.97,45.30,43.42,44.82,8800,204.00
2007-08-30,41.85,43.05,41.78,42.84,7900,194.99
2007-08-29,41.15,42.16,40.41,42.16,8900,191.90
2007-08-28,42.05,42.11,40.08,40.10,3800,182.52
2007-08-27,43.64,44.10,42.72,42.72,3000,194.45
2007-08-24,43.82,44.68,43.33,44.25,3400,201.41
2007-08-23,45.65,46.13,44.26,44.72,3700,203.55
2007-08-22,45.86,46.17,44.67,45.23,5500,205.87
2007-08-21,43.49,44.88,43.48,44.88,3900,204.28
2007-08-20,42.31,44.12,42.31,43.82,9100,199.45
2007-08-17,42.53,43.35,41.05,42.16,5600,191.90
2007-08-16,37.15,40.45,36.68,40.45,8100,184.11
2007-08-15,38.63,40.82,37.67,37.68,6500,171.51
2007-08-14,41.55,41.55,38.83,38.83,3300,176.74
2007-08-13,42.86,43.31,42.33,42.35,1600,192.76
2007-08-10,42.73,44.79,42.49,42.75,2900,194.58
2007-08-09,44.30,46.76,43.96,45.66,2400,207.83
2007-08-08,44.46,46.47,44.19,45.41,4900,206.69
2007-08-07,41.40,43.80,40.94,42.80,8600,194.81
2007-08-06,39.87,42.06,38.43,42.06,4100,191.44
2007-08-03,42.00,42.00,40.23,40.41,3400,183.93
2007-08-02,43.19,43.70,42.50,42.87,2200,195.13
2007-08-01,41.10,41.91,38.84,41.91,7900,190.76
2007-07-31,43.11,43.92,41.25,41.25,5100,187.75
2007-07-30,41.15,42.16,40.81,42.03,3900,191.31
2007-07-27,42.91,43.75,41.29,41.35,5200,188.21
2007-07-26,43.67,43.85,41.90,43.33,5000,197.22
2007-07-25,46.51,47.09,44.19,45.25,3000,205.96
2007-07-24,46.60,47.73,45.13,45.44,3200,206.83
2007-07-23,49.92,49.92,47.92,47.92,3000,218.11
2007-07-20,50.77,50.77,49.00,49.38,3900,224.76
2007-07-19,51.66,51.94,51.26,51.44,1300,234.14
2007-07-18,50.40,50.97,49.35,50.97,2500,232.00
2007-07-17,52.24,52.45,51.36,51.63,700,235.00
2007-07-16,53.05,53.60,52.30,52.30,3300,238.05
2007-07-13,51.48,52.81,51.45,52.68,1100,239.78
2007-07-12,50.42,51.50,50.42,51.50,2100,234.41
2007-07-11,50.00,50.21,49.31,50.02,1200,227.67
2007-07-10,51.79,51.79,50.45,50.45,800,229.63
2007-07-09,53.38,53.38,53.02,53.19,300,242.10
2007-07-06,53.24,53.75,52.85,53.59,800,243.92
2007-07-05,53.91,54.50,53.48,53.83,2100,245.01
2007-07-03,52.66,52.98,51.93,52.10,1000,237.14
2007-07-02,50.47,52.43,50.47,52.43,1100,238.64
2007-06-29,50.70,51.54,49.78,50.03,700,227.72
2007-06-28,51.47,51.85,50.60,50.65,1500,230.54
2007-06-27,48.38,51.07,48.38,51.07,4600,232.45
2007-06-26,48.83,49.41,48.46,48.87,1200,222.44
2007-06-25,51.41,51.57,49.86,49.86,1000,223.55
2007-06-22,51.58,51.83,51.01,51.75,800,232.03
2007-06-21,52.10,52.20,50.50,52.20,2600,234.05
2007-06-20,53.69,53.69,52.46,52.46,400,235.21
2007-06-19,53.42,54.77,53.42,54.77,1600,245.57
2007-06-18,56.05,56.05,54.50,54.50,500,244.36
2007-06-15,55.72,56.71,55.72,56.01,500,251.13
2007-06-14,55.51,56.15,54.65,54.96,1100,246.42
2007-06-13,54.51,55.98,54.31,55.63,2000,249.42
2007-06-12,54.97,54.97,53.52,53.67,600,240.64
2007-06-11,55.86,56.15,55.40,55.40,1700,248.39
2007-06-08,55.91,57.26,55.00,57.05,1600,255.79
2007-06-07,58.40,58.43,55.57,55.77,2000,250.05
2007-06-06,59.22,60.11,58.74,59.60,1800,267.22
2007-06-05,62.00,62.00,60.06,60.26,1000,270.18
2007-06-04,62.68,62.71,62.22,62.52,500,280.32
2007-06-01,62.45,62.60,61.08,61.76,1400,276.91
2007-05-31,62.87,62.98,61.52,61.70,1800,276.64
2007-05-30,59.15,62.27,59.15,62.27,4200,279.20
2007-05-29,59.15,59.29,58.00,59.00,4800,264.53
2007-05-25,55.75,56.48,55.00,55.35,400,248.17
2007-05-24,55.57,56.59,53.48,54.45,1900,244.13
2007-05-23,58.43,58.86,56.41,56.41,1600,252.92
2007-05-22,56.48,58.28,56.48,57.89,1000,259.56
2007-05-21,55.65,57.20,55.43,56.37,700,252.74
2007-05-18,56.10,56.43,55.00,55.10,1500,247.05
2007-05-17,56.82,57.37,56.71,56.71,800,254.27
2007-05-16,59.95,59.95,58.05,58.41,500,261.89
2007-05-15,61.72,62.09,59.49,59.75,600,267.90
2007-05-14,62.77,62.77,61.72,61.72,700,276.73
2007-05-11,62.39,62.39,62.04,62.04,300,278.16
2007-05-10,62.15,62.32,61.03,61.03,400,273.64
2007-05-09,61.46,62.55,61.46,62.55,300,280.45
2007-05-08,61.49,61.49,61.37,61.37,200,275.16
2007-05-07,61.55,61.55,61.55,61.55,000,275.97
2007-05-04,62.64,62.64,61.55,61.55,500,275.97
2007-05-03,63.30,63.30,62.75,62.77,200,281.44
2007-05-02,61.23,62.61,61.15,62.27,2600,279.20
2007-05-01,62.01,62.01,60.00,60.96,1100,273.32
2007-04-30,64.00,64.00,62.12,62.12,400,278.52
2007-04-27,64.31,64.31,64.31,64.31,000,288.34
2007-04-26,64.40,65.25,64.40,64.67,100,289.96
2007-04-25,63.67,64.26,63.47,64.26,500,288.12
2007-04-24,65.13,65.13,64.09,64.55,200,289.42
2007-04-23,65.24,65.76,64.88,65.13,400,292.02
2007-04-20,64.20,64.36,63.85,63.85,600,286.28
2007-04-19,63.08,63.33,63.08,63.33,400,283.95
2007-04-18,64.69,64.69,64.23,64.23,100,287.98
2007-04-17,63.85,64.58,63.85,64.58,400,289.55
2007-04-16,63.48,63.49,62.31,62.73,400,281.26
2007-04-13,61.23,62.34,61.23,62.34,900,279.51
2007-04-12,61.08,61.12,60.85,61.11,1100,273.99
2007-04-11,63.15,63.15,61.66,61.66,1300,276.46
2007-04-10,64.02,64.45,63.55,63.55,700,284.93
2007-04-09,63.60,63.67,63.58,63.58,300,285.07
2007-04-05,63.70,63.70,63.63,63.63,100,285.29
2007-04-04,63.34,63.41,62.87,63.41,1700,284.31
2007-04-03,63.57,64.57,63.57,64.09,800,287.36
2007-04-02,62.38,63.12,61.92,62.92,1700,282.11
2007-03-30,60.85,62.08,60.85,62.08,2100,278.34
2007-03-29,61.10,61.22,60.54,61.22,200,274.49
2007-03-28,59.81,61.13,59.72,60.72,600,272.25
2007-03-27,62.38,62.38,61.00,61.30,300,274.85
2007-03-26,63.39,63.39,62.35,62.79,1100,281.53
2007-03-23,64.74,65.05,64.74,64.86,100,290.81
2007-03-22,64.88,64.88,64.14,64.51,400,289.24
2007-03-21,62.77,64.45,61.97,64.45,300,288.97
2007-03-20,62.00,62.77,62.00,62.77,500,281.44
2007-03-19,61.97,62.40,61.78,62.40,400,279.78
2007-03-16,62.13,62.13,61.20,61.20,1200,274.40
2007-03-15,61.71,62.15,61.71,62.15,600,278.66
2007-03-14,60.20,61.05,59.42,61.05,600,273.73
2007-03-13,61.85,61.87,59.95,59.95,900,268.79
2007-03-12,62.84,64.19,62.84,63.59,1000,285.11
2007-03-09,63.43,63.43,62.37,63.25,600,283.59
2007-03-08,61.78,62.95,61.78,61.78,2000,277.00
2007-03-07,61.75,61.75,60.10,60.11,1400,269.51
2007-03-06,60.00,61.90,59.80,61.52,4900,275.83
2007-03-05,60.60,60.99,57.94,58.00,5000,260.05
2007-03-02,64.30,64.30,63.35,63.35,500,284.04
2007-03-01,62.60,65.49,62.01,65.49,200,293.63
2007-02-28,65.80,67.47,65.80,66.91,13100,300.00
2007-02-27,68.00,68.00,63.37,63.37,16700,284.13
2007-02-26,70.63,70.63,67.89,69.25,4200,310.49
2007-02-23,71.89,71.89,70.03,70.03,5500,313.99
2007-02-22,73.46,73.46,72.45,72.57,11000,325.38
2007-02-21,73.08,73.39,72.91,73.39,2500,329.05
2007-02-20,71.98,74.12,71.96,73.83,2200,331.03
2007-02-16,73.00,73.11,71.85,73.11,400,327.80
2007-02-15,72.65,73.45,72.46,73.45,1100,329.32
2007-02-14,73.62,73.62,72.82,73.28,2400,328.56
2007-02-13,70.16,73.22,69.75,73.20,8000,328.20
2007-02-12,71.49,71.49,70.24,70.63,3700,316.68
2007-02-09,73.24,73.27,70.50,73.27,2200,328.52
2007-02-08,76.00,77.05,75.67,75.67,1800,339.28
2007-02-07,73.70,76.54,73.70,76.40,1300,342.55
2007-02-06,73.23,73.27,73.23,73.26,300,328.47
2007-02-05,71.42,71.42,71.42,71.42,000,320.22
2007-02-02,71.42,71.42,71.42,71.42,000,320.22