2011-05-10,97.58,100.44,97.28,100.43,115500,100.43
2011-05-09,92.57,96.34,92.21,96.19,141000,96.19
2011-05-06,94.55,96.34,91.43,92.73,139700,92.73
2011-05-05,90.67,95.29,90.04,91.33,193500,91.33
2011-05-04,96.78,96.85,91.00,92.59,186000,92.59
2011-05-03,99.88,100.45,94.37,96.56,146000,96.56
2011-05-02,105.66,105.66,99.85,100.11,215000,100.11
2011-04-29,103.24,104.81,102.26,103.80,128000,103.80
2011-04-28,101.12,103.50,100.81,103.08,101700,103.08
2011-04-27,99.82,101.59,98.56,101.30,155300,101.30
2011-04-26,97.34,101.18,96.97,99.53,157000,99.53
2011-04-25,96.89,97.37,94.78,96.70,105100,96.70
2011-04-21,96.70,97.17,94.71,97.05,124400,97.05
2011-04-20,93.88,95.00,93.17,95.00,234700,95.00
2011-04-19,90.42,91.30,88.00,89.52,155800,89.52
2011-04-18,89.70,89.86,87.17,89.65,245100,89.65
2011-04-15,91.23,93.94,89.94,93.94,180600,93.94
2011-04-14,87.67,91.32,87.33,91.22,156300,91.22
2011-04-13,91.33,91.70,88.11,89.89,200400,89.89
2011-04-12,91.65,92.60,89.30,89.62,269900,89.62
2011-04-11,95.93,96.72,92.10,93.25,224200,93.25
2011-04-08,100.35,100.60,94.54,95.95,247700,95.95
2011-04-07,101.05,102.13,98.06,98.87,144900,98.87
2011-04-06,101.62,102.47,99.10,100.36,135200,100.36
2011-04-05,98.10,101.86,97.60,99.94,138400,99.94
2011-04-04,98.68,99.25,97.96,98.33,80700,98.33
2011-04-01,98.99,99.41,96.81,97.51,138100,97.51
2011-03-31,95.58,96.81,94.95,96.50,53800,96.50
2011-03-30,93.27,95.77,92.71,95.30,79600,95.30
2011-03-29,89.63,92.08,88.00,91.80,84600,91.80
2011-03-28,91.22,91.69,89.23,89.28,72800,89.28
2011-03-25,89.02,92.70,88.00,90.00,125700,90.00
2011-03-24,88.00,88.45,85.53,87.73,85900,87.73
2011-03-23,84.74,86.68,81.99,85.84,71300,85.84
2011-03-22,86.95,87.43,84.59,85.55,68400,85.55
2011-03-21,84.31,86.43,83.77,86.38,78300,86.38
2011-03-18,80.82,81.28,80.00,80.84,82800,80.84
2011-03-17,82.22,82.22,77.96,78.12,107900,78.12
2011-03-16,78.73,81.09,76.25,77.22,141600,77.22
2011-03-15,76.27,81.54,72.99,79.89,236700,79.89
2011-03-14,80.46,83.64,79.60,81.86,64300,81.86
2011-03-11,80.57,84.84,80.05,83.20,110000,83.20
2011-03-10,85.82,85.95,81.80,82.57,164700,82.57
2011-03-09,90.13,91.00,88.58,89.63,92600,89.63
2011-03-08,86.53,91.77,84.70,90.88,153400,90.88
2011-03-07,92.63,92.63,84.07,86.60,150000,86.60
2011-03-04,91.95,92.10,88.26,91.00,166300,91.00
2011-03-03,88.80,92.72,88.80,92.02,170800,92.02
2011-03-02,84.65,87.47,83.90,86.23,219400,86.23
2011-03-01,91.69,91.69,84.17,85.27,315900,85.27
2011-02-28,91.85,92.31,88.36,90.56,271100,90.56
2011-02-25,85.83,90.12,85.37,90.12,285800,90.12
2011-02-24,166.29,171.20,162.83,168.83,658400,84.42
2011-02-23,175.08,175.56,162.10,166.08,315600,83.04
2011-02-22,184.27,186.92,173.88,174.25,338600,87.12
2011-02-18,189.98,191.96,187.08,189.63,102000,94.82
2011-02-17,183.86,190.09,183.31,188.49,161200,94.25
2011-02-16,181.75,185.57,181.47,184.80,289000,92.40
2011-02-15,182.20,182.91,179.29,180.31,171200,90.15
2011-02-14,181.24,184.00,180.54,183.56,113200,91.78
2011-02-11,173.13,180.74,172.45,180.74,262000,90.37
2011-02-10,169.69,175.54,169.00,174.92,226000,87.46
2011-02-09,173.89,175.50,170.10,172.72,262000,86.36
2011-02-08,171.91,175.24,169.74,175.19,179200,87.60
2011-02-07,167.97,175.28,166.92,171.57,259400,85.79
2011-02-04,165.44,167.22,163.03,166.74,205000,83.37
2011-02-03,163.74,166.54,158.37,165.77,218600,82.89
2011-02-02,165.13,168.34,164.00,164.18,222400,82.09
2011-02-01,159.06,167.51,157.86,165.58,230600,82.79
2011-01-31,154.69,158.31,151.18,154.90,276800,77.45
2011-01-28,163.91,164.49,151.51,152.74,443400,76.37
2011-01-27,162.18,166.03,160.44,164.25,306400,82.12
2011-01-26,155.83,164.08,154.61,162.67,512000,81.33
2011-01-25,151.96,155.32,149.85,155.32,475200,77.66
2011-01-24,151.27,156.30,150.76,155.06,479600,77.53
2011-01-21,157.21,157.61,151.03,151.06,386400,75.53
2011-01-20,156.86,159.31,152.03,154.41,469200,77.21
2011-01-19,173.98,173.98,158.35,159.40,536000,79.70
2011-01-18,171.00,172.74,168.07,172.71,481000,86.36
2011-01-14,168.14,173.18,167.00,172.24,306200,86.12
2011-01-13,168.76,170.73,166.16,168.08,345200,84.04
2011-01-12,168.76,169.68,165.92,168.62,304600,84.31
2011-01-11,164.94,166.90,161.81,164.59,359200,82.29
2011-01-10,158.39,164.42,154.34,162.54,607600,81.27
2011-01-07,163.91,165.28,153.01,159.98,542400,79.99
2011-01-06,165.12,165.85,160.54,162.56,405600,81.28
2011-01-05,158.98,164.78,157.61,164.65,292600,82.32
2011-01-04,167.98,168.55,154.00,159.37,426800,79.68
2011-01-03,162.98,169.21,161.65,166.76,412000,83.38
2010-12-31,161.14,162.33,157.96,158.33,258800,79.17
2010-12-30,162.11,164.38,161.66,161.83,167800,80.92
2010-12-29,162.46,163.18,161.64,162.17,144400,81.08
2010-12-28,163.92,164.32,160.28,161.64,190800,80.82
2010-12-27,159.96,163.73,158.93,162.90,118800,81.45
2010-12-23,162.75,163.82,160.76,161.43,264200,80.71
2010-12-22,163.42,164.15,161.45,162.00,118000,81.00
2010-12-21,158.89,162.58,158.56,162.12,205000,81.06
2010-12-20,156.61,159.63,154.64,157.06,226800,78.53
2010-12-17,154.06,155.92,150.97,155.04,283400,77.52
2010-12-16,150.09,154.61,148.49,153.81,187400,76.90
2010-12-15,150.52,155.30,148.67,149.18,247600,74.59
2010-12-14,153.33,153.33,150.17,151.11,104400,75.56
2010-12-13,155.30,156.02,151.04,151.18,226600,75.59
2010-12-10,149.28,154.40,147.91,153.48,144400,76.74
2010-12-09,149.60,149.60,146.28,148.17,133200,74.08
2010-12-08,147.80,149.10,146.00,146.53,150400,73.26
2010-12-07,149.71,150.47,145.87,146.60,317400,73.30
2010-12-06,141.34,145.36,140.91,144.20,128600,72.10
2010-12-03,137.13,142.81,136.53,141.67,148600,70.83
2010-12-02,135.01,139.29,134.50,138.52,178400,69.26
2010-12-01,133.17,135.58,132.92,134.65,150200,67.32
2010-11-30,124.68,128.62,123.38,126.44,138200,63.22
2010-11-29,127.08,130.01,122.25,128.76,288400,64.38
2010-11-26,129.03,131.08,128.10,128.79,88800,64.39
2010-11-24,126.37,131.37,126.36,131.37,167000,65.68
2010-11-23,121.98,123.50,119.81,122.87,167200,61.44
2010-11-22,123.62,127.45,121.38,126.67,129400,63.33
2010-11-19,122.50,125.55,120.36,124.69,101000,62.35
2010-11-18,121.02,125.30,121.01,123.50,262400,61.75
2010-11-17,116.72,117.67,114.88,116.80,142200,58.40
2010-11-16,120.20,120.87,113.33,115.91,343000,57.96
2010-11-15,124.72,127.00,123.00,123.02,148400,61.51
2010-11-12,125.50,128.61,122.57,122.90,198600,61.45
2010-11-11,126.61,130.70,125.37,129.39,98200,64.69
2010-11-10,127.18,130.73,123.60,130.70,116400,65.35
2010-11-09,133.04,133.69,124.65,126.65,135800,63.33
2010-11-08,131.18,132.60,128.89,131.86,141400,65.93
2010-11-05,130.65,133.36,129.92,132.16,194400,66.08
2010-11-04,127.54,130.22,126.50,130.01,245400,65.00
2010-11-03,120.13,121.27,115.80,121.01,131400,60.51
2010-11-02,116.83,119.65,114.93,119.49,146600,59.74
2010-11-01,116.86,118.80,110.07,112.50,417400,56.25
2010-10-29,112.67,116.51,112.67,114.85,98800,57.42
2010-10-28,118.52,118.71,112.32,114.00,350000,57.00
2010-10-27,114.50,116.44,111.27,115.75,222200,57.88
2010-10-26,115.44,119.08,113.40,116.98,99200,58.49
2010-10-25,117.63,122.12,116.60,117.08,133200,58.54
2010-10-22,113.79,115.35,112.96,115.04,91000,57.52
2010-10-21,116.36,118.75,108.63,112.79,178000,56.40
2010-10-20,112.89,116.44,111.55,114.42,182800,57.21
2010-10-19,113.88,117.52,108.71,111.15,195200,55.58
2010-10-18,116.46,118.81,115.30,116.15,77600,58.08
2010-10-15,119.54,119.97,113.24,115.38,172800,57.69
2010-10-14,116.82,118.34,113.35,116.46,177000,58.23
2010-10-13,114.11,119.38,112.95,116.55,97800,58.28
2010-10-12,108.76,112.84,106.30,111.74,107000,55.87
2010-10-11,110.58,113.02,109.68,110.82,61200,55.41
2010-10-08,106.42,112.16,105.28,110.33,115000,55.17
2010-10-07,109.35,109.35,104.41,106.35,145800,53.17
2010-10-06,108.33,109.30,105.45,107.36,196800,53.68
2010-10-05,103.31,108.98,101.51,108.22,147000,54.11
2010-10-04,103.33,105.08,97.75,100.02,205000,50.01
2010-10-01,105.34,105.61,101.64,104.03,197600,52.01
2010-09-30,105.62,107.01,99.93,102.25,276200,51.12
2010-09-29,101.84,104.52,100.80,103.33,232400,51.67
2010-09-28,99.95,102.93,94.92,102.23,193800,51.12
2010-09-27,100.28,100.86,97.97,99.83,252600,49.92
2010-09-24,95.32,100.35,94.97,100.00,228200,50.00
2010-09-23,92.43,96.72,90.49,91.41,182800,45.71
2010-09-22,97.41,99.47,92.58,94.78,392000,47.39
2010-09-21,99.88,101.73,97.77,98.29,208800,49.15
2010-09-20,93.35,100.73,91.50,99.85,277400,49.92
2010-09-17,93.25,93.63,88.50,92.28,229000,46.14
2010-09-16,92.34,93.12,88.85,91.17,155800,45.58
2010-09-15,90.55,93.80,88.69,93.25,200400,46.62
2010-09-14,92.25,94.05,90.58,91.53,275400,45.76
2010-09-13,89.29,93.44,88.90,92.50,299000,46.25
2010-09-10,86.67,87.94,84.89,86.02,157400,43.01
2010-09-09,89.48,89.63,83.75,85.59,149400,42.79
2010-09-08,84.74,87.38,84.50,85.34,327000,42.67
2010-09-07,88.17,88.17,83.02,84.02,327000,42.01
2010-09-03,88.52,89.74,86.21,88.70,382800,44.35
2010-09-02,81.73,85.10,80.91,84.40,322400,42.20
2010-09-01,77.06,81.83,76.01,81.74,615200,40.87
2010-08-31,73.10,75.82,71.37,73.30,441000,36.65
2010-08-30,77.71,78.83,73.54,73.55,285600,36.78
2010-08-27,75.68,79.40,71.49,78.99,329200,39.49
2010-08-26,75.61,77.45,72.44,73.07,278400,36.53
2010-08-25,69.71,75.29,69.03,74.78,268400,37.39
2010-08-24,70.71,74.09,68.56,71.56,451400,35.78
2010-08-23,79.05,80.12,73.93,74.09,400200,37.04
2010-08-20,76.17,77.38,73.47,77.12,305400,38.56
2010-08-19,83.14,83.81,76.50,77.23,308600,38.62
2010-08-18,82.95,86.34,80.73,84.07,303800,42.03
2010-08-17,81.73,85.23,80.44,83.05,291000,41.53
2010-08-16,75.68,80.49,74.71,79.05,234200,39.53
2010-08-13,79.00,79.53,76.92,77.27,212600,38.63
2010-08-12,76.36,81.39,76.03,80.04,405400,40.02
2010-08-11,86.46,86.57,80.49,81.95,460000,40.97
2010-08-10,94.80,95.57,89.90,92.26,505600,46.13
2010-08-09,96.62,98.63,94.71,97.64,229400,48.82
2010-08-06,91.46,95.55,88.90,94.50,476200,47.25
2010-08-05,96.82,99.22,95.96,96.16,181400,48.08
2010-08-04,98.31,100.42,97.25,99.68,250000,49.84
2010-08-03,98.00,100.75,94.39,96.76,264200,48.38
2010-08-02,99.35,100.73,96.83,98.80,296200,49.40
2010-07-30,90.14,96.61,88.95,94.20,251000,47.10
2010-07-29,97.37,98.33,89.50,93.99,362000,46.99
2010-07-28,99.11,100.37,93.06,94.95,247600,47.47
2010-07-27,103.30,104.36,98.54,99.47,371800,49.74
2010-07-26,95.58,100.85,94.07,100.72,400600,50.36
2010-07-23,86.47,94.66,85.85,94.30,370800,47.15
2010-07-22,83.02,88.61,82.86,87.86,484600,43.93
2010-07-21,85.87,86.17,78.70,79.40,394800,39.70
2010-07-20,76.22,84.18,75.48,83.71,373000,41.85
2010-07-19,79.55,80.30,75.26,79.61,198400,39.81
2010-07-16,86.46,86.99,78.03,79.11,293600,39.56
2010-07-15,91.43,91.43,85.01,88.70,291000,44.35
2010-07-14,91.23,92.74,88.89,91.09,215800,45.54
2010-07-13,87.58,92.89,86.56,91.83,348400,45.92
2010-07-12,86.18,87.78,81.56,84.36,189000,42.18
2010-07-09,83.17,86.93,82.35,86.81,141000,43.40
2010-07-08,82.30,83.59,79.47,82.96,277600,41.48
2010-07-07,72.70,79.86,72.70,79.55,196200,39.78
2010-07-06,79.11,81.02,70.94,72.42,365400,36.21
2010-07-02,78.60,79.16,73.71,75.02,346200,37.51
2010-07-01,79.65,80.15,71.57,77.57,481400,38.78
2010-06-30,81.30,85.34,78.80,79.24,182800,39.62
2010-06-29,88.13,88.15,80.36,82.26,363600,41.13
2010-06-28,93.90,96.75,91.30,92.85,79200,46.42
2010-06-25,90.76,95.44,88.36,94.37,384000,47.19
2010-06-24,91.92,94.09,89.15,89.72,291000,44.86
2010-06-23,94.13,97.14,91.39,94.41,211400,47.21
2010-06-22,102.79,105.92,94.78,95.18,184400,47.59
2010-06-21,109.62,110.25,99.58,101.47,202200,50.74
2010-06-18,105.44,107.31,103.02,104.71,111200,52.35
2010-06-17,106.13,106.47,100.81,104.36,420200,52.18
2010-06-16,103.17,107.42,102.23,104.44,241400,52.22
2010-06-15,100.78,106.28,99.44,105.47,235000,52.74
2010-06-14,100.29,102.97,97.42,97.86,370600,48.93
2010-06-11,89.11,96.73,88.78,96.73,210600,48.37
2010-06-10,88.40,92.66,87.49,92.66,450600,46.33
2010-06-09,85.65,89.82,82.50,83.85,504800,41.92
2010-06-08,84.64,86.56,78.95,83.59,735600,41.79
2010-06-07,92.14,93.15,83.64,83.93,397800,41.97
2010-06-04,98.16,101.10,90.00,90.83,564000,45.42
2010-06-03,103.77,107.72,102.16,106.96,536200,53.48
2010-06-02,96.96,103.00,94.01,102.98,276600,51.49
2010-06-01,101.22,105.34,94.71,94.99,521600,47.49
2010-05-28,107.76,108.80,102.09,104.51,526600,52.26
2010-05-27,103.87,108.58,101.23,108.58,357800,54.29
2010-05-26,96.79,103.14,94.70,96.05,509000,48.03
2010-05-25,89.25,95.72,84.53,95.02,411200,47.51
2010-05-24,98.14,100.93,95.25,95.77,300000,47.88
2010-05-21,90.75,101.91,89.54,99.77,655200,49.88
2010-05-20,103.57,104.97,95.35,95.38,1067600,47.69
2010-05-19,114.88,118.66,107.60,112.64,890400,56.32
2010-05-18,128.65,129.50,115.57,117.16,739200,58.58
2010-05-17,125.42,128.14,113.73,123.58,573000,61.79
2010-05-14,127.95,128.01,118.00,122.43,646200,61.22
2010-05-13,133.71,137.21,128.88,130.66,540800,65.33
2010-05-12,125.25,134.94,124.98,134.67,646800,67.33
2010-05-11,116.34,128.16,115.33,123.37,499200,61.69
2010-05-10,118.45,120.88,115.67,120.79,462400,60.40
2010-05-07,110.33,114.73,99.76,103.47,637200,51.74
2010-05-06,124.57,128.86,90.00,114.54,863000,57.27
2010-05-05,129.85,133.10,124.57,127.46,513200,63.73
2010-05-04,140.59,140.87,130.91,133.40,603000,66.70
2010-05-03,140.61,147.41,140.47,147.29,376600,73.64
2010-04-30,151.23,151.92,137.77,137.78,555800,68.89
2010-04-29,145.57,151.32,143.46,151.24,287800,75.62
2010-04-28,144.31,145.16,140.18,141.90,554600,70.95
2010-04-27,150.39,154.35,140.75,141.55,1031200,70.78
2010-04-26,154.05,156.87,151.65,151.65,645600,75.82
2010-04-23,149.91,154.20,147.47,154.19,405400,77.10
2010-04-22,139.81,149.79,137.75,149.15,848600,74.57
2010-04-21,142.26,144.89,140.54,144.43,260400,72.21
2010-04-20,138.29,141.53,136.38,141.46,319600,70.73
2010-04-19,135.60,139.52,130.25,135.91,552200,67.96
2010-04-16,143.31,143.66,134.95,138.09,887400,69.04
2010-04-15,142.45,144.50,141.73,143.58,195600,71.79
2010-04-14,136.21,142.36,135.47,142.36,223800,71.18
2010-04-13,131.90,134.00,129.68,133.57,324800,66.79
2010-04-12,131.34,133.56,130.60,132.63,247200,66.32
2010-04-09,129.72,131.25,127.23,131.00,196000,65.50
2010-04-08,127.88,130.86,125.21,129.46,273800,64.73
2010-04-07,129.61,131.50,126.93,129.14,545800,64.57
2010-04-06,127.08,131.25,126.40,130.42,329200,65.21
2010-04-05,122.50,128.12,121.62,128.12,357600,64.06
2010-04-01,121.28,122.71,117.77,121.06,553400,60.53
2010-03-31,120.24,123.37,118.25,118.25,478800,59.12
2010-03-30,121.08,123.05,118.66,121.02,320200,60.51
2010-03-29,120.05,121.25,118.50,120.28,168200,60.14
2010-03-26,120.07,122.00,117.00,118.08,344200,59.04
2010-03-25,124.00,126.25,118.21,118.48,319400,59.24
2010-03-24,122.78,124.18,120.60,120.60,318200,60.30
2010-03-23,121.25,125.00,119.13,124.88,211600,62.44
2010-03-22,113.00,121.00,112.25,120.28,306200,60.14
2010-03-19,121.10,121.11,114.10,115.35,289000,57.67
2010-03-18,120.99,122.65,119.44,120.19,226200,60.10
2010-03-17,119.90,123.00,119.90,121.21,165200,60.60
2010-03-16,117.56,119.00,115.51,119.00,222600,59.50
2010-03-15,116.92,117.31,113.43,116.05,124600,58.03
2010-03-12,117.99,117.99,115.45,117.04,338200,58.52
2010-03-11,114.46,117.77,112.99,117.27,263200,58.63
2010-03-10,114.41,118.00,114.05,116.30,443000,58.15
2010-03-09,111.29,115.75,111.29,113.33,54400,56.67
2010-03-08,111.47,113.05,111.36,112.49,36800,56.24
2010-03-05,107.11,112.00,106.25,111.45,79200,55.72
2010-03-04,105.07,105.41,103.15,105.10,132400,52.55
2010-03-03,103.93,105.75,102.75,103.70,50800,51.85
2010-03-02,101.46,103.82,101.34,102.57,49200,51.28
2010-03-01,96.83,100.36,96.83,100.19,159200,50.10
2010-02-26,95.23,95.25,92.74,93.99,73000,46.99
2010-02-25,90.97,94.86,90.12,94.85,51400,47.42
2010-02-24,93.49,95.60,93.21,94.59,62600,47.29
2010-02-23,95.75,95.75,91.68,92.63,153800,46.31
2010-02-22,96.61,96.63,94.90,95.65,71200,47.83
2010-02-19,93.38,96.24,93.21,95.07,55400,47.53
2010-02-18,92.29,94.31,91.52,94.31,44200,47.15
2010-02-17,91.94,92.80,90.96,92.23,27000,46.12
2010-02-16,88.81,90.34,86.57,90.34,9400,45.17
2010-02-12,81.99,85.26,81.99,85.26,4600,42.63
2010-02-11,78.76,83.30,78.73,83.28,5400,41.64