2011-05-10,33.58,33.87,33.57,33.83,58900,33.83
2011-05-09,33.46,33.55,33.35,33.50,74100,33.50
2011-05-06,33.76,33.84,33.45,33.52,86000,33.52
2011-05-05,33.61,33.70,33.31,33.43,84000,33.43
2011-05-04,34.09,34.11,33.71,33.78,113000,33.78
2011-05-03,33.94,34.20,33.84,34.07,199100,34.07
2011-05-02,34.29,34.29,33.96,34.02,104000,34.02
2011-04-29,34.14,34.15,33.98,34.13,63000,34.13
2011-04-28,33.86,34.21,33.86,34.17,66500,34.17
2011-04-27,33.73,33.95,33.64,33.91,85700,33.91
2011-04-26,33.57,33.75,33.52,33.68,110200,33.68
2011-04-25,33.46,33.53,33.41,33.47,77400,33.47
2011-04-21,33.42,33.50,33.24,33.48,78800,33.48
2011-04-20,33.47,33.47,33.20,33.30,110300,33.30
2011-04-19,33.25,33.25,32.97,33.17,133500,33.17
2011-04-18,33.19,33.19,32.91,33.09,147800,33.09
2011-04-15,33.56,33.63,33.40,33.50,96300,33.50
2011-04-14,33.45,33.51,33.29,33.45,134500,33.45
2011-04-13,34.12,34.12,33.55,33.63,146300,33.63
2011-04-12,33.83,34.05,33.72,33.89,109700,33.89
2011-04-11,34.08,34.27,33.95,34.02,88900,34.02
2011-04-08,34.51,34.53,33.97,34.06,90800,34.06
2011-04-07,34.57,34.64,34.30,34.37,61200,34.37
2011-04-06,34.34,34.58,34.25,34.56,90000,34.56
2011-04-05,34.11,34.25,34.08,34.17,66900,34.17
2011-04-04,34.21,34.33,34.09,34.19,93500,34.19
2011-04-01,34.10,34.34,34.08,34.19,126800,34.19
2011-03-31,33.81,33.96,33.76,33.89,65900,33.89
2011-03-30,33.79,34.01,33.73,33.92,173900,33.92
2011-03-29,33.53,33.64,33.35,33.64,100700,33.64
2011-03-28,33.71,33.76,33.54,33.56,179800,33.56
2011-03-25,33.55,33.77,33.48,33.62,117000,33.62
2011-03-24,33.52,33.58,33.24,33.56,205200,33.53
2011-03-23,33.41,33.49,33.07,33.40,195500,33.37
2011-03-22,33.68,33.70,33.50,33.52,83500,33.49
2011-03-21,33.83,33.83,33.54,33.70,131900,33.67
2011-03-18,33.44,33.63,33.34,33.41,114700,33.38
2011-03-17,33.09,33.17,32.71,33.05,97400,33.02
2011-03-16,33.29,33.29,32.50,32.68,122200,32.65
2011-03-15,32.82,33.41,32.67,33.26,188700,33.23
2011-03-14,33.63,33.72,33.36,33.64,226000,33.61
2011-03-11,33.51,33.98,33.51,33.91,91000,33.88
2011-03-10,34.05,34.05,33.68,33.71,103300,33.68
2011-03-09,34.39,34.57,34.22,34.41,78700,34.38
2011-03-08,33.86,34.50,33.86,34.44,118900,34.41
2011-03-07,34.08,34.20,33.60,33.75,124000,33.72
2011-03-04,34.32,34.33,33.77,33.96,221500,33.93
2011-03-03,34.02,34.43,34.02,34.39,141000,34.36
2011-03-02,33.85,33.99,33.60,33.69,134000,33.66
2011-03-01,34.72,34.72,33.92,33.92,199100,33.89
2011-02-28,34.66,34.76,34.50,34.63,179300,34.60
2011-02-25,34.22,34.46,34.14,34.45,96400,34.42
2011-02-24,33.95,34.07,33.56,33.94,165600,33.91
2011-02-23,34.20,34.44,33.69,34.05,236300,34.02
2011-02-22,34.73,34.90,34.17,34.25,358200,34.22
2011-02-18,35.14,35.24,35.10,35.22,180900,35.19
2011-02-17,35.03,35.20,34.95,35.15,222900,35.12
2011-02-16,35.11,35.19,34.98,35.15,113800,35.12
2011-02-15,34.98,35.11,34.87,34.93,150200,34.90
2011-02-14,34.94,35.07,34.87,35.04,229000,35.01
2011-02-11,34.45,35.07,34.40,35.00,126300,34.97
2011-02-10,34.36,34.56,34.34,34.52,119700,34.49
2011-02-09,34.58,34.68,34.33,34.52,202000,34.49
2011-02-08,34.50,34.75,34.44,34.74,512200,34.71
2011-02-07,34.20,34.58,34.16,34.54,134200,34.51
2011-02-04,34.07,34.07,33.83,34.03,138300,34.00
2011-02-03,34.04,34.11,33.77,34.07,153400,34.04
2011-02-02,34.23,34.32,34.05,34.08,100100,34.05
2011-02-01,33.88,34.35,33.87,34.30,120400,34.27
2011-01-31,33.50,33.75,33.49,33.67,127700,33.64
2011-01-28,34.06,34.20,33.37,33.37,191600,33.34
2011-01-27,33.71,34.01,33.71,34.00,173400,33.97
2011-01-26,33.78,33.90,33.66,33.72,133500,33.69
2011-01-25,33.57,33.73,33.35,33.71,157200,33.68
2011-01-24,33.79,33.80,33.60,33.72,189100,33.69
2011-01-21,33.75,33.88,33.62,33.73,143100,33.70
2011-01-20,33.32,33.66,33.27,33.49,138200,33.46
2011-01-19,33.95,34.00,33.34,33.40,244600,33.37
2011-01-18,34.23,34.28,33.98,34.19,432100,34.16
2011-01-14,33.79,34.36,33.74,34.32,357900,34.29
2011-01-13,33.92,33.98,33.71,33.78,282900,33.75
2011-01-12,33.75,33.90,33.71,33.90,375500,33.87
2011-01-11,33.50,33.59,33.27,33.41,492800,33.38
2011-01-10,33.15,33.35,32.99,33.26,146500,33.23
2011-01-07,33.72,33.75,32.98,33.34,222600,33.31
2011-01-06,33.88,33.90,33.59,33.62,241800,33.59
2011-01-05,33.35,33.85,33.29,33.80,269200,33.77
2011-01-04,33.73,33.73,33.19,33.43,291800,33.40
2011-01-03,33.30,33.64,33.26,33.60,373300,33.57
2010-12-31,32.81,32.95,32.78,32.88,98700,32.85
2010-12-30,32.94,32.95,32.80,32.83,394100,32.80
2010-12-29,33.05,33.05,32.92,32.94,126300,32.91
2010-12-28,33.02,33.06,32.92,33.00,100500,32.97
2010-12-27,32.57,32.98,32.53,32.98,175000,32.95
2010-12-23,33.08,33.13,32.81,32.89,110500,32.67
2010-12-22,32.81,33.21,32.81,33.12,287900,32.90
2010-12-21,32.40,32.76,32.39,32.74,199300,32.52
2010-12-20,32.22,32.34,32.13,32.24,106600,32.02
2010-12-17,32.04,32.20,31.92,32.13,225300,31.91
2010-12-16,32.03,32.19,31.85,31.98,101100,31.76
2010-12-15,32.11,32.31,31.91,31.92,166000,31.70
2010-12-14,32.49,32.57,32.08,32.19,190200,31.97
2010-12-13,32.54,32.66,32.40,32.42,206000,32.20
2010-12-10,32.23,32.48,32.09,32.46,254300,32.24
2010-12-09,32.05,32.21,31.86,32.16,194800,31.94
2010-12-08,31.40,31.84,31.40,31.83,164900,31.62
2010-12-07,31.80,31.80,31.36,31.39,152600,31.18
2010-12-06,31.32,31.43,31.23,31.36,103600,31.15
2010-12-03,31.09,31.44,30.95,31.39,127500,31.18
2010-12-02,30.71,31.29,30.67,31.29,193600,31.08
2010-12-01,30.34,30.55,30.31,30.55,192700,30.34
2010-11-30,29.93,30.15,29.90,29.94,211600,29.74
2010-11-29,29.90,30.25,29.83,30.19,119000,29.99
2010-11-26,30.12,30.22,30.04,30.04,22800,29.84
2010-11-24,30.05,30.33,30.05,30.33,50600,30.13
2010-11-23,30.00,30.06,29.83,29.85,110000,29.65
2010-11-22,30.51,30.51,30.10,30.29,108300,30.09
2010-11-19,30.53,30.66,30.38,30.65,65800,30.44
2010-11-18,30.65,30.83,30.59,30.65,72300,30.44
2010-11-17,30.38,30.45,30.20,30.26,106700,30.06
2010-11-16,30.84,30.84,30.19,30.40,117900,30.19
2010-11-15,31.02,31.35,30.96,30.96,107800,30.75
2010-11-12,31.16,31.31,30.81,30.89,112800,30.68
2010-11-11,31.40,31.51,31.23,31.37,73300,31.16
2010-11-10,31.26,31.65,31.07,31.65,99800,31.44
2010-11-09,32.02,32.02,31.13,31.26,107500,31.05
2010-11-08,32.12,32.12,31.65,31.91,77400,31.69
2010-11-05,31.61,32.33,31.54,32.12,197200,31.90
2010-11-04,30.79,31.56,30.79,31.52,177500,31.31
2010-11-03,30.29,30.53,30.10,30.52,116000,30.31
2010-11-02,30.32,30.36,30.19,30.27,44500,30.07
2010-11-01,30.25,30.41,29.90,30.15,74700,29.95
2010-10-29,30.11,30.24,30.07,30.19,108300,29.99
2010-10-28,30.40,30.44,30.03,30.19,109200,29.99
2010-10-27,30.09,30.30,30.05,30.25,77700,30.05
2010-10-26,30.06,30.28,30.00,30.23,81900,30.03
2010-10-25,30.55,30.60,30.16,30.19,116900,29.99
2010-10-22,30.33,30.41,30.17,30.30,63200,30.10
2010-10-21,30.46,30.62,30.11,30.27,56700,30.07
2010-10-20,30.04,30.45,29.86,30.34,146000,30.14
2010-10-19,30.15,30.56,29.89,30.01,91300,29.81
2010-10-18,29.67,30.38,29.67,30.37,144000,30.16
2010-10-15,30.32,30.33,29.62,29.75,142500,29.55
2010-10-14,30.48,30.48,29.96,30.18,140800,29.98
2010-10-13,30.80,30.91,30.54,30.65,162000,30.44
2010-10-12,30.12,30.60,30.05,30.56,110500,30.35
2010-10-11,30.33,30.33,30.17,30.25,51400,30.05
2010-10-08,30.20,30.32,30.10,30.25,104400,30.05
2010-10-07,30.43,30.52,30.06,30.19,70900,29.99
2010-10-06,30.36,30.43,30.23,30.29,85300,30.09
2010-10-05,29.92,30.40,29.72,30.32,190900,30.12
2010-10-04,29.78,30.00,29.54,29.69,79500,29.49
2010-10-01,29.83,29.95,29.56,29.85,293200,29.65
2010-09-30,29.83,30.10,29.58,29.62,259000,29.42
2010-09-29,29.73,29.83,29.50,29.64,128600,29.44
2010-09-28,29.81,29.86,29.42,29.82,168200,29.62
2010-09-27,29.98,29.98,29.64,29.71,201800,29.51
2010-09-24,29.58,30.01,29.58,30.01,115100,29.81
2010-09-23,29.62,29.85,29.28,29.33,162200,29.02
2010-09-22,30.21,30.40,29.83,29.88,358400,29.57
2010-09-21,30.75,30.76,30.29,30.38,321600,30.06
2010-09-20,30.08,30.73,30.07,30.67,155900,30.35
2010-09-17,30.28,30.30,30.00,30.04,141600,29.73
2010-09-16,30.19,30.19,30.00,30.15,147200,29.84
2010-09-15,29.97,30.30,29.89,30.27,147200,29.95
2010-09-14,30.32,30.35,30.01,30.14,179400,29.83
2010-09-13,30.16,30.44,30.16,30.41,138800,30.09
2010-09-10,29.77,29.87,29.66,29.76,178200,29.45
2010-09-09,29.90,29.97,29.54,29.71,269900,29.40
2010-09-08,29.25,29.61,29.25,29.44,171800,29.13
2010-09-07,29.57,29.57,29.14,29.15,122000,28.85
2010-09-03,29.58,29.82,29.51,29.80,97000,29.49
2010-09-02,28.95,29.23,28.92,29.21,104800,28.91
2010-09-01,28.27,28.98,28.27,28.96,331700,28.66
2010-08-31,27.65,27.98,27.48,27.89,70600,27.60
2010-08-30,28.14,28.19,27.68,27.70,91100,27.41
2010-08-27,27.83,28.28,27.51,28.27,219000,27.98
2010-08-26,28.09,28.22,27.63,27.65,255000,27.36
2010-08-25,27.58,28.01,27.33,27.91,221600,27.62
2010-08-24,27.88,28.01,27.67,27.75,109100,27.46
2010-08-23,28.55,28.58,28.20,28.20,82100,27.91
2010-08-20,28.35,28.45,28.12,28.40,187600,28.10
2010-08-19,29.03,29.08,28.45,28.47,129100,28.17
2010-08-18,29.08,29.34,28.95,29.14,110700,28.84
2010-08-17,29.08,29.30,28.89,29.07,62300,28.77
2010-08-16,28.72,28.91,28.63,28.80,132800,28.50
2010-08-13,28.90,29.14,28.82,28.82,75200,28.52
2010-08-12,28.85,29.08,28.76,28.95,179100,28.65
2010-08-11,29.72,29.72,29.11,29.16,94500,28.86
2010-08-10,30.19,30.42,29.99,30.18,128600,29.87
2010-08-09,30.44,30.55,30.18,30.50,75300,30.18
2010-08-06,30.27,30.38,29.90,30.30,128200,29.98
2010-08-05,30.49,30.58,30.37,30.51,81900,30.19
2010-08-04,30.71,30.77,30.54,30.69,264000,30.37
2010-08-03,30.77,30.79,30.53,30.58,100100,30.26
2010-08-02,30.62,30.91,30.48,30.88,385300,30.56
2010-07-30,29.83,30.36,29.81,30.18,133000,29.87
2010-07-29,30.36,30.45,29.85,30.16,101400,29.85
2010-07-28,30.28,30.45,30.01,30.12,122500,29.81
2010-07-27,30.66,30.80,30.32,30.38,353200,30.06
2010-07-26,29.84,30.37,29.73,30.35,214300,30.03
2010-07-23,29.51,29.88,29.26,29.81,115400,29.50
2010-07-22,29.04,29.66,29.04,29.55,123100,29.24
2010-07-21,29.63,29.66,28.65,28.69,134600,28.39
2010-07-20,28.37,29.24,28.36,29.22,142800,28.92
2010-07-19,28.90,29.04,28.41,28.89,118500,28.59
2010-07-16,29.75,29.77,28.78,28.86,152600,28.56
2010-07-15,30.24,30.26,29.51,30.13,115600,29.82
2010-07-14,30.30,30.33,29.91,30.19,105300,29.88
2010-07-13,30.05,30.57,30.01,30.43,139400,30.11
2010-07-12,29.63,29.73,29.39,29.65,114000,29.34
2010-07-09,29.15,29.67,29.11,29.66,167300,29.35
2010-07-08,29.33,29.35,28.79,29.19,222100,28.89
2010-07-07,27.88,28.99,27.88,28.94,164100,28.64
2010-07-06,28.22,28.37,27.47,27.75,122500,27.46
2010-07-02,28.18,28.18,27.50,27.68,78400,27.39
2010-07-01,28.17,28.36,27.32,27.98,362400,27.69
2010-06-30,28.57,28.87,28.16,28.22,105300,27.93
2010-06-29,29.21,29.25,28.37,28.53,177600,28.23
2010-06-28,29.91,29.98,29.60,29.63,372200,29.32
2010-06-25,29.49,29.97,29.26,29.93,268900,29.62
2010-06-24,29.58,29.59,29.10,29.17,165200,28.87
2010-06-23,29.99,30.10,29.65,29.84,98800,29.43
2010-06-22,30.43,30.63,29.95,29.98,116400,29.56
2010-06-21,30.92,30.96,30.32,30.42,183200,30.00
2010-06-18,30.51,30.58,30.34,30.55,92200,30.13
2010-06-17,30.55,30.57,30.14,30.41,97900,29.99
2010-06-16,30.30,30.64,30.25,30.47,197800,30.05
2010-06-15,30.02,30.56,29.88,30.50,93900,30.08
2010-06-14,30.14,30.26,29.75,29.80,158000,29.39
2010-06-11,29.49,29.96,29.45,29.92,150400,29.50
2010-06-10,29.20,29.78,29.13,29.72,179600,29.31
2010-06-09,29.23,29.50,28.70,28.79,174900,28.39
2010-06-08,28.68,29.05,28.15,29.01,259200,28.61
2010-06-07,29.19,29.36,28.51,28.54,274400,28.14
2010-06-04,29.77,29.87,28.96,29.07,328000,28.67
2010-06-03,30.63,30.63,30.06,30.33,168300,29.91
2010-06-02,29.86,30.45,29.66,30.43,112400,30.01
2010-06-01,29.95,30.34,29.57,29.59,313400,29.18
2010-05-28,30.84,30.84,30.16,30.27,238900,29.85
2010-05-27,30.17,30.86,30.02,30.84,163800,30.41
2010-05-26,30.14,30.24,29.39,29.52,382000,29.11
2010-05-25,28.64,29.68,28.48,29.66,383700,29.25
2010-05-24,30.40,30.40,29.43,29.49,277000,29.08
2010-05-21,28.72,30.29,28.72,30.26,743300,29.84
2010-05-20,30.16,30.24,29.28,29.29,927400,28.88
2010-05-19,30.48,31.09,30.17,30.74,414700,30.31
2010-05-18,31.98,32.00,30.57,30.77,382000,30.34
2010-05-17,31.61,31.90,30.90,31.62,332100,31.18
2010-05-14,32.06,32.07,31.29,31.60,230200,31.16
2010-05-13,32.88,32.95,32.46,32.46,107800,32.01
2010-05-12,32.73,32.98,32.54,32.96,203600,32.50
2010-05-11,32.14,32.99,32.09,32.53,213200,32.08
2010-05-10,32.49,32.67,32.08,32.61,422900,32.16
2010-05-07,31.32,31.84,30.49,30.89,433800,30.46
2010-05-06,32.54,32.82,13.07,31.32,813800,30.88
2010-05-05,32.33,33.20,32.27,32.67,316300,32.22
2010-05-04,33.37,33.37,32.68,32.86,220900,32.40
2010-05-03,33.47,33.83,33.37,33.78,214300,33.31
2010-04-30,33.85,33.96,33.17,33.20,221500,32.74
2010-04-29,33.56,34.16,33.53,34.04,169900,33.57
2010-04-28,33.25,33.48,32.98,33.20,218100,32.74
2010-04-27,33.64,33.93,32.79,32.86,402800,32.40
2010-04-26,34.44,34.44,33.91,33.94,178000,33.47
2010-04-23,34.36,34.51,34.17,34.46,239900,33.98
2010-04-22,33.77,34.37,33.61,34.29,119800,33.81
2010-04-21,34.20,34.43,33.75,34.06,181800,33.59
2010-04-20,33.99,34.16,33.75,34.16,277000,33.69
2010-04-19,33.03,33.76,33.03,33.66,259100,33.19
2010-04-16,34.45,34.45,32.98,33.36,442800,32.90
2010-04-15,34.81,34.84,34.49,34.57,284700,34.09
2010-04-14,34.26,34.74,34.22,34.74,250000,34.26
2010-04-13,33.76,33.94,33.66,33.88,70900,33.41
2010-04-12,33.80,33.92,33.72,33.84,169500,33.37
2010-04-09,33.67,33.73,33.51,33.70,109700,33.23
2010-04-08,33.21,33.63,33.08,33.54,89800,33.07
2010-04-07,33.50,33.62,33.13,33.29,426300,32.83
2010-04-06,33.04,33.50,32.98,33.50,167900,33.03
2010-04-05,32.89,33.08,32.78,33.08,202400,32.62
2010-04-01,32.72,32.79,32.49,32.70,153400,32.25
2010-03-31,32.24,32.59,32.20,32.43,99800,31.98
2010-03-30,32.60,32.65,32.31,32.41,141200,31.96
2010-03-29,32.75,32.75,32.41,32.59,71400,32.14
2010-03-26,32.65,32.91,32.39,32.53,110800,32.08
2010-03-25,32.66,33.16,32.50,32.50,236400,32.05
2010-03-24,32.24,32.57,32.24,32.47,111400,31.99
2010-03-23,32.23,32.41,32.07,32.35,77900,31.87
2010-03-22,31.68,32.19,31.67,32.16,76600,31.68
2010-03-19,32.23,32.28,31.86,31.99,91400,31.52
2010-03-18,32.33,32.33,32.05,32.17,97000,31.69
2010-03-17,32.08,32.44,32.08,32.33,203700,31.85
2010-03-16,31.66,31.97,31.58,31.95,302400,31.48
2010-03-15,31.42,31.60,31.24,31.53,103000,31.06
2010-03-12,31.92,31.92,31.45,31.54,160900,31.07
2010-03-11,31.36,31.69,31.30,31.68,294800,31.21
2010-03-10,31.29,31.57,31.23,31.41,216500,30.94
2010-03-09,30.82,31.26,30.75,31.08,83300,30.62
2010-03-08,30.94,31.05,30.89,31.00,91900,30.54
2010-03-05,30.47,30.93,30.42,30.84,95200,30.38
2010-03-04,30.05,30.31,30.05,30.29,97600,29.84
2010-03-03,30.05,30.25,29.96,30.00,84500,29.55
2010-03-02,29.98,30.23,29.98,30.07,150600,29.62
2010-03-01,29.88,29.97,29.79,29.91,168300,29.47
2010-02-26,29.72,29.93,29.56,29.79,80500,29.35
2010-02-25,29.42,29.69,29.21,29.69,149100,29.25
2010-02-24,29.34,29.78,29.34,29.77,153300,29.33
2010-02-23,29.64,29.82,29.20,29.29,67800,28.86
2010-02-22,29.55,29.89,29.51,29.74,63200,29.30
2010-02-19,29.08,29.50,29.08,29.38,182100,28.94
2010-02-18,28.98,29.36,28.98,29.26,118700,28.83
2010-02-17,29.17,29.20,28.98,29.09,184800,28.66
2010-02-16,28.57,28.99,28.43,28.96,254500,28.53
2010-02-12,28.04,28.39,27.88,28.39,197600,27.97
2010-02-11,28.25,28.36,27.97,28.32,129200,27.90
2010-02-10,28.00,28.44,27.86,28.20,200400,27.78
2010-02-09,28.07,28.17,27.66,27.98,249800,27.56
2010-02-08,28.33,28.33,27.71,27.71,185600,27.30
2010-02-05,28.10,28.30,27.46,28.26,554300,27.84
2010-02-04,28.85,28.85,27.95,27.98,193000,27.56
2010-02-03,29.27,29.41,29.01,29.04,152700,28.61
2010-02-02,29.21,29.47,29.06,29.38,172800,28.94
2010-02-01,28.94,29.21,28.93,29.15,114300,28.72
2010-01-29,29.10,29.32,28.71,28.78,175900,28.35
2010-01-28,29.26,29.32,28.61,28.94,202300,28.51
2010-01-27,28.53,29.12,28.40,29.09,228600,28.66
2010-01-26,28.70,29.14,28.44,28.49,177600,28.07
2010-01-25,29.11,29.18,28.65,28.86,211100,28.43
2010-01-22,29.53,29.65,28.63,28.68,357500,28.25
2010-01-21,30.29,30.47,29.50,29.63,255900,29.19
2010-01-20,30.21,30.43,29.97,30.33,222800,29.88
2010-01-19,29.88,30.39,29.77,30.34,265100,29.89
2010-01-15,30.33,30.37,29.93,29.98,353800,29.54
2010-01-14,30.30,30.58,30.20,30.51,147900,30.06
2010-01-13,30.08,30.42,29.86,30.31,526900,29.86
2010-01-12,30.21,30.33,29.87,30.03,123700,29.58
2010-01-11,30.68,30.68,30.27,30.40,158900,29.95
2010-01-08,30.40,30.53,30.20,30.41,140200,29.96
2010-01-07,29.97,30.66,29.94,30.53,288400,30.08
2010-01-06,29.91,30.04,29.76,29.95,171700,29.51
2010-01-05,29.50,29.92,29.50,29.90,164400,29.46
2010-01-04,29.31,29.61,29.27,29.57,224300,29.13
2009-12-31,29.26,29.31,29.04,29.04,116800,28.61
2009-12-30,29.09,29.18,29.02,29.16,270800,28.73
2009-12-29,29.37,29.37,29.16,29.16,78900,28.73
2009-12-28,29.36,29.45,29.17,29.27,115100,28.84
2009-12-24,29.20,29.33,29.16,29.31,54600,28.88
2009-12-23,29.37,29.43,29.22,29.28,189200,28.66
2009-12-22,29.21,29.37,29.18,29.36,155500,28.73
2009-12-21,28.98,29.19,28.94,29.17,269400,28.55
2009-12-18,28.62,28.83,28.46,28.82,257100,28.21
2009-12-17,28.67,28.73,28.45,28.46,245700,27.85
2009-12-16,28.88,29.04,28.78,28.88,2709000,28.26
2009-12-15,29.05,29.07,28.68,28.75,156600,28.14
2009-12-14,29.01,29.17,28.78,29.15,119400,28.53
2009-12-11,28.79,28.96,28.68,28.95,169600,28.33
2009-12-10,28.85,28.96,28.62,28.73,198100,28.12
2009-12-09,28.80,28.93,28.60,28.76,102700,28.15
2009-12-08,28.85,28.91,28.67,28.69,98100,28.08
2009-12-07,29.23,29.40,28.88,28.99,163700,28.37
2009-12-04,29.33,29.44,28.90,29.34,248800,28.71
2009-12-03,29.58,29.81,28.76,28.80,160900,28.19
2009-12-02,29.25,29.46,29.19,29.35,156800,28.72
2009-12-01,29.40,29.50,29.15,29.33,247400,28.70
2009-11-30,28.66,29.29,28.62,29.26,242000,28.64
2009-11-27,28.47,28.97,28.44,28.57,105700,27.96
2009-11-25,29.53,29.57,29.29,29.34,104800,28.71
2009-11-24,29.51,29.52,29.23,29.38,205300,28.75
2009-11-23,29.51,29.79,29.45,29.57,228600,28.94
2009-11-20,29.15,29.33,29.10,29.23,369400,28.61
2009-11-19,29.74,29.74,29.25,29.37,263200,28.74
2009-11-18,29.72,29.93,29.65,29.92,338000,29.28
2009-11-17,29.61,29.75,29.50,29.69,335800,29.06
2009-11-16,29.59,29.95,29.52,29.64,431700,29.01
2009-11-13,29.32,29.46,29.07,29.28,228900,28.66
2009-11-12,29.71,29.90,29.21,29.29,336000,28.67
2009-11-11,29.63,30.06,29.62,29.80,553300,29.16
2009-11-10,29.37,29.59,29.16,29.39,250900,28.76
2009-11-09,28.92,29.56,28.85,29.53,186400,28.90
2009-11-06,28.23,28.68,28.22,28.56,230200,27.95
2009-11-05,28.25,28.71,28.09,28.66,275300,28.05
2009-11-04,28.75,28.86,28.00,28.03,259300,27.43
2009-11-03,27.87,28.46,27.87,28.38,250000,27.77
2009-11-02,28.31,28.72,27.58,28.27,446100,27.67
2009-10-30,29.14,29.14,27.95,28.15,430000,27.55
2009-10-29,28.76,29.36,28.59,29.33,140700,28.70
2009-10-28,29.06,29.15,28.25,28.28,235100,27.68
2009-10-27,29.41,29.48,29.02,29.15,182700,28.53
2009-10-26,30.03,30.11,29.22,29.35,303200,28.72
2009-10-23,30.51,30.56,29.85,30.03,174500,29.39
2009-10-22,29.71,30.49,29.66,30.46,159400,29.81
2009-10-21,30.06,30.54,29.65,29.69,170400,29.06
2009-10-20,30.44,30.51,30.14,30.22,170300,29.58
2009-10-19,30.44,30.60,30.21,30.44,99100,29.79
2009-10-16,30.51,30.55,30.25,30.37,139700,29.72
2009-10-15,30.93,31.03,30.77,31.00,121400,30.34
2009-10-14,30.90,31.30,30.74,31.27,198300,30.60
2009-10-13,30.40,30.48,30.11,30.31,86000,29.66
2009-10-12,30.63,30.64,30.43,30.59,118600,29.94
2009-10-09,30.13,30.42,30.10,30.41,96700,29.76
2009-10-08,30.32,30.46,30.11,30.15,87900,29.51
2009-10-07,29.68,30.07,29.62,30.06,121500,29.42
2009-10-06,29.83,30.11,29.45,29.83,154000,29.19
2009-10-05,29.02,29.52,28.95,29.48,119000,28.85
2009-10-02,28.19,28.98,28.15,28.65,227500,28.04
2009-10-01,29.73,29.74,28.70,28.70,373800,28.09
2009-09-30,30.24,30.28,29.60,29.86,173600,29.22
2009-09-29,30.26,30.45,29.98,30.07,183500,29.43
2009-09-28,29.35,30.18,29.35,30.17,116000,29.53
2009-09-25,29.23,29.51,29.00,29.20,171200,28.58
2009-09-24,30.18,30.28,29.29,29.47,196000,28.84
2009-09-23,30.80,30.91,30.12,30.16,669100,29.40
2009-09-22,30.44,30.76,30.33,30.75,628400,29.97
2009-09-21,30.13,30.26,30.00,30.13,130800,29.37
2009-09-18,30.53,30.60,30.24,30.39,340100,29.62
2009-09-17,30.58,30.90,30.24,30.41,438200,29.64
2009-09-16,29.76,30.57,29.69,30.57,228900,29.80
2009-09-15,29.58,29.83,29.25,29.57,307300,28.82
2009-09-14,28.79,29.57,28.79,29.51,152000,28.76
2009-09-11,29.35,29.39,29.11,29.11,193400,28.37
2009-09-10,28.96,29.33,28.67,29.32,208900,28.58
2009-09-09,28.73,29.17,28.62,29.09,493200,28.35
2009-09-08,28.87,28.90,28.48,28.71,305500,27.98
2009-09-04,28.38,28.49,28.07,28.44,456900,27.72
2009-09-03,27.91,28.26,27.77,28.25,153700,27.53
2009-09-02,27.72,28.07,27.61,27.66,247800,26.96
2009-09-01,29.20,29.47,27.91,27.98,652900,27.27
2009-08-31,29.02,29.40,28.99,29.39,239100,28.65
2009-08-28,29.76,29.79,29.22,29.52,227900,28.77
2009-08-27,29.22,29.52,28.89,29.47,861700,28.72
2009-08-26,29.16,29.39,28.93,29.25,777600,28.51
2009-08-25,29.18,29.53,29.17,29.22,808200,28.48
2009-08-24,29.51,29.68,28.87,28.93,337800,28.20
2009-08-21,28.86,29.29,28.73,29.15,456300,28.41
2009-08-20,27.98,28.57,27.96,28.51,339400,27.79
2009-08-19,27.50,28.02,27.45,27.86,181800,27.15
2009-08-18,27.63,27.99,27.61,27.84,202700,27.14
2009-08-17,27.66,27.74,27.36,27.41,298200,26.72
2009-08-14,28.76,28.76,28.14,28.53,374700,27.81
2009-08-13,28.66,28.76,28.20,28.72,279200,27.99
2009-08-12,27.64,28.49,27.64,28.28,296200,27.56
2009-08-11,28.53,28.58,27.70,27.79,245000,27.09
2009-08-10,28.91,29.04,28.43,28.70,285600,27.97
2009-08-07,28.50,29.33,28.40,28.89,400400,28.16
2009-08-06,28.74,28.83,27.93,28.14,267500,27.43
2009-08-05,27.62,28.41,27.45,28.30,268200,27.58
2009-08-04,26.79,27.55,26.71,27.45,242400,26.75
2009-08-03,26.78,26.91,26.58,26.89,277800,26.21
2009-07-31,26.00,26.31,25.93,26.23,184800,25.57
2009-07-30,25.75,26.30,25.75,26.06,258100,25.40
2009-07-29,25.40,25.58,25.31,25.46,183700,24.82
2009-07-28,25.39,25.63,25.33,25.54,198600,24.89
2009-07-27,25.21,25.64,25.14,25.64,201900,24.99
2009-07-24,25.02,25.26,24.86,25.18,207400,24.54
2009-07-23,24.51,25.32,24.42,25.20,237100,24.56
2009-07-22,24.04,24.69,24.02,24.52,299300,23.90
2009-07-21,24.62,24.77,24.23,24.47,387900,23.85
2009-07-20,24.61,24.73,24.48,24.62,393500,24.00
2009-07-17,24.65,24.70,24.29,24.41,237200,23.79
2009-07-16,24.47,24.82,24.24,24.62,270600,24.00
2009-07-15,24.02,24.84,24.01,24.61,340400,23.99
2009-07-14,23.85,23.85,23.44,23.72,227800,23.12
2009-07-13,22.90,23.79,22.77,23.75,325500,23.15
2009-07-10,22.52,22.63,22.36,22.47,157800,21.90
2009-07-09,22.81,22.97,22.61,22.74,206500,22.16
2009-07-08,22.92,22.97,22.02,22.53,370800,21.96
2009-07-07,23.28,23.31,22.83,22.83,266300,22.25
2009-07-06,23.04,23.29,22.84,23.29,181400,22.70
2009-07-02,23.79,23.81,23.24,23.25,181000,22.66
2009-07-01,24.16,24.26,24.05,24.07,250500,23.46
2009-06-30,24.29,24.32,23.92,24.08,164600,23.47
2009-06-29,24.05,24.30,23.78,24.08,352800,23.47
2009-06-26,23.77,24.11,23.67,23.81,146100,23.21
2009-06-25,23.28,23.83,23.19,23.80,325000,23.20
2009-06-24,23.46,23.71,23.24,23.40,417800,22.81
2009-06-23,23.20,23.44,22.96,23.29,271100,22.70
2009-06-22,24.05,24.15,23.03,23.06,408300,22.48
2009-06-19,24.19,24.41,23.95,24.32,197700,23.70
2009-06-18,23.56,24.03,23.54,23.94,322300,23.33
2009-06-17,23.96,24.01,23.31,23.54,551600,22.94
2009-06-16,24.54,24.58,23.99,24.04,296300,23.43
2009-06-15,24.85,24.90,24.35,24.46,280500,23.84
2009-06-12,24.91,25.10,24.84,25.09,140700,24.45
2009-06-11,24.84,25.29,24.83,24.95,341500,24.32
2009-06-10,25.32,25.32,24.52,24.72,287600,24.09
2009-06-09,25.16,25.22,24.94,25.18,352500,24.54
2009-06-08,24.73,25.25,24.66,25.00,404900,24.37
2009-06-05,25.59,25.59,24.73,24.88,536000,24.25
2009-06-04,24.56,25.13,24.46,25.09,415600,24.45
2009-06-03,24.48,24.62,24.12,24.34,600400,23.72
2009-06-02,24.71,24.84,24.50,24.66,890000,24.04
2009-06-01,24.83,25.27,24.63,24.95,1366600,24.32
2009-05-29,24.21,24.54,23.89,24.53,447000,23.91
2009-05-28,23.75,24.13,23.32,24.09,382800,23.48
2009-05-27,24.47,24.47,23.47,23.52,479700,22.92
2009-05-26,23.19,24.35,23.18,24.35,570800,23.73
2009-05-22,23.82,23.88,23.41,23.45,498400,22.86
2009-05-21,23.37,23.90,23.28,23.53,899300,22.93
2009-05-20,24.77,24.84,23.54,23.90,967200,23.29
2009-05-19,24.78,25.08,24.21,24.25,846800,23.64
2009-05-18,23.86,24.87,23.77,24.76,734300,24.13
2009-05-15,23.90,23.99,23.11,23.33,759400,22.74
2009-05-14,22.88,23.99,22.88,23.87,922500,23.27
2009-05-13,23.54,23.82,22.94,23.00,1212500,22.42
2009-05-12,24.92,25.09,23.65,24.33,905000,23.71
2009-05-11,25.40,25.65,24.70,24.79,1915900,24.16
2009-05-08,25.12,26.19,24.67,26.17,1802300,25.51
2009-05-07,25.96,26.37,24.09,24.47,1038600,23.85
2009-05-06,24.15,25.26,24.05,25.13,1003400,24.49
2009-05-05,23.79,24.03,23.48,23.64,655700,23.04
2009-05-04,22.42,24.06,22.37,23.97,782500,23.36
2009-05-01,22.38,22.54,21.93,22.10,440400,21.54
2009-04-30,23.00,23.09,22.34,22.40,818500,21.83
2009-04-29,21.94,22.73,21.94,22.55,783700,21.98
2009-04-28,21.38,22.08,21.35,21.93,875300,21.37
2009-04-27,22.03,22.50,21.76,22.07,971300,21.51
2009-04-24,22.12,22.94,21.81,22.54,2076400,21.97
2009-04-23,21.59,22.16,21.19,22.00,1196500,21.44
2009-04-22,21.36,22.50,21.26,21.39,2402200,20.85
2009-04-21,19.91,22.06,19.70,22.01,887800,21.45
2009-04-20,22.07,22.21,20.56,20.56,1194600,20.04
2009-04-17,22.71,23.50,22.23,22.96,1207200,22.38
2009-04-16,22.79,23.03,21.89,22.58,1308300,22.01
2009-04-15,21.15,22.54,20.90,22.47,1077300,21.90
2009-04-14,22.72,22.94,21.35,21.48,822300,20.94
2009-04-13,21.71,23.26,21.65,23.03,1400700,22.45
2009-04-09,20.72,22.19,20.67,22.16,1093900,21.60
2009-04-08,19.64,19.80,19.15,19.55,710000,19.05
2009-04-07,19.54,19.92,19.39,19.42,892800,18.93
2009-04-06,20.02,20.26,19.76,20.04,1128000,19.53
2009-04-03,19.62,20.53,19.49,20.50,900000,19.98
2009-04-02,20.04,20.14,19.50,19.74,1422300,19.24
2009-04-01,18.29,19.27,18.24,19.14,1304500,18.66
2009-03-31,18.27,19.06,18.04,18.79,617500,18.31
2009-03-30,18.38,18.52,17.71,17.82,1160000,17.37
2009-03-27,19.46,19.87,19.24,19.29,1494600,18.80
2009-03-26,19.88,19.99,19.17,19.83,2216100,19.33
2009-03-25,19.36,19.97,18.33,19.55,2706000,19.05
2009-03-24,19.43,20.26,18.97,18.97,1994200,18.43
2009-03-23,18.90,20.29,18.40,20.29,1655900,19.71
2009-03-20,18.35,18.35,17.41,17.48,1590800,16.98
2009-03-19,20.19,20.29,18.23,18.32,2114400,17.80
2009-03-18,17.87,19.61,17.72,19.56,2857800,19.00
2009-03-17,17.02,18.10,16.70,18.10,2251900,17.58
2009-03-16,17.72,18.22,16.95,16.99,1856300,16.51
2009-03-13,17.55,17.71,16.75,17.45,2030100,16.95
2009-03-12,15.74,17.42,15.57,17.26,1956000,16.77
2009-03-11,16.05,16.37,15.57,15.84,2210900,15.39
2009-03-10,14.38,15.61,14.34,15.52,1635900,15.08
2009-03-09,13.29,14.10,13.29,13.75,1719300,13.36
2009-03-06,13.94,14.17,13.07,13.59,1306900,13.20
2009-03-05,14.58,14.77,13.50,13.76,1332400,13.37
2009-03-04,15.57,15.59,14.68,15.04,984500,14.61
2009-03-03,15.76,15.79,14.88,15.15,1539800,14.72
2009-03-02,15.84,16.08,15.31,15.33,2027900,14.89
2009-02-27,16.50,17.08,16.35,16.44,2151500,15.97
2009-02-26,17.68,18.17,17.16,17.35,1631700,16.86
2009-02-25,17.09,17.86,16.38,17.17,2373700,16.68
2009-02-24,15.78,17.34,15.72,17.30,2216500,16.81
2009-02-23,16.95,16.95,15.75,15.75,1565000,15.30
2009-02-20,15.79,16.67,15.26,16.34,1938500,15.88
2009-02-19,17.53,17.65,16.44,16.46,805200,15.99
2009-02-18,17.74,17.75,16.92,17.27,1151900,16.78
2009-02-17,18.00,18.14,17.38,17.41,981000,16.91
2009-02-13,19.42,19.57,18.89,18.89,1896600,18.35
2009-02-12,19.45,19.75,18.59,19.71,1441600,19.15
2009-02-11,19.34,19.86,19.20,19.82,1251600,19.26
2009-02-10,20.82,20.89,18.91,19.03,1415800,18.49
2009-02-09,20.82,21.25,20.61,21.01,962300,20.41
2009-02-06,19.77,20.90,19.75,20.76,1389000,20.17
2009-02-05,19.10,19.90,18.51,19.45,1328500,18.90
2009-02-04,19.59,20.00,19.14,19.24,543300,18.69
2009-02-03,20.03,20.03,19.14,19.42,1324500,18.87
2009-02-02,19.23,19.85,19.11,19.79,717400,19.23
2009-01-30,20.35,20.64,19.44,19.78,1100000,19.22
2009-01-29,21.20,21.25,20.19,20.23,1184800,19.65
2009-01-28,20.96,21.91,20.89,21.82,820900,21.20
2009-01-27,19.40,19.80,19.20,19.77,458500,19.21
2009-01-26,19.67,20.20,18.93,19.20,620700,18.65
2009-01-23,18.36,19.62,18.13,19.45,1168600,18.90
2009-01-22,19.46,19.83,18.50,18.95,981800,18.41
2009-01-21,18.70,20.08,18.14,20.08,775700,19.51
2009-01-20,20.10,20.13,17.99,17.99,956800,17.48
2009-01-16,21.77,21.96,20.03,20.92,989900,20.32
2009-01-15,21.85,22.00,20.38,21.26,1321800,20.66
2009-01-14,22.42,22.54,21.79,21.89,498800,21.27
2009-01-13,22.52,23.34,22.33,23.12,726100,22.46
2009-01-12,23.90,23.91,22.50,22.79,546200,22.14
2009-01-09,24.95,25.00,23.84,23.94,572000,23.26
2009-01-08,24.62,25.04,24.45,24.81,449300,24.10
2009-01-07,25.43,25.59,24.73,24.80,558300,24.09
2009-01-06,25.88,26.26,25.64,25.99,850800,25.25
2009-01-05,25.90,26.00,25.38,25.51,1068200,24.78
2009-01-02,25.77,26.23,25.18,25.97,569200,25.23
2008-12-31,25.06,25.98,24.90,25.89,551200,25.15
2008-12-30,24.30,25.04,24.18,25.01,426100,24.30
2008-12-29,24.44,24.44,23.72,24.12,261800,23.43
2008-12-26,24.54,24.54,24.09,24.44,170700,23.74
2008-12-24,24.05,24.30,23.84,24.30,130000,23.61
2008-12-23,24.98,25.06,24.33,24.39,397700,23.30
2008-12-22,25.49,25.62,24.33,24.76,397000,23.66
2008-12-19,25.48,26.08,25.26,25.51,493600,24.37
2008-12-18,26.44,26.55,25.17,25.39,400700,24.26
2008-12-17,26.05,26.81,25.68,26.10,253500,24.94
2008-12-16,26.33,26.42,24.30,26.33,308400,25.16
2008-12-15,24.96,24.96,23.50,23.94,248900,22.87
2008-12-12,23.48,24.80,23.13,24.80,318000,23.70
2008-12-11,25.79,25.88,24.01,24.27,236000,23.19
2008-12-10,26.57,26.60,25.50,26.27,210200,25.10
2008-12-09,27.19,27.60,26.10,26.28,469300,25.11
2008-12-08,26.91,27.60,26.59,27.37,336200,26.15
2008-12-05,23.56,26.01,23.53,25.97,404500,24.81
2008-12-04,24.49,25.34,23.63,24.12,410700,23.05
2008-12-03,22.74,24.70,22.43,24.52,492200,23.43
2008-12-02,22.22,23.42,21.54,23.38,430600,22.34
2008-12-01,24.89,24.89,21.53,21.60,570700,20.64
2008-11-28,24.95,25.82,24.91,25.77,82200,24.62
2008-11-26,23.38,25.12,23.35,25.11,307000,23.99
2008-11-25,24.17,24.24,22.89,23.95,211300,22.88
2008-11-24,20.98,23.54,20.81,23.06,277200,22.03
2008-11-21,20.00,20.90,18.14,20.20,553500,19.30
2008-11-20,21.00,21.57,19.04,19.31,540500,18.45
2008-11-19,23.91,23.91,21.27,21.36,985600,20.41
2008-11-18,23.97,24.47,22.93,23.97,258500,22.90
2008-11-17,25.01,25.42,24.05,24.15,282500,23.08
2008-11-14,26.31,27.00,25.39,25.47,313600,24.34
2008-11-13,25.14,27.06,23.69,27.01,424500,25.81
2008-11-12,26.31,26.62,25.08,25.14,284700,24.02
2008-11-11,26.75,27.42,26.22,26.82,248500,25.63
2008-11-10,29.07,29.67,26.98,27.33,255400,26.11
2008-11-07,28.14,28.65,27.70,28.65,178700,27.37
2008-11-06,29.59,29.76,27.78,28.01,366900,26.76
2008-11-05,31.57,31.96,29.52,29.63,241100,28.31
2008-11-04,31.44,32.34,31.23,32.32,208700,30.88
2008-11-03,30.69,31.06,30.56,30.85,135800,29.48
2008-10-31,29.41,30.75,29.09,30.75,209600,29.38
2008-10-30,29.97,29.97,28.70,29.27,282400,27.97
2008-10-29,29.32,30.38,28.56,28.56,3955100,27.29
2008-10-28,27.41,29.32,25.68,29.31,328200,28.01
2008-10-27,26.52,27.95,26.26,26.26,198700,25.09
2008-10-24,26.26,28.16,26.26,27.39,226200,26.17
2008-10-23,29.18,29.40,26.85,28.54,450300,27.27
2008-10-22,29.65,30.37,28.07,28.86,644700,27.58
2008-10-21,31.10,31.73,30.76,30.76,418500,29.39
2008-10-20,30.97,31.37,30.08,31.29,373300,29.90
2008-10-17,30.79,32.04,30.21,30.60,396500,29.24
2008-10-16,31.05,31.22,28.62,30.76,511400,29.39
2008-10-15,32.24,32.75,30.40,30.78,364900,29.41
2008-10-14,36.48,36.49,32.36,33.31,751100,31.83
2008-10-13,34.52,34.52,29.78,32.78,439600,31.32
2008-10-10,23.32,29.85,23.32,29.85,373700,28.52
2008-10-09,31.17,32.24,27.33,27.80,456600,26.56
2008-10-08,30.92,32.78,30.12,31.04,422600,29.66
2008-10-07,35.56,35.89,32.00,32.21,390000,30.78
2008-10-06,35.25,36.20,33.77,36.20,700500,34.59
2008-10-03,39.59,39.98,36.84,37.13,229100,35.48
2008-10-02,40.21,40.27,38.27,38.65,188400,36.93
2008-10-01,38.67,40.10,38.55,40.09,981800,38.31
2008-09-30,40.20,40.20,37.37,39.28,347100,37.53
2008-09-29,42.00,42.00,36.80,38.75,355200,37.03
2008-09-26,38.93,41.53,38.70,41.53,178200,39.68
2008-09-25,40.00,40.84,39.55,40.29,276600,38.50
2008-09-24,41.60,41.60,39.15,39.56,179600,37.80
2008-09-23,40.54,41.09,39.50,40.08,263000,37.98
2008-09-22,42.85,44.00,40.50,40.66,765000,38.53
2008-09-19,42.91,43.07,41.07,43.07,906400,40.82
2008-09-18,38.16,40.01,34.45,39.80,1835500,37.72
2008-09-17,39.79,40.00,36.00,36.49,973100,34.58
2008-09-16,37.00,39.75,36.00,39.75,869900,37.67
2008-09-15,38.22,40.04,37.26,37.65,700000,35.68
2008-09-12,40.18,41.27,40.01,40.95,893500,38.81
2008-09-11,40.00,41.10,38.93,41.10,940200,38.95
2008-09-10,40.80,41.30,39.64,40.53,847200,38.41
2008-09-09,43.20,43.20,40.64,40.85,902900,38.71
2008-09-08,44.45,44.60,41.67,43.13,814100,40.87
2008-09-05,39.83,41.46,39.50,41.46,664000,39.29
2008-09-04,41.62,41.75,40.16,40.21,479000,38.11
2008-09-03,41.44,41.99,40.83,41.93,504500,39.74
2008-09-02,41.78,42.05,40.67,41.55,346100,39.38
2008-08-29,40.70,41.05,40.21,40.85,348100,38.71
2008-08-28,39.86,40.85,39.57,40.85,335100,38.71
2008-08-27,38.60,39.35,38.45,39.33,272800,37.27
2008-08-26,38.49,38.93,38.06,38.87,341800,36.84
2008-08-25,39.31,39.31,38.40,38.46,297100,36.45
2008-08-22,39.24,39.59,38.77,39.59,419000,37.52
2008-08-21,38.39,38.70,38.03,38.61,438400,36.59
2008-08-20,38.41,38.98,37.78,38.98,558900,36.94
2008-08-19,39.27,39.27,38.03,38.65,425900,36.63
2008-08-18,40.95,40.95,39.34,39.75,294800,37.67
2008-08-15,40.75,41.29,40.34,40.62,288900,38.49
2008-08-14,39.40,40.56,39.02,40.36,368800,38.25
2008-08-13,40.34,40.34,38.86,39.40,291300,37.34
2008-08-12,42.40,42.40,40.15,40.64,250800,38.51
2008-08-11,41.79,42.98,41.11,42.33,329700,40.11
2008-08-08,40.36,41.75,39.57,41.69,330900,39.51
2008-08-07,41.22,41.56,39.82,40.10,340700,38.00
2008-08-06,41.75,42.14,41.24,41.92,285800,39.73
2008-08-05,41.50,42.17,40.73,42.17,232800,39.96
2008-08-04,41.15,41.15,39.77,40.50,151600,38.38
2008-08-01,41.00,41.23,39.73,41.23,137000,39.07
2008-07-31,40.87,41.23,40.20,40.90,234300,38.76
2008-07-30,41.21,41.43,39.73,41.28,268600,39.12
2008-07-29,38.34,40.67,37.50,40.67,270100,38.54
2008-07-28,39.83,39.83,37.59,38.07,354800,36.08
2008-07-25,40.96,40.96,38.71,39.32,639900,37.26
2008-07-24,42.60,42.60,39.35,39.51,460000,37.44
2008-07-23,42.85,43.01,40.94,42.06,597500,39.86
2008-07-22,38.34,41.36,37.65,41.20,749400,39.04
2008-07-21,39.88,40.15,38.87,38.97,740700,36.93
2008-07-18,39.94,39.94,38.10,39.29,883000,37.23
2008-07-17,38.99,39.80,37.00,38.19,858000,36.19
2008-07-16,34.06,36.77,33.58,36.77,531000,34.85
2008-07-15,34.10,34.76,32.32,33.14,790400,31.41
2008-07-14,37.57,37.57,34.00,34.11,578200,32.33
2008-07-11,36.81,37.20,34.96,35.78,557700,33.91
2008-07-10,36.49,37.12,36.00,36.54,298000,34.63
2008-07-09,38.85,38.87,36.69,36.73,207300,34.81
2008-07-08,36.68,38.67,36.34,38.66,261600,36.64
2008-07-07,38.05,38.17,36.06,36.50,442400,34.59
2008-07-03,38.19,38.31,37.43,37.67,106100,35.70
2008-07-02,38.60,39.02,37.84,37.89,139900,35.91
2008-07-01,38.35,39.06,37.17,38.44,348100,36.43
2008-06-30,38.72,38.83,38.01,38.01,306600,36.02
2008-06-27,39.44,39.69,38.48,38.85,391700,36.82
2008-06-26,40.21,40.30,39.31,39.34,246300,37.28
2008-06-25,41.03,42.01,40.75,40.90,128200,38.76
2008-06-24,40.25,41.18,39.82,40.72,152500,38.59
2008-06-23,41.95,41.95,40.53,40.59,283500,38.17
2008-06-20,42.16,42.48,41.43,41.65,204900,39.16
2008-06-19,42.34,42.63,41.50,42.58,239600,40.04
2008-06-18,42.38,42.66,41.82,42.34,192200,39.81
2008-06-17,44.48,44.51,42.76,42.76,145800,40.21
2008-06-16,43.23,44.27,43.12,44.01,129900,41.38
2008-06-13,43.23,43.60,42.50,43.56,156000,40.96
2008-06-12,42.45,43.41,42.33,42.82,238400,40.26
2008-06-11,43.17,43.38,42.01,42.06,204100,39.55
2008-06-10,42.72,43.73,42.55,43.26,294500,40.68
2008-06-09,43.85,44.24,42.58,43.20,250000,40.62
2008-06-06,46.31,46.32,43.82,43.83,214200,41.21
2008-06-05,45.36,45.95,45.18,45.90,100200,43.16
2008-06-04,45.29,45.85,44.85,45.10,220000,42.41
2008-06-03,45.69,45.82,44.72,45.28,251200,42.58
2008-06-02,46.12,46.12,45.05,45.55,128800,42.83
2008-05-30,46.81,46.81,46.21,46.21,111800,43.45
2008-05-29,45.62,46.77,45.62,46.59,168300,43.81
2008-05-28,46.41,46.41,45.25,45.83,122900,43.09
2008-05-27,45.74,46.22,45.62,46.11,151900,43.36
2008-05-23,46.17,46.17,45.61,45.65,103600,42.92
2008-05-22,46.00,46.69,45.85,46.38,151000,43.61
2008-05-21,47.22,47.31,45.88,46.00,208000,43.25
2008-05-20,48.39,48.39,46.90,47.10,157300,44.29
2008-05-19,48.32,48.77,47.81,47.98,142400,45.11
2008-05-16,48.97,48.97,47.93,48.19,141800,45.31
2008-05-15,48.26,48.75,47.88,48.71,200300,45.80
2008-05-14,48.27,48.48,48.10,48.20,71700,45.32
2008-05-13,48.68,48.68,47.75,47.87,177500,45.01
2008-05-12,47.88,48.42,47.69,48.39,90700,45.50
2008-05-09,47.48,48.34,47.25,47.61,94000,44.77
2008-05-08,48.70,48.70,47.58,48.00,96200,45.13
2008-05-07,50.24,50.24,48.40,48.41,110700,45.52
2008-05-06,49.23,50.26,48.86,50.16,86200,47.16
2008-05-05,50.35,50.35,49.60,49.79,107300,46.82
2008-05-02,51.12,51.25,50.11,50.38,154800,47.37
2008-05-01,48.57,50.36,48.47,50.26,142400,47.26
2008-04-30,49.00,49.42,48.43,48.48,134000,45.58
2008-04-29,49.27,49.43,48.73,48.98,98400,46.05
2008-04-28,49.24,49.63,48.90,49.21,122300,46.27
2008-04-25,48.94,49.33,48.25,49.25,128300,46.31
2008-04-24,47.10,48.72,47.08,48.51,128200,45.61
2008-04-23,47.22,47.54,46.63,46.92,105900,44.12
2008-04-22,47.48,47.50,46.90,47.17,190400,44.35
2008-04-21,48.07,48.07,47.41,47.74,67600,44.89
2008-04-18,48.98,49.98,48.19,48.31,159400,45.42
2008-04-17,46.92,47.84,46.60,47.73,147100,44.88
2008-04-16,46.51,47.19,46.32,47.19,225700,44.37
2008-04-15,45.65,46.02,45.03,45.58,560200,42.86
2008-04-14,46.00,46.00,45.09,45.18,142600,42.48
2008-04-11,46.36,47.05,46.06,46.16,1016000,43.40
2008-04-10,47.06,47.63,46.53,47.01,133700,44.20
2008-04-09,48.09,48.18,47.05,47.21,147700,44.39
2008-04-08,48.29,48.51,47.67,47.97,169900,45.10
2008-04-07,48.87,49.29,48.43,48.53,308200,45.63
2008-04-04,48.99,48.99,48.12,48.24,338800,45.36
2008-04-03,48.34,49.15,48.07,48.92,308000,46.00
2008-04-02,49.17,49.63,48.50,48.75,208000,45.84
2008-04-01,47.07,48.93,47.00,48.85,268200,45.93
2008-03-31,45.55,46.57,45.25,45.76,164600,43.03
2008-03-28,46.71,46.74,45.43,45.56,244400,42.84
2008-03-27,47.39,47.52,46.35,46.35,366500,43.58
2008-03-26,48.29,48.29,47.08,47.08,370200,44.27
2008-03-25,48.65,49.04,47.94,48.67,519400,45.76
2008-03-24,48.84,50.13,48.84,48.99,413300,45.80
2008-03-20,46.72,48.70,46.19,48.50,676200,45.34
2008-03-19,47.47,47.70,45.79,45.81,299100,42.83
2008-03-18,45.47,46.65,44.75,46.65,370600,43.61
2008-03-17,43.30,43.94,42.08,43.38,379700,40.55
2008-03-14,46.48,46.48,43.60,44.12,355900,41.25
2008-03-13,44.56,45.93,43.81,45.60,544800,42.63
2008-03-12,46.39,47.36,45.34,45.36,261900,42.40
2008-03-11,45.24,46.30,44.24,46.30,373500,43.28
2008-03-10,44.65,44.88,43.29,43.35,345300,40.53
2008-03-07,43.87,45.44,43.60,44.45,260700,41.55
2008-03-06,45.48,45.64,44.32,44.34,304300,41.45
2008-03-05,46.54,47.03,45.57,45.99,390300,42.99
2008-03-04,46.03,46.44,45.17,46.27,263900,43.26
2008-03-03,47.00,47.00,46.11,46.62,185400,43.58
2008-02-29,48.13,48.18,46.96,47.25,184200,44.17
2008-02-28,49.94,49.94,48.90,48.90,89600,45.71
2008-02-27,49.62,50.75,49.53,50.30,246200,47.02
2008-02-26,49.00,50.44,49.00,49.93,231200,46.68
2008-02-25,49.07,49.94,48.46,49.76,258300,46.52
2008-02-22,48.68,49.26,47.63,49.26,252200,46.05
2008-02-21,49.44,49.69,48.40,48.51,172800,45.35
2008-02-20,48.00,49.42,47.89,49.23,159100,46.02
2008-02-19,49.59,49.64,48.26,48.48,272800,45.32
2008-02-15,48.11,48.86,47.93,48.86,136700,45.68
2008-02-14,49.62,49.62,48.59,48.62,109400,45.45
2008-02-13,49.55,49.74,48.61,49.38,133000,46.16
2008-02-12,49.08,49.76,48.57,49.13,118200,45.93
2008-02-11,49.41,49.41,48.11,48.47,244900,45.31
2008-02-08,50.19,50.19,48.82,49.25,98200,46.04
2008-02-07,49.46,50.71,49.24,50.35,94100,47.07
2008-02-06,50.31,50.79,49.44,49.44,125900,46.22
2008-02-05,50.63,51.37,50.04,50.10,164100,46.84
2008-02-04,53.49,53.49,52.05,52.13,155900,48.73
2008-02-01,52.31,53.49,52.31,53.40,178200,49.92
2008-01-31,50.00,52.80,49.92,51.93,193500,48.55
2008-01-30,51.62,52.86,50.69,50.77,218700,47.46
2008-01-29,51.33,51.70,50.53,51.60,202400,48.24
2008-01-28,49.34,50.95,48.82,50.94,311700,47.62
2008-01-25,51.12,51.25,49.00,49.39,165600,46.17
2008-01-24,50.50,50.93,49.85,50.38,176200,47.10
2008-01-23,46.49,50.73,45.90,50.18,445800,46.91
2008-01-22,44.13,48.16,43.48,47.01,367300,43.95
2008-01-18,47.31,47.31,45.31,45.90,505600,42.91
2008-01-17,49.11,49.11,46.78,47.00,266300,43.94
2008-01-16,48.37,49.79,48.27,48.98,357800,45.79
2008-01-15,49.20,49.20,48.31,48.35,166100,45.20
2008-01-14,50.01,50.09,49.36,50.03,147200,46.77
2008-01-11,49.48,50.40,48.94,49.61,171100,46.38
2008-01-10,48.22,50.53,47.88,49.54,172500,46.31
2008-01-09,47.90,48.81,46.93,48.73,169300,45.55
2008-01-08,49.97,50.37,47.95,48.00,203100,44.87
2008-01-07,50.14,50.34,49.00,49.85,153400,46.60
2008-01-04,50.98,50.98,49.42,49.62,463800,46.39
2008-01-03,52.11,52.11,51.00,51.03,103400,47.70
2008-01-02,52.94,52.94,51.36,51.48,218000,48.13
2007-12-31,52.54,53.04,51.92,52.65,229300,49.22
2007-12-28,53.16,53.16,52.05,52.30,255400,48.89
2007-12-27,53.59,53.59,52.50,52.50,219200,49.08
2007-12-26,53.19,53.81,53.19,53.73,208800,50.23
2007-12-24,52.81,54.00,52.81,53.94,135000,50.43
2007-12-21,52.68,53.09,52.27,52.93,237100,49.48
2007-12-20,52.96,52.96,51.33,52.16,159400,48.76
2007-12-19,52.63,52.96,51.83,52.30,155600,48.89
2007-12-18,52.70,52.70,51.27,52.08,84100,48.69
2007-12-17,52.33,52.87,51.95,52.00,87400,48.61
2007-12-14,53.50,53.74,52.60,52.63,163100,49.20
2007-12-13,54.27,54.27,52.78,54.03,138200,50.12
2007-12-12,56.53,56.80,53.10,54.25,118100,50.33
2007-12-11,57.64,57.79,54.58,54.65,146700,50.70
2007-12-10,56.82,57.65,56.34,57.34,116200,53.19
2007-12-07,57.04,57.04,56.22,56.22,121200,52.15
2007-12-06,55.33,56.83,55.33,56.75,90600,52.65
2007-12-05,54.66,55.51,54.54,55.37,56100,51.37
2007-12-04,55.41,55.41,54.17,54.20,78400,50.28
2007-12-03,56.10,56.10,54.81,55.21,69300,51.22
2007-11-30,55.61,56.53,55.35,55.72,163300,51.69
2007-11-29,54.95,54.95,53.67,54.41,97200,50.47
2007-11-28,53.06,54.80,53.06,54.71,200500,50.75
2007-11-27,51.82,52.27,51.12,52.20,198400,48.42
2007-11-26,52.53,52.82,51.00,51.00,183100,47.31
2007-11-23,51.70,53.23,51.70,52.90,75900,49.07
2007-11-21,52.03,52.47,51.13,51.64,161800,47.91
2007-11-20,53.92,53.92,51.50,52.40,201600,48.61
2007-11-19,54.60,54.60,53.00,53.33,122000,49.47
2007-11-16,55.39,55.39,54.25,54.75,82600,50.79
2007-11-15,56.98,56.98,54.77,55.15,76200,51.16
2007-11-14,57.79,58.06,56.57,56.89,73800,52.78
2007-11-13,55.81,57.15,55.39,57.14,181900,53.01
2007-11-12,55.13,55.99,54.47,54.47,96400,50.53
2007-11-09,53.54,55.59,53.09,54.61,144600,50.66
2007-11-08,54.56,54.90,52.81,54.45,193900,50.51
2007-11-07,56.50,56.50,54.09,54.28,124300,50.35
2007-11-06,56.32,56.81,55.47,56.81,187400,52.70
2007-11-05,55.55,56.36,55.05,55.77,179800,51.74
2007-11-02,57.00,57.05,55.61,56.63,137000,52.53
2007-11-01,57.94,58.46,57.42,57.50,77000,53.34
2007-10-31,59.96,60.30,59.20,60.00,63400,55.66
2007-10-30,59.90,59.91,59.40,59.55,53500,55.24
2007-10-29,60.08,60.20,59.52,59.79,60800,55.47
2007-10-26,59.67,59.89,58.59,59.87,79000,55.54
2007-10-25,58.72,59.23,57.59,58.47,127900,54.24
2007-10-24,59.03,59.03,57.33,58.78,84100,54.53
2007-10-23,59.35,59.35,58.60,59.27,53300,54.98
2007-10-22,58.21,59.16,58.10,58.92,70500,54.66
2007-10-19,59.65,59.75,58.25,58.25,640300,54.04
2007-10-18,59.67,60.28,59.60,60.06,41800,55.72
2007-10-17,61.19,61.19,59.76,60.66,26100,56.27
2007-10-16,61.31,61.31,60.58,60.76,79200,56.37
2007-10-15,61.95,62.77,61.46,61.88,42100,57.40
2007-10-12,63.07,63.19,62.81,62.95,19200,58.40
2007-10-11,63.26,63.82,62.71,63.00,25200,58.44
2007-10-10,63.47,63.47,62.91,63.21,13500,58.64
2007-10-09,63.29,63.69,62.92,63.69,20400,59.08
2007-10-08,63.40,63.45,63.19,63.23,14800,58.66
2007-10-05,63.40,63.93,63.24,63.70,40900,59.09
2007-10-04,63.04,63.09,62.71,62.92,20300,58.37
2007-10-03,62.74,63.06,62.48,62.72,18500,58.18
2007-10-02,62.50,62.81,62.47,62.81,51500,58.27
2007-10-01,61.29,62.26,61.06,62.19,53000,57.69
2007-09-28,61.17,61.19,60.82,60.88,61200,56.48
2007-09-27,60.97,61.26,60.80,61.26,34400,56.83
2007-09-26,60.69,61.05,60.31,60.79,25300,56.39
2007-09-25,60.17,60.42,60.00,60.41,22700,56.04
2007-09-24,61.11,61.27,60.55,60.55,26900,56.17
2007-09-21,61.69,61.91,61.42,61.73,28600,56.85
2007-09-20,62.21,62.39,61.40,61.65,32300,56.78
2007-09-19,63.17,63.30,62.33,62.60,74300,57.65
2007-09-18,60.04,62.15,59.64,62.12,68700,57.21
2007-09-17,59.79,59.81,59.36,59.68,476100,54.96
2007-09-14,59.44,60.12,59.42,60.11,20100,55.36
2007-09-13,59.55,60.16,59.48,59.97,15900,55.23
2007-09-12,58.94,59.49,58.94,59.20,21100,54.52
2007-09-11,58.96,59.44,58.92,59.33,17700,54.64
2007-09-10,58.98,59.17,57.95,58.48,28100,53.86
2007-09-07,58.61,59.25,58.47,58.71,53500,54.07
2007-09-06,59.77,59.77,59.23,59.45,32400,54.75
2007-09-05,60.20,60.20,59.50,59.60,17200,54.89
2007-09-04,60.01,61.08,59.97,60.73,19200,55.93
2007-08-31,60.05,60.38,59.68,60.33,21100,55.56
2007-08-30,58.86,59.57,58.86,59.24,28200,54.56
2007-08-29,59.11,59.78,58.45,59.70,25200,54.98
2007-08-28,59.83,59.83,58.70,58.71,29100,54.07
2007-08-27,61.07,61.07,60.50,60.50,23500,55.72
2007-08-24,60.80,61.33,60.47,61.29,38000,56.45
2007-08-23,61.42,61.53,60.75,60.96,32100,56.14
2007-08-22,61.51,61.71,60.66,61.30,53600,56.45
2007-08-21,60.30,61.22,60.25,60.90,47100,56.09
2007-08-20,60.81,60.81,59.68,60.49,43300,55.71
2007-08-17,61.17,61.87,59.50,60.79,94900,55.99
2007-08-16,56.44,59.12,55.93,58.95,472100,54.29
2007-08-15,57.17,58.55,56.69,56.74,46700,52.26
2007-08-14,58.84,58.84,57.40,57.40,63800,52.86
2007-08-13,60.11,60.40,58.78,58.80,53200,54.15
2007-08-10,58.35,60.00,58.31,59.37,45800,54.68
2007-08-09,59.87,60.53,59.47,59.69,61100,54.97
2007-08-08,60.68,62.00,60.23,61.39,52300,56.54
2007-08-07,59.25,60.52,59.00,60.02,65100,55.28
2007-08-06,57.52,59.45,56.65,59.31,190000,54.62
2007-08-03,59.17,59.22,57.09,57.09,42700,52.58
2007-08-02,59.55,59.90,58.81,59.38,69600,54.69
2007-08-01,58.89,59.13,57.58,59.13,49100,54.46
2007-07-31,60.75,60.76,58.76,58.76,49100,54.12
2007-07-30,59.32,60.07,58.96,59.86,37400,55.13
2007-07-27,59.86,63.20,58.95,58.95,74700,54.29
2007-07-26,60.17,60.55,59.13,59.91,89600,55.17
2007-07-25,61.52,61.86,60.70,61.37,54800,56.52
2007-07-24,62.00,62.14,60.78,60.98,46500,56.16
2007-07-23,63.00,63.42,62.67,62.67,25200,57.72
2007-07-20,63.92,63.92,62.53,62.87,33000,57.90
2007-07-19,64.47,64.52,63.74,63.94,21100,58.89
2007-07-18,64.15,64.37,63.38,63.98,20300,58.92
2007-07-17,64.80,65.20,64.80,64.87,59400,59.74
2007-07-16,64.95,65.37,64.77,64.80,52100,59.68
2007-07-13,64.77,65.19,64.70,65.03,241700,59.89
2007-07-12,64.09,64.89,63.97,64.89,625100,59.76
2007-07-11,63.30,63.77,63.22,63.59,41300,58.56
2007-07-10,64.33,64.33,63.41,63.43,26400,58.42
2007-07-09,65.17,65.17,64.75,64.81,14000,59.69
2007-07-06,64.62,65.09,64.59,65.04,40400,59.90
2007-07-05,65.00,65.19,64.65,64.83,32800,59.71
2007-07-03,64.75,65.32,64.74,64.95,129600,59.82
2007-07-02,64.34,64.77,64.34,64.77,21300,59.65
2007-06-29,64.53,64.84,63.50,63.85,30800,58.80
2007-06-28,64.15,64.81,64.15,64.42,21400,59.33
2007-06-27,63.35,64.50,63.35,64.49,22900,59.39
2007-06-26,64.25,64.45,63.77,63.77,15900,58.73
2007-06-25,64.49,64.88,63.81,64.01,42000,58.95
2007-06-22,65.42,65.42,64.71,64.90,25200,59.41
2007-06-21,65.48,65.84,65.00,65.80,22200,60.24
2007-06-20,66.94,66.94,65.75,65.75,10400,60.19
2007-06-19,66.42,66.77,66.42,66.70,9600,61.06
2007-06-18,66.75,66.78,66.48,66.56,12400,60.93
2007-06-15,66.84,67.01,66.61,66.67,20500,61.04
2007-06-14,66.33,66.63,66.26,66.27,8700,60.67
2007-06-13,65.63,66.35,65.63,66.35,12700,60.74
2007-06-12,65.98,66.21,65.40,65.40,26300,59.87
2007-06-11,65.88,66.35,65.75,66.07,12700,60.49
2007-06-08,65.35,65.95,65.18,65.95,23400,60.38
2007-06-07,66.18,66.25,65.30,65.30,28700,59.78
2007-06-06,66.45,66.63,66.32,66.42,21300,60.81
2007-06-05,67.27,67.27,66.85,66.94,14700,61.28
2007-06-04,67.31,67.44,67.26,67.44,11800,61.74
2007-06-01,67.43,67.60,67.25,67.40,25200,61.70
2007-05-31,67.50,67.56,67.06,67.20,20200,61.52
2007-05-30,66.50,67.30,66.49,67.30,11900,61.61
2007-05-29,66.70,66.87,66.53,66.77,13500,61.13
2007-05-25,66.46,66.46,66.16,66.36,17100,60.75
2007-05-24,66.78,67.12,66.10,66.26,26600,60.66
2007-05-23,67.35,67.35,66.92,66.92,26400,61.26
2007-05-22,66.84,67.20,66.76,67.03,16500,61.36
2007-05-21,66.60,66.98,66.59,66.80,23700,61.15
2007-05-18,66.75,66.79,66.59,66.69,24500,61.05
2007-05-17,66.67,66.72,66.45,66.61,18900,60.98
2007-05-16,66.41,66.78,66.38,66.74,17700,61.10
2007-05-15,66.65,66.85,66.21,66.27,13600,60.67
2007-05-14,66.90,66.90,66.23,66.40,22000,60.79
2007-05-11,66.53,66.83,66.53,66.83,11900,61.18
2007-05-10,66.83,66.94,66.17,66.17,15600,60.58
2007-05-09,66.58,67.17,66.58,67.14,16800,61.47
2007-05-08,66.53,66.77,66.43,66.67,16400,61.04
2007-05-07,66.86,66.96,66.60,66.83,54700,61.18
2007-05-04,66.73,66.85,66.57,66.63,25100,61.00
2007-05-03,66.50,66.60,66.23,66.53,12200,60.91
2007-05-02,65.86,66.26,65.86,66.16,350300,60.57
2007-05-01,65.86,65.86,65.32,65.65,17300,60.10
2007-04-30,66.09,66.32,65.66,65.66,30500,60.11
2007-04-27,66.08,66.27,65.90,66.14,28700,60.55
2007-04-26,66.32,66.44,65.97,66.25,16900,60.65
2007-04-25,65.84,66.38,65.73,66.29,16600,60.69
2007-04-24,65.79,65.92,65.25,65.59,24500,60.05
2007-04-23,66.19,66.19,65.79,65.85,27800,60.28
2007-04-20,66.13,66.13,65.79,66.00,17900,60.42
2007-04-19,65.36,65.80,65.33,65.61,20700,60.06
2007-04-18,65.33,65.98,65.33,65.72,48800,60.17
2007-04-17,65.18,65.46,64.99,65.23,35700,59.72
2007-04-16,64.90,65.14,64.87,65.08,34800,59.58
2007-04-13,63.52,63.87,63.52,63.84,15200,58.44
2007-04-12,63.27,63.54,63.09,63.53,35900,58.16
2007-04-11,63.78,63.83,63.39,63.52,52100,58.15
2007-04-10,63.90,64.12,63.84,63.97,384400,58.56
2007-04-09,63.98,63.98,63.67,63.84,19900,58.44
2007-04-05,63.76,63.97,63.64,63.91,28200,58.51
2007-04-04,63.93,63.93,63.61,63.77,31200,58.38
2007-04-03,63.82,64.01,63.54,63.94,89100,58.54
2007-04-02,63.32,63.32,62.81,63.24,65200,57.90
2007-03-30,63.55,63.78,62.90,63.44,21800,58.08
2007-03-29,63.70,63.70,63.07,63.48,32300,58.11
2007-03-28,63.55,63.61,63.18,63.18,21700,57.84
2007-03-27,64.11,64.11,63.77,63.87,18200,58.47
2007-03-26,64.85,64.85,63.89,64.36,26500,58.92
2007-03-23,64.61,64.99,64.61,64.85,21500,59.15
2007-03-22,65.25,65.25,64.63,64.71,24800,59.02
2007-03-21,63.79,65.33,63.64,65.08,34800,59.36
2007-03-20,63.05,63.76,63.05,63.61,31400,58.02
2007-03-19,63.01,63.29,62.82,63.10,12900,57.55
2007-03-16,62.89,63.14,62.36,62.49,25000,56.99
2007-03-15,62.49,63.14,62.49,62.93,22300,57.40
2007-03-14,62.08,62.47,61.06,62.34,35100,56.86
2007-03-13,63.22,63.40,61.92,61.97,35200,56.52
2007-03-12,63.70,63.96,63.46,63.88,29900,58.26
2007-03-09,64.16,64.16,63.57,63.93,40200,58.31
2007-03-08,63.91,64.18,63.57,63.68,28000,58.08
2007-03-07,63.40,63.62,63.18,63.18,22300,57.62
2007-03-06,63.00,63.70,62.72,63.62,28300,58.02
2007-03-05,62.73,63.31,62.15,62.15,43300,56.68
2007-03-02,63.81,64.14,63.39,63.42,27600,57.84
2007-03-01,62.80,64.36,62.73,64.05,46800,58.42
2007-02-28,64.24,64.53,63.79,64.23,39200,58.58
2007-02-27,65.31,65.37,63.39,64.02,62400,58.39
2007-02-26,66.74,66.75,65.80,66.06,130500,60.25
2007-02-23,67.13,67.13,66.32,66.55,79500,60.70
2007-02-22,67.45,67.56,67.03,67.23,33000,61.32
2007-02-21,67.35,67.49,67.22,67.38,31300,61.45
2007-02-20,67.32,67.68,67.01,67.60,78000,61.65
2007-02-16,67.21,67.28,67.00,67.28,80000,61.36
2007-02-15,67.25,67.33,67.08,67.23,1040800,61.32
2007-02-14,66.87,67.35,66.79,67.21,49500,61.30
2007-02-13,66.36,66.81,66.21,66.74,46300,60.87
2007-02-12,66.47,66.47,65.93,66.11,22400,60.30
2007-02-09,67.27,67.27,65.90,66.34,24700,60.51
2007-02-08,66.93,67.08,66.82,66.94,37400,61.05
2007-02-07,67.00,67.38,67.00,67.37,26000,61.44
2007-02-06,66.93,67.03,66.84,67.00,48200,61.11
2007-02-05,66.63,66.72,66.44,66.54,34100,60.69
2007-02-02,66.60,66.74,66.53,66.72,21800,60.85
2007-02-01,66.25,66.48,66.17,66.44,34600,60.60
2007-01-31,65.55,66.19,65.40,66.15,20000,60.33
2007-01-30,65.38,65.67,65.33,65.67,31900,59.89
2007-01-29,65.47,65.54,65.24,65.36,84100,59.61
2007-01-26,65.40,65.54,65.02,65.54,21500,59.78
2007-01-25,66.14,67.11,65.31,67.11,31600,61.21
2007-01-24,65.60,66.20,65.60,66.17,36100,60.35
2007-01-23,65.55,65.69,65.29,65.59,24200,59.82
2007-01-22,65.77,65.77,65.38,65.55,55100,59.78
2007-01-19,65.42,65.67,65.36,65.67,34400,59.89
2007-01-18,65.85,65.85,65.41,65.52,20300,59.76
2007-01-17,65.85,65.94,65.62,65.70,36600,59.92
2007-01-16,65.88,65.93,65.75,65.89,31800,60.10
2007-01-12,65.67,65.84,65.55,65.78,19500,59.99
2007-01-11,65.39,65.71,65.39,65.66,24900,59.89
2007-01-10,64.87,65.31,64.75,65.20,20500,59.47
2007-01-09,65.30,65.30,64.62,64.98,19600,59.27
2007-01-08,64.59,65.09,64.50,65.09,24300,59.37
2007-01-05,65.27,65.27,64.78,64.84,49700,59.14
2007-01-04,65.20,65.59,65.15,65.50,18700,59.74
2007-01-03,65.74,65.99,65.26,65.53,57300,59.77
2006-12-29,65.60,65.69,65.47,65.50,16700,59.74
2006-12-28,65.93,65.93,65.60,65.74,15100,59.96
2006-12-27,65.75,65.92,65.69,65.92,52000,60.12
2006-12-26,64.84,65.36,64.84,65.36,7700,59.61
2006-12-22,65.04,65.10,64.64,64.89,20700,59.18
2006-12-21,65.53,65.53,65.11,65.14,20100,59.41
2006-12-20,65.33,65.46,65.24,65.35,9600,59.60
2006-12-19,65.11,65.25,64.85,65.20,11800,59.47
2006-12-18,65.28,65.49,65.18,65.29,19700,59.55
2006-12-15,65.57,65.68,65.50,65.59,47100,59.42
2006-12-14,64.92,65.37,64.92,65.33,17200,59.19
2006-12-13,65.09,65.13,64.82,64.95,19600,58.84
2006-12-12,64.71,64.97,64.58,64.85,17800,58.75
2006-12-11,64.67,64.93,64.64,64.78,13700,58.69
2006-12-08,64.29,64.69,64.18,64.51,18200,58.44
2006-12-07,64.88,64.88,64.42,64.42,16300,58.36
2006-12-06,64.51,64.63,64.48,64.63,18500,58.55
2006-12-05,64.33,64.57,64.16,64.54,24200,58.47
2006-12-04,63.88,64.34,63.86,64.24,19100,58.20
2006-12-01,63.79,63.87,62.97,63.40,14300,57.44
2006-11-30,63.90,63.92,63.44,63.92,15900,57.91
2006-11-29,63.52,63.92,63.38,63.77,49600,57.77
2006-11-28,63.20,63.39,62.91,63.34,23600,57.38
2006-11-27,64.22,64.22,63.19,63.19,35300,57.25
2006-11-24,64.16,64.47,64.14,64.40,17200,58.34
2006-11-22,64.52,64.69,64.28,64.50,15900,58.44
2006-11-21,64.50,64.50,64.30,64.43,22600,58.37
2006-11-20,64.25,64.50,64.25,64.38,18900,58.33
2006-11-17,64.08,64.15,63.99,64.12,11900,58.09
2006-11-16,64.14,64.31,64.08,64.27,16400,58.23
2006-11-15,63.85,64.00,63.71,63.89,21500,57.88
2006-11-14,63.60,63.82,63.08,63.77,16000,57.77
2006-11-13,63.31,63.63,63.31,63.40,25300,57.44
2006-11-10,63.20,63.27,63.08,63.26,19500,57.31
2006-11-09,63.32,63.32,62.88,62.96,24700,57.04
2006-11-08,62.95,63.46,62.95,63.28,23000,57.33
2006-11-07,63.04,63.37,63.04,63.14,13000,57.20
2006-11-06,62.52,63.10,62.48,63.04,13000,57.11
2006-11-03,62.58,62.59,62.00,62.28,12500,56.42
2006-11-02,62.28,62.53,62.14,62.37,16300,56.51
2006-11-01,63.30,63.34,62.46,62.46,22200,56.59
2006-10-31,63.41,63.41,63.01,63.11,12400,57.18
2006-10-30,62.99,63.30,62.84,63.17,18700,57.23
2006-10-27,63.24,63.33,62.89,62.96,23100,57.04
2006-10-26,63.13,63.56,62.89,63.56,15000,57.58
2006-10-25,62.89,62.98,62.63,62.98,11400,57.06
2006-10-24,62.65,62.78,62.51,62.78,12600,56.88
2006-10-23,62.32,62.86,62.32,62.74,15700,56.84
2006-10-20,62.50,62.50,62.25,62.35,37900,56.49
2006-10-19,62.52,62.55,62.34,62.50,18600,56.62
2006-10-18,63.06,63.06,62.66,62.94,29200,57.02
2006-10-17,62.61,62.89,62.48,62.73,18000,56.83
2006-10-16,62.97,62.97,62.77,62.90,23800,56.99
2006-10-13,62.80,63.06,62.78,63.02,16500,57.09
2006-10-12,62.60,62.88,62.60,62.85,28400,56.94
2006-10-11,62.21,62.57,62.19,62.45,23100,56.58
2006-10-10,62.78,62.82,62.42,62.65,35200,56.76
2006-10-09,62.33,62.65,62.27,62.65,11600,56.76
2006-10-06,62.43,62.43,62.26,62.40,19200,56.53
2006-10-05,62.57,62.67,62.38,62.66,38500,56.77
2006-10-04,61.75,62.53,61.65,62.52,157400,56.64
2006-10-03,61.37,61.91,61.30,61.79,26200,55.98
2006-10-02,61.47,61.47,61.05,61.19,41500,55.44
2006-09-29,61.73,61.73,61.49,61.49,11000,55.71
2006-09-28,61.66,61.70,61.41,61.68,7200,55.88
2006-09-27,61.54,61.74,61.37,61.53,9600,55.74
2006-09-26,61.31,61.62,61.25,61.62,11000,55.83
2006-09-25,61.01,61.45,60.77,61.45,28300,55.67
2006-09-22,60.99,61.17,60.87,61.09,15100,55.07
2006-09-21,61.61,61.62,60.95,61.15,47700,55.13
2006-09-20,61.31,61.63,61.31,61.49,32800,55.43
2006-09-19,61.06,61.06,60.73,61.06,22600,55.04
2006-09-18,61.00,61.18,60.90,60.98,10100,54.97
2006-09-15,61.08,61.34,61.04,61.17,46500,55.14
2006-09-14,60.70,60.83,60.60,60.83,12800,54.84
2006-09-13,60.33,60.90,60.32,60.79,19500,54.80
2006-09-12,59.73,60.46,59.73,60.40,28800,54.45
2006-09-11,59.51,59.70,59.35,59.57,13500,53.70
2006-09-08,59.26,59.52,58.97,59.52,8400,53.66
2006-09-07,59.45,59.47,59.18,59.20,16000,53.37
2006-09-06,59.67,59.72,59.60,59.60,5600,53.73
2006-09-05,59.83,59.96,59.65,59.84,38700,53.94
2006-09-01,59.63,59.70,59.50,59.65,10200,53.77
2006-08-31,59.61,59.63,59.48,59.62,7600,53.75
2006-08-30,59.47,59.61,59.41,59.50,7400,53.64
2006-08-29,59.38,59.38,58.99,59.35,10700,53.50
2006-08-28,58.93,59.50,58.93,59.39,10700,53.54
2006-08-25,59.11,59.19,58.95,59.04,11300,53.22
2006-08-24,59.42,59.42,59.16,59.30,5700,53.46
2006-08-23,59.40,59.43,59.04,59.24,19000,53.40
2006-08-22,59.39,59.50,59.25,59.34,6800,53.49
2006-08-21,59.46,59.46,59.25,59.33,18400,53.48
2006-08-18,59.55,59.55,59.31,59.50,8400,53.64
2006-08-17,59.15,59.55,59.15,59.45,20500,53.59
2006-08-16,59.30,59.33,59.07,59.26,33800,53.42
2006-08-15,58.75,59.02,58.65,58.96,10400,53.15
2006-08-14,58.40,58.55,57.95,58.01,12500,52.29
2006-08-11,58.18,58.18,57.74,57.93,7100,52.22
2006-08-10,57.81,58.28,57.80,58.20,9000,52.47
2006-08-09,58.83,58.83,57.85,57.85,8000,52.15
2006-08-08,59.07,59.19,58.48,58.48,12300,52.72
2006-08-07,59.08,59.18,58.84,58.99,5900,53.18
2006-08-04,59.82,59.82,58.97,59.23,29400,53.39
2006-08-03,58.41,59.07,58.41,59.01,15500,53.20
2006-08-02,58.68,58.80,58.47,58.68,52500,52.90
2006-08-01,58.59,58.63,58.30,58.61,59600,52.84
2006-07-31,58.77,58.80,58.63,58.76,64000,52.97
2006-07-28,58.64,59.07,58.50,59.00,59500,53.19
2006-07-27,58.63,58.63,57.92,57.97,6600,52.26
2006-07-26,58.15,58.45,58.11,58.27,9500,52.53
2006-07-25,58.05,58.44,57.94,58.27,53500,52.53
2006-07-24,57.80,58.12,57.72,58.09,10000,52.37
2006-07-21,57.70,57.78,57.18,57.31,32100,51.66
2006-07-20,58.14,58.17,57.82,57.82,18700,52.12
2006-07-19,57.17,58.09,57.13,58.05,202900,52.33
2006-07-18,56.64,56.75,56.15,56.65,37300,51.07
2006-07-17,56.50,56.58,56.06,56.43,5100,50.87
2006-07-14,56.68,56.68,56.29,56.47,20500,50.91
2006-07-13,57.20,57.32,56.71,56.74,31500,51.15
2006-07-12,58.14,58.16,57.52,57.54,6800,51.87
2006-07-11,58.04,58.10,57.56,58.05,4200,52.33
2006-07-10,58.10,58.17,57.99,58.09,6500,52.37
2006-07-07,57.97,58.23,57.74,57.80,5600,52.11
2006-07-06,58.02,58.18,57.88,57.98,1900,52.27
2006-07-05,57.82,57.99,57.67,57.80,50200,52.11
2006-07-03,58.00,58.31,57.85,58.31,3700,52.57
2006-06-30,58.00,58.00,57.61,57.68,4600,52.00
2006-06-29,56.74,57.82,56.74,57.82,13200,52.12
2006-06-28,56.30,56.58,56.27,56.54,12300,50.97
2006-06-27,56.84,56.84,56.24,56.24,4800,50.70
2006-06-26,56.25,56.73,56.25,56.70,8500,51.11
2006-06-23,56.85,56.85,56.47,56.65,3100,50.80
2006-06-22,57.18,57.18,56.80,56.97,2400,51.08
2006-06-21,56.58,57.35,56.58,57.15,7600,51.24
2006-06-20,56.56,56.97,56.55,56.56,9700,50.72
2006-06-19,56.98,57.05,56.53,56.65,5000,50.80
2006-06-16,57.26,57.30,56.79,56.90,10900,51.02
2006-06-15,56.20,57.44,56.20,57.26,16000,51.34
2006-06-14,56.20,56.39,55.55,56.06,18000,50.27
2006-06-13,57.12,57.69,56.24,56.33,11900,50.51
2006-06-12,58.30,58.30,57.46,57.52,4800,51.58
2006-06-09,58.20,58.47,58.16,58.20,13600,52.19
2006-06-08,58.02,58.32,57.55,58.24,4500,52.22
2006-06-07,57.89,58.62,57.89,57.94,7800,51.95
2006-06-06,58.35,58.35,57.48,57.94,16100,51.95
2006-06-05,58.85,59.05,58.26,58.26,12200,52.24
2006-06-02,59.10,59.20,58.84,59.08,8200,52.97
2006-06-01,58.07,58.82,58.07,58.82,6200,52.74
2006-05-31,57.70,58.08,57.50,57.99,4500,52.00
2006-05-30,58.33,58.33,57.59,57.59,4700,51.64
2006-05-26,58.30,58.47,58.24,58.47,5700,52.43
2006-05-25,57.70,57.95,57.65,57.95,3900,51.96
2006-05-24,57.30,57.70,57.01,57.40,12900,51.47
2006-05-23,57.65,58.04,57.41,57.44,8300,51.50
2006-05-22,57.60,57.87,57.30,57.79,11500,51.82
2006-05-19,57.70,58.13,57.53,57.89,22500,51.91
2006-05-18,58.27,58.30,57.60,57.68,10600,51.72
2006-05-17,58.84,58.84,57.90,58.06,22300,52.06
2006-05-16,59.35,59.35,58.94,59.19,11600,53.07
2006-05-15,58.65,59.26,58.65,59.13,7400,53.02
2006-05-12,59.34,59.34,58.89,58.89,5300,52.80
2006-05-11,60.40,60.40,59.29,59.37,22300,53.23
2006-05-10,60.38,60.47,60.07,60.36,15600,54.12
2006-05-09,60.35,60.45,60.31,60.42,17900,54.18
2006-05-08,60.40,60.62,60.34,60.34,6200,54.10
2006-05-05,60.19,60.56,60.12,60.54,8300,54.28
2006-05-04,59.58,59.84,59.58,59.79,11000,53.61
2006-05-03,59.71,59.71,59.32,59.47,8200,53.32
2006-05-02,59.40,59.56,59.38,59.52,6900,53.37
2006-05-01,60.15,60.20,59.22,59.31,104200,53.18
2006-04-28,59.56,60.32,59.56,60.09,16700,53.88
2006-04-27,58.71,59.77,58.64,59.66,12500,53.49
2006-04-26,58.74,58.87,58.66,58.86,4900,52.78
2006-04-25,58.70,58.84,58.44,58.48,5900,52.44
2006-04-24,58.75,58.87,58.64,58.77,7500,52.70
2006-04-21,59.20,59.20,58.84,58.84,26700,52.76
2006-04-20,58.92,59.25,58.92,58.97,19900,52.88
2006-04-19,58.85,59.12,58.77,58.92,27300,52.83
2006-04-18,57.93,58.86,57.93,58.85,6300,52.77
2006-04-17,57.90,58.02,57.56,57.77,8600,51.80
2006-04-13,57.70,57.84,57.65,57.77,2000,51.80
2006-04-12,57.76,57.94,57.65,57.80,9400,51.83
2006-04-11,58.26,58.30,57.55,57.55,13900,51.60
2006-04-10,58.24,58.49,58.10,58.18,5500,52.17
2006-04-07,58.85,58.85,58.15,58.17,5600,52.16
2006-04-06,58.69,58.83,58.54,58.66,8800,52.60
2006-04-05,58.75,58.94,58.68,58.94,5200,52.85
2006-04-04,58.25,58.73,58.01,58.60,16600,52.54
2006-04-03,58.44,58.65,58.18,58.19,18900,52.18
2006-03-31,58.40,58.40,58.17,58.37,3600,52.34
2006-03-30,58.63,58.65,58.14,58.15,25800,52.14
2006-03-29,58.35,58.65,58.30,58.47,12500,52.43
2006-03-28,58.54,58.77,58.08,58.08,18400,52.08
2006-03-27,58.59,58.65,58.43,58.61,9200,52.55
2006-03-24,58.64,58.76,58.43,58.66,15800,52.60
2006-03-23,58.77,58.77,58.48,58.64,9800,52.58
2006-03-22,58.32,58.83,58.31,58.83,6500,52.75
2006-03-21,59.00,59.00,58.41,58.42,7500,52.38
2006-03-20,59.05,59.05,58.73,59.00,7900,52.90
2006-03-17,59.15,59.29,59.00,59.20,8800,52.86
2006-03-16,59.00,59.34,59.00,59.10,6700,52.78
2006-03-15,58.67,58.94,58.53,58.91,8100,52.61
2006-03-14,58.20,58.72,58.20,58.71,8600,52.43
2006-03-13,58.20,58.36,57.88,58.07,9900,51.86
2006-03-10,57.60,58.15,57.60,57.95,5500,51.75
2006-03-09,57.95,57.96,57.52,57.52,7500,51.36
2006-03-08,57.66,57.88,57.61,57.81,3300,51.62
2006-03-07,57.60,57.82,57.50,57.82,6700,51.63
2006-03-06,57.88,57.96,57.54,57.71,9300,51.53
2006-03-03,57.74,58.16,57.71,57.76,20800,51.58
2006-03-02,58.09,58.09,57.80,58.00,15300,51.79
2006-03-01,58.18,58.27,58.10,58.18,17700,51.95
2006-02-28,58.41,58.41,57.84,57.97,6800,51.77
2006-02-27,58.46,58.61,58.46,58.55,9800,52.28
2006-02-24,58.24,58.48,58.13,58.44,6100,52.19
2006-02-23,58.42,58.62,58.13,58.32,11800,52.08
2006-02-22,57.75,58.53,57.75,58.48,27000,52.22
2006-02-21,57.68,57.68,57.39,57.52,8600,51.36
2006-02-17,57.80,57.80,57.47,57.57,5100,51.41
2006-02-16,57.58,57.78,57.40,57.74,7100,51.56
2006-02-15,57.02,57.51,57.02,57.36,7600,51.22
2006-02-14,56.50,57.22,56.50,57.13,8500,51.02
2006-02-13,56.63,56.63,56.29,56.39,7800,50.36
2006-02-10,56.31,56.65,56.12,56.65,5000,50.59
2006-02-09,56.34,56.67,56.34,56.51,6100,50.46
2006-02-08,55.96,56.34,55.95,56.29,11700,50.27
2006-02-07,56.37,56.48,56.05,56.09,4900,50.09
2006-02-06,56.35,56.39,56.16,56.39,6800,50.36
2006-02-03,56.11,56.51,55.98,56.25,8600,50.23
2006-02-02,56.86,56.86,56.37,56.54,6800,50.49
2006-02-01,56.80,57.03,56.77,57.00,8300,50.90
2006-01-31,57.00,57.04,56.86,56.87,8400,50.78
2006-01-30,57.19,57.19,57.00,57.09,13400,50.98
2006-01-27,57.00,57.43,57.00,57.17,53700,51.05
2006-01-26,56.82,57.19,56.75,57.09,49100,50.98
2006-01-25,56.29,56.31,56.03,56.23,23200,50.21
2006-01-24,56.10,56.37,56.06,56.23,18400,50.21
2006-01-23,55.98,56.16,55.85,55.96,55200,49.97
2006-01-20,56.66,56.66,55.73,55.76,12000,49.79
2006-01-19,56.99,57.02,56.62,56.80,7900,50.72
2006-01-18,56.98,57.20,56.65,56.88,9000,50.79
2006-01-17,57.12,57.12,56.81,57.00,15500,50.90
2006-01-13,57.75,57.75,57.42,57.55,5900,51.39
2006-01-12,57.81,57.81,57.54,57.57,10900,51.41
2006-01-11,57.87,57.98,57.67,57.95,10600,51.75
2006-01-10,57.49,57.73,57.36,57.71,147400,51.53
2006-01-09,57.50,57.68,57.35,57.66,13900,51.49
2006-01-06,57.30,57.42,56.93,57.36,14400,51.22
2006-01-05,56.95,57.15,56.80,57.15,7100,51.03
2006-01-04,56.91,57.07,56.74,56.88,21700,50.79
2006-01-03,56.15,56.89,55.71,56.83,31600,50.75
2005-12-30,56.04,56.05,55.78,56.01,11500,50.02
2005-12-29,56.49,56.49,56.16,56.16,13100,50.15
2005-12-28,56.56,56.56,56.27,56.33,26000,50.30
2005-12-27,56.94,57.07,56.41,56.45,14900,50.41
2005-12-23,56.85,56.85,56.70,56.82,6000,50.74
2005-12-22,56.41,56.70,56.40,56.67,15100,50.61
2005-12-21,56.89,57.07,56.71,56.84,6300,50.38
2005-12-20,56.55,56.68,56.47,56.48,3400,50.06
2005-12-19,56.83,56.90,56.35,56.42,16500,50.01
2005-12-16,57.06,57.15,56.91,56.94,6800,50.47
2005-12-15,57.13,57.13,56.79,56.80,24300,50.35
2005-12-14,57.09,57.22,56.89,57.15,8100,50.66
2005-12-13,56.35,57.01,56.20,56.88,11500,50.42
2005-12-12,56.61,56.64,56.17,56.39,14300,49.98
2005-12-09,56.24,56.78,56.22,56.52,5400,50.10
2005-12-08,56.05,56.50,55.97,56.15,54300,49.77
2005-12-07,56.42,56.60,55.93,56.04,21800,49.67
2005-12-06,56.79,57.11,56.61,56.61,8700,50.18
2005-12-05,56.83,56.83,56.33,56.62,6800,50.19
2005-12-02,56.85,56.93,56.65,56.88,24200,50.42
2005-12-01,56.75,57.00,56.75,56.89,40200,50.43
2005-11-30,57.09,57.09,56.32,56.32,11000,49.92
2005-11-29,57.19,57.22,56.93,57.00,14400,50.52
2005-11-28,57.42,57.42,57.01,57.01,10100,50.53
2005-11-25,57.39,57.39,57.27,57.36,9500,50.84
2005-11-23,56.94,57.47,56.94,57.34,14600,50.82
2005-11-22,56.26,56.86,56.19,56.86,7000,50.40
2005-11-21,56.08,56.37,55.97,56.37,9000,49.96
2005-11-18,56.00,56.05,55.75,55.98,7300,49.62
2005-11-17,55.35,55.86,55.19,55.82,10500,49.48
2005-11-16,55.49,55.49,54.95,55.09,6300,48.83
2005-11-15,55.92,55.92,55.32,55.32,17400,49.03
2005-11-14,55.84,55.99,55.79,55.99,18000,49.63
2005-11-11,55.73,56.03,55.64,55.96,23000,49.60
2005-11-10,54.79,55.70,54.75,55.64,26500,49.32
2005-11-09,54.43,54.83,54.43,54.73,16700,48.51
2005-11-08,54.42,54.44,54.28,54.43,8900,48.24
2005-11-07,54.52,54.66,54.36,54.66,12400,48.45
2005-11-04,54.20,54.20,53.85,54.15,8200,48.00
2005-11-03,54.48,54.48,53.94,53.94,14200,47.81
2005-11-02,53.66,54.22,53.66,54.22,11500,48.06
2005-11-01,53.77,53.77,53.41,53.61,26600,47.52
2005-10-31,53.75,54.00,53.64,53.64,16100,47.54
2005-10-28,52.86,53.51,52.86,53.51,11000,47.43
2005-10-27,52.83,52.98,52.62,52.62,10600,46.64
2005-10-26,52.75,53.15,52.75,52.88,9400,46.87
2005-10-25,53.00,53.00,52.49,52.80,6900,46.80
2005-10-24,52.40,52.99,52.40,52.99,11300,46.97
2005-10-21,51.85,52.26,51.80,52.01,15500,46.10
2005-10-20,52.29,52.37,51.65,51.71,6600,45.83
2005-10-19,51.00,52.20,50.96,52.20,3700,46.27
2005-10-18,51.45,51.64,51.29,51.29,8200,45.46
2005-10-17,51.66,51.77,51.34,51.47,18400,45.62
2005-10-14,51.24,51.50,51.18,51.50,1200,45.65
2005-10-13,50.60,50.77,50.46,50.46,3100,44.73
2005-10-12,51.23,51.32,50.58,50.82,7200,45.05
2005-10-11,51.54,51.55,51.05,51.07,17700,45.27
2005-10-10,51.85,51.85,51.39,51.43,2100,45.59
2005-10-07,51.80,51.80,51.63,51.76,1600,45.88
2005-10-06,51.82,52.01,51.63,51.74,25300,45.86
2005-10-05,52.18,52.18,51.16,51.71,4700,45.83
2005-10-04,52.68,52.82,52.11,52.11,5700,46.19
2005-10-03,52.75,52.80,52.49,52.59,28700,46.61
2005-09-30,52.72,52.72,52.55,52.66,3300,46.68
2005-09-29,52.00,52.66,51.80,52.63,8900,46.65
2005-09-28,52.20,52.34,51.81,51.86,5600,45.97
2005-09-27,52.28,52.32,51.96,52.14,5700,46.22
2005-09-26,52.55,52.55,52.10,52.23,6200,46.29
2005-09-23,52.18,52.63,52.03,52.54,2000,46.34
2005-09-22,51.88,52.36,51.70,52.36,4200,46.18
2005-09-21,52.90,52.90,52.05,52.05,6900,45.90
2005-09-20,53.45,53.70,52.96,52.96,4800,46.71
2005-09-19,53.66,53.66,53.19,53.25,5300,46.96
2005-09-16,53.27,53.69,53.22,53.69,5700,47.35
2005-09-15,53.02,53.02,52.88,52.91,1200,46.66
2005-09-14,53.20,53.30,52.93,52.93,4100,46.68
2005-09-13,53.35,53.37,53.08,53.15,6400,46.87
2005-09-12,53.45,53.52,53.37,53.40,6100,47.09
2005-09-09,53.10,53.40,53.09,53.30,4300,47.01
2005-09-08,53.11,53.20,52.99,53.06,45400,46.80
2005-09-07,53.38,53.38,53.08,53.31,3800,47.02
2005-09-06,52.80,53.30,52.80,53.22,9800,46.94
2005-09-02,52.87,52.90,52.68,52.73,2600,46.50
2005-09-01,52.55,52.96,52.29,52.88,8600,46.64
2005-08-31,52.10,52.49,51.87,52.49,16600,46.29
2005-08-30,52.03,52.12,51.83,52.10,4200,45.95
2005-08-29,51.90,52.41,51.85,52.38,5900,46.20
2005-08-26,52.60,52.60,52.15,52.17,10200,46.01
2005-08-25,52.55,52.70,52.49,52.59,9800,46.38
2005-08-24,52.90,53.03,52.47,52.54,14800,46.34
2005-08-23,53.20,53.20,52.76,52.97,5500,46.72
2005-08-22,53.05,53.20,52.92,53.02,7100,46.76
2005-08-19,52.92,53.06,52.92,53.02,3700,46.76
2005-08-18,52.88,52.97,52.66,52.88,5900,46.64
2005-08-17,53.01,53.10,52.75,52.97,6400,46.72
2005-08-16,53.26,53.35,53.03,53.03,2900,46.77
2005-08-15,52.87,53.29,52.81,53.26,4200,46.97
2005-08-12,52.90,52.98,52.65,52.98,3500,46.72
2005-08-11,52.74,53.14,52.74,53.14,3800,46.87
2005-08-10,53.15,53.44,52.88,52.96,6100,46.71
2005-08-09,52.80,52.97,52.74,52.79,14900,46.56
2005-08-08,52.93,52.93,52.49,52.61,7600,46.40
2005-08-05,53.60,53.60,52.85,52.98,8800,46.72
2005-08-04,54.00,54.00,53.70,53.72,3800,47.38
2005-08-03,54.00,54.09,53.88,54.09,5700,47.70
2005-08-02,53.85,54.01,53.80,53.94,17700,47.57
2005-08-01,53.70,53.86,53.69,53.72,2900,47.38
2005-07-29,54.05,54.05,53.72,53.72,5000,47.38
2005-07-28,54.03,54.11,53.88,54.11,2400,47.72
2005-07-27,53.91,53.91,53.65,53.88,4500,47.52
2005-07-26,53.85,53.90,53.70,53.87,2300,47.51
2005-07-25,53.95,53.98,53.69,53.69,7600,47.35
2005-07-22,53.59,53.85,53.55,53.85,4200,47.49
2005-07-21,53.95,53.95,53.51,53.62,3800,47.29
2005-07-20,53.61,54.03,53.60,53.91,5500,47.54
2005-07-19,53.65,53.83,53.65,53.76,35300,47.41
2005-07-18,53.82,53.82,53.61,53.65,5700,47.32
2005-07-15,53.97,54.03,53.77,53.98,2400,47.61
2005-07-14,54.11,54.11,53.90,53.97,4700,47.60
2005-07-13,53.93,53.93,53.71,53.92,19100,47.55
2005-07-12,53.77,53.89,53.64,53.79,2900,47.44
2005-07-11,53.51,53.73,53.51,53.64,2200,47.31
2005-07-08,52.81,53.46,52.81,53.46,4700,47.15
2005-07-07,52.28,52.71,52.28,52.71,3900,46.49
2005-07-06,53.00,53.12,52.83,52.83,6700,46.59
2005-07-05,52.56,53.12,52.56,53.00,3600,46.74
2005-07-01,52.73,52.80,52.56,52.67,16200,46.45
2005-06-30,53.04,53.07,52.82,52.92,2100,46.67
2005-06-29,52.84,52.92,52.72,52.85,6700,46.61
2005-06-28,52.34,52.60,52.34,52.60,6300,46.39
2005-06-27,52.13,52.18,52.05,52.17,16800,46.01
2005-06-24,52.33,52.57,52.33,52.40,4500,45.99
2005-06-23,53.03,53.03,52.51,52.56,4900,46.13
2005-06-22,53.15,53.17,52.94,52.97,3200,46.49
2005-06-21,52.88,52.98,52.86,52.95,4800,46.47
2005-06-20,52.78,53.01,52.64,53.00,3700,46.51
2005-06-17,52.78,52.95,52.76,52.95,5400,46.47
2005-06-16,52.43,52.64,52.43,52.64,3200,46.20
2005-06-15,52.45,52.45,52.18,52.44,7000,46.02
2005-06-14,52.05,52.26,52.05,52.26,5600,45.86
2005-06-13,52.00,52.21,51.95,52.02,2200,45.65
2005-06-10,52.28,52.28,51.88,52.06,1800,45.69
2005-06-09,51.96,52.26,51.93,52.17,1200,45.78
2005-06-08,52.18,52.29,52.07,52.07,5200,45.70
2005-06-07,52.22,52.46,52.18,52.18,16200,45.79
2005-06-06,51.83,51.86,51.73,51.86,2500,45.51
2005-06-03,52.16,52.16,51.81,51.83,4200,45.49
2005-06-02,51.95,52.15,51.93,52.14,5700,45.76
2005-06-01,51.75,52.39,51.75,52.00,2900,45.63
2005-05-31,51.88,51.88,51.68,51.80,4200,45.46
2005-05-27,51.76,51.88,51.70,51.84,2900,45.49
2005-05-26,51.45,51.83,51.45,51.83,3300,45.49
2005-05-25,51.59,51.59,51.29,51.38,2500,45.09
2005-05-24,51.68,51.68,51.51,51.51,3400,45.20
2005-05-23,51.80,51.97,51.70,51.97,2000,45.61
2005-05-20,51.70,51.71,51.53,51.71,1000,45.38
2005-05-19,51.65,51.86,51.50,51.86,5100,45.51
2005-05-18,51.44,51.83,51.41,51.70,6500,45.37
2005-05-17,50.53,51.02,50.47,51.02,4100,44.77
2005-05-16,50.04,50.72,50.04,50.70,3900,44.49
2005-05-13,50.30,50.30,49.74,49.87,7400,43.77
2005-05-12,50.97,50.97,50.32,50.37,5700,44.20
2005-05-11,50.58,50.94,50.54,50.94,4000,44.70
2005-05-10,50.91,50.91,50.48,50.48,2800,44.30
2005-05-09,50.82,51.15,50.69,51.15,3500,44.89
2005-05-06,51.18,51.18,50.78,50.94,1400,44.70
2005-05-05,51.22,51.22,50.78,51.09,1200,44.84
2005-05-04,50.55,51.23,50.44,51.14,10400,44.88
2005-05-03,50.35,50.59,50.15,50.15,1200,44.01
2005-05-02,50.30,50.34,49.90,50.20,5000,44.05
2005-04-29,49.50,49.65,49.18,49.65,18800,43.57
2005-04-28,49.83,49.87,49.55,49.55,3800,43.48
2005-04-27,49.13,49.94,49.13,49.83,2100,43.73
2005-04-26,49.46,49.63,49.46,49.55,700,43.48
2005-04-25,49.20,49.60,49.20,49.54,2800,43.48
2005-04-22,49.01,49.27,48.75,48.75,800,42.78
2005-04-21,49.09,49.13,48.81,49.13,2800,43.12
2005-04-20,49.30,49.34,48.75,48.75,2600,42.78
2005-04-19,49.53,49.59,49.40,49.49,3100,43.43
2005-04-18,49.08,49.42,49.01,49.30,9100,43.26
2005-04-15,49.62,49.65,48.90,48.90,6700,42.91
2005-04-14,49.78,49.78,49.57,49.57,3000,43.50
2005-04-13,50.65,50.65,49.90,49.90,2500,43.79
2005-04-12,49.84,49.93,49.78,49.78,4000,43.69
2005-04-11,50.17,50.17,49.94,50.14,1400,44.00
2005-04-08,50.25,50.25,49.97,50.06,2900,43.93
2005-04-07,50.22,50.45,50.22,50.35,1300,44.19
2005-04-06,50.16,50.39,50.13,50.22,4300,44.07
2005-04-05,49.92,50.01,49.90,49.90,5100,43.79
2005-04-04,49.50,49.92,49.30,49.92,45200,43.81
2005-04-01,50.43,50.43,49.39,49.40,5000,43.35
2005-03-31,50.09,50.21,50.09,50.21,2000,44.06
2005-03-30,49.81,50.15,49.81,50.04,1400,43.91
2005-03-29,49.80,50.08,49.80,49.80,5200,43.70
2005-03-28,49.88,49.88,49.86,49.86,500,43.76
2005-03-24,49.90,50.09,49.75,49.81,6000,43.71
2005-03-23,49.78,50.00,49.78,50.00,1800,43.82
2005-03-22,50.91,50.91,50.00,50.00,1600,43.82
2005-03-21,51.09,51.09,50.61,50.73,2200,44.46
2005-03-18,51.08,51.17,51.08,51.17,2000,44.84
2005-03-17,51.37,51.57,51.37,51.50,2900,45.13
2005-03-16,51.84,51.84,51.51,51.60,8300,45.22
2005-03-15,52.37,52.37,52.03,52.11,2200,45.67
2005-03-14,52.26,52.26,52.18,52.20,900,45.75
2005-03-11,52.38,52.38,51.80,51.80,2000,45.40
2005-03-10,52.39,52.39,52.24,52.24,2500,45.78
2005-03-09,52.65,52.65,52.15,52.19,3300,45.74
2005-03-08,52.90,52.97,52.81,52.88,2000,46.34
2005-03-07,52.99,53.24,52.93,52.93,2500,46.39
2005-03-04,52.58,52.94,52.58,52.94,3500,46.39
2005-03-03,52.46,52.46,51.99,52.23,11400,45.77
2005-03-02,52.20,52.70,52.20,52.33,6900,45.86
2005-03-01,52.52,52.57,52.39,52.56,6200,46.06
2005-02-28,52.27,52.27,51.89,52.01,14100,45.58
2005-02-25,51.85,52.34,51.77,52.34,17500,45.87
2005-02-24,51.72,51.99,51.62,51.82,48900,45.41
2005-02-23,51.69,51.87,51.67,51.75,3300,45.35
2005-02-22,51.96,52.11,51.50,51.53,5300,45.16
2005-02-18,52.50,52.52,52.20,52.24,9200,45.78
2005-02-17,53.19,53.19,52.84,52.84,1700,46.31
2005-02-16,53.20,53.35,53.08,53.28,3400,46.69
2005-02-15,53.30,53.42,53.29,53.39,4600,46.79
2005-02-14,53.35,53.35,53.22,53.35,3300,46.75
2005-02-11,53.02,53.42,52.89,53.42,6200,46.82
2005-02-10,53.01,53.02,52.84,53.02,8700,46.46
2005-02-09,53.13,53.13,52.81,52.93,15300,46.39
2005-02-08,53.17,53.17,53.03,53.03,1200,46.47
2005-02-07,53.13,53.26,53.13,53.17,5600,46.60
2005-02-04,52.65,53.20,52.65,53.18,3100,46.60
2005-02-03,52.65,52.65,52.43,52.48,3000,45.99
2005-02-02,52.64,52.72,52.53,52.72,9800,46.20
2005-02-01,52.27,52.84,52.27,52.75,1700,46.23
2005-01-31,52.00,52.17,51.98,52.17,2900,45.72
2005-01-28,51.74,51.76,51.32,51.43,9800,45.07
2005-01-27,51.80,51.94,51.69,51.70,4100,45.31
2005-01-26,51.86,51.96,51.67,51.96,4400,45.54
2005-01-25,52.08,52.08,51.63,51.63,4700,45.25
2005-01-24,51.76,52.05,51.76,51.87,3800,45.46
2005-01-21,52.10,52.10,51.70,51.81,2400,45.40
2005-01-20,52.21,52.21,52.00,52.00,900,45.57
2005-01-19,52.80,52.80,52.42,52.44,3700,45.96
2005-01-18,52.05,52.80,52.05,52.80,2700,46.27
2005-01-14,52.02,52.08,52.02,52.07,1900,45.63
2005-01-13,52.25,52.30,51.81,51.81,800,45.40
2005-01-12,52.43,52.43,51.98,52.28,5600,45.82
2005-01-11,52.61,52.61,52.32,52.50,3100,46.01
2005-01-10,52.55,52.87,52.46,52.61,2900,46.11
2005-01-07,53.03,53.06,52.60,52.60,4700,46.10
2005-01-06,52.83,52.96,52.75,52.77,2300,46.25
2005-01-05,52.89,53.07,52.63,52.66,3900,46.15
2005-01-04,53.64,53.65,52.94,53.01,4000,46.46
2005-01-03,54.00,54.07,53.37,53.41,8400,46.81
2004-12-31,53.80,53.97,53.78,53.81,3100,47.16
2004-12-30,53.90,53.90,53.84,53.89,9400,47.23
2004-12-29,53.66,53.74,53.63,53.67,6300,47.03
2004-12-28,53.50,53.73,53.50,53.67,4400,47.03
2004-12-27,53.61,53.61,53.47,53.52,1400,46.90
2004-12-23,53.72,53.89,53.72,53.73,6200,47.09
2004-12-22,53.40,53.73,53.40,53.72,2800,47.08
2004-12-21,54.02,54.55,54.02,54.55,4100,46.80
2004-12-20,54.18,54.20,53.90,53.90,3700,46.24
2004-12-17,53.88,54.01,53.78,54.01,2500,46.34
2004-12-16,54.15,54.21,53.99,54.01,1900,46.34
2004-12-15,54.24,54.40,54.12,54.40,2900,46.67
2004-12-14,53.91,54.15,53.91,54.15,1600,46.46
2004-12-13,53.76,53.93,53.68,53.93,8400,46.27
2004-12-10,53.38,53.65,53.38,53.61,2000,45.99
2004-12-09,53.00,53.38,52.95,53.38,600,45.80
2004-12-08,53.20,53.25,53.15,53.17,4900,45.62
2004-12-07,53.61,53.61,53.21,53.21,63100,45.65
2004-12-06,53.56,53.69,53.56,53.69,1300,46.06
2004-12-03,53.50,53.73,53.50,53.63,2500,46.01
2004-12-02,53.65,53.66,53.65,53.65,800,46.03
2004-12-01,53.05,53.61,53.05,53.61,300,45.99
2004-11-30,52.63,52.77,52.51,52.77,3200,45.27
2004-11-29,52.90,53.02,52.51,52.91,3400,45.39
2004-11-26,52.95,52.98,52.95,52.98,1200,45.45
2004-11-24,52.86,52.94,52.83,52.83,3400,45.32
2004-11-23,52.61,52.65,52.35,52.53,1300,45.07
2004-11-22,52.19,52.53,52.12,52.51,2000,45.05
2004-11-19,52.71,52.71,52.10,52.20,5800,44.78
2004-11-18,52.90,52.90,52.68,52.68,1400,45.19
2004-11-17,53.22,53.42,52.94,52.94,2000,45.42
2004-11-16,53.20,53.20,52.93,53.01,2900,45.48
2004-11-15,52.99,53.37,52.99,53.35,7600,45.77
2004-11-12,52.79,53.16,52.79,53.12,900,45.57
2004-11-11,52.58,52.87,52.51,52.86,2300,45.35
2004-11-10,52.30,52.56,52.29,52.37,4600,44.93
2004-11-09,52.34,52.35,52.18,52.34,2700,44.90
2004-11-08,52.20,52.26,52.13,52.22,3900,44.80
2004-11-05,52.59,52.59,52.12,52.20,9600,44.78
2004-11-04,51.63,52.30,51.63,52.30,3700,44.87
2004-11-03,51.92,51.92,51.69,51.69,4400,44.35
2004-11-02,51.22,51.56,51.16,51.34,22900,44.05
2004-11-01,50.94,51.13,50.94,51.13,2000,43.87
2004-10-29,50.92,50.95,50.75,50.95,2500,43.71
2004-10-28,50.55,51.06,50.52,51.06,3300,43.81
2004-10-27,49.85,50.62,49.85,50.61,10900,43.42
2004-10-26,49.54,50.03,49.52,50.03,6100,42.92
2004-10-25,48.67,48.96,48.65,48.96,1400,42.00
2004-10-22,49.36,49.36,48.92,48.92,4800,41.97
2004-10-21,49.14,49.45,49.01,49.25,2000,42.25
2004-10-20,49.10,49.12,48.72,49.05,3600,42.08
2004-10-19,50.25,50.25,49.69,49.69,2400,42.63
2004-10-18,50.13,50.21,50.09,50.21,400,43.08
2004-10-15,49.80,50.17,49.48,50.17,4000,43.04
2004-10-14,50.16,50.16,49.62,49.78,3100,42.71
2004-10-13,51.19,51.19,50.73,50.86,2100,43.63
2004-10-12,50.87,51.20,50.87,51.20,1400,43.93
2004-10-11,51.22,51.22,51.18,51.18,1600,43.91
2004-10-08,51.10,51.22,50.98,50.98,4400,43.74
2004-10-07,51.25,51.26,51.18,51.18,1000,43.91
2004-10-06,51.17,51.24,51.10,51.24,1500,43.96
2004-10-05,51.19,51.19,51.00,51.00,1900,43.75
2004-10-04,51.42,51.48,51.30,51.30,1100,44.01
2004-10-01,50.60,51.09,50.60,51.09,1000,43.83
2004-09-30,50.33,50.44,50.15,50.44,5200,43.27
2004-09-29,50.15,50.33,50.04,50.33,1200,43.18
2004-09-28,50.00,50.05,50.00,50.05,700,42.94
2004-09-27,50.07,50.07,50.07,50.07,300,42.96
2004-09-24,49.97,50.07,49.97,50.07,500,42.96
2004-09-23,50.35,50.35,50.11,50.11,2900,42.99
2004-09-22,50.55,50.61,50.55,50.61,2800,43.42
2004-09-21,51.09,51.14,51.09,51.14,700,43.87
2004-09-20,51.05,51.08,50.86,50.96,4500,43.72
2004-09-17,51.45,51.47,51.35,51.35,99700,44.05
2004-09-16,51.22,51.39,51.22,51.33,78400,44.04
2004-09-15,51.17,51.17,51.02,51.11,1000,43.85
2004-09-14,51.21,51.29,51.10,51.22,5700,43.94
2004-09-13,51.25,51.31,51.18,51.20,3200,43.93
2004-09-10,51.10,51.16,51.05,51.16,400,43.89
2004-09-09,51.16,51.25,51.06,51.07,1200,43.81
2004-09-08,51.36,51.38,51.19,51.19,1600,43.92
2004-09-07,51.24,51.53,51.24,51.37,52200,44.07
2004-09-03,51.05,51.05,50.93,50.98,3300,43.74
2004-09-02,50.37,50.88,50.36,50.88,34000,43.65
2004-09-01,50.47,50.50,50.33,50.33,1400,43.18
2004-08-31,50.46,50.46,50.22,50.41,2000,43.25
2004-08-30,50.49,50.49,50.38,50.38,2000,43.22
2004-08-27,50.44,50.52,50.42,50.52,1400,43.34
2004-08-26,50.30,50.40,50.30,50.35,4500,43.20
2004-08-25,50.01,50.35,50.01,50.33,5500,43.18
2004-08-24,49.84,50.03,49.84,49.86,3100,42.78
2004-08-23,49.85,49.85,49.84,49.84,400,42.76
2004-08-20,49.62,49.67,49.62,49.67,200,42.61
2004-08-19,49.58,49.62,49.42,49.42,3400,42.40
2004-08-18,49.13,49.64,49.13,49.56,79400,42.52
2004-08-17,49.13,49.13,49.03,49.03,1300,42.06
2004-08-16,48.19,48.66,48.19,48.66,1900,41.75
2004-08-13,47.96,48.10,47.96,48.10,300,41.27
2004-08-12,48.31,48.31,48.25,48.25,600,41.39
2004-08-11,48.04,48.32,48.04,48.29,2000,41.43
2004-08-10,48.12,48.12,48.12,48.12,1600,41.28
2004-08-09,47.82,47.89,47.82,47.89,800,41.09
2004-08-06,48.09,48.13,47.75,47.75,4200,40.97
2004-08-05,48.75,48.78,48.46,48.46,1500,41.57
2004-08-04,49.01,49.01,49.01,49.01,300,42.05
2004-08-03,48.98,48.98,48.98,48.98,000,42.02
2004-08-02,48.68,48.98,48.68,48.98,1300,42.02
2004-07-30,48.81,48.81,48.57,48.57,5000,41.67
2004-07-29,48.80,48.80,48.72,48.72,600,41.80
2004-07-28,48.30,48.58,48.21,48.49,2200,41.60
2004-07-27,48.35,48.48,48.23,48.48,1900,41.59
2004-07-26,48.09,48.09,47.95,48.00,900,41.18
2004-07-23,48.08,48.15,48.08,48.10,1200,41.27
2004-07-22,48.25,48.25,48.01,48.01,1100,41.19
2004-07-21,49.22,49.24,49.20,49.23,10400,42.24
2004-07-20,48.79,48.98,48.63,48.98,6800,42.02
2004-07-19,48.70,48.77,48.66,48.77,1700,41.84
2004-07-16,48.96,48.96,48.82,48.82,1000,41.88
2004-07-15,49.00,49.01,48.67,48.86,700,41.92
2004-07-14,49.00,49.00,48.90,48.90,2300,41.95
2004-07-13,49.15,49.15,49.09,49.15,1400,42.17
2004-07-12,49.05,49.05,48.81,48.96,900,42.00
2004-07-09,49.09,49.09,48.81,48.84,1300,41.90
2004-07-08,49.20,49.29,48.90,48.90,2100,41.95
2004-07-07,49.27,49.46,49.17,49.46,3100,42.43
2004-07-06,49.45,49.45,49.27,49.33,600,42.32
2004-07-02,49.55,49.76,49.55,49.64,2000,42.59
2004-07-01,49.52,49.52,49.23,49.43,6400,42.41
2004-06-30,49.51,49.77,49.51,49.77,2100,42.70
2004-06-29,49.48,49.58,49.35,49.58,3500,42.54
2004-06-28,49.99,49.99,49.90,49.90,1100,42.81
2004-06-25,49.97,49.97,49.64,49.64,800,42.59
2004-06-24,49.85,49.85,49.85,49.85,300,42.77
2004-06-23,49.60,49.60,49.32,49.32,800,42.31
2004-06-22,49.25,49.50,49.25,49.50,400,42.47
2004-06-21,49.56,49.58,49.56,49.57,1100,42.53
2004-06-18,49.65,49.65,49.53,49.53,1300,42.49
2004-06-17,49.18,49.33,49.18,49.33,1300,42.32
2004-06-16,49.29,49.29,49.29,49.29,200,42.29
2004-06-15,49.39,49.51,49.19,49.20,700,42.21
2004-06-14,49.20,49.20,49.19,49.19,800,42.20
2004-06-10,49.94,49.94,49.94,49.94,000,42.84
2004-06-09,49.94,49.94,49.94,49.94,000,42.84
2004-06-08,49.90,49.94,49.90,49.94,1000,42.84
2004-06-07,49.68,50.00,49.68,50.00,1100,42.90
2004-06-04,49.55,49.55,49.55,49.55,100,42.51
2004-06-03,49.50,49.50,49.50,49.50,000,42.47
2004-06-02,49.25,49.50,49.25,49.50,1900,42.47
2004-06-01,49.28,49.28,49.14,49.14,400,42.16
2004-05-28,49.26,49.26,49.25,49.25,200,42.25
2004-05-27,49.02,49.20,49.02,49.20,300,42.21
2004-05-26,48.52,48.52,48.52,48.52,000,41.63
2004-05-25,48.52,48.52,48.52,48.52,200,41.63
2004-05-24,48.13,48.13,48.13,48.13,100,41.29
2004-05-21,47.67,47.67,47.67,47.67,000,40.90
2004-05-20,47.67,47.67,47.67,47.67,000,40.90
2004-05-19,47.87,48.10,47.67,47.67,2100,40.90
2004-05-18,47.48,47.54,47.48,47.54,300,40.79
2004-05-17,47.14,47.14,46.73,47.10,1800,40.41
2004-05-14,47.77,47.77,47.53,47.73,1900,40.95
2004-05-13,47.38,47.96,47.38,47.96,200,41.15
2004-05-12,46.96,46.96,46.96,46.96,000,40.29
2004-05-11,46.68,47.08,46.68,46.96,26200,40.29
2004-05-10,46.76,46.76,46.21,46.62,9700,40.00
2004-05-07,48.00,48.00,47.63,47.63,300,40.86
2004-05-06,48.46,48.46,48.22,48.22,1500,41.37
2004-05-05,49.16,49.16,49.16,49.16,000,42.18
2004-05-04,48.44,49.16,48.44,49.16,700,42.18
2004-05-03,48.36,48.45,48.36,48.45,2300,41.57
2004-04-30,48.00,48.00,48.00,48.00,300,41.18
2004-04-29,48.60,48.69,48.40,48.43,1000,41.55
2004-04-28,48.62,48.62,48.50,48.50,900,41.61
2004-04-27,49.01,49.31,49.01,49.21,1600,42.22
2004-04-26,49.15,49.15,49.02,49.02,1700,42.05
2004-04-23,49.05,49.19,49.05,49.18,4900,42.19
2004-04-22,48.55,48.80,48.55,48.80,300,41.87
2004-04-21,48.32,48.62,48.32,48.62,1200,41.71
2004-04-20,49.58,49.58,48.76,48.76,2700,41.83
2004-04-19,49.55,49.55,49.16,49.42,1500,42.40
2004-04-16,49.41,49.41,49.41,49.41,200,42.39
2004-04-15,49.30,49.30,49.02,49.02,2300,42.05
2004-04-14,49.58,49.75,48.98,48.98,2700,42.02
2004-04-13,50.79,50.79,50.07,50.07,1800,42.96
2004-04-12,51.06,51.09,50.73,50.73,9000,43.52
2004-04-08,51.19,51.19,50.80,50.80,300,43.58
2004-04-07,50.83,50.83,50.81,50.81,600,43.59
2004-04-06,51.01,51.01,51.01,51.01,100,43.76
2004-04-05,50.90,51.13,50.90,51.13,3400,43.87
2004-04-02,51.89,51.89,51.06,51.06,3300,43.81
2004-04-01,51.45,51.59,51.45,51.58,2400,44.25
2004-03-31,50.81,51.04,50.81,51.04,7900,43.79
2004-03-30,51.01,51.06,51.00,51.00,800,43.75
2004-03-29,50.45,50.77,50.44,50.76,800,43.55
2004-03-26,50.15,50.29,50.15,50.29,700,43.14
2004-03-25,49.87,50.28,49.80,50.28,5000,43.14
2004-03-24,49.75,49.75,49.75,49.75,100,42.68
2004-03-23,50.22,50.25,50.04,50.15,1700,43.02
2004-03-22,50.29,50.29,49.88,49.99,2400,42.89
2004-03-19,50.67,50.67,50.67,50.67,100,43.47
2004-03-18,50.95,51.17,50.70,51.17,1400,43.90
2004-03-17,50.79,51.14,50.79,51.14,3300,43.87
2004-03-16,50.35,50.36,50.33,50.33,1300,43.18
2004-03-15,50.61,50.61,50.00,50.05,2000,42.94
2004-03-12,50.66,50.66,50.57,50.57,700,43.38
2004-03-11,50.75,51.01,50.17,50.17,2600,43.04
2004-03-10,51.53,51.53,51.32,51.32,2600,44.03
2004-03-09,51.60,51.60,51.47,51.59,900,44.26
2004-03-08,52.18,52.26,52.00,52.00,4900,44.61
2004-03-05,51.68,52.25,51.68,52.25,1000,44.83
2004-03-04,51.63,51.63,51.63,51.63,200,44.29
2004-03-03,51.41,51.73,51.39,51.65,2200,44.31
2004-03-02,51.62,51.62,51.50,51.50,1700,44.18
2004-03-01,51.45,51.65,51.45,51.63,800,44.29
2004-02-27,51.15,51.32,51.15,51.32,2400,44.03
2004-02-26,50.90,50.90,50.90,50.90,100,43.67
2004-02-25,50.75,50.93,50.75,50.93,500,43.69
2004-02-24,50.85,50.91,50.73,50.73,600,43.52
2004-02-23,51.02,51.02,50.91,51.00,2400,43.75
2004-02-20,51.00,51.14,50.75,51.14,1200,43.87
2004-02-19,51.29,51.33,51.12,51.12,3000,43.86
2004-02-18,51.35,51.39,51.15,51.18,2500,43.91
2004-02-17,51.27,51.46,51.27,51.38,9400,44.08
2004-02-13,51.21,51.31,50.98,51.02,1500,43.77
2004-02-12,51.12,51.13,50.95,50.95,2200,43.71
2004-02-11,50.88,51.17,50.88,51.15,3900,43.88
2004-02-10,50.53,50.53,50.42,50.53,800,43.35
2004-02-09,50.51,50.58,50.51,50.51,16700,43.33
2004-02-06,49.90,50.47,49.90,50.43,2700,43.26
2004-02-05,49.66,49.77,49.49,49.77,1000,42.70
2004-02-04,49.92,49.92,49.68,49.68,3400,42.62
2004-02-03,50.05,50.17,50.01,50.14,1400,43.02
2004-02-02,49.98,50.38,49.89,50.09,2300,42.97
2004-01-30,49.52,49.96,49.52,49.87,416600,42.78