2011-05-10,61.14,61.16,60.95,60.95,1700,60.95
2011-05-09,61.11,61.34,61.11,61.16,7400,61.16
2011-05-06,60.89,61.27,60.89,61.27,700,61.27
2011-05-05,61.07,61.54,61.05,61.40,2800,61.40
2011-05-04,60.89,61.03,60.84,60.97,5500,60.97
2011-05-03,60.53,60.68,60.53,60.68,3500,60.68
2011-05-02,60.32,60.44,60.32,60.39,900,60.39
2011-04-29,60.10,60.27,60.10,60.27,1000,60.27
2011-04-28,60.06,60.36,60.06,60.25,900,60.06
2011-04-27,60.33,60.37,59.85,59.85,5000,59.66
2011-04-26,60.07,60.45,60.07,60.45,21800,60.26
2011-04-25,59.96,60.00,59.96,60.00,300,59.81
2011-04-21,59.98,60.04,59.67,59.67,6300,59.48
2011-04-20,59.92,60.01,59.86,59.94,2800,59.75
2011-04-19,59.97,60.11,59.97,60.10,2800,59.91
2011-04-18,59.57,59.90,59.55,59.86,2400,59.67
2011-04-15,59.58,59.74,59.52,59.69,2400,59.50
2011-04-14,59.15,59.34,59.00,59.34,1000,59.15
2011-04-13,58.59,59.22,58.59,59.22,1400,59.03
2011-04-12,58.82,58.84,58.65,58.84,900,58.65
2011-04-11,58.15,58.26,58.14,58.26,6300,58.08
2011-04-08,58.32,58.39,58.24,58.25,1400,58.07
2011-04-07,58.52,58.61,58.42,58.44,3000,58.25
2011-04-06,58.93,58.98,58.87,58.87,600,58.68
2011-04-05,59.45,59.53,59.20,59.28,7000,59.09
2011-04-04,59.65,59.65,59.48,59.55,900,59.36
2011-04-01,59.15,59.45,59.12,59.45,10300,59.26
2011-03-31,59.27,59.42,59.18,59.18,4200,58.99
2011-03-30,59.38,59.56,59.25,59.50,12000,59.11
2011-03-29,59.50,59.63,59.25,59.25,1300,58.86
2011-03-28,59.51,59.64,59.51,59.64,600,59.25
2011-03-25,59.81,59.97,59.47,59.47,5100,59.08
2011-03-24,59.79,59.82,59.76,59.80,3400,59.41
2011-03-23,60.61,60.61,60.02,60.07,1400,59.68
2011-03-22,59.90,60.21,59.90,60.21,1100,59.82
2011-03-21,60.03,60.13,59.87,60.07,4600,59.68
2011-03-18,59.99,60.32,59.99,60.17,14900,59.78
2011-03-17,60.33,60.38,60.15,60.38,1500,59.99
2011-03-16,60.15,60.94,60.14,60.63,4700,60.24
2011-03-15,60.14,60.14,59.86,59.91,3200,59.52
2011-03-14,59.16,59.44,59.16,59.20,2400,58.81
2011-03-11,59.59,59.59,59.20,59.28,1500,58.89
2011-03-10,58.79,59.55,58.51,59.55,11600,59.16
2011-03-09,58.35,58.79,58.27,58.79,3300,58.41
2011-03-08,58.51,58.51,58.17,58.17,5700,57.79
2011-03-07,58.40,58.60,58.21,58.46,1800,58.08
2011-03-04,58.30,58.67,58.30,58.67,600,58.29
2011-03-03,58.58,58.58,58.29,58.29,1200,57.91
2011-03-02,59.26,59.32,58.92,58.92,2900,58.54
2011-03-01,59.14,59.43,59.14,59.43,1200,59.04
2011-02-28,59.45,59.45,59.31,59.44,10400,59.05
2011-02-25,59.42,59.59,59.40,59.59,2300,59.01
2011-02-24,59.22,59.40,59.22,59.24,1400,58.66
2011-02-23,58.90,59.25,58.90,59.03,7000,58.46
2011-02-22,58.29,58.86,58.29,58.83,4100,58.26
2011-02-18,57.95,57.95,57.89,57.89,800,57.33
2011-02-17,58.31,58.43,58.21,58.24,5400,57.67
2011-02-16,58.15,58.36,58.00,58.30,900,57.73
2011-02-15,58.06,58.20,58.00,58.20,6600,57.63
2011-02-14,57.98,58.15,57.98,58.06,7300,57.49
2011-02-11,57.65,57.90,57.65,57.90,6000,57.34
2011-02-10,57.52,57.66,57.29,57.40,6300,56.84
2011-02-09,57.41,57.96,57.20,57.68,10700,57.12
2011-02-08,57.72,57.82,57.27,57.29,5800,56.73
2011-02-07,57.51,57.72,57.40,57.65,410500,57.09
2011-02-04,57.88,57.96,57.51,57.55,350600,56.99
2011-02-03,58.30,58.49,58.06,58.13,75900,57.56
2011-02-02,58.73,58.76,58.27,58.44,16600,57.87
2011-02-01,58.54,58.73,58.42,58.64,11100,58.07
2011-01-31,59.14,59.22,58.80,58.81,11400,58.24
2011-01-28,58.83,59.59,58.70,59.55,6900,58.78
2011-01-27,58.91,59.14,58.73,59.14,10400,58.37
2011-01-26,59.53,59.53,58.84,58.94,4100,58.18
2011-01-25,59.19,59.85,59.10,59.53,81900,58.76
2011-01-24,59.14,59.27,58.96,59.15,4200,58.38
2011-01-21,58.50,58.99,58.50,58.99,6100,58.23
2011-01-20,59.19,59.19,58.52,58.81,8000,58.05
2011-01-19,59.25,59.50,59.19,59.50,117600,58.73
2011-01-18,58.92,59.28,58.80,59.28,10000,58.51
2011-01-14,59.93,59.93,59.31,59.50,8500,58.73
2011-01-13,59.07,59.88,59.07,59.80,9600,59.02
2011-01-12,59.35,59.51,59.18,59.35,60700,58.58
2011-01-11,59.81,59.81,59.36,59.71,22400,58.94
2011-01-10,59.77,59.90,59.44,59.90,8300,59.12
2011-01-07,59.15,59.65,58.89,59.41,12900,58.64
2011-01-06,59.19,59.27,58.91,59.07,7000,58.30
2011-01-05,59.57,59.57,58.84,59.10,33500,58.33
2011-01-04,59.88,60.33,59.83,59.83,24300,59.05
2011-01-03,59.97,60.44,59.97,60.19,6100,59.41
2010-12-31,60.19,60.51,59.02,60.27,2500,59.49
2010-12-30,59.80,59.96,59.49,59.83,5900,59.05
2010-12-29,58.98,59.90,58.95,59.90,8200,59.12
2010-12-28,59.64,59.70,59.05,59.05,4000,58.28
2010-12-27,59.66,59.81,59.17,59.81,1100,59.03
2010-12-23,59.87,59.87,59.72,59.72,1200,58.95
2010-12-22,60.06,60.19,59.81,59.91,6800,59.13
2010-12-21,59.88,60.12,59.60,60.09,3100,59.31
2010-12-20,60.13,60.48,59.64,59.90,5200,59.12
2010-12-17,59.52,60.10,59.52,60.10,5300,59.32
2010-12-16,59.01,59.09,58.49,59.09,18400,58.32
2010-12-15,59.54,59.54,58.56,58.81,15200,58.05
2010-12-14,59.49,59.71,58.96,59.17,15400,58.40
2010-12-13,59.80,60.30,59.76,60.26,3400,59.48
2010-12-10,60.29,60.39,59.91,59.91,9000,59.13
2010-12-09,60.22,60.51,59.93,60.26,4900,59.48
2010-12-08,60.47,60.47,59.75,60.17,24200,59.39
2010-12-07,61.26,61.26,60.27,60.77,31100,59.98
2010-12-06,61.78,61.97,61.59,61.97,2600,61.17
2010-12-03,62.15,62.15,61.21,61.30,2900,60.51
2010-12-02,61.91,62.00,61.67,61.68,10600,60.88
2010-12-01,62.31,62.31,61.69,61.86,48700,61.06
2010-11-30,63.13,63.34,62.81,62.81,20300,62.00
2010-11-29,62.68,62.90,62.60,62.87,4000,61.87
2010-11-26,62.16,62.31,62.16,62.31,2500,61.32
2010-11-24,62.41,62.41,61.86,61.86,5900,60.87
2010-11-23,62.80,62.94,62.74,62.79,7700,61.79
2010-11-22,62.59,62.67,62.45,62.45,3500,61.46
2010-11-19,62.00,62.15,61.87,62.15,5600,61.16
2010-11-18,61.70,61.87,61.44,61.77,5800,60.79
2010-11-17,61.89,62.44,61.89,62.00,7300,61.01
2010-11-16,61.47,62.10,61.18,62.04,13900,61.05
2010-11-15,61.92,61.92,60.95,60.95,8700,59.98
2010-11-12,62.49,62.70,62.05,62.05,9800,61.06
2010-11-11,62.56,62.71,62.40,62.54,2600,61.54
2010-11-10,62.42,62.65,62.04,62.39,28100,61.40
2010-11-09,63.64,63.64,62.39,62.52,10700,61.52
2010-11-08,63.62,63.89,63.36,63.63,7900,62.62
2010-11-05,63.52,63.68,63.43,63.56,8600,62.55
2010-11-04,64.04,64.34,63.87,64.06,6300,63.04
2010-11-03,64.83,65.88,63.18,63.58,15200,62.57
2010-11-02,64.37,64.67,64.37,64.67,3300,63.64
2010-11-01,64.47,64.47,63.78,63.98,16300,62.96
2010-10-29,63.80,64.17,63.80,64.12,5900,63.10
2010-10-28,63.91,63.99,63.74,63.78,10600,62.57
2010-10-27,63.93,64.11,63.66,63.70,3700,62.49
2010-10-26,64.61,64.61,64.11,64.13,2200,62.92
2010-10-25,65.26,65.27,64.91,65.04,11100,63.81
2010-10-22,64.28,64.84,64.28,64.63,6300,63.41
2010-10-21,64.88,64.88,64.59,64.65,16200,63.43
2010-10-20,64.90,65.22,64.89,65.09,1100,63.86
2010-10-19,64.77,65.03,64.75,64.93,3100,63.70
2010-10-18,64.82,64.84,64.57,64.68,4900,63.46
2010-10-15,64.40,64.59,64.00,64.40,21600,63.18
2010-10-14,65.70,65.95,64.98,65.07,6300,63.84
2010-10-13,65.37,65.55,65.14,65.55,6000,64.31
2010-10-12,66.20,66.38,65.88,65.89,13900,64.64
2010-10-11,66.79,66.79,66.04,66.05,13400,64.80
2010-10-08,66.48,66.79,66.21,66.21,2500,64.96
2010-10-07,66.62,66.62,66.34,66.44,3300,65.18
2010-10-06,66.42,66.92,66.42,66.70,10600,65.44
2010-10-05,66.37,66.37,65.99,66.19,6100,64.94
2010-10-04,66.09,66.31,66.05,66.25,4800,65.00
2010-10-01,65.99,66.30,65.88,66.17,2700,64.92
2010-09-30,66.37,66.38,65.93,66.34,16200,65.08
2010-09-29,66.96,66.96,66.46,66.46,3900,65.02
2010-09-28,66.71,67.01,66.71,66.87,4500,65.42
2010-09-27,65.93,66.36,65.93,66.32,2500,64.89
2010-09-24,65.78,65.82,65.48,65.48,7900,64.06
2010-09-23,66.40,66.56,66.08,66.08,3600,64.65
2010-09-22,66.12,66.26,65.85,65.92,6200,64.49
2010-09-21,65.10,65.39,65.07,65.39,2700,63.98
2010-09-20,64.67,64.94,64.60,64.73,7100,63.33
2010-09-17,64.53,64.72,64.31,64.59,5900,63.19
2010-09-16,64.39,64.46,64.05,64.28,4300,62.89
2010-09-15,65.10,65.34,64.72,64.72,3800,63.32
2010-09-14,65.09,65.58,65.09,65.45,11000,64.03
2010-09-13,64.39,65.20,64.39,65.03,25100,63.62
2010-09-10,64.62,64.81,64.52,64.65,6600,63.25
2010-09-09,65.33,65.43,64.84,64.91,6100,63.51
2010-09-08,66.19,66.19,65.82,66.08,3900,64.65
2010-09-07,66.10,66.38,65.93,66.34,11500,64.91
2010-09-03,64.86,65.44,64.85,65.40,24800,63.99
2010-09-02,66.27,66.27,65.79,65.95,64800,64.52
2010-09-01,67.12,67.12,66.25,66.49,24400,65.05
2010-08-31,67.58,67.71,67.24,67.70,10400,66.24
2010-08-30,66.77,67.19,66.42,67.16,7700,65.55
2010-08-27,67.38,67.44,66.20,66.20,28200,64.62
2010-08-26,67.32,67.77,67.16,67.77,20000,66.15
2010-08-25,67.97,68.11,67.18,67.24,17300,65.63
2010-08-24,67.01,67.65,66.95,67.55,38100,65.93
2010-08-23,66.30,66.66,66.25,66.57,27300,64.98
2010-08-20,66.86,66.98,66.48,66.48,23400,64.89
2010-08-19,66.08,66.84,64.29,66.74,21500,65.14
2010-08-18,66.21,66.50,65.91,65.92,29900,64.34
2010-08-17,65.98,66.14,65.70,65.85,371700,64.28
2010-08-16,65.91,66.19,65.75,66.17,8000,64.59
2010-08-13,64.43,64.93,64.43,64.87,10100,63.32
2010-08-12,64.49,64.71,64.30,64.32,26200,62.78
2010-08-11,64.03,64.51,64.00,64.49,24500,62.95
2010-08-10,63.65,64.10,63.62,63.82,8300,62.29
2010-08-09,63.59,63.65,63.50,63.50,4600,61.98
2010-08-06,63.62,63.69,63.37,63.69,11600,62.17
2010-08-05,63.29,63.40,63.15,63.20,13900,61.69
2010-08-04,63.00,63.06,62.82,62.82,6400,61.32
2010-08-03,63.14,63.38,63.09,63.27,23700,61.76
2010-08-02,63.07,63.17,62.84,62.85,7800,61.35
2010-07-30,63.42,63.58,63.08,63.56,7700,62.04
2010-07-29,62.41,62.81,62.41,62.81,6300,61.20
2010-07-28,62.51,62.86,62.45,62.86,13700,61.25
2010-07-27,62.70,62.87,62.61,62.64,3300,61.04
2010-07-26,63.09,63.09,62.69,63.08,4500,61.46
2010-07-23,63.67,63.67,63.10,63.16,22500,61.54
2010-07-22,63.96,63.96,63.64,63.64,183500,62.01
2010-07-21,63.45,64.23,63.45,64.23,7500,62.59
2010-07-20,63.40,63.53,63.32,63.37,3900,61.75
2010-07-19,63.50,63.55,63.22,63.27,74400,61.65
2010-07-16,63.29,63.71,63.27,63.50,6100,61.87
2010-07-15,62.77,63.40,62.77,63.40,17600,61.78
2010-07-14,62.22,62.81,62.19,62.64,244500,61.04
2010-07-13,62.50,62.50,62.14,62.19,90000,60.60
2010-07-12,62.75,62.89,62.52,62.67,7500,61.07
2010-07-09,62.69,62.70,62.54,62.70,2800,61.09
2010-07-08,62.94,63.11,62.70,63.00,10700,61.39
2010-07-07,63.60,63.60,63.25,63.25,31800,61.63
2010-07-06,63.40,63.75,63.25,63.75,18500,62.12
2010-07-02,63.49,63.62,63.08,63.31,17400,61.69
2010-07-01,63.73,64.25,63.73,63.77,7600,62.14
2010-06-30,63.26,63.68,63.23,63.68,9000,62.05
2010-06-29,63.21,63.59,63.16,63.56,16200,61.74
2010-06-28,62.84,62.93,62.61,62.93,3800,61.13
2010-06-25,62.16,62.42,62.15,62.15,5000,60.37
2010-06-24,62.69,62.69,62.18,62.31,2100,60.53
2010-06-23,62.30,62.59,62.30,62.59,2600,60.80
2010-06-22,61.79,62.16,61.79,62.16,2100,60.38
2010-06-21,61.16,61.68,61.01,61.63,7400,59.87
2010-06-18,61.91,61.91,61.44,61.51,4700,59.75
2010-06-17,61.50,61.99,61.50,61.89,11100,60.12
2010-06-16,61.43,61.43,61.23,61.23,1500,59.48
2010-06-15,61.49,61.50,60.70,60.88,5500,59.14
2010-06-14,61.07,61.34,61.02,61.30,3000,59.55
2010-06-11,61.22,61.62,61.22,61.62,2100,59.86
2010-06-10,61.50,61.51,61.20,61.20,2300,59.45
2010-06-09,61.72,61.91,61.50,61.91,1600,60.14
2010-06-08,61.90,62.02,61.46,61.95,23100,60.18
2010-06-07,61.70,61.85,61.50,61.85,2000,60.08
2010-06-04,61.50,61.77,61.50,61.69,1800,59.93
2010-06-03,60.47,60.72,60.35,60.72,6300,58.98
2010-06-02,61.34,61.34,60.85,60.85,4700,59.11
2010-06-01,61.46,61.46,60.86,61.20,4200,59.45
2010-05-28,60.90,60.90,60.90,60.90,000,59.16
2010-05-27,61.08,61.29,60.79,60.90,11200,58.96
2010-05-26,61.96,62.12,61.65,61.81,13500,59.84
2010-05-25,62.77,62.86,62.19,62.32,26800,60.34
2010-05-24,62.05,62.12,61.62,61.62,11700,59.66
2010-05-21,62.74,62.74,61.81,62.11,58500,60.13
2010-05-20,61.62,62.08,61.62,62.06,24000,60.09
2010-05-19,60.89,61.13,60.89,61.08,3900,59.14
2010-05-18,60.32,60.90,60.31,60.90,1900,58.96
2010-05-17,60.28,60.63,60.09,60.11,4900,58.20
2010-05-14,59.83,60.45,59.83,60.45,1800,58.53
2010-05-13,59.51,59.51,59.23,59.23,900,57.35
2010-05-12,59.47,59.47,59.25,59.25,1400,57.36
2010-05-11,59.84,59.84,59.58,59.58,2000,57.68
2010-05-10,59.21,59.62,59.20,59.62,9600,57.72
2010-05-07,61.57,61.65,60.64,60.74,7000,58.81
2010-05-06,59.76,60.35,59.76,60.35,1800,58.43
2010-05-05,60.12,60.12,59.60,59.60,900,57.70
2010-05-04,59.12,59.42,59.01,59.42,1500,57.53
2010-05-03,58.64,58.64,58.64,58.64,000,56.77
2010-04-30,58.54,58.64,58.40,58.64,1700,56.77
2010-04-29,58.01,58.01,58.01,58.01,000,55.97
2010-04-28,58.01,58.01,58.01,58.01,100,55.97
2010-04-27,58.74,58.75,58.52,58.52,3500,56.46
2010-04-26,58.11,58.11,57.83,57.83,5200,55.80
2010-04-23,58.03,58.03,58.03,58.03,000,55.99
2010-04-22,58.14,58.36,58.03,58.03,7800,55.99
2010-04-21,57.84,58.08,57.84,58.08,4100,56.04
2010-04-20,57.68,57.68,57.68,57.68,200,55.65
2010-04-19,57.64,57.64,57.63,57.63,600,55.60
2010-04-16,57.63,57.77,57.59,57.77,1700,55.74
2010-04-15,57.20,57.33,57.20,57.33,300,55.32
2010-04-14,57.45,57.45,57.45,57.45,200,55.43
2010-04-13,57.61,57.62,57.50,57.50,2400,55.48
2010-04-12,57.24,57.46,57.20,57.41,11000,55.39
2010-04-09,56.86,57.16,56.86,57.13,4700,55.12
2010-04-08,57.18,57.22,57.01,57.01,4300,55.01
2010-04-07,56.37,57.21,56.37,57.21,4700,55.20
2010-04-06,56.70,56.70,56.39,56.61,4500,54.62
2010-04-05,56.76,56.76,56.42,56.51,11900,54.52
2010-04-01,57.23,57.31,57.04,57.28,7600,55.27
2010-03-31,57.29,57.29,57.19,57.23,4100,55.22
2010-03-30,57.18,57.18,57.18,57.18,200,55.17
2010-03-29,57.14,57.14,57.01,57.09,5600,55.08
2010-03-26,57.03,57.25,57.03,57.24,3000,55.23
2010-03-25,57.17,57.44,57.00,57.07,14400,55.06
2010-03-24,57.78,57.97,57.52,57.57,7300,55.55
2010-03-23,58.40,58.44,58.25,58.37,4800,56.32
2010-03-22,58.58,58.60,58.40,58.41,10700,56.36
2010-03-19,58.60,58.60,58.60,58.60,400,56.54
2010-03-18,58.62,58.62,58.62,58.62,000,56.56
2010-03-17,58.54,58.62,58.38,58.62,1700,56.56
2010-03-16,58.12,58.24,58.07,58.22,2200,56.17
2010-03-15,57.75,57.75,57.75,57.75,100,55.72
2010-03-12,57.47,57.98,57.47,57.92,6300,55.88
2010-03-11,57.55,57.86,57.46,57.86,17000,55.83
2010-03-10,57.41,57.63,57.33,57.62,4500,55.60
2010-03-09,57.65,57.65,57.65,57.65,000,55.62
2010-03-08,57.59,57.73,57.59,57.65,4500,55.62
2010-03-05,57.95,57.95,57.69,57.85,16200,55.82
2010-03-04,58.49,58.49,58.40,58.40,2200,56.35
2010-03-03,58.25,58.41,58.19,58.41,2700,56.36
2010-03-02,58.15,58.36,58.07,58.30,4500,56.25
2010-03-01,58.47,58.47,58.47,58.47,700,56.42
2010-02-26,58.33,58.56,58.29,58.42,7600,56.37
2010-02-25,58.41,58.41,58.24,58.32,5100,56.12
2010-02-24,57.94,58.16,57.94,58.10,6100,55.90
2010-02-23,57.45,58.05,57.45,58.05,4900,55.86
2010-02-22,57.37,57.37,57.32,57.32,1200,55.15
2010-02-19,57.35,57.44,57.20,57.44,15200,55.27
2010-02-18,57.60,57.60,57.08,57.26,13600,55.10
2010-02-17,57.80,57.80,57.41,57.41,2000,55.24
2010-02-16,57.66,58.03,57.66,58.03,2900,55.84
2010-02-12,57.92,57.92,57.84,57.84,5700,55.65
2010-02-11,57.78,57.84,57.60,57.65,3000,55.47
2010-02-10,58.35,58.55,57.80,57.90,15100,55.71
2010-02-09,58.64,58.72,58.35,58.35,900,56.14
2010-02-08,58.74,58.86,58.71,58.86,4100,56.63
2010-02-05,58.53,58.89,58.53,58.77,3100,56.55
2010-02-04,57.93,58.54,57.93,58.53,106000,56.32
2010-02-03,58.18,58.18,57.90,57.93,5700,55.74
2010-02-02,58.29,58.40,58.29,58.40,1600,56.19
2010-02-01,58.55,58.55,58.42,58.42,1600,56.21
2010-01-29,58.26,58.71,58.23,58.71,9700,56.49
2010-01-28,58.21,58.45,58.21,58.39,3700,55.99
2010-01-27,58.76,58.76,58.63,58.63,25200,56.22
2010-01-26,58.84,58.84,58.55,58.57,4800,56.17
2010-01-25,58.54,58.67,58.54,58.57,1400,56.17
2010-01-22,58.76,58.91,58.76,58.84,3000,56.43
2010-01-21,58.48,58.81,58.48,58.79,1100,56.38
2010-01-20,58.41,58.54,58.41,58.54,2100,56.14
2010-01-19,58.19,58.24,58.17,58.17,6000,55.78
2010-01-15,58.39,58.39,58.29,58.29,2400,55.90
2010-01-14,57.56,57.56,57.56,57.56,200,55.20
2010-01-13,57.69,57.69,57.37,57.37,1500,55.02
2010-01-12,57.73,57.73,57.71,57.71,800,55.34
2010-01-11,57.27,57.27,57.12,57.14,700,54.80
2010-01-08,57.15,57.15,57.15,57.15,200,54.80
2010-01-07,57.25,57.25,57.25,57.25,400,54.90
2010-01-06,57.39,57.39,57.39,57.39,600,55.04
2010-01-05,57.79,57.84,57.79,57.84,900,55.47
2010-01-04,57.36,57.36,57.36,57.36,000,55.01