2011-05-10,63.51,63.86,63.51,63.85,5500,63.85
2011-05-09,63.43,63.43,63.36,63.36,900,63.36
2011-05-06,63.28,63.62,62.84,62.84,3300,62.84
2011-05-05,62.82,63.34,62.74,62.84,347300,62.84
2011-05-04,63.47,63.47,63.19,63.19,600,63.19
2011-05-03,63.81,63.86,63.28,63.51,10500,63.51
2011-05-02,64.36,64.36,63.79,63.79,5800,63.79
2011-04-29,63.95,64.12,63.86,64.05,12000,64.05
2011-04-28,63.76,63.77,63.75,63.75,2400,63.75
2011-04-27,63.53,63.87,63.20,63.87,12500,63.87
2011-04-26,63.12,63.58,63.12,63.45,3000,63.45
2011-04-25,62.98,62.98,62.71,62.92,7100,62.92
2011-04-21,62.90,63.04,62.89,63.03,2100,63.03
2011-04-20,62.60,62.61,62.45,62.56,8400,62.56
2011-04-19,61.25,61.45,61.09,61.45,3000,61.45
2011-04-18,61.18,61.19,60.71,61.19,1700,61.19
2011-04-15,61.68,61.79,61.68,61.77,2600,61.77
2011-04-14,61.20,61.44,61.20,61.44,1800,61.44
2011-04-13,61.33,61.69,61.33,61.59,6300,61.59
2011-04-12,61.48,61.55,61.28,61.36,3900,61.36
2011-04-11,61.93,61.93,61.76,61.84,700,61.84
2011-04-08,62.44,62.44,61.97,61.97,1300,61.97
2011-04-07,62.14,62.33,62.11,62.29,1200,62.29
2011-04-06,62.65,62.65,62.23,62.45,16200,62.45
2011-04-05,62.30,62.62,62.27,62.36,7500,62.36
2011-04-04,62.36,62.36,62.22,62.25,9900,62.25
2011-04-01,62.52,62.52,62.28,62.28,1100,62.28
2011-03-31,61.98,62.10,61.98,62.03,900,62.03
2011-03-30,61.97,62.12,61.97,62.05,1600,62.05
2011-03-29,61.44,61.60,61.43,61.60,1400,61.60
2011-03-28,61.45,61.47,61.36,61.36,16100,61.36
2011-03-25,61.25,61.54,61.20,61.37,3800,61.37
2011-03-24,60.88,61.16,60.78,61.08,1600,60.92
2011-03-23,60.33,60.71,60.31,60.58,5200,60.42
2011-03-22,60.37,60.37,60.30,60.31,3500,60.15
2011-03-21,60.56,60.56,60.41,60.51,3000,60.35
2011-03-18,59.79,59.79,59.52,59.52,1000,59.37
2011-03-17,59.60,59.73,59.41,59.41,7900,59.26
2011-03-16,59.72,59.72,58.50,58.77,4000,58.62
2011-03-15,59.41,60.00,59.41,60.00,1300,59.84
2011-03-14,60.55,60.55,59.82,60.55,200,60.39
2011-03-11,60.31,61.04,60.24,61.04,5000,60.88
2011-03-10,60.53,60.78,60.48,60.51,192300,60.35
2011-03-09,61.60,61.74,61.39,61.59,2900,61.43
2011-03-08,61.43,62.00,61.21,61.64,1436300,61.48
2011-03-07,62.31,62.31,61.07,61.32,1312600,61.16
2011-03-04,62.48,62.48,61.61,62.01,1325700,61.85
2011-03-03,62.19,62.48,62.19,62.45,1400,62.29
2011-03-02,61.04,61.58,61.04,61.30,5800,61.14
2011-03-01,62.33,62.33,61.15,61.19,3600,61.03
2011-02-28,62.33,62.33,61.91,62.17,799800,62.01
2011-02-25,61.63,61.95,61.63,61.95,3200,61.79
2011-02-24,61.26,61.85,61.26,61.27,1525400,61.11
2011-02-23,61.15,61.29,61.15,61.29,4000,61.13
2011-02-22,62.31,62.49,61.79,61.79,2500,61.63
2011-02-18,63.11,63.14,63.11,63.14,700,62.98
2011-02-17,62.76,62.90,62.59,62.90,15400,62.74
2011-02-16,62.89,62.89,62.82,62.82,6700,62.66
2011-02-15,62.57,62.57,62.33,62.33,14100,62.17
2011-02-14,62.53,62.63,62.53,62.63,2100,62.47
2011-02-11,61.85,62.45,61.85,62.45,900,62.29
2011-02-10,61.54,62.02,61.54,61.88,1300,61.72
2011-02-09,61.99,61.99,61.92,61.92,163400,61.76
2011-02-08,61.88,61.97,61.88,61.97,1000,61.81
2011-02-07,61.66,61.98,61.66,61.98,900,61.82
2011-02-04,61.35,61.39,61.35,61.39,2500,61.23
2011-02-03,60.92,61.04,60.62,61.04,900,60.88
2011-02-02,61.10,61.10,61.10,61.10,100,60.94
2011-02-01,60.92,61.14,60.92,61.14,2000,60.98
2011-01-31,59.83,60.15,59.83,60.14,5200,59.98
2011-01-28,60.83,60.83,59.66,59.66,5100,59.50
2011-01-27,60.84,60.84,60.84,60.84,600,60.68
2011-01-26,60.58,60.74,60.58,60.74,500,60.58
2011-01-25,60.05,60.19,59.98,60.19,21100,60.03
2011-01-24,59.77,60.19,59.77,60.10,10100,59.94
2011-01-21,60.18,60.20,59.75,59.75,3100,59.59
2011-01-20,59.56,59.56,59.50,59.50,800,59.35
2011-01-19,60.60,60.60,60.07,60.07,3200,59.91
2011-01-18,60.39,60.63,60.39,60.61,2100,60.45
2011-01-14,60.02,60.02,60.02,60.02,200,59.86
2011-01-13,60.13,60.13,59.96,60.01,800,59.85
2011-01-12,59.99,59.99,59.99,59.99,200,59.83
2011-01-11,59.59,59.62,59.52,59.53,2600,59.38
2011-01-10,59.11,59.29,59.11,59.29,1000,59.14
2011-01-07,59.48,59.48,59.47,59.47,700,59.32
2011-01-06,59.45,59.46,59.16,59.17,1000,59.02
2011-01-05,58.88,59.31,58.88,59.31,1600,59.16
2011-01-04,59.16,59.16,58.76,58.98,2800,58.83
2011-01-03,59.32,59.44,59.23,59.23,7200,59.08
2010-12-31,58.70,58.71,58.54,58.68,13000,58.53
2010-12-30,58.77,58.91,58.71,58.77,9600,58.62
2010-12-29,58.86,58.93,58.86,58.88,6700,58.73
2010-12-28,58.64,58.67,58.62,58.67,1800,58.52
2010-12-27,58.45,58.73,58.38,58.69,5300,58.54
2010-12-23,58.74,58.74,58.73,58.74,1100,58.59
2010-12-22,58.80,58.80,58.69,58.74,57300,58.59
2010-12-21,58.66,58.79,58.65,58.79,2000,58.55
2010-12-20,58.30,58.56,58.30,58.51,9200,58.27
2010-12-17,58.32,58.52,58.32,58.42,2900,58.18
2010-12-16,57.83,57.86,57.83,57.86,1400,57.62
2010-12-15,58.09,58.31,57.88,58.03,6100,57.79
2010-12-14,58.13,58.36,58.12,58.36,3100,58.12
2010-12-13,58.41,58.41,58.29,58.35,3500,58.11
2010-12-10,57.95,58.14,57.86,58.14,8300,57.90
2010-12-09,58.13,58.13,57.65,57.65,5100,57.41
2010-12-08,57.57,57.71,57.40,57.71,1500,57.47
2010-12-07,58.20,58.22,57.67,57.67,4300,57.43
2010-12-06,57.55,57.66,57.55,57.66,900,57.42
2010-12-03,57.41,57.58,57.41,57.57,4100,57.34
2010-12-02,57.09,57.50,57.09,57.50,2800,57.27
2010-12-01,56.68,57.01,56.61,56.89,4300,56.66
2010-11-30,55.43,55.83,55.43,55.83,5500,55.60
2010-11-29,55.40,56.02,55.40,56.02,10900,55.79
2010-11-26,55.98,56.28,55.98,56.28,4800,56.05
2010-11-24,56.12,56.45,56.12,56.45,1500,56.22
2010-11-23,55.49,55.68,55.35,55.44,1600,55.21
2010-11-22,56.07,56.23,55.71,56.16,9800,55.93
2010-11-19,56.06,56.11,56.03,56.05,1100,55.82
2010-11-18,55.71,56.09,55.68,55.89,7000,55.66
2010-11-17,54.93,55.09,54.93,55.07,39400,54.85
2010-11-16,55.44,55.51,54.69,54.69,2700,54.47
2010-11-15,56.04,56.06,55.86,55.95,1900,55.72
2010-11-12,56.44,56.51,55.74,55.93,1700,55.70
2010-11-11,56.43,56.66,56.22,56.66,2900,56.43
2010-11-10,56.74,56.89,56.47,56.78,12300,56.55
2010-11-09,57.15,57.26,56.60,56.63,4400,56.40
2010-11-08,56.70,56.95,56.70,56.95,6100,56.72
2010-11-05,56.95,56.97,56.79,56.83,7600,56.60
2010-11-04,56.77,56.77,56.77,56.77,1000,56.54
2010-11-03,55.43,55.63,55.43,55.63,2000,55.40
2010-11-02,55.57,55.65,55.57,55.65,800,55.42
2010-11-01,55.24,55.24,55.09,55.09,1400,54.87
2010-10-29,55.14,55.15,54.98,55.07,7900,54.85
2010-10-28,54.97,54.97,54.97,54.97,1000,54.75
2010-10-27,54.77,55.00,54.66,55.00,64600,54.78
2010-10-26,54.79,55.16,54.63,55.14,101500,54.92
2010-10-25,55.24,55.31,55.04,55.04,4700,54.82
2010-10-22,54.81,54.82,54.81,54.82,10500,54.60
2010-10-21,54.61,54.61,54.36,54.36,400,54.14
2010-10-20,53.58,53.58,53.58,53.58,000,53.36
2010-10-19,53.97,53.99,53.58,53.58,1300,53.36
2010-10-18,54.66,54.66,54.60,54.60,500,54.38
2010-10-15,54.65,54.65,54.42,54.53,6100,54.31
2010-10-14,54.29,54.31,54.06,54.14,34000,53.92
2010-10-13,54.08,54.44,53.98,54.34,4300,54.12
2010-10-12,53.37,53.83,53.14,53.83,7300,53.61
2010-10-11,53.62,53.72,53.62,53.63,5600,53.41
2010-10-08,53.18,53.54,53.06,53.45,10200,53.23
2010-10-07,53.10,53.14,52.88,53.14,44000,52.92
2010-10-06,53.30,53.30,53.00,53.10,5000,52.88
2010-10-05,52.87,52.87,52.87,52.87,1000,52.65
2010-10-04,52.71,52.71,52.01,52.19,19600,51.98
2010-10-01,52.41,52.41,52.41,52.41,000,52.20
2010-09-30,52.97,52.97,52.41,52.41,9700,52.20
2010-09-29,52.69,52.80,52.69,52.71,21700,52.49
2010-09-28,52.75,52.75,52.75,52.75,000,52.53
2010-09-27,52.58,52.75,52.47,52.75,11700,52.53
2010-09-24,52.62,52.66,52.59,52.59,17600,52.38
2010-09-23,51.93,52.05,51.93,51.95,16300,51.74
2010-09-22,51.81,51.81,51.81,51.81,10000,51.60