2011-05-10,29.91,29.93,29.91,29.91,5500,29.91
2011-05-09,29.91,29.91,29.91,29.91,000,29.91
2011-05-06,29.91,29.91,29.91,29.91,500,29.91
2011-05-05,29.93,29.93,29.93,29.93,3100,29.93
2011-05-04,29.98,29.98,29.98,29.98,000,29.98
2011-05-03,29.98,29.98,29.98,29.98,000,29.98
2011-05-02,29.98,29.98,29.98,29.98,000,29.98
2011-04-29,29.98,29.98,29.98,29.98,000,29.96
2011-04-28,29.98,29.98,29.98,29.98,100,29.96
2011-04-27,30.01,30.02,29.95,29.95,3800,29.93
2011-04-26,29.98,29.98,29.98,29.98,000,29.96
2011-04-25,29.98,29.98,29.98,29.98,000,29.96
2011-04-21,29.98,29.98,29.98,29.98,000,29.96
2011-04-20,29.98,29.98,29.98,29.98,200,29.96
2011-04-19,30.00,30.00,30.00,30.00,3700,29.98
2011-04-18,30.00,30.00,29.93,30.00,23400,29.98
2011-04-15,30.00,30.00,30.00,30.00,13600,29.98
2011-04-14,30.00,30.00,30.00,30.00,13000,29.98
2011-04-13,30.00,30.00,30.00,30.00,000,29.98
2011-04-12,30.00,30.00,30.00,30.00,200,29.98
2011-04-11,30.00,30.00,30.00,30.00,000,29.98
2011-04-08,30.00,30.00,30.00,30.00,16700,29.98
2011-04-07,30.00,30.00,30.00,30.00,000,29.98
2011-04-06,29.99,30.00,29.99,30.00,35600,29.98
2011-04-05,29.97,29.97,29.97,29.97,000,29.95
2011-04-04,29.97,29.97,29.97,29.97,000,29.95
2011-04-01,29.97,29.97,29.97,29.97,000,29.95
2011-03-31,29.97,29.97,29.97,29.97,200,29.93
2011-03-30,29.92,29.92,29.92,29.92,600,29.88
2011-03-29,29.92,29.92,29.92,29.92,000,29.88
2011-03-28,29.92,29.92,29.92,29.92,1500,29.88
2011-03-25,29.93,29.93,29.93,29.93,000,29.89
2011-03-24,29.93,29.93,29.93,29.93,000,29.89
2011-03-23,29.93,29.93,29.93,29.93,800,29.89
2011-03-22,29.93,29.93,29.91,29.91,700,29.87
2011-03-21,30.01,30.01,30.01,30.01,000,29.97
2011-03-18,30.01,30.01,30.01,30.01,1700,29.97
2011-03-17,30.00,30.00,30.00,30.00,000,29.96
2011-03-16,30.00,30.00,30.00,30.00,300,29.96
2011-03-15,29.95,29.95,29.95,29.95,200,29.91
2011-03-14,29.94,29.94,29.92,29.92,28900,29.88
2011-03-11,29.95,29.95,29.92,29.92,600,29.88
2011-03-10,29.95,29.95,29.92,29.92,1500,29.88
2011-03-09,30.00,30.00,30.00,30.00,000,29.96
2011-03-08,30.00,30.00,30.00,30.00,200,29.96
2011-03-07,29.95,29.95,29.92,29.92,3800,29.88
2011-03-04,30.02,30.02,30.02,30.02,000,29.98
2011-03-03,30.02,30.02,30.02,30.02,000,29.98
2011-03-02,30.02,30.02,30.02,30.02,000,29.98
2011-03-01,30.02,30.02,30.02,30.02,200,29.98
2011-02-28,30.00,30.00,30.00,30.00,000,29.96
2011-02-25,30.00,30.01,30.00,30.00,5100,29.96
2011-02-24,29.98,30.00,29.98,30.00,2000,29.96
2011-02-23,29.99,29.99,29.99,29.99,000,29.95
2011-02-22,29.92,29.99,29.92,29.99,8400,29.95
2011-02-18,29.92,29.92,29.92,29.92,000,29.88
2011-02-17,29.92,29.92,29.92,29.92,6800,29.88
2011-02-16,29.92,29.92,29.92,29.92,000,29.88
2011-02-15,29.92,29.92,29.92,29.92,300,29.88
2011-02-14,29.91,30.00,29.91,29.98,4200,29.94
2011-02-11,30.00,30.00,29.92,29.93,800,29.89
2011-02-10,30.00,30.00,29.90,29.90,8200,29.86
2011-02-09,29.93,29.99,29.93,29.99,2900,29.95
2011-02-08,30.00,30.00,29.93,29.99,2400,29.95
2011-02-07,29.93,29.93,29.93,29.93,700,29.89
2011-02-04,29.92,29.92,29.92,29.92,000,29.88
2011-02-03,29.99,30.00,29.92,29.92,1700,29.88
2011-02-02,29.96,30.00,29.94,30.00,500,29.96
2011-02-01,29.98,30.00,29.95,30.00,1200,29.96
2011-01-31,30.00,30.00,30.00,30.00,000,29.94
2011-01-28,29.92,30.00,29.92,30.00,3000,29.94
2011-01-27,29.92,29.92,29.91,29.91,1600,29.85
2011-01-26,29.98,29.99,29.98,29.99,1000,29.93
2011-01-25,29.91,29.98,29.91,29.95,1200,29.89
2011-01-24,29.91,29.91,29.91,29.91,400,29.85
2011-01-21,29.91,29.91,29.91,29.91,000,29.85
2011-01-20,29.91,29.91,29.91,29.91,500,29.85
2011-01-19,29.91,29.91,29.91,29.91,200,29.85
2011-01-18,29.91,29.91,29.91,29.91,000,29.85
2011-01-14,29.91,29.91,29.91,29.91,4500,29.85
2011-01-13,29.91,29.92,29.91,29.91,3300,29.85
2011-01-12,29.91,29.94,29.91,29.94,3500,29.88
2011-01-11,29.92,29.92,29.91,29.91,1800,29.85
2011-01-10,29.91,29.91,29.91,29.91,3300,29.85
2011-01-07,29.91,29.91,29.91,29.91,800,29.85
2011-01-06,29.91,29.91,29.91,29.91,600,29.85
2011-01-05,29.91,29.91,29.91,29.91,1000,29.85
2011-01-04,30.01,30.01,29.91,29.91,2600,29.85
2011-01-03,30.01,30.01,30.01,30.01,000,29.95
2010-12-31,30.01,30.01,30.01,30.01,000,29.95
2010-12-30,30.01,30.01,30.01,30.01,1900,29.95
2010-12-29,29.91,29.91,29.91,29.91,000,29.85
2010-12-28,29.91,30.01,29.91,29.91,11700,29.82
2010-12-27,30.01,30.01,29.96,29.96,10200,29.87
2010-12-23,29.90,29.90,29.90,29.90,000,29.81
2010-12-22,29.90,29.90,29.90,29.90,36500,29.81
2010-12-21,29.98,30.01,29.96,29.96,18900,29.87
2010-12-20,30.01,30.01,29.90,29.94,3500,29.85
2010-12-17,29.91,29.91,29.91,29.91,3000,29.82
2010-12-16,29.93,29.93,29.93,29.93,000,29.84
2010-12-15,29.92,29.93,29.92,29.93,1700,29.84
2010-12-14,29.92,30.01,29.92,30.01,40500,29.92
2010-12-13,30.00,30.01,30.00,30.01,700,29.92
2010-12-10,29.92,29.92,29.92,29.92,000,29.83
2010-12-09,29.92,29.92,29.92,29.92,200,29.83
2010-12-08,30.01,30.01,29.93,29.93,1100,29.84
2010-12-07,30.01,30.01,30.01,30.01,000,29.92
2010-12-06,30.01,30.01,30.00,30.01,6000,29.92
2010-12-03,30.01,30.01,30.01,30.01,1300,29.92
2010-12-02,29.91,29.91,29.91,29.91,000,29.82
2010-12-01,29.91,29.91,29.91,29.91,000,29.82
2010-11-30,29.91,29.91,29.91,29.91,000,29.80
2010-11-29,29.91,29.91,29.91,29.91,000,29.80
2010-11-26,29.91,29.91,29.91,29.91,000,29.80
2010-11-24,29.91,29.91,29.91,29.91,800,29.80
2010-11-23,30.01,30.01,30.01,30.01,900,29.90
2010-11-22,30.01,30.01,29.91,29.91,1700,29.80
2010-11-19,30.01,30.01,30.01,30.01,1600,29.90
2010-11-18,30.01,30.01,30.01,30.01,3900,29.90
2010-11-17,30.01,30.01,30.00,30.00,600,29.89
2010-11-16,30.00,30.01,30.00,30.01,38500,29.90
2010-11-15,29.91,29.91,29.91,29.91,1200,29.80
2010-11-12,29.91,29.91,29.91,29.91,1500,29.80
2010-11-11,29.91,29.91,29.91,29.91,2800,29.80
2010-11-10,29.91,30.00,29.91,30.00,2700,29.89
2010-11-09,29.91,29.91,29.91,29.91,000,29.80
2010-11-08,29.91,29.91,29.91,29.91,2800,29.80
2010-11-05,29.91,29.91,29.91,29.91,3000,29.80
2010-11-04,30.01,30.01,29.90,29.90,6000,29.79
2010-11-03,29.90,29.92,29.90,29.90,5100,29.79
2010-11-02,30.01,30.01,29.90,29.90,9400,29.79
2010-11-01,29.92,29.92,29.92,29.92,1300,29.81
2010-10-29,29.92,30.01,29.92,30.01,2000,29.88
2010-10-28,29.92,29.92,29.92,29.92,800,29.79
2010-10-27,29.92,29.92,29.92,29.92,000,29.79
2010-10-26,29.92,29.92,29.92,29.92,400,29.79
2010-10-25,29.91,29.91,29.91,29.91,000,29.78
2010-10-22,29.95,29.97,29.91,29.91,20700,29.78
2010-10-21,29.91,29.91,29.91,29.91,000,29.78
2010-10-20,29.91,29.91,29.91,29.91,300,29.78
2010-10-19,29.92,29.92,29.92,29.92,000,29.79
2010-10-18,29.91,29.92,29.91,29.92,400,29.79
2010-10-15,29.91,29.91,29.91,29.91,1600,29.78
2010-10-14,29.91,29.91,29.91,29.91,000,29.78
2010-10-13,29.91,29.91,29.91,29.91,1300,29.78
2010-10-12,29.96,29.96,29.96,29.96,000,29.83
2010-10-11,29.96,30.01,29.96,29.96,3100,29.83
2010-10-08,29.92,29.92,29.90,29.90,1500,29.77
2010-10-07,29.93,29.93,29.93,29.93,5000,29.80
2010-10-06,30.02,30.02,30.02,30.02,000,29.89
2010-10-05,30.02,30.02,30.02,30.02,000,29.89
2010-10-04,30.02,30.02,30.02,30.02,000,29.89
2010-10-01,30.02,30.02,30.02,30.02,000,29.89
2010-09-30,30.02,30.02,30.02,30.02,000,29.88
2010-09-29,30.02,30.02,30.02,30.02,000,29.88
2010-09-28,30.01,30.02,30.01,30.02,400,29.88
2010-09-27,29.91,29.91,29.91,29.91,000,29.77
2010-09-24,29.92,29.92,29.91,29.91,6000,29.77
2010-09-23,29.91,29.91,29.91,29.91,000,29.77
2010-09-22,29.92,29.92,29.91,29.91,2500,29.77
2010-09-21,30.01,30.01,30.01,30.01,000,29.87
2010-09-20,30.01,30.01,30.01,30.01,000,29.87
2010-09-17,30.02,30.02,30.01,30.01,300,29.87
2010-09-16,29.97,30.01,29.91,29.92,2000,29.78
2010-09-15,29.97,29.97,29.97,29.97,000,29.83
2010-09-14,29.97,29.97,29.97,29.97,000,29.83
2010-09-13,29.97,29.97,29.97,29.97,000,29.83
2010-09-10,30.02,30.02,29.97,29.97,2100,29.83
2010-09-09,30.00,30.00,30.00,30.00,000,29.86
2010-09-08,29.91,30.01,29.91,30.00,400,29.86
2010-09-07,30.01,30.01,30.01,30.01,000,29.87
2010-09-03,29.98,30.01,29.98,30.01,800,29.87
2010-09-02,29.99,29.99,29.99,29.99,000,29.85
2010-09-01,29.99,29.99,29.99,29.99,100,29.85
2010-08-31,29.94,29.94,29.92,29.92,2000,29.76
2010-08-30,29.92,29.92,29.92,29.92,200,29.76
2010-08-27,30.00,30.01,30.00,30.01,1300,29.85
2010-08-26,30.01,30.01,30.01,30.01,1000,29.85
2010-08-25,30.01,30.01,30.01,30.01,100,29.85
2010-08-24,29.95,29.95,29.93,29.93,900,29.77
2010-08-23,30.01,30.01,29.92,29.92,2100,29.76
2010-08-20,30.01,30.01,30.01,30.01,800,29.85
2010-08-19,29.91,29.91,29.91,29.91,000,29.75
2010-08-18,29.91,29.91,29.91,29.91,000,29.75
2010-08-17,30.01,30.01,29.91,29.91,2400,29.75
2010-08-16,29.95,29.95,29.95,29.95,000,29.79
2010-08-13,29.95,29.95,29.95,29.95,200,29.79
2010-08-12,29.91,29.91,29.91,29.91,000,29.75
2010-08-11,29.94,29.94,29.91,29.91,2600,29.75
2010-08-10,29.92,29.92,29.92,29.92,1800,29.76
2010-08-09,29.95,29.95,29.95,29.95,900,29.79
2010-08-06,30.02,30.02,30.02,30.02,000,29.86
2010-08-05,30.02,30.02,30.02,30.02,000,29.86
2010-08-04,30.02,30.02,30.02,30.02,000,29.86
2010-08-03,30.02,30.02,30.02,30.02,000,29.86
2010-08-02,30.02,30.02,30.02,30.02,000,29.86
2010-07-30,30.02,30.02,30.02,30.02,000,29.84
2010-07-29,30.02,30.02,30.02,30.02,000,29.84
2010-07-28,30.02,30.02,30.02,30.02,000,29.84
2010-07-27,30.02,30.02,30.02,30.02,000,29.84
2010-07-26,29.92,30.02,29.92,30.02,1200,29.84
2010-07-23,30.02,30.02,30.02,30.02,000,29.84
2010-07-22,30.02,30.02,30.02,30.02,000,29.84
2010-07-21,30.02,30.02,30.02,30.02,000,29.84
2010-07-20,30.02,30.02,30.02,30.02,2600,29.84
2010-07-19,29.92,29.92,29.92,29.92,000,29.74
2010-07-16,29.92,29.92,29.92,29.92,000,29.74
2010-07-15,29.92,29.92,29.92,29.92,000,29.74
2010-07-14,29.92,29.92,29.92,29.92,000,29.74
2010-07-13,29.92,29.92,29.92,29.92,500,29.74
2010-07-12,29.95,29.95,29.95,29.95,000,29.77
2010-07-09,29.95,29.95,29.95,29.95,000,29.77
2010-07-08,29.95,29.95,29.95,29.95,200,29.77
2010-07-07,30.01,30.02,30.01,30.02,6700,29.84
2010-07-06,29.91,29.91,29.91,29.91,3100,29.73
2010-07-02,29.91,29.91,29.91,29.91,300,29.73
2010-07-01,29.91,29.91,29.91,29.91,200,29.73
2010-06-30,29.99,29.99,29.99,29.99,000,29.79
2010-06-29,29.99,29.99,29.99,29.99,400,29.79
2010-06-28,29.99,29.99,29.99,29.99,600,29.79
2010-06-25,29.99,29.99,29.99,29.99,000,29.79
2010-06-24,29.99,29.99,29.99,29.99,1500,29.79
2010-06-23,29.95,29.95,29.95,29.95,100,29.75
2010-06-22,29.99,29.99,29.99,29.99,600,29.79
2010-06-21,29.91,29.91,29.91,29.91,000,29.71
2010-06-18,29.91,29.91,29.91,29.91,000,29.71
2010-06-17,29.98,29.98,29.91,29.91,800,29.71
2010-06-16,30.00,30.00,30.00,30.00,000,29.80
2010-06-15,30.00,30.00,30.00,30.00,000,29.80
2010-06-14,30.00,30.00,30.00,30.00,000,29.80
2010-06-11,30.00,30.00,30.00,30.00,000,29.80
2010-06-10,30.00,30.00,30.00,30.00,600,29.80
2010-06-09,29.98,29.98,29.98,29.98,000,29.78
2010-06-08,30.00,30.00,29.98,29.98,1100,29.78
2010-06-07,30.01,30.01,29.99,29.99,4200,29.79
2010-06-04,29.98,30.01,29.98,30.01,3700,29.81
2010-06-03,30.01,30.01,30.01,30.01,3000,29.81
2010-06-02,30.01,30.01,29.98,29.98,2200,29.78
2010-06-01,30.02,30.02,30.02,30.02,9800,29.82
2010-05-28,30.02,30.02,29.92,30.00,7900,29.73
2010-05-27,30.02,30.02,30.02,30.02,2500,29.75
2010-05-26,30.02,30.02,30.02,30.02,3700,29.75
2010-05-25,30.02,30.02,30.00,30.00,4800,29.73
2010-05-24,30.01,30.02,30.00,30.02,17400,29.75
2010-05-21,30.02,30.02,30.02,30.02,600,29.75
2010-05-20,30.01,30.02,30.01,30.02,11600,29.75
2010-05-19,30.02,30.02,30.02,30.02,15400,29.75
2010-05-18,30.00,30.00,30.00,30.00,300,29.73
2010-05-17,30.01,30.01,30.01,30.01,13500,29.74
2010-05-14,30.01,30.01,30.01,30.01,2200,29.74
2010-05-13,30.01,30.50,30.01,30.39,12500,30.12
2010-05-12,30.00,30.00,30.00,30.00,1500,29.73
2010-05-11,30.00,30.00,30.00,30.00,300,29.73
2010-05-10,30.00,30.00,30.00,30.00,000,29.73
2010-05-07,30.00,30.00,30.00,30.00,500,29.73
2010-05-06,30.00,30.00,30.00,30.00,000,29.73
2010-05-05,30.00,30.00,30.00,30.00,000,29.73
2010-05-04,30.00,30.00,30.00,30.00,000,29.73
2010-05-03,30.00,30.00,30.00,30.00,200,29.73
2010-04-30,30.00,30.01,30.00,30.01,1400,29.74
2010-04-29,30.00,30.00,30.00,30.00,27900,29.73
2010-04-28,30.00,30.00,30.00,30.00,000,29.73
2010-04-27,30.00,30.00,30.00,30.00,500,29.73
2010-04-26,30.01,30.01,30.01,30.01,000,29.74
2010-04-23,30.01,30.01,30.01,30.01,300,29.74
2010-04-22,30.01,30.01,30.01,30.01,1800,29.74
2010-04-21,30.00,30.00,30.00,30.00,000,29.73
2010-04-20,30.00,30.00,30.00,30.00,000,29.73
2010-04-19,30.00,30.00,30.00,30.00,000,29.73
2010-04-16,30.00,30.00,30.00,30.00,900,29.73
2010-04-15,30.00,30.00,30.00,30.00,000,29.73
2010-04-14,30.00,30.00,30.00,30.00,1500,29.73
2010-04-13,30.00,30.01,30.00,30.01,2500,29.74
2010-04-12,30.00,30.00,30.00,30.00,900,29.73
2010-04-09,30.00,30.00,30.00,30.00,000,29.73
2010-04-08,30.00,30.00,30.00,30.00,1000,29.73
2010-04-07,30.00,30.00,30.00,30.00,100,29.73
2010-04-06,30.00,30.01,30.00,30.01,6700,29.74
2010-04-05,30.00,30.00,30.00,30.00,2500,29.73
2010-04-01,30.02,30.02,30.02,30.02,100,29.75
2010-03-31,30.00,30.02,30.00,30.02,35200,29.74
2010-03-30,30.01,30.01,30.01,30.01,000,29.73
2010-03-29,30.01,30.01,30.01,30.01,000,29.73
2010-03-26,30.00,30.01,30.00,30.01,400,29.73
2010-03-25,30.00,30.00,30.00,30.00,1300,29.72
2010-03-24,30.01,30.01,30.01,30.01,000,29.73
2010-03-23,30.01,30.01,30.01,30.01,000,29.73
2010-03-22,30.01,30.01,30.01,30.01,2300,29.73
2010-03-19,30.01,30.01,30.01,30.01,300,29.73
2010-03-18,30.00,30.00,30.00,30.00,5500,29.72
2010-03-17,30.01,30.01,30.01,30.01,000,29.73
2010-03-16,30.01,30.01,30.01,30.01,1000,29.73
2010-03-15,30.00,30.00,30.00,30.00,600,29.72
2010-03-12,30.01,30.01,30.01,30.01,400,29.73
2010-03-11,30.00,30.00,30.00,30.00,400,29.72
2010-03-10,30.00,30.00,30.00,30.00,200,29.72
2010-03-09,30.01,30.01,30.01,30.01,600,29.73
2010-03-08,30.00,30.00,30.00,30.00,300,29.72
2010-03-05,30.00,30.00,30.00,30.00,000,29.72
2010-03-04,30.00,30.00,30.00,30.00,200,29.72
2010-03-03,30.01,30.01,30.01,30.01,000,29.73
2010-03-02,30.01,30.01,30.01,30.01,3500,29.73
2010-03-01,30.01,30.01,30.00,30.00,2800,29.72
2010-02-26,30.01,30.01,30.01,30.01,2600,29.73
2010-02-25,30.00,30.00,30.00,30.00,1000,29.72
2010-02-24,30.00,30.00,30.00,30.00,000,29.72
2010-02-23,30.00,30.00,30.00,30.00,180000,29.72
2010-02-22,30.00,30.00,30.00,30.00,000,29.72
2010-02-19,30.00,30.00,30.00,30.00,000,29.72
2010-02-18,30.00,30.00,30.00,30.00,000,29.72
2010-02-17,30.00,30.00,30.00,30.00,000,29.72
2010-02-16,30.00,30.00,30.00,30.00,000,29.72
2010-02-12,30.00,30.00,30.00,30.00,13000,29.72
2010-02-11,30.00,30.00,30.00,30.00,000,29.72
2010-02-10,30.00,30.00,30.00,30.00,1500,29.72
2010-02-09,30.00,30.00,30.00,30.00,35700,29.72
2010-02-08,30.01,30.01,30.01,30.01,400,29.73
2010-02-05,30.00,30.00,30.00,30.00,1700,29.72
2010-02-04,30.01,30.01,30.01,30.01,000,29.73
2010-02-03,30.01,30.01,30.01,30.01,000,29.73
2010-02-02,30.01,30.01,30.01,30.01,1700,29.73
2010-02-01,30.00,30.00,30.00,30.00,300,29.72
2010-01-29,30.00,30.02,30.00,30.02,6100,29.74
2010-01-28,30.02,30.02,30.02,30.02,000,29.74
2010-01-27,30.02,30.02,30.02,30.02,000,29.74
2010-01-26,30.02,30.02,30.02,30.02,1000,29.74
2010-01-25,30.00,30.00,30.00,30.00,101000,29.72
2010-01-22,30.02,30.02,30.02,30.02,2800,29.74
2010-01-21,30.00,30.00,30.00,30.00,5200,29.72
2010-01-20,30.00,30.02,30.00,30.02,2500,29.74
2010-01-19,30.01,30.01,30.01,30.01,000,29.73
2010-01-15,30.01,30.01,30.01,30.01,000,29.73
2010-01-14,30.00,30.02,30.00,30.01,400,29.73
2010-01-13,30.01,30.01,30.01,30.01,000,29.73
2010-01-12,30.01,30.02,30.01,30.01,6700,29.73
2010-01-11,30.01,30.02,30.01,30.02,500,29.74
2010-01-08,30.01,30.02,30.01,30.02,500,29.74
2010-01-07,30.02,30.02,30.02,30.02,000,29.74
2010-01-06,30.02,30.02,30.02,30.02,4000,29.74
2010-01-05,30.01,30.01,30.01,30.01,2000,29.73
2010-01-04,30.02,30.02,30.02,30.02,000,29.74
2009-12-31,30.02,30.02,30.02,30.02,500,29.74
2009-12-30,30.01,30.01,30.01,30.01,4400,29.73
2009-12-29,30.02,30.02,30.01,30.01,2900,29.73
2009-12-28,30.02,30.02,30.02,30.02,1200,29.73
2009-12-24,30.01,30.01,30.01,30.01,000,29.72
2009-12-23,30.01,30.01,30.01,30.01,3000,29.72
2009-12-22,30.01,30.01,30.01,30.01,1300,29.72
2009-12-21,30.02,30.02,30.02,30.02,000,29.73
2009-12-18,30.02,30.02,30.02,30.02,000,29.73
2009-12-17,30.01,30.02,30.01,30.02,800,29.73
2009-12-16,30.01,30.01,30.01,30.01,1000,29.72
2009-12-15,30.02,30.02,30.02,30.02,000,29.73
2009-12-14,30.02,30.02,30.02,30.02,000,29.73
2009-12-11,30.02,30.02,30.02,30.02,000,29.73
2009-12-10,30.02,30.02,30.02,30.02,5000,29.73
2009-12-09,30.01,30.02,30.01,30.02,1200,29.73
2009-12-08,30.02,30.02,30.02,30.02,000,29.73
2009-12-07,30.02,30.02,30.02,30.02,1700,29.73
2009-12-04,30.02,30.02,30.02,30.02,000,29.73
2009-12-03,30.02,30.02,30.02,30.02,5500,29.73
2009-12-02,30.02,30.02,30.02,30.02,2000,29.73
2009-12-01,30.01,30.01,30.01,30.01,000,29.72
2009-11-30,30.01,30.01,30.01,30.01,000,29.72
2009-11-27,30.01,30.01,30.01,30.01,000,29.72
2009-11-25,30.01,30.01,30.01,30.01,300,29.72
2009-11-24,30.02,30.02,30.02,30.02,100,29.73
2009-11-23,30.02,30.02,30.02,30.02,700,29.73
2009-11-20,30.02,30.02,30.02,30.02,200,29.73
2009-11-19,30.02,30.02,30.02,30.02,12300,29.73
2009-11-18,30.02,30.02,30.01,30.02,5500,29.73
2009-11-17,30.02,30.02,30.02,30.02,6200,29.73
2009-11-16,30.02,30.02,30.02,30.02,1800,29.73
2009-11-13,30.02,30.02,30.02,30.02,5000,29.73
2009-11-12,30.02,30.02,30.02,30.02,000,29.73
2009-11-11,30.02,30.02,30.02,30.02,400,29.73
2009-11-10,30.02,30.02,30.02,30.02,000,29.73
2009-11-09,30.02,30.02,30.02,30.02,3100,29.73
2009-11-06,30.02,30.02,30.02,30.02,500,29.73
2009-11-05,30.02,30.02,30.02,30.02,26500,29.73
2009-11-04,30.02,30.02,30.02,30.02,2300,29.73
2009-11-03,30.02,30.02,30.02,30.02,000,29.73
2009-11-02,30.01,30.02,30.01,30.02,12200,29.73
2009-10-30,30.02,30.02,30.02,30.02,5000,29.72
2009-10-29,30.02,30.02,30.02,30.02,000,29.72
2009-10-28,30.02,30.02,30.02,30.02,300,29.72
2009-10-27,30.02,30.02,30.02,30.02,6000,29.72
2009-10-26,30.02,30.02,30.02,30.02,000,29.72
2009-10-23,30.02,30.02,30.02,30.02,4900,29.72
2009-10-22,30.01,30.02,30.01,30.02,27500,29.72
2009-10-21,30.02,30.02,30.02,30.02,3300,29.72
2009-10-20,30.02,30.02,30.02,30.02,7200,29.72
2009-10-19,30.02,30.02,30.02,30.02,2900,29.72
2009-10-16,30.02,30.02,30.02,30.02,000,29.72
2009-10-15,30.02,30.02,30.02,30.02,400,29.72
2009-10-14,30.02,30.02,30.01,30.01,2700,29.71
2009-10-13,30.02,30.02,30.02,30.02,7000,29.72
2009-10-12,30.02,30.02,30.01,30.02,90100,29.72
2009-10-09,30.02,30.02,30.02,30.02,1200,29.72
2009-10-08,30.02,30.02,30.02,30.02,2400,29.72
2009-10-07,30.02,30.02,30.02,30.02,4100,29.72
2009-10-06,30.02,30.02,30.02,30.02,6000,29.72
2009-10-05,30.02,30.02,30.02,30.02,000,29.72
2009-10-02,30.02,30.02,30.02,30.02,000,29.72
2009-10-01,30.02,30.02,30.02,30.02,000,29.72
2009-09-30,30.02,30.02,30.02,30.02,000,29.72
2009-09-29,30.02,30.04,30.02,30.02,000,29.72
2009-09-28,30.04,30.04,30.02,30.02,000,29.72
2009-09-25,30.03,30.05,30.02,30.05,000,29.75
2009-09-24,30.03,30.03,29.96,30.01,000,29.71