2011-05-10,51.66,51.83,51.60,51.78,112800,51.78
2011-05-09,51.22,51.79,51.22,51.79,26000,51.79
2011-05-06,51.36,52.67,51.10,51.37,56700,51.37
2011-05-05,52.33,52.33,51.38,51.42,26800,51.42
2011-05-04,52.84,53.06,52.45,52.58,19000,52.58
2011-05-03,53.44,53.44,52.60,52.68,33000,52.68
2011-05-02,53.04,53.30,52.94,52.94,81000,52.94
2011-04-29,53.24,53.47,53.11,53.26,48000,53.26
2011-04-28,52.97,53.23,52.95,53.19,48800,53.19
2011-04-27,52.76,52.96,52.64,52.95,27000,52.95
2011-04-26,52.55,52.56,52.42,52.46,25900,52.46
2011-04-25,52.74,52.74,52.46,52.55,25900,52.55
2011-04-21,52.70,52.71,52.61,52.70,26200,52.70
2011-04-20,52.52,52.72,52.42,52.69,13200,52.69
2011-04-19,52.20,52.39,52.13,52.38,15500,52.38
2011-04-18,52.49,53.31,52.09,52.30,62100,52.30
2011-04-15,52.55,52.66,52.53,52.64,24600,52.64
2011-04-14,52.39,52.63,52.39,52.63,30000,52.63
2011-04-13,52.34,52.44,52.26,52.41,24900,52.41
2011-04-12,52.32,52.32,52.06,52.20,19500,52.20
2011-04-11,52.53,52.56,52.24,52.35,27500,52.35
2011-04-08,52.53,52.81,52.43,52.56,58100,52.56
2011-04-07,52.26,52.35,52.22,52.34,23200,52.34
2011-04-06,52.39,52.39,52.24,52.33,47800,52.33
2011-04-05,52.11,52.28,52.06,52.25,24300,52.25
2011-04-04,52.07,52.57,51.94,52.07,27300,52.07
2011-04-01,52.07,52.80,51.91,52.17,32800,52.17
2011-03-31,52.12,52.15,51.82,52.10,16000,52.10
2011-03-30,51.67,51.67,51.44,51.63,13900,51.63
2011-03-29,51.59,51.92,51.50,51.73,361100,51.73
2011-03-28,51.81,51.90,51.67,51.67,47500,51.67
2011-03-25,52.04,52.49,51.81,52.02,17800,52.02
2011-03-24,51.85,52.05,51.79,52.02,188500,52.02
2011-03-23,51.79,51.87,51.71,51.85,15500,51.85
2011-03-22,51.55,51.83,51.50,51.83,23100,51.83
2011-03-21,51.57,51.64,51.50,51.61,10700,51.61
2011-03-18,51.37,51.43,51.20,51.40,25400,51.40
2011-03-17,50.79,51.60,50.71,51.60,26900,51.60
2011-03-16,51.66,51.66,50.10,50.28,147200,50.28
2011-03-15,50.26,52.37,50.18,50.26,18900,50.26
2011-03-14,51.49,51.53,50.95,51.13,32400,51.13
2011-03-11,50.76,51.54,50.75,51.09,39100,51.09
2011-03-10,51.34,51.35,51.00,51.09,57300,51.09
2011-03-09,51.92,51.92,51.51,51.67,29800,51.67
2011-03-08,51.81,52.86,51.60,51.78,33900,51.78
2011-03-07,52.80,52.81,51.94,52.00,120000,52.00
2011-03-04,52.15,52.50,52.00,52.17,86600,52.17
2011-03-03,51.86,52.49,51.73,52.07,36300,52.07
2011-03-02,51.74,51.85,51.68,51.80,13000,51.80
2011-03-01,51.58,51.62,51.33,51.55,66500,51.55
2011-02-28,51.55,51.61,51.34,51.58,17600,51.58
2011-02-25,51.07,51.69,50.90,51.46,16000,51.46
2011-02-24,51.16,51.36,50.85,50.86,16500,50.86
2011-02-23,50.83,51.13,50.83,51.13,5200,51.13
2011-02-22,51.05,51.36,50.61,50.62,11900,50.62
2011-02-18,50.74,50.96,50.69,50.76,5900,50.76
2011-02-17,50.66,51.07,50.62,51.07,3300,51.07
2011-02-16,50.49,50.64,50.41,50.63,7100,50.63
2011-02-15,50.70,50.70,50.39,50.46,13600,50.46
2011-02-14,50.75,51.36,50.64,50.70,8300,50.70
2011-02-11,50.69,50.70,50.59,50.64,72300,50.64
2011-02-10,50.88,50.97,50.80,50.81,5100,50.81
2011-02-09,51.15,51.56,50.85,51.48,21200,51.48
2011-02-08,50.58,50.92,50.58,50.84,23500,50.84
2011-02-07,50.78,50.87,50.61,50.68,8600,50.68
2011-02-04,50.94,50.94,50.67,50.82,6900,50.82
2011-02-03,51.07,51.07,50.86,50.95,7600,50.95
2011-02-02,50.97,51.45,50.87,51.10,15500,51.10
2011-02-01,50.81,51.66,50.37,50.91,122700,50.91
2011-01-31,50.26,51.43,50.26,50.57,12000,50.57
2011-01-28,50.97,50.97,50.12,50.24,9900,50.24
2011-01-27,50.11,50.11,49.88,49.90,13700,49.90
2011-01-26,49.89,50.25,49.89,50.20,5600,50.20
2011-01-25,49.96,49.96,49.75,49.80,9600,49.80
2011-01-24,50.31,50.33,50.18,50.20,8200,50.20
2011-01-21,50.36,50.40,50.20,50.30,8000,50.30
2011-01-20,50.10,50.32,49.97,50.28,22600,50.28
2011-01-19,50.68,50.68,50.30,50.39,52000,50.39
2011-01-18,50.50,50.80,50.34,50.46,32000,50.46
2011-01-14,50.10,50.35,50.09,50.35,9900,50.35
2011-01-13,50.58,50.58,50.11,50.12,45600,50.12
2011-01-12,50.40,50.84,50.40,50.58,10300,50.58
2011-01-11,50.18,50.28,50.12,50.23,24000,50.23
2011-01-10,49.97,50.06,49.93,50.04,22900,50.04
2011-01-07,49.93,50.10,49.75,49.88,73900,49.88
2011-01-06,50.42,54.05,49.95,49.95,101500,49.95
2011-01-05,49.87,50.45,49.85,50.29,19200,50.29