2011-05-10,61.80,62.53,61.66,62.21,24500,62.21
2011-05-09,60.64,61.60,60.30,61.60,34000,61.60
2011-05-06,58.33,60.05,57.69,58.62,41500,58.62
2011-05-05,61.13,61.44,57.23,57.51,148300,57.51
2011-05-04,65.55,65.81,62.95,63.24,139000,63.24
2011-05-03,68.45,69.00,65.12,66.11,202000,66.11
2011-05-02,69.93,72.25,68.17,68.49,129000,68.49
2011-04-29,73.33,73.71,72.61,73.00,32000,73.00
2011-04-28,72.92,74.00,71.56,72.96,44900,72.96
2011-04-27,69.99,72.37,68.80,72.37,54100,72.37
2011-04-26,69.80,69.80,68.58,68.82,62900,68.82
2011-04-25,72.52,72.52,69.85,71.16,40700,71.16
2011-04-21,69.98,70.84,69.59,70.84,33800,70.84
2011-04-20,68.72,69.37,68.32,69.19,61800,69.19
2011-04-19,66.89,67.59,66.44,67.54,23800,67.54
2011-04-18,66.89,67.24,65.85,67.05,46400,67.05
2011-04-15,66.39,66.83,66.11,66.77,18200,66.77
2011-04-14,64.58,66.11,64.58,66.11,38000,66.11
2011-04-13,64.44,64.63,63.80,64.29,13600,64.29
2011-04-12,64.47,64.54,63.44,63.67,28600,63.67
2011-04-11,65.53,65.59,63.72,64.07,36700,64.07
2011-04-08,64.55,65.22,64.35,65.15,10700,65.15
2011-04-07,63.51,63.86,63.48,63.54,87200,63.54
2011-04-06,63.97,64.13,63.43,63.70,23700,63.70
2011-04-05,62.39,63.41,62.39,63.37,26200,63.37
2011-04-04,62.50,62.56,62.31,62.55,12300,62.55
2011-04-01,61.10,61.62,60.74,61.52,18200,61.52
2011-03-31,61.62,61.77,61.30,61.48,32200,61.48
2011-03-30,61.15,61.19,60.40,61.07,21600,61.07
2011-03-29,60.26,60.89,60.17,60.42,4400,60.42
2011-03-28,59.80,60.57,59.77,60.41,9200,60.41
2011-03-25,61.00,61.18,60.25,60.68,20000,60.68
2011-03-24,61.23,61.77,60.29,60.53,48900,60.53
2011-03-23,59.74,60.90,59.74,60.87,38800,60.87
2011-03-22,59.12,59.67,59.06,59.64,31500,59.64
2011-03-21,59.08,59.53,59.02,59.50,15200,59.50
2011-03-18,57.88,58.13,57.88,58.10,5800,58.10
2011-03-17,56.69,57.37,56.69,56.90,10000,56.90
2011-03-16,57.48,57.87,56.30,56.69,25800,56.69
2011-03-15,56.45,57.13,56.30,57.06,51200,57.06
2011-03-14,59.61,59.70,59.06,59.29,16900,59.29
2011-03-11,57.85,59.90,57.76,59.66,17700,59.66
2011-03-10,59.19,59.19,58.28,58.86,43800,58.86
2011-03-09,60.64,60.65,59.82,60.33,16000,60.33
2011-03-08,60.28,60.38,59.78,60.31,20800,60.31
2011-03-07,61.11,61.35,60.23,60.58,26500,60.58
2011-03-04,59.46,60.39,59.46,60.39,16700,60.39
2011-03-03,59.33,59.51,58.80,58.95,23100,58.95
2011-03-02,59.83,60.04,59.34,59.68,19900,59.68
2011-03-01,59.14,59.62,59.02,59.59,20800,59.59
2011-02-28,57.81,58.38,57.74,58.27,36100,58.27
2011-02-25,57.00,57.70,56.73,57.70,17700,57.70
2011-02-24,56.84,57.34,55.70,55.92,240000,55.92
2011-02-23,57.39,58.18,57.26,57.39,36600,57.39
2011-02-22,58.19,58.29,56.98,57.34,74500,57.34
2011-02-18,56.92,58.12,56.92,57.67,28900,57.67
2011-02-17,55.79,56.94,55.79,56.91,20600,56.91
2011-02-16,55.79,55.91,55.19,55.67,14500,55.67
2011-02-15,55.86,55.97,55.61,55.71,18800,55.71
2011-02-14,55.18,55.59,55.18,55.59,12900,55.59
2011-02-11,54.89,55.09,54.18,54.46,10200,54.46
2011-02-10,54.76,55.25,54.70,54.97,14500,54.97
2011-02-09,55.70,55.73,55.13,55.32,24600,55.32
2011-02-08,54.73,55.57,54.73,55.55,46700,55.55
2011-02-07,54.20,54.35,54.04,54.28,5000,54.28
2011-02-04,54.03,54.53,53.68,53.97,18100,53.97
2011-02-03,53.09,53.88,52.72,53.88,15100,53.88
2011-02-02,53.16,53.42,52.97,53.19,6100,53.19
2011-02-01,53.02,53.40,52.49,53.40,17400,53.40
2011-01-31,52.09,52.87,52.03,52.44,11600,52.44
2011-01-28,51.02,52.51,51.00,52.38,27500,52.38
2011-01-27,52.19,52.27,51.04,51.14,19700,51.14
2011-01-26,50.95,52.11,50.90,52.11,23400,52.11
2011-01-25,51.07,51.11,50.72,50.91,57300,50.91
2011-01-24,51.96,52.24,51.45,51.60,17900,51.60
2011-01-21,51.83,52.39,51.76,52.30,8400,52.30
2011-01-20,52.39,52.44,51.80,52.12,29400,52.12
2011-01-19,54.49,54.51,53.43,53.57,20900,53.57
2011-01-18,53.42,53.74,53.37,53.60,93000,53.60
2011-01-14,53.09,53.22,52.50,52.90,20300,52.90
2011-01-13,54.48,54.48,52.98,53.18,44200,53.18
2011-01-12,54.02,54.16,53.75,54.15,24000,54.15
2011-01-11,53.28,53.54,53.00,53.45,15200,53.45
2011-01-10,52.46,52.64,52.11,52.48,23200,52.48
2011-01-07,52.23,52.79,51.88,52.08,32400,52.08
2011-01-06,52.76,52.77,52.18,52.45,13400,52.45
2011-01-05,52.35,52.95,51.76,52.77,67700,52.77
2011-01-04,54.18,54.24,52.87,53.51,57000,53.51
2011-01-03,55.28,55.45,54.66,54.74,117000,54.74
2010-12-31,54.51,55.08,54.49,54.99,29000,54.99
2010-12-30,54.65,54.75,54.03,54.25,57100,54.25
2010-12-29,54.38,54.64,54.27,54.51,28200,54.51
2010-12-28,53.47,54.17,53.40,54.13,25500,54.13
2010-12-27,52.62,52.82,52.54,52.82,5700,52.82
2010-12-23,52.26,52.58,52.10,52.46,7300,52.46
2010-12-22,52.69,52.75,52.51,52.51,11900,52.51
2010-12-21,52.39,52.63,52.13,52.54,11200,52.54
2010-12-20,52.24,52.45,51.70,52.44,8200,52.44
2010-12-17,51.82,52.22,51.59,52.18,11700,52.18
2010-12-16,51.84,51.89,51.20,51.89,31500,51.89
2010-12-15,52.17,52.55,51.70,51.70,26500,51.70
2010-12-14,52.41,53.10,52.21,52.69,29800,52.69
2010-12-13,52.75,52.83,52.30,52.55,50000,52.55
2010-12-10,51.14,51.41,50.54,51.40,19200,51.40
2010-12-09,51.62,51.87,51.21,51.39,38900,51.39
2010-12-08,51.71,51.92,50.56,51.07,43500,51.07
2010-12-07,54.18,54.18,51.50,51.56,133100,51.56
2010-12-06,53.40,53.61,52.77,53.54,135900,53.54
2010-12-03,52.53,52.91,52.39,52.75,194400,52.75