2011-05-10,56.94,56.94,56.27,56.70,2500,56.70
2011-05-09,56.35,56.35,56.35,56.35,600,56.35
2011-05-06,55.90,56.10,55.80,55.91,7700,55.91
2011-05-05,55.70,55.90,55.36,55.36,500,55.36
2011-05-04,56.54,56.54,55.59,55.62,8900,55.62
2011-05-03,56.35,56.35,56.16,56.16,1700,56.16
2011-05-02,56.87,56.89,56.72,56.72,1200,56.72
2011-04-29,56.56,56.56,56.51,56.51,1300,56.51
2011-04-28,56.08,56.21,56.08,56.21,1100,56.21
2011-04-27,55.16,55.29,55.16,55.21,30800,55.21
2011-04-26,54.83,55.30,54.83,55.21,129800,55.21
2011-04-25,54.74,54.74,54.74,54.74,200,54.74
2011-04-21,55.05,55.05,54.95,54.95,700,54.95
2011-04-20,54.54,54.54,54.29,54.45,700,54.45
2011-04-19,53.67,53.67,53.67,53.67,200,53.67
2011-04-18,53.96,53.96,53.76,53.76,900,53.76
2011-04-15,53.74,53.74,53.74,53.74,000,53.74
2011-04-14,53.75,53.75,53.74,53.74,700,53.74
2011-04-13,54.00,54.00,53.57,53.57,1500,53.57
2011-04-12,53.37,53.44,53.35,53.44,1200,53.44
2011-04-11,53.60,53.75,53.60,53.65,1100,53.65
2011-04-08,53.99,53.99,53.17,53.17,1100,53.17
2011-04-07,53.40,53.70,53.37,53.48,4100,53.48
2011-04-06,53.53,53.53,53.24,53.35,6300,53.35
2011-04-05,53.35,53.35,52.86,52.91,5800,52.91
2011-04-04,53.35,53.35,53.05,53.10,1200,53.10
2011-04-01,53.19,53.19,52.78,52.87,6200,52.87
2011-03-31,52.57,52.57,52.34,52.50,15300,52.50
2011-03-30,52.81,52.81,52.23,52.29,3500,52.29
2011-03-29,51.95,52.08,51.57,52.08,3000,52.08
2011-03-28,52.20,52.20,51.68,51.68,9700,51.68
2011-03-25,52.00,52.10,51.63,51.76,9800,51.76
2011-03-24,51.59,51.59,51.22,51.37,3900,51.37
2011-03-23,50.95,51.24,50.95,51.24,2600,51.24
2011-03-22,51.61,51.70,51.43,51.46,10600,51.46
2011-03-21,51.64,51.64,51.41,51.43,2900,51.43
2011-03-18,50.67,50.67,50.33,50.33,3400,50.33
2011-03-17,50.79,50.79,50.13,50.15,4700,50.14
2011-03-16,50.61,50.61,49.86,49.86,4700,49.85
2011-03-15,50.00,50.50,49.74,50.50,1700,50.49
2011-03-14,50.85,50.88,50.85,50.88,1300,50.87
2011-03-11,51.40,51.55,51.14,51.55,8100,51.54
2011-03-10,52.70,52.70,51.60,51.67,4800,51.66
2011-03-09,52.26,52.86,52.26,52.70,2900,52.69
2011-03-08,52.59,52.81,52.59,52.67,2500,52.66
2011-03-07,52.65,52.65,51.74,52.15,3200,52.14
2011-03-04,52.34,52.38,52.18,52.38,4900,52.37
2011-03-03,52.51,52.61,52.51,52.61,1600,52.60
2011-03-02,51.56,51.56,51.10,51.33,2600,51.32
2011-03-01,51.40,51.60,51.03,51.14,3100,51.13
2011-02-28,51.80,51.80,51.28,51.31,6600,51.30
2011-02-25,51.39,51.39,51.35,51.38,13900,51.37
2011-02-24,50.50,50.61,50.30,50.57,27500,50.56
2011-02-23,51.18,51.18,51.18,51.18,200,51.17
2011-02-22,51.70,51.92,51.52,51.53,2000,51.52
2011-02-18,53.03,53.03,52.82,52.82,1000,52.81
2011-02-17,52.70,52.72,52.25,52.71,3400,52.70
2011-02-16,52.10,52.40,52.10,52.38,22000,52.37
2011-02-15,51.96,52.00,51.89,51.94,4300,51.93
2011-02-14,51.89,51.89,51.82,51.86,6100,51.85
2011-02-11,51.08,51.80,51.07,51.80,18200,51.79
2011-02-10,51.14,51.38,51.01,51.33,20000,51.32
2011-02-09,51.16,52.14,50.98,51.21,45500,51.20
2011-02-08,50.81,50.81,50.81,50.81,000,50.80
2011-02-07,50.81,50.81,50.81,50.81,200,50.80
2011-02-04,50.63,50.68,50.44,50.62,11100,50.61
2011-02-03,49.92,50.41,49.92,50.41,2200,50.40
2011-02-02,50.13,50.13,50.13,50.13,100,50.12
2011-02-01,50.05,50.26,50.05,50.26,400,50.25
2011-01-31,49.35,49.70,49.35,49.70,200,49.69
2011-01-28,50.38,50.38,50.38,50.38,000,50.37
2011-01-27,50.54,50.59,50.38,50.38,15800,50.37