2011-05-10,27.17,27.33,27.13,27.33,1800,27.33
2011-05-09,26.85,27.07,26.85,27.07,1500,27.07
2011-05-06,26.89,26.89,26.81,26.81,400,26.81
2011-05-05,26.64,26.82,26.61,26.61,3400,26.61
2011-05-04,26.97,27.03,26.54,26.73,4800,26.73
2011-05-03,27.20,27.20,26.84,26.89,1000,26.89
2011-05-02,27.50,27.50,27.31,27.34,2400,27.34
2011-04-29,27.33,27.47,27.33,27.42,1500,27.42
2011-04-28,27.26,27.37,27.19,27.29,2300,27.29
2011-04-27,26.90,27.26,26.90,27.25,2500,27.25
2011-04-26,27.17,27.18,27.13,27.14,1200,27.14
2011-04-25,27.02,27.02,26.86,26.94,3000,26.94
2011-04-21,26.78,26.90,26.78,26.90,600,26.90
2011-04-20,26.59,26.63,26.56,26.63,800,26.63
2011-04-19,25.88,25.88,25.88,25.88,100,25.88
2011-04-18,25.60,25.74,25.60,25.73,2000,25.73
2011-04-15,25.98,26.22,25.51,26.21,6900,26.21
2011-04-14,25.89,25.89,25.88,25.88,1400,25.88
2011-04-13,26.08,26.08,26.08,26.08,200,26.08
2011-04-12,25.92,25.93,25.69,25.88,11300,25.88
2011-04-11,26.34,26.34,26.05,26.14,7300,26.14
2011-04-08,26.49,26.55,26.47,26.55,1500,26.55
2011-04-07,26.54,26.56,26.34,26.45,26000,26.45
2011-04-06,26.75,26.75,26.57,26.60,1000,26.60
2011-04-05,26.66,26.80,26.66,26.76,10600,26.76
2011-04-04,26.67,26.67,26.61,26.65,4100,26.65
2011-04-01,26.78,26.85,26.62,26.62,2300,26.62
2011-03-31,26.53,26.61,26.52,26.57,4000,26.57
2011-03-30,26.47,26.62,26.46,26.62,3400,26.62
2011-03-29,26.26,26.31,26.26,26.31,5800,26.31
2011-03-28,26.20,26.20,26.08,26.08,5600,26.08
2011-03-25,26.10,26.38,26.10,26.23,9000,26.23
2011-03-24,25.61,26.00,25.61,26.00,2500,26.00
2011-03-23,25.30,25.53,25.14,25.53,4200,25.53
2011-03-22,25.54,25.54,25.30,25.30,2800,25.30
2011-03-21,25.38,25.59,25.38,25.58,8900,25.58
2011-03-18,25.19,25.19,25.00,25.00,1500,25.00
2011-03-17,25.25,25.37,25.06,25.06,11800,25.06
2011-03-16,25.09,25.11,25.09,25.10,13900,25.10
2011-03-15,24.70,25.36,24.52,25.36,7300,25.36
2011-03-14,25.65,25.65,25.29,25.48,2600,25.48
2011-03-11,25.33,25.64,25.23,25.64,3200,25.64
2011-03-10,25.64,25.64,25.44,25.53,2000,25.53
2011-03-09,25.84,25.89,25.78,25.87,10400,25.87
2011-03-08,25.70,26.04,25.58,26.00,3700,26.00
2011-03-07,26.02,26.15,25.53,25.77,6200,25.77
2011-03-04,26.10,26.13,26.10,26.13,1200,26.13
2011-03-03,25.91,26.18,25.91,26.16,2600,26.16
2011-03-02,25.35,25.75,25.35,25.55,11300,25.55
2011-03-01,26.03,26.03,25.57,25.57,4600,25.57
2011-02-28,26.05,26.05,25.82,25.88,3000,25.88
2011-02-25,25.69,25.87,25.69,25.87,1000,25.87
2011-02-24,25.47,25.49,25.10,25.49,4900,25.49
2011-02-23,25.70,25.73,24.86,25.32,29800,25.32
2011-02-22,26.34,26.35,25.73,25.76,40400,25.76
2011-02-18,26.72,26.76,26.70,26.72,3200,26.72
2011-02-17,26.64,26.74,26.62,26.74,5100,26.74
2011-02-16,26.70,26.79,26.70,26.77,50800,26.77
2011-02-15,26.68,26.68,26.54,26.58,2700,26.58
2011-02-14,26.68,26.77,26.54,26.71,29300,26.71
2011-02-11,26.48,26.66,26.47,26.65,9900,26.65
2011-02-10,26.12,26.26,26.12,26.25,121800,26.25
2011-02-09,26.01,26.13,25.97,26.01,2300,26.01
2011-02-08,25.78,25.98,25.78,25.98,8900,25.98
2011-02-07,25.92,25.92,25.76,25.78,3000,25.78
2011-02-04,25.39,25.63,25.39,25.63,3800,25.63
2011-02-03,25.19,25.32,25.06,25.32,16300,25.32
2011-02-02,25.14,25.15,25.14,25.15,600,25.15
2011-02-01,24.98,25.29,24.88,25.28,10500,25.28
2011-01-31,24.88,24.88,24.78,24.78,2800,24.78
2011-01-28,25.28,25.28,24.64,24.66,7700,24.66
2011-01-27,25.36,25.38,25.15,25.37,2300,25.37
2011-01-26,24.88,25.12,24.87,25.12,4800,25.12
2011-01-25,24.84,24.84,24.60,24.80,2200,24.80
2011-01-24,24.83,24.99,24.69,24.96,4100,24.96
2011-01-21,25.07,25.10,24.85,24.85,12000,24.85
2011-01-20,25.15,25.15,24.84,24.87,4800,24.87
2011-01-19,25.78,25.78,25.78,25.78,000,25.78
2011-01-18,25.66,25.78,25.66,25.78,2800,25.78
2011-01-14,25.55,25.67,25.55,25.67,3200,25.67
2011-01-13,25.46,25.60,25.42,25.55,56700,25.55
2011-01-12,25.48,25.55,25.47,25.51,8300,25.51
2011-01-11,25.56,25.56,25.36,25.42,8000,25.42
2011-01-10,25.16,25.52,25.16,25.46,10100,25.46
2011-01-07,25.26,25.27,25.21,25.23,4300,25.23
2011-01-06,25.47,25.47,25.24,25.24,8500,25.24
2011-01-05,25.08,25.40,25.06,25.38,6400,25.38
2011-01-04,25.55,25.55,25.09,25.20,5300,25.20
2011-01-03,25.27,25.60,25.27,25.50,11000,25.50
2010-12-31,25.13,25.13,25.11,25.12,700,25.12
2010-12-30,25.14,25.24,25.14,25.24,6200,25.24
2010-12-29,25.15,25.23,25.15,25.19,2900,25.19
2010-12-28,25.12,25.13,25.03,25.08,4600,25.08
2010-12-27,25.01,25.01,24.90,24.99,1700,24.99
2010-12-23,25.21,25.25,25.16,25.20,9100,25.20
2010-12-22,25.22,25.35,25.22,25.22,9200,25.22
2010-12-21,25.09,25.29,25.09,25.29,27000,25.29
2010-12-20,25.07,25.10,24.95,25.06,4000,25.06
2010-12-17,24.95,24.95,24.93,24.93,2500,24.93
2010-12-16,24.68,24.90,24.68,24.90,2700,24.90
2010-12-15,24.94,24.96,24.67,24.75,3200,24.75
2010-12-14,25.00,25.03,24.83,24.83,1700,24.83
2010-12-13,25.24,25.24,25.17,25.17,1500,25.17
2010-12-10,25.07,25.20,25.01,25.20,6400,25.20
2010-12-09,25.00,25.03,24.97,24.97,12000,24.97
2010-12-08,25.04,25.09,24.90,24.97,9800,24.97
2010-12-07,25.15,25.21,25.05,25.05,99300,25.05
2010-12-06,25.06,25.07,24.93,25.01,150400,25.01
2010-12-03,24.88,25.00,24.85,25.00,2100,25.00
2010-12-02,24.72,24.92,24.72,24.92,2300,24.92
2010-12-01,24.47,24.47,24.47,24.47,300,24.47
2010-11-30,24.04,24.20,24.03,24.20,1700,24.20
2010-11-29,24.08,24.25,24.00,24.24,9900,24.24
2010-11-26,24.30,24.30,24.30,24.30,000,24.30
2010-11-24,24.20,24.32,24.20,24.30,1300,24.30
2010-11-23,23.93,23.93,23.88,23.90,1500,23.90
2010-11-22,23.95,24.10,23.91,24.09,1800,24.09
2010-11-19,23.75,23.75,23.69,23.69,1800,23.69
2010-11-18,23.69,23.81,23.69,23.71,2300,23.71
2010-11-17,23.44,23.50,23.44,23.45,4100,23.45
2010-11-16,23.61,23.61,23.22,23.22,11300,23.22
2010-11-15,23.86,23.95,23.75,23.75,3200,23.75
2010-11-12,23.91,23.92,23.83,23.83,700,23.83
2010-11-11,23.97,24.27,23.96,24.23,2300,24.23
2010-11-10,23.94,24.21,23.94,24.21,2300,24.21
2010-11-09,24.28,24.28,23.94,23.94,21900,23.94
2010-11-08,24.17,24.31,24.14,24.26,12200,24.26
2010-11-05,24.06,24.33,24.06,24.26,20600,24.26
2010-11-04,23.96,24.14,23.96,24.11,5000,24.11
2010-11-03,23.57,23.66,23.57,23.59,1600,23.59
2010-11-02,23.28,23.28,23.28,23.28,000,23.28
2010-11-01,23.38,23.50,23.28,23.28,800,23.28
2010-10-29,23.18,23.28,23.18,23.27,700,23.27
2010-10-28,23.37,23.50,23.11,23.11,2500,23.11
2010-10-27,23.02,23.10,23.02,23.10,400,23.10
2010-10-26,23.09,23.16,23.07,23.16,2300,23.16
2010-10-25,23.28,23.28,23.22,23.26,1200,23.26
2010-10-22,22.92,23.07,22.92,23.07,1500,23.07
2010-10-21,23.03,23.03,22.81,22.91,1300,22.91
2010-10-20,22.73,22.96,22.73,22.87,23300,22.87
2010-10-19,22.64,22.84,22.47,22.58,16300,22.58
2010-10-18,23.00,23.00,22.91,22.99,1700,22.99
2010-10-15,23.11,23.11,22.87,22.96,5500,22.96
2010-10-14,23.02,23.02,22.79,22.90,5500,22.90
2010-10-13,23.00,23.10,23.00,23.04,20300,23.04
2010-10-12,22.53,22.84,22.45,22.84,6900,22.84
2010-10-11,22.71,22.71,22.60,22.60,2800,22.60
2010-10-08,22.61,22.61,22.61,22.61,400,22.61
2010-10-07,22.40,22.40,22.40,22.40,2000,22.40
2010-10-06,22.64,22.65,22.41,22.41,700,22.41
2010-10-05,22.50,22.81,22.50,22.81,19300,22.81
2010-10-04,22.44,22.51,22.15,22.24,5300,22.24
2010-10-01,22.35,22.45,22.35,22.45,1200,22.45
2010-09-30,22.57,22.57,22.34,22.45,9100,22.45
2010-09-29,22.55,22.55,22.50,22.54,10600,22.54
2010-09-28,22.48,22.59,22.26,22.59,14700,22.59
2010-09-27,22.55,22.55,22.40,22.53,900,22.53
2010-09-24,22.28,22.55,22.28,22.54,2700,22.54
2010-09-23,21.94,22.30,21.94,22.06,11800,22.06
2010-09-22,22.17,22.17,22.06,22.15,8800,22.15
2010-09-21,22.44,22.44,22.25,22.32,5200,22.32
2010-09-20,22.18,22.45,22.13,22.44,23300,22.44
2010-09-17,22.02,22.08,21.98,22.06,5400,22.06
2010-09-16,22.06,22.06,22.06,22.06,000,22.06
2010-09-15,21.98,22.06,21.98,22.06,11600,22.06
2010-09-14,21.90,22.04,21.78,22.04,5800,22.04
2010-09-13,21.80,21.85,21.80,21.85,3000,21.85
2010-09-10,21.51,21.52,21.47,21.52,1200,21.52
2010-09-09,21.56,21.58,21.42,21.48,6000,21.48
2010-09-08,21.51,21.56,21.51,21.56,1800,21.56
2010-09-07,21.35,21.39,21.27,21.27,2200,21.27
2010-09-03,21.50,21.53,21.40,21.50,6900,21.50
2010-09-02,20.91,21.18,20.91,21.18,14000,21.18
2010-09-01,20.84,20.85,20.81,20.85,1000,20.85
2010-08-31,20.09,20.32,20.09,20.23,3300,20.23
2010-08-30,20.47,20.47,20.38,20.38,2100,20.38
2010-08-27,20.33,20.55,20.30,20.55,3700,20.55
2010-08-26,20.47,20.47,20.42,20.42,900,20.42
2010-08-25,20.13,20.45,20.01,20.45,12200,20.45
2010-08-24,20.30,20.42,20.23,20.28,9100,20.28
2010-08-23,20.86,20.86,20.69,20.69,2200,20.69
2010-08-20,20.70,20.84,20.64,20.84,3500,20.84
2010-08-19,20.88,20.88,20.63,20.63,500,20.63
2010-08-18,20.85,21.08,20.85,21.06,1800,21.06
2010-08-17,20.64,20.99,20.64,20.99,10200,20.99
2010-08-16,20.47,20.55,20.42,20.50,6200,20.50
2010-08-13,20.56,20.59,20.49,20.49,5300,20.49
2010-08-12,20.37,20.61,20.37,20.60,8200,20.60
2010-08-11,20.78,20.78,20.65,20.67,2400,20.67
2010-08-10,21.27,21.27,21.18,21.25,2600,21.25
2010-08-09,21.43,21.53,21.40,21.51,2700,21.51
2010-08-06,21.11,21.31,21.06,21.29,2300,21.29
2010-08-05,21.36,21.41,21.33,21.38,1700,21.38
2010-08-04,21.35,21.49,21.34,21.49,12600,21.49
2010-08-03,21.35,21.35,21.35,21.35,400,21.35
2010-08-02,21.23,21.43,21.17,21.41,3900,21.41
2010-07-30,20.61,21.04,20.61,21.04,5200,21.04
2010-07-29,21.11,21.21,20.69,20.85,3200,20.85
2010-07-28,21.16,21.16,20.95,20.95,300,20.95
2010-07-27,21.09,21.20,21.09,21.20,1700,21.20
2010-07-26,21.01,21.31,21.01,21.31,800,21.31
2010-07-23,20.68,20.92,20.68,20.92,700,20.92
2010-07-22,20.64,20.72,20.62,20.72,1200,20.72
2010-07-21,20.51,20.54,20.24,20.24,700,20.24
2010-07-20,20.01,20.50,19.96,20.50,4500,20.50
2010-07-19,20.16,20.20,20.16,20.20,1000,20.20
2010-07-16,20.50,20.50,20.30,20.30,9300,20.30
2010-07-15,20.72,20.77,20.66,20.77,500,20.77
2010-07-14,20.84,21.00,20.82,20.83,5700,20.83
2010-07-13,20.68,20.95,20.66,20.91,7800,20.91
2010-07-12,20.45,20.60,20.36,20.52,4500,20.52
2010-07-09,20.27,20.51,20.27,20.51,8700,20.51
2010-07-08,20.58,20.58,20.10,20.15,6400,20.15
2010-07-07,19.83,20.12,19.75,20.12,4400,20.12
2010-07-06,19.75,19.98,19.40,19.50,16200,19.50
2010-07-02,19.73,19.85,19.41,19.55,48300,19.55
2010-07-01,19.66,19.76,19.24,19.71,22000,19.71
2010-06-30,20.09,20.09,19.94,19.96,4600,19.96
2010-06-29,20.68,20.68,19.76,20.10,3600,20.10
2010-06-28,20.87,21.01,20.87,21.00,1600,21.00
2010-06-25,20.80,21.07,20.80,21.01,3100,21.01
2010-06-24,20.92,21.10,20.84,20.85,1100,20.85
2010-06-23,21.27,21.35,21.27,21.35,2200,21.35
2010-06-22,21.66,21.76,21.35,21.35,2400,21.35
2010-06-21,22.17,22.17,21.59,21.65,7800,21.65
2010-06-18,21.96,22.01,21.87,21.87,20800,21.87
2010-06-17,21.79,21.87,21.73,21.87,4500,21.87
2010-06-16,21.85,21.85,21.77,21.84,1600,21.84
2010-06-15,21.54,21.92,21.54,21.92,1500,21.92
2010-06-14,21.44,21.44,21.42,21.42,1000,21.42
2010-06-11,21.01,21.13,21.01,21.13,2000,21.13
2010-06-10,20.74,21.03,20.69,21.03,17300,21.03
2010-06-09,20.46,20.90,20.33,20.35,15800,20.35
2010-06-08,20.25,20.39,20.00,20.39,17100,20.39
2010-06-07,20.86,20.86,20.22,20.22,29400,20.22
2010-06-04,21.43,21.43,20.70,20.70,45300,20.70
2010-06-03,21.58,21.68,21.43,21.56,16700,21.56
2010-06-02,21.00,21.07,21.00,21.07,1200,21.07
2010-06-01,21.21,21.30,21.21,21.30,600,21.30
2010-05-28,21.46,21.46,21.19,21.40,7500,21.40
2010-05-27,21.06,21.66,21.06,21.65,6500,21.65
2010-05-26,20.85,21.19,20.70,20.70,3300,20.70
2010-05-25,20.13,20.28,19.97,20.28,2900,20.28
2010-05-24,20.91,21.00,20.86,20.93,3700,20.93
2010-05-21,20.65,20.99,20.65,20.92,7300,20.92
2010-05-20,20.85,20.90,20.38,20.72,10100,20.72
2010-05-19,21.40,21.55,21.27,21.39,6700,21.39
2010-05-18,22.18,22.25,21.39,21.39,3000,21.39
2010-05-17,21.87,22.00,21.65,22.00,1400,22.00
2010-05-14,22.40,22.40,21.83,21.89,7900,21.89
2010-05-13,23.07,23.07,22.68,22.68,10900,22.68
2010-05-12,22.50,22.97,22.50,22.97,4500,22.97
2010-05-11,22.21,22.69,22.21,22.45,4300,22.45
2010-05-10,22.29,22.45,22.23,22.45,9300,22.45
2010-05-07,21.46,21.78,20.94,21.14,22900,21.14
2010-05-06,22.60,22.60,13.46,21.67,34400,21.67
2010-05-05,22.31,22.68,22.24,22.51,7400,22.51
2010-05-04,23.00,23.00,22.67,22.74,4900,22.74
2010-05-03,23.01,23.50,23.01,23.46,11700,23.46
2010-04-30,23.35,23.40,22.98,22.98,3400,22.98
2010-04-29,23.35,23.60,23.33,23.57,4100,23.57
2010-04-28,23.22,23.26,23.06,23.17,8500,23.17
2010-04-27,23.73,23.73,23.12,23.12,6600,23.12
2010-04-26,23.91,24.08,23.91,24.00,6200,24.00
2010-04-23,23.78,23.79,23.74,23.77,4100,23.77
2010-04-22,23.19,23.75,23.19,23.75,5800,23.75
2010-04-21,23.25,23.33,23.23,23.33,3000,23.33
2010-04-20,22.95,23.22,22.95,23.19,4600,23.19
2010-04-19,22.93,22.93,22.59,22.85,2800,22.85
2010-04-16,23.28,23.28,22.82,22.96,8300,22.96
2010-04-15,23.29,23.41,23.22,23.41,1000,23.41
2010-04-14,23.02,23.35,23.02,23.35,4100,23.35
2010-04-13,22.90,22.92,22.79,22.92,2200,22.92
2010-04-12,22.80,22.98,22.80,22.89,12200,22.89
2010-04-09,22.62,22.81,22.62,22.79,3400,22.79
2010-04-08,22.58,22.63,22.58,22.63,2800,22.63
2010-04-07,22.67,22.67,22.47,22.47,2500,22.47
2010-04-06,22.49,22.66,22.49,22.65,5200,22.65
2010-04-05,22.29,22.57,22.29,22.57,5800,22.57
2010-04-01,22.36,22.39,22.23,22.23,3100,22.23
2010-03-31,22.21,22.24,22.12,22.15,1900,22.15
2010-03-30,22.27,22.29,22.16,22.27,3200,22.27
2010-03-29,22.18,22.21,22.17,22.18,2700,22.18
2010-03-26,22.18,22.18,21.96,22.05,3900,22.05
2010-03-25,22.36,22.38,22.04,22.04,4700,22.04
2010-03-24,22.23,22.23,22.10,22.13,1800,22.13
2010-03-23,22.10,22.22,22.10,22.22,1600,22.22
2010-03-22,21.64,22.09,21.64,22.07,2400,22.07
2010-03-19,22.03,22.03,21.77,21.77,3600,21.77
2010-03-18,22.01,22.01,21.88,22.00,2900,22.00
2010-03-17,21.91,22.08,21.91,22.08,2900,22.08
2010-03-16,21.71,21.91,21.69,21.88,9100,21.88
2010-03-15,21.66,21.66,21.48,21.55,4800,21.55
2010-03-12,21.79,21.79,21.65,21.71,4800,21.71
2010-03-11,21.55,21.72,21.52,21.72,14600,21.72
2010-03-10,21.46,21.73,21.46,21.62,3600,21.62
2010-03-09,21.55,21.61,21.43,21.48,12000,21.48
2010-03-08,21.50,21.52,21.48,21.48,5700,21.48
2010-03-05,21.26,21.49,21.26,21.48,4200,21.48
2010-03-04,21.12,21.14,21.00,21.06,2600,21.06
2010-03-03,21.13,21.21,21.02,21.06,9100,21.06
2010-03-02,21.07,21.16,21.04,21.04,12800,21.04
2010-03-01,20.52,20.52,20.52,20.52,000,20.52
2010-02-26,20.37,20.52,20.36,20.52,1300,20.52
2010-02-25,20.14,20.37,20.14,20.34,4200,20.34
2010-02-24,20.38,20.47,20.35,20.43,3300,20.43
2010-02-23,20.52,20.52,20.15,20.22,4300,20.22
2010-02-22,20.70,20.70,20.55,20.62,5200,20.62
2010-02-19,20.55,20.67,20.47,20.60,2000,20.60
2010-02-18,20.34,20.56,20.34,20.56,3600,20.56
2010-02-17,20.33,20.37,20.23,20.33,3700,20.33
2010-02-16,19.95,20.19,19.95,20.19,7000,20.19
2010-02-12,19.58,19.77,19.58,19.76,11600,19.76
2010-02-11,19.45,19.81,19.45,19.80,6100,19.80
2010-02-10,19.39,19.53,19.34,19.45,4500,19.45
2010-02-09,19.46,19.62,19.39,19.62,2800,19.62
2010-02-08,19.10,19.44,19.10,19.18,7200,19.18
2010-02-05,19.12,19.26,18.87,19.26,11000,19.26
2010-02-04,19.86,19.86,19.28,19.28,6700,19.28
2010-02-03,19.96,20.02,19.90,19.97,3000,19.97
2010-02-02,19.72,20.08,19.72,20.03,7300,20.03
2010-02-01,19.51,19.72,18.83,19.72,18400,19.72
2010-01-29,19.94,19.94,19.41,19.41,5200,19.41
2010-01-28,20.15,20.15,19.64,19.83,3400,19.83
2010-01-27,20.01,20.10,19.85,20.10,4500,20.10
2010-01-26,20.00,20.23,19.90,20.10,6400,20.10
2010-01-25,20.17,20.17,20.07,20.10,7000,20.10
2010-01-22,20.48,20.49,19.97,19.97,4500,19.97
2010-01-21,20.96,20.96,20.56,20.56,10200,20.56
2010-01-20,20.82,20.85,20.75,20.85,3800,20.85
2010-01-19,20.90,21.14,20.90,21.14,8100,21.14
2010-01-15,21.18,21.18,20.82,20.89,1700,20.89
2010-01-14,21.23,21.23,21.18,21.22,1500,21.22
2010-01-13,21.07,21.22,21.07,21.22,1200,21.22
2010-01-12,21.25,21.25,20.98,20.98,2800,20.98
2010-01-11,21.42,21.42,21.30,21.39,3900,21.39
2010-01-08,21.12,21.36,21.12,21.36,2500,21.36
2010-01-07,21.23,21.25,21.15,21.19,4400,21.19
2010-01-06,21.16,21.27,21.16,21.23,12500,21.23
2010-01-05,21.11,21.24,21.11,21.14,1400,21.14
2010-01-04,21.00,21.17,21.00,21.14,2700,21.14
2009-12-31,21.10,21.10,20.92,20.92,2700,20.92
2009-12-30,21.05,21.08,21.03,21.08,2500,21.08
2009-12-29,21.10,21.10,21.02,21.05,7000,21.05
2009-12-28,21.22,21.22,21.06,21.10,6800,21.10
2009-12-24,21.08,21.09,21.06,21.08,3600,21.08
2009-12-23,21.04,21.17,21.04,21.17,4500,21.00
2009-12-22,21.00,21.00,20.93,20.99,1100,20.82
2009-12-21,20.59,20.83,20.59,20.82,3300,20.65
2009-12-18,20.45,20.45,20.45,20.45,300,20.28
2009-12-17,20.52,20.52,20.40,20.40,500,20.24
2009-12-16,20.62,20.74,20.59,20.61,3000,20.44
2009-12-15,20.62,20.62,20.50,20.53,8500,20.36
2009-12-14,20.46,20.67,20.46,20.67,1500,20.50
2009-12-11,20.44,20.44,20.30,20.39,6000,20.23
2009-12-10,20.37,20.37,20.33,20.33,1600,20.17
2009-12-09,20.00,20.15,19.99,20.15,3100,19.99
2009-12-08,20.12,20.21,20.12,20.12,600,19.96
2009-12-07,20.33,20.33,20.33,20.33,1200,20.17
2009-12-04,20.36,20.36,20.23,20.34,1300,20.18
2009-12-03,20.40,20.40,20.13,20.14,4500,19.98
2009-12-02,20.02,20.23,20.02,20.21,3300,20.05
2009-12-01,19.71,20.10,19.71,20.03,3600,19.87
2009-11-30,19.63,19.63,19.53,19.57,1800,19.41
2009-11-27,19.64,19.85,18.50,19.78,9300,19.62
2009-11-25,19.97,20.08,19.93,20.08,500,19.92
2009-11-24,19.89,19.93,19.78,19.86,7400,19.70
2009-11-23,20.00,20.04,19.83,19.87,7700,19.71
2009-11-20,19.65,19.67,19.57,19.66,3900,19.50
2009-11-19,19.70,19.76,19.68,19.76,4700,19.60
2009-11-18,20.17,20.17,20.10,20.15,1800,19.99
2009-11-17,20.24,20.28,20.11,20.28,1800,20.12
2009-11-16,20.33,20.43,20.31,20.36,9100,20.20
2009-11-13,19.91,20.10,19.91,20.09,2300,19.93
2009-11-12,20.03,20.11,19.85,19.85,4700,19.69
2009-11-11,20.10,20.23,20.02,20.05,2300,19.89
2009-11-10,19.95,20.00,19.88,19.97,4800,19.81
2009-11-09,19.78,19.90,19.78,19.90,2100,19.74
2009-11-06,19.35,19.48,19.32,19.48,3500,19.32
2009-11-05,19.08,19.39,19.08,19.39,5700,19.23
2009-11-04,19.09,19.23,18.96,18.96,8800,18.81
2009-11-03,18.81,18.96,18.81,18.96,10300,18.81
2009-11-02,18.79,19.00,18.59,18.78,3800,18.63
2009-10-30,19.11,19.14,18.70,18.70,4700,18.55
2009-10-29,19.10,19.26,19.10,19.25,9400,19.09
2009-10-28,19.03,19.03,18.73,18.73,20500,18.58
2009-10-27,19.50,19.64,19.41,19.41,1600,19.25
2009-10-26,19.98,19.98,19.71,19.75,4300,19.59
2009-10-23,19.81,19.83,19.80,19.80,1400,19.64
2009-10-22,19.71,19.94,19.71,19.94,1400,19.78
2009-10-21,20.00,20.10,19.71,19.71,6000,19.55
2009-10-20,20.03,20.03,19.90,19.92,1700,19.76
2009-10-19,19.93,20.13,19.93,20.11,2300,19.95
2009-10-16,19.90,19.90,19.71,19.83,7900,19.67
2009-10-15,20.11,20.11,19.97,19.97,1600,19.81
2009-10-14,20.01,20.21,20.01,20.20,13500,20.04
2009-10-13,19.75,19.87,19.75,19.82,2700,19.66
2009-10-12,19.78,19.90,19.77,19.82,3100,19.66
2009-10-09,19.52,19.71,19.48,19.71,4500,19.55
2009-10-08,19.52,19.62,19.51,19.59,4000,19.43
2009-10-07,19.39,19.40,19.29,19.39,5900,19.23
2009-10-06,19.09,19.36,19.09,19.32,2500,19.16
2009-10-05,18.84,19.00,18.83,18.99,7300,18.84
2009-10-02,18.53,18.68,18.53,18.59,36600,18.44
2009-10-01,18.98,18.98,18.67,18.67,15200,18.52
2009-09-30,18.81,19.12,18.81,19.06,3300,18.91
2009-09-29,18.97,19.11,18.97,19.04,3000,18.89
2009-09-28,18.72,19.05,18.72,19.00,46500,18.85
2009-09-25,18.79,18.80,18.69,18.75,3700,18.60
2009-09-24,19.03,19.03,18.81,18.84,8600,18.69
2009-09-23,19.19,19.25,19.00,19.00,2300,18.85
2009-09-22,19.23,19.23,19.12,19.21,12000,19.05
2009-09-21,19.07,19.17,19.07,19.16,5900,19.01
2009-09-18,19.10,19.18,19.06,19.15,7700,19.00
2009-09-17,19.00,19.13,18.99,19.05,20800,18.90
2009-09-16,18.84,19.06,18.84,19.06,2300,18.91
2009-09-15,18.80,18.82,18.73,18.81,12300,18.66
2009-09-14,18.71,18.82,18.63,18.82,10500,18.67
2009-09-11,18.74,18.74,18.71,18.72,2900,18.57
2009-09-10,18.59,18.73,18.59,18.73,4400,18.58
2009-09-09,18.44,18.61,18.44,18.56,1900,18.41
2009-09-08,18.43,18.46,18.39,18.46,12700,18.31
2009-09-04,18.18,18.38,18.18,18.38,7100,18.23
2009-09-03,18.04,18.18,18.04,18.18,12900,18.03
2009-09-02,17.97,18.11,17.97,18.04,9300,17.89
2009-09-01,18.14,18.14,18.14,18.14,700,17.99
2009-08-31,18.31,18.35,18.29,18.35,2200,18.20
2009-08-28,18.52,18.52,18.37,18.44,2500,18.29
2009-08-27,18.46,18.48,18.35,18.48,1100,18.33
2009-08-26,18.58,18.59,18.47,18.48,2100,18.33
2009-08-25,18.40,18.56,18.40,18.46,7800,18.31
2009-08-24,18.50,18.50,18.32,18.32,2400,18.17
2009-08-21,18.38,18.44,18.38,18.42,4900,18.27
2009-08-20,18.11,18.13,18.09,18.13,2700,17.98
2009-08-19,17.75,18.01,17.75,17.98,3000,17.83
2009-08-18,17.71,17.87,17.71,17.85,3400,17.71
2009-08-17,17.80,17.80,17.70,17.75,4300,17.61
2009-08-14,17.95,18.04,17.91,18.04,6600,17.89
2009-08-13,18.19,18.19,18.04,18.17,15000,18.02
2009-08-12,18.03,18.15,18.03,18.11,8200,17.96
2009-08-11,18.03,18.04,17.96,17.99,8800,17.84
2009-08-10,18.09,18.13,18.05,18.10,2700,17.95
2009-08-07,18.01,18.25,17.99,18.16,12200,18.01
2009-08-06,18.04,18.04,17.90,17.91,1100,17.77
2009-08-05,18.11,18.11,17.94,18.01,6100,17.86
2009-08-04,18.16,18.16,18.07,18.09,1000,17.94
2009-08-03,17.95,18.16,17.95,18.15,4700,18.00
2009-07-31,18.01,18.06,17.92,17.93,4300,17.79
2009-07-30,18.14,18.14,17.95,17.96,7100,17.81
2009-07-29,17.88,17.89,17.83,17.89,15100,17.75
2009-07-28,17.74,17.86,17.74,17.86,800,17.72
2009-07-27,17.77,17.81,17.70,17.81,3600,17.67
2009-07-24,17.75,17.78,17.68,17.78,8800,17.64
2009-07-23,17.60,17.84,17.60,17.80,4400,17.66
2009-07-22,17.31,17.52,17.31,17.47,5700,17.33
2009-07-21,17.31,17.31,17.21,17.27,2600,17.13
2009-07-20,17.21,17.30,17.21,17.30,3200,17.16
2009-07-17,17.20,17.20,17.12,17.13,2600,16.99
2009-07-16,17.04,17.19,17.04,17.18,1500,17.04
2009-07-15,16.91,17.05,16.91,17.05,6600,16.91
2009-07-14,16.68,16.76,16.64,16.76,3600,16.62
2009-07-13,16.39,16.67,16.39,16.67,8100,16.54
2009-07-10,16.42,16.51,16.38,16.41,2000,16.28
2009-07-09,16.46,16.55,16.46,16.55,1000,16.42
2009-07-08,16.47,16.47,16.32,16.45,2900,16.32
2009-07-07,16.67,16.67,16.43,16.43,2500,16.30
2009-07-06,16.51,16.68,15.70,16.68,13200,16.55
2009-07-02,16.73,16.73,16.61,16.61,2600,16.48
2009-07-01,17.02,17.02,17.00,17.00,500,16.86
2009-06-30,17.10,17.12,16.95,17.01,7400,16.87
2009-06-29,16.85,17.07,16.82,17.02,4500,16.88
2009-06-26,16.92,17.00,16.92,17.00,10900,16.86
2009-06-25,16.95,16.97,16.91,16.97,4700,16.83
2009-06-24,16.59,16.62,16.48,16.55,9500,16.42
2009-06-23,16.53,16.53,16.44,16.47,4600,16.34
2009-06-22,16.68,16.68,16.58,16.58,8700,16.45
2009-06-19,16.91,16.99,16.83,16.85,1700,16.71
2009-06-18,16.74,16.81,16.71,16.74,13000,16.60
2009-06-17,16.46,16.74,16.46,16.64,4700,16.51
2009-06-16,16.51,16.51,16.34,16.36,4800,16.23
2009-06-15,16.59,16.59,16.43,16.46,10700,16.33
2009-06-12,16.68,16.77,16.65,16.74,6200,16.60
2009-06-11,16.76,16.85,16.75,16.85,4700,16.71
2009-06-10,16.72,16.73,16.59,16.71,4800,16.58
2009-06-09,16.86,16.88,16.80,16.86,3900,16.72
2009-06-08,16.76,16.86,16.70,16.81,2400,16.67
2009-06-05,17.00,17.00,16.89,16.89,1100,16.75
2009-06-04,16.96,16.96,16.80,16.87,44100,16.73
2009-06-03,16.97,17.01,16.90,16.98,43700,16.84
2009-06-02,16.99,17.09,16.97,17.09,22900,16.95
2009-06-01,16.71,16.84,16.71,16.82,30200,16.68
2009-05-29,16.34,16.50,16.32,16.49,37800,16.36
2009-05-28,16.26,16.38,16.23,16.33,36500,16.20
2009-05-27,16.60,16.66,16.34,16.34,5000,16.21
2009-05-26,16.12,16.64,16.12,16.61,6800,16.48
2009-05-22,16.31,16.35,16.27,16.34,18700,16.21
2009-05-21,16.27,16.31,16.14,16.22,19000,16.09
2009-05-20,16.72,16.72,16.41,16.41,3900,16.28
2009-05-19,16.52,16.59,16.48,16.53,50400,16.40
2009-05-18,16.31,16.48,16.24,16.46,10300,16.33
2009-05-15,16.28,16.36,16.20,16.21,30200,16.08
2009-05-14,16.35,16.39,16.34,16.38,15600,16.25
2009-05-13,16.43,16.47,16.26,16.28,12200,16.15
2009-05-12,16.49,16.61,16.40,16.51,25000,16.38
2009-05-11,16.50,16.69,16.43,16.56,16400,16.43
2009-05-08,16.47,16.64,16.45,16.59,3400,16.46
2009-05-07,16.46,16.53,16.39,16.39,5200,16.26
2009-05-06,16.56,16.56,16.35,16.45,13100,16.32
2009-05-05,16.41,16.52,16.41,16.42,2700,16.29
2009-05-04,16.41,16.48,16.38,16.48,9000,16.35
2009-05-01,16.30,16.31,16.23,16.23,3200,16.10
2009-04-30,16.57,16.72,16.49,16.49,4200,16.36
2009-04-29,16.47,16.64,16.46,16.47,8800,16.34
2009-04-28,16.32,16.63,16.32,16.50,7200,16.37
2009-04-27,16.42,16.52,16.37,16.37,7200,16.24
2009-04-24,16.21,16.39,16.21,16.31,6500,16.18
2009-04-23,16.36,16.36,16.09,16.24,8800,16.11
2009-04-22,16.18,16.57,16.18,16.54,3600,16.41
2009-04-21,16.30,16.42,16.25,16.42,16100,16.29
2009-04-20,16.59,16.59,16.51,16.52,2000,16.39
2009-04-17,16.55,16.71,16.55,16.70,9200,16.57
2009-04-16,16.30,16.63,16.30,16.63,4300,16.50
2009-04-15,16.16,16.30,16.09,16.30,5100,16.17
2009-04-14,16.26,16.37,16.24,16.31,16900,16.18
2009-04-13,16.39,16.51,16.32,16.43,2600,16.30
2009-04-09,16.15,16.38,16.15,16.38,4000,16.25
2009-04-08,16.19,16.19,16.07,16.09,2400,15.96
2009-04-07,15.96,15.99,15.91,15.99,10100,15.86
2009-04-06,16.10,16.11,16.10,16.11,2500,15.98
2009-04-03,16.25,16.31,16.17,16.25,13600,16.12
2009-04-02,16.11,16.51,16.11,16.29,10500,16.16
2009-04-01,15.53,15.84,15.53,15.82,3500,15.69
2009-03-31,15.86,15.86,15.56,15.70,9000,15.57
2009-03-30,15.55,15.55,15.37,15.42,13000,15.30
2009-03-27,15.89,15.94,15.76,15.76,4500,15.63
2009-03-26,15.83,16.09,15.83,16.02,7800,15.89
2009-03-25,15.72,15.82,15.32,15.32,8800,15.20
2009-03-24,15.60,15.64,14.97,15.47,11200,15.35
2009-03-23,15.01,15.67,15.01,15.67,8700,15.54
2009-03-20,15.23,15.23,14.94,14.94,3200,14.82
2009-03-19,15.25,15.32,14.60,15.30,3200,15.18
2009-03-18,14.92,15.25,14.86,15.23,8500,15.11
2009-03-17,14.64,15.03,14.64,14.97,6200,14.85
2009-03-16,13.79,14.74,12.96,14.54,7300,14.42
2009-03-13,14.58,14.62,13.37,14.42,7000,14.30
2009-03-12,14.34,14.59,14.34,14.56,14000,14.44
2009-03-11,14.04,14.14,14.03,14.03,1600,13.92
2009-03-10,13.30,13.99,13.30,13.99,5400,13.88
2009-03-09,13.49,13.89,13.03,13.32,14800,13.21
2009-03-06,13.65,13.68,13.39,13.40,20700,13.29
2009-03-05,14.04,14.04,13.69,13.74,6700,13.63
2009-03-04,14.13,14.30,14.08,14.24,13700,14.12
2009-03-03,14.00,14.01,13.77,13.82,14800,13.71
2009-03-02,14.32,14.32,13.88,13.89,19500,13.78
2009-02-27,14.46,14.80,14.46,14.61,7900,14.49
2009-02-26,14.99,14.99,14.75,14.76,5300,14.64
2009-02-25,14.84,15.15,14.75,15.15,15300,15.03
2009-02-24,14.56,15.03,14.54,14.98,20600,14.86
2009-02-23,15.08,15.08,14.50,14.50,46400,14.38
2009-02-20,14.99,15.19,14.84,15.02,22000,14.90
2009-02-19,15.38,15.38,15.09,15.09,19800,14.97
2009-02-18,15.27,15.38,15.11,15.26,18800,15.14
2009-02-17,15.40,15.45,15.25,15.45,3100,15.33
2009-02-13,15.98,16.02,15.98,16.00,5300,15.87
2009-02-12,15.53,15.91,15.51,15.90,21100,15.77
2009-02-11,15.88,15.88,15.83,15.83,1200,15.70
2009-02-10,16.19,16.24,15.81,15.82,1900,15.69
2009-02-09,16.28,16.42,16.20,16.31,3800,16.18
2009-02-06,16.18,16.45,16.18,16.45,18400,16.32
2009-02-05,15.60,16.13,15.60,16.13,1300,16.00
2009-02-04,15.79,16.00,15.69,15.73,8100,15.60
2009-02-03,15.50,15.84,15.50,15.84,7500,15.71
2009-02-02,15.41,15.63,15.40,15.48,6900,15.35
2009-01-30,15.98,15.98,15.60,15.62,7800,15.49
2009-01-29,16.09,16.12,15.94,15.96,3100,15.83
2009-01-28,16.04,16.29,16.04,16.26,9000,16.13
2009-01-27,15.89,15.89,15.81,15.87,2600,15.74
2009-01-26,15.67,15.96,15.67,15.77,5800,15.64
2009-01-23,15.34,15.72,15.34,15.55,3800,15.42
2009-01-22,15.60,15.82,15.42,15.65,13900,15.52
2009-01-21,15.40,15.68,15.31,15.68,16500,15.55
2009-01-20,15.85,15.85,15.23,15.26,2600,15.14
2009-01-16,16.01,16.01,15.70,15.96,8000,15.83
2009-01-15,15.60,15.71,15.24,15.71,17500,15.58
2009-01-14,15.78,15.78,15.66,15.66,1400,15.53
2009-01-13,16.07,16.19,16.05,16.17,9300,16.04
2009-01-12,16.38,16.38,16.09,16.09,2900,15.96
2009-01-09,16.86,16.86,16.44,16.44,5300,16.31
2009-01-08,16.61,16.69,16.52,16.69,4200,16.56
2009-01-07,16.87,16.88,16.61,16.67,10900,16.54
2009-01-06,17.14,17.25,17.08,17.10,5500,16.96
2009-01-05,16.77,17.21,16.77,16.98,12000,16.84
2009-01-02,16.27,16.85,16.27,16.85,3000,16.71
2008-12-31,15.80,16.29,15.80,16.19,15100,16.06
2008-12-30,15.68,15.76,15.53,15.75,32100,15.62
2008-12-29,15.60,15.66,15.29,15.49,33200,15.36
2008-12-26,15.32,15.55,15.32,15.55,10000,15.42
2008-12-24,15.30,15.46,15.02,15.43,27000,15.31
2008-12-23,15.64,15.75,15.42,15.55,4500,15.29
2008-12-22,16.00,16.00,15.34,15.60,5100,15.34
2008-12-19,16.13,16.25,15.99,15.99,7400,15.72
2008-12-18,16.49,16.49,15.87,15.87,5600,15.60
2008-12-17,16.46,16.62,16.42,16.53,10000,16.25
2008-12-16,16.23,16.24,15.75,16.23,13500,15.96
2008-12-15,15.74,15.90,15.28,15.52,13400,15.26
2008-12-12,15.10,15.70,15.10,15.61,18700,15.35
2008-12-11,15.91,16.28,15.47,15.51,107400,15.25
2008-12-10,15.98,16.17,15.76,16.04,23200,15.77
2008-12-09,15.47,16.01,15.47,15.50,10200,15.24
2008-12-08,15.44,15.84,15.40,15.70,23300,15.43
2008-12-05,14.24,14.82,13.99,14.72,4300,14.47
2008-12-04,15.07,15.25,14.45,14.58,19000,14.33
2008-12-03,14.78,15.22,14.78,15.22,7800,14.96
2008-12-02,14.79,15.01,14.63,14.79,12300,14.54
2008-12-01,15.21,15.21,14.71,14.71,9700,14.46
2008-11-28,16.13,16.17,15.90,15.95,9000,15.68
2008-11-26,15.27,15.96,15.27,15.83,17200,15.56
2008-11-25,15.38,15.46,15.00,15.37,8300,15.11
2008-11-24,14.59,15.42,14.46,15.24,22500,14.98
2008-11-21,13.64,14.13,13.34,14.08,46700,13.84
2008-11-20,14.45,14.54,13.30,13.30,19300,13.08
2008-11-19,15.63,15.72,14.80,14.80,11500,14.55
2008-11-18,15.74,16.03,15.35,15.71,18500,15.44
2008-11-17,15.89,16.28,15.83,16.02,34700,15.75
2008-11-14,16.59,16.90,16.40,16.44,8100,16.16
2008-11-13,15.84,16.96,15.22,16.96,20800,16.67
2008-11-12,16.44,16.44,15.90,15.90,9000,15.63
2008-11-11,16.87,17.20,16.70,17.20,4900,16.91
2008-11-10,17.75,17.90,17.31,17.42,7200,17.13
2008-11-07,17.20,17.50,17.17,17.29,5800,17.00
2008-11-06,17.28,17.28,17.00,17.00,1100,16.71
2008-11-05,18.43,18.58,18.10,18.10,8400,17.79
2008-11-04,18.53,19.06,18.53,18.99,21700,18.67
2008-11-03,18.49,18.50,18.04,18.04,5500,17.74
2008-10-31,17.90,18.75,17.90,18.39,26100,18.08
2008-10-30,17.97,18.19,17.59,18.18,33000,17.87
2008-10-29,16.84,17.95,16.84,17.32,58800,17.03
2008-10-28,16.51,16.59,15.36,16.59,35900,16.31
2008-10-27,16.03,16.40,15.50,15.50,11700,15.24
2008-10-24,14.72,16.52,14.72,16.52,12400,16.24
2008-10-23,17.01,17.10,15.85,16.54,47800,16.26
2008-10-22,17.53,17.53,16.80,16.80,42400,16.52
2008-10-21,18.30,18.93,18.20,18.23,94700,17.92
2008-10-20,17.98,18.80,17.93,18.80,83000,18.48
2008-10-17,17.36,18.79,17.36,17.56,184800,17.26
2008-10-16,16.74,17.39,16.15,17.39,141500,17.10
2008-10-15,18.28,18.28,16.75,16.75,90100,16.47
2008-10-14,19.53,19.61,18.33,18.78,89200,18.46
2008-10-13,17.94,19.10,17.75,19.10,18400,18.78
2008-10-10,16.42,17.33,15.77,16.71,71200,16.43
2008-10-09,18.75,19.30,17.29,17.50,29400,17.20
2008-10-08,18.35,19.24,17.83,18.49,82000,18.18
2008-10-07,20.08,20.10,18.56,18.56,110400,18.25
2008-10-06,20.21,20.21,18.66,19.89,62000,19.55
2008-10-03,21.21,22.04,20.78,20.87,48900,20.52
2008-10-02,22.29,22.29,21.03,21.07,63900,20.71
2008-10-01,22.63,22.97,22.49,22.64,42700,22.26
2008-09-30,22.23,23.08,22.23,23.08,29300,22.69
2008-09-29,22.97,23.40,21.45,22.24,187800,21.86
2008-09-26,23.93,24.14,23.72,24.14,34300,23.73
2008-09-25,24.17,24.75,24.17,24.35,10600,23.94
2008-09-24,23.87,24.42,23.87,24.15,12100,23.74
2008-09-23,24.79,24.97,24.27,24.32,13400,23.91
2008-09-22,24.80,25.53,24.74,24.74,66300,24.32
2008-09-19,27.89,27.93,25.66,25.66,59700,25.23
2008-09-18,24.18,25.55,23.08,25.55,80700,25.12
2008-09-17,24.70,24.92,23.99,24.00,56400,23.59
2008-09-16,24.65,25.49,23.76,25.20,24400,24.77
2008-09-15,24.76,25.67,24.76,24.89,31100,24.47
2008-09-12,25.71,25.94,25.60,25.94,2900,25.50
2008-09-11,24.86,25.71,24.73,25.71,202000,25.28
2008-09-10,24.82,25.34,24.80,25.13,43700,24.71
2008-09-09,25.49,25.60,24.43,24.43,22500,24.02
2008-09-08,26.58,26.59,25.50,25.81,7100,25.37
2008-09-05,25.41,25.83,25.03,25.78,41600,25.34
2008-09-04,26.45,26.45,25.57,25.57,19800,25.14
2008-09-03,26.99,27.04,26.44,26.59,76300,26.14
2008-09-02,27.35,27.79,26.98,27.02,108500,26.56
2008-08-29,27.70,27.76,27.55,27.55,1600,27.08
2008-08-28,27.61,27.86,27.61,27.86,3400,27.39
2008-08-27,27.20,27.48,27.20,27.40,4600,26.94
2008-08-26,27.02,27.10,26.94,27.10,8700,26.64
2008-08-25,27.46,27.57,27.00,27.04,10800,26.58
2008-08-22,27.37,27.64,27.37,27.58,40800,27.11
2008-08-21,27.15,27.42,27.08,27.35,9900,26.89
2008-08-20,27.26,27.27,27.14,27.24,3900,26.78
2008-08-19,27.25,27.34,27.12,27.12,50200,26.66
2008-08-18,27.75,27.75,27.28,27.35,9000,26.89
2008-08-15,27.85,27.85,27.59,27.64,7100,27.17
2008-08-14,27.60,27.84,27.51,27.78,16700,27.31
2008-08-13,28.01,28.01,27.27,27.71,2900,27.24
2008-08-12,27.70,27.71,27.41,27.41,10700,26.95
2008-08-11,28.30,28.30,27.65,27.70,10700,27.23
2008-08-08,27.12,27.84,27.12,27.77,14500,27.30
2008-08-07,27.67,27.67,27.29,27.31,11700,26.85
2008-08-06,27.38,27.77,27.38,27.76,5500,27.29
2008-08-05,27.29,27.55,26.60,27.55,12500,27.08
2008-08-04,27.50,27.50,26.58,26.94,6700,26.49
2008-08-01,28.15,28.15,27.44,27.47,33700,27.01
2008-07-31,28.27,28.39,28.00,28.02,12900,27.55
2008-07-30,28.00,28.44,28.00,28.42,30000,27.94
2008-07-29,27.49,27.89,27.49,27.89,12500,27.42
2008-07-28,27.34,27.61,26.95,27.17,28100,26.71
2008-07-25,27.48,27.59,27.36,27.52,5300,27.06
2008-07-24,27.90,27.92,27.15,27.24,16300,26.78
2008-07-23,28.22,28.32,27.91,27.91,11600,27.44
2008-07-22,27.81,28.01,27.81,28.01,5700,27.54
2008-07-21,27.98,28.01,27.84,28.00,3600,27.53
2008-07-18,27.72,27.87,27.72,27.84,23600,27.37
2008-07-17,27.97,28.06,27.76,27.93,25700,27.46
2008-07-16,27.08,27.81,26.94,27.81,6700,27.34
2008-07-15,26.56,27.50,26.26,27.20,19700,26.74
2008-07-14,27.79,27.83,27.38,27.47,12000,27.01
2008-07-11,27.51,27.72,27.20,27.61,18200,27.14
2008-07-10,27.45,27.77,27.24,27.68,14500,27.21
2008-07-09,27.95,27.98,27.35,27.35,6400,26.89
2008-07-08,27.06,27.63,26.84,27.63,15500,27.16
2008-07-07,27.38,27.70,26.96,27.22,19500,26.76
2008-07-03,27.53,27.53,26.85,27.23,14400,26.77
2008-07-02,28.39,28.39,27.30,27.30,54900,26.84
2008-07-01,27.92,28.32,27.72,28.32,106300,27.84
2008-06-30,28.46,28.53,28.32,28.45,24900,27.97
2008-06-27,28.19,28.59,28.18,28.38,147900,27.90
2008-06-26,29.07,29.07,28.38,28.40,15500,27.92
2008-06-25,29.27,29.54,29.21,29.22,17600,28.73
2008-06-24,29.38,29.42,29.00,29.08,7900,28.59
2008-06-23,29.60,29.63,29.46,29.54,12500,29.04
2008-06-20,29.72,29.72,29.41,29.48,10900,28.98
2008-06-19,29.80,30.12,29.75,30.04,9800,29.53
2008-06-18,29.96,29.96,29.72,29.72,12300,29.22
2008-06-17,30.96,30.96,30.14,30.16,5400,29.65
2008-06-16,29.82,30.19,29.07,30.18,7400,29.67
2008-06-13,29.58,29.87,29.58,29.87,7200,29.37
2008-06-12,29.50,29.70,29.16,29.31,9900,28.82
2008-06-11,29.75,29.89,29.36,29.36,12100,28.86
2008-06-10,29.86,29.88,29.71,29.83,9800,29.33
2008-06-09,30.08,30.16,29.79,30.06,8900,29.55
2008-06-06,30.30,30.39,30.10,30.10,4000,29.59
2008-06-05,30.25,30.72,30.25,30.72,16100,30.20
2008-06-04,29.97,30.23,29.93,29.98,30100,29.47
2008-06-03,30.24,30.41,29.79,30.13,19000,29.62
2008-06-02,30.35,30.43,30.08,30.21,8400,29.70
2008-05-30,30.35,30.51,30.33,30.51,11300,29.99
2008-05-29,30.07,30.36,30.06,30.17,9300,29.66
2008-05-28,29.71,30.12,29.71,30.12,14400,29.61
2008-05-27,29.55,29.69,29.40,29.64,15200,29.14
2008-05-23,29.55,29.55,29.26,29.47,12200,28.97
2008-05-22,29.65,29.90,29.64,29.71,18800,29.21
2008-05-21,30.32,30.32,29.65,29.66,11900,29.16
2008-05-20,30.25,30.25,29.99,30.20,23100,29.69
2008-05-19,30.61,30.86,30.28,30.34,9200,29.83
2008-05-16,30.60,30.75,30.40,30.64,31000,30.12
2008-05-15,30.15,30.52,30.15,30.52,7500,30.00
2008-05-14,30.26,30.50,30.10,30.14,17700,29.63
2008-05-13,30.14,30.17,29.84,30.09,15200,29.58
2008-05-12,29.56,29.95,29.38,29.91,8500,29.41
2008-05-09,29.34,29.62,29.34,29.53,29200,29.03
2008-05-08,29.57,29.84,29.56,29.71,10100,29.21
2008-05-07,30.01,30.09,29.44,29.44,35100,28.94
2008-05-06,29.57,30.06,29.57,29.98,8400,29.47
2008-05-05,29.54,29.75,29.53,29.72,16600,29.22
2008-05-02,29.70,29.80,29.41,29.63,10700,29.13
2008-05-01,29.11,29.51,29.07,29.51,21900,29.01
2008-04-30,29.39,29.55,29.14,29.15,54300,28.66
2008-04-29,29.42,29.42,29.21,29.22,17400,28.73
2008-04-28,29.61,29.68,29.43,29.52,136200,29.02
2008-04-25,29.33,29.69,29.18,29.68,10200,29.18
2008-04-24,29.27,29.44,28.87,29.27,16900,28.78
2008-04-23,29.31,29.48,29.14,29.28,15600,28.79
2008-04-22,29.50,29.55,29.02,29.27,8100,28.78
2008-04-21,29.37,29.69,29.37,29.69,18100,29.19
2008-04-18,29.46,29.71,29.34,29.52,27100,29.02
2008-04-17,28.99,29.15,28.83,29.09,7800,28.60
2008-04-16,28.56,29.15,28.56,29.15,11200,28.66
2008-04-15,28.31,28.36,27.98,28.19,19200,27.71
2008-04-14,28.14,28.30,28.10,28.15,11400,27.67
2008-04-11,28.49,28.49,28.13,28.17,9000,27.69
2008-04-10,28.48,28.86,28.43,28.73,5500,28.25
2008-04-09,28.44,28.76,28.00,28.52,22400,28.04
2008-04-08,28.62,28.81,28.58,28.80,12500,28.31
2008-04-07,28.93,29.18,28.65,28.77,26100,28.28
2008-04-04,28.63,28.94,28.54,28.76,25300,28.27
2008-04-03,26.95,28.69,26.95,28.62,85800,28.14
2008-04-02,28.26,28.59,28.12,28.37,54500,27.89
2008-04-01,27.77,28.40,27.75,28.36,32300,27.88
2008-03-31,27.23,27.49,27.23,27.40,12200,26.94
2008-03-28,27.71,27.75,27.35,27.35,5900,26.89
2008-03-27,28.17,28.17,27.69,27.70,9700,27.23
2008-03-26,27.88,28.23,27.88,28.12,30500,27.65
2008-03-25,27.09,28.40,27.08,28.32,30700,27.84
2008-03-24,26.97,28.13,26.97,27.96,23200,27.49
2008-03-20,26.25,27.19,26.25,27.19,16700,26.73
2008-03-19,27.47,27.84,26.84,26.84,43300,26.39
2008-03-18,26.68,27.53,26.68,27.50,20300,27.04
2008-03-17,26.03,26.81,25.80,26.48,53900,26.03
2008-03-14,27.54,27.61,26.63,26.97,27000,26.51
2008-03-13,26.53,27.58,26.50,27.45,50400,26.99
2008-03-12,27.01,27.47,27.01,27.15,20000,26.69
2008-03-11,26.77,27.20,26.00,27.20,44700,26.74
2008-03-10,26.93,26.98,26.46,26.46,112000,26.01
2008-03-07,27.10,27.45,26.00,26.98,80300,26.52
2008-03-06,27.58,27.99,27.02,27.40,81800,26.94
2008-03-05,27.74,28.18,27.74,27.99,71900,27.52
2008-03-04,27.98,27.98,27.35,27.73,51900,27.26
2008-03-03,28.03,28.08,27.69,27.97,41800,27.50
2008-02-29,28.37,28.41,27.92,28.04,17100,27.57
2008-02-28,28.63,29.00,28.63,28.83,27900,28.34
2008-02-27,28.84,29.19,28.80,28.98,19400,28.49
2008-02-26,28.83,29.20,28.70,29.04,37500,28.55
2008-02-25,28.60,28.90,28.44,28.90,62600,28.41
2008-02-22,28.47,28.60,28.08,28.60,30700,28.12
2008-02-21,28.88,28.88,28.32,28.37,71200,27.89
2008-02-20,28.30,28.80,28.30,28.75,80600,28.26
2008-02-19,28.61,28.90,28.50,28.57,56300,28.09
2008-02-15,28.43,28.56,28.28,28.54,21700,28.06
2008-02-14,29.06,29.08,28.59,28.62,41400,28.14
2008-02-13,28.81,29.14,28.77,29.00,38400,28.51
2008-02-12,28.59,29.05,28.52,28.66,73800,28.18
2008-02-11,28.13,28.55,28.08,28.51,128300,28.03
2008-02-08,27.88,28.34,27.88,28.19,77300,27.71
2008-02-07,27.64,28.25,27.52,27.98,154100,27.51
2008-02-06,28.30,28.54,27.80,27.86,548900,27.39
2008-02-05,28.30,28.65,28.03,28.03,296700,27.56
2008-02-04,28.99,29.29,28.76,28.86,1625000,28.37
2008-02-01,28.89,29.32,28.82,29.32,72700,28.83
2008-01-31,27.78,28.90,27.70,28.60,60000,28.12
2008-01-30,28.41,28.59,28.00,28.05,69400,27.58
2008-01-29,28.66,28.66,28.12,28.32,29900,27.84
2008-01-28,27.56,28.16,27.54,28.09,49600,27.62
2008-01-25,28.86,28.86,27.78,27.92,647200,27.45
2008-01-24,27.73,28.30,27.73,28.15,53300,27.67
2008-01-23,27.06,27.73,26.15,27.65,80200,27.18
2008-01-22,26.15,27.80,22.87,27.56,136600,27.09
2008-01-18,28.23,28.62,27.87,28.11,122500,27.64
2008-01-17,29.18,29.36,28.13,28.30,324300,27.82
2008-01-16,29.44,29.60,28.86,29.16,254600,28.67
2008-01-15,29.94,29.94,29.36,29.48,155000,28.98
2008-01-14,30.12,30.26,29.89,30.21,173800,29.70
2008-01-11,30.38,30.38,29.68,29.85,372200,29.35
2008-01-10,30.18,30.67,29.92,30.41,696600,29.90
2008-01-09,30.19,30.30,29.51,30.30,157700,29.79
2008-01-08,30.94,31.00,29.40,30.02,757300,29.51
2008-01-07,31.13,31.25,30.30,30.65,731000,30.13
2008-01-04,31.81,32.00,30.81,31.25,1176100,30.72
2008-01-03,31.77,32.10,31.77,31.92,21700,31.38
2008-01-02,32.39,32.39,31.70,31.86,62700,31.32
2007-12-31,32.52,32.52,32.23,32.28,41800,31.74
2007-12-28,32.59,32.70,32.44,32.52,51900,31.97
2007-12-27,33.03,33.03,32.47,32.48,133100,31.93
2007-12-26,32.93,32.97,32.53,32.95,96900,32.39
2007-12-24,32.64,33.13,32.64,33.13,23400,32.39
2007-12-21,32.19,32.55,32.12,32.55,87300,31.82
2007-12-20,31.54,31.77,31.41,31.77,35900,31.06
2007-12-19,31.42,31.60,31.25,31.45,61600,30.74
2007-12-18,31.50,31.52,30.93,31.42,69700,30.72
2007-12-17,31.87,31.87,31.09,31.09,33100,30.39
2007-12-14,33.15,33.15,31.91,32.01,42000,31.29
2007-12-13,32.02,32.41,31.96,32.41,77200,31.68
2007-12-12,32.58,33.68,32.09,32.40,165600,31.67
2007-12-11,33.23,33.23,31.95,32.09,69800,31.37
2007-12-10,32.96,33.09,32.90,33.08,79300,32.34
2007-12-07,32.75,32.82,32.63,32.79,38300,32.05
2007-12-06,32.11,32.69,32.11,32.69,317300,31.96
2007-12-05,32.08,32.18,31.94,32.14,35000,31.42
2007-12-04,31.60,31.86,31.60,31.66,299200,30.95
2007-12-03,31.80,32.04,31.80,31.89,24400,31.17
2007-11-30,32.06,32.10,31.60,32.00,36400,31.28
2007-11-29,31.33,31.76,31.33,31.64,20500,30.93
2007-11-28,30.76,31.49,30.76,31.47,47800,30.76
2007-11-27,30.08,30.47,29.96,30.47,15900,29.79
2007-11-26,30.06,30.83,30.06,30.14,23500,29.46
2007-11-23,30.07,30.47,30.04,30.45,11900,29.77
2007-11-21,30.00,30.25,29.80,29.96,25500,29.29
2007-11-20,30.31,30.68,29.95,30.40,30600,29.72
2007-11-19,30.69,30.69,30.05,30.20,16100,29.52
2007-11-16,30.71,30.71,30.32,30.65,8200,29.96
2007-11-15,30.66,30.90,30.31,30.39,20000,29.71
2007-11-14,31.19,31.31,30.81,30.89,44200,30.20
2007-11-13,30.00,30.84,30.00,30.84,18700,30.15
2007-11-12,31.08,31.08,30.00,30.02,59400,29.35
2007-11-09,30.86,31.50,30.86,31.02,11800,30.32
2007-11-08,31.87,32.00,31.11,31.69,27400,30.98
2007-11-07,32.27,32.31,31.66,31.66,22900,30.95
2007-11-06,32.11,32.54,31.97,32.54,11600,31.81
2007-11-05,31.58,31.98,31.53,31.87,21700,31.16
2007-11-02,32.00,32.09,31.60,32.03,27400,31.31
2007-11-01,31.95,32.29,31.86,31.91,25000,31.19
2007-10-31,32.20,32.56,32.04,32.51,47100,31.78
2007-10-30,32.28,32.30,31.87,31.92,46600,31.20
2007-10-29,32.42,32.46,32.24,32.39,24900,31.66
2007-10-26,32.13,32.24,32.00,32.15,12200,31.43
2007-10-25,31.94,32.02,31.62,31.99,137100,31.27
2007-10-24,31.70,31.99,31.32,31.99,15600,31.27
2007-10-23,31.45,31.99,31.30,31.99,40000,31.27
2007-10-22,30.93,31.28,30.80,31.26,85800,30.56
2007-10-19,32.11,32.11,31.30,31.36,18400,30.66
2007-10-18,32.07,32.34,31.92,32.32,16400,31.60
2007-10-17,32.23,32.26,31.77,31.99,18000,31.27
2007-10-16,32.10,32.10,31.89,31.99,16700,31.27
2007-10-15,32.57,32.57,32.04,32.09,30600,31.37
2007-10-12,32.09,32.37,32.09,32.37,28600,31.64
2007-10-11,32.56,32.68,31.73,32.06,53800,31.34
2007-10-10,32.24,32.35,31.98,32.28,16200,31.56
2007-10-09,31.99,32.27,31.85,32.27,15100,31.55
2007-10-08,31.83,31.89,31.71,31.84,31100,31.13
2007-10-05,31.66,31.97,31.59,31.85,15900,31.14
2007-10-04,31.36,31.40,31.16,31.39,29000,30.69
2007-10-03,31.37,31.49,31.24,31.28,20300,30.58
2007-10-02,31.58,31.58,31.38,31.54,92900,30.83
2007-10-01,31.06,31.54,31.06,31.49,19500,30.78
2007-09-28,31.05,31.14,30.87,30.95,14400,30.26
2007-09-27,30.97,31.04,30.89,31.03,25600,30.33
2007-09-26,30.76,30.81,30.64,30.79,11700,30.10
2007-09-25,30.38,30.53,30.33,30.53,4400,29.85
2007-09-24,30.79,30.81,30.50,30.53,19500,29.85
2007-09-21,30.65,30.80,30.61,30.71,20600,30.02
2007-09-20,30.58,30.64,30.38,30.50,22400,29.82
2007-09-19,30.81,30.81,30.43,30.60,36400,29.91
2007-09-18,29.51,30.36,29.51,30.36,16400,29.68
2007-09-17,29.47,29.48,29.24,29.36,14000,28.70
2007-09-14,29.45,29.60,29.45,29.58,9800,28.92
2007-09-13,29.37,29.64,29.35,29.49,25700,28.83
2007-09-12,29.20,29.40,29.20,29.20,5800,28.55
2007-09-11,29.00,29.30,29.00,29.17,3100,28.52
2007-09-10,29.11,29.11,28.57,28.86,12800,28.21
2007-09-07,29.20,29.29,29.00,29.10,21100,28.45
2007-09-06,29.69,29.79,29.46,29.64,10900,28.98
2007-09-05,29.75,29.75,29.44,29.56,25700,28.90
2007-09-04,29.55,30.08,29.50,29.94,33000,29.27
2007-08-31,29.37,29.69,29.37,29.61,35500,28.95
2007-08-30,29.04,29.26,28.85,29.00,52200,28.35
2007-08-29,28.78,29.22,28.60,29.20,21700,28.55
2007-08-28,29.05,29.05,28.66,28.69,4900,28.05
2007-08-27,29.39,29.45,29.28,29.31,8900,28.65
2007-08-24,29.03,29.45,29.03,29.45,15400,28.79
2007-08-23,29.20,29.20,28.80,28.92,12300,28.27
2007-08-22,28.87,29.02,28.74,28.94,9200,28.29
2007-08-21,28.14,28.40,28.14,28.20,13600,27.57
2007-08-20,28.03,28.35,27.93,28.23,17400,27.60
2007-08-17,28.28,28.28,27.51,27.85,33900,27.23
2007-08-16,27.02,27.33,26.16,27.18,146100,26.57
2007-08-15,27.87,28.24,27.33,27.34,146700,26.73
2007-08-14,28.85,28.85,28.06,28.06,12500,27.43
2007-08-13,28.88,29.13,28.75,28.79,9800,28.14
2007-08-10,28.06,28.62,27.75,28.59,42600,27.95
2007-08-09,28.86,29.02,28.42,28.42,56400,27.78
2007-08-08,29.28,29.70,29.08,29.37,46400,28.71
2007-08-07,28.65,29.26,28.65,29.19,11900,28.54
2007-08-06,28.22,28.87,28.03,28.87,79800,28.22
2007-08-03,29.19,29.27,28.50,28.50,28200,27.86
2007-08-02,29.44,29.49,29.14,29.43,14000,28.77
2007-08-01,29.40,29.40,28.68,29.10,63300,28.45
2007-07-31,30.21,30.21,29.38,29.38,28100,28.72
2007-07-30,29.30,29.87,29.30,29.81,12100,29.14
2007-07-27,29.55,29.82,29.24,29.32,20400,28.66
2007-07-26,30.01,30.08,29.19,29.49,74400,28.83
2007-07-25,30.60,30.69,30.00,30.35,22700,29.67
2007-07-24,30.74,30.78,30.16,30.23,21900,29.55
2007-07-23,31.14,31.18,30.98,31.02,16600,30.32
2007-07-20,31.13,31.13,30.71,30.82,81800,30.13
2007-07-19,31.35,31.35,31.15,31.25,19700,30.55
2007-07-18,31.13,31.14,30.87,31.14,11000,30.44
2007-07-17,31.25,31.25,30.95,30.95,15600,30.26
2007-07-16,31.15,31.29,31.03,31.11,21400,30.41
2007-07-13,31.00,31.19,30.94,31.16,114200,30.46
2007-07-12,30.79,31.07,30.78,31.06,23500,30.36
2007-07-11,30.38,30.54,30.29,30.54,26500,29.86
2007-07-10,30.49,30.56,30.22,30.26,18200,29.58
2007-07-09,30.75,30.82,30.65,30.70,25900,30.01
2007-07-06,30.50,30.73,30.50,30.67,15100,29.98
2007-07-05,30.32,30.46,30.27,30.42,27900,29.74
2007-07-03,30.40,30.51,30.38,30.39,27300,29.71
2007-07-02,30.07,30.36,30.07,30.33,14600,29.65
2007-06-29,30.03,30.25,29.76,29.94,18700,29.27
2007-06-28,30.57,30.57,30.02,30.05,15200,29.38
2007-06-27,29.52,30.01,29.48,30.01,22200,29.34
2007-06-26,29.95,29.95,29.53,29.53,43000,28.87
2007-06-25,30.15,30.26,29.76,29.86,22300,29.19
2007-06-22,30.29,30.42,30.03,30.14,16200,29.46
2007-06-21,30.29,30.47,30.07,30.44,27000,29.76
2007-06-20,30.82,30.82,30.27,30.32,35100,29.64
2007-06-19,30.64,30.71,30.52,30.71,13900,30.02
2007-06-18,30.80,30.80,30.53,30.53,20200,29.85
2007-06-15,30.77,30.82,30.61,30.68,25600,29.99
2007-06-14,30.49,30.53,30.39,30.43,21900,29.75
2007-06-13,29.97,30.30,29.97,30.30,9800,29.62
2007-06-12,30.10,30.20,29.90,29.90,16800,29.23
2007-06-11,30.16,30.35,30.08,30.23,24800,29.55
2007-06-08,29.79,30.20,29.76,30.17,27200,29.49
2007-06-07,30.62,30.62,29.96,29.98,37800,29.31
2007-06-06,30.82,30.82,30.59,30.66,27300,29.97
2007-06-05,31.11,31.11,30.88,30.98,21200,30.29
2007-06-04,31.00,31.18,31.00,31.18,42700,30.48
2007-06-01,31.10,31.14,31.02,31.08,50600,30.38
2007-05-31,31.04,31.09,30.90,30.96,18400,30.27
2007-05-30,30.50,30.89,30.50,30.89,9600,30.20
2007-05-29,30.60,30.66,30.47,30.51,24400,29.83
2007-05-25,30.37,30.44,30.27,30.40,31000,29.72
2007-05-24,30.52,30.71,30.21,30.31,37100,29.63
2007-05-23,30.88,30.95,30.60,30.60,24600,29.91
2007-05-22,30.71,30.76,30.58,30.68,33600,29.99
2007-05-21,30.50,30.71,30.47,30.58,200200,29.89
2007-05-18,30.52,30.55,30.39,30.49,8200,29.81
2007-05-17,30.44,30.47,30.34,30.37,10800,29.69
2007-05-16,30.50,30.50,30.29,30.47,17800,29.79
2007-05-15,30.64,30.64,30.28,30.28,11000,29.60
2007-05-14,30.70,30.70,30.37,30.42,8000,29.74
2007-05-11,30.42,30.55,30.33,30.55,9000,29.86
2007-05-10,30.51,30.64,30.23,30.33,6800,29.65
2007-05-09,30.40,30.72,30.40,30.68,12200,29.99
2007-05-08,30.38,30.48,30.31,30.48,8800,29.80
2007-05-07,30.61,30.69,30.37,30.52,37200,29.84
2007-05-04,30.39,30.58,30.39,30.50,19100,29.82
2007-05-03,30.42,30.46,30.32,30.40,17600,29.72
2007-05-02,30.10,30.37,30.10,30.30,13700,29.62
2007-05-01,29.99,30.00,29.74,29.95,28700,29.28
2007-04-30,30.43,30.44,30.03,30.04,21300,29.37
2007-04-27,30.51,30.51,30.25,30.43,45500,29.75
2007-04-26,30.67,30.67,30.48,30.53,27100,29.85
2007-04-25,30.47,30.59,30.28,30.58,16800,29.89
2007-04-24,30.48,30.48,30.15,30.31,33700,29.63
2007-04-23,30.36,30.56,30.36,30.41,38400,29.73
2007-04-20,30.45,30.45,30.28,30.38,27500,29.70
2007-04-19,30.13,30.24,30.02,30.21,43900,29.53
2007-04-18,30.17,30.28,30.08,30.20,120400,29.52
2007-04-17,30.12,30.23,30.06,30.21,25300,29.53
2007-04-16,30.11,30.25,29.75,30.04,27600,29.37
2007-04-13,29.84,29.86,29.75,29.85,12200,29.18
2007-04-12,29.46,29.75,29.40,29.74,13800,29.07
2007-04-11,29.80,29.80,29.51,29.61,21400,28.95
2007-04-10,29.83,29.93,29.76,29.83,36000,29.16
2007-04-09,29.85,29.85,29.70,29.81,76900,29.14
2007-04-05,29.63,29.75,29.55,29.74,67200,29.07
2007-04-04,29.64,29.66,29.53,29.62,20700,28.96
2007-04-03,29.52,29.68,29.45,29.63,21600,28.97
2007-04-02,29.13,29.32,29.04,29.30,8200,28.64
2007-03-30,29.25,29.25,28.94,29.13,14400,28.48
2007-03-29,29.19,29.24,28.96,29.16,10600,28.51
2007-03-28,29.05,29.15,28.85,28.99,25300,28.34
2007-03-27,29.35,29.35,29.18,29.25,12400,28.59
2007-03-26,29.50,29.50,29.09,29.43,138600,28.77
2007-03-23,29.47,29.50,29.38,29.45,24600,28.79
2007-03-22,29.45,29.45,29.26,29.34,21000,28.68
2007-03-21,28.90,29.41,28.84,29.35,47400,28.69
2007-03-20,28.66,28.88,28.60,28.83,33300,28.18
2007-03-19,28.56,28.67,28.40,28.66,14300,28.02
2007-03-16,28.44,28.44,28.13,28.23,14100,27.60
2007-03-15,28.12,28.42,28.12,28.30,17600,27.67
2007-03-14,28.02,28.14,27.58,28.03,19800,27.40
2007-03-13,28.60,28.69,27.89,27.92,48400,27.29
2007-03-12,28.62,28.77,28.55,28.71,18000,28.07
2007-03-09,28.74,28.78,28.43,28.60,34600,27.96
2007-03-08,28.54,28.65,28.42,28.48,37600,27.84
2007-03-07,28.10,28.32,28.06,28.08,34100,27.45
2007-03-06,27.80,28.16,27.75,28.03,31600,27.40
2007-03-05,27.59,27.84,27.50,27.50,50400,26.88
2007-03-02,28.23,28.38,27.97,28.00,24700,27.37
2007-03-01,27.82,28.57,27.00,28.38,170300,27.74
2007-02-28,28.40,28.74,28.22,28.57,45800,27.93
2007-02-27,28.96,29.07,28.22,28.29,93200,27.66
2007-02-26,29.85,29.86,29.39,29.60,42200,28.94
2007-02-23,29.88,29.88,29.72,29.76,37400,29.09
2007-02-22,30.05,30.05,29.78,29.88,21600,29.21
2007-02-21,29.83,29.98,29.77,29.97,43700,29.30
2007-02-20,29.67,29.93,29.55,29.89,32400,29.22
2007-02-16,29.72,29.75,29.61,29.75,47500,29.08
2007-02-15,29.68,29.73,29.58,29.71,64100,29.04
2007-02-14,29.43,29.68,29.41,29.61,56400,28.95
2007-02-13,29.23,29.37,29.14,29.37,76700,28.71
2007-02-12,29.10,29.10,28.93,29.03,21400,28.38
2007-02-09,29.55,29.55,28.95,29.14,46100,28.49
2007-02-08,29.40,29.47,29.29,29.39,28900,28.73
2007-02-07,29.37,29.50,29.32,29.43,72600,28.77
2007-02-06,29.24,29.33,29.16,29.33,42300,28.67
2007-02-05,29.15,29.20,29.10,29.14,32700,28.49
2007-02-02,29.12,29.20,29.04,29.18,45800,28.53
2007-02-01,28.98,29.15,28.93,29.15,31200,28.50
2007-01-31,28.58,28.92,28.55,28.89,29900,28.24
2007-01-30,28.38,28.62,28.38,28.62,10300,27.98
2007-01-29,28.47,28.54,28.33,28.39,15000,27.75
2007-01-26,28.50,28.50,28.25,28.41,26300,27.77
2007-01-25,28.70,28.74,28.38,28.41,19700,27.77
2007-01-24,28.44,28.73,28.39,28.73,15300,28.09
2007-01-23,28.24,28.48,28.24,28.44,25100,27.80
2007-01-22,28.37,28.37,28.05,28.17,11500,27.54
2007-01-19,28.08,28.32,28.05,28.32,10700,27.68
2007-01-18,28.26,28.31,28.05,28.08,24500,27.45
2007-01-17,28.05,28.28,28.05,28.18,22400,27.55
2007-01-16,28.21,28.21,28.10,28.16,27000,27.53
2007-01-12,27.86,28.12,27.86,28.12,16500,27.49
2007-01-11,27.54,27.93,27.54,27.84,19700,27.22
2007-01-10,27.26,27.58,27.25,27.54,26000,26.92
2007-01-09,27.39,27.45,27.18,27.39,24200,26.78
2007-01-08,27.30,27.41,27.20,27.39,19500,26.78
2007-01-05,27.38,27.38,27.16,27.23,26800,26.62
2007-01-04,27.43,27.46,27.31,27.45,43500,26.83
2007-01-03,27.82,27.85,27.40,27.61,63200,26.99
2006-12-29,27.83,27.87,27.70,27.73,17400,27.11
2006-12-28,27.92,27.95,27.81,27.88,23800,27.25
2006-12-27,27.73,27.93,27.65,27.93,49300,27.30
2006-12-26,27.55,27.65,27.55,27.65,12500,27.03
2006-12-22,27.74,27.74,27.52,27.59,37000,26.97
2006-12-21,27.85,27.92,27.62,27.67,50400,27.01
2006-12-20,28.03,28.03,27.85,27.85,16100,27.19
2006-12-19,27.70,27.97,27.61,27.94,15000,27.28
2006-12-18,28.08,28.18,27.83,27.85,32200,27.19
2006-12-15,28.32,28.32,28.08,28.08,27300,27.41
2006-12-14,28.00,28.20,28.00,28.20,26400,27.53
2006-12-13,28.00,28.00,27.88,27.90,10400,27.24
2006-12-12,28.02,28.02,27.75,27.85,50400,27.19
2006-12-11,28.02,28.05,27.94,27.99,35800,27.33
2006-12-08,27.94,28.08,27.91,27.96,24800,27.30
2006-12-07,28.18,28.18,27.90,27.90,27500,27.24
2006-12-06,28.06,28.13,28.01,28.05,103300,27.38
2006-12-05,28.05,28.08,27.93,28.06,55100,27.39
2006-12-04,27.64,27.92,27.59,27.90,124400,27.24
2006-12-01,27.70,27.70,27.28,27.51,65900,26.86
2006-11-30,27.63,27.73,27.44,27.71,66600,27.05
2006-11-29,27.35,27.62,27.35,27.58,15000,26.93
2006-11-28,27.03,27.20,27.00,27.17,18200,26.53
2006-11-27,27.70,27.70,27.14,27.14,20000,26.50
2006-11-24,27.62,27.76,27.60,27.72,6100,27.06
2006-11-22,27.78,27.78,27.60,27.68,14300,27.02
2006-11-21,27.42,27.61,27.42,27.61,13900,26.95
2006-11-20,27.43,27.49,27.34,27.36,11700,26.71
2006-11-17,27.15,27.15,26.96,27.08,13400,26.44
2006-11-16,27.19,27.29,27.10,27.11,22900,26.47
2006-11-15,27.04,27.28,27.04,27.20,38400,26.55
2006-11-14,26.95,27.04,26.79,27.04,16600,26.40
2006-11-13,26.71,26.86,26.71,26.84,7600,26.20
2006-11-10,26.70,26.76,26.68,26.71,6400,26.08
2006-11-09,26.76,26.93,26.72,26.72,4700,26.09
2006-11-08,26.44,26.76,26.42,26.74,3700,26.11
2006-11-07,26.61,26.67,26.55,26.55,7000,25.92
2006-11-06,26.28,26.62,26.26,26.57,59000,25.94
2006-11-03,26.22,26.29,26.04,26.13,25000,25.51
2006-11-02,26.04,26.15,26.04,26.08,6200,25.46
2006-11-01,26.56,26.56,26.14,26.14,12700,25.52
2006-10-31,26.50,26.60,26.35,26.51,22200,25.88
2006-10-30,26.49,26.60,26.43,26.55,12900,25.92
2006-10-27,26.75,26.82,26.55,26.56,18000,25.93
2006-10-26,26.75,26.80,26.60,26.76,8200,26.12
2006-10-25,26.66,26.67,26.55,26.64,60300,26.01
2006-10-24,26.40,26.60,26.40,26.60,3800,25.97
2006-10-23,26.16,26.43,26.16,26.43,4700,25.80
2006-10-20,26.31,26.31,26.19,26.19,10900,25.57
2006-10-19,26.30,26.39,26.25,26.39,5000,25.76
2006-10-18,26.54,26.54,26.23,26.28,8600,25.66
2006-10-17,26.44,26.44,26.17,26.33,12900,25.71
2006-10-16,26.33,26.44,26.27,26.44,38500,25.81
2006-10-13,26.12,26.30,26.12,26.22,24500,25.60
2006-10-12,25.86,26.08,25.85,26.08,11500,25.46
2006-10-11,25.75,25.77,25.58,25.69,20600,25.08
2006-10-10,25.75,25.85,25.73,25.84,6500,25.23
2006-10-09,25.51,25.75,25.50,25.70,10500,25.09
2006-10-06,25.46,25.54,25.40,25.51,7700,24.90
2006-10-05,25.44,25.61,25.43,25.61,5300,25.00
2006-10-04,25.08,25.34,25.05,25.33,14700,24.73
2006-10-03,24.99,25.13,24.96,25.09,2200,24.49
2006-10-02,25.17,25.24,25.08,25.08,34400,24.48
2006-09-29,25.30,25.30,25.26,25.27,8200,24.67
2006-09-28,25.28,25.33,25.23,25.33,18700,24.73
2006-09-27,25.25,25.31,25.22,25.22,5100,24.62
2006-09-26,24.92,25.19,24.92,25.18,43400,24.58
2006-09-25,24.65,24.80,24.57,24.80,41200,24.21
2006-09-22,24.80,24.80,24.73,24.73,500,24.14
2006-09-21,25.10,25.10,24.80,24.83,5400,24.24